start_time,trip_count
2019-10-01T01:49:01.000Z,1
2019-10-01T05:53:12.000Z,1
2019-10-01T06:45:02.000Z,1
2019-10-01T06:45:13.000Z,2
2019-10-01T06:47:19.000Z,1
2019-10-01T06:53:20.000Z,1
2019-10-01T07:00:00.000Z,1
2019-10-01T07:05:12.000Z,1
2019-10-01T07:05:36.000Z,1
2019-10-01T07:20:02.000Z,1
2019-10-01T07:26:51.000Z,3
2019-10-01T07:27:23.000Z,1
2019-10-01T07:47:16.000Z,1
2019-10-01T07:54:16.000Z,2
2019-10-01T07:57:53.000Z,1
2019-10-01T08:05:49.000Z,1
2019-10-01T09:21:20.000Z,1
2019-10-01T10:13:50.000Z,1
2019-10-01T11:05:40.000Z,1
2019-10-01T11:34:31.000Z,1
2019-10-01T14:09:33.000Z,1
2019-10-01T15:45:35.000Z,1
2019-10-01T17:56:29.000Z,1
2019-10-01T07:54:20.000Z,1
2019-10-01T08:08:07.000Z,1
2019-10-01T08:25:09.000Z,1
2019-10-01T09:13:33.000Z,1
2019-10-01T09:30:19.000Z,1
2019-10-01T09:31:45.000Z,1
2019-10-01T10:11:24.000Z,1
2019-10-01T10:43:06.000Z,1
2019-10-01T11:00:42.000Z,1
2019-10-01T11:11:37.000Z,1
2019-10-01T11:56:32.000Z,1
2019-10-01T12:00:24.000Z,1
2019-10-01T12:00:59.000Z,1
2019-10-01T12:31:35.000Z,1
2019-10-01T13:06:43.000Z,1
2019-10-01T13:32:14.000Z,1
2019-10-01T13:32:28.000Z,1
2019-10-01T14:15:48.000Z,1
2019-10-01T14:15:58.000Z,2
2019-10-01T14:34:16.000Z,2
2019-10-01T14:47:26.000Z,1
2019-10-01T15:12:23.000Z,1
2019-10-01T15:53:39.000Z,1
2019-10-01T16:09:20.000Z,1
2019-10-01T16:09:44.000Z,1
2019-10-01T16:18:58.000Z,1
2019-10-01T16:22:19.000Z,2
2019-10-01T16:30:16.000Z,1
2019-10-01T16:34:39.000Z,1
2019-10-01T16:34:57.000Z,1
2019-10-01T16:40:50.000Z,3
2019-10-01T17:01:05.000Z,2
2019-10-01T17:12:07.000Z,1
2019-10-01T17:29:06.000Z,1
2019-10-01T17:34:38.000Z,1
2019-10-01T17:42:57.000Z,1
2019-10-01T17:49:10.000Z,3
2019-10-01T17:54:06.000Z,1
2019-10-01T18:05:51.000Z,2
2019-10-01T18:12:09.000Z,1
2019-10-01T18:23:12.000Z,1
2019-10-01T18:27:00.000Z,1
2019-10-01T18:28:13.000Z,2
2019-10-01T18:44:01.000Z,1
2019-10-01T19:01:28.000Z,1
2019-10-01T19:10:22.000Z,1
2019-10-01T19:18:10.000Z,1
2019-10-01T19:53:40.000Z,1
2019-10-01T19:54:43.000Z,1
2019-10-01T20:36:54.000Z,1
2019-10-01T20:49:48.000Z,1
2019-10-01T21:11:03.000Z,1
2019-10-01T22:08:00.000Z,1
2019-10-01T22:08:14.000Z,1
2019-10-02T06:38:17.000Z,1
2019-10-02T06:39:05.000Z,1
2019-10-02T07:29:31.000Z,1
2019-10-02T08:13:41.000Z,1
2019-10-02T08:23:58.000Z,1
2019-10-02T08:26:42.000Z,1
2019-10-02T08:32:31.000Z,1
2019-10-02T08:49:50.000Z,2
2019-10-02T09:06:05.000Z,1
2019-10-02T11:39:15.000Z,1
2019-10-02T11:42:03.000Z,1
2019-10-02T12:07:05.000Z,1
2019-10-02T12:46:28.000Z,1
2019-10-02T13:24:23.000Z,1
2019-10-02T14:44:58.000Z,1
2019-10-02T15:19:57.000Z,1
2019-10-02T15:23:00.000Z,1
2019-10-02T15:30:42.000Z,1
2019-10-02T16:02:37.000Z,1
2019-10-02T16:04:25.000Z,1
2019-10-02T16:05:21.000Z,2
2019-10-02T16:27:39.000Z,1
2019-10-02T16:34:27.000Z,1
2019-10-02T16:52:42.000Z,1
2019-10-02T16:59:13.000Z,3
2019-10-02T17:05:02.000Z,1
2019-10-02T17:10:54.000Z,1
2019-10-02T17:12:00.000Z,2
2019-10-02T17:19:00.000Z,1
2019-10-02T17:19:16.000Z,1
2019-10-02T18:13:48.000Z,1
2019-10-02T18:48:13.000Z,1
2019-10-02T19:00:50.000Z,1
2019-10-02T19:15:55.000Z,1
2019-10-02T19:37:07.000Z,1
2019-10-02T19:39:56.000Z,1
2019-10-02T19:47:51.000Z,1
2019-10-02T19:59:22.000Z,1
2019-10-02T20:16:16.000Z,1
2019-10-02T20:27:51.000Z,1
2019-10-02T21:20:48.000Z,1
2019-10-02T21:35:34.000Z,1
2019-10-02T21:52:52.000Z,1
2019-10-02T22:10:13.000Z,1
2019-10-03T00:49:02.000Z,1
2019-10-03T05:29:17.000Z,1
2019-10-03T06:13:22.000Z,1
2019-10-03T06:43:44.000Z,1
2019-10-03T06:51:56.000Z,1
2019-10-03T07:14:08.000Z,2
2019-10-03T07:23:24.000Z,1
2019-10-03T07:28:47.000Z,1
2019-10-03T07:44:40.000Z,1
2019-10-03T07:52:28.000Z,1
2019-10-03T08:04:31.000Z,1
2019-10-03T08:11:11.000Z,1
2019-10-03T08:13:27.000Z,1
2019-10-03T08:52:17.000Z,1
2019-10-03T09:22:34.000Z,1
2019-10-03T09:32:58.000Z,1
2019-10-03T09:33:31.000Z,1
2019-10-03T11:15:26.000Z,1
2019-10-03T11:20:23.000Z,1
2019-10-03T11:41:06.000Z,1
2019-10-03T11:55:28.000Z,1
2019-10-03T12:08:08.000Z,1
2019-10-03T12:54:01.000Z,1
2019-10-03T13:31:23.000Z,1
2019-10-03T14:17:59.000Z,1
2019-10-03T14:21:20.000Z,2
2019-10-03T14:54:32.000Z,1
2019-10-03T15:03:36.000Z,1
2019-10-03T15:06:30.000Z,1
2019-10-03T15:24:41.000Z,1
2019-10-03T15:31:15.000Z,1
2019-10-03T15:34:51.000Z,1
2019-10-03T15:37:14.000Z,1
2019-10-03T15:59:44.000Z,1
2019-10-03T16:05:45.000Z,4
2019-10-03T16:08:32.000Z,1
2019-10-03T16:09:06.000Z,1
2019-10-03T16:58:01.000Z,1
2019-10-03T17:13:48.000Z,1
2019-10-03T17:28:43.000Z,1
2019-10-03T17:45:03.000Z,1
2019-10-03T17:52:46.000Z,2
2019-10-03T17:59:07.000Z,1
2019-10-03T18:03:30.000Z,1
2019-10-03T18:20:11.000Z,1
2019-10-03T18:28:04.000Z,2
2019-10-03T18:33:41.000Z,1
2019-10-03T18:45:33.000Z,1
2019-10-03T18:50:58.000Z,1
2019-10-03T18:51:47.000Z,1
2019-10-03T18:53:46.000Z,2
2019-10-03T18:57:49.000Z,1
2019-10-03T19:33:14.000Z,1
2019-10-03T19:55:36.000Z,1
2019-10-03T20:26:36.000Z,1
2019-10-03T21:22:04.000Z,1
2019-10-03T21:28:56.000Z,1
2019-10-03T21:39:00.000Z,1
2019-10-03T21:48:10.000Z,1
2019-10-03T23:17:40.000Z,1
2019-10-04T00:47:37.000Z,1
2019-10-04T05:04:58.000Z,1
2019-10-04T06:24:41.000Z,1
2019-10-04T06:43:06.000Z,1
2019-10-04T06:56:20.000Z,2
2019-10-04T07:22:34.000Z,1
2019-10-04T07:31:52.000Z,1
2019-10-04T07:56:21.000Z,1
2019-10-04T07:57:30.000Z,1
2019-10-04T08:00:17.000Z,1
2019-10-04T08:08:13.000Z,1
2019-10-04T08:13:11.000Z,1
2019-10-04T08:16:03.000Z,1
2019-10-04T08:19:57.000Z,1
2019-10-04T08:27:05.000Z,1
2019-10-04T08:36:07.000Z,1
2019-10-04T08:57:09.000Z,2
2019-10-04T09:00:43.000Z,1
2019-10-04T09:11:38.000Z,1
2019-10-04T09:21:41.000Z,1
2019-10-04T09:28:02.000Z,1
2019-10-04T10:03:29.000Z,1
2019-10-04T10:55:10.000Z,1
2019-10-04T11:12:26.000Z,1
2019-10-04T11:14:51.000Z,1
2019-10-04T11:31:30.000Z,1
2019-10-04T11:40:43.000Z,1
2019-10-04T11:51:53.000Z,1
2019-10-04T12:25:56.000Z,1
2019-10-04T12:30:10.000Z,1
2019-10-04T12:56:27.000Z,1
2019-10-04T13:11:06.000Z,1
2019-10-04T13:27:33.000Z,1
2019-10-04T13:33:43.000Z,2
2019-10-04T14:01:03.000Z,1
2019-10-04T14:17:16.000Z,1
2019-10-04T14:53:18.000Z,1
2019-10-04T14:59:24.000Z,1
2019-10-04T15:14:16.000Z,1
2019-10-04T15:15:32.000Z,1
2019-10-04T15:20:33.000Z,1
2019-10-04T15:42:25.000Z,1
2019-10-04T15:42:29.000Z,1
2019-10-04T15:49:32.000Z,1
2019-10-04T16:01:58.000Z,1
2019-10-04T16:11:13.000Z,1
2019-10-04T16:12:07.000Z,1
2019-10-04T16:15:12.000Z,1
2019-10-04T16:38:06.000Z,1
2019-10-04T16:46:04.000Z,2
2019-10-04T16:47:49.000Z,1
2019-10-04T16:49:37.000Z,1
2019-10-04T16:55:00.000Z,2
2019-10-04T16:58:29.000Z,1
2019-10-04T17:18:06.000Z,1
2019-10-04T17:19:02.000Z,1
2019-10-04T17:19:57.000Z,3
2019-10-04T17:20:21.000Z,1
2019-10-04T17:25:33.000Z,1
2019-10-04T17:27:32.000Z,1
2019-10-04T17:29:38.000Z,1
2019-10-04T17:31:03.000Z,1
2019-10-04T17:40:53.000Z,1
2019-10-04T18:07:47.000Z,1
2019-10-04T18:24:27.000Z,1
2019-10-04T18:27:14.000Z,1
2019-10-04T18:40:10.000Z,1
2019-10-04T19:42:50.000Z,1
2019-10-04T19:54:11.000Z,1
2019-10-04T19:56:06.000Z,1
2019-10-04T19:58:23.000Z,1
2019-10-04T20:05:47.000Z,1
2019-10-04T20:30:17.000Z,1
2019-10-04T23:05:27.000Z,1
2019-10-05T02:19:52.000Z,1
2019-10-05T07:26:49.000Z,1
2019-10-05T09:50:40.000Z,1
2019-10-05T10:12:19.000Z,1
2019-10-05T10:37:11.000Z,1
2019-10-05T10:45:47.000Z,1
2019-10-01T06:34:13.000Z,1
2019-10-01T07:04:36.000Z,2
2019-10-01T07:17:28.000Z,2
2019-10-01T07:17:43.000Z,1
2019-10-01T07:19:17.000Z,1
2019-10-01T07:35:31.000Z,2
2019-10-01T07:43:34.000Z,1
2019-10-01T07:53:02.000Z,1
2019-10-01T07:55:10.000Z,2
2019-10-01T07:58:32.000Z,1
2019-10-01T08:09:00.000Z,2
2019-10-01T08:20:35.000Z,2
2019-10-01T08:40:04.000Z,1
2019-10-01T08:41:15.000Z,1
2019-10-01T09:05:53.000Z,1
2019-10-01T10:25:21.000Z,1
2019-10-01T14:30:08.000Z,1
2019-10-01T14:41:15.000Z,1
2019-10-01T07:56:42.000Z,1
2019-10-01T08:12:25.000Z,1
2019-10-01T08:16:27.000Z,1
2019-10-01T08:25:29.000Z,1
2019-10-01T08:34:34.000Z,1
2019-10-01T09:12:40.000Z,1
2019-10-01T09:43:50.000Z,2
2019-10-01T09:55:30.000Z,1
2019-10-01T11:06:26.000Z,1
2019-10-01T11:23:43.000Z,1
2019-10-01T11:50:58.000Z,1
2019-10-01T13:11:48.000Z,1
2019-10-01T13:31:18.000Z,1
2019-10-01T14:11:46.000Z,1
2019-10-01T15:08:22.000Z,1
2019-10-01T15:11:52.000Z,1
2019-10-01T16:29:58.000Z,1
2019-10-01T16:33:54.000Z,1
2019-10-01T16:44:44.000Z,1
2019-10-01T17:01:27.000Z,2
2019-10-01T17:05:55.000Z,1
2019-10-01T17:07:34.000Z,1
2019-10-01T17:09:39.000Z,1
2019-10-01T17:15:07.000Z,3
2019-10-01T17:22:31.000Z,2
2019-10-01T17:32:46.000Z,1
2019-10-01T17:35:57.000Z,2
2019-10-01T17:35:59.000Z,1
2019-10-01T17:37:33.000Z,1
2019-10-01T17:41:05.000Z,1
2019-10-01T17:49:21.000Z,1
2019-10-01T17:49:51.000Z,2
2019-10-01T17:57:50.000Z,1
2019-10-01T18:10:05.000Z,1
2019-10-01T18:11:16.000Z,1
2019-10-01T18:34:34.000Z,1
2019-10-01T18:35:22.000Z,1
2019-10-01T18:40:45.000Z,1
2019-10-01T18:58:26.000Z,1
2019-10-01T19:01:09.000Z,1
2019-10-01T19:19:27.000Z,1
2019-10-01T19:24:35.000Z,1
2019-10-01T19:35:58.000Z,1
2019-10-01T19:51:16.000Z,1
2019-10-01T19:55:53.000Z,1
2019-10-01T20:01:15.000Z,2
2019-10-01T20:32:13.000Z,1
2019-10-01T20:55:06.000Z,1
2019-10-01T21:02:18.000Z,2
2019-10-01T21:02:38.000Z,1
2019-10-01T21:13:49.000Z,1
2019-10-01T21:17:29.000Z,1
2019-10-01T22:21:53.000Z,1
2019-10-01T22:58:21.000Z,1
2019-10-02T02:17:32.000Z,1
2019-10-02T06:38:37.000Z,2
2019-10-02T06:56:11.000Z,1
2019-10-02T07:04:13.000Z,1
2019-10-02T07:38:54.000Z,1
2019-10-02T07:39:30.000Z,1
2019-10-02T08:04:49.000Z,1
2019-10-02T08:09:03.000Z,1
2019-10-02T08:28:52.000Z,1
2019-10-02T08:59:56.000Z,1
2019-10-02T09:16:18.000Z,1
2019-10-02T10:47:43.000Z,1
2019-10-02T12:04:36.000Z,1
2019-10-02T12:21:19.000Z,1
2019-10-02T12:52:54.000Z,1
2019-10-02T12:53:10.000Z,1
2019-10-02T13:01:29.000Z,1
2019-10-02T13:22:28.000Z,1
2019-10-02T13:28:52.000Z,1
2019-10-02T13:47:46.000Z,1
2019-10-02T14:53:44.000Z,1
2019-10-02T15:15:02.000Z,1
2019-10-02T15:17:09.000Z,2
2019-10-02T15:25:36.000Z,1
2019-10-02T15:39:04.000Z,2
2019-10-02T15:47:03.000Z,1
2019-10-02T16:13:58.000Z,2
2019-10-02T16:35:08.000Z,3
2019-10-02T16:59:02.000Z,1
2019-10-02T17:01:36.000Z,1
2019-10-02T17:06:44.000Z,1
2019-10-02T17:08:05.000Z,2
2019-10-02T17:29:14.000Z,1
2019-10-02T17:36:04.000Z,1
2019-10-02T17:38:16.000Z,1
2019-10-02T17:39:58.000Z,1
2019-10-02T18:02:41.000Z,1
2019-10-02T18:56:24.000Z,2
2019-10-02T20:11:28.000Z,1
2019-10-02T21:02:54.000Z,1
2019-10-02T21:04:55.000Z,1
2019-10-02T21:09:43.000Z,1
2019-10-02T21:14:46.000Z,1
2019-10-02T21:46:52.000Z,1
2019-10-02T21:49:06.000Z,1
2019-10-02T22:46:24.000Z,1
2019-10-03T07:00:12.000Z,1
2019-10-03T07:05:38.000Z,1
2019-10-03T07:26:58.000Z,1
2019-10-03T07:50:34.000Z,1
2019-10-03T08:17:36.000Z,2
2019-10-03T08:31:44.000Z,2
2019-10-03T08:40:07.000Z,1
2019-10-03T08:42:20.000Z,1
2019-10-03T08:52:52.000Z,1
2019-10-03T08:55:06.000Z,1
2019-10-03T09:28:51.000Z,1
2019-10-03T10:12:38.000Z,1
2019-10-03T10:12:39.000Z,1
2019-10-03T10:57:22.000Z,1
2019-10-03T11:44:07.000Z,1
2019-10-03T13:22:53.000Z,1
2019-10-03T13:59:05.000Z,1
2019-10-03T14:04:49.000Z,1
2019-10-03T14:10:09.000Z,1
2019-10-03T14:13:29.000Z,1
2019-10-03T14:33:35.000Z,1
2019-10-03T14:58:45.000Z,1
2019-10-03T15:18:20.000Z,1
2019-10-03T15:19:11.000Z,1
2019-10-03T15:45:54.000Z,1
2019-10-03T15:59:47.000Z,1
2019-10-03T16:04:53.000Z,1
2019-10-03T16:18:28.000Z,2
2019-10-03T16:20:52.000Z,2
2019-10-03T16:26:27.000Z,1
2019-10-03T16:27:17.000Z,1
2019-10-03T16:31:10.000Z,1
2019-10-03T16:31:52.000Z,1
2019-10-03T16:40:50.000Z,1
2019-10-03T16:45:04.000Z,1
2019-10-03T16:51:28.000Z,1
2019-10-03T16:52:29.000Z,1
2019-10-03T16:53:13.000Z,1
2019-10-03T17:08:50.000Z,1
2019-10-03T17:15:10.000Z,1
2019-10-03T17:15:56.000Z,1
2019-10-03T17:19:09.000Z,1
2019-10-03T17:23:06.000Z,2
2019-10-03T17:38:10.000Z,1
2019-10-03T17:42:02.000Z,1
2019-10-03T17:45:28.000Z,1
2019-10-03T17:48:00.000Z,1
2019-10-03T17:58:25.000Z,1
2019-10-03T18:09:49.000Z,1
2019-10-03T18:18:00.000Z,2
2019-10-03T18:38:17.000Z,2
2019-10-03T18:40:51.000Z,1
2019-10-03T18:42:41.000Z,1
2019-10-03T18:42:50.000Z,1
2019-10-03T19:01:03.000Z,1
2019-10-03T19:01:07.000Z,2
2019-10-03T19:08:56.000Z,1
2019-10-03T19:11:00.000Z,2
2019-10-03T19:14:09.000Z,1
2019-10-03T19:19:45.000Z,3
2019-10-03T19:30:05.000Z,1
2019-10-03T19:42:50.000Z,1
2019-10-03T20:14:09.000Z,2
2019-10-03T20:25:52.000Z,1
2019-10-03T20:55:29.000Z,1
2019-10-03T20:55:55.000Z,1
2019-10-03T20:59:31.000Z,1
2019-10-03T21:56:47.000Z,1
2019-10-03T22:05:12.000Z,1
2019-10-04T06:42:25.000Z,1
2019-10-04T06:54:23.000Z,1
2019-10-04T07:13:03.000Z,1
2019-10-04T07:14:13.000Z,1
2019-10-04T07:17:28.000Z,2
2019-10-04T07:24:23.000Z,2
2019-10-04T07:56:28.000Z,1
2019-10-04T07:57:45.000Z,1
2019-10-04T08:08:45.000Z,1
2019-10-04T08:12:40.000Z,1
2019-10-04T08:13:45.000Z,1
2019-10-04T08:22:24.000Z,1
2019-10-04T08:27:17.000Z,1
2019-10-04T08:33:40.000Z,1
2019-10-04T08:46:11.000Z,2
2019-10-04T09:08:18.000Z,1
2019-10-04T09:09:55.000Z,1
2019-10-04T09:17:11.000Z,1
2019-10-04T09:41:29.000Z,1
2019-10-04T09:49:05.000Z,1
2019-10-04T10:07:19.000Z,1
2019-10-04T10:11:14.000Z,1
2019-10-04T10:19:22.000Z,1
2019-10-04T10:28:07.000Z,1
2019-10-04T10:31:31.000Z,1
2019-10-04T11:01:02.000Z,1
2019-10-04T11:35:23.000Z,1
2019-10-04T11:41:02.000Z,1
2019-10-04T12:41:49.000Z,1
2019-10-04T13:11:05.000Z,2
2019-10-04T13:15:12.000Z,1
2019-10-04T13:17:36.000Z,1
2019-10-04T13:31:57.000Z,1
2019-10-04T13:32:53.000Z,1
2019-10-04T14:15:17.000Z,1
2019-10-04T14:29:22.000Z,1
2019-10-04T14:47:33.000Z,1
2019-10-04T15:09:08.000Z,1
2019-10-04T15:10:53.000Z,1
2019-10-04T15:18:25.000Z,1
2019-10-04T15:25:54.000Z,1
2019-10-04T16:02:26.000Z,1
2019-10-04T16:10:34.000Z,2
2019-10-04T16:20:40.000Z,3
2019-10-04T16:34:28.000Z,1
2019-10-04T16:56:15.000Z,1
2019-10-04T17:08:40.000Z,1
2019-10-04T17:10:46.000Z,1
2019-10-04T17:28:51.000Z,1
2019-10-04T18:00:39.000Z,1
2019-10-04T19:13:02.000Z,1
2019-10-04T19:46:03.000Z,1
2019-10-04T20:18:30.000Z,1
2019-10-04T20:23:30.000Z,1
2019-10-04T20:48:54.000Z,1
2019-10-04T22:07:11.000Z,1
2019-10-05T01:00:53.000Z,1
2019-10-05T07:15:25.000Z,1
2019-10-05T07:46:59.000Z,1
2019-10-05T08:36:33.000Z,1
2019-10-05T08:42:03.000Z,1
2019-10-05T08:59:56.000Z,1
2019-10-05T09:11:58.000Z,1
2019-10-05T09:27:11.000Z,1
2019-10-05T09:34:38.000Z,1
2019-10-05T09:56:12.000Z,1
2019-10-05T10:16:54.000Z,1
2019-10-05T10:19:43.000Z,1
2019-10-05T10:46:56.000Z,1
2019-10-05T10:48:12.000Z,1
2019-10-01T04:00:55.000Z,1
2019-10-01T04:21:16.000Z,1
2019-10-01T06:50:25.000Z,1
2019-10-01T06:58:23.000Z,1
2019-10-01T07:07:20.000Z,1
2019-10-01T07:15:30.000Z,1
2019-10-01T07:22:03.000Z,1
2019-10-01T07:26:36.000Z,1
2019-10-01T07:28:23.000Z,1
2019-10-01T07:29:30.000Z,1
2019-10-01T07:32:35.000Z,1
2019-10-01T07:35:55.000Z,1
2019-10-01T07:44:45.000Z,1
2019-10-01T08:23:06.000Z,3
2019-10-01T08:27:57.000Z,1
2019-10-01T08:29:42.000Z,1
2019-10-01T09:07:05.000Z,1
2019-10-01T09:10:52.000Z,1
2019-10-01T13:14:40.000Z,1
2019-10-01T13:59:36.000Z,1
2019-10-01T17:47:18.000Z,1
2019-10-01T07:22:35.000Z,1
2019-10-01T08:03:50.000Z,2
2019-10-01T08:41:22.000Z,2
2019-10-01T08:57:55.000Z,1
2019-10-01T09:03:37.000Z,1
2019-10-01T09:13:47.000Z,1
2019-10-01T09:19:03.000Z,1
2019-10-01T09:42:56.000Z,1
2019-10-01T11:23:12.000Z,2
2019-10-01T11:34:41.000Z,1
2019-10-01T12:09:58.000Z,1
2019-10-01T13:04:31.000Z,1
2019-10-01T14:02:50.000Z,1
2019-10-01T14:04:17.000Z,1
2019-10-01T15:06:12.000Z,2
2019-10-01T15:13:22.000Z,1
2019-10-01T15:24:52.000Z,1
2019-10-01T15:33:02.000Z,1
2019-10-01T15:40:49.000Z,1
2019-10-01T16:11:07.000Z,1
2019-10-01T16:20:43.000Z,1
2019-10-01T16:26:54.000Z,1
2019-10-01T16:44:33.000Z,1
2019-10-01T16:53:04.000Z,2
2019-10-01T17:01:20.000Z,1
2019-10-01T17:19:15.000Z,2
2019-10-01T17:20:59.000Z,2
2019-10-01T17:21:08.000Z,1
2019-10-01T17:23:46.000Z,1
2019-10-01T17:25:21.000Z,1
2019-10-01T17:26:18.000Z,2
2019-10-01T17:36:13.000Z,1
2019-10-01T17:36:52.000Z,2
2019-10-01T17:38:11.000Z,1
2019-10-01T17:51:30.000Z,2
2019-10-01T17:55:34.000Z,2
2019-10-01T18:21:02.000Z,2
2019-10-01T18:28:09.000Z,1
2019-10-01T18:28:16.000Z,1
2019-10-01T18:29:18.000Z,1
2019-10-01T18:38:19.000Z,1
2019-10-01T18:42:20.000Z,1
2019-10-01T19:14:29.000Z,1
2019-10-01T19:22:46.000Z,1
2019-10-01T19:25:44.000Z,1
2019-10-01T19:28:44.000Z,1
2019-10-01T19:30:29.000Z,2
2019-10-01T19:49:23.000Z,1
2019-10-01T20:04:00.000Z,2
2019-10-01T20:07:56.000Z,1
2019-10-01T20:14:19.000Z,2
2019-10-01T20:39:55.000Z,1
2019-10-01T21:04:41.000Z,1
2019-10-01T21:55:37.000Z,1
2019-10-02T06:23:28.000Z,1
2019-10-02T06:57:36.000Z,1
2019-10-02T06:58:21.000Z,1
2019-10-02T07:13:14.000Z,1
2019-10-02T07:15:29.000Z,1
2019-10-02T07:53:42.000Z,1
2019-10-02T07:59:23.000Z,1
2019-10-02T08:01:11.000Z,1
2019-10-02T08:14:51.000Z,1
2019-10-02T08:48:14.000Z,1
2019-10-02T08:48:52.000Z,1
2019-10-02T08:57:18.000Z,1
2019-10-02T09:02:54.000Z,1
2019-10-02T09:12:30.000Z,1
2019-10-02T10:08:47.000Z,1
2019-10-02T10:20:11.000Z,1
2019-10-02T10:31:22.000Z,1
2019-10-02T11:00:44.000Z,1
2019-10-02T11:59:16.000Z,1
2019-10-02T12:06:27.000Z,1
2019-10-02T12:21:28.000Z,1
2019-10-02T12:27:38.000Z,1
2019-10-02T12:45:59.000Z,1
2019-10-02T13:17:13.000Z,1
2019-10-02T13:23:14.000Z,1
2019-10-02T14:15:16.000Z,1
2019-10-02T14:26:21.000Z,1
2019-10-02T14:46:49.000Z,1
2019-10-02T14:57:29.000Z,1
2019-10-02T15:49:39.000Z,1
2019-10-02T15:49:41.000Z,1
2019-10-02T15:54:54.000Z,1
2019-10-02T16:25:53.000Z,1
2019-10-02T16:39:34.000Z,1
2019-10-02T17:06:10.000Z,1
2019-10-02T17:09:01.000Z,1
2019-10-02T17:13:19.000Z,2
2019-10-02T17:19:43.000Z,1
2019-10-02T17:20:15.000Z,2
2019-10-02T17:25:30.000Z,2
2019-10-02T17:29:36.000Z,1
2019-10-02T17:31:08.000Z,2
2019-10-02T17:43:13.000Z,1
2019-10-02T17:58:58.000Z,1
2019-10-02T18:40:19.000Z,1
2019-10-02T19:19:54.000Z,1
2019-10-02T20:21:19.000Z,1
2019-10-02T20:36:49.000Z,1
2019-10-02T20:57:32.000Z,1
2019-10-02T21:17:36.000Z,1
2019-10-02T21:20:25.000Z,1
2019-10-02T22:25:43.000Z,1
2019-10-02T22:29:58.000Z,1
2019-10-03T03:31:57.000Z,1
2019-10-03T03:48:21.000Z,1
2019-10-03T04:15:22.000Z,1
2019-10-03T05:44:37.000Z,1
2019-10-03T06:00:09.000Z,1
2019-10-03T06:33:19.000Z,1
2019-10-03T06:45:49.000Z,1
2019-10-03T06:46:15.000Z,1
2019-10-03T07:06:54.000Z,1
2019-10-03T07:12:33.000Z,1
2019-10-03T07:15:21.000Z,1
2019-10-03T07:16:39.000Z,2
2019-10-03T07:41:11.000Z,1
2019-10-03T07:43:25.000Z,1
2019-10-03T07:46:38.000Z,2
2019-10-03T07:47:00.000Z,1
2019-10-03T07:55:09.000Z,2
2019-10-03T07:58:33.000Z,1
2019-10-03T08:14:14.000Z,1
2019-10-03T08:20:05.000Z,2
2019-10-03T08:20:50.000Z,1
2019-10-03T08:25:08.000Z,1
2019-10-03T08:36:14.000Z,1
2019-10-03T08:39:05.000Z,1
2019-10-03T08:48:13.000Z,1
2019-10-03T08:55:46.000Z,2
2019-10-03T08:56:30.000Z,2
2019-10-03T09:27:20.000Z,1
2019-10-03T09:50:43.000Z,1
2019-10-03T10:05:33.000Z,1
2019-10-03T10:06:54.000Z,1
2019-10-03T11:23:58.000Z,1
2019-10-03T11:34:56.000Z,2
2019-10-03T11:44:37.000Z,1
2019-10-03T12:34:21.000Z,1
2019-10-03T12:42:08.000Z,1
2019-10-03T13:14:09.000Z,1
2019-10-03T13:22:45.000Z,1
2019-10-03T13:24:53.000Z,1
2019-10-03T13:28:16.000Z,1
2019-10-03T14:09:19.000Z,1
2019-10-03T14:15:18.000Z,2
2019-10-03T14:23:03.000Z,1
2019-10-03T14:34:36.000Z,1
2019-10-03T15:00:25.000Z,1
2019-10-03T15:02:19.000Z,2
2019-10-03T15:08:02.000Z,1
2019-10-03T16:01:14.000Z,3
2019-10-03T16:24:28.000Z,1
2019-10-03T16:41:35.000Z,2
2019-10-03T16:46:31.000Z,1
2019-10-03T16:56:36.000Z,1
2019-10-03T16:57:50.000Z,1
2019-10-03T17:01:47.000Z,1
2019-10-03T17:26:20.000Z,3
2019-10-03T17:35:52.000Z,2
2019-10-03T17:38:39.000Z,1
2019-10-03T17:55:13.000Z,1
2019-10-03T18:04:34.000Z,1
2019-10-03T18:19:28.000Z,3
2019-10-03T18:25:27.000Z,1
2019-10-03T18:41:05.000Z,1
2019-10-03T18:45:06.000Z,2
2019-10-03T18:48:22.000Z,1
2019-10-03T18:52:08.000Z,2
2019-10-03T18:58:59.000Z,1
2019-10-03T19:11:41.000Z,1
2019-10-03T19:49:34.000Z,1
2019-10-03T21:09:51.000Z,2
2019-10-03T21:40:09.000Z,1
2019-10-03T22:10:04.000Z,1
2019-10-03T23:02:06.000Z,1
2019-10-04T01:10:36.000Z,1
2019-10-04T05:32:19.000Z,1
2019-10-04T06:00:56.000Z,1
2019-10-04T06:33:53.000Z,1
2019-10-04T07:01:51.000Z,1
2019-10-04T07:16:26.000Z,1
2019-10-04T07:17:54.000Z,1
2019-10-04T07:43:07.000Z,2
2019-10-04T07:51:46.000Z,2
2019-10-04T07:52:21.000Z,1
2019-10-04T08:04:23.000Z,1
2019-10-04T08:04:39.000Z,1
2019-10-04T08:14:37.000Z,1
2019-10-04T08:31:26.000Z,1
2019-10-04T08:40:54.000Z,1
2019-10-04T08:43:37.000Z,1
2019-10-04T08:52:47.000Z,1
2019-10-04T08:55:35.000Z,1
2019-10-04T08:58:27.000Z,1
2019-10-04T09:12:23.000Z,2
2019-10-04T10:00:47.000Z,1
2019-10-04T11:27:40.000Z,1
2019-10-04T11:29:19.000Z,1
2019-10-04T11:56:10.000Z,1
2019-10-04T12:18:52.000Z,1
2019-10-04T12:19:57.000Z,1
2019-10-04T13:20:06.000Z,1
2019-10-04T13:28:58.000Z,1
2019-10-04T13:39:19.000Z,1
2019-10-04T14:20:30.000Z,1
2019-10-04T14:23:17.000Z,1
2019-10-04T14:25:57.000Z,1
2019-10-04T14:47:43.000Z,2
2019-10-04T14:57:13.000Z,1
2019-10-04T15:18:02.000Z,1
2019-10-04T15:51:08.000Z,1
2019-10-04T16:09:31.000Z,1
2019-10-04T16:10:24.000Z,1
2019-10-04T16:41:41.000Z,1
2019-10-04T17:05:34.000Z,1
2019-10-04T17:06:19.000Z,1
2019-10-04T17:08:31.000Z,1
2019-10-04T17:13:08.000Z,1
2019-10-04T17:21:40.000Z,1
2019-10-04T17:22:51.000Z,1
2019-10-04T17:24:50.000Z,1
2019-10-04T17:31:18.000Z,1
2019-10-04T17:32:19.000Z,2
2019-10-04T17:52:58.000Z,1
2019-10-04T18:00:23.000Z,1
2019-10-04T18:01:38.000Z,1
2019-10-04T18:04:17.000Z,2
2019-10-04T18:34:57.000Z,1
2019-10-04T18:47:39.000Z,1
2019-10-04T19:31:38.000Z,1
2019-10-04T21:31:05.000Z,1
2019-10-04T22:08:21.000Z,1
2019-10-04T23:32:12.000Z,1
2019-10-04T23:45:38.000Z,2
2019-10-04T23:51:37.000Z,1
2019-10-05T02:10:17.000Z,1
2019-10-05T03:13:13.000Z,1
2019-10-05T05:27:52.000Z,1
2019-10-05T06:02:33.000Z,1
2019-10-05T08:21:43.000Z,1
2019-10-05T08:32:23.000Z,1
2019-10-05T09:02:19.000Z,2
2019-10-05T09:09:20.000Z,1
2019-10-05T09:39:07.000Z,1
2019-10-05T09:43:49.000Z,1
2019-10-05T10:04:01.000Z,1
2019-10-05T10:20:46.000Z,1
2019-10-05T10:37:25.000Z,1
2019-10-05T10:46:37.000Z,1
2019-10-01T05:16:35.000Z,1
2019-10-01T05:33:33.000Z,1
2019-10-01T05:36:57.000Z,1
2019-10-01T06:24:29.000Z,1
2019-10-01T06:40:51.000Z,1
2019-10-01T07:14:43.000Z,1
2019-10-01T07:31:10.000Z,1
2019-10-01T07:36:23.000Z,1
2019-10-01T07:55:49.000Z,2
2019-10-01T08:10:27.000Z,1
2019-10-01T08:10:48.000Z,2
2019-10-01T08:11:45.000Z,1
2019-10-01T08:23:12.000Z,1
2019-10-01T08:40:53.000Z,1
2019-10-01T08:43:59.000Z,1
2019-10-01T08:46:40.000Z,1
2019-10-01T08:55:02.000Z,1
2019-10-01T12:23:20.000Z,1
2019-10-01T12:31:58.000Z,1
2019-10-01T12:33:14.000Z,1
2019-10-01T13:21:49.000Z,1
2019-10-01T15:16:54.000Z,1
2019-10-01T07:21:38.000Z,1
2019-10-01T07:53:29.000Z,2
2019-10-01T08:19:46.000Z,1
2019-10-01T08:50:29.000Z,1
2019-10-01T08:57:42.000Z,1
2019-10-01T09:16:38.000Z,1
2019-10-01T09:50:44.000Z,1
2019-10-01T10:05:33.000Z,2
2019-10-01T11:01:07.000Z,1
2019-10-01T11:01:08.000Z,1
2019-10-01T13:20:24.000Z,1
2019-10-01T13:42:06.000Z,1
2019-10-01T13:45:24.000Z,1
2019-10-01T13:48:42.000Z,1
2019-10-01T13:58:58.000Z,1
2019-10-01T14:12:17.000Z,1
2019-10-01T14:34:05.000Z,2
2019-10-01T14:48:25.000Z,1
2019-10-01T14:57:24.000Z,1
2019-10-01T15:12:00.000Z,2
2019-10-01T16:08:55.000Z,1
2019-10-01T16:24:08.000Z,1
2019-10-01T16:28:19.000Z,2
2019-10-01T16:30:33.000Z,1
2019-10-01T16:31:56.000Z,2
2019-10-01T16:47:17.000Z,2
2019-10-01T16:49:03.000Z,2
2019-10-01T16:51:28.000Z,2
2019-10-01T16:56:30.000Z,2
2019-10-01T17:13:31.000Z,1
2019-10-01T17:21:22.000Z,1
2019-10-01T17:22:10.000Z,1
2019-10-01T17:23:42.000Z,1
2019-10-01T17:28:59.000Z,1
2019-10-01T17:43:50.000Z,1
2019-10-01T17:55:47.000Z,1
2019-10-01T18:00:03.000Z,1
2019-10-01T18:17:38.000Z,1
2019-10-01T18:37:09.000Z,2
2019-10-01T18:46:46.000Z,1
2019-10-01T19:08:18.000Z,1
2019-10-01T19:08:26.000Z,1
2019-10-01T19:41:47.000Z,1
2019-10-01T19:41:53.000Z,1
2019-10-01T19:45:00.000Z,1
2019-10-01T19:45:52.000Z,1
2019-10-01T19:48:57.000Z,1
2019-10-01T20:19:11.000Z,1
2019-10-01T20:42:08.000Z,1
2019-10-01T20:46:50.000Z,1
2019-10-01T20:47:43.000Z,1
2019-10-01T21:30:27.000Z,1
2019-10-01T23:06:04.000Z,1
2019-10-01T23:16:41.000Z,1
2019-10-02T07:02:43.000Z,1
2019-10-02T07:38:31.000Z,1
2019-10-02T07:49:28.000Z,1
2019-10-02T08:10:57.000Z,1
2019-10-02T08:35:11.000Z,1
2019-10-02T08:36:02.000Z,1
2019-10-02T09:11:09.000Z,1
2019-10-02T09:23:52.000Z,1
2019-10-02T09:46:56.000Z,1
2019-10-02T12:16:33.000Z,1
2019-10-02T12:30:39.000Z,1
2019-10-02T13:09:25.000Z,1
2019-10-02T14:16:38.000Z,1
2019-10-02T15:27:26.000Z,1
2019-10-02T16:01:30.000Z,1
2019-10-02T16:29:13.000Z,1
2019-10-02T16:45:37.000Z,1
2019-10-02T17:06:11.000Z,1
2019-10-02T17:18:06.000Z,1
2019-10-02T17:29:02.000Z,1
2019-10-02T17:32:28.000Z,1
2019-10-02T18:37:28.000Z,1
2019-10-02T19:29:26.000Z,1
2019-10-02T19:36:05.000Z,1
2019-10-02T19:38:11.000Z,1
2019-10-02T19:57:55.000Z,1
2019-10-02T20:46:46.000Z,1
2019-10-02T21:46:06.000Z,1
2019-10-03T06:30:38.000Z,2
2019-10-03T06:47:57.000Z,1
2019-10-03T06:55:26.000Z,1
2019-10-03T07:12:30.000Z,1
2019-10-03T07:20:04.000Z,1
2019-10-03T07:25:55.000Z,1
2019-10-03T07:33:54.000Z,1
2019-10-03T07:38:21.000Z,3
2019-10-03T07:47:47.000Z,1
2019-10-03T07:55:24.000Z,1
2019-10-03T08:03:15.000Z,1
2019-10-03T08:08:22.000Z,1
2019-10-03T08:39:54.000Z,1
2019-10-03T09:30:02.000Z,1
2019-10-03T09:51:04.000Z,1
2019-10-03T10:12:09.000Z,1
2019-10-03T10:12:49.000Z,2
2019-10-03T11:51:49.000Z,1
2019-10-03T11:55:13.000Z,1
2019-10-03T12:20:25.000Z,1
2019-10-03T13:15:24.000Z,1
2019-10-03T13:35:28.000Z,1
2019-10-03T13:40:03.000Z,1
2019-10-03T13:59:38.000Z,2
2019-10-03T14:09:46.000Z,1
2019-10-03T14:42:15.000Z,1
2019-10-03T15:11:27.000Z,1
2019-10-03T15:18:07.000Z,2
2019-10-03T16:00:17.000Z,1
2019-10-03T16:14:02.000Z,1
2019-10-03T16:33:54.000Z,2
2019-10-03T16:36:49.000Z,2
2019-10-03T16:42:38.000Z,2
2019-10-03T16:53:50.000Z,1
2019-10-03T17:16:32.000Z,1
2019-10-03T17:22:07.000Z,1
2019-10-03T17:25:26.000Z,2
2019-10-03T17:31:21.000Z,2
2019-10-03T17:37:43.000Z,1
2019-10-03T17:41:54.000Z,1
2019-10-03T18:22:42.000Z,2
2019-10-03T18:30:20.000Z,1
2019-10-03T18:32:40.000Z,1
2019-10-03T18:37:44.000Z,1
2019-10-03T18:38:04.000Z,1
2019-10-03T18:49:40.000Z,1
2019-10-03T19:06:15.000Z,1
2019-10-03T19:17:27.000Z,1
2019-10-03T19:19:30.000Z,3
2019-10-03T19:23:12.000Z,1
2019-10-03T19:26:49.000Z,1
2019-10-03T19:39:13.000Z,1
2019-10-03T20:11:41.000Z,1
2019-10-03T20:28:57.000Z,1
2019-10-03T20:43:51.000Z,2
2019-10-03T21:25:07.000Z,1
2019-10-03T21:36:32.000Z,1
2019-10-03T21:54:16.000Z,1
2019-10-03T22:00:30.000Z,1
2019-10-03T22:59:51.000Z,1
2019-10-03T23:09:34.000Z,1
2019-10-03T23:59:40.000Z,1
2019-10-04T00:02:26.000Z,1
2019-10-04T06:29:04.000Z,1
2019-10-04T07:01:36.000Z,1
2019-10-04T07:06:08.000Z,2
2019-10-04T07:17:18.000Z,1
2019-10-04T07:23:24.000Z,1
2019-10-04T07:23:45.000Z,1
2019-10-04T07:40:40.000Z,1
2019-10-04T07:44:27.000Z,1
2019-10-04T07:56:02.000Z,1
2019-10-04T08:00:50.000Z,2
2019-10-04T08:14:08.000Z,1
2019-10-04T08:32:05.000Z,1
2019-10-04T08:44:12.000Z,1
2019-10-04T08:45:13.000Z,1
2019-10-04T08:46:13.000Z,2
2019-10-04T08:46:51.000Z,1
2019-10-04T08:58:56.000Z,1
2019-10-04T09:17:21.000Z,1
2019-10-04T09:24:10.000Z,1
2019-10-04T09:26:26.000Z,1
2019-10-04T09:55:06.000Z,1
2019-10-04T10:03:33.000Z,2
2019-10-04T10:07:53.000Z,1
2019-10-04T10:51:03.000Z,1
2019-10-04T11:46:31.000Z,1
2019-10-04T11:53:56.000Z,1
2019-10-04T11:54:25.000Z,1
2019-10-04T11:54:58.000Z,1
2019-10-04T12:50:00.000Z,2
2019-10-04T14:30:22.000Z,1
2019-10-04T14:31:56.000Z,1
2019-10-04T15:08:42.000Z,1
2019-10-04T15:10:21.000Z,1
2019-10-04T15:11:25.000Z,1
2019-10-04T15:13:07.000Z,1
2019-10-04T15:22:10.000Z,1
2019-10-04T15:28:19.000Z,1
2019-10-04T16:01:54.000Z,1
2019-10-04T16:31:24.000Z,1
2019-10-04T16:46:49.000Z,1
2019-10-04T17:05:06.000Z,1
2019-10-04T17:06:12.000Z,1
2019-10-04T17:12:00.000Z,2
2019-10-04T17:31:42.000Z,1
2019-10-04T17:35:53.000Z,1
2019-10-04T17:48:39.000Z,1
2019-10-04T18:04:27.000Z,1
2019-10-04T18:44:49.000Z,1
2019-10-04T18:49:28.000Z,2
2019-10-04T18:50:59.000Z,1
2019-10-04T19:06:53.000Z,2
2019-10-04T19:07:11.000Z,1
2019-10-04T19:13:06.000Z,1
2019-10-04T19:18:22.000Z,1
2019-10-04T19:26:22.000Z,1
2019-10-04T20:49:15.000Z,1
2019-10-04T22:50:13.000Z,1
2019-10-04T23:22:01.000Z,1
2019-10-04T23:55:28.000Z,1
2019-10-05T00:30:47.000Z,1
2019-10-05T04:26:22.000Z,1
2019-10-05T06:40:03.000Z,1
2019-10-05T08:37:04.000Z,2
2019-10-05T08:38:29.000Z,1
2019-10-05T09:27:06.000Z,1
2019-10-05T09:32:47.000Z,1
2019-10-05T10:07:41.000Z,1
2019-10-05T10:17:29.000Z,1
2019-10-05T10:18:56.000Z,1
2019-10-05T10:31:01.000Z,2
2019-10-05T10:36:21.000Z,1
2019-10-05T10:49:49.000Z,1
2019-10-01T05:35:21.000Z,1
2019-10-01T06:21:42.000Z,1
2019-10-01T06:31:31.000Z,1
2019-10-01T06:36:32.000Z,1
2019-10-01T06:37:29.000Z,1
2019-10-01T06:57:00.000Z,2
2019-10-01T07:08:22.000Z,1
2019-10-01T07:08:24.000Z,1
2019-10-01T07:08:21.000Z,1
2019-10-01T07:49:21.000Z,1
2019-10-01T07:50:12.000Z,2
2019-10-01T07:57:56.000Z,1
2019-10-01T08:10:52.000Z,1
2019-10-01T08:14:05.000Z,1
2019-10-01T08:15:19.000Z,2
2019-10-01T08:23:57.000Z,3
2019-10-01T08:34:35.000Z,1
2019-10-01T08:37:26.000Z,1
2019-10-01T09:06:58.000Z,1
2019-10-01T10:48:47.000Z,1
2019-10-01T13:51:50.000Z,1
2019-10-02T12:09:38.000Z,1
2019-10-01T07:47:24.000Z,1
2019-10-01T07:59:56.000Z,1
2019-10-01T08:19:27.000Z,1
2019-10-01T08:57:27.000Z,1
2019-10-01T09:09:07.000Z,1
2019-10-01T10:12:15.000Z,1
2019-10-01T10:41:39.000Z,1
2019-10-01T10:57:47.000Z,1
2019-10-01T11:25:02.000Z,1
2019-10-01T12:22:54.000Z,1
2019-10-01T12:29:25.000Z,1
2019-10-01T13:46:50.000Z,1
2019-10-01T13:53:24.000Z,1
2019-10-01T14:38:25.000Z,1
2019-10-01T15:09:51.000Z,2
2019-10-01T15:12:48.000Z,1
2019-10-01T15:36:23.000Z,1
2019-10-01T15:46:40.000Z,1
2019-10-01T15:53:06.000Z,1
2019-10-01T16:08:41.000Z,2
2019-10-01T16:21:04.000Z,4
2019-10-01T16:28:20.000Z,1
2019-10-01T16:28:46.000Z,1
2019-10-01T16:46:48.000Z,3
2019-10-01T16:46:53.000Z,1
2019-10-01T16:54:23.000Z,1
2019-10-01T16:59:08.000Z,1
2019-10-01T17:07:59.000Z,2
2019-10-01T17:16:05.000Z,2
2019-10-01T17:22:05.000Z,1
2019-10-01T17:25:00.000Z,2
2019-10-01T17:33:07.000Z,1
2019-10-01T17:34:22.000Z,1
2019-10-01T17:36:09.000Z,2
2019-10-01T17:44:26.000Z,1
2019-10-01T17:53:14.000Z,1
2019-10-01T18:11:13.000Z,1
2019-10-01T18:16:27.000Z,1
2019-10-01T18:19:07.000Z,1
2019-10-01T18:19:14.000Z,1
2019-10-01T18:23:37.000Z,1
2019-10-01T18:34:40.000Z,1
2019-10-01T18:37:27.000Z,1
2019-10-01T19:36:56.000Z,1
2019-10-01T19:52:43.000Z,1
2019-10-01T20:25:06.000Z,1
2019-10-01T20:30:06.000Z,1
2019-10-01T20:42:40.000Z,1
2019-10-01T21:23:46.000Z,1
2019-10-01T22:42:13.000Z,1
2019-10-02T00:44:45.000Z,1
2019-10-02T05:28:37.000Z,1
2019-10-02T05:45:22.000Z,2
2019-10-02T07:27:15.000Z,1
2019-10-02T07:38:48.000Z,1
2019-10-02T07:47:13.000Z,2
2019-10-02T07:56:11.000Z,1
2019-10-02T08:06:16.000Z,1
2019-10-02T08:07:03.000Z,1
2019-10-02T08:17:41.000Z,1
2019-10-02T08:22:48.000Z,1
2019-10-02T08:24:37.000Z,1
2019-10-02T08:33:03.000Z,1
2019-10-02T08:33:21.000Z,1
2019-10-02T09:01:21.000Z,1
2019-10-02T09:23:58.000Z,2
2019-10-02T11:10:31.000Z,1
2019-10-02T12:38:08.000Z,2
2019-10-02T12:54:31.000Z,1
2019-10-02T13:10:36.000Z,1
2019-10-02T13:28:23.000Z,1
2019-10-02T13:41:55.000Z,1
2019-10-02T15:21:29.000Z,1
2019-10-02T15:40:33.000Z,1
2019-10-02T16:06:11.000Z,1
2019-10-02T16:11:17.000Z,2
2019-10-02T16:16:37.000Z,1
2019-10-02T16:30:01.000Z,1
2019-10-02T16:43:36.000Z,1
2019-10-02T16:56:04.000Z,1
2019-10-02T16:58:04.000Z,1
2019-10-02T17:04:06.000Z,1
2019-10-02T17:05:44.000Z,2
2019-10-02T17:21:32.000Z,1
2019-10-02T17:23:46.000Z,2
2019-10-02T17:25:40.000Z,1
2019-10-02T17:30:44.000Z,1
2019-10-02T17:34:28.000Z,1
2019-10-02T17:41:31.000Z,2
2019-10-02T17:46:09.000Z,3
2019-10-02T17:48:30.000Z,1
2019-10-02T17:49:46.000Z,1
2019-10-02T18:06:48.000Z,1
2019-10-02T18:37:31.000Z,1
2019-10-02T19:09:47.000Z,1
2019-10-02T19:18:18.000Z,1
2019-10-02T19:31:27.000Z,1
2019-10-02T19:42:17.000Z,1
2019-10-02T20:25:12.000Z,1
2019-10-02T22:27:58.000Z,1
2019-10-02T23:31:22.000Z,1
2019-10-03T05:37:54.000Z,1
2019-10-03T06:26:53.000Z,1
2019-10-03T06:31:09.000Z,1
2019-10-03T06:44:16.000Z,1
2019-10-03T07:00:13.000Z,1
2019-10-03T07:23:50.000Z,1
2019-10-03T07:36:49.000Z,1
2019-10-03T07:41:25.000Z,1
2019-10-03T07:41:38.000Z,1
2019-10-03T07:51:48.000Z,1
2019-10-03T08:00:49.000Z,1
2019-10-03T08:12:12.000Z,3
2019-10-03T08:15:35.000Z,2
2019-10-03T08:15:48.000Z,1
2019-10-03T08:17:08.000Z,1
2019-10-03T08:21:50.000Z,1
2019-10-03T08:28:04.000Z,1
2019-10-03T08:29:34.000Z,1
2019-10-03T08:31:25.000Z,2
2019-10-03T08:33:59.000Z,1
2019-10-03T08:35:56.000Z,1
2019-10-03T08:41:15.000Z,1
2019-10-03T08:47:30.000Z,1
2019-10-03T08:50:31.000Z,1
2019-10-03T08:51:46.000Z,2
2019-10-03T08:52:24.000Z,1
2019-10-03T09:04:36.000Z,1
2019-10-03T09:24:38.000Z,1
2019-10-03T09:35:30.000Z,1
2019-10-03T09:41:08.000Z,1
2019-10-03T09:49:25.000Z,1
2019-10-03T11:11:20.000Z,1
2019-10-03T11:12:54.000Z,1
2019-10-03T11:24:42.000Z,1
2019-10-03T11:27:16.000Z,1
2019-10-03T11:34:47.000Z,2
2019-10-03T11:57:11.000Z,1
2019-10-03T13:02:49.000Z,1
2019-10-03T13:16:49.000Z,1
2019-10-03T13:18:32.000Z,1
2019-10-03T13:44:05.000Z,2
2019-10-03T14:14:40.000Z,1
2019-10-03T14:22:21.000Z,1
2019-10-03T15:07:13.000Z,1
2019-10-03T15:15:06.000Z,1
2019-10-03T15:44:47.000Z,1
2019-10-03T15:48:49.000Z,1
2019-10-03T15:54:26.000Z,1
2019-10-03T16:02:02.000Z,1
2019-10-03T16:07:14.000Z,1
2019-10-03T16:08:35.000Z,1
2019-10-03T16:08:38.000Z,1
2019-10-03T16:16:57.000Z,1
2019-10-03T16:41:27.000Z,1
2019-10-03T16:42:18.000Z,1
2019-10-03T16:44:25.000Z,1
2019-10-03T16:44:42.000Z,1
2019-10-03T16:46:45.000Z,2
2019-10-03T16:56:53.000Z,1
2019-10-03T17:07:12.000Z,1
2019-10-03T17:11:10.000Z,1
2019-10-03T17:15:51.000Z,1
2019-10-03T17:17:01.000Z,1
2019-10-03T17:36:16.000Z,1
2019-10-03T17:41:24.000Z,1
2019-10-03T18:03:43.000Z,2
2019-10-03T18:12:24.000Z,1
2019-10-03T18:49:17.000Z,1
2019-10-03T18:50:10.000Z,1
2019-10-03T18:52:21.000Z,1
2019-10-03T18:56:35.000Z,1
2019-10-03T19:10:15.000Z,1
2019-10-03T19:31:55.000Z,1
2019-10-03T19:36:14.000Z,2
2019-10-03T19:47:05.000Z,1
2019-10-03T20:32:10.000Z,1
2019-10-03T21:45:55.000Z,2
2019-10-03T23:00:08.000Z,1
2019-10-04T03:43:45.000Z,1
2019-10-04T05:56:16.000Z,1
2019-10-04T06:08:44.000Z,1
2019-10-04T06:25:51.000Z,1
2019-10-04T07:45:35.000Z,1
2019-10-04T07:56:47.000Z,1
2019-10-04T08:02:41.000Z,2
2019-10-04T08:10:00.000Z,1
2019-10-04T08:12:05.000Z,1
2019-10-04T08:12:19.000Z,1
2019-10-04T08:25:22.000Z,1
2019-10-04T08:32:20.000Z,1
2019-10-04T08:33:50.000Z,2
2019-10-04T08:47:35.000Z,1
2019-10-04T08:48:28.000Z,1
2019-10-04T09:06:54.000Z,1
2019-10-04T09:45:26.000Z,1
2019-10-04T09:52:25.000Z,1
2019-10-04T09:57:34.000Z,1
2019-10-04T10:17:46.000Z,1
2019-10-04T10:32:16.000Z,1
2019-10-04T10:49:42.000Z,1
2019-10-04T10:55:58.000Z,1
2019-10-04T11:43:06.000Z,1
2019-10-04T11:57:14.000Z,1
2019-10-04T12:16:06.000Z,1
2019-10-04T12:18:24.000Z,1
2019-10-04T12:35:25.000Z,1
2019-10-04T13:10:09.000Z,1
2019-10-04T13:13:40.000Z,1
2019-10-04T13:30:25.000Z,1
2019-10-04T13:48:05.000Z,1
2019-10-04T14:22:36.000Z,2
2019-10-04T14:25:48.000Z,1
2019-10-04T14:33:22.000Z,2
2019-10-04T14:45:33.000Z,1
2019-10-04T15:01:33.000Z,1
2019-10-04T15:30:03.000Z,1
2019-10-04T15:36:06.000Z,1
2019-10-04T15:43:21.000Z,1
2019-10-04T15:45:39.000Z,1
2019-10-04T15:58:48.000Z,2
2019-10-04T16:09:23.000Z,1
2019-10-04T16:15:34.000Z,1
2019-10-04T16:16:21.000Z,1
2019-10-04T16:21:33.000Z,1
2019-10-04T16:29:43.000Z,1
2019-10-04T16:38:40.000Z,2
2019-10-04T16:41:53.000Z,1
2019-10-04T16:46:25.000Z,1
2019-10-04T16:47:09.000Z,1
2019-10-04T16:47:17.000Z,1
2019-10-04T16:51:36.000Z,1
2019-10-04T17:19:33.000Z,1
2019-10-04T17:44:09.000Z,1
2019-10-04T17:55:01.000Z,1
2019-10-04T17:59:32.000Z,1
2019-10-04T18:06:05.000Z,1
2019-10-04T18:29:03.000Z,1
2019-10-04T18:55:02.000Z,1
2019-10-04T18:55:54.000Z,1
2019-10-04T19:04:07.000Z,1
2019-10-04T19:16:20.000Z,1
2019-10-04T19:16:57.000Z,2
2019-10-04T19:58:05.000Z,1
2019-10-04T20:00:37.000Z,1
2019-10-04T20:03:56.000Z,1
2019-10-04T21:38:58.000Z,1
2019-10-04T21:53:44.000Z,1
2019-10-04T22:31:48.000Z,1
2019-10-04T23:58:51.000Z,1
2019-10-05T01:03:35.000Z,1
2019-10-05T02:04:13.000Z,1
2019-10-05T03:27:56.000Z,1
2019-10-05T06:25:43.000Z,1
2019-10-05T06:53:20.000Z,1
2019-10-05T07:19:46.000Z,1
2019-10-05T09:07:42.000Z,1
2019-10-05T09:37:54.000Z,1
2019-10-05T09:47:26.000Z,1
2019-10-05T10:06:40.000Z,1
2019-10-05T10:16:47.000Z,1
2019-10-05T10:17:13.000Z,1
2019-10-05T10:33:04.000Z,1
2019-10-05T10:35:10.000Z,1
2019-10-05T10:44:43.000Z,1
2019-10-01T01:07:41.000Z,1
2019-10-01T02:05:13.000Z,1
2019-10-01T04:54:01.000Z,2
2019-10-01T05:01:28.000Z,1
2019-10-01T06:35:22.000Z,1
2019-10-01T06:43:05.000Z,1
2019-10-01T06:45:40.000Z,1
2019-10-01T06:59:25.000Z,1
2019-10-01T07:22:13.000Z,1
2019-10-01T07:44:13.000Z,1
2019-10-01T07:53:32.000Z,1
2019-10-01T07:56:41.000Z,1
2019-10-01T08:38:20.000Z,1
2019-10-01T09:55:47.000Z,1
2019-10-01T10:56:33.000Z,1
2019-10-01T11:55:15.000Z,2
2019-10-01T13:20:35.000Z,1
2019-10-01T13:37:27.000Z,1
2019-10-01T16:22:51.000Z,1
2019-10-01T07:57:41.000Z,1
2019-10-01T07:59:46.000Z,1
2019-10-01T08:33:32.000Z,1
2019-10-01T09:04:18.000Z,1
2019-10-01T09:05:33.000Z,1
2019-10-01T09:05:50.000Z,1
2019-10-01T10:34:21.000Z,1
2019-10-01T12:06:52.000Z,1
2019-10-01T12:28:09.000Z,1
2019-10-01T12:48:04.000Z,1
2019-10-01T13:20:39.000Z,1
2019-10-01T13:38:43.000Z,1
2019-10-01T13:53:31.000Z,1
2019-10-01T14:08:24.000Z,1
2019-10-01T14:59:42.000Z,1
2019-10-01T15:35:28.000Z,1
2019-10-01T15:39:10.000Z,1
2019-10-01T15:47:52.000Z,1
2019-10-01T16:11:24.000Z,1
2019-10-01T16:24:36.000Z,2
2019-10-01T16:32:30.000Z,3
2019-10-01T16:33:57.000Z,1
2019-10-01T17:05:03.000Z,3
2019-10-01T17:06:24.000Z,2
2019-10-01T17:08:54.000Z,2
2019-10-01T17:15:26.000Z,1
2019-10-01T17:17:13.000Z,1
2019-10-01T17:17:19.000Z,1
2019-10-01T17:20:25.000Z,3
2019-10-01T17:24:46.000Z,1
2019-10-01T17:26:20.000Z,1
2019-10-01T17:35:37.000Z,1
2019-10-01T17:45:31.000Z,2
2019-10-01T17:49:29.000Z,1
2019-10-01T17:54:49.000Z,1
2019-10-01T18:01:54.000Z,1
2019-10-01T18:03:17.000Z,2
2019-10-01T18:06:18.000Z,1
2019-10-01T18:18:13.000Z,1
2019-10-01T18:23:28.000Z,1
2019-10-01T18:44:14.000Z,2
2019-10-01T18:45:32.000Z,1
2019-10-01T18:46:12.000Z,1
2019-10-01T19:36:29.000Z,1
2019-10-01T19:38:47.000Z,2
2019-10-01T19:38:57.000Z,1
2019-10-01T19:39:13.000Z,1
2019-10-01T22:12:28.000Z,1
2019-10-01T22:21:18.000Z,1
2019-10-01T22:38:48.000Z,1
2019-10-01T23:15:57.000Z,1
2019-10-02T04:53:58.000Z,1
2019-10-02T05:40:35.000Z,1
2019-10-02T06:08:39.000Z,1
2019-10-02T06:10:57.000Z,1
2019-10-02T06:12:22.000Z,1
2019-10-02T06:50:50.000Z,1
2019-10-02T07:19:07.000Z,1
2019-10-02T07:50:50.000Z,1
2019-10-02T07:53:09.000Z,1
2019-10-02T08:32:56.000Z,1
2019-10-02T08:42:23.000Z,1
2019-10-02T09:13:04.000Z,1
2019-10-02T09:15:46.000Z,1
2019-10-02T09:34:24.000Z,1
2019-10-02T11:36:00.000Z,1
2019-10-02T12:41:18.000Z,1
2019-10-02T12:47:57.000Z,1
2019-10-02T13:26:29.000Z,1
2019-10-02T13:28:54.000Z,1
2019-10-02T13:36:37.000Z,1
2019-10-02T13:39:49.000Z,1
2019-10-02T14:06:01.000Z,1
2019-10-02T14:06:17.000Z,2
2019-10-02T14:32:32.000Z,1
2019-10-02T14:37:01.000Z,1
2019-10-02T14:41:53.000Z,1
2019-10-02T15:05:19.000Z,1
2019-10-02T15:25:18.000Z,1
2019-10-02T15:26:07.000Z,1
2019-10-02T15:49:45.000Z,1
2019-10-02T16:00:43.000Z,1
2019-10-02T16:06:57.000Z,1
2019-10-02T16:18:19.000Z,1
2019-10-02T16:38:56.000Z,3
2019-10-02T16:41:15.000Z,1
2019-10-02T16:45:16.000Z,1
2019-10-02T16:46:58.000Z,1
2019-10-02T16:58:58.000Z,1
2019-10-02T17:01:59.000Z,2
2019-10-02T17:33:59.000Z,1
2019-10-02T17:40:21.000Z,2
2019-10-02T17:45:34.000Z,1
2019-10-02T18:09:08.000Z,2
2019-10-02T18:15:50.000Z,1
2019-10-02T18:30:04.000Z,1
2019-10-02T18:39:12.000Z,1
2019-10-02T20:07:19.000Z,2
2019-10-02T20:12:15.000Z,1
2019-10-02T20:21:54.000Z,1
2019-10-02T20:39:02.000Z,1
2019-10-02T21:07:50.000Z,1
2019-10-03T04:23:28.000Z,1
2019-10-03T06:34:17.000Z,1
2019-10-03T06:52:14.000Z,1
2019-10-03T06:58:43.000Z,1
2019-10-03T07:27:54.000Z,1
2019-10-03T07:37:02.000Z,1
2019-10-03T07:42:26.000Z,1
2019-10-03T07:53:45.000Z,1
2019-10-03T07:55:26.000Z,1
2019-10-03T08:00:24.000Z,1
2019-10-03T08:10:55.000Z,1
2019-10-03T08:24:36.000Z,2
2019-10-03T08:28:46.000Z,1
2019-10-03T08:29:09.000Z,1
2019-10-03T08:35:35.000Z,1
2019-10-03T08:58:25.000Z,2
2019-10-03T08:58:58.000Z,2
2019-10-03T09:10:13.000Z,1
2019-10-03T09:13:10.000Z,1
2019-10-03T09:14:32.000Z,1
2019-10-03T09:36:44.000Z,1
2019-10-03T09:40:08.000Z,1
2019-10-03T09:42:57.000Z,1
2019-10-03T10:00:20.000Z,1
2019-10-03T10:40:15.000Z,1
2019-10-03T10:43:46.000Z,1
2019-10-03T10:56:37.000Z,1
2019-10-03T11:07:24.000Z,1
2019-10-03T11:24:00.000Z,1
2019-10-03T11:30:52.000Z,1
2019-10-03T11:42:09.000Z,1
2019-10-03T11:54:33.000Z,1
2019-10-03T12:07:41.000Z,2
2019-10-03T12:09:02.000Z,1
2019-10-03T12:10:58.000Z,2
2019-10-03T12:23:02.000Z,1
2019-10-03T12:33:21.000Z,1
2019-10-03T13:11:40.000Z,1
2019-10-03T13:23:10.000Z,2
2019-10-03T13:40:28.000Z,1
2019-10-03T14:17:27.000Z,1
2019-10-03T14:19:01.000Z,1
2019-10-03T14:20:14.000Z,2
2019-10-03T14:21:58.000Z,1
2019-10-03T14:32:41.000Z,1
2019-10-03T14:36:59.000Z,1
2019-10-03T14:52:47.000Z,1
2019-10-03T14:58:29.000Z,1
2019-10-03T15:09:13.000Z,1
2019-10-03T15:17:36.000Z,1
2019-10-03T15:18:40.000Z,2
2019-10-03T15:29:29.000Z,1
2019-10-03T15:30:42.000Z,1
2019-10-03T15:54:45.000Z,1
2019-10-03T15:55:27.000Z,1
2019-10-03T16:01:43.000Z,1
2019-10-03T16:02:30.000Z,1
2019-10-03T16:07:33.000Z,1
2019-10-03T16:14:55.000Z,1
2019-10-03T16:25:26.000Z,1
2019-10-03T16:28:06.000Z,2
2019-10-03T16:52:46.000Z,1
2019-10-03T16:56:14.000Z,1
2019-10-03T17:12:50.000Z,3
2019-10-03T17:17:00.000Z,1
2019-10-03T17:48:26.000Z,3
2019-10-03T18:02:42.000Z,1
2019-10-03T18:06:16.000Z,1
2019-10-03T18:07:46.000Z,2
2019-10-03T18:14:34.000Z,1
2019-10-03T18:30:31.000Z,2
2019-10-03T18:50:26.000Z,1
2019-10-03T18:56:16.000Z,1
2019-10-03T18:57:33.000Z,1
2019-10-03T19:02:38.000Z,1
2019-10-03T19:04:10.000Z,1
2019-10-03T19:18:43.000Z,1
2019-10-03T19:19:53.000Z,1
2019-10-03T19:29:49.000Z,1
2019-10-03T19:54:54.000Z,1
2019-10-03T19:59:56.000Z,1
2019-10-03T20:02:57.000Z,1
2019-10-03T20:28:19.000Z,1
2019-10-03T21:04:21.000Z,1
2019-10-03T22:49:47.000Z,1
2019-10-04T00:09:37.000Z,1
2019-10-04T06:49:27.000Z,1
2019-10-04T07:11:54.000Z,1
2019-10-04T07:12:33.000Z,2
2019-10-04T07:42:27.000Z,1
2019-10-04T07:47:00.000Z,1
2019-10-04T07:52:39.000Z,1
2019-10-04T07:58:35.000Z,1
2019-10-04T08:08:38.000Z,1
2019-10-04T08:11:01.000Z,2
2019-10-04T08:34:15.000Z,1
2019-10-04T08:38:47.000Z,1
2019-10-04T08:39:21.000Z,1
2019-10-04T08:42:01.000Z,1
2019-10-04T08:51:16.000Z,3
2019-10-04T09:00:02.000Z,1
2019-10-04T09:02:26.000Z,1
2019-10-04T09:22:45.000Z,2
2019-10-04T09:43:40.000Z,2
2019-10-04T09:45:57.000Z,1
2019-10-04T09:47:04.000Z,1
2019-10-04T09:55:53.000Z,1
2019-10-04T10:56:10.000Z,1
2019-10-04T11:09:17.000Z,1
2019-10-04T11:33:04.000Z,1
2019-10-04T11:49:48.000Z,1
2019-10-04T11:57:11.000Z,1
2019-10-04T12:46:03.000Z,1
2019-10-04T14:08:55.000Z,1
2019-10-04T14:11:54.000Z,1
2019-10-04T14:51:58.000Z,1
2019-10-04T15:33:59.000Z,1
2019-10-04T15:36:54.000Z,1
2019-10-04T15:43:17.000Z,1
2019-10-04T15:50:43.000Z,1
2019-10-04T15:53:31.000Z,1
2019-10-04T16:26:42.000Z,1
2019-10-04T16:29:09.000Z,2
2019-10-04T16:40:09.000Z,2
2019-10-04T16:43:24.000Z,1
2019-10-04T17:06:43.000Z,1
2019-10-04T17:15:24.000Z,1
2019-10-04T17:27:41.000Z,2
2019-10-04T18:15:07.000Z,1
2019-10-04T18:23:08.000Z,1
2019-10-04T18:26:44.000Z,1
2019-10-04T18:29:21.000Z,2
2019-10-04T18:54:50.000Z,1
2019-10-04T19:06:44.000Z,1
2019-10-04T19:51:10.000Z,1
2019-10-04T20:25:38.000Z,1
2019-10-04T20:35:44.000Z,1
2019-10-04T23:06:06.000Z,1
2019-10-05T05:05:06.000Z,1
2019-10-05T06:37:38.000Z,1
2019-10-05T06:47:29.000Z,1
2019-10-05T07:26:25.000Z,1
2019-10-05T09:23:06.000Z,1
2019-10-05T09:29:31.000Z,1
2019-10-05T10:23:36.000Z,1
2019-10-05T10:32:57.000Z,2
2019-10-01T05:39:20.000Z,1
2019-10-01T06:17:20.000Z,1
2019-10-01T06:18:39.000Z,1
2019-10-01T06:35:45.000Z,1
2019-10-01T06:50:50.000Z,1
2019-10-01T07:06:34.000Z,1
2019-10-01T07:10:47.000Z,1
2019-10-01T07:19:37.000Z,2
2019-10-01T07:21:02.000Z,1
2019-10-01T07:34:10.000Z,1
2019-10-01T07:47:09.000Z,1
2019-10-01T07:51:51.000Z,2
2019-10-01T07:55:21.000Z,1
2019-10-01T08:24:29.000Z,2
2019-10-01T08:27:41.000Z,1
2019-10-01T08:48:00.000Z,1
2019-10-01T09:47:39.000Z,1
2019-10-01T09:58:56.000Z,1
2019-10-01T12:04:34.000Z,1
2019-10-01T12:14:45.000Z,1
2019-10-01T17:40:37.000Z,1
2019-10-01T08:17:53.000Z,1
2019-10-01T08:26:40.000Z,1
2019-10-01T08:40:39.000Z,1
2019-10-01T08:48:54.000Z,1
2019-10-01T09:13:15.000Z,1
2019-10-01T09:54:28.000Z,1
2019-10-01T11:00:41.000Z,1
2019-10-01T11:31:53.000Z,1
2019-10-01T12:53:10.000Z,1
2019-10-01T12:53:29.000Z,1
2019-10-01T12:55:57.000Z,1
2019-10-01T13:45:05.000Z,1
2019-10-01T13:50:13.000Z,2
2019-10-01T14:12:39.000Z,1
2019-10-01T14:30:28.000Z,1
2019-10-01T14:34:26.000Z,1
2019-10-01T15:11:48.000Z,1
2019-10-01T15:17:17.000Z,1
2019-10-01T15:21:05.000Z,2
2019-10-01T15:48:18.000Z,1
2019-10-01T16:01:24.000Z,1
2019-10-01T16:25:59.000Z,1
2019-10-01T16:37:25.000Z,1
2019-10-01T16:49:32.000Z,2
2019-10-01T16:59:36.000Z,1
2019-10-01T17:03:30.000Z,1
2019-10-01T17:07:10.000Z,2
2019-10-01T17:07:24.000Z,1
2019-10-01T17:14:58.000Z,2
2019-10-01T17:42:12.000Z,1
2019-10-01T17:43:37.000Z,1
2019-10-01T17:53:56.000Z,2
2019-10-01T18:05:42.000Z,3
2019-10-01T18:33:36.000Z,1
2019-10-01T18:35:07.000Z,2
2019-10-01T18:41:14.000Z,1
2019-10-01T18:42:12.000Z,1
2019-10-01T19:04:02.000Z,1
2019-10-01T19:27:17.000Z,1
2019-10-01T19:57:41.000Z,1
2019-10-01T20:04:45.000Z,1
2019-10-01T20:16:30.000Z,1
2019-10-01T20:48:26.000Z,1
2019-10-01T20:54:50.000Z,1
2019-10-01T21:02:52.000Z,1
2019-10-01T21:05:13.000Z,1
2019-10-01T22:37:00.000Z,1
2019-10-01T23:08:04.000Z,1
2019-10-01T23:27:57.000Z,1
2019-10-02T05:22:17.000Z,1
2019-10-02T05:23:42.000Z,1
2019-10-02T06:25:38.000Z,1
2019-10-02T06:46:33.000Z,2
2019-10-02T06:53:52.000Z,1
2019-10-02T07:04:50.000Z,1
2019-10-02T07:07:23.000Z,1
2019-10-02T07:11:45.000Z,1
2019-10-02T07:22:21.000Z,1
2019-10-02T07:24:52.000Z,1
2019-10-02T07:40:31.000Z,2
2019-10-02T07:40:39.000Z,1
2019-10-02T07:44:33.000Z,1
2019-10-02T08:28:24.000Z,1
2019-10-02T08:37:20.000Z,1
2019-10-02T08:59:24.000Z,1
2019-10-02T09:27:09.000Z,1
2019-10-02T09:46:53.000Z,1
2019-10-02T10:11:25.000Z,1
2019-10-02T12:05:08.000Z,1
2019-10-02T12:31:27.000Z,1
2019-10-02T14:12:27.000Z,1
2019-10-02T15:34:33.000Z,1
2019-10-02T16:01:34.000Z,1
2019-10-02T16:04:55.000Z,1
2019-10-02T16:34:50.000Z,1
2019-10-02T16:56:05.000Z,2
2019-10-02T17:12:59.000Z,1
2019-10-02T17:16:01.000Z,2
2019-10-02T17:21:47.000Z,1
2019-10-02T17:40:08.000Z,1
2019-10-02T17:43:11.000Z,1
2019-10-02T18:30:15.000Z,1
2019-10-02T19:00:33.000Z,1
2019-10-02T19:04:21.000Z,1
2019-10-02T21:02:50.000Z,1
2019-10-02T21:18:50.000Z,1
2019-10-02T21:55:25.000Z,1
2019-10-02T22:02:27.000Z,1
2019-10-02T22:03:38.000Z,1
2019-10-03T04:29:06.000Z,1
2019-10-03T06:02:22.000Z,1
2019-10-03T07:08:30.000Z,1
2019-10-03T07:50:00.000Z,1
2019-10-03T07:51:54.000Z,2
2019-10-03T08:03:34.000Z,1
2019-10-03T08:19:34.000Z,1
2019-10-03T08:20:39.000Z,1
2019-10-03T08:21:10.000Z,1
2019-10-03T08:42:59.000Z,1
2019-10-03T09:02:10.000Z,1
2019-10-03T09:27:41.000Z,1
2019-10-03T09:43:49.000Z,1
2019-10-03T10:04:36.000Z,1
2019-10-03T11:21:37.000Z,1
2019-10-03T11:36:57.000Z,2
2019-10-03T12:48:33.000Z,1
2019-10-03T13:00:56.000Z,1
2019-10-03T13:01:22.000Z,1
2019-10-03T13:25:58.000Z,1
2019-10-03T13:35:19.000Z,1
2019-10-03T13:35:47.000Z,1
2019-10-03T13:47:59.000Z,1
2019-10-03T13:52:33.000Z,1
2019-10-03T14:11:10.000Z,1
2019-10-03T14:26:29.000Z,1
2019-10-03T14:46:17.000Z,1
2019-10-03T14:56:33.000Z,1
2019-10-03T15:16:50.000Z,1
2019-10-03T15:21:18.000Z,2
2019-10-03T15:56:51.000Z,1
2019-10-03T15:57:33.000Z,1
2019-10-03T15:59:31.000Z,1
2019-10-03T16:11:15.000Z,1
2019-10-03T16:18:48.000Z,2
2019-10-03T16:49:03.000Z,1
2019-10-03T16:56:05.000Z,2
2019-10-03T16:59:01.000Z,1
2019-10-03T17:00:31.000Z,2
2019-10-03T17:05:26.000Z,1
2019-10-03T17:11:38.000Z,1
2019-10-03T17:35:31.000Z,1
2019-10-03T17:35:43.000Z,1
2019-10-03T17:37:26.000Z,1
2019-10-03T17:46:38.000Z,1
2019-10-03T18:08:22.000Z,1
2019-10-03T18:19:10.000Z,2
2019-10-03T18:26:59.000Z,1
2019-10-03T18:44:48.000Z,1
2019-10-03T19:14:25.000Z,1
2019-10-03T19:22:43.000Z,1
2019-10-03T19:59:07.000Z,1
2019-10-03T20:05:49.000Z,1
2019-10-03T20:14:38.000Z,1
2019-10-03T20:19:45.000Z,1
2019-10-03T20:21:19.000Z,1
2019-10-03T20:22:02.000Z,1
2019-10-03T20:31:30.000Z,1
2019-10-03T21:43:54.000Z,2
2019-10-03T22:26:15.000Z,1
2019-10-03T22:55:06.000Z,1
2019-10-04T07:15:58.000Z,2
2019-10-04T07:23:49.000Z,3
2019-10-04T07:29:54.000Z,2
2019-10-04T07:48:52.000Z,3
2019-10-04T07:53:32.000Z,1
2019-10-04T07:55:47.000Z,1
2019-10-04T07:57:04.000Z,1
2019-10-04T08:31:39.000Z,1
2019-10-04T08:35:06.000Z,1
2019-10-04T08:50:09.000Z,2
2019-10-04T08:52:21.000Z,2
2019-10-04T08:53:15.000Z,1
2019-10-04T09:19:01.000Z,1
2019-10-04T09:24:47.000Z,1
2019-10-04T09:46:50.000Z,1
2019-10-04T10:00:49.000Z,1
2019-10-04T10:35:36.000Z,1
2019-10-04T11:06:08.000Z,1
2019-10-04T11:07:39.000Z,1
2019-10-04T11:19:12.000Z,1
2019-10-04T11:30:29.000Z,1
2019-10-04T11:35:16.000Z,1
2019-10-04T11:39:36.000Z,1
2019-10-04T11:42:57.000Z,2
2019-10-04T12:10:14.000Z,1
2019-10-04T12:46:31.000Z,2
2019-10-04T12:50:03.000Z,2
2019-10-04T12:55:05.000Z,2
2019-10-04T12:55:33.000Z,1
2019-10-04T13:03:24.000Z,1
2019-10-04T13:08:30.000Z,2
2019-10-04T13:36:40.000Z,1
2019-10-04T13:38:12.000Z,1
2019-10-04T13:39:27.000Z,1
2019-10-04T13:57:48.000Z,2
2019-10-04T14:26:33.000Z,1
2019-10-04T14:45:06.000Z,1
2019-10-04T15:10:45.000Z,1
2019-10-04T15:26:15.000Z,1
2019-10-04T15:34:32.000Z,1
2019-10-04T16:06:22.000Z,1
2019-10-04T16:15:09.000Z,1
2019-10-04T16:16:13.000Z,1
2019-10-04T16:30:41.000Z,1
2019-10-04T16:44:10.000Z,1
2019-10-04T16:45:15.000Z,1
2019-10-04T16:49:33.000Z,1
2019-10-04T16:56:16.000Z,1
2019-10-04T16:58:48.000Z,1
2019-10-04T17:11:05.000Z,1
2019-10-04T17:26:29.000Z,2
2019-10-04T17:32:20.000Z,1
2019-10-04T17:33:08.000Z,3
2019-10-04T17:50:26.000Z,1
2019-10-04T17:50:44.000Z,1
2019-10-04T17:52:29.000Z,1
2019-10-04T17:57:23.000Z,1
2019-10-04T18:06:00.000Z,3
2019-10-04T18:32:18.000Z,1
2019-10-04T18:41:25.000Z,1
2019-10-04T18:54:21.000Z,1
2019-10-04T18:54:46.000Z,1
2019-10-04T19:55:43.000Z,1
2019-10-04T19:55:58.000Z,1
2019-10-04T20:39:31.000Z,1
2019-10-04T20:57:40.000Z,1
2019-10-04T21:25:55.000Z,1
2019-10-04T21:33:07.000Z,2
2019-10-04T22:37:25.000Z,1
2019-10-04T23:24:24.000Z,1
2019-10-05T01:20:03.000Z,1
2019-10-05T01:53:37.000Z,1
2019-10-05T08:46:49.000Z,1
2019-10-05T09:51:53.000Z,1
2019-10-05T10:03:20.000Z,1
2019-10-05T10:26:32.000Z,1
2019-10-05T10:27:44.000Z,1
2019-10-05T10:30:29.000Z,2
2019-10-01T06:00:50.000Z,1
2019-10-01T06:15:23.000Z,1
2019-10-01T06:31:06.000Z,1
2019-10-01T06:40:32.000Z,1
2019-10-01T06:51:24.000Z,1
2019-10-01T07:01:02.000Z,1
2019-10-01T07:19:33.000Z,2
2019-10-01T07:22:39.000Z,1
2019-10-01T07:32:17.000Z,1
2019-10-01T07:40:48.000Z,1
2019-10-01T07:44:22.000Z,1
2019-10-01T07:46:14.000Z,1
2019-10-01T07:53:22.000Z,2
2019-10-01T07:57:03.000Z,1
2019-10-01T08:05:46.000Z,2
2019-10-01T08:11:28.000Z,2
2019-10-01T08:16:05.000Z,4
2019-10-01T08:51:12.000Z,1
2019-10-01T08:57:58.000Z,1
2019-10-01T10:52:56.000Z,1
2019-10-01T12:29:24.000Z,1
2019-10-01T13:02:56.000Z,1
2019-10-01T16:15:05.000Z,1
2019-10-01T08:06:43.000Z,1
2019-10-01T08:24:20.000Z,1
2019-10-01T08:42:21.000Z,1
2019-10-01T08:49:13.000Z,1
2019-10-01T08:54:39.000Z,1
2019-10-01T09:08:36.000Z,1
2019-10-01T10:10:32.000Z,1
2019-10-01T10:27:49.000Z,1
2019-10-01T11:04:06.000Z,1
2019-10-01T11:33:12.000Z,2
2019-10-01T11:36:22.000Z,1
2019-10-01T13:20:53.000Z,2
2019-10-01T13:36:06.000Z,1
2019-10-01T14:20:03.000Z,1
2019-10-01T15:02:33.000Z,1
2019-10-01T15:05:56.000Z,1
2019-10-01T15:19:02.000Z,1
2019-10-01T15:48:09.000Z,1
2019-10-01T16:02:39.000Z,1
2019-10-01T16:05:40.000Z,1
2019-10-01T16:20:13.000Z,1
2019-10-01T16:23:39.000Z,2
2019-10-01T16:31:34.000Z,1
2019-10-01T16:45:02.000Z,1
2019-10-01T17:00:13.000Z,1
2019-10-01T17:06:47.000Z,3
2019-10-01T17:08:33.000Z,2
2019-10-01T17:11:15.000Z,2
2019-10-01T17:19:38.000Z,1
2019-10-01T17:22:22.000Z,1
2019-10-01T17:29:00.000Z,1
2019-10-01T17:29:37.000Z,1
2019-10-01T17:33:26.000Z,1
2019-10-01T17:33:32.000Z,1
2019-10-01T17:40:21.000Z,1
2019-10-01T17:48:24.000Z,1
2019-10-01T17:55:29.000Z,1
2019-10-01T17:55:38.000Z,1
2019-10-01T18:04:02.000Z,1
2019-10-01T18:08:32.000Z,2
2019-10-01T18:08:47.000Z,1
2019-10-01T18:28:59.000Z,1
2019-10-01T18:30:48.000Z,1
2019-10-01T18:36:12.000Z,1
2019-10-01T18:36:51.000Z,1
2019-10-01T18:37:23.000Z,1
2019-10-01T18:47:06.000Z,1
2019-10-01T19:04:09.000Z,1
2019-10-01T19:17:29.000Z,2
2019-10-01T19:28:29.000Z,1
2019-10-01T19:28:53.000Z,1
2019-10-01T19:32:24.000Z,1
2019-10-01T19:36:59.000Z,1
2019-10-01T20:04:49.000Z,1
2019-10-01T20:08:28.000Z,1
2019-10-01T20:43:46.000Z,1
2019-10-01T21:19:31.000Z,1
2019-10-01T23:18:03.000Z,1
2019-10-01T23:29:18.000Z,1
2019-10-02T05:51:39.000Z,1
2019-10-02T06:32:27.000Z,1
2019-10-02T06:57:01.000Z,1
2019-10-02T08:09:22.000Z,1
2019-10-02T08:19:24.000Z,2
2019-10-02T08:30:19.000Z,1
2019-10-02T08:37:50.000Z,1
2019-10-02T08:50:49.000Z,1
2019-10-02T08:57:34.000Z,1
2019-10-02T11:00:34.000Z,1
2019-10-02T11:41:36.000Z,1
2019-10-02T11:51:54.000Z,1
2019-10-02T12:08:56.000Z,1
2019-10-02T12:38:45.000Z,1
2019-10-02T14:50:22.000Z,1
2019-10-02T15:34:42.000Z,1
2019-10-02T15:54:42.000Z,1
2019-10-02T15:55:10.000Z,1
2019-10-02T16:08:12.000Z,2
2019-10-02T16:12:42.000Z,1
2019-10-02T16:30:07.000Z,1
2019-10-02T16:32:57.000Z,1
2019-10-02T16:44:01.000Z,2
2019-10-02T16:58:10.000Z,1
2019-10-02T17:03:32.000Z,1
2019-10-02T17:11:53.000Z,2
2019-10-02T17:27:57.000Z,2
2019-10-02T17:34:49.000Z,3
2019-10-02T17:35:19.000Z,1
2019-10-02T17:38:09.000Z,1
2019-10-02T17:45:51.000Z,1
2019-10-02T18:09:52.000Z,1
2019-10-02T18:10:13.000Z,1
2019-10-02T18:21:24.000Z,1
2019-10-02T19:53:07.000Z,1
2019-10-02T20:09:08.000Z,1
2019-10-02T21:28:04.000Z,1
2019-10-02T22:01:09.000Z,1
2019-10-03T05:43:40.000Z,1
2019-10-03T06:11:46.000Z,1
2019-10-03T06:22:29.000Z,1
2019-10-03T06:36:39.000Z,2
2019-10-03T06:56:37.000Z,1
2019-10-03T07:02:37.000Z,1
2019-10-03T07:13:05.000Z,1
2019-10-03T07:13:01.000Z,1
2019-10-03T07:21:59.000Z,2
2019-10-03T07:29:54.000Z,2
2019-10-03T07:34:55.000Z,1
2019-10-03T07:50:17.000Z,1
2019-10-03T07:57:11.000Z,1
2019-10-03T08:05:02.000Z,2
2019-10-03T08:20:29.000Z,1
2019-10-03T08:21:30.000Z,2
2019-10-03T08:21:29.000Z,1
2019-10-03T08:30:53.000Z,3
2019-10-03T08:35:54.000Z,1
2019-10-03T08:47:07.000Z,1
2019-10-03T08:50:56.000Z,1
2019-10-03T08:53:58.000Z,1
2019-10-03T08:55:31.000Z,1
2019-10-03T08:56:20.000Z,1
2019-10-03T09:06:00.000Z,1
2019-10-03T09:11:18.000Z,1
2019-10-03T10:14:27.000Z,1
2019-10-03T11:40:48.000Z,1
2019-10-03T12:19:49.000Z,1
2019-10-03T12:56:51.000Z,2
2019-10-03T13:53:11.000Z,1
2019-10-03T14:11:20.000Z,1
2019-10-03T14:30:44.000Z,1
2019-10-03T14:36:45.000Z,1
2019-10-03T14:53:58.000Z,3
2019-10-03T15:04:14.000Z,1
2019-10-03T15:16:28.000Z,1
2019-10-03T15:47:12.000Z,1
2019-10-03T15:48:29.000Z,1
2019-10-03T16:26:40.000Z,1
2019-10-03T16:32:39.000Z,1
2019-10-03T16:34:49.000Z,1
2019-10-03T16:36:56.000Z,1
2019-10-03T16:38:06.000Z,2
2019-10-03T16:42:45.000Z,2
2019-10-03T16:51:34.000Z,1
2019-10-03T16:56:44.000Z,1
2019-10-03T16:58:15.000Z,1
2019-10-03T17:05:49.000Z,1
2019-10-03T17:13:47.000Z,1
2019-10-03T17:19:59.000Z,1
2019-10-03T17:30:41.000Z,2
2019-10-03T17:45:57.000Z,1
2019-10-03T17:46:49.000Z,1
2019-10-03T17:47:32.000Z,2
2019-10-03T17:52:53.000Z,1
2019-10-03T17:53:21.000Z,1
2019-10-03T18:03:33.000Z,1
2019-10-03T18:04:55.000Z,1
2019-10-03T18:10:04.000Z,1
2019-10-03T18:12:21.000Z,2
2019-10-03T18:31:46.000Z,1
2019-10-03T18:33:34.000Z,1
2019-10-03T18:41:40.000Z,1
2019-10-03T18:58:24.000Z,1
2019-10-03T19:17:07.000Z,1
2019-10-03T19:34:17.000Z,1
2019-10-03T19:47:12.000Z,1
2019-10-03T19:49:19.000Z,1
2019-10-03T19:53:05.000Z,1
2019-10-03T20:10:50.000Z,1
2019-10-03T20:47:25.000Z,1
2019-10-03T21:27:00.000Z,1
2019-10-03T21:56:25.000Z,1
2019-10-03T21:57:11.000Z,1
2019-10-03T22:35:16.000Z,1
2019-10-03T22:46:27.000Z,1
2019-10-03T23:06:44.000Z,1
2019-10-03T23:20:45.000Z,1
2019-10-03T23:23:32.000Z,1
2019-10-04T00:38:09.000Z,1
2019-10-04T05:53:41.000Z,1
2019-10-04T06:26:49.000Z,1
2019-10-04T07:06:13.000Z,1
2019-10-04T07:20:25.000Z,1
2019-10-04T07:32:52.000Z,1
2019-10-04T07:41:38.000Z,1
2019-10-04T07:53:09.000Z,1
2019-10-04T07:55:41.000Z,1
2019-10-04T08:16:58.000Z,2
2019-10-04T08:25:18.000Z,1
2019-10-04T08:43:06.000Z,2
2019-10-04T09:03:56.000Z,1
2019-10-04T09:28:56.000Z,1
2019-10-04T09:52:34.000Z,1
2019-10-04T10:27:30.000Z,1
2019-10-04T10:40:12.000Z,1
2019-10-04T10:41:53.000Z,1
2019-10-04T11:57:25.000Z,1
2019-10-04T12:00:27.000Z,1
2019-10-04T12:17:26.000Z,1
2019-10-04T12:17:40.000Z,1
2019-10-04T13:00:32.000Z,1
2019-10-04T13:07:21.000Z,1
2019-10-04T13:50:22.000Z,1
2019-10-04T14:24:46.000Z,1
2019-10-04T14:46:47.000Z,1
2019-10-04T14:52:14.000Z,1
2019-10-04T15:12:37.000Z,1
2019-10-04T15:45:19.000Z,1
2019-10-04T15:57:03.000Z,1
2019-10-04T16:06:51.000Z,1
2019-10-04T16:12:04.000Z,1
2019-10-04T16:18:06.000Z,3
2019-10-04T16:23:40.000Z,1
2019-10-04T16:28:04.000Z,1
2019-10-04T16:48:18.000Z,1
2019-10-04T17:00:21.000Z,1
2019-10-04T17:00:56.000Z,1
2019-10-04T17:02:07.000Z,1
2019-10-04T17:03:52.000Z,2
2019-10-04T17:05:52.000Z,2
2019-10-04T17:06:08.000Z,1
2019-10-04T17:06:40.000Z,1
2019-10-04T17:14:47.000Z,1
2019-10-04T17:23:35.000Z,2
2019-10-04T17:28:27.000Z,2
2019-10-04T17:28:32.000Z,1
2019-10-04T17:29:05.000Z,1
2019-10-04T17:37:24.000Z,1
2019-10-04T17:37:50.000Z,1
2019-10-04T17:42:05.000Z,1
2019-10-04T17:44:21.000Z,1
2019-10-04T17:45:19.000Z,2
2019-10-04T18:08:36.000Z,1
2019-10-04T19:54:52.000Z,1
2019-10-04T20:20:37.000Z,1
2019-10-04T20:38:44.000Z,1
2019-10-04T21:55:33.000Z,1
2019-10-04T22:03:54.000Z,1
2019-10-04T22:33:16.000Z,1
2019-10-04T22:46:09.000Z,1
2019-10-05T00:02:28.000Z,1
2019-10-05T00:38:24.000Z,1
2019-10-05T01:31:16.000Z,1
2019-10-05T06:28:18.000Z,1
2019-10-05T07:27:30.000Z,1
2019-10-05T08:20:30.000Z,1
2019-10-05T08:20:54.000Z,2
2019-10-05T08:42:42.000Z,1
2019-10-05T08:44:09.000Z,1
2019-10-05T09:12:02.000Z,1
2019-10-05T09:17:13.000Z,1
2019-10-05T09:20:56.000Z,1
2019-10-05T09:27:34.000Z,1
2019-10-05T09:57:05.000Z,1
2019-10-05T10:19:27.000Z,1
2019-10-05T10:34:20.000Z,1
2019-10-05T10:39:22.000Z,2
2019-10-01T00:43:04.000Z,1
2019-10-01T06:54:39.000Z,1
2019-10-01T07:05:55.000Z,1
2019-10-01T07:11:40.000Z,1
2019-10-01T07:33:35.000Z,1
2019-10-01T07:50:39.000Z,2
2019-10-01T07:56:02.000Z,1
2019-10-01T07:58:38.000Z,1
2019-10-01T07:59:33.000Z,1
2019-10-01T08:11:29.000Z,1
2019-10-01T08:31:16.000Z,2
2019-10-01T08:31:26.000Z,1
2019-10-01T08:38:27.000Z,1
2019-10-01T09:35:34.000Z,1
2019-10-01T11:19:09.000Z,1
2019-10-01T12:18:41.000Z,1
2019-10-01T14:05:17.000Z,1
2019-10-01T15:42:24.000Z,1
2019-10-01T08:06:12.000Z,1
2019-10-01T08:33:24.000Z,3
2019-10-01T08:42:40.000Z,2
2019-10-01T08:46:46.000Z,1
2019-10-01T09:13:23.000Z,1
2019-10-01T09:19:50.000Z,1
2019-10-01T09:42:47.000Z,1
2019-10-01T10:19:59.000Z,1
2019-10-01T10:30:40.000Z,1
2019-10-01T11:01:22.000Z,1
2019-10-01T11:12:47.000Z,1
2019-10-01T11:53:03.000Z,1
2019-10-01T11:55:40.000Z,3
2019-10-01T12:06:17.000Z,1
2019-10-01T12:10:50.000Z,1
2019-10-01T12:27:38.000Z,2
2019-10-01T13:46:15.000Z,1
2019-10-01T13:56:48.000Z,1
2019-10-01T13:59:34.000Z,1
2019-10-01T14:12:04.000Z,1
2019-10-01T14:19:50.000Z,1
2019-10-01T14:33:53.000Z,1
2019-10-01T14:54:54.000Z,1
2019-10-01T15:01:22.000Z,1
2019-10-01T15:03:01.000Z,1
2019-10-01T16:20:51.000Z,1
2019-10-01T16:25:32.000Z,1
2019-10-01T16:28:33.000Z,1
2019-10-01T16:28:57.000Z,1
2019-10-01T16:42:10.000Z,3
2019-10-01T16:43:40.000Z,1
2019-10-01T17:00:56.000Z,1
2019-10-01T17:04:37.000Z,2
2019-10-01T17:06:54.000Z,1
2019-10-01T17:09:32.000Z,1
2019-10-01T17:15:01.000Z,3
2019-10-01T17:23:32.000Z,1
2019-10-01T17:34:23.000Z,1
2019-10-01T17:45:45.000Z,1
2019-10-01T17:55:30.000Z,1
2019-10-01T18:00:46.000Z,2
2019-10-01T18:06:46.000Z,2
2019-10-01T18:31:52.000Z,1
2019-10-01T18:32:10.000Z,2
2019-10-01T18:35:55.000Z,1
2019-10-01T18:36:58.000Z,2
2019-10-01T18:41:53.000Z,1
2019-10-01T18:47:19.000Z,2
2019-10-01T19:13:00.000Z,1
2019-10-01T19:28:06.000Z,1
2019-10-01T19:29:45.000Z,1
2019-10-01T19:39:41.000Z,1
2019-10-01T19:46:15.000Z,1
2019-10-01T20:01:08.000Z,1
2019-10-01T20:21:46.000Z,1
2019-10-01T21:10:30.000Z,1
2019-10-01T21:49:46.000Z,1
2019-10-01T22:35:58.000Z,1
2019-10-01T22:41:26.000Z,1
2019-10-01T23:29:24.000Z,1
2019-10-01T23:35:20.000Z,1
2019-10-02T00:03:33.000Z,1
2019-10-02T05:44:18.000Z,1
2019-10-02T05:46:21.000Z,1
2019-10-02T06:15:01.000Z,1
2019-10-02T06:32:26.000Z,1
2019-10-02T06:54:47.000Z,1
2019-10-02T06:57:04.000Z,1
2019-10-02T07:04:40.000Z,1
2019-10-02T07:06:07.000Z,1
2019-10-02T09:00:32.000Z,1
2019-10-02T09:04:24.000Z,1
2019-10-02T09:32:23.000Z,1
2019-10-02T10:53:31.000Z,1
2019-10-02T11:41:12.000Z,1
2019-10-02T12:06:11.000Z,1
2019-10-02T12:10:48.000Z,1
2019-10-02T12:45:45.000Z,1
2019-10-02T12:54:05.000Z,1
2019-10-02T13:09:37.000Z,1
2019-10-02T13:36:09.000Z,1
2019-10-02T13:59:37.000Z,1
2019-10-02T14:16:22.000Z,1
2019-10-02T14:24:28.000Z,1
2019-10-02T14:26:49.000Z,1
2019-10-02T14:46:28.000Z,1
2019-10-02T15:08:20.000Z,1
2019-10-02T15:58:36.000Z,1
2019-10-02T16:29:48.000Z,2
2019-10-02T16:36:27.000Z,1
2019-10-02T16:41:29.000Z,1
2019-10-02T17:00:02.000Z,1
2019-10-02T17:26:16.000Z,1
2019-10-02T17:31:17.000Z,1
2019-10-02T17:34:04.000Z,2
2019-10-02T17:47:37.000Z,1
2019-10-02T17:54:40.000Z,1
2019-10-02T19:17:38.000Z,1
2019-10-02T19:29:56.000Z,1
2019-10-02T19:34:54.000Z,1
2019-10-02T22:15:12.000Z,1
2019-10-02T22:22:04.000Z,1
2019-10-02T22:26:03.000Z,1
2019-10-03T03:41:08.000Z,1
2019-10-03T03:58:18.000Z,1
2019-10-03T06:02:52.000Z,2
2019-10-03T06:32:30.000Z,1
2019-10-03T06:53:14.000Z,1
2019-10-03T07:01:19.000Z,1
2019-10-03T07:02:38.000Z,1
2019-10-03T07:18:13.000Z,1
2019-10-03T07:31:46.000Z,1
2019-10-03T07:33:46.000Z,1
2019-10-03T07:36:09.000Z,1
2019-10-03T07:47:01.000Z,1
2019-10-03T07:58:59.000Z,1
2019-10-03T08:50:36.000Z,1
2019-10-03T08:54:45.000Z,1
2019-10-03T09:00:11.000Z,1
2019-10-03T09:02:22.000Z,1
2019-10-03T09:07:49.000Z,1
2019-10-03T09:37:49.000Z,1
2019-10-03T10:02:21.000Z,1
2019-10-03T10:17:46.000Z,1
2019-10-03T10:33:05.000Z,1
2019-10-03T10:52:38.000Z,1
2019-10-03T10:55:41.000Z,1
2019-10-03T11:34:50.000Z,1
2019-10-03T12:08:12.000Z,1
2019-10-03T12:55:40.000Z,1
2019-10-03T13:08:01.000Z,1
2019-10-03T13:55:33.000Z,1
2019-10-03T14:33:23.000Z,1
2019-10-03T15:08:08.000Z,1
2019-10-03T15:26:46.000Z,1
2019-10-03T15:41:11.000Z,2
2019-10-03T16:00:33.000Z,2
2019-10-03T16:05:37.000Z,1
2019-10-03T16:21:30.000Z,1
2019-10-03T16:22:26.000Z,1
2019-10-03T16:29:16.000Z,1
2019-10-03T16:40:56.000Z,2
2019-10-03T16:45:42.000Z,1
2019-10-03T17:00:28.000Z,1
2019-10-03T17:16:11.000Z,4
2019-10-03T17:17:59.000Z,2
2019-10-03T17:30:00.000Z,1
2019-10-03T17:31:41.000Z,1
2019-10-03T17:39:35.000Z,2
2019-10-03T17:52:21.000Z,1
2019-10-03T18:14:20.000Z,1
2019-10-03T18:20:49.000Z,1
2019-10-03T18:29:21.000Z,1
2019-10-03T18:46:57.000Z,1
2019-10-03T19:03:33.000Z,2
2019-10-03T19:04:51.000Z,1
2019-10-03T19:20:21.000Z,1
2019-10-03T19:24:06.000Z,1
2019-10-03T19:31:14.000Z,1
2019-10-03T19:34:20.000Z,1
2019-10-03T19:35:17.000Z,1
2019-10-03T19:35:23.000Z,1
2019-10-03T19:47:24.000Z,1
2019-10-03T19:48:02.000Z,1
2019-10-04T00:16:24.000Z,1
2019-10-04T05:23:51.000Z,1
2019-10-04T05:49:08.000Z,1
2019-10-04T06:24:23.000Z,1
2019-10-04T07:27:01.000Z,1
2019-10-04T07:36:23.000Z,1
2019-10-04T07:38:28.000Z,1
2019-10-04T07:40:13.000Z,1
2019-10-04T07:47:47.000Z,1
2019-10-04T07:59:52.000Z,1
2019-10-04T08:00:12.000Z,1
2019-10-04T08:11:15.000Z,1
2019-10-04T08:11:12.000Z,2
2019-10-04T08:21:59.000Z,1
2019-10-04T08:26:56.000Z,1
2019-10-04T08:29:44.000Z,2
2019-10-04T08:35:04.000Z,1
2019-10-04T08:38:14.000Z,1
2019-10-04T08:41:42.000Z,1
2019-10-04T08:46:09.000Z,2
2019-10-04T09:09:39.000Z,1
2019-10-04T09:12:19.000Z,1
2019-10-04T09:35:26.000Z,1
2019-10-04T09:44:17.000Z,1
2019-10-04T10:11:22.000Z,1
2019-10-04T10:59:56.000Z,1
2019-10-04T11:03:20.000Z,1
2019-10-04T11:14:34.000Z,1
2019-10-04T11:15:52.000Z,1
2019-10-04T11:39:41.000Z,1
2019-10-04T11:41:47.000Z,1
2019-10-04T11:44:22.000Z,1
2019-10-04T11:51:22.000Z,2
2019-10-04T12:07:12.000Z,1
2019-10-04T12:07:27.000Z,1
2019-10-04T12:12:40.000Z,1
2019-10-04T13:12:58.000Z,1
2019-10-04T13:42:11.000Z,1
2019-10-04T13:54:37.000Z,1
2019-10-04T14:09:43.000Z,1
2019-10-04T14:10:34.000Z,1
2019-10-04T15:02:38.000Z,1
2019-10-04T15:03:34.000Z,1
2019-10-04T15:21:36.000Z,1
2019-10-04T15:32:08.000Z,1
2019-10-04T15:37:43.000Z,1
2019-10-04T15:51:50.000Z,1
2019-10-04T16:05:35.000Z,1
2019-10-04T16:14:09.000Z,1
2019-10-04T16:24:23.000Z,1
2019-10-04T16:33:17.000Z,1
2019-10-04T16:35:04.000Z,1
2019-10-04T16:44:56.000Z,1
2019-10-04T17:19:51.000Z,1
2019-10-04T17:33:43.000Z,1
2019-10-04T17:38:05.000Z,1
2019-10-04T18:12:28.000Z,1
2019-10-04T18:17:47.000Z,2
2019-10-04T18:43:53.000Z,1
2019-10-04T18:47:51.000Z,4
2019-10-04T19:00:58.000Z,1
2019-10-04T19:53:20.000Z,1
2019-10-04T21:27:46.000Z,1
2019-10-04T21:46:56.000Z,1
2019-10-04T22:24:11.000Z,1
2019-10-04T22:50:24.000Z,1
2019-10-04T23:48:45.000Z,1
2019-10-05T01:19:12.000Z,1
2019-10-05T01:46:45.000Z,1
2019-10-05T03:47:22.000Z,1
2019-10-05T07:16:33.000Z,1
2019-10-05T08:39:12.000Z,1
2019-10-05T09:00:20.000Z,1
2019-10-05T09:03:42.000Z,1
2019-10-05T09:06:55.000Z,2
2019-10-05T09:22:59.000Z,1
2019-10-05T09:37:25.000Z,1
2019-10-05T09:44:32.000Z,1
2019-10-05T10:28:03.000Z,1
2019-10-05T10:44:07.000Z,1
2019-10-05T10:50:00.000Z,2
2019-10-01T06:47:14.000Z,1
2019-10-01T06:56:56.000Z,1
2019-10-01T07:54:07.000Z,2
2019-10-01T07:54:45.000Z,1
2019-10-01T08:16:04.000Z,2
2019-10-01T08:32:17.000Z,1
2019-10-01T08:52:37.000Z,1
2019-10-01T09:18:14.000Z,1
2019-10-01T10:49:51.000Z,1
2019-10-01T12:16:54.000Z,1
2019-10-01T12:49:30.000Z,1
2019-10-01T14:43:47.000Z,2
2019-10-01T16:12:06.000Z,1
2019-10-01T17:10:29.000Z,2
2019-10-01T07:10:55.000Z,1
2019-10-01T09:54:03.000Z,1
2019-10-01T10:00:20.000Z,1
2019-10-01T10:23:06.000Z,1
2019-10-01T10:55:20.000Z,2
2019-10-01T11:50:30.000Z,1
2019-10-01T12:05:57.000Z,1
2019-10-01T12:38:13.000Z,1
2019-10-01T12:49:10.000Z,1
2019-10-01T12:50:29.000Z,1
2019-10-01T13:33:07.000Z,2
2019-10-01T14:09:52.000Z,1
2019-10-01T15:58:54.000Z,1
2019-10-01T16:10:40.000Z,1
2019-10-01T16:30:11.000Z,3
2019-10-01T16:32:47.000Z,1
2019-10-01T16:43:07.000Z,1
2019-10-01T16:59:33.000Z,2
2019-10-01T17:05:19.000Z,1
2019-10-01T17:06:02.000Z,2
2019-10-01T17:07:43.000Z,2
2019-10-01T17:08:26.000Z,1
2019-10-01T17:31:15.000Z,1
2019-10-01T17:35:45.000Z,1
2019-10-01T17:39:05.000Z,2
2019-10-01T17:39:13.000Z,1
2019-10-01T17:52:29.000Z,1
2019-10-01T17:52:38.000Z,1
2019-10-01T17:53:42.000Z,1
2019-10-01T18:13:50.000Z,1
2019-10-01T18:14:17.000Z,2
2019-10-01T18:21:28.000Z,1
2019-10-01T18:22:01.000Z,2
2019-10-01T18:23:51.000Z,1
2019-10-01T18:29:00.000Z,1
2019-10-01T18:32:27.000Z,2
2019-10-01T18:41:25.000Z,1
2019-10-01T18:43:57.000Z,1
2019-10-01T18:45:13.000Z,1
2019-10-01T18:49:32.000Z,2
2019-10-01T18:52:07.000Z,1
2019-10-01T18:55:18.000Z,1
2019-10-01T19:19:59.000Z,1
2019-10-01T19:53:57.000Z,1
2019-10-01T20:03:13.000Z,1
2019-10-01T21:00:53.000Z,1
2019-10-01T21:10:04.000Z,1
2019-10-01T21:26:54.000Z,1
2019-10-01T22:09:50.000Z,1
2019-10-01T22:20:24.000Z,1
2019-10-01T23:10:46.000Z,1
2019-10-01T23:50:36.000Z,1
2019-10-02T07:10:54.000Z,1
2019-10-02T07:20:53.000Z,1
2019-10-02T07:29:28.000Z,1
2019-10-02T07:51:09.000Z,1
2019-10-02T07:53:01.000Z,2
2019-10-02T07:53:31.000Z,1
2019-10-02T08:17:02.000Z,1
2019-10-02T08:24:11.000Z,1
2019-10-02T08:25:42.000Z,1
2019-10-02T08:26:30.000Z,1
2019-10-02T08:31:37.000Z,1
2019-10-02T08:33:49.000Z,1
2019-10-02T08:40:53.000Z,1
2019-10-02T08:41:17.000Z,1
2019-10-02T08:53:44.000Z,2
2019-10-02T09:00:16.000Z,1
2019-10-02T09:13:07.000Z,1
2019-10-02T10:09:16.000Z,1
2019-10-02T10:16:14.000Z,2
2019-10-02T10:39:56.000Z,1
2019-10-02T11:24:58.000Z,1
2019-10-02T11:29:46.000Z,1
2019-10-02T11:40:05.000Z,1
2019-10-02T11:41:34.000Z,1
2019-10-02T11:42:21.000Z,1
2019-10-02T12:06:56.000Z,1
2019-10-02T12:18:37.000Z,1
2019-10-02T13:54:18.000Z,1
2019-10-02T14:28:54.000Z,1
2019-10-02T15:09:11.000Z,1
2019-10-02T15:26:30.000Z,1
2019-10-02T17:14:36.000Z,1
2019-10-02T17:19:49.000Z,1
2019-10-02T17:35:56.000Z,1
2019-10-02T17:41:28.000Z,1
2019-10-02T18:01:34.000Z,1
2019-10-02T18:14:12.000Z,1
2019-10-02T18:31:45.000Z,1
2019-10-02T18:43:14.000Z,1
2019-10-02T19:12:08.000Z,1
2019-10-02T19:17:52.000Z,1
2019-10-02T19:34:28.000Z,1
2019-10-02T20:23:04.000Z,1
2019-10-02T22:20:26.000Z,1
2019-10-03T06:34:27.000Z,1
2019-10-03T06:59:23.000Z,1
2019-10-03T07:01:17.000Z,1
2019-10-03T07:01:30.000Z,1
2019-10-03T07:21:17.000Z,1
2019-10-03T07:24:20.000Z,1
2019-10-03T07:30:46.000Z,1
2019-10-03T08:03:32.000Z,1
2019-10-03T08:04:39.000Z,1
2019-10-03T08:14:57.000Z,1
2019-10-03T08:22:19.000Z,2
2019-10-03T08:24:41.000Z,1
2019-10-03T08:26:07.000Z,1
2019-10-03T08:47:45.000Z,2
2019-10-03T09:14:29.000Z,1
2019-10-03T09:15:37.000Z,2
2019-10-03T09:26:40.000Z,1
2019-10-03T10:59:56.000Z,1
2019-10-03T11:01:03.000Z,1
2019-10-03T11:22:30.000Z,1
2019-10-03T12:01:31.000Z,1
2019-10-03T12:52:07.000Z,1
2019-10-03T12:54:46.000Z,1
2019-10-03T12:58:28.000Z,1
2019-10-03T13:05:41.000Z,1
2019-10-03T13:43:10.000Z,1
2019-10-03T13:43:26.000Z,1
2019-10-03T13:44:28.000Z,1
2019-10-03T13:44:50.000Z,1
2019-10-03T14:04:17.000Z,2
2019-10-03T14:12:46.000Z,1
2019-10-03T14:15:09.000Z,1
2019-10-03T14:44:16.000Z,1
2019-10-03T14:54:11.000Z,1
2019-10-03T15:19:09.000Z,1
2019-10-03T16:05:08.000Z,1
2019-10-03T16:16:01.000Z,1
2019-10-03T16:54:13.000Z,2
2019-10-03T17:03:11.000Z,1
2019-10-03T17:03:38.000Z,1
2019-10-03T17:12:08.000Z,1
2019-10-03T17:28:20.000Z,1
2019-10-03T17:42:14.000Z,2
2019-10-03T17:43:18.000Z,1
2019-10-03T17:44:25.000Z,1
2019-10-03T17:49:24.000Z,1
2019-10-03T18:02:53.000Z,1
2019-10-03T18:03:54.000Z,1
2019-10-03T18:05:29.000Z,1
2019-10-03T18:08:49.000Z,1
2019-10-03T18:13:40.000Z,1
2019-10-03T18:13:54.000Z,1
2019-10-03T18:14:59.000Z,1
2019-10-03T18:15:19.000Z,1
2019-10-03T18:24:09.000Z,2
2019-10-03T18:28:53.000Z,1
2019-10-03T18:34:59.000Z,1
2019-10-03T18:53:51.000Z,1
2019-10-03T19:00:16.000Z,1
2019-10-03T19:11:20.000Z,1
2019-10-03T19:29:25.000Z,1
2019-10-03T19:41:23.000Z,1
2019-10-03T19:43:11.000Z,1
2019-10-03T19:46:26.000Z,1
2019-10-03T19:53:37.000Z,1
2019-10-03T21:10:17.000Z,1
2019-10-03T21:15:51.000Z,1
2019-10-03T21:17:15.000Z,1
2019-10-03T21:28:35.000Z,1
2019-10-03T21:36:38.000Z,1
2019-10-03T23:56:54.000Z,1
2019-10-04T06:30:41.000Z,1
2019-10-04T06:38:19.000Z,1
2019-10-04T06:55:15.000Z,1
2019-10-04T07:00:32.000Z,1
2019-10-04T07:03:11.000Z,1
2019-10-04T07:04:19.000Z,1
2019-10-04T07:16:14.000Z,1
2019-10-04T07:47:35.000Z,2
2019-10-04T07:50:36.000Z,1
2019-10-04T08:03:13.000Z,1
2019-10-04T08:03:39.000Z,1
2019-10-04T08:14:00.000Z,1
2019-10-04T08:16:16.000Z,1
2019-10-04T08:19:41.000Z,1
2019-10-04T08:20:25.000Z,1
2019-10-04T08:52:23.000Z,1
2019-10-04T08:57:32.000Z,1
2019-10-04T09:15:09.000Z,1
2019-10-04T09:17:16.000Z,1
2019-10-04T09:28:55.000Z,1
2019-10-04T09:32:46.000Z,1
2019-10-04T10:58:17.000Z,1
2019-10-04T11:05:32.000Z,1
2019-10-04T12:13:10.000Z,1
2019-10-04T12:25:32.000Z,1
2019-10-04T12:25:42.000Z,1
2019-10-04T13:56:52.000Z,1
2019-10-04T14:16:48.000Z,1
2019-10-04T15:31:23.000Z,1
2019-10-04T15:38:06.000Z,1
2019-10-04T15:46:59.000Z,2
2019-10-04T15:53:51.000Z,1
2019-10-04T16:06:13.000Z,1
2019-10-04T16:16:59.000Z,1
2019-10-04T16:31:44.000Z,1
2019-10-04T16:38:03.000Z,1
2019-10-04T16:43:37.000Z,1
2019-10-04T16:51:21.000Z,2
2019-10-04T16:55:49.000Z,1
2019-10-04T17:00:28.000Z,1
2019-10-04T17:12:54.000Z,1
2019-10-04T17:15:46.000Z,2
2019-10-04T17:16:25.000Z,1
2019-10-04T17:19:42.000Z,1
2019-10-04T17:39:10.000Z,1
2019-10-04T17:54:46.000Z,1
2019-10-04T17:57:35.000Z,1
2019-10-04T17:59:53.000Z,3
2019-10-04T18:33:26.000Z,1
2019-10-04T18:54:42.000Z,2
2019-10-04T20:07:47.000Z,1
2019-10-04T21:23:06.000Z,1
2019-10-04T22:02:37.000Z,2
2019-10-04T22:47:47.000Z,1
2019-10-04T22:53:24.000Z,1
2019-10-04T23:11:25.000Z,1
2019-10-05T01:15:01.000Z,1
2019-10-05T07:33:36.000Z,1
2019-10-05T07:43:49.000Z,1
2019-10-05T07:52:29.000Z,1
2019-10-05T08:58:56.000Z,1
2019-10-05T09:03:32.000Z,1
2019-10-05T09:09:05.000Z,1
2019-10-05T09:58:33.000Z,1
2019-10-05T10:08:15.000Z,1
2019-10-05T10:25:11.000Z,1
2019-10-01T06:23:24.000Z,1
2019-10-01T06:30:38.000Z,1
2019-10-01T06:43:20.000Z,1
2019-10-01T07:16:34.000Z,1
2019-10-01T07:23:27.000Z,1
2019-10-01T07:27:33.000Z,1
2019-10-01T07:49:05.000Z,1
2019-10-01T07:52:35.000Z,1
2019-10-01T07:59:28.000Z,2
2019-10-01T08:01:12.000Z,1
2019-10-01T08:13:29.000Z,1
2019-10-01T08:25:14.000Z,1
2019-10-01T08:39:58.000Z,1
2019-10-01T08:47:46.000Z,1
2019-10-01T08:57:47.000Z,1
2019-10-01T11:33:40.000Z,1
2019-10-01T12:03:10.000Z,1
2019-10-01T12:19:25.000Z,1
2019-10-01T12:49:50.000Z,1
2019-10-01T16:38:10.000Z,1
2019-10-01T07:21:44.000Z,1
2019-10-01T07:42:16.000Z,2
2019-10-01T07:44:51.000Z,1
2019-10-01T07:57:58.000Z,1
2019-10-01T08:35:13.000Z,1
2019-10-01T08:41:42.000Z,1
2019-10-01T09:13:21.000Z,1
2019-10-01T10:46:27.000Z,1
2019-10-01T11:14:12.000Z,1
2019-10-01T11:21:13.000Z,1
2019-10-01T11:26:10.000Z,1
2019-10-01T12:13:42.000Z,1
2019-10-01T12:34:16.000Z,1
2019-10-01T12:54:06.000Z,1
2019-10-01T13:10:50.000Z,1
2019-10-01T13:13:39.000Z,1
2019-10-01T13:25:06.000Z,1
2019-10-01T13:28:43.000Z,1
2019-10-01T13:54:18.000Z,1
2019-10-01T14:19:35.000Z,1
2019-10-01T14:22:35.000Z,1
2019-10-01T14:32:19.000Z,2
2019-10-01T15:02:01.000Z,1
2019-10-01T15:08:44.000Z,1
2019-10-01T15:25:16.000Z,1
2019-10-01T15:25:51.000Z,1
2019-10-01T15:33:13.000Z,1
2019-10-01T15:39:38.000Z,1
2019-10-01T15:42:27.000Z,1
2019-10-01T15:47:53.000Z,1
2019-10-01T15:53:59.000Z,2
2019-10-01T16:03:30.000Z,1
2019-10-01T16:07:08.000Z,1
2019-10-01T16:09:56.000Z,1
2019-10-01T16:15:54.000Z,1
2019-10-01T16:31:18.000Z,1
2019-10-01T16:59:02.000Z,1
2019-10-01T17:05:30.000Z,3
2019-10-01T17:07:51.000Z,1
2019-10-01T17:09:30.000Z,1
2019-10-01T17:13:27.000Z,1
2019-10-01T17:17:38.000Z,2
2019-10-01T17:23:53.000Z,2
2019-10-01T17:33:33.000Z,1
2019-10-01T17:36:58.000Z,1
2019-10-01T17:39:47.000Z,3
2019-10-01T17:49:38.000Z,1
2019-10-01T17:55:13.000Z,1
2019-10-01T17:55:53.000Z,1
2019-10-01T18:03:07.000Z,1
2019-10-01T18:05:27.000Z,2
2019-10-01T18:08:11.000Z,1
2019-10-01T18:14:18.000Z,1
2019-10-01T18:17:31.000Z,2
2019-10-01T18:19:11.000Z,1
2019-10-01T18:20:12.000Z,1
2019-10-01T18:31:04.000Z,1
2019-10-01T18:37:44.000Z,1
2019-10-01T18:39:07.000Z,1
2019-10-01T18:40:59.000Z,1
2019-10-01T18:53:44.000Z,1
2019-10-01T19:18:01.000Z,1
2019-10-01T19:25:13.000Z,1
2019-10-01T19:44:21.000Z,1
2019-10-01T20:04:07.000Z,1
2019-10-01T21:47:17.000Z,1
2019-10-01T21:52:50.000Z,1
2019-10-01T22:16:54.000Z,1
2019-10-01T22:34:33.000Z,1
2019-10-01T22:55:13.000Z,1
2019-10-02T00:09:31.000Z,1
2019-10-02T06:36:20.000Z,1
2019-10-02T06:49:39.000Z,1
2019-10-02T06:57:19.000Z,1
2019-10-02T07:21:04.000Z,1
2019-10-02T07:23:26.000Z,1
2019-10-02T08:12:42.000Z,1
2019-10-02T08:12:54.000Z,1
2019-10-02T08:13:33.000Z,1
2019-10-02T08:37:55.000Z,1
2019-10-02T08:46:05.000Z,1
2019-10-02T09:23:22.000Z,1
2019-10-02T10:19:38.000Z,1
2019-10-02T11:52:57.000Z,2
2019-10-02T11:56:06.000Z,2
2019-10-02T12:43:15.000Z,1
2019-10-02T13:17:51.000Z,1
2019-10-02T13:30:34.000Z,1
2019-10-02T13:46:54.000Z,1
2019-10-02T14:19:10.000Z,2
2019-10-02T14:45:30.000Z,1
2019-10-02T14:56:10.000Z,2
2019-10-02T15:28:49.000Z,1
2019-10-02T16:30:14.000Z,1
2019-10-02T16:34:30.000Z,2
2019-10-02T16:35:42.000Z,1
2019-10-02T16:42:10.000Z,1
2019-10-02T16:45:24.000Z,1
2019-10-02T16:46:14.000Z,1
2019-10-02T16:55:32.000Z,1
2019-10-02T17:02:49.000Z,2
2019-10-02T17:05:06.000Z,1
2019-10-02T17:09:23.000Z,1
2019-10-02T17:20:02.000Z,1
2019-10-02T17:20:46.000Z,2
2019-10-02T17:28:01.000Z,1
2019-10-02T17:34:50.000Z,1
2019-10-02T17:41:35.000Z,3
2019-10-02T17:44:24.000Z,1
2019-10-02T17:49:32.000Z,1
2019-10-02T18:08:48.000Z,1
2019-10-02T18:11:46.000Z,1
2019-10-02T18:19:17.000Z,1
2019-10-02T18:24:13.000Z,1
2019-10-02T18:31:46.000Z,2
2019-10-02T19:00:34.000Z,1
2019-10-02T19:46:52.000Z,1
2019-10-02T20:23:59.000Z,1
2019-10-02T20:55:01.000Z,1
2019-10-02T21:02:30.000Z,1
2019-10-02T21:04:12.000Z,1
2019-10-02T22:17:10.000Z,1
2019-10-02T22:19:41.000Z,1
2019-10-02T22:20:41.000Z,1
2019-10-03T05:14:06.000Z,1
2019-10-03T06:39:04.000Z,1
2019-10-03T06:56:21.000Z,2
2019-10-03T07:09:28.000Z,1
2019-10-03T07:20:58.000Z,2
2019-10-03T07:25:36.000Z,1
2019-10-03T07:36:39.000Z,1
2019-10-03T07:51:01.000Z,1
2019-10-03T08:20:38.000Z,1
2019-10-03T08:22:27.000Z,1
2019-10-03T08:25:58.000Z,1
2019-10-03T08:26:16.000Z,1
2019-10-03T08:41:11.000Z,1
2019-10-03T08:43:33.000Z,1
2019-10-03T08:51:56.000Z,1
2019-10-03T09:01:47.000Z,1
2019-10-03T09:12:46.000Z,1
2019-10-03T09:49:54.000Z,1
2019-10-03T11:15:08.000Z,1
2019-10-03T11:34:01.000Z,1
2019-10-03T11:51:39.000Z,1
2019-10-03T12:18:05.000Z,1
2019-10-03T13:03:31.000Z,1
2019-10-03T13:16:40.000Z,1
2019-10-03T13:26:27.000Z,1
2019-10-03T13:52:23.000Z,1
2019-10-03T14:01:36.000Z,1
2019-10-03T14:21:28.000Z,1
2019-10-03T14:36:07.000Z,1
2019-10-03T14:43:40.000Z,1
2019-10-03T14:49:53.000Z,1
2019-10-03T14:57:18.000Z,1
2019-10-03T15:57:22.000Z,1
2019-10-03T16:07:25.000Z,1
2019-10-03T16:41:11.000Z,1
2019-10-03T16:42:29.000Z,1
2019-10-03T16:47:04.000Z,1
2019-10-03T16:48:38.000Z,1
2019-10-03T17:01:37.000Z,1
2019-10-03T17:08:54.000Z,1
2019-10-03T17:17:28.000Z,1
2019-10-03T17:21:00.000Z,1
2019-10-03T17:22:18.000Z,1
2019-10-03T17:24:21.000Z,1
2019-10-03T17:27:30.000Z,3
2019-10-03T17:35:55.000Z,1
2019-10-03T17:36:22.000Z,1
2019-10-03T18:01:54.000Z,1
2019-10-03T18:15:43.000Z,2
2019-10-03T18:29:05.000Z,1
2019-10-03T18:32:44.000Z,1
2019-10-03T18:39:36.000Z,1
2019-10-03T18:44:09.000Z,2
2019-10-03T19:06:30.000Z,1
2019-10-03T19:35:59.000Z,1
2019-10-03T19:51:35.000Z,1
2019-10-03T20:31:54.000Z,1
2019-10-03T21:03:17.000Z,1
2019-10-03T21:07:33.000Z,1
2019-10-03T21:46:04.000Z,1
2019-10-03T21:54:59.000Z,2
2019-10-03T23:19:45.000Z,1
2019-10-04T00:11:01.000Z,1
2019-10-04T00:48:52.000Z,1
2019-10-04T04:10:02.000Z,1
2019-10-04T04:19:16.000Z,1
2019-10-04T05:43:35.000Z,1
2019-10-04T07:07:49.000Z,1
2019-10-04T07:14:38.000Z,1
2019-10-04T07:45:56.000Z,1
2019-10-04T07:46:39.000Z,1
2019-10-04T07:50:26.000Z,2
2019-10-04T08:18:46.000Z,1
2019-10-04T08:23:51.000Z,1
2019-10-04T08:41:29.000Z,2
2019-10-04T08:51:34.000Z,1
2019-10-04T08:53:11.000Z,1
2019-10-04T09:14:05.000Z,1
2019-10-04T09:18:45.000Z,1
2019-10-04T10:32:59.000Z,1
2019-10-04T11:01:49.000Z,1
2019-10-04T11:14:07.000Z,1
2019-10-04T12:01:10.000Z,1
2019-10-04T12:13:47.000Z,2
2019-10-04T12:40:24.000Z,1
2019-10-04T13:08:12.000Z,1
2019-10-04T13:08:32.000Z,1
2019-10-04T13:18:06.000Z,1
2019-10-04T13:25:59.000Z,1
2019-10-04T13:51:53.000Z,1
2019-10-04T13:52:42.000Z,1
2019-10-04T14:14:09.000Z,1
2019-10-04T14:49:59.000Z,1
2019-10-04T14:51:08.000Z,2
2019-10-04T15:17:08.000Z,1
2019-10-04T15:33:14.000Z,1
2019-10-04T15:38:46.000Z,1
2019-10-04T16:07:26.000Z,1
2019-10-04T16:21:07.000Z,1
2019-10-04T16:31:36.000Z,1
2019-10-04T16:34:14.000Z,1
2019-10-04T16:37:29.000Z,1
2019-10-04T16:38:35.000Z,2
2019-10-04T17:06:30.000Z,1
2019-10-04T17:10:29.000Z,1
2019-10-04T17:13:37.000Z,2
2019-10-04T17:25:03.000Z,1
2019-10-04T17:29:20.000Z,1
2019-10-04T17:29:41.000Z,1
2019-10-04T17:33:29.000Z,2
2019-10-04T17:35:40.000Z,1
2019-10-04T17:37:07.000Z,1
2019-10-04T17:43:36.000Z,1
2019-10-04T17:50:57.000Z,2
2019-10-04T18:03:29.000Z,2
2019-10-04T18:28:38.000Z,2
2019-10-04T18:39:34.000Z,1
2019-10-04T18:46:58.000Z,1
2019-10-04T19:17:43.000Z,1
2019-10-04T19:26:28.000Z,1
2019-10-04T19:27:12.000Z,1
2019-10-04T19:42:51.000Z,1
2019-10-04T19:43:42.000Z,1
2019-10-04T20:21:14.000Z,1
2019-10-04T21:24:52.000Z,1
2019-10-04T22:07:22.000Z,1
2019-10-04T22:56:36.000Z,1
2019-10-05T00:27:12.000Z,1
2019-10-05T05:27:50.000Z,1
2019-10-05T06:34:15.000Z,1
2019-10-05T07:52:27.000Z,1
2019-10-05T08:13:32.000Z,1
2019-10-05T08:14:15.000Z,1
2019-10-05T08:24:17.000Z,1
2019-10-05T08:37:01.000Z,1
2019-10-05T09:03:40.000Z,1
2019-10-05T10:13:51.000Z,1
2019-10-05T10:46:16.000Z,1
2019-10-05T10:49:01.000Z,1
2019-10-01T05:55:34.000Z,1
2019-10-01T06:19:14.000Z,1
2019-10-01T06:21:26.000Z,1
2019-10-01T07:11:36.000Z,1
2019-10-01T07:33:59.000Z,3
2019-10-01T07:35:47.000Z,1
2019-10-01T07:36:09.000Z,1
2019-10-01T07:56:03.000Z,1
2019-10-01T08:04:07.000Z,1
2019-10-01T08:12:14.000Z,2
2019-10-01T08:18:50.000Z,2
2019-10-01T08:34:02.000Z,1
2019-10-01T15:50:34.000Z,1
2019-10-01T17:09:19.000Z,1
2019-10-01T08:30:10.000Z,1
2019-10-01T08:34:28.000Z,1
2019-10-01T08:34:54.000Z,1
2019-10-01T08:42:17.000Z,2
2019-10-01T08:42:13.000Z,1
2019-10-01T09:18:18.000Z,1
2019-10-01T09:29:02.000Z,1
2019-10-01T10:46:13.000Z,1
2019-10-01T10:47:57.000Z,1
2019-10-01T10:54:19.000Z,1
2019-10-01T11:23:46.000Z,1
2019-10-01T11:30:16.000Z,1
2019-10-01T11:49:57.000Z,1
2019-10-01T12:01:26.000Z,1
2019-10-01T14:48:04.000Z,1
2019-10-01T15:55:21.000Z,2
2019-10-01T16:14:53.000Z,1
2019-10-01T15:10:45.000Z,1
2019-10-01T16:50:30.000Z,2
2019-10-01T17:02:19.000Z,2
2019-10-01T17:02:49.000Z,1
2019-10-01T17:03:12.000Z,1
2019-10-01T17:15:00.000Z,1
2019-10-01T17:43:35.000Z,2
2019-10-01T17:45:12.000Z,1
2019-10-01T17:48:35.000Z,1
2019-10-01T17:57:00.000Z,1
2019-10-01T18:06:39.000Z,1
2019-10-01T18:12:31.000Z,1
2019-10-01T18:16:22.000Z,3
2019-10-01T18:27:53.000Z,2
2019-10-01T18:32:20.000Z,1
2019-10-01T18:40:56.000Z,1
2019-10-01T19:44:51.000Z,2
2019-10-01T20:32:01.000Z,1
2019-10-01T22:10:45.000Z,1
2019-10-01T23:09:33.000Z,1
2019-10-01T23:20:21.000Z,1
2019-10-01T23:48:24.000Z,1
2019-10-02T06:12:59.000Z,1
2019-10-02T06:33:53.000Z,1
2019-10-02T06:52:46.000Z,1
2019-10-02T07:26:29.000Z,1
2019-10-02T07:35:43.000Z,1
2019-10-02T08:35:30.000Z,1
2019-10-02T08:43:56.000Z,1
2019-10-02T08:55:44.000Z,2
2019-10-02T08:58:03.000Z,1
2019-10-02T09:03:02.000Z,1
2019-10-02T09:32:18.000Z,1
2019-10-02T09:36:21.000Z,1
2019-10-02T11:36:41.000Z,1
2019-10-02T11:42:14.000Z,1
2019-10-02T11:54:04.000Z,1
2019-10-02T13:09:33.000Z,1
2019-10-02T13:46:33.000Z,2
2019-10-02T15:01:34.000Z,1
2019-10-02T16:01:13.000Z,1
2019-10-02T16:07:31.000Z,1
2019-10-02T16:10:09.000Z,1
2019-10-02T16:27:15.000Z,1
2019-10-02T16:37:51.000Z,1
2019-10-02T16:47:50.000Z,1
2019-10-02T16:50:43.000Z,1
2019-10-02T16:54:07.000Z,1
2019-10-02T16:56:22.000Z,1
2019-10-02T17:01:30.000Z,1
2019-10-02T17:12:51.000Z,2
2019-10-02T17:13:03.000Z,1
2019-10-02T17:20:08.000Z,1
2019-10-02T17:22:12.000Z,1
2019-10-02T17:30:51.000Z,1
2019-10-02T17:36:06.000Z,1
2019-10-02T17:36:46.000Z,1
2019-10-02T17:52:48.000Z,2
2019-10-02T17:54:04.000Z,1
2019-10-02T18:06:44.000Z,1
2019-10-02T18:21:53.000Z,1
2019-10-02T19:12:36.000Z,1
2019-10-02T20:30:32.000Z,1
2019-10-02T20:36:05.000Z,1
2019-10-02T21:03:33.000Z,1
2019-10-02T21:12:23.000Z,1
2019-10-02T21:31:18.000Z,1
2019-10-02T21:38:31.000Z,1
2019-10-03T05:16:55.000Z,1
2019-10-03T05:20:36.000Z,1
2019-10-03T05:57:25.000Z,1
2019-10-03T06:26:20.000Z,1
2019-10-03T06:42:45.000Z,1
2019-10-03T07:06:44.000Z,1
2019-10-03T07:26:54.000Z,1
2019-10-03T07:40:04.000Z,2
2019-10-03T08:01:07.000Z,1
2019-10-03T08:07:42.000Z,1
2019-10-03T08:08:28.000Z,1
2019-10-03T08:12:02.000Z,4
2019-10-03T08:16:12.000Z,1
2019-10-03T08:23:28.000Z,2
2019-10-03T08:25:15.000Z,1
2019-10-03T08:32:27.000Z,1
2019-10-03T08:33:03.000Z,1
2019-10-03T08:55:08.000Z,2
2019-10-03T09:11:56.000Z,1
2019-10-03T09:17:02.000Z,1
2019-10-03T09:19:29.000Z,1
2019-10-03T09:33:09.000Z,1
2019-10-03T09:35:08.000Z,1
2019-10-03T09:44:09.000Z,1
2019-10-03T10:02:36.000Z,1
2019-10-03T10:06:30.000Z,1
2019-10-03T11:24:38.000Z,1
2019-10-03T12:17:12.000Z,1
2019-10-03T12:21:39.000Z,1
2019-10-03T13:43:42.000Z,1
2019-10-03T13:48:28.000Z,1
2019-10-03T13:51:25.000Z,1
2019-10-03T13:57:55.000Z,1
2019-10-03T15:02:01.000Z,1
2019-10-03T15:13:58.000Z,1
2019-10-03T15:33:59.000Z,1
2019-10-03T15:41:54.000Z,1
2019-10-03T15:43:53.000Z,1
2019-10-03T16:06:55.000Z,1
2019-10-03T16:09:34.000Z,1
2019-10-03T16:11:59.000Z,1
2019-10-03T16:29:24.000Z,1
2019-10-03T16:36:33.000Z,1
2019-10-03T16:37:40.000Z,1
2019-10-03T16:43:45.000Z,2
2019-10-03T16:45:40.000Z,1
2019-10-03T16:50:43.000Z,3
2019-10-03T16:51:22.000Z,1
2019-10-03T16:57:59.000Z,1
2019-10-03T17:03:37.000Z,3
2019-10-03T17:13:33.000Z,2
2019-10-03T17:14:22.000Z,1
2019-10-03T17:57:37.000Z,1
2019-10-03T18:03:50.000Z,2
2019-10-03T18:06:29.000Z,1
2019-10-03T18:10:26.000Z,1
2019-10-03T18:24:11.000Z,1
2019-10-03T18:26:07.000Z,1
2019-10-03T18:33:55.000Z,1
2019-10-03T18:39:46.000Z,1
2019-10-03T18:52:22.000Z,1
2019-10-03T18:58:38.000Z,1
2019-10-03T19:03:35.000Z,1
2019-10-03T19:11:49.000Z,1
2019-10-03T19:17:22.000Z,1
2019-10-03T19:18:45.000Z,2
2019-10-03T20:18:08.000Z,1
2019-10-03T20:28:26.000Z,1
2019-10-03T20:51:31.000Z,1
2019-10-03T21:30:46.000Z,1
2019-10-03T21:34:19.000Z,1
2019-10-03T22:30:03.000Z,1
2019-10-03T22:39:33.000Z,1
2019-10-03T23:03:47.000Z,1
2019-10-03T23:25:12.000Z,1
2019-10-04T05:37:24.000Z,1
2019-10-04T06:15:12.000Z,1
2019-10-04T06:36:31.000Z,1
2019-10-04T07:17:50.000Z,1
2019-10-04T07:26:34.000Z,1
2019-10-04T07:39:37.000Z,2
2019-10-04T07:45:18.000Z,1
2019-10-04T08:00:38.000Z,1
2019-10-04T08:02:43.000Z,1
2019-10-04T08:04:18.000Z,1
2019-10-04T08:33:13.000Z,1
2019-10-04T09:04:25.000Z,2
2019-10-04T09:09:56.000Z,1
2019-10-04T09:20:09.000Z,2
2019-10-04T09:40:24.000Z,1
2019-10-04T09:54:24.000Z,1
2019-10-04T10:10:11.000Z,1
2019-10-04T10:53:19.000Z,1
2019-10-04T10:59:12.000Z,1
2019-10-04T11:32:02.000Z,1
2019-10-04T11:53:33.000Z,1
2019-10-04T12:00:13.000Z,1
2019-10-04T12:30:31.000Z,1
2019-10-04T12:31:40.000Z,2
2019-10-04T12:34:12.000Z,1
2019-10-04T13:24:32.000Z,1
2019-10-04T15:13:32.000Z,1
2019-10-04T15:41:22.000Z,1
2019-10-04T15:55:02.000Z,1
2019-10-04T15:56:15.000Z,1
2019-10-04T16:07:35.000Z,1
2019-10-04T16:10:25.000Z,1
2019-10-04T16:30:17.000Z,2
2019-10-04T16:34:29.000Z,1
2019-10-04T16:36:55.000Z,1
2019-10-04T16:51:59.000Z,1
2019-10-04T16:57:09.000Z,1
2019-10-04T17:23:06.000Z,1
2019-10-04T17:23:39.000Z,1
2019-10-04T17:30:47.000Z,1
2019-10-04T17:44:44.000Z,1
2019-10-04T17:47:18.000Z,1
2019-10-04T18:02:01.000Z,1
2019-10-04T18:11:38.000Z,1
2019-10-04T18:15:13.000Z,1
2019-10-04T18:23:07.000Z,1
2019-10-04T19:31:14.000Z,1
2019-10-04T19:34:28.000Z,1
2019-10-04T22:22:58.000Z,1
2019-10-04T22:28:34.000Z,1
2019-10-04T22:37:48.000Z,1
2019-10-04T23:16:23.000Z,1
2019-10-04T23:19:28.000Z,1
2019-10-04T23:35:55.000Z,1
2019-10-05T00:51:58.000Z,1
2019-10-05T01:02:33.000Z,1
2019-10-05T03:44:15.000Z,1
2019-10-05T07:34:45.000Z,1
2019-10-05T08:30:16.000Z,1
2019-10-05T09:10:13.000Z,1
2019-10-05T09:28:34.000Z,1
2019-10-05T09:39:42.000Z,2
2019-10-05T09:59:02.000Z,1
2019-10-05T10:18:30.000Z,1
2019-10-05T10:31:41.000Z,1
2019-10-05T10:37:05.000Z,2
2019-10-05T10:39:11.000Z,1
2019-10-05T10:51:05.000Z,1
2019-10-01T02:08:06.000Z,1
2019-10-01T05:45:32.000Z,2
2019-10-01T06:13:13.000Z,1
2019-10-01T06:13:28.000Z,1
2019-10-01T06:15:53.000Z,1
2019-10-01T06:44:55.000Z,1
2019-10-01T06:48:28.000Z,2
2019-10-01T07:33:39.000Z,1
2019-10-01T07:46:34.000Z,1
2019-10-01T08:07:18.000Z,1
2019-10-01T08:18:55.000Z,3
2019-10-01T08:23:40.000Z,1
2019-10-01T08:42:10.000Z,2
2019-10-01T09:44:23.000Z,1
2019-10-01T10:04:31.000Z,1
2019-10-01T11:26:12.000Z,1
2019-10-01T14:25:51.000Z,1
2019-10-01T16:28:26.000Z,1
2019-10-01T16:30:51.000Z,1
2019-10-01T08:27:31.000Z,1
2019-10-01T08:59:37.000Z,1
2019-10-01T09:08:02.000Z,1
2019-10-01T09:31:58.000Z,1
2019-10-01T10:09:26.000Z,1
2019-10-01T10:20:50.000Z,1
2019-10-01T12:03:29.000Z,2
2019-10-01T12:04:41.000Z,2
2019-10-01T12:27:57.000Z,1
2019-10-01T12:38:52.000Z,1
2019-10-01T12:57:37.000Z,1
2019-10-01T15:15:27.000Z,1
2019-10-01T15:21:55.000Z,1
2019-10-01T15:29:39.000Z,1
2019-10-01T15:33:22.000Z,2
2019-10-01T15:38:12.000Z,2
2019-10-01T15:39:45.000Z,1
2019-10-01T16:05:12.000Z,1
2019-10-01T16:15:13.000Z,2
2019-10-01T16:22:20.000Z,1
2019-10-01T16:29:06.000Z,1
2019-10-01T16:31:50.000Z,2
2019-10-01T16:35:14.000Z,1
2019-10-01T16:40:43.000Z,1
2019-10-01T16:53:27.000Z,3
2019-10-01T16:56:19.000Z,1
2019-10-01T17:01:12.000Z,1
2019-10-01T17:01:51.000Z,1
2019-10-01T17:07:55.000Z,2
2019-10-01T17:13:46.000Z,1
2019-10-01T17:18:04.000Z,2
2019-10-01T17:22:55.000Z,1
2019-10-01T17:29:49.000Z,2
2019-10-01T17:33:46.000Z,1
2019-10-01T17:36:14.000Z,1
2019-10-01T17:37:27.000Z,2
2019-10-01T17:41:45.000Z,1
2019-10-01T17:42:32.000Z,1
2019-10-01T17:43:57.000Z,1
2019-10-01T18:00:26.000Z,1
2019-10-01T18:02:18.000Z,2
2019-10-01T18:05:25.000Z,1
2019-10-01T18:25:15.000Z,1
2019-10-01T18:26:59.000Z,2
2019-10-01T18:27:36.000Z,1
2019-10-01T18:32:13.000Z,1
2019-10-01T19:07:11.000Z,1
2019-10-01T19:11:36.000Z,1
2019-10-01T19:25:18.000Z,1
2019-10-01T19:25:59.000Z,1
2019-10-01T19:29:11.000Z,1
2019-10-01T19:29:35.000Z,1
2019-10-01T19:31:27.000Z,1
2019-10-01T19:43:30.000Z,1
2019-10-01T19:46:24.000Z,1
2019-10-01T20:22:47.000Z,1
2019-10-01T21:35:57.000Z,1
2019-10-01T21:36:02.000Z,1
2019-10-01T21:50:19.000Z,1
2019-10-01T22:27:05.000Z,1
2019-10-02T03:07:16.000Z,1
2019-10-02T05:17:36.000Z,1
2019-10-02T06:06:33.000Z,1
2019-10-02T07:17:25.000Z,1
2019-10-02T07:19:32.000Z,1
2019-10-02T07:21:56.000Z,2
2019-10-02T07:52:25.000Z,1
2019-10-02T07:54:29.000Z,1
2019-10-02T07:58:53.000Z,2
2019-10-02T08:02:52.000Z,1
2019-10-02T08:16:33.000Z,1
2019-10-02T08:18:05.000Z,1
2019-10-02T08:22:55.000Z,1
2019-10-02T08:41:44.000Z,1
2019-10-02T08:53:58.000Z,2
2019-10-02T08:58:19.000Z,1
2019-10-02T09:24:53.000Z,1
2019-10-02T09:29:55.000Z,1
2019-10-02T10:31:35.000Z,2
2019-10-02T10:37:06.000Z,1
2019-10-02T11:30:57.000Z,1
2019-10-02T11:54:28.000Z,1
2019-10-02T11:54:33.000Z,1
2019-10-02T12:04:17.000Z,1
2019-10-02T12:19:41.000Z,1
2019-10-02T12:20:58.000Z,1
2019-10-02T12:54:12.000Z,1
2019-10-02T12:54:28.000Z,1
2019-10-02T13:26:51.000Z,1
2019-10-02T13:31:28.000Z,1
2019-10-02T14:13:16.000Z,1
2019-10-02T14:27:28.000Z,1
2019-10-02T15:45:15.000Z,1
2019-10-02T16:10:56.000Z,2
2019-10-02T16:19:32.000Z,2
2019-10-02T16:25:15.000Z,1
2019-10-02T16:39:51.000Z,1
2019-10-02T16:44:36.000Z,1
2019-10-02T16:54:10.000Z,1
2019-10-02T17:43:53.000Z,1
2019-10-02T18:44:26.000Z,1
2019-10-02T19:10:54.000Z,1
2019-10-02T19:36:19.000Z,1
2019-10-02T19:43:39.000Z,1
2019-10-02T19:55:12.000Z,1
2019-10-02T19:57:45.000Z,1
2019-10-02T19:59:09.000Z,1
2019-10-02T20:22:43.000Z,1
2019-10-02T20:24:15.000Z,1
2019-10-02T20:32:06.000Z,1
2019-10-02T23:03:02.000Z,1
2019-10-03T05:18:45.000Z,1
2019-10-03T05:44:33.000Z,1
2019-10-03T05:49:52.000Z,1
2019-10-03T05:58:10.000Z,1
2019-10-03T06:39:41.000Z,1
2019-10-03T07:28:27.000Z,1
2019-10-03T07:46:56.000Z,2
2019-10-03T07:58:16.000Z,4
2019-10-03T08:01:39.000Z,1
2019-10-03T08:10:59.000Z,1
2019-10-03T08:11:13.000Z,2
2019-10-03T08:13:00.000Z,1
2019-10-03T08:19:00.000Z,1
2019-10-03T08:20:59.000Z,1
2019-10-03T08:29:49.000Z,1
2019-10-03T08:48:06.000Z,1
2019-10-03T08:49:07.000Z,2
2019-10-03T08:59:47.000Z,1
2019-10-03T09:02:33.000Z,1
2019-10-03T09:06:59.000Z,1
2019-10-03T09:13:37.000Z,3
2019-10-03T09:52:14.000Z,1
2019-10-03T10:18:48.000Z,1
2019-10-03T10:21:19.000Z,1
2019-10-03T10:52:17.000Z,1
2019-10-03T11:09:46.000Z,1
2019-10-03T11:16:12.000Z,1
2019-10-03T12:25:13.000Z,1
2019-10-03T12:28:24.000Z,1
2019-10-03T12:41:13.000Z,1
2019-10-03T13:39:31.000Z,1
2019-10-03T13:59:17.000Z,2
2019-10-03T14:01:22.000Z,1
2019-10-03T14:27:04.000Z,1
2019-10-03T14:27:53.000Z,1
2019-10-03T14:28:38.000Z,1
2019-10-03T15:09:00.000Z,2
2019-10-03T15:13:27.000Z,1
2019-10-03T15:31:28.000Z,2
2019-10-03T16:06:57.000Z,1
2019-10-03T16:19:06.000Z,1
2019-10-03T16:21:31.000Z,1
2019-10-03T16:44:41.000Z,1
2019-10-03T16:46:58.000Z,1
2019-10-03T16:59:50.000Z,1
2019-10-03T17:11:59.000Z,1
2019-10-03T17:12:10.000Z,1
2019-10-03T17:14:58.000Z,2
2019-10-03T17:17:16.000Z,2
2019-10-03T17:19:07.000Z,2
2019-10-03T17:39:18.000Z,1
2019-10-03T17:45:26.000Z,1
2019-10-03T17:51:40.000Z,1
2019-10-03T17:52:36.000Z,1
2019-10-03T17:56:41.000Z,1
2019-10-03T18:30:28.000Z,2
2019-10-03T18:32:56.000Z,1
2019-10-03T18:39:01.000Z,1
2019-10-03T19:06:33.000Z,1
2019-10-03T19:25:49.000Z,1
2019-10-03T20:15:12.000Z,1
2019-10-03T20:22:21.000Z,1
2019-10-03T22:04:00.000Z,1
2019-10-04T00:01:41.000Z,1
2019-10-04T04:45:37.000Z,1
2019-10-04T06:12:38.000Z,1
2019-10-04T06:18:32.000Z,1
2019-10-04T06:44:17.000Z,2
2019-10-04T06:50:31.000Z,2
2019-10-04T07:20:18.000Z,1
2019-10-04T07:24:43.000Z,1
2019-10-04T07:27:12.000Z,1
2019-10-04T07:32:07.000Z,1
2019-10-04T07:44:51.000Z,2
2019-10-04T07:53:04.000Z,1
2019-10-04T07:54:14.000Z,2
2019-10-04T07:57:08.000Z,1
2019-10-04T08:06:08.000Z,1
2019-10-04T08:15:56.000Z,1
2019-10-04T08:31:23.000Z,2
2019-10-04T08:51:38.000Z,1
2019-10-04T09:19:27.000Z,1
2019-10-04T10:45:20.000Z,1
2019-10-04T12:03:33.000Z,1
2019-10-04T12:40:20.000Z,1
2019-10-04T12:52:11.000Z,1
2019-10-04T13:08:58.000Z,4
2019-10-04T13:38:43.000Z,1
2019-10-04T13:54:01.000Z,1
2019-10-04T13:59:07.000Z,1
2019-10-04T14:02:15.000Z,2
2019-10-04T15:25:52.000Z,1
2019-10-04T15:30:36.000Z,1
2019-10-04T15:52:38.000Z,1
2019-10-04T15:54:48.000Z,1
2019-10-04T16:44:52.000Z,1
2019-10-04T16:44:53.000Z,1
2019-10-04T16:52:47.000Z,1
2019-10-04T16:53:41.000Z,1
2019-10-04T17:01:24.000Z,1
2019-10-04T17:03:28.000Z,1
2019-10-04T17:04:03.000Z,1
2019-10-04T17:05:13.000Z,1
2019-10-04T17:19:19.000Z,1
2019-10-04T17:21:46.000Z,1
2019-10-04T17:24:22.000Z,1
2019-10-04T17:28:22.000Z,2
2019-10-04T17:31:12.000Z,3
2019-10-04T17:39:14.000Z,3
2019-10-04T17:44:15.000Z,1
2019-10-04T18:00:59.000Z,1
2019-10-04T18:09:07.000Z,1
2019-10-04T18:12:00.000Z,1
2019-10-04T18:14:34.000Z,1
2019-10-04T18:15:33.000Z,1
2019-10-04T18:21:02.000Z,1
2019-10-04T18:41:32.000Z,1
2019-10-04T19:12:00.000Z,1
2019-10-04T19:12:05.000Z,1
2019-10-04T19:16:05.000Z,1
2019-10-04T19:44:31.000Z,2
2019-10-04T20:48:42.000Z,1
2019-10-04T23:56:31.000Z,1
2019-10-05T07:32:42.000Z,1
2019-10-05T08:13:35.000Z,1
2019-10-05T09:17:33.000Z,2
2019-10-05T10:27:15.000Z,1
2019-10-05T10:37:10.000Z,1
2019-10-01T00:17:09.000Z,2
2019-10-01T02:27:43.000Z,1
2019-10-01T05:43:58.000Z,1
2019-10-01T06:05:21.000Z,1
2019-10-01T06:05:36.000Z,1
2019-10-01T06:12:07.000Z,1
2019-10-01T06:39:18.000Z,1
2019-10-01T06:55:01.000Z,1
2019-10-01T07:07:19.000Z,1
2019-10-01T07:11:33.000Z,3
2019-10-01T07:12:59.000Z,1
2019-10-01T08:03:28.000Z,1
2019-10-01T08:06:57.000Z,1
2019-10-01T08:12:59.000Z,2
2019-10-01T08:33:18.000Z,1
2019-10-01T09:31:48.000Z,2
2019-10-01T09:41:47.000Z,1
2019-10-01T09:54:47.000Z,2
2019-10-01T10:47:36.000Z,1
2019-10-01T12:26:30.000Z,1
2019-10-01T13:47:53.000Z,1
2019-10-01T08:03:04.000Z,1
2019-10-01T08:43:27.000Z,1
2019-10-01T09:39:12.000Z,1
2019-10-01T09:50:47.000Z,1
2019-10-01T10:17:53.000Z,1
2019-10-01T10:34:42.000Z,1
2019-10-01T11:44:17.000Z,2
2019-10-01T12:08:36.000Z,1
2019-10-01T12:35:59.000Z,1
2019-10-01T12:41:53.000Z,1
2019-10-01T13:18:55.000Z,2
2019-10-01T13:22:00.000Z,2
2019-10-01T13:25:51.000Z,2
2019-10-01T13:29:22.000Z,1
2019-10-01T14:19:54.000Z,1
2019-10-01T14:32:03.000Z,1
2019-10-01T14:44:39.000Z,1
2019-10-01T15:09:05.000Z,1
2019-10-01T15:09:58.000Z,1
2019-10-01T15:33:03.000Z,1
2019-10-01T16:09:04.000Z,1
2019-10-01T16:14:51.000Z,2
2019-10-01T16:33:40.000Z,1
2019-10-01T16:35:00.000Z,1
2019-10-01T16:35:37.000Z,1
2019-10-01T16:36:20.000Z,1
2019-10-01T16:47:46.000Z,2
2019-10-01T16:48:07.000Z,1
2019-10-01T17:11:25.000Z,2
2019-10-01T17:14:00.000Z,1
2019-10-01T17:16:56.000Z,2
2019-10-01T17:24:11.000Z,2
2019-10-01T17:38:14.000Z,1
2019-10-01T17:42:51.000Z,2
2019-10-01T17:47:22.000Z,1
2019-10-01T17:59:34.000Z,1
2019-10-01T18:00:15.000Z,1
2019-10-01T18:01:39.000Z,1
2019-10-01T18:18:52.000Z,2
2019-10-01T18:39:11.000Z,1
2019-10-01T19:20:23.000Z,1
2019-10-01T19:23:32.000Z,1
2019-10-01T19:30:56.000Z,1
2019-10-01T19:38:50.000Z,1
2019-10-01T19:43:04.000Z,2
2019-10-01T19:49:20.000Z,1
2019-10-01T20:06:32.000Z,1
2019-10-01T20:58:04.000Z,1
2019-10-01T21:18:59.000Z,1
2019-10-01T22:59:30.000Z,1
2019-10-02T05:13:47.000Z,1
2019-10-02T07:19:58.000Z,1
2019-10-02T07:21:25.000Z,1
2019-10-02T07:21:53.000Z,1
2019-10-02T08:09:48.000Z,1
2019-10-02T08:11:12.000Z,1
2019-10-02T08:54:51.000Z,1
2019-10-02T09:09:00.000Z,1
2019-10-02T09:19:40.000Z,1
2019-10-02T09:44:29.000Z,1
2019-10-02T10:52:59.000Z,1
2019-10-02T12:01:14.000Z,2
2019-10-02T12:39:25.000Z,1
2019-10-02T12:51:39.000Z,1
2019-10-02T13:59:52.000Z,1
2019-10-02T14:09:45.000Z,1
2019-10-02T14:28:13.000Z,1
2019-10-02T15:07:32.000Z,1
2019-10-02T15:22:31.000Z,1
2019-10-02T15:46:03.000Z,1
2019-10-02T15:54:08.000Z,1
2019-10-02T16:36:30.000Z,1
2019-10-02T16:40:24.000Z,1
2019-10-02T16:45:30.000Z,1
2019-10-02T17:08:41.000Z,1
2019-10-02T17:25:50.000Z,1
2019-10-02T17:27:04.000Z,2
2019-10-02T17:28:12.000Z,1
2019-10-02T17:29:10.000Z,1
2019-10-02T17:58:42.000Z,1
2019-10-02T18:12:58.000Z,1
2019-10-02T18:17:53.000Z,1
2019-10-02T18:36:59.000Z,1
2019-10-02T18:42:35.000Z,1
2019-10-02T18:58:50.000Z,1
2019-10-02T19:13:35.000Z,1
2019-10-02T19:31:30.000Z,1
2019-10-02T19:40:02.000Z,1
2019-10-02T19:53:34.000Z,1
2019-10-02T20:12:59.000Z,1
2019-10-02T20:40:09.000Z,2
2019-10-02T20:41:55.000Z,1
2019-10-02T21:27:47.000Z,1
2019-10-02T23:01:50.000Z,1
2019-10-03T05:35:45.000Z,1
2019-10-03T05:36:27.000Z,1
2019-10-03T06:24:31.000Z,1
2019-10-03T07:21:39.000Z,2
2019-10-03T07:53:48.000Z,1
2019-10-03T08:01:54.000Z,1
2019-10-03T08:02:42.000Z,1
2019-10-03T08:16:15.000Z,1
2019-10-03T08:36:25.000Z,1
2019-10-03T08:58:08.000Z,1
2019-10-03T09:17:47.000Z,1
2019-10-03T10:49:04.000Z,1
2019-10-03T12:27:11.000Z,2
2019-10-03T12:48:00.000Z,1
2019-10-03T13:13:34.000Z,1
2019-10-03T13:28:51.000Z,1
2019-10-03T13:43:52.000Z,1
2019-10-03T13:52:48.000Z,1
2019-10-03T14:20:39.000Z,2
2019-10-03T14:47:24.000Z,2
2019-10-03T15:21:15.000Z,1
2019-10-03T15:22:29.000Z,1
2019-10-03T16:04:58.000Z,1
2019-10-03T16:11:12.000Z,1
2019-10-03T16:25:58.000Z,1
2019-10-03T16:55:04.000Z,1
2019-10-03T16:58:19.000Z,1
2019-10-03T16:59:45.000Z,3
2019-10-03T17:06:56.000Z,1
2019-10-03T17:08:09.000Z,2
2019-10-03T17:12:29.000Z,2
2019-10-03T17:18:55.000Z,2
2019-10-03T17:24:12.000Z,1
2019-10-03T17:29:42.000Z,1
2019-10-03T17:36:20.000Z,1
2019-10-03T17:41:23.000Z,2
2019-10-03T17:56:19.000Z,1
2019-10-03T18:07:57.000Z,1
2019-10-03T18:24:10.000Z,1
2019-10-03T18:41:53.000Z,1
2019-10-03T18:48:30.000Z,1
2019-10-03T18:50:05.000Z,1
2019-10-03T19:46:06.000Z,3
2019-10-03T20:44:44.000Z,1
2019-10-03T20:54:51.000Z,1
2019-10-03T21:38:00.000Z,1
2019-10-03T22:24:52.000Z,1
2019-10-03T22:35:14.000Z,1
2019-10-03T22:55:09.000Z,1
2019-10-03T23:06:20.000Z,1
2019-10-04T05:16:40.000Z,1
2019-10-04T05:22:24.000Z,1
2019-10-04T05:43:32.000Z,1
2019-10-04T06:03:08.000Z,2
2019-10-04T06:21:12.000Z,1
2019-10-04T06:21:37.000Z,1
2019-10-04T06:33:16.000Z,1
2019-10-04T07:15:48.000Z,1
2019-10-04T07:17:10.000Z,1
2019-10-04T07:55:21.000Z,1
2019-10-04T08:00:51.000Z,1
2019-10-04T08:10:06.000Z,1
2019-10-04T08:14:20.000Z,1
2019-10-04T08:16:05.000Z,1
2019-10-04T08:26:05.000Z,2
2019-10-04T08:34:59.000Z,2
2019-10-04T08:48:13.000Z,1
2019-10-04T09:04:22.000Z,1
2019-10-04T09:26:56.000Z,1
2019-10-04T09:29:36.000Z,1
2019-10-04T09:36:43.000Z,1
2019-10-04T10:05:58.000Z,1
2019-10-04T10:14:21.000Z,1
2019-10-04T10:59:32.000Z,1
2019-10-04T11:29:52.000Z,1
2019-10-04T11:37:13.000Z,2
2019-10-04T11:54:15.000Z,1
2019-10-04T12:06:34.000Z,1
2019-10-04T12:43:03.000Z,2
2019-10-04T12:48:09.000Z,1
2019-10-04T12:56:57.000Z,1
2019-10-04T13:30:34.000Z,1
2019-10-04T15:00:00.000Z,1
2019-10-04T15:01:02.000Z,1
2019-10-04T15:11:16.000Z,1
2019-10-04T15:12:32.000Z,1
2019-10-04T15:21:48.000Z,1
2019-10-04T15:27:08.000Z,1
2019-10-04T15:46:25.000Z,1
2019-10-04T16:05:20.000Z,1
2019-10-04T16:11:35.000Z,1
2019-10-04T16:17:38.000Z,1
2019-10-04T16:37:43.000Z,1
2019-10-04T16:41:36.000Z,1
2019-10-04T16:46:24.000Z,1
2019-10-04T16:57:55.000Z,1
2019-10-04T16:58:50.000Z,1
2019-10-04T17:01:31.000Z,1
2019-10-04T17:03:23.000Z,1
2019-10-04T17:03:45.000Z,2
2019-10-04T17:07:09.000Z,1
2019-10-04T17:07:31.000Z,1
2019-10-04T17:11:17.000Z,1
2019-10-04T17:12:27.000Z,1
2019-10-04T17:17:14.000Z,1
2019-10-04T17:33:59.000Z,1
2019-10-04T17:36:25.000Z,2
2019-10-04T17:42:03.000Z,1
2019-10-04T18:11:20.000Z,1
2019-10-04T18:14:02.000Z,1
2019-10-04T18:16:07.000Z,1
2019-10-04T18:34:59.000Z,1
2019-10-04T19:01:08.000Z,1
2019-10-04T19:13:45.000Z,1
2019-10-04T19:33:03.000Z,1
2019-10-04T19:36:17.000Z,1
2019-10-04T19:52:44.000Z,1
2019-10-04T20:40:06.000Z,1
2019-10-04T20:40:04.000Z,1
2019-10-04T20:41:05.000Z,1
2019-10-04T20:47:40.000Z,1
2019-10-04T21:29:28.000Z,1
2019-10-04T22:44:18.000Z,1
2019-10-04T23:11:31.000Z,1
2019-10-04T23:23:12.000Z,1
2019-10-05T00:30:00.000Z,1
2019-10-05T08:31:23.000Z,1
2019-10-05T08:41:46.000Z,1
2019-10-05T08:45:06.000Z,1
2019-10-05T09:23:36.000Z,1
2019-10-05T09:38:11.000Z,1
2019-10-05T09:45:08.000Z,1
2019-10-05T09:52:45.000Z,1
2019-10-05T10:06:57.000Z,1
2019-10-05T10:23:19.000Z,1
2019-10-05T10:31:24.000Z,1
2019-10-05T10:51:47.000Z,1
2019-10-01T00:32:11.000Z,1
2019-10-01T01:06:49.000Z,1
2019-10-01T03:29:37.000Z,1
2019-10-01T05:03:06.000Z,1
2019-10-01T06:57:30.000Z,1
2019-10-01T07:27:37.000Z,1
2019-10-01T07:29:50.000Z,1
2019-10-01T07:47:59.000Z,1
2019-10-01T07:49:44.000Z,1
2019-10-01T07:53:19.000Z,2
2019-10-01T08:03:10.000Z,1
2019-10-01T08:15:43.000Z,1
2019-10-01T08:18:09.000Z,1
2019-10-01T08:21:04.000Z,1
2019-10-01T12:36:56.000Z,1
2019-10-01T07:22:32.000Z,1
2019-10-01T08:10:47.000Z,1
2019-10-01T08:58:35.000Z,1
2019-10-01T09:01:10.000Z,1
2019-10-01T09:04:37.000Z,1
2019-10-01T10:19:46.000Z,1
2019-10-01T10:37:13.000Z,1
2019-10-01T11:43:59.000Z,1
2019-10-01T12:18:36.000Z,2
2019-10-01T12:31:42.000Z,1
2019-10-01T13:22:07.000Z,1
2019-10-01T13:36:34.000Z,1
2019-10-01T13:36:46.000Z,2
2019-10-01T14:00:16.000Z,1
2019-10-01T14:10:07.000Z,1
2019-10-01T14:16:10.000Z,1
2019-10-01T15:21:32.000Z,1
2019-10-01T15:39:32.000Z,1
2019-10-01T15:39:42.000Z,1
2019-10-01T15:50:08.000Z,1
2019-10-01T16:05:28.000Z,1
2019-10-01T16:10:28.000Z,1
2019-10-01T16:13:42.000Z,1
2019-10-01T16:15:39.000Z,1
2019-10-01T16:19:25.000Z,1
2019-10-01T16:33:30.000Z,1
2019-10-01T16:44:04.000Z,1
2019-10-01T16:51:27.000Z,1
2019-10-01T16:51:51.000Z,1
2019-10-01T16:52:54.000Z,1
2019-10-01T16:53:23.000Z,1
2019-10-01T16:55:06.000Z,2
2019-10-01T17:12:08.000Z,1
2019-10-01T17:18:02.000Z,1
2019-10-01T17:31:08.000Z,2
2019-10-01T17:40:18.000Z,1
2019-10-01T17:46:15.000Z,1
2019-10-01T17:47:53.000Z,1
2019-10-01T17:54:25.000Z,1
2019-10-01T18:12:00.000Z,1
2019-10-01T18:21:38.000Z,2
2019-10-01T18:25:29.000Z,1
2019-10-01T18:33:29.000Z,1
2019-10-01T18:46:06.000Z,1
2019-10-01T18:48:13.000Z,1
2019-10-01T18:50:37.000Z,1
2019-10-01T18:57:40.000Z,1
2019-10-01T19:06:26.000Z,2
2019-10-01T19:16:10.000Z,1
2019-10-01T19:19:19.000Z,1
2019-10-01T19:27:39.000Z,1
2019-10-01T20:47:39.000Z,1
2019-10-01T20:47:51.000Z,1
2019-10-01T20:57:13.000Z,2
2019-10-01T21:05:48.000Z,1
2019-10-01T21:18:18.000Z,1
2019-10-01T21:24:25.000Z,1
2019-10-01T21:33:45.000Z,1
2019-10-01T21:51:29.000Z,1
2019-10-01T22:01:03.000Z,1
2019-10-01T22:36:42.000Z,1
2019-10-02T00:03:53.000Z,1
2019-10-02T00:54:24.000Z,1
2019-10-02T05:25:23.000Z,1
2019-10-02T06:20:27.000Z,1
2019-10-02T06:28:31.000Z,1
2019-10-02T06:42:27.000Z,1
2019-10-02T06:50:02.000Z,1
2019-10-02T07:15:40.000Z,1
2019-10-02T08:04:04.000Z,1
2019-10-02T08:07:50.000Z,1
2019-10-02T09:08:36.000Z,1
2019-10-02T09:15:00.000Z,1
2019-10-02T09:35:16.000Z,1
2019-10-02T11:38:27.000Z,2
2019-10-02T12:12:48.000Z,1
2019-10-02T12:33:11.000Z,1
2019-10-02T13:18:10.000Z,1
2019-10-02T13:32:18.000Z,1
2019-10-02T13:34:50.000Z,1
2019-10-02T14:15:01.000Z,1
2019-10-02T14:44:02.000Z,1
2019-10-02T14:56:28.000Z,1
2019-10-02T15:42:03.000Z,1
2019-10-02T16:35:06.000Z,1
2019-10-02T16:41:26.000Z,1
2019-10-02T16:48:11.000Z,1
2019-10-02T16:48:57.000Z,1
2019-10-02T16:52:47.000Z,2
2019-10-02T17:10:15.000Z,1
2019-10-02T17:16:09.000Z,1
2019-10-02T17:17:06.000Z,1
2019-10-02T17:19:52.000Z,1
2019-10-02T17:20:47.000Z,1
2019-10-02T17:23:28.000Z,2
2019-10-02T17:24:24.000Z,2
2019-10-02T17:29:03.000Z,1
2019-10-02T17:31:46.000Z,2
2019-10-02T17:53:40.000Z,1
2019-10-02T17:55:23.000Z,1
2019-10-02T18:02:01.000Z,1
2019-10-02T18:22:42.000Z,2
2019-10-02T19:13:40.000Z,1
2019-10-02T19:17:19.000Z,1
2019-10-02T19:17:34.000Z,1
2019-10-02T19:42:40.000Z,2
2019-10-02T19:47:14.000Z,1
2019-10-02T19:51:31.000Z,1
2019-10-02T20:15:55.000Z,1
2019-10-02T21:46:57.000Z,1
2019-10-02T22:15:20.000Z,1
2019-10-03T05:17:35.000Z,1
2019-10-03T05:47:19.000Z,1
2019-10-03T06:12:32.000Z,1
2019-10-03T06:14:09.000Z,1
2019-10-03T06:30:19.000Z,1
2019-10-03T06:57:40.000Z,2
2019-10-03T07:01:31.000Z,1
2019-10-03T07:29:07.000Z,1
2019-10-03T07:44:05.000Z,1
2019-10-03T07:52:41.000Z,1
2019-10-03T08:01:14.000Z,1
2019-10-03T08:19:53.000Z,1
2019-10-03T08:28:20.000Z,2
2019-10-03T08:34:51.000Z,2
2019-10-03T08:42:12.000Z,1
2019-10-03T08:44:53.000Z,1
2019-10-03T08:49:08.000Z,1
2019-10-03T08:49:21.000Z,2
2019-10-03T09:00:12.000Z,1
2019-10-03T09:02:43.000Z,1
2019-10-03T09:04:47.000Z,2
2019-10-03T09:10:23.000Z,1
2019-10-03T09:15:32.000Z,1
2019-10-03T10:09:30.000Z,2
2019-10-03T10:25:44.000Z,1
2019-10-03T10:55:45.000Z,1
2019-10-03T10:56:14.000Z,1
2019-10-03T10:56:19.000Z,1
2019-10-03T11:26:30.000Z,2
2019-10-03T11:50:01.000Z,1
2019-10-03T12:53:25.000Z,1
2019-10-03T13:05:30.000Z,1
2019-10-03T13:52:17.000Z,1
2019-10-03T14:24:27.000Z,1
2019-10-03T14:36:31.000Z,1
2019-10-03T14:41:14.000Z,1
2019-10-03T15:42:59.000Z,1
2019-10-03T15:46:43.000Z,2
2019-10-03T16:14:54.000Z,1
2019-10-03T16:24:44.000Z,1
2019-10-03T16:34:37.000Z,1
2019-10-03T16:43:17.000Z,1
2019-10-03T16:43:54.000Z,1
2019-10-03T16:47:11.000Z,1
2019-10-03T16:49:46.000Z,1
2019-10-03T16:51:10.000Z,1
2019-10-03T16:52:22.000Z,1
2019-10-03T16:54:22.000Z,1
2019-10-03T16:56:42.000Z,1
2019-10-03T17:18:28.000Z,1
2019-10-03T17:26:11.000Z,1
2019-10-03T17:36:53.000Z,1
2019-10-03T17:42:33.000Z,1
2019-10-03T17:42:37.000Z,1
2019-10-03T17:43:13.000Z,1
2019-10-03T17:46:58.000Z,1
2019-10-03T17:54:57.000Z,1
2019-10-03T18:08:40.000Z,1
2019-10-03T18:29:19.000Z,1
2019-10-03T18:43:40.000Z,1
2019-10-03T18:59:08.000Z,1
2019-10-03T19:04:32.000Z,1
2019-10-03T19:26:06.000Z,1
2019-10-03T20:11:35.000Z,1
2019-10-03T20:12:46.000Z,1
2019-10-03T20:13:15.000Z,1
2019-10-03T20:28:28.000Z,1
2019-10-03T20:30:36.000Z,1
2019-10-03T21:16:38.000Z,1
2019-10-03T21:49:40.000Z,1
2019-10-03T22:00:50.000Z,1
2019-10-03T22:36:23.000Z,1
2019-10-03T22:38:17.000Z,1
2019-10-04T06:03:41.000Z,1
2019-10-04T06:43:37.000Z,1
2019-10-04T06:59:43.000Z,1
2019-10-04T07:15:35.000Z,1
2019-10-04T07:23:28.000Z,1
2019-10-04T07:59:23.000Z,1
2019-10-04T08:11:30.000Z,1
2019-10-04T08:12:34.000Z,1
2019-10-04T08:12:42.000Z,1
2019-10-04T08:19:45.000Z,1
2019-10-04T08:30:25.000Z,1
2019-10-04T09:27:49.000Z,1
2019-10-04T09:34:50.000Z,1
2019-10-04T09:39:33.000Z,1
2019-10-04T09:43:13.000Z,1
2019-10-04T09:55:32.000Z,1
2019-10-04T09:56:47.000Z,1
2019-10-04T10:00:36.000Z,1
2019-10-04T10:09:39.000Z,2
2019-10-04T10:30:36.000Z,1
2019-10-04T11:20:45.000Z,1
2019-10-04T11:27:09.000Z,1
2019-10-04T11:39:06.000Z,1
2019-10-04T11:49:21.000Z,1
2019-10-04T11:56:07.000Z,1
2019-10-04T12:44:23.000Z,1
2019-10-04T14:00:35.000Z,1
2019-10-04T14:41:51.000Z,1
2019-10-04T15:23:30.000Z,1
2019-10-04T16:03:05.000Z,1
2019-10-04T16:18:10.000Z,1
2019-10-04T16:22:47.000Z,1
2019-10-04T16:26:35.000Z,3
2019-10-04T16:34:03.000Z,1
2019-10-04T16:41:01.000Z,2
2019-10-04T16:49:40.000Z,1
2019-10-04T17:02:21.000Z,2
2019-10-04T17:26:16.000Z,2
2019-10-04T17:36:27.000Z,1
2019-10-04T17:54:30.000Z,1
2019-10-04T17:59:22.000Z,1
2019-10-04T18:12:06.000Z,1
2019-10-04T18:26:50.000Z,1
2019-10-04T18:37:10.000Z,2
2019-10-04T18:51:43.000Z,1
2019-10-04T18:58:01.000Z,1
2019-10-04T20:02:49.000Z,1
2019-10-04T21:02:01.000Z,1
2019-10-04T23:06:17.000Z,1
2019-10-05T00:03:59.000Z,1
2019-10-05T00:38:20.000Z,1
2019-10-05T02:00:56.000Z,1
2019-10-05T02:21:05.000Z,1
2019-10-05T05:26:29.000Z,1
2019-10-05T06:24:53.000Z,1
2019-10-05T06:26:30.000Z,1
2019-10-05T08:56:35.000Z,2
2019-10-05T09:24:31.000Z,3
2019-10-05T09:36:16.000Z,2
2019-10-05T09:41:28.000Z,1
2019-10-05T10:46:34.000Z,1
2019-10-01T04:18:29.000Z,1
2019-10-01T04:57:42.000Z,1
2019-10-01T05:16:11.000Z,1
2019-10-01T05:26:22.000Z,1
2019-10-01T05:34:42.000Z,1
2019-10-01T06:44:31.000Z,2
2019-10-01T06:52:35.000Z,1
2019-10-01T07:11:10.000Z,2
2019-10-01T07:14:58.000Z,1
2019-10-01T07:20:14.000Z,3
2019-10-01T07:37:19.000Z,2
2019-10-01T07:45:26.000Z,1
2019-10-01T08:10:49.000Z,1
2019-10-01T08:13:46.000Z,2
2019-10-01T08:19:43.000Z,1
2019-10-01T10:14:46.000Z,1
2019-10-01T12:16:43.000Z,1
2019-10-01T14:50:19.000Z,1
2019-10-01T15:18:17.000Z,1
2019-10-01T15:33:43.000Z,1
2019-10-01T06:54:31.000Z,1
2019-10-01T07:16:11.000Z,1
2019-10-01T07:22:37.000Z,1
2019-10-01T08:02:46.000Z,2
2019-10-01T08:32:46.000Z,1
2019-10-01T09:16:49.000Z,1
2019-10-01T09:17:28.000Z,1
2019-10-01T09:18:44.000Z,1
2019-10-01T10:43:59.000Z,1
2019-10-01T11:15:14.000Z,1
2019-10-01T11:19:15.000Z,2
2019-10-01T11:30:12.000Z,1
2019-10-01T11:47:45.000Z,1
2019-10-01T11:52:37.000Z,2
2019-10-01T12:04:05.000Z,1
2019-10-01T12:30:09.000Z,1
2019-10-01T12:38:56.000Z,1
2019-10-01T12:41:41.000Z,1
2019-10-01T12:45:29.000Z,3
2019-10-01T13:26:41.000Z,1
2019-10-01T13:35:42.000Z,1
2019-10-01T13:38:37.000Z,1
2019-10-01T13:54:10.000Z,1
2019-10-01T14:01:47.000Z,1
2019-10-01T14:25:30.000Z,2
2019-10-01T14:31:48.000Z,1
2019-10-01T14:42:28.000Z,1
2019-10-01T14:49:09.000Z,1
2019-10-01T15:56:55.000Z,1
2019-10-01T16:14:20.000Z,1
2019-10-01T16:15:03.000Z,1
2019-10-01T16:18:39.000Z,2
2019-10-01T16:28:30.000Z,1
2019-10-01T16:39:05.000Z,2
2019-10-01T16:39:16.000Z,1
2019-10-01T16:48:59.000Z,1
2019-10-01T16:54:41.000Z,2
2019-10-01T17:16:51.000Z,1
2019-10-01T17:18:42.000Z,1
2019-10-01T17:34:10.000Z,1
2019-10-01T17:36:15.000Z,1
2019-10-01T17:38:05.000Z,1
2019-10-01T17:41:39.000Z,1
2019-10-01T17:43:53.000Z,1
2019-10-01T17:44:43.000Z,2
2019-10-01T17:44:49.000Z,1
2019-10-01T17:46:19.000Z,3
2019-10-01T17:47:19.000Z,1
2019-10-01T17:48:49.000Z,1
2019-10-01T17:55:39.000Z,2
2019-10-01T17:58:09.000Z,2
2019-10-01T18:06:40.000Z,1
2019-10-01T18:08:15.000Z,2
2019-10-01T18:30:25.000Z,1
2019-10-01T18:41:10.000Z,1
2019-10-01T18:58:31.000Z,1
2019-10-01T19:05:39.000Z,2
2019-10-01T19:12:55.000Z,1
2019-10-01T19:16:37.000Z,2
2019-10-01T19:34:46.000Z,1
2019-10-01T19:49:16.000Z,2
2019-10-01T20:23:17.000Z,1
2019-10-01T20:40:01.000Z,1
2019-10-01T21:07:36.000Z,1
2019-10-01T21:43:24.000Z,1
2019-10-01T23:20:53.000Z,1
2019-10-01T23:23:59.000Z,1
2019-10-02T04:44:52.000Z,1
2019-10-02T06:39:23.000Z,1
2019-10-02T06:46:39.000Z,1
2019-10-02T07:05:38.000Z,2
2019-10-02T07:25:46.000Z,1
2019-10-02T08:26:23.000Z,1
2019-10-02T08:27:36.000Z,1
2019-10-02T08:51:46.000Z,1
2019-10-02T08:57:57.000Z,1
2019-10-02T10:18:22.000Z,1
2019-10-02T10:42:47.000Z,1
2019-10-02T10:44:07.000Z,1
2019-10-02T10:54:21.000Z,1
2019-10-02T11:35:55.000Z,1
2019-10-02T11:57:56.000Z,1
2019-10-02T12:17:55.000Z,1
2019-10-02T13:20:00.000Z,1
2019-10-02T14:04:51.000Z,1
2019-10-02T14:06:37.000Z,1
2019-10-02T14:13:31.000Z,1
2019-10-02T14:42:10.000Z,1
2019-10-02T15:26:47.000Z,1
2019-10-02T15:47:30.000Z,1
2019-10-02T16:25:32.000Z,1
2019-10-02T16:25:37.000Z,1
2019-10-02T16:30:41.000Z,1
2019-10-02T16:41:02.000Z,1
2019-10-02T16:54:40.000Z,2
2019-10-02T16:55:10.000Z,1
2019-10-02T17:05:27.000Z,1
2019-10-02T17:05:37.000Z,1
2019-10-02T17:08:26.000Z,1
2019-10-02T17:24:26.000Z,1
2019-10-02T17:28:42.000Z,1
2019-10-02T17:39:25.000Z,1
2019-10-02T17:43:30.000Z,1
2019-10-02T18:01:12.000Z,2
2019-10-02T18:09:53.000Z,1
2019-10-02T18:12:05.000Z,1
2019-10-02T18:13:43.000Z,1
2019-10-02T18:20:12.000Z,1
2019-10-02T18:37:03.000Z,1
2019-10-02T19:26:00.000Z,1
2019-10-02T19:55:46.000Z,1
2019-10-02T19:57:46.000Z,1
2019-10-02T20:32:24.000Z,1
2019-10-02T21:20:18.000Z,1
2019-10-02T22:07:39.000Z,1
2019-10-02T22:32:12.000Z,1
2019-10-02T22:38:53.000Z,1
2019-10-03T05:43:39.000Z,1
2019-10-03T06:33:27.000Z,1
2019-10-03T06:51:36.000Z,1
2019-10-03T06:54:25.000Z,1
2019-10-03T06:56:28.000Z,1
2019-10-03T07:10:50.000Z,1
2019-10-03T07:16:16.000Z,1
2019-10-03T07:36:34.000Z,1
2019-10-03T07:40:37.000Z,1
2019-10-03T07:54:06.000Z,3
2019-10-03T07:59:58.000Z,1
2019-10-03T08:00:36.000Z,1
2019-10-03T08:04:29.000Z,3
2019-10-03T08:33:17.000Z,1
2019-10-03T09:05:11.000Z,1
2019-10-03T09:25:46.000Z,1
2019-10-03T09:52:46.000Z,1
2019-10-03T09:55:32.000Z,1
2019-10-03T09:57:50.000Z,1
2019-10-03T10:03:37.000Z,1
2019-10-03T10:20:55.000Z,1
2019-10-03T10:49:34.000Z,1
2019-10-03T10:57:01.000Z,1
2019-10-03T11:56:05.000Z,1
2019-10-03T12:46:50.000Z,1
2019-10-03T13:12:15.000Z,1
2019-10-03T13:18:36.000Z,2
2019-10-03T13:36:22.000Z,1
2019-10-03T13:54:38.000Z,1
2019-10-03T14:16:09.000Z,1
2019-10-03T14:18:21.000Z,1
2019-10-03T14:24:02.000Z,1
2019-10-03T14:54:44.000Z,1
2019-10-03T14:57:30.000Z,1
2019-10-03T15:20:39.000Z,1
2019-10-03T15:27:42.000Z,1
2019-10-03T15:33:43.000Z,1
2019-10-03T16:01:02.000Z,1
2019-10-03T16:26:47.000Z,1
2019-10-03T16:41:29.000Z,1
2019-10-03T16:48:08.000Z,1
2019-10-03T16:53:37.000Z,1
2019-10-03T17:19:31.000Z,1
2019-10-03T17:25:47.000Z,2
2019-10-03T17:41:05.000Z,4
2019-10-03T17:43:48.000Z,1
2019-10-03T17:46:55.000Z,1
2019-10-03T17:49:03.000Z,1
2019-10-03T17:52:11.000Z,1
2019-10-03T17:54:38.000Z,1
2019-10-03T17:57:23.000Z,1
2019-10-03T18:00:59.000Z,1
2019-10-03T18:31:12.000Z,1
2019-10-03T18:33:26.000Z,1
2019-10-03T18:40:11.000Z,1
2019-10-03T19:00:38.000Z,1
2019-10-03T19:11:13.000Z,1
2019-10-03T19:16:47.000Z,1
2019-10-03T19:26:17.000Z,1
2019-10-03T19:29:35.000Z,1
2019-10-03T19:53:00.000Z,1
2019-10-03T21:00:17.000Z,1
2019-10-03T21:01:27.000Z,1
2019-10-03T22:13:57.000Z,1
2019-10-04T03:41:09.000Z,1
2019-10-04T06:33:27.000Z,1
2019-10-04T06:34:27.000Z,1
2019-10-04T06:44:21.000Z,1
2019-10-04T06:55:39.000Z,1
2019-10-04T07:36:47.000Z,1
2019-10-04T07:43:58.000Z,1
2019-10-04T07:56:00.000Z,1
2019-10-04T08:21:34.000Z,1
2019-10-04T08:26:48.000Z,1
2019-10-04T08:28:04.000Z,2
2019-10-04T08:41:50.000Z,1
2019-10-04T08:45:04.000Z,1
2019-10-04T08:46:24.000Z,1
2019-10-04T08:57:02.000Z,1
2019-10-04T09:02:17.000Z,1
2019-10-04T09:04:27.000Z,2
2019-10-04T09:16:26.000Z,1
2019-10-04T09:18:50.000Z,1
2019-10-04T09:18:51.000Z,1
2019-10-04T09:39:04.000Z,1
2019-10-04T10:08:26.000Z,1
2019-10-04T10:56:54.000Z,2
2019-10-04T11:33:33.000Z,1
2019-10-04T11:51:17.000Z,1
2019-10-04T12:07:32.000Z,1
2019-10-04T12:12:51.000Z,1
2019-10-04T12:29:47.000Z,1
2019-10-04T13:16:00.000Z,1
2019-10-04T14:46:56.000Z,1
2019-10-04T15:02:00.000Z,1
2019-10-04T15:04:11.000Z,1
2019-10-04T15:06:40.000Z,1
2019-10-04T15:07:47.000Z,1
2019-10-04T15:10:56.000Z,1
2019-10-04T15:21:47.000Z,1
2019-10-04T15:34:21.000Z,1
2019-10-04T15:54:34.000Z,1
2019-10-04T15:55:01.000Z,1
2019-10-04T15:58:31.000Z,1
2019-10-04T16:02:27.000Z,1
2019-10-04T16:03:22.000Z,2
2019-10-04T16:10:48.000Z,1
2019-10-04T16:37:47.000Z,1
2019-10-04T16:57:18.000Z,1
2019-10-04T17:20:24.000Z,1
2019-10-04T17:24:01.000Z,1
2019-10-04T17:31:50.000Z,1
2019-10-04T17:35:24.000Z,2
2019-10-04T17:37:39.000Z,1
2019-10-04T17:43:24.000Z,1
2019-10-04T17:49:42.000Z,1
2019-10-04T17:51:46.000Z,2
2019-10-04T18:02:33.000Z,1
2019-10-04T18:06:21.000Z,1
2019-10-04T18:09:08.000Z,1
2019-10-04T18:09:55.000Z,1
2019-10-04T18:20:34.000Z,1
2019-10-04T18:37:43.000Z,1
2019-10-04T18:47:18.000Z,2
2019-10-04T19:00:13.000Z,1
2019-10-04T19:47:54.000Z,1
2019-10-04T20:11:01.000Z,1
2019-10-04T20:31:30.000Z,1
2019-10-04T20:49:50.000Z,1
2019-10-04T21:11:31.000Z,1
2019-10-04T21:19:53.000Z,2
2019-10-04T21:45:11.000Z,1
2019-10-04T23:41:03.000Z,1
2019-10-04T23:58:38.000Z,1
2019-10-05T05:19:07.000Z,1
2019-10-05T07:07:23.000Z,1
2019-10-05T07:54:30.000Z,1
2019-10-05T08:02:37.000Z,1
2019-10-05T09:23:27.000Z,1
2019-10-05T10:05:08.000Z,1
2019-10-05T10:08:59.000Z,1
2019-10-05T10:30:33.000Z,1
2019-10-05T10:37:03.000Z,2
2019-10-01T00:05:20.000Z,2
2019-10-01T00:30:08.000Z,1
2019-10-01T05:20:36.000Z,1
2019-10-01T05:59:48.000Z,1
2019-10-01T06:34:04.000Z,1
2019-10-01T06:35:12.000Z,1
2019-10-01T06:37:32.000Z,2
2019-10-01T06:45:01.000Z,2
2019-10-01T06:54:45.000Z,1
2019-10-01T07:11:42.000Z,1
2019-10-01T07:13:32.000Z,2
2019-10-01T07:32:21.000Z,1
2019-10-01T07:34:19.000Z,1
2019-10-01T07:39:10.000Z,1
2019-10-01T07:42:19.000Z,1
2019-10-01T07:48:30.000Z,1
2019-10-01T08:02:21.000Z,1
2019-10-01T08:06:29.000Z,1
2019-10-01T08:18:20.000Z,1
2019-10-01T09:03:05.000Z,2
2019-10-01T10:48:12.000Z,1
2019-10-01T12:50:18.000Z,1
2019-10-01T15:09:44.000Z,1
2019-10-01T08:12:10.000Z,1
2019-10-01T08:13:14.000Z,1
2019-10-01T08:31:15.000Z,1
2019-10-01T08:31:29.000Z,1
2019-10-01T08:48:09.000Z,1
2019-10-01T08:56:11.000Z,3
2019-10-01T09:41:45.000Z,1
2019-10-01T10:20:21.000Z,1
2019-10-01T11:28:33.000Z,1
2019-10-01T11:28:49.000Z,1
2019-10-01T12:07:49.000Z,1
2019-10-01T12:19:08.000Z,1
2019-10-01T14:00:17.000Z,1
2019-10-01T14:00:52.000Z,1
2019-10-01T14:19:33.000Z,1
2019-10-01T14:27:32.000Z,1
2019-10-01T14:46:10.000Z,1
2019-10-01T15:04:26.000Z,1
2019-10-01T15:16:29.000Z,2
2019-10-01T15:31:41.000Z,1
2019-10-01T16:11:26.000Z,1
2019-10-01T16:11:47.000Z,1
2019-10-01T16:27:39.000Z,1
2019-10-01T16:27:54.000Z,1
2019-10-01T16:35:48.000Z,1
2019-10-01T16:36:26.000Z,2
2019-10-01T16:50:39.000Z,1
2019-10-01T16:55:35.000Z,2
2019-10-01T16:57:33.000Z,1
2019-10-01T17:19:30.000Z,1
2019-10-01T17:26:27.000Z,4
2019-10-01T18:07:47.000Z,2
2019-10-01T18:13:58.000Z,1
2019-10-01T18:28:47.000Z,2
2019-10-01T18:30:33.000Z,1
2019-10-01T18:30:56.000Z,1
2019-10-01T18:33:32.000Z,1
2019-10-01T18:42:04.000Z,1
2019-10-01T19:13:38.000Z,1
2019-10-01T19:15:02.000Z,1
2019-10-01T19:39:59.000Z,1
2019-10-01T19:43:22.000Z,2
2019-10-01T19:58:50.000Z,3
2019-10-01T20:01:49.000Z,2
2019-10-01T20:18:11.000Z,1
2019-10-01T21:12:22.000Z,1
2019-10-01T21:48:20.000Z,1
2019-10-01T22:00:18.000Z,1
2019-10-01T22:23:52.000Z,1
2019-10-02T05:04:44.000Z,1
2019-10-02T06:07:10.000Z,1
2019-10-02T06:10:41.000Z,1
2019-10-02T06:42:26.000Z,1
2019-10-02T06:45:48.000Z,1
2019-10-02T06:47:42.000Z,1
2019-10-02T06:59:39.000Z,1
2019-10-02T07:24:04.000Z,1
2019-10-02T07:40:33.000Z,1
2019-10-02T07:54:23.000Z,1
2019-10-02T08:04:41.000Z,1
2019-10-02T08:05:33.000Z,1
2019-10-02T08:27:51.000Z,1
2019-10-02T08:31:03.000Z,2
2019-10-02T08:41:10.000Z,1
2019-10-02T08:50:57.000Z,1
2019-10-02T11:48:43.000Z,1
2019-10-02T12:50:36.000Z,1
2019-10-02T13:30:21.000Z,1
2019-10-02T14:22:35.000Z,1
2019-10-02T14:41:22.000Z,1
2019-10-02T15:00:51.000Z,1
2019-10-02T15:50:14.000Z,1
2019-10-02T15:54:20.000Z,1
2019-10-02T16:01:43.000Z,1
2019-10-02T16:13:59.000Z,2
2019-10-02T16:15:41.000Z,1
2019-10-02T16:21:35.000Z,1
2019-10-02T16:40:55.000Z,2
2019-10-02T16:42:35.000Z,1
2019-10-02T16:57:17.000Z,1
2019-10-02T16:58:37.000Z,1
2019-10-02T17:01:18.000Z,2
2019-10-02T17:03:07.000Z,1
2019-10-02T17:20:53.000Z,2
2019-10-02T17:28:24.000Z,1
2019-10-02T17:28:39.000Z,1
2019-10-02T17:31:33.000Z,1
2019-10-02T17:32:33.000Z,1
2019-10-02T17:38:18.000Z,3
2019-10-02T17:56:18.000Z,1
2019-10-02T17:56:21.000Z,1
2019-10-02T18:00:00.000Z,1
2019-10-02T18:07:50.000Z,1
2019-10-02T18:15:34.000Z,2
2019-10-02T18:26:24.000Z,1
2019-10-02T18:42:59.000Z,1
2019-10-02T18:54:16.000Z,1
2019-10-02T18:54:17.000Z,2
2019-10-02T20:45:36.000Z,1
2019-10-02T20:49:38.000Z,1
2019-10-02T21:04:44.000Z,1
2019-10-02T21:22:41.000Z,1
2019-10-02T22:05:11.000Z,1
2019-10-02T22:36:36.000Z,1
2019-10-03T06:19:27.000Z,1
2019-10-03T06:20:39.000Z,1
2019-10-03T06:40:22.000Z,1
2019-10-03T07:02:15.000Z,1
2019-10-03T07:02:24.000Z,1
2019-10-03T07:06:03.000Z,1
2019-10-03T07:12:50.000Z,1
2019-10-03T07:22:24.000Z,1
2019-10-03T07:27:05.000Z,1
2019-10-03T07:39:15.000Z,1
2019-10-03T08:06:32.000Z,1
2019-10-03T08:11:23.000Z,1
2019-10-03T08:13:31.000Z,1
2019-10-03T08:13:38.000Z,1
2019-10-03T08:38:46.000Z,2
2019-10-03T08:41:48.000Z,1
2019-10-03T09:40:15.000Z,1
2019-10-03T09:55:53.000Z,1
2019-10-03T10:16:23.000Z,1
2019-10-03T11:01:02.000Z,1
2019-10-03T12:27:25.000Z,1
2019-10-03T13:06:21.000Z,1
2019-10-03T13:28:15.000Z,1
2019-10-03T13:42:36.000Z,1
2019-10-03T14:03:54.000Z,1
2019-10-03T14:58:55.000Z,2
2019-10-03T14:58:53.000Z,1
2019-10-03T15:46:03.000Z,1
2019-10-03T15:57:58.000Z,1
2019-10-03T16:07:30.000Z,4
2019-10-03T16:14:58.000Z,1
2019-10-03T16:22:49.000Z,1
2019-10-03T16:34:42.000Z,1
2019-10-03T16:43:31.000Z,4
2019-10-03T16:52:43.000Z,1
2019-10-03T17:18:25.000Z,1
2019-10-03T17:18:34.000Z,1
2019-10-03T17:19:26.000Z,1
2019-10-03T17:28:59.000Z,2
2019-10-03T17:31:16.000Z,3
2019-10-03T17:36:29.000Z,3
2019-10-03T17:44:05.000Z,1
2019-10-03T17:46:30.000Z,1
2019-10-03T17:54:56.000Z,1
2019-10-03T18:00:28.000Z,1
2019-10-03T18:05:38.000Z,2
2019-10-03T18:10:36.000Z,2
2019-10-03T18:20:41.000Z,1
2019-10-03T18:20:44.000Z,2
2019-10-03T18:23:08.000Z,1
2019-10-03T18:28:50.000Z,1
2019-10-03T18:29:12.000Z,1
2019-10-03T18:32:28.000Z,1
2019-10-03T18:34:27.000Z,2
2019-10-03T18:47:00.000Z,1
2019-10-03T19:03:56.000Z,1
2019-10-03T19:06:52.000Z,1
2019-10-03T19:07:58.000Z,1
2019-10-03T19:48:24.000Z,1
2019-10-03T20:06:42.000Z,1
2019-10-03T20:46:47.000Z,1
2019-10-03T21:00:41.000Z,1
2019-10-03T21:28:42.000Z,1
2019-10-03T21:29:17.000Z,1
2019-10-03T21:48:36.000Z,1
2019-10-03T22:13:52.000Z,1
2019-10-03T23:09:38.000Z,1
2019-10-03T23:52:56.000Z,1
2019-10-04T03:34:10.000Z,1
2019-10-04T06:20:37.000Z,1
2019-10-04T06:25:20.000Z,1
2019-10-04T07:00:01.000Z,1
2019-10-04T07:04:26.000Z,1
2019-10-04T07:14:27.000Z,1
2019-10-04T07:15:31.000Z,1
2019-10-04T07:26:22.000Z,1
2019-10-04T07:27:35.000Z,1
2019-10-04T07:28:24.000Z,1
2019-10-04T07:51:26.000Z,1
2019-10-04T08:03:56.000Z,1
2019-10-04T08:08:10.000Z,1
2019-10-04T08:18:38.000Z,1
2019-10-04T08:23:43.000Z,1
2019-10-04T08:32:49.000Z,1
2019-10-04T09:11:01.000Z,2
2019-10-04T09:49:52.000Z,1
2019-10-04T09:54:49.000Z,1
2019-10-04T10:00:18.000Z,1
2019-10-04T10:04:40.000Z,1
2019-10-04T10:32:05.000Z,1
2019-10-04T10:47:11.000Z,1
2019-10-04T11:24:55.000Z,1
2019-10-04T11:37:48.000Z,1
2019-10-04T11:54:21.000Z,1
2019-10-04T12:14:38.000Z,1
2019-10-04T12:19:32.000Z,1
2019-10-04T12:22:54.000Z,1
2019-10-04T12:25:44.000Z,1
2019-10-04T12:45:41.000Z,1
2019-10-04T13:00:09.000Z,1
2019-10-04T13:06:46.000Z,1
2019-10-04T13:10:31.000Z,1
2019-10-04T13:39:33.000Z,1
2019-10-04T14:38:47.000Z,2
2019-10-04T15:32:39.000Z,1
2019-10-04T15:40:03.000Z,1
2019-10-04T15:41:13.000Z,1
2019-10-04T16:36:00.000Z,1
2019-10-04T16:36:37.000Z,1
2019-10-04T16:47:23.000Z,2
2019-10-04T16:47:42.000Z,1
2019-10-04T16:56:44.000Z,1
2019-10-04T17:30:58.000Z,2
2019-10-04T17:31:35.000Z,1
2019-10-04T17:34:26.000Z,1
2019-10-04T17:39:12.000Z,1
2019-10-04T17:42:35.000Z,2
2019-10-04T18:00:16.000Z,1
2019-10-04T18:22:53.000Z,1
2019-10-04T18:25:24.000Z,2
2019-10-04T19:01:00.000Z,1
2019-10-04T19:01:40.000Z,1
2019-10-04T19:04:27.000Z,1
2019-10-04T19:05:03.000Z,1
2019-10-04T19:20:59.000Z,2
2019-10-04T19:48:01.000Z,1
2019-10-04T22:11:45.000Z,1
2019-10-04T22:49:50.000Z,1
2019-10-04T22:50:12.000Z,1
2019-10-05T00:19:29.000Z,1
2019-10-05T01:27:10.000Z,1
2019-10-05T05:52:39.000Z,1
2019-10-05T08:15:26.000Z,1
2019-10-05T09:03:08.000Z,1
2019-10-05T09:03:57.000Z,1
2019-10-05T09:23:17.000Z,1
2019-10-05T09:43:12.000Z,1
2019-10-05T10:13:02.000Z,1
2019-10-05T10:31:05.000Z,1
2019-10-05T10:41:01.000Z,1
2019-10-05T10:41:13.000Z,1
2019-10-01T01:32:59.000Z,1
2019-10-01T05:40:27.000Z,1
2019-10-01T06:15:47.000Z,1
2019-10-01T06:25:41.000Z,1
2019-10-01T06:25:56.000Z,1
2019-10-01T06:28:21.000Z,1
2019-10-01T06:39:14.000Z,1
2019-10-01T06:41:23.000Z,1
2019-10-01T06:48:59.000Z,1
2019-10-01T06:49:14.000Z,1
2019-10-01T06:51:30.000Z,1
2019-10-01T07:02:25.000Z,1
2019-10-01T07:09:13.000Z,1
2019-10-01T07:11:00.000Z,2
2019-10-01T07:12:11.000Z,1
2019-10-01T07:17:00.000Z,1
2019-10-01T07:27:47.000Z,1
2019-10-01T07:35:48.000Z,1
2019-10-01T07:35:49.000Z,1
2019-10-01T07:41:55.000Z,1
2019-10-01T07:46:15.000Z,1
2019-10-01T07:47:19.000Z,1
2019-10-01T07:49:52.000Z,1
2019-10-01T09:04:06.000Z,1
2019-10-01T09:06:15.000Z,1
2019-10-01T09:21:53.000Z,1
2019-10-01T11:36:44.000Z,1
2019-10-01T08:16:48.000Z,1
2019-10-01T08:30:33.000Z,1
2019-10-01T08:47:58.000Z,1
2019-10-01T08:57:02.000Z,1
2019-10-01T09:30:29.000Z,1
2019-10-01T10:02:45.000Z,1
2019-10-01T11:35:13.000Z,1
2019-10-01T12:38:05.000Z,2
2019-10-01T12:39:02.000Z,1
2019-10-01T12:57:02.000Z,1
2019-10-01T13:04:45.000Z,1
2019-10-01T13:36:32.000Z,2
2019-10-01T13:40:37.000Z,1
2019-10-01T14:13:37.000Z,1
2019-10-01T14:30:47.000Z,1
2019-10-01T14:50:39.000Z,1
2019-10-01T15:23:12.000Z,1
2019-10-01T15:25:19.000Z,1
2019-10-01T15:45:16.000Z,1
2019-10-01T15:54:03.000Z,1
2019-10-01T16:00:37.000Z,1
2019-10-01T16:05:51.000Z,1
2019-10-01T16:09:19.000Z,5
2019-10-01T16:11:37.000Z,1
2019-10-01T16:24:39.000Z,1
2019-10-01T16:29:29.000Z,1
2019-10-01T16:30:55.000Z,2
2019-10-01T16:41:04.000Z,1
2019-10-01T16:43:02.000Z,1
2019-10-01T16:47:15.000Z,2
2019-10-01T16:56:36.000Z,2
2019-10-01T17:11:03.000Z,1
2019-10-01T17:16:47.000Z,1
2019-10-01T17:23:11.000Z,2
2019-10-01T17:27:30.000Z,1
2019-10-01T17:34:30.000Z,1
2019-10-01T17:34:37.000Z,1
2019-10-01T17:41:30.000Z,1
2019-10-01T17:41:57.000Z,1
2019-10-01T17:51:56.000Z,1
2019-10-01T17:54:22.000Z,1
2019-10-01T17:59:36.000Z,1
2019-10-01T18:01:58.000Z,1
2019-10-01T18:20:50.000Z,1
2019-10-01T18:36:23.000Z,1
2019-10-01T18:49:56.000Z,1
2019-10-01T18:50:21.000Z,1
2019-10-01T18:52:58.000Z,1
2019-10-01T18:55:56.000Z,1
2019-10-01T19:03:59.000Z,2
2019-10-01T19:11:19.000Z,1
2019-10-01T19:55:31.000Z,1
2019-10-01T20:05:13.000Z,1
2019-10-01T20:12:56.000Z,1
2019-10-01T20:55:29.000Z,1
2019-10-01T21:07:50.000Z,1
2019-10-01T22:18:54.000Z,1
2019-10-01T23:23:11.000Z,1
2019-10-01T23:35:52.000Z,1
2019-10-01T23:50:57.000Z,1
2019-10-02T00:02:22.000Z,2
2019-10-02T06:37:51.000Z,1
2019-10-02T07:03:18.000Z,1
2019-10-02T07:20:39.000Z,1
2019-10-02T07:35:48.000Z,1
2019-10-02T07:51:35.000Z,1
2019-10-02T07:53:07.000Z,1
2019-10-02T08:00:30.000Z,2
2019-10-02T08:07:55.000Z,1
2019-10-02T08:26:25.000Z,1
2019-10-02T08:28:53.000Z,1
2019-10-02T08:36:08.000Z,1
2019-10-02T08:36:16.000Z,1
2019-10-02T08:44:16.000Z,1
2019-10-02T09:33:50.000Z,2
2019-10-02T09:37:45.000Z,1
2019-10-02T11:00:46.000Z,1
2019-10-02T11:13:33.000Z,1
2019-10-02T11:16:55.000Z,1
2019-10-02T11:17:33.000Z,1
2019-10-02T11:30:40.000Z,1
2019-10-02T12:11:14.000Z,1
2019-10-02T12:24:40.000Z,1
2019-10-02T12:28:38.000Z,1
2019-10-02T13:08:24.000Z,1
2019-10-02T14:00:42.000Z,1
2019-10-02T14:58:04.000Z,1
2019-10-02T15:13:05.000Z,1
2019-10-02T15:45:42.000Z,1
2019-10-02T15:52:04.000Z,1
2019-10-02T16:11:27.000Z,1
2019-10-02T16:12:59.000Z,1
2019-10-02T16:37:15.000Z,1
2019-10-02T16:49:56.000Z,1
2019-10-02T17:05:11.000Z,1
2019-10-02T17:05:34.000Z,1
2019-10-02T17:33:47.000Z,1
2019-10-02T17:38:17.000Z,1
2019-10-02T18:07:16.000Z,1
2019-10-02T18:09:35.000Z,1
2019-10-02T18:28:20.000Z,1
2019-10-02T20:07:46.000Z,1
2019-10-02T20:14:11.000Z,1
2019-10-02T20:43:12.000Z,1
2019-10-03T00:41:28.000Z,1
2019-10-03T05:02:30.000Z,1
2019-10-03T06:10:53.000Z,1
2019-10-03T06:13:02.000Z,1
2019-10-03T06:13:12.000Z,1
2019-10-03T06:13:41.000Z,1
2019-10-03T06:15:45.000Z,1
2019-10-03T07:10:40.000Z,1
2019-10-03T07:15:00.000Z,1
2019-10-03T07:20:36.000Z,2
2019-10-03T07:41:44.000Z,2
2019-10-03T07:44:25.000Z,1
2019-10-03T07:49:17.000Z,1
2019-10-03T07:57:45.000Z,1
2019-10-03T07:58:04.000Z,2
2019-10-03T08:07:43.000Z,1
2019-10-03T08:16:36.000Z,1
2019-10-03T08:27:11.000Z,1
2019-10-03T08:32:41.000Z,2
2019-10-03T08:36:05.000Z,1
2019-10-03T08:44:16.000Z,2
2019-10-03T08:47:58.000Z,1
2019-10-03T08:50:11.000Z,1
2019-10-03T08:57:17.000Z,1
2019-10-03T09:12:52.000Z,1
2019-10-03T09:47:19.000Z,1
2019-10-03T10:10:00.000Z,1
2019-10-03T11:35:19.000Z,1
2019-10-03T11:49:06.000Z,1
2019-10-03T12:01:29.000Z,2
2019-10-03T12:24:04.000Z,1
2019-10-03T12:50:52.000Z,1
2019-10-03T13:03:01.000Z,1
2019-10-03T13:52:20.000Z,1
2019-10-03T14:05:22.000Z,1
2019-10-03T14:30:04.000Z,1
2019-10-03T15:13:24.000Z,1
2019-10-03T15:53:19.000Z,2
2019-10-03T16:09:41.000Z,1
2019-10-03T16:27:20.000Z,1
2019-10-03T16:36:40.000Z,1
2019-10-03T16:47:28.000Z,3
2019-10-03T16:48:32.000Z,1
2019-10-03T16:51:32.000Z,1
2019-10-03T17:02:35.000Z,3
2019-10-03T17:07:13.000Z,1
2019-10-03T17:07:37.000Z,3
2019-10-03T17:11:09.000Z,1
2019-10-03T17:14:52.000Z,1
2019-10-03T17:25:16.000Z,1
2019-10-03T17:29:44.000Z,3
2019-10-03T17:36:27.000Z,1
2019-10-03T17:53:12.000Z,1
2019-10-03T17:54:43.000Z,1
2019-10-03T18:05:49.000Z,1
2019-10-03T18:07:04.000Z,2
2019-10-03T18:24:50.000Z,2
2019-10-03T18:54:26.000Z,1
2019-10-03T19:09:05.000Z,1
2019-10-03T20:39:51.000Z,1
2019-10-03T21:10:21.000Z,1
2019-10-03T22:09:36.000Z,1
2019-10-03T22:35:59.000Z,1
2019-10-03T22:39:54.000Z,1
2019-10-03T23:08:00.000Z,1
2019-10-04T01:43:32.000Z,1
2019-10-04T06:45:45.000Z,2
2019-10-04T06:53:45.000Z,1
2019-10-04T06:58:12.000Z,1
2019-10-04T06:59:33.000Z,1
2019-10-04T07:39:53.000Z,1
2019-10-04T07:55:46.000Z,1
2019-10-04T08:03:01.000Z,1
2019-10-04T08:03:08.000Z,1
2019-10-04T08:05:47.000Z,1
2019-10-04T08:17:47.000Z,1
2019-10-04T08:21:00.000Z,2
2019-10-04T08:21:27.000Z,1
2019-10-04T08:36:57.000Z,1
2019-10-04T08:39:33.000Z,1
2019-10-04T08:42:25.000Z,2
2019-10-04T08:48:03.000Z,1
2019-10-04T08:48:14.000Z,1
2019-10-04T08:53:56.000Z,1
2019-10-04T09:04:19.000Z,1
2019-10-04T09:12:14.000Z,2
2019-10-04T09:13:55.000Z,1
2019-10-04T09:23:25.000Z,2
2019-10-04T09:26:53.000Z,1
2019-10-04T10:50:24.000Z,1
2019-10-04T10:52:52.000Z,1
2019-10-04T11:19:07.000Z,1
2019-10-04T11:31:46.000Z,1
2019-10-04T13:28:35.000Z,1
2019-10-04T13:40:05.000Z,1
2019-10-04T13:57:54.000Z,1
2019-10-04T14:10:14.000Z,1
2019-10-04T15:09:03.000Z,1
2019-10-04T15:13:34.000Z,2
2019-10-04T15:17:39.000Z,1
2019-10-04T15:31:44.000Z,1
2019-10-04T15:44:31.000Z,1
2019-10-04T15:49:40.000Z,1
2019-10-04T15:50:46.000Z,1
2019-10-04T15:58:34.000Z,1
2019-10-04T16:13:58.000Z,1
2019-10-04T16:26:23.000Z,2
2019-10-04T16:28:09.000Z,1
2019-10-04T16:29:18.000Z,1
2019-10-04T16:42:47.000Z,1
2019-10-04T16:56:34.000Z,1
2019-10-04T17:01:16.000Z,1
2019-10-04T17:01:22.000Z,2
2019-10-04T17:09:32.000Z,1
2019-10-04T17:11:40.000Z,1
2019-10-04T17:17:45.000Z,1
2019-10-04T17:19:47.000Z,1
2019-10-04T17:36:00.000Z,2
2019-10-04T17:52:52.000Z,1
2019-10-04T17:54:32.000Z,1
2019-10-04T18:11:42.000Z,1
2019-10-04T18:12:29.000Z,1
2019-10-04T18:19:09.000Z,1
2019-10-04T18:35:03.000Z,1
2019-10-04T18:56:15.000Z,1
2019-10-04T19:00:06.000Z,1
2019-10-04T19:32:21.000Z,1
2019-10-04T20:19:15.000Z,1
2019-10-04T20:51:18.000Z,1
2019-10-04T21:51:26.000Z,1
2019-10-04T22:31:31.000Z,1
2019-10-04T22:38:00.000Z,1
2019-10-04T23:22:28.000Z,1
2019-10-05T00:23:16.000Z,1
2019-10-05T02:33:10.000Z,1
2019-10-05T06:35:35.000Z,1
2019-10-05T06:43:21.000Z,1
2019-10-05T07:35:05.000Z,1
2019-10-05T07:40:15.000Z,1
2019-10-05T07:46:13.000Z,1
2019-10-05T08:14:30.000Z,1
2019-10-05T08:34:39.000Z,1
2019-10-05T08:44:34.000Z,1
2019-10-05T08:53:13.000Z,1
2019-10-05T09:35:19.000Z,1
2019-10-05T09:36:07.000Z,1
2019-10-05T09:36:46.000Z,1
2019-10-05T09:36:56.000Z,1
2019-10-05T10:05:13.000Z,1
2019-10-05T10:09:01.000Z,1
2019-10-05T10:11:16.000Z,1
2019-10-05T10:12:09.000Z,1
2019-10-05T10:22:44.000Z,1
2019-10-05T10:34:17.000Z,1
2019-10-05T10:40:34.000Z,1
2019-10-05T10:41:29.000Z,2
2019-10-05T10:46:48.000Z,1
2019-10-01T01:12:29.000Z,1
2019-10-01T01:13:49.000Z,1
2019-10-01T01:38:17.000Z,1
2019-10-01T05:23:05.000Z,1
2019-10-01T06:48:20.000Z,1
2019-10-01T07:19:03.000Z,2
2019-10-01T07:24:24.000Z,1
2019-10-01T07:25:08.000Z,1
2019-10-01T07:34:14.000Z,1
2019-10-01T07:37:15.000Z,1
2019-10-01T07:52:04.000Z,1
2019-10-01T08:06:38.000Z,1
2019-10-01T08:08:00.000Z,1
2019-10-01T08:32:13.000Z,1
2019-10-01T08:45:15.000Z,2
2019-10-01T10:40:44.000Z,2
2019-10-01T10:44:31.000Z,1
2019-10-01T12:16:05.000Z,1
2019-10-01T14:14:36.000Z,1
2019-10-01T14:33:55.000Z,1
2019-10-01T16:45:57.000Z,1
2019-10-01T07:51:41.000Z,1
2019-10-01T08:07:05.000Z,1
2019-10-01T08:55:26.000Z,1
2019-10-01T08:55:40.000Z,1
2019-10-01T09:13:22.000Z,1
2019-10-01T09:28:37.000Z,1
2019-10-01T09:36:56.000Z,1
2019-10-01T10:35:15.000Z,1
2019-10-01T11:19:26.000Z,1
2019-10-01T11:46:03.000Z,1
2019-10-01T12:22:33.000Z,1
2019-10-01T12:23:23.000Z,1
2019-10-01T12:46:10.000Z,1
2019-10-01T13:46:36.000Z,1
2019-10-01T13:54:22.000Z,1
2019-10-01T14:21:02.000Z,1
2019-10-01T14:54:42.000Z,1
2019-10-01T15:04:18.000Z,1
2019-10-01T15:20:15.000Z,1
2019-10-01T15:23:53.000Z,1
2019-10-01T16:01:04.000Z,1
2019-10-01T16:07:47.000Z,1
2019-10-01T16:33:02.000Z,1
2019-10-01T16:40:28.000Z,1
2019-10-01T16:43:33.000Z,2
2019-10-01T16:55:32.000Z,2
2019-10-01T17:00:09.000Z,1
2019-10-01T17:10:20.000Z,1
2019-10-01T17:20:40.000Z,3
2019-10-01T17:21:09.000Z,2
2019-10-01T17:39:07.000Z,1
2019-10-01T17:41:51.000Z,1
2019-10-01T17:43:04.000Z,1
2019-10-01T17:49:52.000Z,2
2019-10-01T18:01:00.000Z,2
2019-10-01T18:05:00.000Z,2
2019-10-01T18:19:29.000Z,1
2019-10-01T18:28:49.000Z,2
2019-10-01T18:31:48.000Z,2
2019-10-01T18:53:51.000Z,1
2019-10-01T18:58:44.000Z,1
2019-10-01T18:59:10.000Z,1
2019-10-01T19:21:23.000Z,1
2019-10-01T19:22:11.000Z,1
2019-10-01T20:33:59.000Z,1
2019-10-01T20:40:07.000Z,1
2019-10-01T20:57:55.000Z,1
2019-10-01T21:24:23.000Z,2
2019-10-01T23:32:00.000Z,1
2019-10-02T03:31:05.000Z,1
2019-10-02T05:16:30.000Z,1
2019-10-02T06:12:11.000Z,1
2019-10-02T06:17:56.000Z,1
2019-10-02T06:57:06.000Z,1
2019-10-02T07:34:13.000Z,1
2019-10-02T07:38:01.000Z,1
2019-10-02T07:38:27.000Z,1
2019-10-02T07:39:15.000Z,2
2019-10-02T07:40:56.000Z,1
2019-10-02T07:52:18.000Z,2
2019-10-02T07:52:44.000Z,1
2019-10-02T08:24:01.000Z,1
2019-10-02T08:45:22.000Z,1
2019-10-02T09:27:34.000Z,1
2019-10-02T09:35:23.000Z,1
2019-10-02T12:02:57.000Z,1
2019-10-02T12:26:16.000Z,1
2019-10-02T12:53:52.000Z,1
2019-10-02T13:29:24.000Z,1
2019-10-02T14:02:31.000Z,1
2019-10-02T14:12:43.000Z,1
2019-10-02T15:54:10.000Z,1
2019-10-02T15:59:09.000Z,1
2019-10-02T16:10:10.000Z,1
2019-10-02T16:24:30.000Z,1
2019-10-02T16:38:06.000Z,1
2019-10-02T16:46:02.000Z,3
2019-10-02T16:59:06.000Z,1
2019-10-02T17:06:52.000Z,1
2019-10-02T17:10:21.000Z,1
2019-10-02T17:50:14.000Z,2
2019-10-02T18:00:53.000Z,1
2019-10-02T18:04:53.000Z,3
2019-10-02T18:07:11.000Z,2
2019-10-02T18:07:36.000Z,1
2019-10-02T18:15:41.000Z,1
2019-10-02T18:19:04.000Z,1
2019-10-02T18:55:07.000Z,1
2019-10-02T19:58:20.000Z,1
2019-10-02T20:29:20.000Z,1
2019-10-02T20:38:47.000Z,1
2019-10-02T20:56:05.000Z,1
2019-10-02T21:06:19.000Z,1
2019-10-02T21:17:31.000Z,1
2019-10-02T21:36:26.000Z,1
2019-10-02T22:04:22.000Z,1
2019-10-02T23:00:52.000Z,1
2019-10-02T23:04:03.000Z,1
2019-10-03T05:32:14.000Z,1
2019-10-03T06:34:06.000Z,1
2019-10-03T06:35:26.000Z,1
2019-10-03T07:16:01.000Z,1
2019-10-03T07:29:00.000Z,1
2019-10-03T07:31:36.000Z,1
2019-10-03T07:36:56.000Z,2
2019-10-03T07:48:49.000Z,1
2019-10-03T07:50:01.000Z,1
2019-10-03T08:17:16.000Z,1
2019-10-03T08:23:08.000Z,1
2019-10-03T08:30:03.000Z,2
2019-10-03T08:34:22.000Z,1
2019-10-03T08:37:03.000Z,1
2019-10-03T08:48:05.000Z,1
2019-10-03T08:48:02.000Z,1
2019-10-03T09:08:29.000Z,1
2019-10-03T09:20:41.000Z,1
2019-10-03T09:36:07.000Z,1
2019-10-03T10:14:10.000Z,1
2019-10-03T11:15:17.000Z,1
2019-10-03T11:32:52.000Z,1
2019-10-03T11:46:13.000Z,2
2019-10-03T11:54:15.000Z,1
2019-10-03T12:04:13.000Z,1
2019-10-03T12:10:18.000Z,1
2019-10-03T12:10:57.000Z,1
2019-10-03T12:18:53.000Z,1
2019-10-03T12:23:47.000Z,1
2019-10-03T12:32:12.000Z,1
2019-10-03T12:34:59.000Z,1
2019-10-03T12:44:47.000Z,1
2019-10-03T13:44:29.000Z,1
2019-10-03T14:56:16.000Z,1
2019-10-03T15:15:17.000Z,1
2019-10-03T15:36:21.000Z,1
2019-10-03T15:55:40.000Z,1
2019-10-03T16:12:15.000Z,1
2019-10-03T16:13:58.000Z,1
2019-10-03T16:22:34.000Z,1
2019-10-03T16:54:18.000Z,2
2019-10-03T16:59:56.000Z,1
2019-10-03T17:14:21.000Z,1
2019-10-03T17:18:02.000Z,1
2019-10-03T17:27:44.000Z,1
2019-10-03T17:39:34.000Z,3
2019-10-03T17:41:31.000Z,2
2019-10-03T17:46:53.000Z,1
2019-10-03T17:47:45.000Z,1
2019-10-03T17:49:41.000Z,1
2019-10-03T17:56:03.000Z,1
2019-10-03T18:10:27.000Z,1
2019-10-03T18:11:19.000Z,1
2019-10-03T18:46:55.000Z,1
2019-10-03T18:49:34.000Z,1
2019-10-03T19:07:26.000Z,1
2019-10-03T19:16:42.000Z,1
2019-10-03T20:14:19.000Z,2
2019-10-03T20:30:12.000Z,1
2019-10-03T20:56:52.000Z,1
2019-10-03T21:04:20.000Z,1
2019-10-03T21:38:03.000Z,1
2019-10-03T23:07:04.000Z,1
2019-10-04T05:53:31.000Z,1
2019-10-04T06:10:08.000Z,1
2019-10-04T06:12:11.000Z,1
2019-10-04T06:39:29.000Z,2
2019-10-04T06:42:15.000Z,2
2019-10-04T06:46:34.000Z,1
2019-10-04T07:16:43.000Z,1
2019-10-04T07:24:22.000Z,1
2019-10-04T07:32:42.000Z,2
2019-10-04T07:40:01.000Z,1
2019-10-04T08:09:56.000Z,1
2019-10-04T08:11:21.000Z,1
2019-10-04T08:24:32.000Z,1
2019-10-04T08:29:08.000Z,2
2019-10-04T08:33:39.000Z,1
2019-10-04T08:37:09.000Z,1
2019-10-04T08:49:06.000Z,1
2019-10-04T08:53:25.000Z,1
2019-10-04T09:05:06.000Z,2
2019-10-04T09:07:36.000Z,1
2019-10-04T09:50:18.000Z,2
2019-10-04T10:11:15.000Z,1
2019-10-04T10:26:21.000Z,1
2019-10-04T10:56:23.000Z,1
2019-10-04T11:07:59.000Z,1
2019-10-04T11:16:51.000Z,1
2019-10-04T11:30:24.000Z,1
2019-10-04T12:10:42.000Z,1
2019-10-04T12:10:50.000Z,1
2019-10-04T12:17:16.000Z,1
2019-10-04T12:17:35.000Z,1
2019-10-04T12:38:42.000Z,1
2019-10-04T13:06:26.000Z,1
2019-10-04T13:26:10.000Z,1
2019-10-04T13:43:41.000Z,2
2019-10-04T13:51:06.000Z,1
2019-10-04T13:55:41.000Z,1
2019-10-04T14:18:29.000Z,1
2019-10-04T14:20:53.000Z,1
2019-10-04T14:27:30.000Z,1
2019-10-04T14:38:08.000Z,1
2019-10-04T15:16:12.000Z,1
2019-10-04T15:22:19.000Z,2
2019-10-04T15:26:56.000Z,1
2019-10-04T15:57:11.000Z,1
2019-10-04T16:00:33.000Z,1
2019-10-04T16:11:15.000Z,1
2019-10-04T16:19:12.000Z,2
2019-10-04T16:25:55.000Z,2
2019-10-04T16:28:17.000Z,1
2019-10-04T16:50:06.000Z,1
2019-10-04T16:52:31.000Z,1
2019-10-04T16:56:05.000Z,2
2019-10-04T16:56:54.000Z,1
2019-10-04T17:05:09.000Z,1
2019-10-04T17:05:43.000Z,2
2019-10-04T17:09:42.000Z,1
2019-10-04T17:16:32.000Z,2
2019-10-04T17:17:40.000Z,1
2019-10-04T17:27:39.000Z,1
2019-10-04T17:33:54.000Z,1
2019-10-04T17:36:57.000Z,3
2019-10-04T18:11:33.000Z,1
2019-10-04T18:14:46.000Z,1
2019-10-04T18:48:27.000Z,1
2019-10-04T19:11:04.000Z,1
2019-10-04T19:44:13.000Z,1
2019-10-04T19:57:37.000Z,1
2019-10-04T20:49:09.000Z,1
2019-10-04T21:52:03.000Z,1
2019-10-04T21:52:24.000Z,1
2019-10-04T21:53:35.000Z,1
2019-10-04T22:34:53.000Z,1
2019-10-04T22:40:23.000Z,1
2019-10-04T22:42:45.000Z,1
2019-10-04T23:02:19.000Z,1
2019-10-05T01:05:48.000Z,1
2019-10-05T01:27:55.000Z,1
2019-10-05T04:54:49.000Z,1
2019-10-05T06:39:32.000Z,1
2019-10-05T07:53:15.000Z,1
2019-10-05T08:17:04.000Z,1
2019-10-05T09:11:57.000Z,1
2019-10-05T09:28:44.000Z,1
2019-10-05T09:36:32.000Z,1
2019-10-05T09:56:18.000Z,1
2019-10-05T10:17:59.000Z,1
2019-10-05T10:30:01.000Z,1
2019-10-01T00:30:06.000Z,1
2019-10-01T05:34:03.000Z,1
2019-10-01T06:20:50.000Z,1
2019-10-01T06:47:21.000Z,1
2019-10-01T06:53:29.000Z,1
2019-10-01T07:06:57.000Z,1
2019-10-01T07:22:42.000Z,1
2019-10-01T07:33:13.000Z,1
2019-10-01T07:49:00.000Z,2
2019-10-01T08:15:58.000Z,1
2019-10-01T08:16:57.000Z,1
2019-10-01T08:19:05.000Z,1
2019-10-01T08:31:11.000Z,1
2019-10-01T08:34:01.000Z,3
2019-10-01T09:11:35.000Z,1
2019-10-01T09:16:39.000Z,1
2019-10-01T09:17:58.000Z,1
2019-10-01T09:26:32.000Z,1
2019-10-01T10:15:57.000Z,1
2019-10-01T11:06:24.000Z,1
2019-10-01T12:28:16.000Z,1
2019-10-01T12:37:12.000Z,1
2019-10-01T14:04:22.000Z,2
2019-10-01T14:06:25.000Z,1
2019-10-01T07:09:36.000Z,1
2019-10-01T07:25:23.000Z,1
2019-10-01T07:50:28.000Z,1
2019-10-01T07:54:18.000Z,3
2019-10-01T07:59:21.000Z,1
2019-10-01T08:00:38.000Z,1
2019-10-01T08:28:07.000Z,1
2019-10-01T08:28:11.000Z,1
2019-10-01T08:28:22.000Z,2
2019-10-01T08:47:56.000Z,1
2019-10-01T08:50:42.000Z,1
2019-10-01T08:54:44.000Z,1
2019-10-01T10:22:17.000Z,1
2019-10-01T10:58:53.000Z,1
2019-10-01T11:30:22.000Z,1
2019-10-01T11:32:59.000Z,1
2019-10-01T13:14:25.000Z,2
2019-10-01T13:21:55.000Z,1
2019-10-01T13:40:38.000Z,1
2019-10-01T13:45:53.000Z,1
2019-10-01T14:07:58.000Z,1
2019-10-01T14:28:52.000Z,1
2019-10-01T15:23:01.000Z,1
2019-10-01T15:34:25.000Z,1
2019-10-01T15:34:49.000Z,1
2019-10-01T15:45:01.000Z,1
2019-10-01T15:55:09.000Z,1
2019-10-01T15:58:39.000Z,1
2019-10-01T16:01:48.000Z,1
2019-10-01T16:07:15.000Z,1
2019-10-01T16:07:46.000Z,1
2019-10-01T16:15:38.000Z,1
2019-10-01T16:18:05.000Z,1
2019-10-01T16:49:16.000Z,1
2019-10-01T16:53:06.000Z,1
2019-10-01T17:03:00.000Z,1
2019-10-01T17:04:51.000Z,1
2019-10-01T17:06:36.000Z,1
2019-10-01T17:15:09.000Z,2
2019-10-01T17:24:04.000Z,1
2019-10-01T17:25:35.000Z,2
2019-10-01T17:25:40.000Z,1
2019-10-01T17:30:24.000Z,2
2019-10-01T17:45:59.000Z,1
2019-10-01T17:46:01.000Z,1
2019-10-01T17:58:08.000Z,1
2019-10-01T17:59:58.000Z,1
2019-10-01T18:00:35.000Z,3
2019-10-01T18:04:33.000Z,2
2019-10-01T18:12:12.000Z,1
2019-10-01T18:20:20.000Z,1
2019-10-01T18:21:19.000Z,2
2019-10-01T18:32:59.000Z,1
2019-10-01T18:34:30.000Z,3
2019-10-01T18:38:06.000Z,1
2019-10-01T18:56:27.000Z,2
2019-10-01T19:14:56.000Z,1
2019-10-01T19:35:23.000Z,1
2019-10-01T19:56:03.000Z,2
2019-10-01T19:56:11.000Z,1
2019-10-01T20:03:26.000Z,1
2019-10-01T20:08:21.000Z,1
2019-10-01T20:35:33.000Z,1
2019-10-01T21:45:22.000Z,1
2019-10-01T22:06:33.000Z,2
2019-10-01T22:28:18.000Z,1
2019-10-01T22:36:36.000Z,1
2019-10-01T22:38:08.000Z,1
2019-10-01T23:44:39.000Z,1
2019-10-02T06:26:10.000Z,1
2019-10-02T06:36:06.000Z,1
2019-10-02T06:51:26.000Z,1
2019-10-02T06:57:17.000Z,1
2019-10-02T07:07:48.000Z,1
2019-10-02T07:16:44.000Z,1
2019-10-02T07:23:02.000Z,1
2019-10-02T07:44:27.000Z,1
2019-10-02T07:56:44.000Z,1
2019-10-02T08:18:03.000Z,1
2019-10-02T08:18:07.000Z,1
2019-10-02T08:30:23.000Z,1
2019-10-02T08:57:10.000Z,2
2019-10-02T09:10:04.000Z,1
2019-10-02T09:52:21.000Z,1
2019-10-02T11:14:52.000Z,1
2019-10-02T11:22:51.000Z,1
2019-10-02T12:35:40.000Z,1
2019-10-02T12:42:28.000Z,1
2019-10-02T12:49:51.000Z,1
2019-10-02T14:33:07.000Z,2
2019-10-02T15:59:03.000Z,1
2019-10-02T16:19:11.000Z,1
2019-10-02T16:19:52.000Z,1
2019-10-02T16:28:52.000Z,1
2019-10-02T16:39:00.000Z,1
2019-10-02T16:48:39.000Z,1
2019-10-02T16:51:28.000Z,1
2019-10-02T16:53:26.000Z,1
2019-10-02T16:59:00.000Z,1
2019-10-02T16:59:07.000Z,1
2019-10-02T17:06:47.000Z,1
2019-10-02T17:11:33.000Z,2
2019-10-02T17:11:34.000Z,1
2019-10-02T17:14:15.000Z,1
2019-10-02T17:21:35.000Z,1
2019-10-02T17:32:58.000Z,2
2019-10-02T17:41:11.000Z,1
2019-10-02T17:51:50.000Z,1
2019-10-02T18:00:44.000Z,2
2019-10-02T18:09:50.000Z,1
2019-10-02T18:13:23.000Z,1
2019-10-02T18:30:33.000Z,1
2019-10-02T18:35:32.000Z,1
2019-10-02T20:04:27.000Z,1
2019-10-03T06:21:32.000Z,1
2019-10-03T06:57:01.000Z,1
2019-10-03T07:17:19.000Z,1
2019-10-03T07:59:57.000Z,1
2019-10-03T08:05:42.000Z,1
2019-10-03T08:14:19.000Z,1
2019-10-03T08:17:58.000Z,1
2019-10-03T08:30:05.000Z,1
2019-10-03T08:32:33.000Z,1
2019-10-03T08:34:20.000Z,1
2019-10-03T08:55:09.000Z,1
2019-10-03T09:38:19.000Z,2
2019-10-03T10:27:59.000Z,1
2019-10-03T10:39:30.000Z,1
2019-10-03T11:19:21.000Z,1
2019-10-03T11:28:32.000Z,1
2019-10-03T12:00:07.000Z,1
2019-10-03T12:11:09.000Z,1
2019-10-03T12:16:32.000Z,1
2019-10-03T12:17:14.000Z,1
2019-10-03T12:51:11.000Z,1
2019-10-03T12:51:17.000Z,1
2019-10-03T12:59:08.000Z,1
2019-10-03T13:17:25.000Z,1
2019-10-03T13:22:05.000Z,1
2019-10-03T14:23:59.000Z,2
2019-10-03T14:49:06.000Z,1
2019-10-03T15:06:45.000Z,1
2019-10-03T15:16:22.000Z,1
2019-10-03T15:25:04.000Z,1
2019-10-03T15:29:20.000Z,1
2019-10-03T15:46:51.000Z,2
2019-10-03T15:50:39.000Z,1
2019-10-03T15:53:56.000Z,1
2019-10-03T16:09:09.000Z,1
2019-10-03T16:21:06.000Z,2
2019-10-03T16:21:51.000Z,1
2019-10-03T16:24:46.000Z,3
2019-10-03T16:26:59.000Z,1
2019-10-03T16:35:58.000Z,1
2019-10-03T16:48:36.000Z,1
2019-10-03T17:04:34.000Z,2
2019-10-03T17:06:49.000Z,2
2019-10-03T17:12:04.000Z,1
2019-10-03T17:24:02.000Z,2
2019-10-03T17:39:08.000Z,1
2019-10-03T17:39:31.000Z,2
2019-10-03T17:54:09.000Z,1
2019-10-03T18:11:02.000Z,1
2019-10-03T18:17:38.000Z,1
2019-10-03T18:35:37.000Z,1
2019-10-03T18:39:04.000Z,1
2019-10-03T19:16:06.000Z,1
2019-10-03T20:17:55.000Z,1
2019-10-03T21:31:29.000Z,1
2019-10-03T22:39:36.000Z,1
2019-10-03T23:09:16.000Z,1
2019-10-04T00:23:52.000Z,1
2019-10-04T05:16:21.000Z,1
2019-10-04T06:24:02.000Z,1
2019-10-04T06:46:28.000Z,1
2019-10-04T07:09:06.000Z,1
2019-10-04T07:21:20.000Z,1
2019-10-04T07:24:55.000Z,1
2019-10-04T07:31:09.000Z,2
2019-10-04T07:37:28.000Z,1
2019-10-04T07:44:00.000Z,2
2019-10-04T08:02:20.000Z,1
2019-10-04T08:04:08.000Z,1
2019-10-04T08:04:25.000Z,2
2019-10-04T08:12:15.000Z,1
2019-10-04T08:28:14.000Z,1
2019-10-04T08:40:47.000Z,1
2019-10-04T08:44:17.000Z,1
2019-10-04T08:52:46.000Z,1
2019-10-04T09:03:31.000Z,1
2019-10-04T09:05:20.000Z,1
2019-10-04T09:19:17.000Z,1
2019-10-04T09:43:21.000Z,1
2019-10-04T10:01:29.000Z,1
2019-10-04T10:40:00.000Z,1
2019-10-04T10:47:23.000Z,1
2019-10-04T10:50:22.000Z,1
2019-10-04T11:24:49.000Z,1
2019-10-04T11:34:34.000Z,1
2019-10-04T12:03:15.000Z,1
2019-10-04T12:05:39.000Z,1
2019-10-04T12:08:01.000Z,1
2019-10-04T12:54:45.000Z,1
2019-10-04T13:01:18.000Z,1
2019-10-04T13:21:30.000Z,1
2019-10-04T13:32:06.000Z,1
2019-10-04T13:43:27.000Z,1
2019-10-04T13:46:27.000Z,1
2019-10-04T13:48:07.000Z,1
2019-10-04T14:01:24.000Z,1
2019-10-04T14:19:15.000Z,1
2019-10-04T14:22:17.000Z,1
2019-10-04T14:26:12.000Z,3
2019-10-04T14:34:36.000Z,1
2019-10-04T14:38:04.000Z,2
2019-10-04T14:42:43.000Z,1
2019-10-04T15:03:01.000Z,1
2019-10-04T15:08:13.000Z,1
2019-10-04T15:15:03.000Z,1
2019-10-04T15:22:06.000Z,1
2019-10-04T15:33:15.000Z,1
2019-10-04T15:35:35.000Z,1
2019-10-04T15:39:20.000Z,1
2019-10-04T16:31:03.000Z,2
2019-10-04T16:32:41.000Z,1
2019-10-04T16:37:44.000Z,1
2019-10-04T16:58:45.000Z,1
2019-10-04T17:07:00.000Z,1
2019-10-04T17:09:05.000Z,1
2019-10-04T17:16:16.000Z,1
2019-10-04T17:21:26.000Z,3
2019-10-04T17:25:16.000Z,1
2019-10-04T17:25:28.000Z,1
2019-10-04T17:27:30.000Z,2
2019-10-04T17:38:14.000Z,1
2019-10-04T18:04:25.000Z,2
2019-10-04T18:10:11.000Z,1
2019-10-04T18:21:41.000Z,1
2019-10-04T19:04:22.000Z,2
2019-10-04T19:26:09.000Z,1
2019-10-04T21:14:12.000Z,1
2019-10-04T21:52:34.000Z,1
2019-10-04T23:07:16.000Z,1
2019-10-05T07:16:17.000Z,1
2019-10-05T08:41:31.000Z,1
2019-10-05T09:00:48.000Z,1
2019-10-05T09:24:20.000Z,1
2019-10-05T09:30:49.000Z,1
2019-10-05T09:43:51.000Z,2
2019-10-05T10:02:54.000Z,1
2019-10-05T10:22:57.000Z,1
2019-10-01T05:55:04.000Z,1
2019-10-01T06:56:20.000Z,1
2019-10-01T07:05:08.000Z,2
2019-10-01T07:06:18.000Z,3
2019-10-01T07:33:06.000Z,1
2019-10-01T08:23:17.000Z,1
2019-10-01T08:34:37.000Z,1
2019-10-01T08:42:03.000Z,1
2019-10-01T08:44:30.000Z,2
2019-10-01T09:48:54.000Z,1
2019-10-01T10:00:49.000Z,1
2019-10-01T10:14:27.000Z,1
2019-10-01T14:55:49.000Z,1
2019-10-01T18:34:05.000Z,2
2019-10-01T08:02:14.000Z,2
2019-10-01T08:14:35.000Z,1
2019-10-01T08:26:11.000Z,1
2019-10-01T10:27:34.000Z,1
2019-10-01T10:40:08.000Z,1
2019-10-01T10:55:50.000Z,1
2019-10-01T11:08:34.000Z,1
2019-10-01T11:10:15.000Z,1
2019-10-01T12:11:26.000Z,1
2019-10-01T12:38:46.000Z,1
2019-10-01T12:51:54.000Z,1
2019-10-01T12:53:53.000Z,1
2019-10-01T13:18:32.000Z,1
2019-10-01T14:01:56.000Z,1
2019-10-01T14:37:42.000Z,1
2019-10-01T14:56:54.000Z,1
2019-10-01T15:07:03.000Z,1
2019-10-01T16:15:08.000Z,1
2019-10-01T16:24:11.000Z,1
2019-10-01T16:29:56.000Z,1
2019-10-01T16:33:59.000Z,2
2019-10-01T16:36:16.000Z,2
2019-10-01T16:43:26.000Z,2
2019-10-01T16:58:29.000Z,2
2019-10-01T17:00:46.000Z,1
2019-10-01T17:10:47.000Z,1
2019-10-01T17:13:19.000Z,1
2019-10-01T17:42:53.000Z,1
2019-10-01T17:53:23.000Z,1
2019-10-01T17:53:48.000Z,2
2019-10-01T18:19:16.000Z,1
2019-10-01T18:22:00.000Z,1
2019-10-01T18:23:32.000Z,1
2019-10-01T18:29:37.000Z,1
2019-10-01T18:31:44.000Z,2
2019-10-01T18:39:34.000Z,1
2019-10-01T18:40:51.000Z,1
2019-10-01T18:42:30.000Z,1
2019-10-01T18:43:43.000Z,1
2019-10-01T18:51:45.000Z,1
2019-10-01T18:52:35.000Z,1
2019-10-01T19:03:28.000Z,1
2019-10-01T19:30:21.000Z,2
2019-10-01T19:30:37.000Z,1
2019-10-01T19:34:28.000Z,1
2019-10-01T19:57:52.000Z,1
2019-10-01T20:06:01.000Z,1
2019-10-01T20:09:54.000Z,1
2019-10-01T20:37:20.000Z,1
2019-10-01T21:38:34.000Z,1
2019-10-01T22:42:16.000Z,1
2019-10-02T05:17:39.000Z,1
2019-10-02T06:47:16.000Z,1
2019-10-02T08:04:05.000Z,1
2019-10-02T09:08:55.000Z,2
2019-10-02T09:54:30.000Z,1
2019-10-02T10:52:02.000Z,1
2019-10-02T10:56:22.000Z,1
2019-10-02T11:27:00.000Z,1
2019-10-02T12:32:54.000Z,1
2019-10-02T13:26:47.000Z,1
2019-10-02T13:53:32.000Z,1
2019-10-02T14:34:25.000Z,1
2019-10-02T14:36:46.000Z,1
2019-10-02T15:27:21.000Z,1
2019-10-02T16:04:11.000Z,1
2019-10-02T16:08:25.000Z,1
2019-10-02T16:23:15.000Z,2
2019-10-02T16:27:31.000Z,1
2019-10-02T16:36:21.000Z,2
2019-10-02T16:57:33.000Z,1
2019-10-02T16:59:11.000Z,1
2019-10-02T17:10:59.000Z,1
2019-10-02T17:11:36.000Z,1
2019-10-02T17:13:20.000Z,1
2019-10-02T17:21:12.000Z,1
2019-10-02T17:23:02.000Z,1
2019-10-02T17:29:55.000Z,2
2019-10-02T17:32:37.000Z,1
2019-10-02T17:36:32.000Z,1
2019-10-02T17:37:01.000Z,1
2019-10-02T17:37:09.000Z,1
2019-10-02T17:46:08.000Z,1
2019-10-02T18:09:15.000Z,1
2019-10-02T18:19:29.000Z,1
2019-10-02T18:25:31.000Z,1
2019-10-02T18:53:10.000Z,1
2019-10-02T18:54:13.000Z,2
2019-10-02T19:02:44.000Z,1
2019-10-02T19:29:54.000Z,1
2019-10-02T19:53:54.000Z,1
2019-10-02T20:12:26.000Z,1
2019-10-02T20:14:46.000Z,1
2019-10-02T21:40:53.000Z,1
2019-10-02T22:02:13.000Z,1
2019-10-03T04:53:17.000Z,1
2019-10-03T05:51:46.000Z,1
2019-10-03T06:41:30.000Z,2
2019-10-03T06:41:35.000Z,1
2019-10-03T06:51:04.000Z,1
2019-10-03T07:08:31.000Z,2
2019-10-03T07:13:17.000Z,1
2019-10-03T07:19:42.000Z,1
2019-10-03T07:42:59.000Z,1
2019-10-03T07:43:09.000Z,1
2019-10-03T07:47:27.000Z,2
2019-10-03T07:52:20.000Z,1
2019-10-03T08:01:27.000Z,1
2019-10-03T08:15:09.000Z,1
2019-10-03T08:19:36.000Z,1
2019-10-03T08:25:37.000Z,1
2019-10-03T08:31:10.000Z,1
2019-10-03T08:32:25.000Z,1
2019-10-03T08:32:56.000Z,1
2019-10-03T08:34:49.000Z,1
2019-10-03T08:40:16.000Z,1
2019-10-03T08:42:58.000Z,1
2019-10-03T09:05:55.000Z,2
2019-10-03T09:16:42.000Z,1
2019-10-03T09:19:39.000Z,1
2019-10-03T09:30:51.000Z,2
2019-10-03T09:47:15.000Z,1
2019-10-03T09:59:23.000Z,1
2019-10-03T10:01:47.000Z,1
2019-10-03T10:08:39.000Z,1
2019-10-03T10:57:52.000Z,1
2019-10-03T11:29:19.000Z,1
2019-10-03T11:34:55.000Z,1
2019-10-03T11:45:57.000Z,1
2019-10-03T12:22:48.000Z,1
2019-10-03T13:11:26.000Z,1
2019-10-03T13:21:13.000Z,1
2019-10-03T13:52:06.000Z,1
2019-10-03T14:14:15.000Z,1
2019-10-03T14:27:48.000Z,1
2019-10-03T14:28:27.000Z,1
2019-10-03T14:59:07.000Z,1
2019-10-03T15:20:37.000Z,1
2019-10-03T15:21:07.000Z,1
2019-10-03T15:41:41.000Z,1
2019-10-03T15:53:06.000Z,1
2019-10-03T16:05:31.000Z,1
2019-10-03T16:12:30.000Z,1
2019-10-03T16:19:47.000Z,1
2019-10-03T16:52:44.000Z,1
2019-10-03T17:08:08.000Z,1
2019-10-03T17:10:13.000Z,2
2019-10-03T17:15:02.000Z,1
2019-10-03T17:15:06.000Z,1
2019-10-03T17:16:58.000Z,1
2019-10-03T17:37:49.000Z,1
2019-10-03T17:45:34.000Z,2
2019-10-03T17:53:58.000Z,2
2019-10-03T18:11:52.000Z,1
2019-10-03T18:18:15.000Z,1
2019-10-03T18:19:08.000Z,1
2019-10-03T18:28:11.000Z,1
2019-10-03T18:30:23.000Z,2
2019-10-03T19:20:55.000Z,1
2019-10-03T19:26:01.000Z,2
2019-10-03T19:33:25.000Z,2
2019-10-03T19:41:11.000Z,1
2019-10-03T20:12:20.000Z,1
2019-10-03T20:39:17.000Z,1
2019-10-03T21:40:58.000Z,1
2019-10-03T21:44:52.000Z,1
2019-10-04T01:40:36.000Z,1
2019-10-04T02:15:47.000Z,1
2019-10-04T07:04:58.000Z,1
2019-10-04T07:40:55.000Z,2
2019-10-04T07:41:02.000Z,1
2019-10-04T07:41:19.000Z,1
2019-10-04T07:58:07.000Z,1
2019-10-04T08:15:26.000Z,2
2019-10-04T08:18:32.000Z,1
2019-10-04T08:36:14.000Z,1
2019-10-04T08:38:11.000Z,1
2019-10-04T08:46:47.000Z,1
2019-10-04T08:51:30.000Z,1
2019-10-04T08:53:03.000Z,1
2019-10-04T09:04:52.000Z,1
2019-10-04T09:17:00.000Z,1
2019-10-04T09:17:38.000Z,1
2019-10-04T09:57:23.000Z,1
2019-10-04T10:01:17.000Z,1
2019-10-04T12:24:00.000Z,1
2019-10-04T13:17:26.000Z,1
2019-10-04T13:33:01.000Z,1
2019-10-04T15:27:42.000Z,1
2019-10-04T15:34:35.000Z,1
2019-10-04T15:43:42.000Z,1
2019-10-04T16:24:03.000Z,2
2019-10-04T16:32:08.000Z,1
2019-10-04T16:41:29.000Z,2
2019-10-04T16:45:12.000Z,2
2019-10-04T16:47:08.000Z,2
2019-10-04T16:56:32.000Z,1
2019-10-04T16:59:09.000Z,1
2019-10-04T17:09:26.000Z,1
2019-10-04T17:09:46.000Z,1
2019-10-04T17:11:04.000Z,2
2019-10-04T17:14:13.000Z,1
2019-10-04T17:16:12.000Z,1
2019-10-04T17:26:10.000Z,1
2019-10-04T17:27:01.000Z,2
2019-10-04T17:29:14.000Z,1
2019-10-04T17:32:48.000Z,1
2019-10-04T18:01:34.000Z,1
2019-10-04T18:16:34.000Z,1
2019-10-04T18:22:22.000Z,3
2019-10-04T19:03:02.000Z,1
2019-10-04T19:03:34.000Z,1
2019-10-04T19:32:03.000Z,1
2019-10-04T19:35:47.000Z,1
2019-10-04T20:22:35.000Z,1
2019-10-04T20:38:04.000Z,2
2019-10-04T21:10:28.000Z,1
2019-10-04T21:14:21.000Z,1
2019-10-04T21:16:02.000Z,1
2019-10-04T21:52:39.000Z,1
2019-10-04T23:46:12.000Z,1
2019-10-05T00:29:07.000Z,1
2019-10-05T00:37:09.000Z,1
2019-10-05T07:42:07.000Z,1
2019-10-05T08:05:06.000Z,1
2019-10-05T08:55:00.000Z,1
2019-10-05T09:20:32.000Z,1
2019-10-05T09:28:42.000Z,1
2019-10-05T09:34:09.000Z,1
2019-10-05T09:59:44.000Z,1
2019-10-05T10:08:14.000Z,1
2019-10-05T10:15:15.000Z,1
2019-10-05T10:20:38.000Z,1
2019-10-05T10:21:14.000Z,1
2019-10-05T10:22:53.000Z,1
2019-10-05T10:32:11.000Z,1
2019-10-05T10:47:50.000Z,1
2019-10-01T02:01:34.000Z,1
2019-10-01T05:13:25.000Z,1
2019-10-01T05:57:18.000Z,1
2019-10-01T06:22:22.000Z,1
2019-10-01T06:26:09.000Z,1
2019-10-01T06:39:57.000Z,1
2019-10-01T06:51:01.000Z,1
2019-10-01T06:52:53.000Z,1
2019-10-01T06:59:07.000Z,1
2019-10-01T07:24:57.000Z,2
2019-10-01T07:26:06.000Z,1
2019-10-01T07:46:36.000Z,1
2019-10-01T07:47:23.000Z,1
2019-10-01T08:06:07.000Z,1
2019-10-01T08:09:38.000Z,1
2019-10-01T08:15:18.000Z,1
2019-10-01T08:20:13.000Z,2
2019-10-01T08:56:57.000Z,1
2019-10-01T09:52:17.000Z,1
2019-10-01T11:37:14.000Z,1
2019-10-01T12:07:51.000Z,1
2019-10-01T08:41:07.000Z,3
2019-10-01T09:07:32.000Z,1
2019-10-01T09:50:33.000Z,1
2019-10-01T10:06:51.000Z,1
2019-10-01T10:06:58.000Z,1
2019-10-01T11:26:14.000Z,1
2019-10-01T11:57:04.000Z,1
2019-10-01T12:11:44.000Z,1
2019-10-01T12:20:01.000Z,1
2019-10-01T12:44:53.000Z,1
2019-10-01T13:07:08.000Z,1
2019-10-01T13:39:06.000Z,1
2019-10-01T13:42:17.000Z,2
2019-10-01T13:48:58.000Z,1
2019-10-01T14:00:07.000Z,1
2019-10-01T14:00:13.000Z,1
2019-10-01T14:07:17.000Z,1
2019-10-01T14:17:22.000Z,1
2019-10-01T14:21:48.000Z,1
2019-10-01T14:33:45.000Z,1
2019-10-01T15:32:02.000Z,1
2019-10-01T15:48:11.000Z,2
2019-10-01T15:51:31.000Z,1
2019-10-01T16:01:35.000Z,2
2019-10-01T16:10:46.000Z,1
2019-10-01T16:14:14.000Z,1
2019-10-01T16:39:53.000Z,4
2019-10-01T16:41:45.000Z,1
2019-10-01T16:48:00.000Z,1
2019-10-01T16:57:43.000Z,1
2019-10-01T17:07:18.000Z,3
2019-10-01T17:08:23.000Z,1
2019-10-01T17:15:24.000Z,1
2019-10-01T17:27:12.000Z,1
2019-10-01T17:28:29.000Z,1
2019-10-01T17:35:42.000Z,1
2019-10-01T17:41:09.000Z,1
2019-10-01T17:42:22.000Z,1
2019-10-01T17:53:25.000Z,1
2019-10-01T18:11:11.000Z,1
2019-10-01T18:11:50.000Z,1
2019-10-01T18:14:40.000Z,1
2019-10-01T18:21:36.000Z,1
2019-10-01T18:25:39.000Z,1
2019-10-01T18:28:18.000Z,1
2019-10-01T18:47:05.000Z,1
2019-10-01T18:56:18.000Z,1
2019-10-01T18:59:23.000Z,1
2019-10-01T19:01:12.000Z,1
2019-10-01T19:04:51.000Z,1
2019-10-01T19:06:56.000Z,1
2019-10-01T19:11:33.000Z,1
2019-10-01T19:12:10.000Z,1
2019-10-01T19:12:28.000Z,1
2019-10-01T19:20:40.000Z,2
2019-10-01T19:43:43.000Z,1
2019-10-01T20:00:23.000Z,1
2019-10-01T20:01:27.000Z,1
2019-10-01T20:02:27.000Z,2
2019-10-01T20:24:52.000Z,2
2019-10-01T20:47:53.000Z,1
2019-10-01T21:15:02.000Z,1
2019-10-01T21:44:25.000Z,1
2019-10-01T22:08:48.000Z,1
2019-10-01T23:12:09.000Z,1
2019-10-02T00:29:13.000Z,1
2019-10-02T06:04:13.000Z,1
2019-10-02T06:36:13.000Z,1
2019-10-02T07:05:23.000Z,1
2019-10-02T07:35:52.000Z,1
2019-10-02T07:39:06.000Z,1
2019-10-02T07:41:07.000Z,1
2019-10-02T07:45:00.000Z,1
2019-10-02T07:51:06.000Z,1
2019-10-02T08:08:43.000Z,2
2019-10-02T08:25:40.000Z,1
2019-10-02T08:31:36.000Z,2
2019-10-02T08:43:36.000Z,1
2019-10-02T08:49:39.000Z,1
2019-10-02T09:05:21.000Z,1
2019-10-02T09:06:26.000Z,1
2019-10-02T11:57:53.000Z,1
2019-10-02T13:27:24.000Z,1
2019-10-02T14:35:46.000Z,2
2019-10-02T15:32:48.000Z,1
2019-10-02T15:39:14.000Z,1
2019-10-02T16:57:12.000Z,1
2019-10-02T17:01:38.000Z,2
2019-10-02T17:07:56.000Z,2
2019-10-02T17:10:19.000Z,1
2019-10-02T17:30:10.000Z,1
2019-10-02T17:37:05.000Z,2
2019-10-02T17:41:48.000Z,2
2019-10-02T17:43:04.000Z,1
2019-10-02T18:22:40.000Z,1
2019-10-02T18:26:56.000Z,1
2019-10-02T19:06:36.000Z,1
2019-10-02T21:02:53.000Z,1
2019-10-02T21:14:51.000Z,1
2019-10-02T21:23:47.000Z,1
2019-10-02T21:29:18.000Z,1
2019-10-02T21:38:02.000Z,1
2019-10-02T21:50:17.000Z,1
2019-10-03T01:41:49.000Z,1
2019-10-03T05:21:39.000Z,1
2019-10-03T06:33:08.000Z,1
2019-10-03T06:50:57.000Z,1
2019-10-03T07:31:16.000Z,1
2019-10-03T07:36:02.000Z,1
2019-10-03T07:39:51.000Z,1
2019-10-03T07:41:41.000Z,2
2019-10-03T07:42:41.000Z,1
2019-10-03T08:13:58.000Z,1
2019-10-03T08:14:41.000Z,1
2019-10-03T08:16:56.000Z,1
2019-10-03T08:18:41.000Z,1
2019-10-03T08:24:35.000Z,1
2019-10-03T08:39:06.000Z,1
2019-10-03T08:43:03.000Z,1
2019-10-03T08:43:35.000Z,1
2019-10-03T08:53:46.000Z,1
2019-10-03T09:06:18.000Z,1
2019-10-03T09:07:14.000Z,1
2019-10-03T09:55:45.000Z,1
2019-10-03T09:56:30.000Z,1
2019-10-03T10:18:11.000Z,1
2019-10-03T11:22:49.000Z,1
2019-10-03T11:29:34.000Z,1
2019-10-03T13:11:03.000Z,1
2019-10-03T13:14:15.000Z,2
2019-10-03T13:19:58.000Z,1
2019-10-03T13:32:13.000Z,1
2019-10-03T13:49:10.000Z,1
2019-10-03T13:50:00.000Z,1
2019-10-03T14:09:05.000Z,1
2019-10-03T14:16:55.000Z,2
2019-10-03T14:41:09.000Z,1
2019-10-03T14:50:11.000Z,1
2019-10-03T15:35:38.000Z,1
2019-10-03T15:36:07.000Z,1
2019-10-03T15:38:34.000Z,2
2019-10-03T15:40:55.000Z,1
2019-10-03T15:59:53.000Z,1
2019-10-03T16:10:00.000Z,1
2019-10-03T16:12:38.000Z,1
2019-10-03T16:31:45.000Z,1
2019-10-03T16:35:29.000Z,1
2019-10-03T16:47:27.000Z,1
2019-10-03T16:48:31.000Z,2
2019-10-03T16:51:46.000Z,2
2019-10-03T17:00:04.000Z,1
2019-10-03T17:22:46.000Z,2
2019-10-03T17:27:26.000Z,1
2019-10-03T17:29:25.000Z,1
2019-10-03T17:32:46.000Z,1
2019-10-03T17:53:05.000Z,1
2019-10-03T17:54:34.000Z,2
2019-10-03T17:54:50.000Z,2
2019-10-03T17:58:10.000Z,2
2019-10-03T18:02:46.000Z,1
2019-10-03T18:08:45.000Z,1
2019-10-03T18:21:28.000Z,1
2019-10-03T18:30:45.000Z,1
2019-10-03T18:47:14.000Z,1
2019-10-03T18:58:00.000Z,1
2019-10-03T19:16:17.000Z,1
2019-10-03T19:33:52.000Z,1
2019-10-03T19:51:05.000Z,1
2019-10-03T19:58:41.000Z,1
2019-10-03T20:09:09.000Z,2
2019-10-03T20:32:32.000Z,1
2019-10-03T20:39:21.000Z,1
2019-10-03T20:41:44.000Z,1
2019-10-03T21:11:05.000Z,1
2019-10-03T21:21:01.000Z,1
2019-10-03T21:29:33.000Z,1
2019-10-03T21:37:36.000Z,1
2019-10-03T22:10:30.000Z,1
2019-10-03T22:10:55.000Z,1
2019-10-03T22:11:24.000Z,1
2019-10-03T22:45:39.000Z,1
2019-10-03T22:48:22.000Z,1
2019-10-03T22:50:52.000Z,1
2019-10-03T23:13:14.000Z,1
2019-10-04T01:10:50.000Z,1
2019-10-04T02:15:24.000Z,1
2019-10-04T05:10:30.000Z,1
2019-10-04T05:20:16.000Z,1
2019-10-04T06:07:48.000Z,1
2019-10-04T07:17:04.000Z,1
2019-10-04T07:17:32.000Z,1
2019-10-04T07:30:03.000Z,1
2019-10-04T07:41:10.000Z,1
2019-10-04T07:45:22.000Z,1
2019-10-04T07:58:02.000Z,1
2019-10-04T08:18:23.000Z,2
2019-10-04T08:32:35.000Z,1
2019-10-04T08:58:07.000Z,1
2019-10-04T09:06:07.000Z,1
2019-10-04T09:12:41.000Z,1
2019-10-04T09:13:59.000Z,1
2019-10-04T09:22:39.000Z,1
2019-10-04T09:32:38.000Z,1
2019-10-04T10:15:45.000Z,1
2019-10-04T10:49:45.000Z,1
2019-10-04T11:15:07.000Z,1
2019-10-04T11:25:30.000Z,1
2019-10-04T11:25:32.000Z,1
2019-10-04T12:02:08.000Z,1
2019-10-04T12:07:07.000Z,1
2019-10-04T12:12:36.000Z,1
2019-10-04T13:17:57.000Z,1
2019-10-04T13:35:15.000Z,1
2019-10-04T13:46:01.000Z,1
2019-10-04T13:48:15.000Z,1
2019-10-04T14:06:15.000Z,1
2019-10-04T14:11:17.000Z,1
2019-10-04T14:51:23.000Z,1
2019-10-04T15:15:49.000Z,1
2019-10-04T15:22:38.000Z,1
2019-10-04T15:26:22.000Z,1
2019-10-04T16:14:03.000Z,2
2019-10-04T16:15:42.000Z,1
2019-10-04T16:34:23.000Z,2
2019-10-04T16:36:12.000Z,1
2019-10-04T16:37:12.000Z,1
2019-10-04T16:39:19.000Z,1
2019-10-04T16:40:04.000Z,1
2019-10-04T16:50:52.000Z,1
2019-10-04T17:02:11.000Z,1
2019-10-04T17:02:56.000Z,1
2019-10-04T17:08:18.000Z,1
2019-10-04T17:09:58.000Z,1
2019-10-04T17:10:22.000Z,1
2019-10-04T17:22:25.000Z,1
2019-10-04T17:30:36.000Z,1
2019-10-04T17:39:30.000Z,3
2019-10-04T18:10:15.000Z,1
2019-10-04T18:19:52.000Z,2
2019-10-04T18:20:29.000Z,1
2019-10-04T18:24:32.000Z,1
2019-10-04T18:35:43.000Z,1
2019-10-04T19:46:24.000Z,1
2019-10-04T20:10:07.000Z,1
2019-10-04T20:11:11.000Z,2
2019-10-04T20:26:01.000Z,1
2019-10-04T20:55:51.000Z,1
2019-10-04T21:31:59.000Z,1
2019-10-04T22:03:39.000Z,1
2019-10-04T22:37:14.000Z,1
2019-10-04T23:41:56.000Z,1
2019-10-05T00:27:15.000Z,1
2019-10-05T07:37:32.000Z,1
2019-10-05T08:48:42.000Z,1
2019-10-05T08:50:22.000Z,1
2019-10-05T09:15:45.000Z,2
2019-10-05T09:26:43.000Z,1
2019-10-05T09:30:42.000Z,1
2019-10-05T09:43:09.000Z,1
2019-10-05T10:00:06.000Z,1
2019-10-05T10:35:24.000Z,1
2019-10-05T10:45:57.000Z,1
2019-10-01T01:56:21.000Z,1
2019-10-01T05:59:34.000Z,1
2019-10-01T06:41:36.000Z,1
2019-10-01T07:12:41.000Z,2
2019-10-01T07:30:14.000Z,1
2019-10-01T07:41:02.000Z,1
2019-10-01T08:14:27.000Z,1
2019-10-01T08:17:12.000Z,3
2019-10-01T08:22:03.000Z,1
2019-10-01T08:47:13.000Z,1
2019-10-01T09:06:56.000Z,1
2019-10-01T09:13:55.000Z,1
2019-10-01T09:16:32.000Z,1
2019-10-01T11:27:30.000Z,2
2019-10-01T16:26:30.000Z,1
2019-10-01T07:29:27.000Z,1
2019-10-01T07:29:58.000Z,1
2019-10-01T08:04:06.000Z,2
2019-10-01T08:27:19.000Z,1
2019-10-01T08:47:05.000Z,2
2019-10-01T08:53:01.000Z,1
2019-10-01T09:10:36.000Z,1
2019-10-01T09:21:55.000Z,1
2019-10-01T09:38:45.000Z,1
2019-10-01T09:58:03.000Z,1
2019-10-01T11:19:05.000Z,1
2019-10-01T11:44:03.000Z,1
2019-10-01T12:20:41.000Z,1
2019-10-01T12:36:08.000Z,1
2019-10-01T12:40:07.000Z,1
2019-10-01T13:13:19.000Z,1
2019-10-01T13:14:19.000Z,1
2019-10-01T13:41:56.000Z,2
2019-10-01T13:56:54.000Z,1
2019-10-01T14:47:45.000Z,1
2019-10-01T14:50:45.000Z,1
2019-10-01T14:57:16.000Z,1
2019-10-01T14:58:17.000Z,1
2019-10-01T16:27:37.000Z,1
2019-10-01T16:33:27.000Z,1
2019-10-01T15:27:55.000Z,1
2019-10-01T16:38:23.000Z,2
2019-10-01T17:03:57.000Z,1
2019-10-01T17:10:14.000Z,3
2019-10-01T17:32:33.000Z,1
2019-10-01T17:32:53.000Z,1
2019-10-01T17:36:07.000Z,2
2019-10-01T17:44:29.000Z,1
2019-10-01T17:48:06.000Z,2
2019-10-01T17:49:06.000Z,1
2019-10-01T18:08:26.000Z,1
2019-10-01T18:13:40.000Z,1
2019-10-01T18:14:57.000Z,1
2019-10-01T18:19:02.000Z,1
2019-10-01T18:20:59.000Z,1
2019-10-01T18:21:30.000Z,1
2019-10-01T18:27:01.000Z,1
2019-10-01T18:52:14.000Z,1
2019-10-01T18:52:55.000Z,1
2019-10-01T18:55:21.000Z,2
2019-10-01T18:58:00.000Z,1
2019-10-01T19:12:18.000Z,1
2019-10-01T19:25:29.000Z,1
2019-10-01T19:36:01.000Z,1
2019-10-01T20:48:07.000Z,1
2019-10-01T20:55:21.000Z,1
2019-10-01T20:57:57.000Z,1
2019-10-01T21:17:41.000Z,1
2019-10-01T21:33:37.000Z,1
2019-10-01T22:07:23.000Z,1
2019-10-01T22:33:14.000Z,2
2019-10-01T22:47:45.000Z,1
2019-10-01T22:50:17.000Z,1
2019-10-02T00:38:15.000Z,1
2019-10-02T01:28:47.000Z,1
2019-10-02T05:13:43.000Z,1
2019-10-02T06:09:13.000Z,1
2019-10-02T06:12:06.000Z,1
2019-10-02T06:31:07.000Z,1
2019-10-02T07:23:36.000Z,1
2019-10-02T07:24:35.000Z,1
2019-10-02T08:01:57.000Z,1
2019-10-02T08:26:22.000Z,1
2019-10-02T08:26:57.000Z,1
2019-10-02T08:38:13.000Z,1
2019-10-02T09:03:21.000Z,1
2019-10-02T09:05:55.000Z,1
2019-10-02T09:21:23.000Z,1
2019-10-02T09:32:04.000Z,1
2019-10-02T10:34:38.000Z,1
2019-10-02T11:00:03.000Z,1
2019-10-02T11:12:10.000Z,1
2019-10-02T11:55:31.000Z,1
2019-10-02T12:12:46.000Z,1
2019-10-02T12:18:08.000Z,1
2019-10-02T12:22:17.000Z,1
2019-10-02T13:18:19.000Z,1
2019-10-02T14:38:30.000Z,1
2019-10-02T16:01:46.000Z,1
2019-10-02T16:14:21.000Z,1
2019-10-02T16:54:34.000Z,1
2019-10-02T17:04:08.000Z,1
2019-10-02T17:09:40.000Z,2
2019-10-02T17:12:31.000Z,1
2019-10-02T17:26:40.000Z,1
2019-10-02T17:31:22.000Z,1
2019-10-02T17:40:16.000Z,1
2019-10-02T17:48:12.000Z,2
2019-10-02T17:57:42.000Z,1
2019-10-02T17:58:29.000Z,1
2019-10-02T17:59:34.000Z,1
2019-10-02T18:18:12.000Z,1
2019-10-02T18:35:25.000Z,1
2019-10-02T18:42:41.000Z,1
2019-10-02T19:12:44.000Z,1
2019-10-02T19:26:52.000Z,1
2019-10-02T19:51:22.000Z,1
2019-10-02T21:16:29.000Z,1
2019-10-02T21:41:33.000Z,1
2019-10-03T03:04:15.000Z,1
2019-10-03T06:20:56.000Z,3
2019-10-03T06:44:42.000Z,1
2019-10-03T06:51:14.000Z,1
2019-10-03T07:18:10.000Z,1
2019-10-03T07:22:16.000Z,1
2019-10-03T07:30:08.000Z,1
2019-10-03T07:42:32.000Z,1
2019-10-03T07:54:27.000Z,2
2019-10-03T07:57:28.000Z,2
2019-10-03T08:16:25.000Z,2
2019-10-03T08:17:13.000Z,1
2019-10-03T08:31:43.000Z,1
2019-10-03T08:48:42.000Z,2
2019-10-03T08:51:20.000Z,1
2019-10-03T08:52:18.000Z,1
2019-10-03T09:01:00.000Z,2
2019-10-03T09:14:33.000Z,2
2019-10-03T09:24:51.000Z,1
2019-10-03T09:28:31.000Z,1
2019-10-03T11:02:55.000Z,1
2019-10-03T11:06:33.000Z,1
2019-10-03T11:09:54.000Z,2
2019-10-03T11:11:47.000Z,1
2019-10-03T11:36:21.000Z,1
2019-10-03T11:46:21.000Z,1
2019-10-03T12:02:22.000Z,1
2019-10-03T12:42:55.000Z,2
2019-10-03T13:43:44.000Z,1
2019-10-03T13:54:53.000Z,1
2019-10-03T13:55:44.000Z,1
2019-10-03T14:33:16.000Z,1
2019-10-03T14:39:16.000Z,1
2019-10-03T15:08:00.000Z,1
2019-10-03T15:33:24.000Z,1
2019-10-03T16:04:01.000Z,1
2019-10-03T16:12:05.000Z,2
2019-10-03T16:12:23.000Z,2
2019-10-03T16:27:58.000Z,1
2019-10-03T16:46:36.000Z,1
2019-10-03T16:47:09.000Z,1
2019-10-03T16:47:21.000Z,1
2019-10-03T16:59:05.000Z,2
2019-10-03T17:05:27.000Z,2
2019-10-03T17:13:14.000Z,1
2019-10-03T17:21:17.000Z,3
2019-10-03T17:26:02.000Z,1
2019-10-03T17:29:40.000Z,1
2019-10-03T17:35:56.000Z,2
2019-10-03T17:40:47.000Z,1
2019-10-03T17:48:42.000Z,1
2019-10-03T17:50:24.000Z,1
2019-10-03T17:55:55.000Z,1
2019-10-03T18:12:02.000Z,1
2019-10-03T18:12:28.000Z,1
2019-10-03T18:12:40.000Z,1
2019-10-03T18:22:15.000Z,2
2019-10-03T18:25:59.000Z,1
2019-10-03T18:49:20.000Z,1
2019-10-03T19:16:55.000Z,1
2019-10-03T19:22:48.000Z,1
2019-10-03T19:26:43.000Z,1
2019-10-03T19:48:11.000Z,1
2019-10-03T20:04:04.000Z,1
2019-10-03T20:13:58.000Z,1
2019-10-03T20:15:19.000Z,1
2019-10-03T20:17:13.000Z,1
2019-10-03T21:12:14.000Z,1
2019-10-03T21:25:29.000Z,1
2019-10-03T22:08:51.000Z,1
2019-10-03T22:55:05.000Z,1
2019-10-03T22:58:15.000Z,1
2019-10-03T23:05:50.000Z,1
2019-10-04T02:15:43.000Z,1
2019-10-04T05:57:58.000Z,1
2019-10-04T06:43:00.000Z,1
2019-10-04T07:07:57.000Z,3
2019-10-04T07:14:48.000Z,1
2019-10-04T07:19:49.000Z,1
2019-10-04T07:22:09.000Z,1
2019-10-04T07:29:34.000Z,1
2019-10-04T07:54:00.000Z,1
2019-10-04T07:56:56.000Z,2
2019-10-04T07:59:10.000Z,1
2019-10-04T08:07:03.000Z,1
2019-10-04T08:24:46.000Z,1
2019-10-04T08:27:48.000Z,1
2019-10-04T08:37:32.000Z,1
2019-10-04T08:40:39.000Z,1
2019-10-04T08:46:56.000Z,1
2019-10-04T08:49:23.000Z,1
2019-10-04T09:02:46.000Z,1
2019-10-04T09:16:05.000Z,1
2019-10-04T09:25:37.000Z,1
2019-10-04T10:55:20.000Z,1
2019-10-04T10:57:23.000Z,2
2019-10-04T11:52:42.000Z,1
2019-10-04T11:56:59.000Z,1
2019-10-04T12:37:03.000Z,1
2019-10-04T12:41:42.000Z,1
2019-10-04T13:04:06.000Z,1
2019-10-04T13:14:12.000Z,1
2019-10-04T13:22:38.000Z,1
2019-10-04T13:48:04.000Z,1
2019-10-04T13:48:13.000Z,1
2019-10-04T14:03:55.000Z,2
2019-10-04T14:23:05.000Z,1
2019-10-04T14:56:30.000Z,2
2019-10-04T15:15:13.000Z,1
2019-10-04T15:45:54.000Z,1
2019-10-04T15:52:04.000Z,1
2019-10-04T15:54:39.000Z,1
2019-10-04T16:03:54.000Z,1
2019-10-04T16:08:58.000Z,1
2019-10-04T16:16:05.000Z,1
2019-10-04T16:16:48.000Z,1
2019-10-04T16:39:42.000Z,2
2019-10-04T17:06:49.000Z,1
2019-10-04T17:14:32.000Z,1
2019-10-04T17:16:57.000Z,1
2019-10-04T17:17:30.000Z,1
2019-10-04T17:18:02.000Z,1
2019-10-04T17:22:24.000Z,1
2019-10-04T17:50:25.000Z,3
2019-10-04T17:50:40.000Z,2
2019-10-04T17:53:38.000Z,1
2019-10-04T18:08:23.000Z,2
2019-10-04T18:17:03.000Z,1
2019-10-04T18:35:24.000Z,1
2019-10-04T18:35:42.000Z,1
2019-10-04T18:51:39.000Z,1
2019-10-04T19:25:57.000Z,1
2019-10-04T19:36:21.000Z,1
2019-10-04T19:38:33.000Z,1
2019-10-04T21:11:01.000Z,1
2019-10-04T21:12:58.000Z,1
2019-10-05T00:25:16.000Z,1
2019-10-05T00:25:51.000Z,1
2019-10-05T03:44:23.000Z,1
2019-10-05T07:38:50.000Z,1
2019-10-05T07:53:31.000Z,1
2019-10-05T08:07:10.000Z,2
2019-10-05T08:42:43.000Z,1
2019-10-05T08:46:57.000Z,1
2019-10-05T09:14:10.000Z,1
2019-10-05T09:17:22.000Z,1
2019-10-05T09:30:23.000Z,1
2019-10-05T09:31:09.000Z,1
2019-10-05T09:45:18.000Z,1
2019-10-05T09:45:59.000Z,1
2019-10-05T10:11:12.000Z,1
2019-10-05T10:38:18.000Z,1
2019-10-05T10:40:15.000Z,1
2019-10-05T10:51:29.000Z,2
2019-10-01T03:54:31.000Z,1
2019-10-01T06:24:24.000Z,1
2019-10-01T06:58:50.000Z,1
2019-10-01T07:01:55.000Z,2
2019-10-01T07:27:20.000Z,1
2019-10-01T07:33:12.000Z,1
2019-10-01T07:37:52.000Z,1
2019-10-01T07:49:22.000Z,3
2019-10-01T08:07:08.000Z,2
2019-10-01T08:19:40.000Z,1
2019-10-01T08:32:35.000Z,1
2019-10-01T08:36:06.000Z,1
2019-10-01T09:10:09.000Z,1
2019-10-01T09:32:27.000Z,2
2019-10-01T11:13:22.000Z,1
2019-10-01T12:04:32.000Z,1
2019-10-01T13:58:44.000Z,1
2019-10-01T16:02:48.000Z,1
2019-10-01T16:20:17.000Z,1
2019-10-01T08:03:39.000Z,1
2019-10-01T08:42:46.000Z,1
2019-10-01T08:58:25.000Z,1
2019-10-01T09:06:55.000Z,1
2019-10-01T11:59:12.000Z,1
2019-10-01T12:08:47.000Z,2
2019-10-01T12:11:09.000Z,1
2019-10-01T12:28:43.000Z,1
2019-10-01T13:06:30.000Z,1
2019-10-01T13:53:45.000Z,1
2019-10-01T14:27:23.000Z,1
2019-10-01T14:50:22.000Z,1
2019-10-01T15:15:36.000Z,1
2019-10-01T15:45:06.000Z,2
2019-10-01T16:14:25.000Z,1
2019-10-01T17:00:10.000Z,2
2019-10-01T17:00:44.000Z,2
2019-10-01T17:07:03.000Z,1
2019-10-01T17:08:05.000Z,1
2019-10-01T17:13:12.000Z,1
2019-10-01T17:26:57.000Z,3
2019-10-01T17:28:01.000Z,1
2019-10-01T17:33:59.000Z,1
2019-10-01T17:36:56.000Z,3
2019-10-01T17:46:04.000Z,1
2019-10-01T18:00:10.000Z,1
2019-10-01T18:03:04.000Z,1
2019-10-01T18:11:12.000Z,1
2019-10-01T18:12:03.000Z,1
2019-10-01T18:14:27.000Z,1
2019-10-01T18:16:34.000Z,1
2019-10-01T18:18:23.000Z,1
2019-10-01T18:26:02.000Z,2
2019-10-01T18:26:10.000Z,1
2019-10-01T18:39:13.000Z,2
2019-10-01T18:48:07.000Z,1
2019-10-01T18:49:12.000Z,1
2019-10-01T18:54:29.000Z,1
2019-10-01T18:57:19.000Z,1
2019-10-01T19:05:02.000Z,1
2019-10-01T19:09:02.000Z,1
2019-10-01T19:44:19.000Z,1
2019-10-01T19:54:10.000Z,1
2019-10-01T21:00:41.000Z,1
2019-10-01T21:34:40.000Z,1
2019-10-01T22:12:50.000Z,2
2019-10-01T22:44:39.000Z,1
2019-10-01T23:40:17.000Z,1
2019-10-02T05:39:34.000Z,1
2019-10-02T05:47:11.000Z,1
2019-10-02T06:14:50.000Z,1
2019-10-02T06:26:09.000Z,1
2019-10-02T06:50:32.000Z,1
2019-10-02T06:53:56.000Z,1
2019-10-02T06:57:23.000Z,1
2019-10-02T07:01:25.000Z,2
2019-10-02T07:29:43.000Z,1
2019-10-02T07:59:41.000Z,1
2019-10-02T08:04:20.000Z,1
2019-10-02T08:20:29.000Z,1
2019-10-02T08:31:06.000Z,1
2019-10-02T08:32:24.000Z,1
2019-10-02T08:44:19.000Z,1
2019-10-02T08:49:28.000Z,1
2019-10-02T09:07:54.000Z,1
2019-10-02T10:03:48.000Z,1
2019-10-02T10:35:39.000Z,1
2019-10-02T10:40:01.000Z,1
2019-10-02T11:54:19.000Z,1
2019-10-02T11:55:38.000Z,1
2019-10-02T12:51:02.000Z,1
2019-10-02T13:13:11.000Z,1
2019-10-02T13:48:08.000Z,1
2019-10-02T13:56:45.000Z,1
2019-10-02T14:33:19.000Z,1
2019-10-02T14:59:49.000Z,1
2019-10-02T15:26:22.000Z,1
2019-10-02T15:31:07.000Z,1
2019-10-02T16:55:57.000Z,2
2019-10-02T16:56:30.000Z,1
2019-10-02T17:11:47.000Z,1
2019-10-02T17:11:54.000Z,1
2019-10-02T17:33:43.000Z,1
2019-10-02T17:41:26.000Z,1
2019-10-02T17:47:08.000Z,1
2019-10-02T17:55:41.000Z,1
2019-10-02T17:55:52.000Z,2
2019-10-02T18:15:21.000Z,1
2019-10-02T18:28:26.000Z,1
2019-10-02T19:25:10.000Z,2
2019-10-02T19:25:23.000Z,2
2019-10-02T19:30:28.000Z,1
2019-10-02T19:57:14.000Z,1
2019-10-02T22:15:38.000Z,1
2019-10-03T05:16:50.000Z,1
2019-10-03T05:31:38.000Z,1
2019-10-03T05:34:06.000Z,1
2019-10-03T05:57:52.000Z,1
2019-10-03T06:33:02.000Z,2
2019-10-03T06:41:54.000Z,2
2019-10-03T06:47:59.000Z,1
2019-10-03T06:50:13.000Z,2
2019-10-03T07:07:25.000Z,2
2019-10-03T07:07:45.000Z,1
2019-10-03T07:49:12.000Z,1
2019-10-03T07:57:49.000Z,2
2019-10-03T08:06:12.000Z,1
2019-10-03T08:17:54.000Z,2
2019-10-03T08:25:02.000Z,1
2019-10-03T08:31:42.000Z,1
2019-10-03T08:42:24.000Z,1
2019-10-03T08:44:52.000Z,1
2019-10-03T08:48:21.000Z,1
2019-10-03T09:08:01.000Z,1
2019-10-03T09:18:59.000Z,1
2019-10-03T09:34:51.000Z,1
2019-10-03T09:59:37.000Z,1
2019-10-03T10:30:22.000Z,1
2019-10-03T11:01:50.000Z,1
2019-10-03T11:03:45.000Z,2
2019-10-03T11:21:06.000Z,1
2019-10-03T11:26:33.000Z,1
2019-10-03T13:01:27.000Z,1
2019-10-03T13:03:13.000Z,1
2019-10-03T13:07:18.000Z,1
2019-10-03T13:19:42.000Z,1
2019-10-03T13:20:00.000Z,1
2019-10-03T13:44:09.000Z,1
2019-10-03T13:48:40.000Z,2
2019-10-03T13:57:43.000Z,1
2019-10-03T14:04:21.000Z,1
2019-10-03T15:07:12.000Z,1
2019-10-03T15:36:14.000Z,1
2019-10-03T15:41:38.000Z,1
2019-10-03T15:57:15.000Z,1
2019-10-03T16:04:16.000Z,1
2019-10-03T16:16:00.000Z,1
2019-10-03T16:18:05.000Z,2
2019-10-03T16:38:59.000Z,1
2019-10-03T16:47:08.000Z,3
2019-10-03T16:52:47.000Z,1
2019-10-03T16:54:44.000Z,1
2019-10-03T17:00:20.000Z,1
2019-10-03T17:03:59.000Z,1
2019-10-03T17:12:11.000Z,1
2019-10-03T17:12:53.000Z,1
2019-10-03T17:17:40.000Z,1
2019-10-03T17:22:45.000Z,1
2019-10-03T17:23:05.000Z,1
2019-10-03T17:30:15.000Z,2
2019-10-03T17:41:12.000Z,1
2019-10-03T17:48:57.000Z,1
2019-10-03T17:51:13.000Z,1
2019-10-03T17:53:49.000Z,1
2019-10-03T17:53:51.000Z,1
2019-10-03T17:55:49.000Z,1
2019-10-03T18:15:06.000Z,1
2019-10-03T18:42:36.000Z,1
2019-10-03T18:45:57.000Z,1
2019-10-03T18:48:09.000Z,1
2019-10-03T19:06:07.000Z,1
2019-10-03T19:34:18.000Z,1
2019-10-03T19:45:37.000Z,1
2019-10-03T20:18:32.000Z,1
2019-10-03T20:35:07.000Z,1
2019-10-03T20:36:31.000Z,1
2019-10-03T20:37:43.000Z,1
2019-10-03T21:55:51.000Z,2
2019-10-03T22:46:57.000Z,1
2019-10-03T23:42:16.000Z,1
2019-10-04T05:44:31.000Z,1
2019-10-04T06:08:43.000Z,1
2019-10-04T06:54:30.000Z,1
2019-10-04T06:57:39.000Z,2
2019-10-04T07:13:59.000Z,2
2019-10-04T07:37:35.000Z,1
2019-10-04T07:43:10.000Z,1
2019-10-04T08:07:17.000Z,1
2019-10-04T08:12:47.000Z,2
2019-10-04T08:27:10.000Z,1
2019-10-04T08:32:13.000Z,3
2019-10-04T08:33:51.000Z,1
2019-10-04T08:37:48.000Z,2
2019-10-04T08:40:21.000Z,1
2019-10-04T08:57:18.000Z,1
2019-10-04T09:18:56.000Z,1
2019-10-04T09:25:06.000Z,1
2019-10-04T09:48:43.000Z,2
2019-10-04T10:56:43.000Z,1
2019-10-04T11:19:36.000Z,2
2019-10-04T11:24:27.000Z,1
2019-10-04T11:36:36.000Z,1
2019-10-04T11:42:17.000Z,1
2019-10-04T12:55:14.000Z,2
2019-10-04T13:03:47.000Z,1
2019-10-04T13:39:55.000Z,1
2019-10-04T13:41:42.000Z,1
2019-10-04T14:06:35.000Z,1
2019-10-04T14:15:54.000Z,1
2019-10-04T14:16:05.000Z,1
2019-10-04T14:44:20.000Z,1
2019-10-04T14:48:30.000Z,1
2019-10-04T15:03:41.000Z,1
2019-10-04T15:20:18.000Z,1
2019-10-04T15:36:43.000Z,1
2019-10-04T15:48:41.000Z,1
2019-10-04T15:49:53.000Z,1
2019-10-04T16:04:36.000Z,3
2019-10-04T16:31:01.000Z,1
2019-10-04T16:36:56.000Z,1
2019-10-04T16:38:47.000Z,1
2019-10-04T16:40:45.000Z,1
2019-10-04T16:49:53.000Z,1
2019-10-04T17:06:26.000Z,1
2019-10-04T17:12:06.000Z,1
2019-10-04T17:20:06.000Z,1
2019-10-04T17:23:27.000Z,1
2019-10-04T17:25:07.000Z,3
2019-10-04T17:43:26.000Z,1
2019-10-04T18:25:09.000Z,1
2019-10-04T18:40:03.000Z,1
2019-10-04T19:00:39.000Z,1
2019-10-04T19:04:17.000Z,1
2019-10-04T19:04:45.000Z,2
2019-10-04T19:13:03.000Z,1
2019-10-04T19:17:07.000Z,1
2019-10-04T19:45:21.000Z,1
2019-10-04T20:55:33.000Z,1
2019-10-04T21:32:28.000Z,1
2019-10-04T22:51:21.000Z,1
2019-10-04T23:05:15.000Z,1
2019-10-05T00:14:57.000Z,1
2019-10-05T00:27:06.000Z,2
2019-10-05T00:35:29.000Z,1
2019-10-05T02:41:47.000Z,1
2019-10-05T07:22:28.000Z,1
2019-10-05T07:36:14.000Z,2
2019-10-05T07:47:30.000Z,1
2019-10-05T09:05:12.000Z,1
2019-10-05T09:20:48.000Z,1
2019-10-05T09:21:25.000Z,1
2019-10-05T09:46:28.000Z,1
2019-10-05T09:51:26.000Z,1
2019-10-01T05:00:14.000Z,1
2019-10-01T06:00:55.000Z,1
2019-10-01T06:05:00.000Z,2
2019-10-01T06:07:24.000Z,1
2019-10-01T06:13:57.000Z,1
2019-10-01T07:24:22.000Z,1
2019-10-01T07:27:59.000Z,1
2019-10-01T07:34:38.000Z,1
2019-10-01T07:37:55.000Z,1
2019-10-01T07:38:06.000Z,1
2019-10-01T07:51:05.000Z,1
2019-10-01T08:01:22.000Z,2
2019-10-01T08:01:44.000Z,1
2019-10-01T09:28:00.000Z,1
2019-10-01T13:44:23.000Z,1
2019-10-01T16:09:01.000Z,1
2019-10-01T16:12:19.000Z,1
2019-10-01T17:00:37.000Z,1
2019-10-01T08:07:06.000Z,1
2019-10-01T08:17:03.000Z,1
2019-10-01T08:29:40.000Z,1
2019-10-01T09:17:39.000Z,1
2019-10-01T10:19:25.000Z,2
2019-10-01T10:47:42.000Z,1
2019-10-01T10:48:08.000Z,1
2019-10-01T11:11:38.000Z,1
2019-10-01T11:26:07.000Z,1
2019-10-01T12:39:39.000Z,1
2019-10-01T12:56:33.000Z,1
2019-10-01T13:28:27.000Z,1
2019-10-01T13:38:57.000Z,1
2019-10-01T13:39:19.000Z,1
2019-10-01T13:53:18.000Z,1
2019-10-01T14:08:14.000Z,1
2019-10-01T14:14:49.000Z,1
2019-10-01T14:47:19.000Z,1
2019-10-01T15:37:36.000Z,1
2019-10-01T15:44:01.000Z,1
2019-10-01T15:46:19.000Z,1
2019-10-01T16:18:48.000Z,1
2019-10-01T16:21:40.000Z,1
2019-10-01T16:21:46.000Z,1
2019-10-01T16:29:31.000Z,1
2019-10-01T16:45:21.000Z,1
2019-10-01T16:48:03.000Z,1
2019-10-01T16:54:58.000Z,1
2019-10-01T17:05:21.000Z,1
2019-10-01T17:07:35.000Z,1
2019-10-01T17:08:02.000Z,1
2019-10-01T17:12:17.000Z,1
2019-10-01T17:15:13.000Z,2
2019-10-01T17:19:43.000Z,3
2019-10-01T17:40:29.000Z,2
2019-10-01T17:44:51.000Z,1
2019-10-01T17:45:20.000Z,1
2019-10-01T17:53:33.000Z,1
2019-10-01T18:01:47.000Z,3
2019-10-01T18:08:10.000Z,1
2019-10-01T18:12:56.000Z,1
2019-10-01T18:16:56.000Z,2
2019-10-01T18:56:40.000Z,1
2019-10-01T20:14:50.000Z,1
2019-10-01T20:24:31.000Z,1
2019-10-01T20:27:57.000Z,1
2019-10-01T21:04:54.000Z,1
2019-10-01T21:09:15.000Z,1
2019-10-01T21:45:03.000Z,1
2019-10-01T22:03:43.000Z,1
2019-10-01T22:20:56.000Z,1
2019-10-01T23:03:26.000Z,1
2019-10-02T01:02:47.000Z,1
2019-10-02T02:03:58.000Z,1
2019-10-02T04:34:30.000Z,1
2019-10-02T05:37:21.000Z,1
2019-10-02T06:11:42.000Z,1
2019-10-02T06:46:22.000Z,2
2019-10-02T06:56:56.000Z,1
2019-10-02T08:00:20.000Z,1
2019-10-02T08:01:18.000Z,1
2019-10-02T08:20:56.000Z,1
2019-10-02T08:25:00.000Z,1
2019-10-02T08:47:18.000Z,1
2019-10-02T08:54:22.000Z,2
2019-10-02T09:11:49.000Z,1
2019-10-02T09:31:07.000Z,1
2019-10-02T09:39:09.000Z,1
2019-10-02T10:12:54.000Z,1
2019-10-02T10:37:39.000Z,1
2019-10-02T11:49:54.000Z,1
2019-10-02T12:13:26.000Z,1
2019-10-02T12:49:39.000Z,1
2019-10-02T14:18:41.000Z,1
2019-10-02T14:22:15.000Z,1
2019-10-02T14:23:47.000Z,1
2019-10-02T14:50:10.000Z,1
2019-10-02T15:51:59.000Z,1
2019-10-02T16:03:12.000Z,2
2019-10-02T16:06:07.000Z,2
2019-10-02T16:14:19.000Z,1
2019-10-02T16:20:15.000Z,1
2019-10-02T16:23:49.000Z,1
2019-10-02T16:25:58.000Z,2
2019-10-02T16:38:02.000Z,1
2019-10-02T16:53:00.000Z,1
2019-10-02T16:56:43.000Z,1
2019-10-02T17:03:45.000Z,1
2019-10-02T17:12:38.000Z,1
2019-10-02T17:18:56.000Z,1
2019-10-02T17:26:54.000Z,1
2019-10-02T17:30:25.000Z,1
2019-10-02T17:58:45.000Z,1
2019-10-02T19:38:28.000Z,1
2019-10-02T19:43:02.000Z,1
2019-10-02T19:43:11.000Z,1
2019-10-02T20:11:20.000Z,1
2019-10-02T20:19:57.000Z,1
2019-10-02T20:29:00.000Z,1
2019-10-02T21:38:13.000Z,1
2019-10-02T22:40:04.000Z,1
2019-10-03T06:43:55.000Z,1
2019-10-03T06:50:00.000Z,1
2019-10-03T06:52:41.000Z,1
2019-10-03T07:21:46.000Z,1
2019-10-03T07:30:24.000Z,1
2019-10-03T07:31:34.000Z,1
2019-10-03T07:37:58.000Z,1
2019-10-03T07:39:37.000Z,1
2019-10-03T07:55:18.000Z,1
2019-10-03T08:02:37.000Z,1
2019-10-03T08:10:32.000Z,1
2019-10-03T08:30:07.000Z,1
2019-10-03T09:13:19.000Z,1
2019-10-03T09:30:06.000Z,1
2019-10-03T10:52:27.000Z,1
2019-10-03T12:04:03.000Z,1
2019-10-03T12:22:27.000Z,2
2019-10-03T12:44:32.000Z,1
2019-10-03T12:49:17.000Z,1
2019-10-03T13:46:45.000Z,1
2019-10-03T13:59:50.000Z,1
2019-10-03T14:48:46.000Z,1
2019-10-03T15:17:57.000Z,1
2019-10-03T15:30:07.000Z,1
2019-10-03T15:32:49.000Z,1
2019-10-03T15:47:37.000Z,1
2019-10-03T15:57:47.000Z,1
2019-10-03T16:02:27.000Z,1
2019-10-03T16:05:56.000Z,1
2019-10-03T16:10:52.000Z,1
2019-10-03T16:37:15.000Z,1
2019-10-03T16:49:48.000Z,1
2019-10-03T16:50:13.000Z,2
2019-10-03T16:56:28.000Z,1
2019-10-03T17:07:56.000Z,1
2019-10-03T17:14:09.000Z,1
2019-10-03T17:26:31.000Z,1
2019-10-03T17:44:02.000Z,1
2019-10-03T17:49:46.000Z,1
2019-10-03T17:49:57.000Z,2
2019-10-03T17:52:12.000Z,2
2019-10-03T17:52:29.000Z,1
2019-10-03T18:06:40.000Z,4
2019-10-03T18:14:42.000Z,1
2019-10-03T18:20:21.000Z,1
2019-10-03T18:22:16.000Z,1
2019-10-03T18:22:40.000Z,3
2019-10-03T18:29:09.000Z,1
2019-10-03T19:00:13.000Z,1
2019-10-03T19:00:54.000Z,1
2019-10-03T19:10:52.000Z,2
2019-10-03T19:19:46.000Z,1
2019-10-03T19:37:50.000Z,1
2019-10-03T19:41:12.000Z,1
2019-10-03T19:53:30.000Z,1
2019-10-03T20:09:27.000Z,1
2019-10-03T20:53:00.000Z,1
2019-10-03T21:05:57.000Z,1
2019-10-03T22:47:13.000Z,1
2019-10-03T22:53:49.000Z,1
2019-10-04T06:00:00.000Z,1
2019-10-04T07:03:41.000Z,1
2019-10-04T07:22:06.000Z,1
2019-10-04T07:30:02.000Z,1
2019-10-04T07:42:23.000Z,1
2019-10-04T07:42:54.000Z,1
2019-10-04T07:44:20.000Z,2
2019-10-04T07:47:08.000Z,2
2019-10-04T08:19:55.000Z,1
2019-10-04T08:20:35.000Z,2
2019-10-04T08:45:35.000Z,1
2019-10-04T08:53:01.000Z,1
2019-10-04T09:09:17.000Z,1
2019-10-04T09:20:00.000Z,1
2019-10-04T09:26:02.000Z,1
2019-10-04T10:12:16.000Z,1
2019-10-04T10:39:16.000Z,1
2019-10-04T11:27:41.000Z,1
2019-10-04T11:55:27.000Z,1
2019-10-04T13:27:35.000Z,1
2019-10-04T14:38:18.000Z,1
2019-10-04T15:07:25.000Z,1
2019-10-04T15:20:14.000Z,1
2019-10-04T15:23:24.000Z,1
2019-10-04T16:19:06.000Z,1
2019-10-04T16:25:14.000Z,1
2019-10-04T17:00:17.000Z,1
2019-10-04T17:07:10.000Z,1
2019-10-04T17:10:59.000Z,1
2019-10-04T17:23:26.000Z,1
2019-10-04T17:40:20.000Z,1
2019-10-04T17:55:20.000Z,2
2019-10-04T18:00:15.000Z,2
2019-10-04T18:00:48.000Z,1
2019-10-04T18:02:47.000Z,1
2019-10-04T18:05:06.000Z,1
2019-10-04T18:12:30.000Z,1
2019-10-04T18:13:56.000Z,1
2019-10-04T18:21:05.000Z,1
2019-10-04T18:24:36.000Z,1
2019-10-04T18:30:57.000Z,1
2019-10-04T18:34:18.000Z,1
2019-10-04T18:59:44.000Z,1
2019-10-04T20:11:45.000Z,1
2019-10-04T20:16:30.000Z,1
2019-10-04T21:09:56.000Z,1
2019-10-04T21:17:31.000Z,1
2019-10-04T21:20:51.000Z,1
2019-10-04T23:57:42.000Z,1
2019-10-05T00:15:16.000Z,1
2019-10-05T00:38:16.000Z,1
2019-10-05T00:42:45.000Z,1
2019-10-05T01:17:55.000Z,1
2019-10-05T07:53:53.000Z,1
2019-10-05T08:19:53.000Z,1
2019-10-05T08:24:00.000Z,1
2019-10-05T08:24:22.000Z,1
2019-10-05T08:55:54.000Z,1
2019-10-05T09:19:06.000Z,1
2019-10-05T09:53:09.000Z,2
2019-10-05T10:46:38.000Z,1
2019-10-01T04:07:45.000Z,1
2019-10-01T05:33:56.000Z,1
2019-10-01T05:50:21.000Z,2
2019-10-01T06:05:41.000Z,1
2019-10-01T06:35:09.000Z,1
2019-10-01T06:37:37.000Z,1
2019-10-01T07:12:38.000Z,1
2019-10-01T07:13:37.000Z,1
2019-10-01T07:21:45.000Z,1
2019-10-01T07:27:09.000Z,1
2019-10-01T07:29:01.000Z,1
2019-10-01T07:39:32.000Z,1
2019-10-01T07:47:57.000Z,1
2019-10-01T08:04:28.000Z,3
2019-10-01T08:07:42.000Z,2
2019-10-01T08:07:54.000Z,1
2019-10-01T08:11:03.000Z,1
2019-10-01T08:16:56.000Z,1
2019-10-01T08:17:07.000Z,1
2019-10-01T08:22:51.000Z,1
2019-10-01T08:35:05.000Z,1
2019-10-01T09:01:14.000Z,1
2019-10-01T09:01:20.000Z,2
2019-10-01T09:37:20.000Z,1
2019-10-01T12:22:19.000Z,1
2019-10-01T06:58:25.000Z,1
2019-10-01T08:14:15.000Z,2
2019-10-01T08:49:05.000Z,1
2019-10-01T09:04:26.000Z,2
2019-10-01T09:06:50.000Z,1
2019-10-01T09:06:57.000Z,1
2019-10-01T09:22:38.000Z,1
2019-10-01T10:10:35.000Z,1
2019-10-01T10:18:56.000Z,1
2019-10-01T10:44:25.000Z,1
2019-10-01T10:47:33.000Z,1
2019-10-01T10:49:02.000Z,1
2019-10-01T11:30:23.000Z,1
2019-10-01T11:39:35.000Z,1
2019-10-01T12:38:54.000Z,1
2019-10-01T12:39:44.000Z,1
2019-10-01T12:44:34.000Z,1
2019-10-01T12:45:45.000Z,1
2019-10-01T13:09:18.000Z,1
2019-10-01T13:15:49.000Z,1
2019-10-01T13:30:41.000Z,1
2019-10-01T13:48:20.000Z,1
2019-10-01T14:12:21.000Z,1
2019-10-01T14:13:29.000Z,1
2019-10-01T14:27:14.000Z,2
2019-10-01T14:52:05.000Z,1
2019-10-01T15:25:21.000Z,1
2019-10-01T15:53:58.000Z,1
2019-10-01T16:02:18.000Z,1
2019-10-01T16:20:24.000Z,1
2019-10-01T16:34:07.000Z,1
2019-10-01T15:13:03.000Z,1
2019-10-01T16:42:33.000Z,2
2019-10-01T16:50:52.000Z,1
2019-10-01T17:01:19.000Z,1
2019-10-01T17:20:11.000Z,1
2019-10-01T17:21:25.000Z,1
2019-10-01T17:24:27.000Z,1
2019-10-01T17:24:35.000Z,1
2019-10-01T17:31:58.000Z,2
2019-10-01T17:33:08.000Z,2
2019-10-01T17:40:15.000Z,2
2019-10-01T17:46:41.000Z,1
2019-10-01T17:55:52.000Z,1
2019-10-01T18:00:00.000Z,1
2019-10-01T18:03:29.000Z,1
2019-10-01T18:06:35.000Z,1
2019-10-01T18:25:55.000Z,1
2019-10-01T18:41:49.000Z,1
2019-10-01T18:44:18.000Z,1
2019-10-01T18:48:06.000Z,2
2019-10-01T19:07:36.000Z,1
2019-10-01T19:11:52.000Z,2
2019-10-01T19:37:03.000Z,1
2019-10-01T19:46:23.000Z,1
2019-10-01T20:25:45.000Z,1
2019-10-01T20:27:34.000Z,1
2019-10-01T21:04:20.000Z,1
2019-10-01T21:16:33.000Z,1
2019-10-01T21:37:58.000Z,1
2019-10-01T22:18:00.000Z,1
2019-10-01T22:49:51.000Z,1
2019-10-01T23:11:57.000Z,1
2019-10-01T23:28:06.000Z,1
2019-10-01T23:33:53.000Z,1
2019-10-02T02:54:20.000Z,1
2019-10-02T05:58:59.000Z,1
2019-10-02T06:20:48.000Z,1
2019-10-02T07:03:06.000Z,1
2019-10-02T07:07:08.000Z,1
2019-10-02T07:15:15.000Z,1
2019-10-02T07:56:40.000Z,1
2019-10-02T08:19:12.000Z,2
2019-10-02T08:48:23.000Z,1
2019-10-02T09:03:01.000Z,1
2019-10-02T09:07:39.000Z,1
2019-10-02T09:20:15.000Z,1
2019-10-02T09:55:34.000Z,1
2019-10-02T11:30:26.000Z,1
2019-10-02T11:32:05.000Z,1
2019-10-02T12:17:36.000Z,2
2019-10-02T12:21:47.000Z,1
2019-10-02T13:38:34.000Z,1
2019-10-02T13:39:41.000Z,1
2019-10-02T15:06:51.000Z,1
2019-10-02T15:33:07.000Z,1
2019-10-02T15:34:43.000Z,1
2019-10-02T15:44:55.000Z,1
2019-10-02T16:16:04.000Z,1
2019-10-02T16:21:45.000Z,1
2019-10-02T16:40:35.000Z,1
2019-10-02T16:47:08.000Z,1
2019-10-02T16:51:44.000Z,3
2019-10-02T16:52:06.000Z,1
2019-10-02T17:04:50.000Z,1
2019-10-02T17:06:05.000Z,1
2019-10-02T17:09:39.000Z,1
2019-10-02T17:17:37.000Z,1
2019-10-02T17:22:49.000Z,1
2019-10-02T17:28:19.000Z,1
2019-10-02T17:37:30.000Z,1
2019-10-02T17:41:55.000Z,1
2019-10-02T17:44:27.000Z,1
2019-10-02T17:48:37.000Z,1
2019-10-02T17:52:04.000Z,1
2019-10-02T17:53:36.000Z,1
2019-10-02T18:09:21.000Z,1
2019-10-02T18:14:31.000Z,1
2019-10-02T18:20:45.000Z,1
2019-10-02T18:48:53.000Z,1
2019-10-02T18:50:23.000Z,1
2019-10-02T19:36:29.000Z,1
2019-10-02T19:55:23.000Z,1
2019-10-02T19:57:22.000Z,1
2019-10-02T20:25:37.000Z,1
2019-10-02T20:54:20.000Z,2
2019-10-02T22:30:51.000Z,1
2019-10-03T01:38:37.000Z,1
2019-10-03T06:09:31.000Z,1
2019-10-03T06:13:00.000Z,1
2019-10-03T06:43:30.000Z,1
2019-10-03T07:37:25.000Z,1
2019-10-03T08:04:55.000Z,1
2019-10-03T08:08:09.000Z,2
2019-10-03T08:20:33.000Z,1
2019-10-03T08:25:07.000Z,1
2019-10-03T08:33:50.000Z,1
2019-10-03T08:34:18.000Z,1
2019-10-03T08:37:53.000Z,1
2019-10-03T08:41:40.000Z,2
2019-10-03T08:54:12.000Z,1
2019-10-03T08:58:30.000Z,1
2019-10-03T09:21:33.000Z,2
2019-10-03T11:51:31.000Z,2
2019-10-03T12:29:20.000Z,1
2019-10-03T12:33:01.000Z,2
2019-10-03T12:37:30.000Z,1
2019-10-03T13:07:40.000Z,1
2019-10-03T13:18:23.000Z,1
2019-10-03T13:43:34.000Z,1
2019-10-03T13:45:08.000Z,1
2019-10-03T13:51:58.000Z,1
2019-10-03T14:39:33.000Z,1
2019-10-03T14:42:50.000Z,1
2019-10-03T15:01:57.000Z,1
2019-10-03T15:33:52.000Z,1
2019-10-03T15:38:37.000Z,1
2019-10-03T15:43:23.000Z,1
2019-10-03T15:46:31.000Z,1
2019-10-03T16:07:28.000Z,1
2019-10-03T16:09:17.000Z,2
2019-10-03T16:12:48.000Z,1
2019-10-03T16:15:54.000Z,1
2019-10-03T16:38:09.000Z,1
2019-10-03T16:52:52.000Z,1
2019-10-03T17:01:10.000Z,2
2019-10-03T17:04:22.000Z,1
2019-10-03T17:07:30.000Z,1
2019-10-03T17:22:37.000Z,1
2019-10-03T17:23:47.000Z,1
2019-10-03T17:26:29.000Z,1
2019-10-03T17:31:24.000Z,2
2019-10-03T17:41:42.000Z,1
2019-10-03T17:42:05.000Z,1
2019-10-03T17:58:14.000Z,2
2019-10-03T18:02:19.000Z,2
2019-10-03T18:16:37.000Z,1
2019-10-03T18:38:39.000Z,1
2019-10-03T18:47:35.000Z,1
2019-10-03T19:02:01.000Z,1
2019-10-03T19:10:41.000Z,2
2019-10-03T19:55:58.000Z,1
2019-10-03T19:58:27.000Z,1
2019-10-03T20:13:56.000Z,2
2019-10-03T20:32:05.000Z,1
2019-10-03T20:35:26.000Z,1
2019-10-03T20:36:34.000Z,1
2019-10-03T20:41:30.000Z,1
2019-10-03T20:55:33.000Z,2
2019-10-03T21:29:29.000Z,1
2019-10-03T22:14:57.000Z,2
2019-10-03T23:11:43.000Z,1
2019-10-04T02:13:57.000Z,1
2019-10-04T02:20:34.000Z,1
2019-10-04T03:18:49.000Z,1
2019-10-04T05:43:54.000Z,1
2019-10-04T06:19:10.000Z,1
2019-10-04T06:25:13.000Z,1
2019-10-04T06:47:48.000Z,1
2019-10-04T06:53:38.000Z,1
2019-10-04T06:56:33.000Z,1
2019-10-04T07:15:09.000Z,1
2019-10-04T07:35:07.000Z,1
2019-10-04T07:55:00.000Z,1
2019-10-04T08:09:30.000Z,1
2019-10-04T08:25:39.000Z,1
2019-10-04T08:31:34.000Z,2
2019-10-04T08:50:04.000Z,1
2019-10-04T09:01:24.000Z,1
2019-10-04T09:03:54.000Z,1
2019-10-04T09:05:37.000Z,1
2019-10-04T10:01:49.000Z,1
2019-10-04T10:11:34.000Z,1
2019-10-04T11:26:46.000Z,1
2019-10-04T11:33:46.000Z,1
2019-10-04T11:34:45.000Z,1
2019-10-04T11:50:20.000Z,1
2019-10-04T12:00:25.000Z,1
2019-10-04T12:48:08.000Z,1
2019-10-04T12:56:19.000Z,1
2019-10-04T12:59:23.000Z,1
2019-10-04T13:07:15.000Z,1
2019-10-04T13:10:38.000Z,1
2019-10-04T13:17:20.000Z,1
2019-10-04T13:36:13.000Z,2
2019-10-04T14:02:10.000Z,1
2019-10-04T14:07:44.000Z,1
2019-10-04T14:26:36.000Z,1
2019-10-04T14:48:58.000Z,1
2019-10-04T14:52:19.000Z,2
2019-10-04T15:07:06.000Z,1
2019-10-04T15:35:31.000Z,1
2019-10-04T15:44:50.000Z,1
2019-10-04T15:59:07.000Z,1
2019-10-04T16:00:30.000Z,1
2019-10-04T16:02:21.000Z,1
2019-10-04T16:24:38.000Z,1
2019-10-04T16:53:16.000Z,1
2019-10-04T17:01:23.000Z,3
2019-10-04T17:13:36.000Z,1
2019-10-04T17:55:39.000Z,1
2019-10-04T17:56:08.000Z,1
2019-10-04T17:56:28.000Z,1
2019-10-04T18:06:13.000Z,3
2019-10-04T18:13:21.000Z,1
2019-10-04T18:17:19.000Z,1
2019-10-04T18:28:08.000Z,2
2019-10-04T18:38:31.000Z,2
2019-10-04T18:41:07.000Z,1
2019-10-04T19:12:29.000Z,1
2019-10-04T19:12:39.000Z,1
2019-10-04T19:18:21.000Z,2
2019-10-04T19:35:12.000Z,1
2019-10-04T20:01:43.000Z,1
2019-10-04T20:03:33.000Z,1
2019-10-04T21:07:42.000Z,2
2019-10-05T00:31:00.000Z,1
2019-10-05T02:01:32.000Z,1
2019-10-05T02:25:39.000Z,1
2019-10-05T07:56:32.000Z,1
2019-10-05T08:28:40.000Z,2
2019-10-05T08:34:15.000Z,1
2019-10-05T08:58:49.000Z,1
2019-10-05T09:39:48.000Z,1
2019-10-05T10:24:15.000Z,1
2019-10-05T10:42:25.000Z,1
2019-10-05T10:46:39.000Z,2
2019-10-05T10:50:46.000Z,1
2019-10-01T05:34:08.000Z,1
2019-10-01T06:45:46.000Z,1
2019-10-01T06:48:31.000Z,1
2019-10-01T06:49:00.000Z,2
2019-10-01T07:24:05.000Z,1
2019-10-01T07:25:59.000Z,1
2019-10-01T07:33:54.000Z,1
2019-10-01T07:34:42.000Z,1
2019-10-01T07:35:40.000Z,1
2019-10-01T07:50:38.000Z,1
2019-10-01T07:59:24.000Z,1
2019-10-01T08:12:04.000Z,1
2019-10-01T08:32:10.000Z,1
2019-10-01T08:58:34.000Z,1
2019-10-01T09:12:10.000Z,1
2019-10-01T09:15:35.000Z,1
2019-10-01T09:41:34.000Z,1
2019-10-01T10:55:49.000Z,1
2019-10-01T15:49:57.000Z,1
2019-10-01T16:27:34.000Z,1
2019-10-01T08:11:08.000Z,3
2019-10-01T08:14:10.000Z,1
2019-10-01T08:29:37.000Z,1
2019-10-01T08:34:38.000Z,1
2019-10-01T08:59:50.000Z,2
2019-10-01T09:03:14.000Z,1
2019-10-01T09:06:38.000Z,2
2019-10-01T09:11:13.000Z,1
2019-10-01T11:22:10.000Z,1
2019-10-01T13:20:33.000Z,2
2019-10-01T13:34:29.000Z,1
2019-10-01T13:44:45.000Z,1
2019-10-01T13:48:30.000Z,1
2019-10-01T14:20:28.000Z,1
2019-10-01T14:31:12.000Z,1
2019-10-01T14:38:27.000Z,1
2019-10-01T14:43:26.000Z,1
2019-10-01T15:29:26.000Z,1
2019-10-01T15:40:03.000Z,1
2019-10-01T16:10:08.000Z,1
2019-10-01T16:20:53.000Z,2
2019-10-01T16:29:34.000Z,1
2019-10-01T16:31:06.000Z,1
2019-10-01T16:33:35.000Z,1
2019-10-01T16:51:54.000Z,1
2019-10-01T16:52:24.000Z,1
2019-10-01T17:04:26.000Z,1
2019-10-01T17:05:07.000Z,1
2019-10-01T17:09:09.000Z,1
2019-10-01T17:26:07.000Z,2
2019-10-01T17:28:50.000Z,2
2019-10-01T17:47:13.000Z,1
2019-10-01T17:47:54.000Z,1
2019-10-01T17:49:58.000Z,2
2019-10-01T17:56:11.000Z,1
2019-10-01T18:04:16.000Z,1
2019-10-01T18:10:21.000Z,1
2019-10-01T18:15:40.000Z,1
2019-10-01T18:16:01.000Z,3
2019-10-01T18:30:10.000Z,2
2019-10-01T18:35:30.000Z,3
2019-10-01T18:39:51.000Z,1
2019-10-01T18:50:27.000Z,1
2019-10-01T18:53:18.000Z,1
2019-10-01T18:59:46.000Z,1
2019-10-01T19:01:02.000Z,3
2019-10-01T19:02:06.000Z,1
2019-10-01T19:31:32.000Z,1
2019-10-01T20:16:26.000Z,1
2019-10-01T20:22:48.000Z,1
2019-10-01T20:31:21.000Z,1
2019-10-01T20:37:19.000Z,1
2019-10-01T20:57:34.000Z,1
2019-10-01T21:00:05.000Z,1
2019-10-01T21:38:15.000Z,1
2019-10-01T22:05:00.000Z,1
2019-10-01T23:03:28.000Z,1
2019-10-02T02:00:57.000Z,1
2019-10-02T05:15:17.000Z,1
2019-10-02T05:51:24.000Z,1
2019-10-02T05:56:07.000Z,1
2019-10-02T06:15:25.000Z,1
2019-10-02T06:38:49.000Z,1
2019-10-02T07:05:19.000Z,1
2019-10-02T07:18:39.000Z,1
2019-10-02T07:45:19.000Z,1
2019-10-02T08:00:38.000Z,1
2019-10-02T08:07:26.000Z,1
2019-10-02T08:20:53.000Z,1
2019-10-02T08:21:53.000Z,1
2019-10-02T08:25:49.000Z,1
2019-10-02T08:38:35.000Z,1
2019-10-02T08:46:09.000Z,1
2019-10-02T09:02:11.000Z,1
2019-10-02T10:17:49.000Z,1
2019-10-02T11:04:42.000Z,1
2019-10-02T11:09:59.000Z,1
2019-10-02T11:28:21.000Z,1
2019-10-02T13:15:30.000Z,2
2019-10-02T13:55:20.000Z,1
2019-10-02T14:00:24.000Z,2
2019-10-02T14:45:18.000Z,1
2019-10-02T15:26:10.000Z,1
2019-10-02T15:35:27.000Z,1
2019-10-02T15:40:44.000Z,1
2019-10-02T16:06:18.000Z,1
2019-10-02T16:12:33.000Z,1
2019-10-02T16:17:08.000Z,1
2019-10-02T16:46:54.000Z,1
2019-10-02T17:08:57.000Z,1
2019-10-02T17:11:25.000Z,4
2019-10-02T17:14:24.000Z,2
2019-10-02T17:29:31.000Z,1
2019-10-02T17:39:32.000Z,1
2019-10-02T17:44:48.000Z,1
2019-10-02T17:48:41.000Z,1
2019-10-02T18:20:46.000Z,1
2019-10-02T18:42:05.000Z,1
2019-10-02T19:18:30.000Z,1
2019-10-02T19:33:16.000Z,1
2019-10-02T19:33:49.000Z,1
2019-10-02T20:59:40.000Z,1
2019-10-02T21:18:42.000Z,1
2019-10-02T21:24:43.000Z,1
2019-10-02T21:28:24.000Z,1
2019-10-03T02:25:37.000Z,1
2019-10-03T02:34:00.000Z,1
2019-10-03T02:37:06.000Z,1
2019-10-03T03:58:03.000Z,1
2019-10-03T05:54:26.000Z,1
2019-10-03T05:54:43.000Z,1
2019-10-03T06:49:35.000Z,1
2019-10-03T07:09:11.000Z,1
2019-10-03T07:19:25.000Z,1
2019-10-03T07:23:13.000Z,1
2019-10-03T07:24:54.000Z,1
2019-10-03T07:47:02.000Z,2
2019-10-03T07:49:36.000Z,2
2019-10-03T08:07:07.000Z,4
2019-10-03T08:07:25.000Z,2
2019-10-03T08:18:58.000Z,1
2019-10-03T08:36:09.000Z,1
2019-10-03T08:36:21.000Z,1
2019-10-03T08:40:49.000Z,1
2019-10-03T08:42:15.000Z,1
2019-10-03T09:11:02.000Z,1
2019-10-03T09:24:05.000Z,1
2019-10-03T09:26:32.000Z,1
2019-10-03T09:45:24.000Z,1
2019-10-03T09:50:46.000Z,1
2019-10-03T11:25:49.000Z,1
2019-10-03T11:58:15.000Z,1
2019-10-03T12:21:33.000Z,1
2019-10-03T12:25:58.000Z,1
2019-10-03T13:00:06.000Z,1
2019-10-03T13:01:13.000Z,1
2019-10-03T13:05:51.000Z,1
2019-10-03T13:07:42.000Z,1
2019-10-03T14:56:20.000Z,1
2019-10-03T15:53:11.000Z,1
2019-10-03T15:56:27.000Z,1
2019-10-03T15:58:42.000Z,1
2019-10-03T16:04:26.000Z,1
2019-10-03T16:17:55.000Z,1
2019-10-03T16:28:04.000Z,1
2019-10-03T16:32:22.000Z,1
2019-10-03T16:35:45.000Z,2
2019-10-03T16:38:57.000Z,1
2019-10-03T16:39:20.000Z,1
2019-10-03T16:43:40.000Z,1
2019-10-03T16:58:28.000Z,1
2019-10-03T16:59:54.000Z,1
2019-10-03T17:04:08.000Z,1
2019-10-03T17:05:38.000Z,2
2019-10-03T17:08:39.000Z,1
2019-10-03T17:11:49.000Z,1
2019-10-03T17:16:55.000Z,1
2019-10-03T17:22:48.000Z,1
2019-10-03T17:27:38.000Z,2
2019-10-03T17:37:30.000Z,1
2019-10-03T17:51:07.000Z,1
2019-10-03T18:02:29.000Z,1
2019-10-03T18:03:32.000Z,1
2019-10-03T18:05:55.000Z,2
2019-10-03T18:16:41.000Z,1
2019-10-03T18:24:04.000Z,1
2019-10-03T18:27:14.000Z,1
2019-10-03T18:31:13.000Z,1
2019-10-03T18:32:46.000Z,1
2019-10-03T19:34:15.000Z,1
2019-10-03T19:59:33.000Z,2
2019-10-03T20:15:30.000Z,1
2019-10-03T21:06:59.000Z,1
2019-10-03T21:14:39.000Z,1
2019-10-03T21:46:09.000Z,1
2019-10-03T22:49:43.000Z,1
2019-10-03T22:55:19.000Z,1
2019-10-03T23:53:09.000Z,1
2019-10-04T00:00:33.000Z,1
2019-10-04T00:11:55.000Z,1
2019-10-04T01:13:43.000Z,1
2019-10-04T06:35:39.000Z,1
2019-10-04T06:52:00.000Z,1
2019-10-04T07:04:48.000Z,1
2019-10-04T07:06:29.000Z,1
2019-10-04T07:13:55.000Z,2
2019-10-04T07:17:07.000Z,1
2019-10-04T07:35:03.000Z,1
2019-10-04T07:47:25.000Z,2
2019-10-04T08:17:07.000Z,2
2019-10-04T08:23:03.000Z,1
2019-10-04T08:23:10.000Z,1
2019-10-04T08:23:30.000Z,1
2019-10-04T08:28:56.000Z,2
2019-10-04T08:30:48.000Z,1
2019-10-04T08:37:05.000Z,1
2019-10-04T08:58:26.000Z,1
2019-10-04T10:09:52.000Z,1
2019-10-04T10:16:38.000Z,1
2019-10-04T10:55:53.000Z,1
2019-10-04T11:23:49.000Z,2
2019-10-04T11:24:17.000Z,1
2019-10-04T11:38:07.000Z,1
2019-10-04T12:02:52.000Z,1
2019-10-04T12:14:24.000Z,1
2019-10-04T12:24:23.000Z,1
2019-10-04T12:40:13.000Z,1
2019-10-04T13:45:08.000Z,1
2019-10-04T13:47:31.000Z,1
2019-10-04T14:02:14.000Z,1
2019-10-04T14:19:08.000Z,1
2019-10-04T14:31:14.000Z,1
2019-10-04T14:47:38.000Z,1
2019-10-04T14:57:28.000Z,1
2019-10-04T15:13:38.000Z,1
2019-10-04T15:21:44.000Z,1
2019-10-04T15:31:46.000Z,1
2019-10-04T15:33:53.000Z,1
2019-10-04T16:05:19.000Z,1
2019-10-04T16:12:47.000Z,1
2019-10-04T16:14:38.000Z,1
2019-10-04T16:18:26.000Z,1
2019-10-04T16:32:21.000Z,1
2019-10-04T16:45:56.000Z,1
2019-10-04T16:50:31.000Z,3
2019-10-04T17:09:30.000Z,3
2019-10-04T17:13:58.000Z,1
2019-10-04T17:15:53.000Z,1
2019-10-04T17:16:22.000Z,2
2019-10-04T17:20:46.000Z,2
2019-10-04T17:28:56.000Z,1
2019-10-04T17:28:57.000Z,2
2019-10-04T17:35:43.000Z,2
2019-10-04T17:42:55.000Z,2
2019-10-04T17:43:34.000Z,4
2019-10-04T17:44:01.000Z,1
2019-10-04T17:47:09.000Z,1
2019-10-04T17:48:00.000Z,1
2019-10-04T17:55:04.000Z,1
2019-10-04T18:05:34.000Z,1
2019-10-04T18:05:54.000Z,1
2019-10-04T18:08:16.000Z,1
2019-10-04T18:15:46.000Z,1
2019-10-04T18:16:15.000Z,1
2019-10-04T18:19:59.000Z,1
2019-10-04T18:25:44.000Z,1
2019-10-04T18:28:46.000Z,1
2019-10-04T18:33:39.000Z,1
2019-10-04T18:37:50.000Z,1
2019-10-04T18:41:39.000Z,2
2019-10-04T18:42:57.000Z,1
2019-10-04T18:52:09.000Z,1
2019-10-04T18:58:37.000Z,1
2019-10-04T19:17:59.000Z,1
2019-10-04T20:51:02.000Z,1
2019-10-04T20:58:31.000Z,1
2019-10-04T21:15:35.000Z,1
2019-10-04T22:38:46.000Z,1
2019-10-04T22:43:07.000Z,1
2019-10-05T03:35:15.000Z,1
2019-10-05T04:51:20.000Z,1
2019-10-05T08:23:16.000Z,2
2019-10-05T09:00:58.000Z,1
2019-10-05T09:13:08.000Z,1
2019-10-05T09:23:04.000Z,1
2019-10-05T09:26:09.000Z,1
2019-10-05T09:43:38.000Z,1
2019-10-05T09:48:13.000Z,1
2019-10-05T10:32:08.000Z,1
2019-10-01T00:38:02.000Z,1
2019-10-01T05:48:19.000Z,1
2019-10-01T06:32:15.000Z,1
2019-10-01T06:34:15.000Z,1
2019-10-01T07:07:23.000Z,1
2019-10-01T07:29:35.000Z,1
2019-10-01T07:37:51.000Z,1
2019-10-01T07:46:25.000Z,2
2019-10-01T07:50:00.000Z,1
2019-10-01T07:51:39.000Z,1
2019-10-01T08:00:15.000Z,1
2019-10-01T08:03:15.000Z,1
2019-10-01T08:11:11.000Z,1
2019-10-01T08:32:02.000Z,1
2019-10-01T08:39:05.000Z,1
2019-10-01T09:07:02.000Z,2
2019-10-01T09:15:48.000Z,1
2019-10-01T10:52:00.000Z,1
2019-10-01T12:07:08.000Z,2
2019-10-01T12:11:25.000Z,1
2019-10-01T16:19:15.000Z,1
2019-10-01T16:39:09.000Z,1
2019-10-01T07:44:48.000Z,1
2019-10-01T07:49:58.000Z,1
2019-10-01T08:44:50.000Z,1
2019-10-01T10:11:07.000Z,1
2019-10-01T11:20:05.000Z,1
2019-10-01T11:49:34.000Z,1
2019-10-01T12:18:31.000Z,1
2019-10-01T12:45:27.000Z,1
2019-10-01T12:54:20.000Z,3
2019-10-01T12:59:21.000Z,1
2019-10-01T13:45:22.000Z,1
2019-10-01T13:59:29.000Z,1
2019-10-01T14:27:58.000Z,1
2019-10-01T14:39:48.000Z,1
2019-10-01T14:57:01.000Z,1
2019-10-01T15:32:20.000Z,1
2019-10-01T15:33:16.000Z,1
2019-10-01T15:41:57.000Z,1
2019-10-01T15:46:48.000Z,1
2019-10-01T16:04:48.000Z,2
2019-10-01T16:10:44.000Z,1
2019-10-01T16:15:33.000Z,1
2019-10-01T16:20:05.000Z,1
2019-10-01T16:28:51.000Z,1
2019-10-01T16:34:20.000Z,1
2019-10-01T16:35:27.000Z,2
2019-10-01T16:40:52.000Z,2
2019-10-01T16:40:59.000Z,2
2019-10-01T16:42:32.000Z,2
2019-10-01T16:55:10.000Z,1
2019-10-01T17:02:58.000Z,1
2019-10-01T17:04:33.000Z,2
2019-10-01T17:12:05.000Z,3
2019-10-01T17:14:48.000Z,1
2019-10-01T17:44:40.000Z,1
2019-10-01T17:46:35.000Z,1
2019-10-01T17:57:19.000Z,1
2019-10-01T17:58:50.000Z,2
2019-10-01T17:59:35.000Z,1
2019-10-01T18:05:12.000Z,1
2019-10-01T18:08:58.000Z,1
2019-10-01T18:10:37.000Z,1
2019-10-01T18:10:58.000Z,1
2019-10-01T18:11:35.000Z,1
2019-10-01T18:14:25.000Z,1
2019-10-01T18:21:08.000Z,1
2019-10-01T18:22:37.000Z,1
2019-10-01T18:29:43.000Z,1
2019-10-01T18:45:26.000Z,2
2019-10-01T18:45:51.000Z,1
2019-10-01T18:56:16.000Z,1
2019-10-01T19:06:41.000Z,1
2019-10-01T19:26:16.000Z,2
2019-10-01T19:28:57.000Z,1
2019-10-01T19:42:03.000Z,1
2019-10-01T19:48:27.000Z,3
2019-10-01T19:52:16.000Z,1
2019-10-01T20:58:14.000Z,1
2019-10-01T21:26:30.000Z,1
2019-10-01T21:52:52.000Z,2
2019-10-01T22:11:13.000Z,1
2019-10-01T22:24:31.000Z,1
2019-10-01T22:35:10.000Z,1
2019-10-01T23:00:07.000Z,1
2019-10-02T00:06:47.000Z,1
2019-10-02T06:38:50.000Z,1
2019-10-02T07:07:00.000Z,2
2019-10-02T07:26:42.000Z,1
2019-10-02T08:39:50.000Z,1
2019-10-02T08:47:27.000Z,1
2019-10-02T09:00:12.000Z,1
2019-10-02T09:19:47.000Z,1
2019-10-02T09:28:47.000Z,1
2019-10-02T10:41:12.000Z,1
2019-10-02T11:00:31.000Z,1
2019-10-02T12:19:29.000Z,1
2019-10-02T13:01:09.000Z,1
2019-10-02T13:17:27.000Z,1
2019-10-02T13:54:53.000Z,1
2019-10-02T14:03:26.000Z,1
2019-10-02T14:09:50.000Z,1
2019-10-02T14:58:47.000Z,1
2019-10-02T15:03:27.000Z,1
2019-10-02T15:14:00.000Z,1
2019-10-02T15:35:04.000Z,1
2019-10-02T16:04:22.000Z,1
2019-10-02T16:10:38.000Z,2
2019-10-02T16:13:00.000Z,1
2019-10-02T16:45:28.000Z,1
2019-10-02T16:50:22.000Z,1
2019-10-02T17:01:41.000Z,1
2019-10-02T17:11:29.000Z,1
2019-10-02T17:16:31.000Z,1
2019-10-02T17:16:37.000Z,3
2019-10-02T17:21:33.000Z,1
2019-10-02T17:23:38.000Z,1
2019-10-02T18:26:36.000Z,1
2019-10-02T18:34:36.000Z,1
2019-10-02T18:52:47.000Z,1
2019-10-02T19:03:25.000Z,1
2019-10-02T19:36:21.000Z,1
2019-10-02T19:56:31.000Z,1
2019-10-02T20:40:30.000Z,1
2019-10-02T21:50:27.000Z,1
2019-10-02T22:14:14.000Z,1
2019-10-02T22:36:03.000Z,1
2019-10-02T22:54:26.000Z,1
2019-10-03T05:48:16.000Z,1
2019-10-03T06:05:03.000Z,1
2019-10-03T07:27:34.000Z,2
2019-10-03T07:28:16.000Z,1
2019-10-03T07:38:39.000Z,1
2019-10-03T07:42:56.000Z,1
2019-10-03T07:50:59.000Z,1
2019-10-03T07:58:39.000Z,2
2019-10-03T08:03:27.000Z,1
2019-10-03T08:09:55.000Z,2
2019-10-03T08:11:20.000Z,1
2019-10-03T08:38:52.000Z,1
2019-10-03T08:43:45.000Z,1
2019-10-03T08:44:26.000Z,1
2019-10-03T08:55:27.000Z,1
2019-10-03T09:14:47.000Z,2
2019-10-03T11:25:54.000Z,2
2019-10-03T11:43:15.000Z,1
2019-10-03T12:08:13.000Z,1
2019-10-03T12:42:09.000Z,1
2019-10-03T12:44:18.000Z,1
2019-10-03T13:00:05.000Z,1
2019-10-03T13:13:46.000Z,2
2019-10-03T13:34:14.000Z,1
2019-10-03T13:36:49.000Z,1
2019-10-03T14:05:41.000Z,1
2019-10-03T14:10:25.000Z,1
2019-10-03T14:26:33.000Z,1
2019-10-03T14:57:21.000Z,1
2019-10-03T15:21:25.000Z,1
2019-10-03T15:32:07.000Z,1
2019-10-03T15:49:41.000Z,1
2019-10-03T16:06:44.000Z,1
2019-10-03T16:15:24.000Z,1
2019-10-03T16:16:23.000Z,1
2019-10-03T16:24:37.000Z,1
2019-10-03T16:30:53.000Z,1
2019-10-03T16:35:00.000Z,1
2019-10-03T16:41:54.000Z,1
2019-10-03T16:46:40.000Z,1
2019-10-03T16:52:17.000Z,1
2019-10-03T16:55:25.000Z,1
2019-10-03T16:58:31.000Z,1
2019-10-03T17:07:15.000Z,1
2019-10-03T17:10:03.000Z,1
2019-10-03T17:10:15.000Z,1
2019-10-03T17:19:17.000Z,1
2019-10-03T17:23:33.000Z,2
2019-10-03T17:31:30.000Z,1
2019-10-03T17:35:44.000Z,2
2019-10-03T17:47:37.000Z,1
2019-10-03T17:52:25.000Z,1
2019-10-03T17:54:07.000Z,1
2019-10-03T18:03:48.000Z,1
2019-10-03T18:05:56.000Z,1
2019-10-03T18:14:53.000Z,1
2019-10-03T18:22:52.000Z,1
2019-10-03T18:44:58.000Z,1
2019-10-03T18:54:57.000Z,1
2019-10-03T18:55:57.000Z,1
2019-10-03T18:58:39.000Z,2
2019-10-03T19:08:39.000Z,1
2019-10-03T19:13:57.000Z,1
2019-10-03T19:30:35.000Z,1
2019-10-03T19:52:45.000Z,2
2019-10-03T21:47:34.000Z,1
2019-10-03T22:35:05.000Z,1
2019-10-04T05:44:32.000Z,1
2019-10-04T07:14:42.000Z,1
2019-10-04T07:32:50.000Z,1
2019-10-04T07:33:25.000Z,3
2019-10-04T07:35:29.000Z,1
2019-10-04T07:35:48.000Z,2
2019-10-04T07:42:52.000Z,1
2019-10-04T07:44:26.000Z,1
2019-10-04T07:49:16.000Z,1
2019-10-04T07:52:40.000Z,1
2019-10-04T08:15:53.000Z,1
2019-10-04T08:18:10.000Z,1
2019-10-04T08:19:06.000Z,1
2019-10-04T08:27:21.000Z,1
2019-10-04T08:45:11.000Z,2
2019-10-04T09:07:27.000Z,1
2019-10-04T09:07:54.000Z,1
2019-10-04T09:46:05.000Z,1
2019-10-04T10:19:03.000Z,1
2019-10-04T10:57:28.000Z,1
2019-10-04T11:07:14.000Z,1
2019-10-04T11:26:22.000Z,1
2019-10-04T11:40:15.000Z,1
2019-10-04T11:44:26.000Z,1
2019-10-04T11:55:32.000Z,1
2019-10-04T11:55:34.000Z,1
2019-10-04T12:07:46.000Z,1
2019-10-04T12:23:05.000Z,2
2019-10-04T12:42:49.000Z,1
2019-10-04T12:55:37.000Z,2
2019-10-04T13:34:27.000Z,1
2019-10-04T13:43:54.000Z,1
2019-10-04T14:07:28.000Z,1
2019-10-04T14:11:18.000Z,1
2019-10-04T14:11:34.000Z,1
2019-10-04T14:12:43.000Z,1
2019-10-04T14:18:00.000Z,1
2019-10-04T14:58:19.000Z,1
2019-10-04T15:22:50.000Z,1
2019-10-04T15:38:09.000Z,1
2019-10-04T15:40:07.000Z,1
2019-10-04T15:58:39.000Z,1
2019-10-04T16:01:34.000Z,1
2019-10-04T16:04:20.000Z,2
2019-10-04T16:16:47.000Z,1
2019-10-04T16:25:57.000Z,1
2019-10-04T17:00:49.000Z,2
2019-10-04T17:10:57.000Z,1
2019-10-04T17:17:08.000Z,1
2019-10-04T17:19:09.000Z,1
2019-10-04T17:22:47.000Z,1
2019-10-04T17:28:15.000Z,1
2019-10-04T17:28:29.000Z,1
2019-10-04T17:37:32.000Z,2
2019-10-04T17:38:49.000Z,1
2019-10-04T17:42:29.000Z,1
2019-10-04T17:45:16.000Z,1
2019-10-04T17:52:16.000Z,1
2019-10-04T17:56:52.000Z,2
2019-10-04T18:00:07.000Z,2
2019-10-04T18:21:04.000Z,1
2019-10-04T18:47:14.000Z,2
2019-10-04T18:59:32.000Z,1
2019-10-04T20:31:21.000Z,2
2019-10-04T20:47:18.000Z,1
2019-10-05T00:23:26.000Z,1
2019-10-05T00:38:21.000Z,1
2019-10-05T01:42:05.000Z,1
2019-10-05T04:52:51.000Z,1
2019-10-05T08:29:23.000Z,1
2019-10-05T08:42:31.000Z,1
2019-10-05T08:44:36.000Z,1
2019-10-05T08:46:46.000Z,1
2019-10-05T09:51:59.000Z,1
2019-10-05T10:06:46.000Z,1
2019-10-05T10:12:33.000Z,1
2019-10-05T10:35:42.000Z,1
2019-10-01T00:39:02.000Z,1
2019-10-01T06:13:54.000Z,1
2019-10-01T06:14:35.000Z,1
2019-10-01T06:35:01.000Z,1
2019-10-01T06:35:41.000Z,1
2019-10-01T06:37:05.000Z,1
2019-10-01T06:42:51.000Z,1
2019-10-01T06:54:51.000Z,1
2019-10-01T07:11:03.000Z,1
2019-10-01T07:13:01.000Z,1
2019-10-01T07:17:32.000Z,1
2019-10-01T07:55:00.000Z,2
2019-10-01T08:27:00.000Z,1
2019-10-01T08:28:17.000Z,1
2019-10-01T08:32:44.000Z,1
2019-10-01T08:32:49.000Z,1
2019-10-01T08:56:36.000Z,1
2019-10-01T09:40:16.000Z,1
2019-10-01T09:59:44.000Z,1
2019-10-01T10:09:48.000Z,1
2019-10-01T12:49:23.000Z,1
2019-10-01T14:06:11.000Z,1
2019-10-01T15:01:23.000Z,1
2019-10-01T17:06:08.000Z,1
2019-10-01T07:54:51.000Z,1
2019-10-01T07:59:05.000Z,1
2019-10-01T09:28:13.000Z,1
2019-10-01T11:09:01.000Z,1
2019-10-01T11:58:26.000Z,1
2019-10-01T12:54:11.000Z,1
2019-10-01T13:13:24.000Z,1
2019-10-01T13:20:08.000Z,1
2019-10-01T13:37:05.000Z,1
2019-10-01T13:50:03.000Z,1
2019-10-01T14:15:26.000Z,1
2019-10-01T14:31:56.000Z,1
2019-10-01T14:57:47.000Z,1
2019-10-01T15:27:18.000Z,1
2019-10-01T15:56:29.000Z,4
2019-10-01T15:57:33.000Z,1
2019-10-01T16:01:19.000Z,1
2019-10-01T16:18:24.000Z,1
2019-10-01T16:19:02.000Z,1
2019-10-01T16:30:12.000Z,1
2019-10-01T17:02:56.000Z,2
2019-10-01T17:08:58.000Z,1
2019-10-01T17:20:27.000Z,2
2019-10-01T17:20:35.000Z,4
2019-10-01T17:22:07.000Z,1
2019-10-01T17:23:33.000Z,1
2019-10-01T17:23:45.000Z,1
2019-10-01T17:34:25.000Z,2
2019-10-01T17:41:49.000Z,1
2019-10-01T17:42:38.000Z,1
2019-10-01T17:42:49.000Z,1
2019-10-01T17:48:40.000Z,1
2019-10-01T17:57:34.000Z,1
2019-10-01T18:06:50.000Z,1
2019-10-01T18:10:49.000Z,1
2019-10-01T18:13:24.000Z,1
2019-10-01T18:17:02.000Z,1
2019-10-01T18:29:28.000Z,1
2019-10-01T18:31:40.000Z,1
2019-10-01T18:46:43.000Z,1
2019-10-01T19:24:52.000Z,2
2019-10-01T19:37:23.000Z,1
2019-10-01T19:49:14.000Z,1
2019-10-01T20:07:26.000Z,2
2019-10-01T23:00:58.000Z,1
2019-10-01T23:45:09.000Z,1
2019-10-02T00:18:04.000Z,1
2019-10-02T00:39:16.000Z,1
2019-10-02T01:47:42.000Z,1
2019-10-02T06:05:22.000Z,2
2019-10-02T06:15:32.000Z,1
2019-10-02T07:19:09.000Z,1
2019-10-02T07:31:03.000Z,1
2019-10-02T07:48:39.000Z,1
2019-10-02T07:54:07.000Z,1
2019-10-02T09:05:22.000Z,1
2019-10-02T09:09:58.000Z,1
2019-10-02T09:40:02.000Z,1
2019-10-02T11:47:11.000Z,1
2019-10-02T11:52:50.000Z,1
2019-10-02T13:54:10.000Z,1
2019-10-02T14:10:38.000Z,1
2019-10-02T14:26:54.000Z,1
2019-10-02T14:46:59.000Z,1
2019-10-02T14:47:27.000Z,1
2019-10-02T16:05:50.000Z,1
2019-10-02T16:34:17.000Z,1
2019-10-02T16:43:30.000Z,1
2019-10-02T16:47:20.000Z,1
2019-10-02T16:51:21.000Z,1
2019-10-02T16:52:30.000Z,1
2019-10-02T16:54:22.000Z,1
2019-10-02T17:11:08.000Z,3
2019-10-02T17:16:23.000Z,2
2019-10-02T17:17:17.000Z,1
2019-10-02T17:19:10.000Z,1
2019-10-02T17:23:18.000Z,2
2019-10-02T17:30:40.000Z,1
2019-10-02T17:33:02.000Z,1
2019-10-02T17:39:55.000Z,1
2019-10-02T17:40:09.000Z,1
2019-10-02T17:40:33.000Z,1
2019-10-02T18:18:54.000Z,1
2019-10-02T19:20:59.000Z,1
2019-10-02T19:21:54.000Z,1
2019-10-02T19:35:42.000Z,1
2019-10-02T19:42:08.000Z,1
2019-10-02T19:50:27.000Z,1
2019-10-02T20:05:19.000Z,1
2019-10-02T20:09:06.000Z,1
2019-10-02T20:09:39.000Z,1
2019-10-02T20:45:04.000Z,1
2019-10-02T21:03:23.000Z,1
2019-10-02T21:13:16.000Z,1
2019-10-02T22:09:38.000Z,1
2019-10-02T23:59:13.000Z,1
2019-10-03T05:58:54.000Z,1
2019-10-03T07:12:04.000Z,1
2019-10-03T07:23:00.000Z,1
2019-10-03T07:26:17.000Z,1
2019-10-03T07:26:43.000Z,1
2019-10-03T07:55:31.000Z,1
2019-10-03T07:56:28.000Z,1
2019-10-03T08:10:14.000Z,1
2019-10-03T08:20:34.000Z,1
2019-10-03T08:36:24.000Z,1
2019-10-03T08:46:08.000Z,1
2019-10-03T08:49:26.000Z,1
2019-10-03T08:55:32.000Z,1
2019-10-03T08:56:10.000Z,1
2019-10-03T08:56:31.000Z,1
2019-10-03T08:57:46.000Z,1
2019-10-03T09:07:32.000Z,2
2019-10-03T09:25:26.000Z,1
2019-10-03T09:39:31.000Z,1
2019-10-03T09:54:31.000Z,1
2019-10-03T10:15:17.000Z,1
2019-10-03T10:20:04.000Z,1
2019-10-03T12:34:58.000Z,2
2019-10-03T12:36:57.000Z,1
2019-10-03T12:47:43.000Z,1
2019-10-03T13:02:01.000Z,1
2019-10-03T13:46:55.000Z,1
2019-10-03T14:27:16.000Z,1
2019-10-03T14:33:19.000Z,1
2019-10-03T14:59:13.000Z,1
2019-10-03T15:21:50.000Z,1
2019-10-03T15:38:56.000Z,1
2019-10-03T15:53:21.000Z,1
2019-10-03T16:02:15.000Z,1
2019-10-03T16:13:49.000Z,1
2019-10-03T16:46:02.000Z,1
2019-10-03T17:11:13.000Z,1
2019-10-03T17:31:08.000Z,1
2019-10-03T17:34:29.000Z,1
2019-10-03T17:45:25.000Z,1
2019-10-03T17:51:59.000Z,1
2019-10-03T18:24:07.000Z,1
2019-10-03T18:33:16.000Z,1
2019-10-03T18:33:58.000Z,1
2019-10-03T18:47:45.000Z,1
2019-10-03T19:13:03.000Z,1
2019-10-03T19:40:30.000Z,1
2019-10-03T20:34:53.000Z,1
2019-10-03T20:42:44.000Z,1
2019-10-03T21:17:37.000Z,1
2019-10-03T21:28:55.000Z,1
2019-10-03T21:46:06.000Z,1
2019-10-03T21:51:35.000Z,2
2019-10-03T22:04:13.000Z,1
2019-10-04T00:21:28.000Z,1
2019-10-04T06:26:53.000Z,1
2019-10-04T06:32:49.000Z,1
2019-10-04T06:48:20.000Z,1
2019-10-04T06:58:00.000Z,1
2019-10-04T07:01:45.000Z,1
2019-10-04T07:16:50.000Z,1
2019-10-04T07:23:44.000Z,1
2019-10-04T07:54:06.000Z,1
2019-10-04T07:55:19.000Z,1
2019-10-04T07:57:56.000Z,2
2019-10-04T08:02:00.000Z,2
2019-10-04T08:26:07.000Z,1
2019-10-04T08:28:10.000Z,1
2019-10-04T08:31:31.000Z,1
2019-10-04T08:36:23.000Z,1
2019-10-04T08:45:01.000Z,2
2019-10-04T09:21:25.000Z,1
2019-10-04T09:33:29.000Z,1
2019-10-04T09:58:59.000Z,2
2019-10-04T10:01:06.000Z,1
2019-10-04T10:04:43.000Z,1
2019-10-04T10:32:29.000Z,1
2019-10-04T10:42:51.000Z,1
2019-10-04T12:09:46.000Z,2
2019-10-04T12:12:59.000Z,1
2019-10-04T12:28:55.000Z,1
2019-10-04T12:35:13.000Z,1
2019-10-04T12:45:15.000Z,2
2019-10-04T12:55:26.000Z,1
2019-10-04T14:05:00.000Z,1
2019-10-04T14:05:30.000Z,1
2019-10-04T14:17:36.000Z,1
2019-10-04T15:29:18.000Z,1
2019-10-04T15:40:49.000Z,1
2019-10-04T15:44:00.000Z,1
2019-10-04T15:44:03.000Z,1
2019-10-04T16:06:35.000Z,2
2019-10-04T16:12:49.000Z,1
2019-10-04T16:48:34.000Z,2
2019-10-04T17:07:18.000Z,1
2019-10-04T17:16:00.000Z,2
2019-10-04T17:22:34.000Z,2
2019-10-04T17:32:04.000Z,1
2019-10-04T17:34:01.000Z,2
2019-10-04T17:37:10.000Z,1
2019-10-04T17:42:07.000Z,2
2019-10-04T18:11:17.000Z,1
2019-10-04T18:26:20.000Z,1
2019-10-04T18:26:21.000Z,1
2019-10-04T18:39:04.000Z,1
2019-10-04T18:44:26.000Z,1
2019-10-04T19:04:02.000Z,1
2019-10-04T19:12:44.000Z,1
2019-10-04T19:24:06.000Z,1
2019-10-04T19:33:29.000Z,1
2019-10-04T19:43:39.000Z,1
2019-10-04T20:30:24.000Z,1
2019-10-04T20:47:06.000Z,1
2019-10-04T21:21:09.000Z,1
2019-10-04T21:45:39.000Z,1
2019-10-04T21:46:25.000Z,1
2019-10-04T22:30:07.000Z,1
2019-10-05T03:12:00.000Z,1
2019-10-05T07:38:47.000Z,1
2019-10-05T08:15:15.000Z,1
2019-10-05T09:15:11.000Z,1
2019-10-05T09:38:51.000Z,1
2019-10-05T09:45:31.000Z,1
2019-10-05T10:08:00.000Z,1
2019-10-05T10:18:22.000Z,1
2019-10-05T10:38:03.000Z,1
2019-10-01T00:08:40.000Z,1
2019-10-01T00:36:42.000Z,1
2019-10-01T04:03:56.000Z,1
2019-10-01T06:17:07.000Z,1
2019-10-01T06:24:12.000Z,1
2019-10-01T06:49:19.000Z,1
2019-10-01T06:58:55.000Z,1
2019-10-01T07:13:29.000Z,1
2019-10-01T07:36:17.000Z,1
2019-10-01T07:37:10.000Z,1
2019-10-01T07:40:27.000Z,1
2019-10-01T07:48:26.000Z,1
2019-10-01T07:51:04.000Z,1
2019-10-01T08:09:06.000Z,1
2019-10-01T08:11:50.000Z,1
2019-10-01T08:54:28.000Z,1
2019-10-01T09:43:13.000Z,1
2019-10-01T10:35:48.000Z,1
2019-10-01T10:55:36.000Z,2
2019-10-01T11:11:47.000Z,1
2019-10-01T11:53:41.000Z,1
2019-10-01T12:38:24.000Z,1
2019-10-01T15:25:37.000Z,1
2019-10-01T08:10:43.000Z,1
2019-10-01T08:25:23.000Z,3
2019-10-01T08:51:41.000Z,2
2019-10-01T09:03:00.000Z,1
2019-10-01T09:47:36.000Z,1
2019-10-01T10:09:04.000Z,1
2019-10-01T10:25:33.000Z,1
2019-10-01T10:30:41.000Z,1
2019-10-01T10:52:24.000Z,1
2019-10-01T11:19:08.000Z,1
2019-10-01T11:38:31.000Z,1
2019-10-01T13:37:47.000Z,1
2019-10-01T14:08:36.000Z,1
2019-10-01T14:34:32.000Z,1
2019-10-01T14:56:35.000Z,1
2019-10-01T15:05:29.000Z,1
2019-10-01T15:08:06.000Z,1
2019-10-01T15:41:19.000Z,1
2019-10-01T15:54:10.000Z,1
2019-10-01T16:03:58.000Z,1
2019-10-01T16:11:13.000Z,1
2019-10-01T16:13:47.000Z,1
2019-10-01T16:16:07.000Z,1
2019-10-01T16:22:42.000Z,2
2019-10-01T16:23:21.000Z,1
2019-10-01T16:31:44.000Z,1
2019-10-01T16:46:34.000Z,1
2019-10-01T16:46:37.000Z,1
2019-10-01T16:55:51.000Z,2
2019-10-01T17:05:11.000Z,1
2019-10-01T17:18:28.000Z,2
2019-10-01T17:21:44.000Z,1
2019-10-01T17:23:16.000Z,3
2019-10-01T17:33:47.000Z,1
2019-10-01T17:38:22.000Z,1
2019-10-01T17:42:43.000Z,4
2019-10-01T17:44:42.000Z,1
2019-10-01T17:45:39.000Z,2
2019-10-01T17:45:54.000Z,1
2019-10-01T18:00:20.000Z,2
2019-10-01T18:05:30.000Z,1
2019-10-01T18:09:54.000Z,1
2019-10-01T18:16:09.000Z,1
2019-10-01T18:21:26.000Z,1
2019-10-01T18:26:22.000Z,1
2019-10-01T18:32:58.000Z,2
2019-10-01T18:33:26.000Z,1
2019-10-01T18:35:27.000Z,2
2019-10-01T18:36:11.000Z,1
2019-10-01T18:38:08.000Z,2
2019-10-01T18:57:17.000Z,1
2019-10-01T18:59:50.000Z,2
2019-10-01T19:03:39.000Z,1
2019-10-01T19:09:16.000Z,1
2019-10-01T19:22:17.000Z,1
2019-10-01T19:34:04.000Z,1
2019-10-01T19:37:22.000Z,1
2019-10-01T19:39:48.000Z,1
2019-10-01T19:43:45.000Z,1
2019-10-01T19:59:00.000Z,1
2019-10-01T20:09:55.000Z,1
2019-10-01T20:22:11.000Z,1
2019-10-01T21:43:48.000Z,1
2019-10-01T23:18:13.000Z,2
2019-10-02T05:24:06.000Z,1
2019-10-02T05:26:05.000Z,1
2019-10-02T05:42:48.000Z,1
2019-10-02T06:29:58.000Z,1
2019-10-02T07:24:26.000Z,1
2019-10-02T07:47:02.000Z,2
2019-10-02T08:07:41.000Z,1
2019-10-02T08:49:52.000Z,1
2019-10-02T10:56:10.000Z,1
2019-10-02T11:12:08.000Z,1
2019-10-02T11:44:07.000Z,2
2019-10-02T12:34:57.000Z,1
2019-10-02T13:17:18.000Z,1
2019-10-02T13:43:22.000Z,1
2019-10-02T14:08:35.000Z,1
2019-10-02T14:09:08.000Z,1
2019-10-02T14:53:19.000Z,1
2019-10-02T15:02:01.000Z,1
2019-10-02T15:33:05.000Z,1
2019-10-02T15:36:48.000Z,1
2019-10-02T16:02:18.000Z,1
2019-10-02T16:17:21.000Z,1
2019-10-02T16:29:16.000Z,1
2019-10-02T16:35:48.000Z,1
2019-10-02T17:06:40.000Z,1
2019-10-02T17:09:55.000Z,1
2019-10-02T17:15:04.000Z,1
2019-10-02T17:31:39.000Z,1
2019-10-02T17:44:38.000Z,2
2019-10-02T18:09:23.000Z,1
2019-10-02T18:15:29.000Z,1
2019-10-02T18:37:10.000Z,1
2019-10-02T19:05:19.000Z,1
2019-10-02T19:15:08.000Z,1
2019-10-02T19:45:28.000Z,1
2019-10-02T21:11:41.000Z,1
2019-10-02T21:26:53.000Z,1
2019-10-03T04:13:28.000Z,1
2019-10-03T05:34:52.000Z,1
2019-10-03T06:40:09.000Z,1
2019-10-03T07:08:34.000Z,1
2019-10-03T07:11:12.000Z,2
2019-10-03T07:13:38.000Z,1
2019-10-03T07:38:17.000Z,2
2019-10-03T07:41:17.000Z,1
2019-10-03T07:46:57.000Z,1
2019-10-03T07:51:59.000Z,1
2019-10-03T08:17:10.000Z,1
2019-10-03T08:25:44.000Z,1
2019-10-03T08:26:37.000Z,1
2019-10-03T08:31:02.000Z,1
2019-10-03T08:51:05.000Z,1
2019-10-03T08:54:18.000Z,1
2019-10-03T09:46:21.000Z,1
2019-10-03T10:03:27.000Z,1
2019-10-03T10:15:01.000Z,1
2019-10-03T10:40:19.000Z,2
2019-10-03T11:08:23.000Z,1
2019-10-03T12:10:51.000Z,1
2019-10-03T12:12:38.000Z,1
2019-10-03T12:26:25.000Z,2
2019-10-03T12:45:46.000Z,1
2019-10-03T13:57:19.000Z,1
2019-10-03T14:16:53.000Z,1
2019-10-03T14:45:18.000Z,1
2019-10-03T14:49:50.000Z,1
2019-10-03T15:08:07.000Z,1
2019-10-03T15:26:57.000Z,1
2019-10-03T15:51:28.000Z,1
2019-10-03T15:54:53.000Z,1
2019-10-03T16:01:45.000Z,1
2019-10-03T16:26:03.000Z,1
2019-10-03T16:35:16.000Z,1
2019-10-03T16:53:09.000Z,1
2019-10-03T17:10:08.000Z,1
2019-10-03T17:20:13.000Z,2
2019-10-03T17:30:30.000Z,2
2019-10-03T17:33:30.000Z,1
2019-10-03T17:46:10.000Z,1
2019-10-03T18:03:24.000Z,2
2019-10-03T18:13:47.000Z,1
2019-10-03T18:23:29.000Z,1
2019-10-03T18:25:43.000Z,1
2019-10-03T18:26:20.000Z,1
2019-10-03T18:28:24.000Z,1
2019-10-03T18:37:41.000Z,1
2019-10-03T18:38:07.000Z,1
2019-10-03T18:39:10.000Z,1
2019-10-03T18:46:19.000Z,2
2019-10-03T18:55:51.000Z,1
2019-10-03T19:00:58.000Z,2
2019-10-03T22:21:01.000Z,1
2019-10-03T22:28:31.000Z,1
2019-10-03T23:33:50.000Z,1
2019-10-03T23:44:21.000Z,1
2019-10-04T06:05:50.000Z,1
2019-10-04T06:51:29.000Z,1
2019-10-04T07:11:19.000Z,1
2019-10-04T07:45:31.000Z,1
2019-10-04T07:52:44.000Z,1
2019-10-04T07:59:24.000Z,1
2019-10-04T08:00:40.000Z,1
2019-10-04T08:37:44.000Z,1
2019-10-04T08:44:22.000Z,2
2019-10-04T08:52:56.000Z,1
2019-10-04T08:53:50.000Z,1
2019-10-04T09:15:20.000Z,1
2019-10-04T09:35:56.000Z,1
2019-10-04T10:14:53.000Z,1
2019-10-04T10:45:34.000Z,2
2019-10-04T10:50:50.000Z,1
2019-10-04T11:33:45.000Z,1
2019-10-04T11:47:25.000Z,1
2019-10-04T12:02:07.000Z,1
2019-10-04T12:24:17.000Z,1
2019-10-04T12:34:43.000Z,1
2019-10-04T12:41:16.000Z,1
2019-10-04T13:10:07.000Z,1
2019-10-04T13:18:26.000Z,1
2019-10-04T13:31:30.000Z,1
2019-10-04T14:10:45.000Z,1
2019-10-04T14:21:55.000Z,1
2019-10-04T14:31:06.000Z,1
2019-10-04T15:11:11.000Z,2
2019-10-04T15:25:32.000Z,1
2019-10-04T15:28:41.000Z,1
2019-10-04T15:42:19.000Z,1
2019-10-04T15:50:38.000Z,1
2019-10-04T15:59:59.000Z,1
2019-10-04T16:17:12.000Z,1
2019-10-04T16:31:34.000Z,1
2019-10-04T16:41:09.000Z,1
2019-10-04T16:46:06.000Z,2
2019-10-04T16:59:56.000Z,1
2019-10-04T17:27:26.000Z,1
2019-10-04T17:31:34.000Z,1
2019-10-04T17:37:56.000Z,1
2019-10-04T17:38:50.000Z,1
2019-10-04T17:42:13.000Z,1
2019-10-04T18:02:12.000Z,1
2019-10-04T18:11:24.000Z,1
2019-10-04T18:16:29.000Z,1
2019-10-04T18:40:44.000Z,1
2019-10-04T18:43:47.000Z,1
2019-10-04T18:45:00.000Z,1
2019-10-04T18:46:25.000Z,1
2019-10-04T18:59:46.000Z,1
2019-10-04T19:38:30.000Z,1
2019-10-04T19:47:49.000Z,1
2019-10-04T19:55:10.000Z,1
2019-10-04T20:01:49.000Z,1
2019-10-04T20:26:43.000Z,1
2019-10-04T20:53:22.000Z,1
2019-10-04T21:00:05.000Z,1
2019-10-04T21:02:32.000Z,1
2019-10-04T21:52:26.000Z,1
2019-10-05T00:17:12.000Z,1
2019-10-05T02:09:32.000Z,1
2019-10-05T02:20:28.000Z,1
2019-10-05T06:51:35.000Z,1
2019-10-05T07:26:29.000Z,1
2019-10-05T07:51:15.000Z,1
2019-10-05T07:51:26.000Z,1
2019-10-05T08:04:28.000Z,1
2019-10-05T09:59:19.000Z,1
2019-10-05T10:06:32.000Z,1
2019-10-05T10:32:23.000Z,1
2019-10-01T00:01:39.000Z,1
2019-10-01T02:57:12.000Z,1
2019-10-01T05:04:43.000Z,1
2019-10-01T05:50:11.000Z,1
2019-10-01T06:20:37.000Z,1
2019-10-01T06:37:51.000Z,2
2019-10-01T07:20:17.000Z,1
2019-10-01T07:33:37.000Z,1
2019-10-01T07:45:00.000Z,1
2019-10-01T07:45:35.000Z,1
2019-10-01T07:47:54.000Z,1
2019-10-01T07:55:17.000Z,2
2019-10-01T07:56:18.000Z,1
2019-10-01T08:02:08.000Z,1
2019-10-01T08:04:03.000Z,2
2019-10-01T08:20:21.000Z,2
2019-10-01T10:54:51.000Z,1
2019-10-01T11:41:49.000Z,1
2019-10-01T13:12:06.000Z,1
2019-10-01T07:23:39.000Z,1
2019-10-01T08:02:41.000Z,1
2019-10-01T08:35:15.000Z,1
2019-10-01T08:47:14.000Z,1
2019-10-01T08:47:53.000Z,1
2019-10-01T08:48:15.000Z,2
2019-10-01T09:13:56.000Z,2
2019-10-01T09:30:38.000Z,1
2019-10-01T10:12:33.000Z,1
2019-10-01T11:09:03.000Z,1
2019-10-01T11:48:44.000Z,1
2019-10-01T11:49:55.000Z,2
2019-10-01T12:23:09.000Z,1
2019-10-01T12:26:54.000Z,1
2019-10-01T12:37:50.000Z,3
2019-10-01T13:00:45.000Z,1
2019-10-01T13:26:01.000Z,1
2019-10-01T13:47:34.000Z,1
2019-10-01T14:43:01.000Z,1
2019-10-01T14:45:52.000Z,1
2019-10-01T15:27:22.000Z,1
2019-10-01T15:32:36.000Z,1
2019-10-01T15:36:07.000Z,1
2019-10-01T15:38:16.000Z,2
2019-10-01T15:38:50.000Z,1
2019-10-01T15:54:14.000Z,1
2019-10-01T16:09:03.000Z,1
2019-10-01T16:17:39.000Z,2
2019-10-01T16:34:35.000Z,1
2019-10-01T16:38:08.000Z,2
2019-10-01T16:46:13.000Z,1
2019-10-01T16:57:36.000Z,1
2019-10-01T16:58:25.000Z,1
2019-10-01T17:01:04.000Z,2
2019-10-01T17:05:02.000Z,1
2019-10-01T17:08:34.000Z,1
2019-10-01T17:09:23.000Z,2
2019-10-01T17:10:49.000Z,1
2019-10-01T17:33:49.000Z,1
2019-10-01T17:51:01.000Z,1
2019-10-01T18:23:08.000Z,1
2019-10-01T18:37:45.000Z,2
2019-10-01T18:53:26.000Z,2
2019-10-01T18:57:37.000Z,1
2019-10-01T19:00:38.000Z,1
2019-10-01T19:01:05.000Z,1
2019-10-01T19:03:22.000Z,1
2019-10-01T19:15:03.000Z,1
2019-10-01T19:24:13.000Z,1
2019-10-01T19:36:54.000Z,2
2019-10-01T20:04:05.000Z,1
2019-10-01T20:19:26.000Z,1
2019-10-01T20:44:19.000Z,1
2019-10-01T21:55:58.000Z,1
2019-10-01T22:36:19.000Z,1
2019-10-01T23:32:31.000Z,1
2019-10-01T23:51:51.000Z,1
2019-10-02T04:50:07.000Z,1
2019-10-02T05:38:22.000Z,1
2019-10-02T06:50:22.000Z,1
2019-10-02T07:11:33.000Z,1
2019-10-02T07:24:38.000Z,1
2019-10-02T07:43:17.000Z,1
2019-10-02T08:35:52.000Z,1
2019-10-02T09:09:25.000Z,1
2019-10-02T10:55:10.000Z,1
2019-10-02T11:44:38.000Z,1
2019-10-02T11:47:26.000Z,1
2019-10-02T15:08:54.000Z,1
2019-10-02T15:33:53.000Z,1
2019-10-02T16:20:16.000Z,1
2019-10-02T16:44:21.000Z,1
2019-10-02T17:11:46.000Z,1
2019-10-02T17:21:29.000Z,1
2019-10-02T17:23:13.000Z,1
2019-10-02T18:00:45.000Z,1
2019-10-02T18:37:09.000Z,1
2019-10-02T19:14:00.000Z,1
2019-10-02T19:34:22.000Z,1
2019-10-02T19:45:47.000Z,1
2019-10-02T20:13:00.000Z,1
2019-10-02T23:00:00.000Z,1
2019-10-02T23:04:20.000Z,1
2019-10-02T23:09:53.000Z,1
2019-10-03T05:43:31.000Z,1
2019-10-03T05:59:44.000Z,1
2019-10-03T06:38:44.000Z,2
2019-10-03T06:42:28.000Z,1
2019-10-03T06:48:39.000Z,1
2019-10-03T07:37:55.000Z,1
2019-10-03T07:39:17.000Z,1
2019-10-03T07:46:33.000Z,1
2019-10-03T07:50:10.000Z,2
2019-10-03T08:00:22.000Z,1
2019-10-03T08:01:05.000Z,1
2019-10-03T08:08:29.000Z,2
2019-10-03T08:11:14.000Z,5
2019-10-03T08:23:29.000Z,1
2019-10-03T08:26:05.000Z,1
2019-10-03T08:49:32.000Z,1
2019-10-03T08:53:26.000Z,2
2019-10-03T08:55:39.000Z,2
2019-10-03T09:03:41.000Z,2
2019-10-03T09:09:54.000Z,1
2019-10-03T09:10:03.000Z,1
2019-10-03T10:08:51.000Z,1
2019-10-03T10:15:22.000Z,1
2019-10-03T11:06:56.000Z,1
2019-10-03T11:29:53.000Z,1
2019-10-03T11:33:51.000Z,1
2019-10-03T13:02:44.000Z,1
2019-10-03T13:27:00.000Z,2
2019-10-03T13:39:03.000Z,1
2019-10-03T13:42:29.000Z,1
2019-10-03T13:53:21.000Z,1
2019-10-03T14:13:23.000Z,1
2019-10-03T14:21:43.000Z,1
2019-10-03T15:00:13.000Z,1
2019-10-03T15:13:53.000Z,1
2019-10-03T15:16:39.000Z,1
2019-10-03T15:17:40.000Z,1
2019-10-03T15:23:10.000Z,1
2019-10-03T15:27:27.000Z,1
2019-10-03T15:38:14.000Z,2
2019-10-03T15:38:13.000Z,1
2019-10-03T15:46:39.000Z,1
2019-10-03T16:01:59.000Z,1
2019-10-03T16:08:10.000Z,1
2019-10-03T16:16:55.000Z,1
2019-10-03T16:20:33.000Z,1
2019-10-03T16:22:39.000Z,1
2019-10-03T16:27:56.000Z,1
2019-10-03T16:33:37.000Z,1
2019-10-03T16:56:40.000Z,2
2019-10-03T17:03:43.000Z,2
2019-10-03T17:07:10.000Z,1
2019-10-03T17:08:02.000Z,1
2019-10-03T17:17:07.000Z,1
2019-10-03T17:20:53.000Z,3
2019-10-03T17:30:16.000Z,1
2019-10-03T17:51:21.000Z,1
2019-10-03T18:26:38.000Z,2
2019-10-03T18:34:21.000Z,1
2019-10-03T18:50:14.000Z,3
2019-10-03T19:12:16.000Z,1
2019-10-03T19:44:36.000Z,1
2019-10-03T20:00:06.000Z,4
2019-10-03T20:37:01.000Z,1
2019-10-03T21:00:57.000Z,1
2019-10-03T21:04:27.000Z,1
2019-10-03T21:18:38.000Z,1
2019-10-03T21:46:27.000Z,1
2019-10-03T22:07:22.000Z,1
2019-10-03T22:38:35.000Z,1
2019-10-03T22:54:14.000Z,1
2019-10-03T23:22:41.000Z,1
2019-10-04T00:37:25.000Z,1
2019-10-04T00:49:21.000Z,1
2019-10-04T05:01:14.000Z,1
2019-10-04T06:34:07.000Z,1
2019-10-04T06:51:02.000Z,1
2019-10-04T07:35:36.000Z,1
2019-10-04T07:44:21.000Z,1
2019-10-04T07:49:03.000Z,3
2019-10-04T07:50:00.000Z,3
2019-10-04T08:06:17.000Z,2
2019-10-04T08:15:29.000Z,2
2019-10-04T08:16:18.000Z,1
2019-10-04T08:31:03.000Z,2
2019-10-04T08:41:27.000Z,1
2019-10-04T08:44:11.000Z,2
2019-10-04T09:10:34.000Z,1
2019-10-04T09:55:27.000Z,1
2019-10-04T10:05:40.000Z,1
2019-10-04T10:41:00.000Z,1
2019-10-04T10:58:41.000Z,1
2019-10-04T11:04:59.000Z,1
2019-10-04T11:31:19.000Z,1
2019-10-04T11:57:52.000Z,1
2019-10-04T12:15:30.000Z,1
2019-10-04T12:20:42.000Z,1
2019-10-04T12:37:31.000Z,1
2019-10-04T12:50:19.000Z,1
2019-10-04T13:03:48.000Z,1
2019-10-04T13:09:12.000Z,1
2019-10-04T14:08:14.000Z,1
2019-10-04T14:08:32.000Z,1
2019-10-04T14:35:21.000Z,1
2019-10-04T15:52:06.000Z,1
2019-10-04T15:56:44.000Z,1
2019-10-04T15:57:43.000Z,1
2019-10-04T16:11:50.000Z,2
2019-10-04T16:40:15.000Z,1
2019-10-04T16:47:28.000Z,1
2019-10-04T16:48:08.000Z,1
2019-10-04T16:58:21.000Z,1
2019-10-04T17:08:34.000Z,1
2019-10-04T17:23:50.000Z,1
2019-10-04T17:24:44.000Z,1
2019-10-04T17:28:47.000Z,1
2019-10-04T17:32:39.000Z,1
2019-10-04T17:38:23.000Z,2
2019-10-04T17:40:13.000Z,2
2019-10-04T17:47:42.000Z,1
2019-10-04T17:56:59.000Z,1
2019-10-04T17:57:46.000Z,1
2019-10-04T18:13:10.000Z,2
2019-10-04T18:21:49.000Z,2
2019-10-04T18:31:27.000Z,1
2019-10-04T18:41:28.000Z,1
2019-10-04T18:45:19.000Z,1
2019-10-04T18:55:13.000Z,1
2019-10-04T19:17:33.000Z,1
2019-10-04T19:18:13.000Z,1
2019-10-04T19:30:48.000Z,1
2019-10-04T19:44:28.000Z,1
2019-10-04T20:25:01.000Z,1
2019-10-04T20:53:56.000Z,1
2019-10-04T21:05:08.000Z,1
2019-10-04T21:13:22.000Z,1
2019-10-04T22:33:33.000Z,1
2019-10-04T22:57:46.000Z,1
2019-10-04T23:51:12.000Z,1
2019-10-05T00:51:38.000Z,1
2019-10-05T01:28:30.000Z,1
2019-10-05T08:00:10.000Z,1
2019-10-05T08:04:17.000Z,1
2019-10-05T08:56:47.000Z,1
2019-10-05T09:50:55.000Z,1
2019-10-05T10:12:05.000Z,1
2019-10-05T10:15:37.000Z,1
2019-10-05T10:37:09.000Z,2
2019-10-01T05:18:35.000Z,1
2019-10-01T05:41:46.000Z,1
2019-10-01T06:01:47.000Z,1
2019-10-01T06:25:36.000Z,1
2019-10-01T06:42:26.000Z,2
2019-10-01T06:46:07.000Z,1
2019-10-01T06:49:52.000Z,1
2019-10-01T07:03:08.000Z,1
2019-10-01T07:33:36.000Z,1
2019-10-01T07:45:36.000Z,1
2019-10-01T07:55:57.000Z,1
2019-10-01T07:56:05.000Z,1
2019-10-01T08:03:30.000Z,1
2019-10-01T08:03:49.000Z,1
2019-10-01T08:05:51.000Z,1
2019-10-01T08:35:36.000Z,1
2019-10-01T09:11:48.000Z,1
2019-10-01T10:24:24.000Z,1
2019-10-01T10:58:33.000Z,1
2019-10-01T12:22:07.000Z,1
2019-10-01T12:24:07.000Z,1
2019-10-01T13:08:41.000Z,1
2019-10-01T14:59:46.000Z,1
2019-10-01T15:07:56.000Z,1
2019-10-01T06:43:26.000Z,1
2019-10-01T07:56:45.000Z,1
2019-10-01T08:10:28.000Z,1
2019-10-01T08:33:20.000Z,1
2019-10-01T08:58:48.000Z,1
2019-10-01T09:21:59.000Z,1
2019-10-01T10:00:37.000Z,1
2019-10-01T11:02:13.000Z,2
2019-10-01T11:46:44.000Z,1
2019-10-01T12:39:49.000Z,1
2019-10-01T13:20:31.000Z,1
2019-10-01T13:53:39.000Z,1
2019-10-01T13:58:22.000Z,1
2019-10-01T14:06:56.000Z,1
2019-10-01T14:16:14.000Z,1
2019-10-01T14:26:10.000Z,1
2019-10-01T14:53:20.000Z,1
2019-10-01T14:54:18.000Z,1
2019-10-01T15:06:05.000Z,1
2019-10-01T15:46:10.000Z,1
2019-10-01T15:50:59.000Z,1
2019-10-01T16:57:20.000Z,1
2019-10-01T17:05:48.000Z,3
2019-10-01T17:11:47.000Z,1
2019-10-01T17:14:01.000Z,1
2019-10-01T17:15:10.000Z,1
2019-10-01T17:20:39.000Z,1
2019-10-01T17:31:36.000Z,2
2019-10-01T18:01:35.000Z,1
2019-10-01T18:10:23.000Z,1
2019-10-01T18:23:35.000Z,2
2019-10-01T18:24:42.000Z,1
2019-10-01T18:25:50.000Z,1
2019-10-01T18:29:33.000Z,1
2019-10-01T18:30:55.000Z,3
2019-10-01T18:31:06.000Z,1
2019-10-01T18:32:14.000Z,1
2019-10-01T18:43:07.000Z,1
2019-10-01T18:49:54.000Z,1
2019-10-01T18:52:45.000Z,1
2019-10-01T19:24:31.000Z,2
2019-10-01T19:34:17.000Z,2
2019-10-01T19:46:00.000Z,1
2019-10-01T20:06:16.000Z,1
2019-10-01T20:53:15.000Z,1
2019-10-01T20:58:10.000Z,1
2019-10-01T21:04:34.000Z,1
2019-10-01T21:06:09.000Z,1
2019-10-01T21:09:31.000Z,2
2019-10-01T21:45:43.000Z,1
2019-10-01T22:12:34.000Z,1
2019-10-01T22:26:41.000Z,1
2019-10-02T00:28:02.000Z,1
2019-10-02T02:06:28.000Z,1
2019-10-02T05:44:13.000Z,1
2019-10-02T06:06:59.000Z,1
2019-10-02T06:11:39.000Z,1
2019-10-02T06:31:35.000Z,1
2019-10-02T06:35:54.000Z,1
2019-10-02T06:55:02.000Z,2
2019-10-02T07:14:39.000Z,1
2019-10-02T07:26:28.000Z,1
2019-10-02T07:34:08.000Z,3
2019-10-02T07:40:38.000Z,1
2019-10-02T07:55:11.000Z,1
2019-10-02T08:06:37.000Z,1
2019-10-02T08:11:09.000Z,1
2019-10-02T08:11:16.000Z,1
2019-10-02T08:39:18.000Z,1
2019-10-02T08:47:49.000Z,1
2019-10-02T08:52:16.000Z,1
2019-10-02T09:03:18.000Z,1
2019-10-02T11:49:21.000Z,1
2019-10-02T11:53:33.000Z,1
2019-10-02T12:54:17.000Z,1
2019-10-02T13:16:32.000Z,1
2019-10-02T15:02:08.000Z,1
2019-10-02T15:44:54.000Z,1
2019-10-02T16:18:32.000Z,1
2019-10-02T16:36:34.000Z,1
2019-10-02T16:40:06.000Z,1
2019-10-02T16:40:47.000Z,1
2019-10-02T16:47:16.000Z,1
2019-10-02T16:56:29.000Z,1
2019-10-02T17:05:01.000Z,1
2019-10-02T17:11:45.000Z,1
2019-10-02T17:43:28.000Z,1
2019-10-02T17:45:06.000Z,1
2019-10-02T17:53:29.000Z,1
2019-10-02T19:16:17.000Z,1
2019-10-02T19:18:22.000Z,1
2019-10-02T20:09:45.000Z,1
2019-10-02T20:57:08.000Z,1
2019-10-02T22:06:21.000Z,1
2019-10-03T02:13:05.000Z,1
2019-10-03T04:43:56.000Z,1
2019-10-03T06:43:54.000Z,1
2019-10-03T07:29:13.000Z,1
2019-10-03T07:36:12.000Z,1
2019-10-03T07:50:02.000Z,1
2019-10-03T07:59:16.000Z,2
2019-10-03T08:08:08.000Z,1
2019-10-03T08:18:31.000Z,2
2019-10-03T08:22:45.000Z,2
2019-10-03T08:24:58.000Z,1
2019-10-03T08:31:50.000Z,2
2019-10-03T08:33:41.000Z,1
2019-10-03T08:35:12.000Z,2
2019-10-03T08:42:56.000Z,2
2019-10-03T08:53:34.000Z,1
2019-10-03T09:00:59.000Z,1
2019-10-03T09:22:04.000Z,1
2019-10-03T09:25:55.000Z,1
2019-10-03T09:37:53.000Z,1
2019-10-03T09:50:17.000Z,1
2019-10-03T10:41:30.000Z,1
2019-10-03T11:05:16.000Z,1
2019-10-03T11:15:09.000Z,1
2019-10-03T11:51:35.000Z,1
2019-10-03T12:04:49.000Z,1
2019-10-03T12:10:22.000Z,1
2019-10-03T12:23:50.000Z,1
2019-10-03T12:28:13.000Z,1
2019-10-03T15:09:39.000Z,1
2019-10-03T15:35:55.000Z,1
2019-10-03T15:36:19.000Z,1
2019-10-03T15:43:22.000Z,1
2019-10-03T16:00:27.000Z,1
2019-10-03T16:14:50.000Z,1
2019-10-03T16:18:43.000Z,1
2019-10-03T16:20:51.000Z,1
2019-10-03T16:29:48.000Z,1
2019-10-03T16:40:26.000Z,1
2019-10-03T16:44:59.000Z,1
2019-10-03T16:48:48.000Z,1
2019-10-03T16:51:21.000Z,1
2019-10-03T17:01:35.000Z,2
2019-10-03T17:05:03.000Z,2
2019-10-03T17:28:53.000Z,2
2019-10-03T17:33:37.000Z,1
2019-10-03T17:38:45.000Z,1
2019-10-03T17:40:17.000Z,1
2019-10-03T17:53:11.000Z,1
2019-10-03T18:07:12.000Z,1
2019-10-03T18:29:56.000Z,3
2019-10-03T18:44:16.000Z,1
2019-10-03T18:47:48.000Z,1
2019-10-03T18:50:28.000Z,1
2019-10-03T19:24:40.000Z,1
2019-10-03T19:41:56.000Z,1
2019-10-03T19:57:05.000Z,1
2019-10-03T20:43:21.000Z,1
2019-10-03T21:05:12.000Z,1
2019-10-03T21:28:45.000Z,1
2019-10-03T22:46:02.000Z,1
2019-10-03T23:24:13.000Z,1
2019-10-04T00:19:39.000Z,1
2019-10-04T05:19:55.000Z,1
2019-10-04T05:42:13.000Z,1
2019-10-04T06:38:32.000Z,1
2019-10-04T07:05:17.000Z,1
2019-10-04T07:09:45.000Z,1
2019-10-04T07:24:07.000Z,1
2019-10-04T07:38:02.000Z,1
2019-10-04T07:44:19.000Z,1
2019-10-04T08:17:54.000Z,1
2019-10-04T08:25:47.000Z,1
2019-10-04T08:26:41.000Z,1
2019-10-04T08:31:19.000Z,1
2019-10-04T08:31:46.000Z,1
2019-10-04T08:42:36.000Z,2
2019-10-04T08:54:28.000Z,1
2019-10-04T09:19:34.000Z,1
2019-10-04T09:20:56.000Z,2
2019-10-04T10:06:27.000Z,1
2019-10-04T11:38:09.000Z,1
2019-10-04T11:48:24.000Z,1
2019-10-04T11:48:56.000Z,1
2019-10-04T12:13:29.000Z,1
2019-10-04T12:28:13.000Z,1
2019-10-04T13:09:51.000Z,1
2019-10-04T13:21:36.000Z,1
2019-10-04T14:00:09.000Z,1
2019-10-04T14:00:13.000Z,1
2019-10-04T14:23:34.000Z,1
2019-10-04T14:36:41.000Z,1
2019-10-04T14:37:42.000Z,1
2019-10-04T14:46:57.000Z,1
2019-10-04T15:07:17.000Z,1
2019-10-04T15:07:45.000Z,1
2019-10-04T15:09:09.000Z,1
2019-10-04T15:13:43.000Z,1
2019-10-04T15:24:51.000Z,2
2019-10-04T15:29:29.000Z,1
2019-10-04T15:56:41.000Z,1
2019-10-04T16:02:25.000Z,1
2019-10-04T16:19:24.000Z,1
2019-10-04T16:27:14.000Z,1
2019-10-04T16:40:51.000Z,2
2019-10-04T16:44:33.000Z,2
2019-10-04T16:49:08.000Z,1
2019-10-04T16:57:00.000Z,2
2019-10-04T16:57:28.000Z,1
2019-10-04T17:03:31.000Z,1
2019-10-04T17:04:36.000Z,1
2019-10-04T17:09:20.000Z,2
2019-10-04T17:10:30.000Z,2
2019-10-04T17:14:25.000Z,1
2019-10-04T17:20:10.000Z,1
2019-10-04T17:20:54.000Z,1
2019-10-04T17:21:49.000Z,1
2019-10-04T17:25:01.000Z,1
2019-10-04T17:27:09.000Z,1
2019-10-04T17:30:24.000Z,2
2019-10-04T17:54:24.000Z,1
2019-10-04T18:02:19.000Z,1
2019-10-04T18:04:44.000Z,1
2019-10-04T18:08:47.000Z,1
2019-10-04T18:16:06.000Z,1
2019-10-04T19:04:37.000Z,1
2019-10-04T19:15:33.000Z,1
2019-10-04T19:33:04.000Z,1
2019-10-04T19:47:13.000Z,1
2019-10-04T20:17:14.000Z,1
2019-10-04T21:08:13.000Z,1
2019-10-04T21:13:29.000Z,1
2019-10-04T21:27:32.000Z,1
2019-10-04T21:59:01.000Z,1
2019-10-04T22:41:30.000Z,1
2019-10-04T23:15:15.000Z,1
2019-10-04T23:24:07.000Z,1
2019-10-04T23:39:26.000Z,1
2019-10-05T00:22:34.000Z,1
2019-10-05T00:28:25.000Z,1
2019-10-05T01:42:19.000Z,1
2019-10-05T06:31:19.000Z,1
2019-10-05T07:22:18.000Z,1
2019-10-05T08:58:25.000Z,1
2019-10-05T09:00:43.000Z,1
2019-10-05T09:01:06.000Z,1
2019-10-05T09:55:52.000Z,1
2019-10-05T10:39:49.000Z,1
2019-10-05T10:48:04.000Z,1
2019-10-05T10:50:38.000Z,1
2019-10-01T04:46:33.000Z,2
2019-10-01T07:12:21.000Z,1
2019-10-01T07:17:20.000Z,1
2019-10-01T07:20:44.000Z,1
2019-10-01T07:32:16.000Z,1
2019-10-01T07:41:32.000Z,3
2019-10-01T07:48:58.000Z,1
2019-10-01T07:55:31.000Z,2
2019-10-01T07:58:23.000Z,1
2019-10-01T08:15:05.000Z,2
2019-10-01T08:17:20.000Z,1
2019-10-01T10:34:17.000Z,1
2019-10-01T10:44:16.000Z,2
2019-10-01T16:10:00.000Z,1
2019-10-01T18:04:11.000Z,1
2019-10-01T06:48:09.000Z,1
2019-10-01T08:38:04.000Z,1
2019-10-01T08:53:39.000Z,1
2019-10-01T09:08:07.000Z,1
2019-10-01T09:19:11.000Z,1
2019-10-01T11:27:34.000Z,1
2019-10-01T11:55:50.000Z,1
2019-10-01T12:21:51.000Z,2
2019-10-01T13:02:38.000Z,1
2019-10-01T13:48:51.000Z,1
2019-10-01T14:09:10.000Z,1
2019-10-01T14:21:46.000Z,1
2019-10-01T14:31:35.000Z,1
2019-10-01T14:34:06.000Z,1
2019-10-01T14:36:18.000Z,2
2019-10-01T14:49:30.000Z,1
2019-10-01T15:03:35.000Z,1
2019-10-01T15:11:09.000Z,1
2019-10-01T15:54:39.000Z,1
2019-10-01T16:04:51.000Z,1
2019-10-01T16:11:56.000Z,1
2019-10-01T16:29:16.000Z,1
2019-10-01T16:32:49.000Z,2
2019-10-01T16:40:48.000Z,2
2019-10-01T16:42:18.000Z,2
2019-10-01T16:52:36.000Z,1
2019-10-01T17:01:07.000Z,3
2019-10-01T17:07:46.000Z,3
2019-10-01T17:10:07.000Z,1
2019-10-01T17:10:28.000Z,1
2019-10-01T17:13:34.000Z,1
2019-10-01T17:15:11.000Z,1
2019-10-01T17:19:18.000Z,1
2019-10-01T17:30:06.000Z,1
2019-10-01T17:31:00.000Z,1
2019-10-01T17:34:05.000Z,1
2019-10-01T17:35:17.000Z,1
2019-10-01T17:41:08.000Z,2
2019-10-01T17:44:48.000Z,1
2019-10-01T17:49:26.000Z,2
2019-10-01T17:54:37.000Z,1
2019-10-01T17:54:45.000Z,1
2019-10-01T17:57:56.000Z,1
2019-10-01T17:59:20.000Z,2
2019-10-01T18:05:11.000Z,1
2019-10-01T18:07:03.000Z,1
2019-10-01T18:13:02.000Z,3
2019-10-01T18:18:09.000Z,2
2019-10-01T18:18:50.000Z,1
2019-10-01T18:26:24.000Z,2
2019-10-01T18:34:49.000Z,1
2019-10-01T18:39:04.000Z,1
2019-10-01T18:44:54.000Z,1
2019-10-01T18:46:02.000Z,1
2019-10-01T19:07:40.000Z,1
2019-10-01T19:08:59.000Z,1
2019-10-01T19:46:35.000Z,1
2019-10-01T19:58:26.000Z,1
2019-10-01T20:17:27.000Z,1
2019-10-01T20:43:58.000Z,1
2019-10-01T20:44:30.000Z,1
2019-10-01T20:58:58.000Z,1
2019-10-01T21:09:52.000Z,1
2019-10-01T21:15:10.000Z,1
2019-10-01T21:19:55.000Z,1
2019-10-01T21:24:07.000Z,1
2019-10-01T21:27:09.000Z,1
2019-10-01T22:01:54.000Z,1
2019-10-01T22:10:05.000Z,1
2019-10-02T01:00:37.000Z,1
2019-10-02T03:17:46.000Z,1
2019-10-02T06:38:23.000Z,1
2019-10-02T07:05:42.000Z,2
2019-10-02T07:06:23.000Z,1
2019-10-02T07:28:39.000Z,1
2019-10-02T07:44:12.000Z,2
2019-10-02T07:57:24.000Z,1
2019-10-02T08:21:07.000Z,2
2019-10-02T08:28:07.000Z,1
2019-10-02T08:37:46.000Z,1
2019-10-02T08:41:34.000Z,1
2019-10-02T11:21:54.000Z,2
2019-10-02T12:58:51.000Z,1
2019-10-02T13:16:51.000Z,1
2019-10-02T13:34:54.000Z,1
2019-10-02T15:21:31.000Z,1
2019-10-02T15:45:31.000Z,2
2019-10-02T16:09:36.000Z,1
2019-10-02T16:15:29.000Z,2
2019-10-02T16:19:33.000Z,1
2019-10-02T16:23:39.000Z,1
2019-10-02T16:25:12.000Z,1
2019-10-02T16:47:35.000Z,1
2019-10-02T17:00:12.000Z,1
2019-10-02T17:02:02.000Z,1
2019-10-02T17:09:14.000Z,1
2019-10-02T17:10:51.000Z,1
2019-10-02T17:18:55.000Z,1
2019-10-02T17:29:00.000Z,1
2019-10-02T17:45:42.000Z,1
2019-10-02T17:57:20.000Z,1
2019-10-02T19:34:31.000Z,1
2019-10-02T20:23:41.000Z,1
2019-10-02T20:41:25.000Z,1
2019-10-02T21:03:15.000Z,1
2019-10-02T21:17:56.000Z,1
2019-10-02T22:41:30.000Z,1
2019-10-03T06:36:19.000Z,1
2019-10-03T06:51:28.000Z,2
2019-10-03T06:58:16.000Z,1
2019-10-03T07:15:04.000Z,2
2019-10-03T07:19:52.000Z,1
2019-10-03T07:33:59.000Z,1
2019-10-03T07:40:22.000Z,2
2019-10-03T07:45:03.000Z,1
2019-10-03T07:45:05.000Z,3
2019-10-03T08:02:14.000Z,1
2019-10-03T08:03:03.000Z,1
2019-10-03T08:03:13.000Z,1
2019-10-03T08:05:19.000Z,1
2019-10-03T08:09:40.000Z,2
2019-10-03T08:17:03.000Z,1
2019-10-03T08:40:43.000Z,3
2019-10-03T08:41:28.000Z,2
2019-10-03T09:14:35.000Z,2
2019-10-03T09:45:05.000Z,1
2019-10-03T10:55:32.000Z,1
2019-10-03T11:08:59.000Z,1
2019-10-03T11:14:14.000Z,1
2019-10-03T11:27:32.000Z,1
2019-10-03T11:37:05.000Z,1
2019-10-03T11:48:47.000Z,1
2019-10-03T11:50:41.000Z,1
2019-10-03T13:09:50.000Z,2
2019-10-03T13:16:06.000Z,1
2019-10-03T13:17:51.000Z,1
2019-10-03T13:46:58.000Z,1
2019-10-03T13:54:50.000Z,1
2019-10-03T13:58:21.000Z,1
2019-10-03T14:06:45.000Z,1
2019-10-03T14:08:48.000Z,1
2019-10-03T14:19:02.000Z,1
2019-10-03T15:01:33.000Z,1
2019-10-03T15:32:27.000Z,1
2019-10-03T15:40:37.000Z,1
2019-10-03T16:00:16.000Z,1
2019-10-03T16:31:09.000Z,1
2019-10-03T16:44:09.000Z,1
2019-10-03T16:44:28.000Z,1
2019-10-03T16:55:15.000Z,1
2019-10-03T16:57:24.000Z,3
2019-10-03T17:02:44.000Z,1
2019-10-03T17:07:06.000Z,1
2019-10-03T17:09:31.000Z,1
2019-10-03T17:15:25.000Z,2
2019-10-03T17:17:21.000Z,1
2019-10-03T17:38:56.000Z,1
2019-10-03T17:52:27.000Z,1
2019-10-03T18:01:31.000Z,1
2019-10-03T18:14:43.000Z,1
2019-10-03T18:14:55.000Z,2
2019-10-03T18:27:42.000Z,2
2019-10-03T18:41:20.000Z,1
2019-10-03T18:59:58.000Z,1
2019-10-03T19:24:08.000Z,1
2019-10-03T19:48:50.000Z,1
2019-10-03T19:53:06.000Z,1
2019-10-03T20:37:07.000Z,1
2019-10-03T20:37:49.000Z,1
2019-10-03T20:41:15.000Z,1
2019-10-03T21:23:13.000Z,1
2019-10-04T05:00:05.000Z,1
2019-10-04T05:29:06.000Z,1
2019-10-04T06:52:59.000Z,1
2019-10-04T06:52:55.000Z,1
2019-10-04T07:06:40.000Z,1
2019-10-04T07:13:09.000Z,1
2019-10-04T07:13:46.000Z,1
2019-10-04T07:16:06.000Z,1
2019-10-04T07:30:40.000Z,1
2019-10-04T07:41:01.000Z,1
2019-10-04T07:41:37.000Z,1
2019-10-04T07:52:02.000Z,1
2019-10-04T08:14:19.000Z,2
2019-10-04T08:21:30.000Z,1
2019-10-04T08:22:20.000Z,2
2019-10-04T08:32:42.000Z,1
2019-10-04T08:37:34.000Z,2
2019-10-04T08:40:52.000Z,1
2019-10-04T08:49:54.000Z,1
2019-10-04T08:58:12.000Z,1
2019-10-04T09:22:26.000Z,1
2019-10-04T09:41:25.000Z,1
2019-10-04T10:14:27.000Z,1
2019-10-04T10:22:25.000Z,1
2019-10-04T10:50:53.000Z,1
2019-10-04T11:06:01.000Z,1
2019-10-04T11:58:15.000Z,1
2019-10-04T12:06:12.000Z,1
2019-10-04T13:35:01.000Z,1
2019-10-04T13:47:13.000Z,1
2019-10-04T14:00:15.000Z,2
2019-10-04T14:08:29.000Z,1
2019-10-04T14:10:32.000Z,1
2019-10-04T14:24:06.000Z,1
2019-10-04T14:59:57.000Z,2
2019-10-04T16:03:03.000Z,1
2019-10-04T16:11:08.000Z,1
2019-10-04T16:29:15.000Z,2
2019-10-04T16:45:29.000Z,1
2019-10-04T16:49:11.000Z,1
2019-10-04T16:58:34.000Z,1
2019-10-04T17:03:04.000Z,3
2019-10-04T17:21:24.000Z,1
2019-10-04T17:29:24.000Z,1
2019-10-04T18:01:19.000Z,1
2019-10-04T18:23:32.000Z,1
2019-10-04T18:28:18.000Z,1
2019-10-04T18:50:06.000Z,1
2019-10-04T18:58:42.000Z,1
2019-10-04T19:15:37.000Z,1
2019-10-04T19:37:24.000Z,1
2019-10-04T19:38:19.000Z,1
2019-10-04T20:11:57.000Z,1
2019-10-04T22:30:41.000Z,1
2019-10-04T22:55:12.000Z,1
2019-10-04T23:34:39.000Z,1
2019-10-05T01:22:20.000Z,1
2019-10-04T18:40:18.000Z,1
2019-10-05T06:00:21.000Z,1
2019-10-05T07:48:59.000Z,1
2019-10-05T08:12:06.000Z,1
2019-10-05T08:19:30.000Z,1
2019-10-05T08:39:57.000Z,1
2019-10-05T08:44:46.000Z,1
2019-10-05T08:50:59.000Z,1
2019-10-05T09:27:03.000Z,1
2019-10-05T09:44:33.000Z,2
2019-10-05T10:01:45.000Z,1
2019-10-05T10:13:37.000Z,1
2019-10-05T10:20:59.000Z,1
2019-10-05T10:46:42.000Z,1
2019-10-01T06:22:04.000Z,1
2019-10-01T06:28:48.000Z,1
2019-10-01T06:38:50.000Z,1
2019-10-01T06:39:34.000Z,1
2019-10-01T06:52:26.000Z,1
2019-10-01T07:02:44.000Z,2
2019-10-01T07:02:43.000Z,1
2019-10-01T07:35:52.000Z,1
2019-10-01T07:37:26.000Z,1
2019-10-01T07:39:51.000Z,1
2019-10-01T07:41:17.000Z,1
2019-10-01T07:43:41.000Z,1
2019-10-01T07:55:42.000Z,1
2019-10-01T08:09:32.000Z,1
2019-10-01T08:20:41.000Z,1
2019-10-01T08:47:06.000Z,1
2019-10-01T11:41:06.000Z,1
2019-10-01T16:02:08.000Z,1
2019-10-01T07:56:53.000Z,2
2019-10-01T08:34:04.000Z,1
2019-10-01T09:26:54.000Z,1
2019-10-01T09:27:31.000Z,2
2019-10-01T09:47:53.000Z,1
2019-10-01T12:11:53.000Z,2
2019-10-01T12:19:14.000Z,1
2019-10-01T13:06:37.000Z,1
2019-10-01T13:26:54.000Z,1
2019-10-01T13:35:56.000Z,1
2019-10-01T13:40:01.000Z,1
2019-10-01T14:03:18.000Z,1
2019-10-01T14:40:52.000Z,1
2019-10-01T14:47:44.000Z,1
2019-10-01T14:51:35.000Z,1
2019-10-01T15:01:13.000Z,1
2019-10-01T15:05:06.000Z,1
2019-10-01T16:05:05.000Z,2
2019-10-01T16:26:19.000Z,1
2019-10-01T16:56:17.000Z,2
2019-10-01T16:56:43.000Z,1
2019-10-01T16:57:17.000Z,1
2019-10-01T17:03:16.000Z,3
2019-10-01T17:20:41.000Z,2
2019-10-01T17:22:34.000Z,1
2019-10-01T17:24:58.000Z,1
2019-10-01T17:26:59.000Z,1
2019-10-01T17:30:14.000Z,2
2019-10-01T17:31:31.000Z,1
2019-10-01T17:32:43.000Z,2
2019-10-01T17:41:41.000Z,2
2019-10-01T17:41:36.000Z,1
2019-10-01T17:56:03.000Z,1
2019-10-01T17:56:43.000Z,1
2019-10-01T18:08:42.000Z,2
2019-10-01T18:18:18.000Z,2
2019-10-01T18:21:32.000Z,1
2019-10-01T18:35:20.000Z,1
2019-10-01T18:44:42.000Z,1
2019-10-01T18:55:08.000Z,1
2019-10-01T19:22:33.000Z,1
2019-10-01T19:23:28.000Z,2
2019-10-01T19:27:18.000Z,1
2019-10-01T20:12:53.000Z,1
2019-10-01T21:08:58.000Z,1
2019-10-01T21:29:32.000Z,1
2019-10-01T23:41:35.000Z,1
2019-10-02T01:20:53.000Z,1
2019-10-02T05:39:09.000Z,2
2019-10-02T06:18:43.000Z,1
2019-10-02T06:50:31.000Z,1
2019-10-02T06:52:03.000Z,1
2019-10-02T07:24:50.000Z,1
2019-10-02T07:43:14.000Z,1
2019-10-02T07:46:31.000Z,1
2019-10-02T07:49:31.000Z,2
2019-10-02T08:19:38.000Z,1
2019-10-02T08:32:09.000Z,2
2019-10-02T08:51:21.000Z,1
2019-10-02T09:22:54.000Z,1
2019-10-02T09:27:29.000Z,1
2019-10-02T09:36:06.000Z,1
2019-10-02T10:59:52.000Z,2
2019-10-02T11:43:30.000Z,1
2019-10-02T12:15:30.000Z,1
2019-10-02T13:14:29.000Z,1
2019-10-02T14:11:50.000Z,1
2019-10-02T14:43:55.000Z,1
2019-10-02T14:50:53.000Z,1
2019-10-02T15:36:51.000Z,1
2019-10-02T15:54:09.000Z,1
2019-10-02T16:05:10.000Z,1
2019-10-02T16:34:42.000Z,1
2019-10-02T16:42:42.000Z,1
2019-10-02T16:45:21.000Z,1
2019-10-02T16:51:46.000Z,1
2019-10-02T16:59:37.000Z,1
2019-10-02T17:03:33.000Z,1
2019-10-02T17:10:04.000Z,1
2019-10-02T17:13:48.000Z,2
2019-10-02T17:38:41.000Z,1
2019-10-02T17:44:42.000Z,1
2019-10-02T17:48:26.000Z,1
2019-10-02T17:53:04.000Z,1
2019-10-02T17:56:50.000Z,1
2019-10-02T18:05:28.000Z,1
2019-10-02T18:18:39.000Z,3
2019-10-02T18:20:58.000Z,1
2019-10-02T18:35:36.000Z,1
2019-10-02T19:29:36.000Z,1
2019-10-02T19:45:07.000Z,1
2019-10-02T20:42:41.000Z,1
2019-10-02T21:03:20.000Z,1
2019-10-02T23:21:25.000Z,1
2019-10-03T06:22:20.000Z,1
2019-10-03T06:25:49.000Z,1
2019-10-03T06:35:21.000Z,1
2019-10-03T07:00:01.000Z,1
2019-10-03T07:14:05.000Z,1
2019-10-03T07:16:28.000Z,1
2019-10-03T07:35:50.000Z,1
2019-10-03T07:56:22.000Z,1
2019-10-03T08:00:00.000Z,2
2019-10-03T08:20:19.000Z,1
2019-10-03T08:24:38.000Z,1
2019-10-03T08:27:20.000Z,2
2019-10-03T08:32:29.000Z,4
2019-10-03T08:47:26.000Z,1
2019-10-03T10:18:55.000Z,1
2019-10-03T10:19:33.000Z,1
2019-10-03T10:19:43.000Z,1
2019-10-03T11:08:48.000Z,1
2019-10-03T11:14:34.000Z,1
2019-10-03T11:37:58.000Z,1
2019-10-03T11:50:03.000Z,1
2019-10-03T11:50:04.000Z,1
2019-10-03T11:50:09.000Z,1
2019-10-03T11:56:03.000Z,2
2019-10-03T12:35:43.000Z,1
2019-10-03T12:37:17.000Z,1
2019-10-03T12:45:31.000Z,1
2019-10-03T13:08:39.000Z,1
2019-10-03T13:34:37.000Z,1
2019-10-03T13:35:00.000Z,1
2019-10-03T13:41:59.000Z,1
2019-10-03T14:41:57.000Z,1
2019-10-03T15:56:05.000Z,1
2019-10-03T16:18:55.000Z,1
2019-10-03T16:19:11.000Z,1
2019-10-03T16:24:42.000Z,1
2019-10-03T16:43:16.000Z,2
2019-10-03T16:58:40.000Z,1
2019-10-03T16:58:47.000Z,1
2019-10-03T17:09:28.000Z,1
2019-10-03T17:16:10.000Z,1
2019-10-03T17:20:15.000Z,1
2019-10-03T17:21:41.000Z,1
2019-10-03T17:25:15.000Z,1
2019-10-03T17:34:53.000Z,1
2019-10-03T17:42:27.000Z,1
2019-10-03T17:44:47.000Z,1
2019-10-03T17:45:23.000Z,1
2019-10-03T17:57:32.000Z,2
2019-10-03T18:04:19.000Z,1
2019-10-03T18:15:42.000Z,2
2019-10-03T18:33:24.000Z,1
2019-10-03T18:52:20.000Z,1
2019-10-03T19:02:08.000Z,1
2019-10-03T19:03:04.000Z,1
2019-10-03T19:14:06.000Z,1
2019-10-03T19:24:48.000Z,1
2019-10-03T19:34:38.000Z,2
2019-10-03T19:55:51.000Z,1
2019-10-03T19:58:15.000Z,1
2019-10-03T20:17:00.000Z,1
2019-10-03T20:21:31.000Z,1
2019-10-03T20:28:54.000Z,1
2019-10-03T21:31:52.000Z,1
2019-10-03T21:38:54.000Z,1
2019-10-03T22:43:26.000Z,1
2019-10-03T22:53:13.000Z,1
2019-10-03T23:32:02.000Z,1
2019-10-04T00:16:32.000Z,1
2019-10-04T02:50:26.000Z,1
2019-10-04T05:37:42.000Z,1
2019-10-04T06:22:35.000Z,1
2019-10-04T06:47:38.000Z,1
2019-10-04T07:20:39.000Z,1
2019-10-04T07:34:12.000Z,1
2019-10-04T07:34:50.000Z,1
2019-10-04T07:55:03.000Z,4
2019-10-04T08:09:19.000Z,3
2019-10-04T08:12:02.000Z,1
2019-10-04T08:16:41.000Z,1
2019-10-04T08:27:56.000Z,1
2019-10-04T08:30:49.000Z,1
2019-10-04T08:38:31.000Z,2
2019-10-04T08:46:06.000Z,1
2019-10-04T08:53:26.000Z,1
2019-10-04T08:53:47.000Z,1
2019-10-04T09:06:15.000Z,2
2019-10-04T09:11:47.000Z,1
2019-10-04T09:45:19.000Z,1
2019-10-04T10:09:20.000Z,1
2019-10-04T10:21:22.000Z,1
2019-10-04T10:28:24.000Z,1
2019-10-04T10:54:53.000Z,1
2019-10-04T11:07:21.000Z,1
2019-10-04T11:18:25.000Z,1
2019-10-04T11:43:27.000Z,1
2019-10-04T12:05:44.000Z,1
2019-10-04T12:23:13.000Z,1
2019-10-04T12:50:53.000Z,1
2019-10-04T13:13:58.000Z,1
2019-10-04T13:34:01.000Z,2
2019-10-04T13:56:18.000Z,1
2019-10-04T14:38:01.000Z,1
2019-10-04T14:52:12.000Z,1
2019-10-04T15:13:26.000Z,1
2019-10-04T15:28:12.000Z,1
2019-10-04T16:03:32.000Z,1
2019-10-04T16:04:05.000Z,1
2019-10-04T16:38:26.000Z,1
2019-10-04T16:54:11.000Z,3
2019-10-04T16:59:51.000Z,2
2019-10-04T17:01:52.000Z,1
2019-10-04T17:03:42.000Z,1
2019-10-04T17:14:24.000Z,1
2019-10-04T17:33:52.000Z,1
2019-10-04T17:38:21.000Z,1
2019-10-04T17:41:15.000Z,1
2019-10-04T18:22:00.000Z,1
2019-10-04T18:48:56.000Z,1
2019-10-04T19:04:40.000Z,1
2019-10-04T19:51:45.000Z,1
2019-10-04T20:05:59.000Z,1
2019-10-04T22:28:56.000Z,1
2019-10-04T22:37:58.000Z,1
2019-10-04T23:48:08.000Z,1
2019-10-05T02:32:42.000Z,1
2019-10-05T05:59:41.000Z,1
2019-10-05T08:33:14.000Z,1
2019-10-05T09:02:35.000Z,1
2019-10-05T09:15:13.000Z,1
2019-10-05T09:17:19.000Z,1
2019-10-05T09:22:14.000Z,1
2019-10-05T09:26:51.000Z,1
2019-10-05T10:01:01.000Z,1
2019-10-05T10:01:10.000Z,1
2019-10-05T10:04:53.000Z,1
2019-10-05T10:11:47.000Z,1
2019-10-05T10:28:17.000Z,1
2019-10-01T05:35:13.000Z,1
2019-10-01T06:10:06.000Z,1
2019-10-01T06:47:23.000Z,1
2019-10-01T07:07:11.000Z,1
2019-10-01T07:31:26.000Z,1
2019-10-01T08:01:07.000Z,1
2019-10-01T08:05:23.000Z,2
2019-10-01T08:07:34.000Z,2
2019-10-01T08:10:20.000Z,1
2019-10-01T08:13:26.000Z,2
2019-10-01T08:18:26.000Z,1
2019-10-01T08:18:25.000Z,1
2019-10-01T08:23:52.000Z,2
2019-10-01T08:27:55.000Z,2
2019-10-01T08:39:22.000Z,1
2019-10-01T08:39:27.000Z,1
2019-10-01T08:39:53.000Z,1
2019-10-01T08:43:26.000Z,1
2019-10-01T08:55:58.000Z,1
2019-10-01T12:05:14.000Z,1
2019-10-01T12:23:54.000Z,1
2019-10-01T12:46:31.000Z,1
2019-10-01T12:55:46.000Z,1
2019-10-01T13:56:46.000Z,1
2019-10-01T18:43:54.000Z,1
2019-10-01T08:26:59.000Z,2
2019-10-01T08:42:08.000Z,1
2019-10-01T08:44:09.000Z,1
2019-10-01T09:25:42.000Z,1
2019-10-01T11:12:26.000Z,1
2019-10-01T11:23:04.000Z,1
2019-10-01T11:27:43.000Z,1
2019-10-01T11:36:58.000Z,1
2019-10-01T11:56:19.000Z,1
2019-10-01T11:56:59.000Z,1
2019-10-01T12:44:33.000Z,1
2019-10-01T12:44:38.000Z,1
2019-10-01T12:46:11.000Z,1
2019-10-01T13:15:07.000Z,1
2019-10-01T13:30:13.000Z,1
2019-10-01T13:40:08.000Z,1
2019-10-01T13:43:19.000Z,1
2019-10-01T13:44:13.000Z,1
2019-10-01T14:29:22.000Z,1
2019-10-01T15:07:16.000Z,1
2019-10-01T15:21:20.000Z,3
2019-10-01T16:01:00.000Z,1
2019-10-01T16:12:54.000Z,1
2019-10-01T16:13:33.000Z,1
2019-10-01T16:15:45.000Z,1
2019-10-01T16:24:01.000Z,2
2019-10-01T16:43:01.000Z,1
2019-10-01T16:47:37.000Z,1
2019-10-01T16:52:34.000Z,1
2019-10-01T16:54:22.000Z,1
2019-10-01T16:55:19.000Z,1
2019-10-01T16:56:08.000Z,1
2019-10-01T17:05:39.000Z,1
2019-10-01T17:11:01.000Z,3
2019-10-01T17:12:45.000Z,1
2019-10-01T17:13:30.000Z,1
2019-10-01T17:15:45.000Z,1
2019-10-01T17:16:41.000Z,1
2019-10-01T17:16:58.000Z,1
2019-10-01T17:27:40.000Z,1
2019-10-01T17:29:46.000Z,4
2019-10-01T17:29:59.000Z,1
2019-10-01T17:36:22.000Z,1
2019-10-01T17:47:50.000Z,1
2019-10-01T17:52:58.000Z,2
2019-10-01T17:59:28.000Z,1
2019-10-01T18:00:54.000Z,1
2019-10-01T18:08:31.000Z,2
2019-10-01T18:08:36.000Z,1
2019-10-01T18:17:00.000Z,1
2019-10-01T18:20:31.000Z,1
2019-10-01T18:50:36.000Z,2
2019-10-01T19:09:49.000Z,1
2019-10-01T19:14:44.000Z,1
2019-10-01T19:35:49.000Z,1
2019-10-01T19:55:55.000Z,1
2019-10-01T19:57:07.000Z,1
2019-10-01T20:06:07.000Z,1
2019-10-01T20:23:04.000Z,1
2019-10-01T20:41:49.000Z,1
2019-10-01T20:43:45.000Z,1
2019-10-01T20:59:09.000Z,1
2019-10-01T21:16:51.000Z,1
2019-10-01T21:53:38.000Z,1
2019-10-01T21:55:03.000Z,1
2019-10-01T22:51:11.000Z,1
2019-10-02T00:54:38.000Z,1
2019-10-02T02:00:52.000Z,1
2019-10-02T02:01:06.000Z,1
2019-10-02T05:08:20.000Z,1
2019-10-02T05:27:37.000Z,1
2019-10-02T06:49:09.000Z,3
2019-10-02T06:52:27.000Z,1
2019-10-02T07:03:48.000Z,1
2019-10-02T07:38:30.000Z,1
2019-10-02T07:43:06.000Z,1
2019-10-02T07:53:24.000Z,1
2019-10-02T07:59:17.000Z,1
2019-10-02T08:00:02.000Z,1
2019-10-02T08:24:51.000Z,1
2019-10-02T08:31:33.000Z,1
2019-10-02T09:03:51.000Z,2
2019-10-02T09:08:01.000Z,1
2019-10-02T09:08:54.000Z,1
2019-10-02T09:10:48.000Z,1
2019-10-02T10:42:10.000Z,1
2019-10-02T11:52:17.000Z,1
2019-10-02T12:37:39.000Z,1
2019-10-02T13:24:44.000Z,1
2019-10-02T13:57:24.000Z,1
2019-10-02T15:37:42.000Z,2
2019-10-02T16:07:54.000Z,1
2019-10-02T16:13:56.000Z,2
2019-10-02T16:38:18.000Z,1
2019-10-02T16:59:59.000Z,1
2019-10-02T17:03:36.000Z,1
2019-10-02T17:33:41.000Z,1
2019-10-02T17:34:18.000Z,1
2019-10-02T19:53:58.000Z,1
2019-10-02T21:05:36.000Z,1
2019-10-02T22:20:25.000Z,1
2019-10-03T06:36:27.000Z,1
2019-10-03T06:58:30.000Z,1
2019-10-03T07:20:21.000Z,1
2019-10-03T07:24:05.000Z,1
2019-10-03T07:33:39.000Z,1
2019-10-03T07:34:02.000Z,1
2019-10-03T07:35:49.000Z,2
2019-10-03T07:39:48.000Z,1
2019-10-03T07:42:19.000Z,1
2019-10-03T07:49:56.000Z,1
2019-10-03T07:52:23.000Z,1
2019-10-03T08:12:41.000Z,1
2019-10-03T08:14:43.000Z,1
2019-10-03T08:36:54.000Z,1
2019-10-03T08:40:11.000Z,1
2019-10-03T08:44:45.000Z,2
2019-10-03T08:45:08.000Z,2
2019-10-03T08:58:29.000Z,1
2019-10-03T10:43:20.000Z,1
2019-10-03T11:05:15.000Z,1
2019-10-03T11:18:58.000Z,1
2019-10-03T11:21:58.000Z,2
2019-10-03T12:05:29.000Z,1
2019-10-03T13:08:11.000Z,1
2019-10-03T13:10:49.000Z,2
2019-10-03T13:19:35.000Z,1
2019-10-03T13:45:07.000Z,1
2019-10-03T13:57:15.000Z,1
2019-10-03T14:04:37.000Z,1
2019-10-03T14:17:26.000Z,2
2019-10-03T14:25:56.000Z,1
2019-10-03T14:51:07.000Z,1
2019-10-03T14:58:08.000Z,1
2019-10-03T15:29:27.000Z,1
2019-10-03T15:47:52.000Z,1
2019-10-03T15:53:45.000Z,1
2019-10-03T16:02:47.000Z,1
2019-10-03T16:06:16.000Z,2
2019-10-03T16:07:01.000Z,1
2019-10-03T16:10:51.000Z,1
2019-10-03T16:29:00.000Z,2
2019-10-03T16:29:35.000Z,1
2019-10-03T16:36:34.000Z,1
2019-10-03T16:42:15.000Z,1
2019-10-03T16:43:19.000Z,1
2019-10-03T16:51:30.000Z,2
2019-10-03T16:52:26.000Z,1
2019-10-03T16:58:39.000Z,1
2019-10-03T17:13:06.000Z,2
2019-10-03T17:25:01.000Z,3
2019-10-03T17:51:12.000Z,2
2019-10-03T17:52:59.000Z,1
2019-10-03T17:59:18.000Z,1
2019-10-03T18:06:06.000Z,1
2019-10-03T18:12:46.000Z,2
2019-10-03T18:18:39.000Z,1
2019-10-03T18:19:50.000Z,2
2019-10-03T18:26:54.000Z,1
2019-10-03T18:27:52.000Z,1
2019-10-03T18:31:25.000Z,1
2019-10-03T18:33:32.000Z,1
2019-10-03T18:37:12.000Z,2
2019-10-03T18:42:34.000Z,1
2019-10-03T19:20:31.000Z,1
2019-10-03T19:24:05.000Z,2
2019-10-03T19:52:51.000Z,2
2019-10-03T20:24:41.000Z,1
2019-10-03T20:42:52.000Z,1
2019-10-03T20:44:31.000Z,1
2019-10-03T21:43:49.000Z,1
2019-10-03T22:21:58.000Z,1
2019-10-03T22:35:13.000Z,1
2019-10-03T23:15:58.000Z,1
2019-10-04T00:04:41.000Z,1
2019-10-04T06:18:23.000Z,1
2019-10-04T06:25:19.000Z,1
2019-10-04T07:27:33.000Z,2
2019-10-04T07:50:08.000Z,1
2019-10-04T08:01:04.000Z,1
2019-10-04T08:07:36.000Z,2
2019-10-04T08:14:24.000Z,1
2019-10-04T08:18:15.000Z,3
2019-10-04T08:29:14.000Z,1
2019-10-04T08:37:06.000Z,1
2019-10-04T08:40:19.000Z,1
2019-10-04T08:42:11.000Z,1
2019-10-04T08:45:23.000Z,1
2019-10-04T08:48:38.000Z,1
2019-10-04T08:59:31.000Z,1
2019-10-04T09:09:48.000Z,1
2019-10-04T10:05:46.000Z,1
2019-10-04T10:06:14.000Z,1
2019-10-04T11:13:04.000Z,1
2019-10-04T11:39:24.000Z,1
2019-10-04T11:59:52.000Z,1
2019-10-04T12:22:43.000Z,1
2019-10-04T12:42:16.000Z,1
2019-10-04T13:01:10.000Z,1
2019-10-04T13:22:34.000Z,1
2019-10-04T13:31:50.000Z,2
2019-10-04T13:33:12.000Z,1
2019-10-04T13:33:24.000Z,1
2019-10-04T14:00:28.000Z,1
2019-10-04T14:00:32.000Z,1
2019-10-04T14:23:35.000Z,1
2019-10-04T14:49:48.000Z,1
2019-10-04T15:04:37.000Z,2
2019-10-04T15:05:02.000Z,1
2019-10-04T15:11:21.000Z,1
2019-10-04T15:20:12.000Z,2
2019-10-04T15:28:35.000Z,1
2019-10-04T15:36:25.000Z,1
2019-10-04T15:51:12.000Z,1
2019-10-04T15:51:18.000Z,1
2019-10-04T16:07:13.000Z,1
2019-10-04T16:11:18.000Z,1
2019-10-04T16:21:38.000Z,1
2019-10-04T16:57:21.000Z,2
2019-10-04T17:00:33.000Z,1
2019-10-04T17:01:58.000Z,1
2019-10-04T17:19:54.000Z,1
2019-10-04T17:42:41.000Z,1
2019-10-04T17:50:14.000Z,1
2019-10-04T17:57:59.000Z,1
2019-10-04T18:11:29.000Z,1
2019-10-04T18:23:56.000Z,2
2019-10-04T18:27:30.000Z,1
2019-10-04T18:42:36.000Z,1
2019-10-04T19:05:29.000Z,1
2019-10-04T20:02:09.000Z,1
2019-10-04T20:11:50.000Z,1
2019-10-04T20:26:30.000Z,1
2019-10-04T20:45:29.000Z,1
2019-10-04T20:47:38.000Z,1
2019-10-04T21:09:32.000Z,1
2019-10-04T22:05:15.000Z,1
2019-10-04T22:36:38.000Z,1
2019-10-04T22:41:23.000Z,1
2019-10-04T23:03:13.000Z,1
2019-10-04T23:03:34.000Z,1
2019-10-04T23:23:35.000Z,1
2019-10-04T23:28:40.000Z,1
2019-10-04T23:32:40.000Z,1
2019-10-05T03:58:46.000Z,1
2019-10-05T08:26:53.000Z,1
2019-10-05T09:06:24.000Z,1
2019-10-05T09:06:50.000Z,1
2019-10-05T09:15:40.000Z,1
2019-10-05T09:40:09.000Z,1
2019-10-05T10:16:51.000Z,1
2019-10-05T10:24:33.000Z,1
2019-10-05T10:41:57.000Z,1
2019-10-01T05:31:38.000Z,1
2019-10-01T05:49:16.000Z,1
2019-10-01T06:22:26.000Z,2
2019-10-01T06:27:11.000Z,1
2019-10-01T06:41:03.000Z,1
2019-10-01T06:45:18.000Z,1
2019-10-01T06:54:46.000Z,3
2019-10-01T07:18:38.000Z,1
2019-10-01T07:40:38.000Z,1
2019-10-01T08:41:18.000Z,1
2019-10-01T08:50:53.000Z,1
2019-10-01T09:12:20.000Z,1
2019-10-01T12:57:26.000Z,1
2019-10-01T13:30:00.000Z,1
2019-10-01T17:16:13.000Z,1
2019-10-01T07:46:55.000Z,1
2019-10-01T08:27:05.000Z,2
2019-10-01T08:33:41.000Z,1
2019-10-01T09:02:18.000Z,1
2019-10-01T10:05:25.000Z,1
2019-10-01T10:35:42.000Z,1
2019-10-01T11:42:37.000Z,1
2019-10-01T11:54:49.000Z,1
2019-10-01T12:23:17.000Z,1
2019-10-01T12:32:27.000Z,1
2019-10-01T12:51:01.000Z,1
2019-10-01T14:04:39.000Z,1
2019-10-01T14:11:26.000Z,1
2019-10-01T14:17:01.000Z,1
2019-10-01T15:59:22.000Z,1
2019-10-01T16:38:36.000Z,2
2019-10-01T16:42:49.000Z,1
2019-10-01T16:46:47.000Z,2
2019-10-01T16:51:02.000Z,1
2019-10-01T16:55:07.000Z,2
2019-10-01T17:05:22.000Z,1
2019-10-01T17:11:52.000Z,1
2019-10-01T17:14:07.000Z,1
2019-10-01T17:24:09.000Z,1
2019-10-01T17:27:07.000Z,1
2019-10-01T17:29:24.000Z,2
2019-10-01T17:44:09.000Z,1
2019-10-01T17:46:02.000Z,1
2019-10-01T17:55:22.000Z,2
2019-10-01T17:56:57.000Z,1
2019-10-01T17:56:47.000Z,1
2019-10-01T17:57:35.000Z,1
2019-10-01T18:02:50.000Z,1
2019-10-01T18:05:33.000Z,2
2019-10-01T18:12:38.000Z,2
2019-10-01T18:18:43.000Z,1
2019-10-01T18:22:54.000Z,2
2019-10-01T18:38:02.000Z,1
2019-10-01T18:43:22.000Z,1
2019-10-01T18:55:44.000Z,1
2019-10-01T19:12:07.000Z,1
2019-10-01T19:26:23.000Z,1
2019-10-01T19:26:35.000Z,1
2019-10-01T19:27:57.000Z,2
2019-10-01T19:37:19.000Z,1
2019-10-01T20:09:56.000Z,1
2019-10-01T20:36:26.000Z,1
2019-10-01T20:51:31.000Z,1
2019-10-01T21:13:06.000Z,1
2019-10-01T21:17:31.000Z,1
2019-10-01T21:29:44.000Z,2
2019-10-01T21:34:14.000Z,1
2019-10-01T21:43:15.000Z,1
2019-10-01T21:47:44.000Z,1
2019-10-01T22:30:34.000Z,1
2019-10-01T23:41:49.000Z,1
2019-10-02T06:12:24.000Z,1
2019-10-02T06:25:51.000Z,2
2019-10-02T06:42:28.000Z,1
2019-10-02T06:45:37.000Z,2
2019-10-02T06:51:58.000Z,1
2019-10-02T06:59:50.000Z,1
2019-10-02T07:06:39.000Z,1
2019-10-02T07:24:27.000Z,1
2019-10-02T07:32:31.000Z,1
2019-10-02T08:11:18.000Z,1
2019-10-02T08:33:59.000Z,1
2019-10-02T08:49:14.000Z,1
2019-10-02T09:16:07.000Z,1
2019-10-02T11:01:20.000Z,1
2019-10-02T12:09:31.000Z,1
2019-10-02T13:08:32.000Z,1
2019-10-02T13:51:59.000Z,1
2019-10-02T13:52:28.000Z,1
2019-10-02T15:32:55.000Z,1
2019-10-02T15:36:29.000Z,1
2019-10-02T15:49:53.000Z,1
2019-10-02T15:49:56.000Z,1
2019-10-02T16:00:30.000Z,1
2019-10-02T16:03:50.000Z,1
2019-10-02T16:06:17.000Z,1
2019-10-02T16:28:57.000Z,1
2019-10-02T16:33:38.000Z,1
2019-10-02T16:40:34.000Z,1
2019-10-02T16:43:27.000Z,2
2019-10-02T16:45:07.000Z,1
2019-10-02T16:52:10.000Z,1
2019-10-02T17:01:00.000Z,2
2019-10-02T17:04:58.000Z,1
2019-10-02T17:33:26.000Z,1
2019-10-02T17:34:29.000Z,1
2019-10-02T17:47:43.000Z,1
2019-10-02T18:06:56.000Z,1
2019-10-02T18:10:29.000Z,1
2019-10-02T18:39:43.000Z,1
2019-10-02T18:55:00.000Z,1
2019-10-02T18:58:02.000Z,1
2019-10-02T19:57:01.000Z,2
2019-10-02T20:50:42.000Z,1
2019-10-02T21:06:17.000Z,1
2019-10-02T21:20:07.000Z,2
2019-10-02T21:39:06.000Z,1
2019-10-02T22:03:29.000Z,1
2019-10-03T05:44:39.000Z,1
2019-10-03T06:11:28.000Z,1
2019-10-03T06:24:50.000Z,1
2019-10-03T07:26:05.000Z,1
2019-10-03T07:28:31.000Z,2
2019-10-03T07:29:31.000Z,1
2019-10-03T07:34:43.000Z,1
2019-10-03T07:34:59.000Z,1
2019-10-03T07:42:44.000Z,1
2019-10-03T07:45:16.000Z,1
2019-10-03T07:46:29.000Z,1
2019-10-03T07:47:40.000Z,1
2019-10-03T07:53:20.000Z,1
2019-10-03T08:01:37.000Z,1
2019-10-03T08:05:10.000Z,1
2019-10-03T08:15:58.000Z,1
2019-10-03T08:20:53.000Z,1
2019-10-03T08:27:44.000Z,3
2019-10-03T08:44:37.000Z,3
2019-10-03T08:58:00.000Z,1
2019-10-03T10:22:29.000Z,1
2019-10-03T11:20:15.000Z,1
2019-10-03T12:21:01.000Z,1
2019-10-03T12:21:53.000Z,1
2019-10-03T12:31:35.000Z,1
2019-10-03T12:33:09.000Z,1
2019-10-03T13:26:19.000Z,1
2019-10-03T14:05:03.000Z,1
2019-10-03T14:08:24.000Z,1
2019-10-03T14:20:58.000Z,2
2019-10-03T14:25:09.000Z,1
2019-10-03T14:49:21.000Z,1
2019-10-03T14:52:39.000Z,2
2019-10-03T15:11:57.000Z,1
2019-10-03T15:14:33.000Z,1
2019-10-03T16:01:33.000Z,1
2019-10-03T16:03:07.000Z,1
2019-10-03T16:03:58.000Z,1
2019-10-03T16:17:52.000Z,1
2019-10-03T16:26:18.000Z,1
2019-10-03T16:28:13.000Z,1
2019-10-03T16:35:55.000Z,2
2019-10-03T16:39:27.000Z,1
2019-10-03T16:41:53.000Z,1
2019-10-03T16:49:33.000Z,1
2019-10-03T16:55:12.000Z,1
2019-10-03T16:56:10.000Z,1
2019-10-03T17:03:04.000Z,1
2019-10-03T17:05:52.000Z,1
2019-10-03T17:12:59.000Z,1
2019-10-03T17:13:12.000Z,1
2019-10-03T17:13:53.000Z,1
2019-10-03T17:15:16.000Z,1
2019-10-03T17:20:09.000Z,1
2019-10-03T17:23:39.000Z,1
2019-10-03T17:27:09.000Z,1
2019-10-03T17:28:50.000Z,1
2019-10-03T17:32:17.000Z,1
2019-10-03T17:33:28.000Z,1
2019-10-03T17:42:51.000Z,1
2019-10-03T17:54:19.000Z,2
2019-10-03T18:03:29.000Z,1
2019-10-03T18:04:38.000Z,1
2019-10-03T18:06:20.000Z,1
2019-10-03T18:08:24.000Z,1
2019-10-03T18:18:40.000Z,1
2019-10-03T18:20:58.000Z,1
2019-10-03T18:57:52.000Z,1
2019-10-03T18:59:25.000Z,1
2019-10-03T19:16:35.000Z,1
2019-10-03T20:08:11.000Z,1
2019-10-03T21:00:44.000Z,1
2019-10-03T21:52:19.000Z,1
2019-10-03T22:07:34.000Z,1
2019-10-03T22:16:50.000Z,1
2019-10-03T22:22:03.000Z,1
2019-10-03T22:48:03.000Z,1
2019-10-03T22:55:30.000Z,1
2019-10-03T23:25:17.000Z,1
2019-10-03T23:29:32.000Z,1
2019-10-04T00:57:30.000Z,1
2019-10-04T05:19:06.000Z,1
2019-10-04T06:41:11.000Z,1
2019-10-04T07:24:27.000Z,1
2019-10-04T07:29:00.000Z,1
2019-10-04T07:48:49.000Z,1
2019-10-04T07:54:41.000Z,1
2019-10-04T08:01:14.000Z,2
2019-10-04T08:06:12.000Z,1
2019-10-04T08:12:54.000Z,2
2019-10-04T08:17:41.000Z,2
2019-10-04T08:23:59.000Z,1
2019-10-04T08:29:48.000Z,2
2019-10-04T08:37:21.000Z,1
2019-10-04T08:51:05.000Z,2
2019-10-04T09:38:11.000Z,1
2019-10-04T09:44:05.000Z,1
2019-10-04T09:45:35.000Z,1
2019-10-04T10:09:58.000Z,3
2019-10-04T10:16:02.000Z,1
2019-10-04T10:28:26.000Z,1
2019-10-04T10:39:06.000Z,1
2019-10-04T10:40:31.000Z,1
2019-10-04T10:51:59.000Z,1
2019-10-04T10:55:44.000Z,1
2019-10-04T11:44:09.000Z,1
2019-10-04T11:58:00.000Z,1
2019-10-04T12:47:21.000Z,1
2019-10-04T12:55:25.000Z,2
2019-10-04T13:52:25.000Z,2
2019-10-04T14:09:07.000Z,1
2019-10-04T14:10:48.000Z,1
2019-10-04T14:19:13.000Z,1
2019-10-04T14:51:07.000Z,1
2019-10-04T14:53:11.000Z,1
2019-10-04T15:14:15.000Z,2
2019-10-04T15:14:28.000Z,1
2019-10-04T15:25:35.000Z,1
2019-10-04T15:27:55.000Z,1
2019-10-04T15:35:06.000Z,1
2019-10-04T15:45:00.000Z,1
2019-10-04T15:50:45.000Z,1
2019-10-04T15:59:56.000Z,1
2019-10-04T16:12:15.000Z,1
2019-10-04T16:16:38.000Z,1
2019-10-04T16:33:35.000Z,1
2019-10-04T16:44:15.000Z,1
2019-10-04T16:44:19.000Z,1
2019-10-04T16:53:13.000Z,1
2019-10-04T16:56:26.000Z,2
2019-10-04T17:03:09.000Z,1
2019-10-04T17:57:43.000Z,1
2019-10-04T18:01:41.000Z,2
2019-10-04T18:10:48.000Z,1
2019-10-04T18:13:35.000Z,1
2019-10-04T18:23:57.000Z,1
2019-10-04T18:33:43.000Z,1
2019-10-04T18:36:44.000Z,2
2019-10-04T18:58:31.000Z,1
2019-10-04T20:03:10.000Z,1
2019-10-04T20:06:41.000Z,1
2019-10-04T20:08:44.000Z,1
2019-10-04T22:01:17.000Z,1
2019-10-04T22:26:51.000Z,1
2019-10-04T22:27:17.000Z,1
2019-10-04T22:36:26.000Z,1
2019-10-04T22:53:59.000Z,1
2019-10-04T23:56:15.000Z,1
2019-10-05T00:19:47.000Z,1
2019-10-05T00:59:34.000Z,1
2019-10-05T01:48:10.000Z,1
2019-10-05T02:56:58.000Z,1
2019-10-05T06:57:15.000Z,1
2019-10-05T09:20:44.000Z,1
2019-10-05T09:39:36.000Z,1
2019-10-05T09:46:13.000Z,1
2019-10-05T10:08:58.000Z,1
2019-10-05T10:22:15.000Z,1
2019-10-05T10:24:48.000Z,1
2019-10-05T10:24:53.000Z,1
2019-10-05T10:38:51.000Z,1
2019-10-05T10:38:57.000Z,1
2019-10-05T10:42:15.000Z,1
2019-10-05T10:46:23.000Z,1
2019-10-05T10:58:19.000Z,2
2019-10-05T11:19:07.000Z,1
2019-10-05T11:39:18.000Z,2
2019-10-05T11:43:25.000Z,1
2019-10-05T11:51:16.000Z,1
2019-10-05T12:24:52.000Z,2
2019-10-05T12:39:29.000Z,1
2019-10-05T13:03:24.000Z,1
2019-10-05T13:42:21.000Z,1
2019-10-05T14:02:18.000Z,1
2019-10-05T14:39:48.000Z,1
2019-10-05T15:01:08.000Z,1
2019-10-05T16:10:05.000Z,1
2019-10-05T17:23:41.000Z,1
2019-10-05T19:47:01.000Z,1
2019-10-06T01:26:54.000Z,1
2019-10-06T09:17:53.000Z,2
2019-10-05T12:21:24.000Z,2
2019-10-05T12:41:55.000Z,1
2019-10-05T13:54:01.000Z,2
2019-10-05T14:11:37.000Z,1
2019-10-05T14:24:52.000Z,2
2019-10-05T14:29:51.000Z,2
2019-10-05T15:23:25.000Z,1
2019-10-05T15:34:21.000Z,1
2019-10-05T15:53:42.000Z,1
2019-10-05T16:14:10.000Z,1
2019-10-05T16:19:41.000Z,1
2019-10-05T16:24:53.000Z,1
2019-10-05T16:25:59.000Z,1
2019-10-05T16:42:33.000Z,1
2019-10-05T16:46:52.000Z,2
2019-10-05T17:08:43.000Z,1
2019-10-05T17:14:40.000Z,1
2019-10-05T20:59:06.000Z,1
2019-10-05T21:28:09.000Z,1
2019-10-06T00:14:30.000Z,1
2019-10-06T00:35:45.000Z,1
2019-10-06T03:42:33.000Z,1
2019-10-06T09:17:59.000Z,1
2019-10-06T09:32:28.000Z,1
2019-10-06T09:32:46.000Z,1
2019-10-06T09:56:53.000Z,1
2019-10-06T10:23:34.000Z,1
2019-10-06T10:31:50.000Z,1
2019-10-06T11:10:35.000Z,1
2019-10-06T11:16:20.000Z,2
2019-10-06T11:22:44.000Z,1
2019-10-06T11:46:10.000Z,1
2019-10-06T12:02:24.000Z,2
2019-10-06T12:03:13.000Z,1
2019-10-06T12:03:36.000Z,1
2019-10-06T12:08:38.000Z,1
2019-10-06T12:10:05.000Z,1
2019-10-06T12:13:55.000Z,1
2019-10-06T12:20:29.000Z,1
2019-10-06T12:51:10.000Z,1
2019-10-06T12:53:51.000Z,1
2019-10-06T13:08:31.000Z,1
2019-10-06T13:12:10.000Z,2
2019-10-06T13:19:49.000Z,1
2019-10-06T13:54:42.000Z,2
2019-10-06T13:55:50.000Z,1
2019-10-06T14:01:33.000Z,1
2019-10-06T14:20:33.000Z,1
2019-10-06T14:31:36.000Z,1
2019-10-06T14:36:54.000Z,2
2019-10-06T14:44:42.000Z,1
2019-10-06T14:52:00.000Z,1
2019-10-06T14:53:23.000Z,2
2019-10-06T15:26:19.000Z,1
2019-10-06T15:36:45.000Z,1
2019-10-06T15:39:57.000Z,2
2019-10-06T15:48:23.000Z,1
2019-10-06T16:17:02.000Z,1
2019-10-06T16:33:37.000Z,1
2019-10-06T16:41:35.000Z,1
2019-10-06T16:55:49.000Z,1
2019-10-06T17:02:34.000Z,1
2019-10-06T17:03:28.000Z,1
2019-10-06T17:07:23.000Z,2
2019-10-06T17:22:03.000Z,1
2019-10-06T17:54:02.000Z,1
2019-10-06T18:16:00.000Z,1
2019-10-06T18:31:06.000Z,1
2019-10-06T18:37:18.000Z,1
2019-10-06T18:47:55.000Z,1
2019-10-06T18:53:10.000Z,1
2019-10-06T20:11:36.000Z,1
2019-10-06T20:23:41.000Z,1
2019-10-06T20:51:46.000Z,1
2019-10-06T22:04:02.000Z,1
2019-10-06T22:36:14.000Z,1
2019-10-07T06:15:20.000Z,1
2019-10-07T06:42:14.000Z,1
2019-10-07T06:47:36.000Z,2
2019-10-07T06:54:50.000Z,1
2019-10-07T07:25:00.000Z,1
2019-10-07T07:34:37.000Z,1
2019-10-07T07:54:58.000Z,1
2019-10-07T08:00:29.000Z,3
2019-10-07T08:09:02.000Z,1
2019-10-07T08:22:42.000Z,2
2019-10-07T08:25:53.000Z,1
2019-10-07T08:37:46.000Z,4
2019-10-07T09:10:04.000Z,1
2019-10-07T09:53:54.000Z,1
2019-10-07T10:28:06.000Z,1
2019-10-07T10:30:29.000Z,2
2019-10-07T10:54:54.000Z,1
2019-10-07T11:56:38.000Z,1
2019-10-07T12:28:25.000Z,2
2019-10-07T12:33:02.000Z,1
2019-10-07T13:27:58.000Z,1
2019-10-07T13:37:36.000Z,1
2019-10-07T15:02:13.000Z,1
2019-10-07T15:19:57.000Z,2
2019-10-07T15:30:11.000Z,1
2019-10-07T15:30:25.000Z,1
2019-10-07T16:19:14.000Z,1
2019-10-07T16:24:07.000Z,1
2019-10-07T16:31:32.000Z,1
2019-10-07T16:42:25.000Z,1
2019-10-07T17:09:55.000Z,2
2019-10-07T17:17:50.000Z,1
2019-10-07T17:19:51.000Z,1
2019-10-07T17:27:53.000Z,2
2019-10-07T17:28:41.000Z,2
2019-10-07T17:41:22.000Z,1
2019-10-07T18:07:59.000Z,1
2019-10-07T18:20:32.000Z,1
2019-10-07T18:27:34.000Z,2
2019-10-07T18:40:01.000Z,1
2019-10-07T18:40:10.000Z,1
2019-10-07T19:00:33.000Z,1
2019-10-07T19:12:15.000Z,1
2019-10-07T19:26:32.000Z,1
2019-10-07T19:34:15.000Z,2
2019-10-07T19:44:59.000Z,2
2019-10-07T19:56:45.000Z,1
2019-10-07T20:08:47.000Z,1
2019-10-07T22:59:08.000Z,1
2019-10-08T00:05:41.000Z,1
2019-10-08T01:11:26.000Z,1
2019-10-08T03:11:59.000Z,1
2019-10-08T04:16:56.000Z,1
2019-10-08T06:02:20.000Z,1
2019-10-08T06:27:44.000Z,1
2019-10-08T06:58:18.000Z,3
2019-10-08T07:23:49.000Z,1
2019-10-08T07:29:36.000Z,1
2019-10-08T08:09:09.000Z,2
2019-10-08T08:11:06.000Z,1
2019-10-08T08:20:36.000Z,1
2019-10-08T08:27:00.000Z,1
2019-10-08T08:32:36.000Z,1
2019-10-08T08:34:59.000Z,1
2019-10-08T08:43:26.000Z,1
2019-10-08T08:48:08.000Z,1
2019-10-08T08:51:16.000Z,1
2019-10-08T09:04:55.000Z,1
2019-10-08T09:05:11.000Z,1
2019-10-08T09:18:22.000Z,2
2019-10-08T09:19:09.000Z,1
2019-10-08T09:23:42.000Z,1
2019-10-08T09:38:11.000Z,1
2019-10-08T09:52:39.000Z,1
2019-10-08T10:23:33.000Z,1
2019-10-08T10:36:46.000Z,1
2019-10-08T11:04:13.000Z,1
2019-10-08T11:31:52.000Z,1
2019-10-08T11:59:09.000Z,1
2019-10-08T13:16:26.000Z,1
2019-10-08T13:56:49.000Z,1
2019-10-08T13:59:50.000Z,1
2019-10-08T14:30:16.000Z,1
2019-10-08T14:39:58.000Z,1
2019-10-08T15:21:28.000Z,1
2019-10-08T15:26:58.000Z,1
2019-10-08T15:43:09.000Z,1
2019-10-08T15:59:32.000Z,1
2019-10-08T16:03:25.000Z,2
2019-10-08T16:21:16.000Z,1
2019-10-08T16:35:46.000Z,1
2019-10-08T16:38:53.000Z,1
2019-10-08T16:45:23.000Z,1
2019-10-08T16:53:53.000Z,1
2019-10-08T17:25:31.000Z,3
2019-10-08T17:27:50.000Z,1
2019-10-08T17:29:35.000Z,1
2019-10-08T17:30:41.000Z,1
2019-10-08T17:33:23.000Z,2
2019-10-08T17:33:51.000Z,4
2019-10-08T17:34:54.000Z,1
2019-10-08T17:37:38.000Z,4
2019-10-08T18:13:37.000Z,1
2019-10-08T18:18:40.000Z,1
2019-10-08T18:19:37.000Z,2
2019-10-08T18:29:27.000Z,1
2019-10-08T18:32:14.000Z,2
2019-10-08T18:34:48.000Z,1
2019-10-08T18:36:49.000Z,1
2019-10-08T18:41:29.000Z,1
2019-10-08T18:55:31.000Z,1
2019-10-08T19:24:54.000Z,1
2019-10-08T19:48:43.000Z,1
2019-10-08T20:51:37.000Z,1
2019-10-08T21:03:15.000Z,1
2019-10-08T21:12:48.000Z,1
2019-10-08T21:14:27.000Z,1
2019-10-08T21:38:13.000Z,1
2019-10-08T23:34:53.000Z,1
2019-10-09T00:03:44.000Z,1
2019-10-09T05:44:13.000Z,1
2019-10-09T06:03:59.000Z,1
2019-10-09T06:07:05.000Z,1
2019-10-09T06:28:22.000Z,1
2019-10-09T06:31:58.000Z,1
2019-10-09T06:53:08.000Z,1
2019-10-09T07:04:34.000Z,1
2019-10-09T07:25:05.000Z,1
2019-10-09T07:30:35.000Z,1
2019-10-09T07:58:45.000Z,1
2019-10-09T08:00:22.000Z,1
2019-10-09T08:01:15.000Z,1
2019-10-09T08:05:20.000Z,1
2019-10-09T08:13:12.000Z,2
2019-10-09T08:16:17.000Z,1
2019-10-09T08:21:00.000Z,1
2019-10-09T08:25:59.000Z,2
2019-10-09T08:26:07.000Z,1
2019-10-09T08:50:39.000Z,1
2019-10-09T08:55:21.000Z,1
2019-10-09T09:28:45.000Z,1
2019-10-09T09:36:27.000Z,1
2019-10-09T09:45:42.000Z,1
2019-10-09T10:09:12.000Z,1
2019-10-05T11:17:13.000Z,1
2019-10-05T11:26:17.000Z,2
2019-10-05T11:37:02.000Z,1
2019-10-05T11:48:01.000Z,1
2019-10-05T11:59:17.000Z,1
2019-10-05T12:03:57.000Z,1
2019-10-05T12:06:37.000Z,1
2019-10-05T12:16:41.000Z,1
2019-10-05T12:23:33.000Z,1
2019-10-05T12:42:13.000Z,1
2019-10-05T12:47:11.000Z,2
2019-10-05T12:49:09.000Z,1
2019-10-05T12:59:57.000Z,1
2019-10-05T13:47:49.000Z,1
2019-10-05T14:00:16.000Z,1
2019-10-05T14:28:00.000Z,1
2019-10-05T14:40:58.000Z,1
2019-10-05T14:59:48.000Z,1
2019-10-05T15:12:45.000Z,1
2019-10-05T15:54:54.000Z,1
2019-10-05T14:45:33.000Z,1
2019-10-05T15:00:28.000Z,1
2019-10-05T15:36:39.000Z,3
2019-10-05T16:04:19.000Z,1
2019-10-05T17:00:14.000Z,1
2019-10-05T17:10:16.000Z,1
2019-10-05T17:12:55.000Z,1
2019-10-05T17:30:04.000Z,1
2019-10-05T20:31:34.000Z,1
2019-10-05T21:54:17.000Z,1
2019-10-05T23:20:23.000Z,1
2019-10-06T01:40:53.000Z,1
2019-10-06T02:11:56.000Z,1
2019-10-06T07:38:43.000Z,1
2019-10-06T09:03:03.000Z,1
2019-10-06T09:44:39.000Z,1
2019-10-06T09:52:07.000Z,1
2019-10-06T09:54:08.000Z,1
2019-10-06T10:06:11.000Z,1
2019-10-06T10:10:55.000Z,1
2019-10-06T10:11:03.000Z,1
2019-10-06T10:34:24.000Z,1
2019-10-06T11:05:03.000Z,1
2019-10-06T11:23:02.000Z,1
2019-10-06T11:27:15.000Z,1
2019-10-06T11:27:47.000Z,2
2019-10-06T11:35:07.000Z,1
2019-10-06T11:35:46.000Z,1
2019-10-06T12:01:22.000Z,1
2019-10-06T12:23:57.000Z,1
2019-10-06T12:44:39.000Z,1
2019-10-06T12:45:42.000Z,1
2019-10-06T12:47:45.000Z,1
2019-10-06T12:57:44.000Z,3
2019-10-06T12:58:26.000Z,3
2019-10-06T13:07:28.000Z,1
2019-10-06T13:22:51.000Z,1
2019-10-06T13:22:55.000Z,1
2019-10-06T13:28:02.000Z,1
2019-10-06T13:30:32.000Z,1
2019-10-06T13:31:20.000Z,1
2019-10-06T13:36:57.000Z,1
2019-10-06T13:53:15.000Z,2
2019-10-06T14:14:51.000Z,1
2019-10-06T14:23:16.000Z,1
2019-10-06T14:39:01.000Z,1
2019-10-06T14:42:45.000Z,1
2019-10-06T14:45:40.000Z,2
2019-10-06T14:59:00.000Z,1
2019-10-06T15:13:29.000Z,2
2019-10-06T15:15:50.000Z,1
2019-10-06T15:17:54.000Z,1
2019-10-06T15:24:53.000Z,1
2019-10-06T15:27:57.000Z,1
2019-10-06T15:31:08.000Z,1
2019-10-06T15:32:08.000Z,1
2019-10-06T15:48:22.000Z,1
2019-10-06T15:58:07.000Z,1
2019-10-06T16:12:28.000Z,1
2019-10-06T16:13:45.000Z,1
2019-10-06T16:15:38.000Z,1
2019-10-06T16:18:46.000Z,1
2019-10-06T16:25:38.000Z,1
2019-10-06T16:27:27.000Z,1
2019-10-06T16:29:48.000Z,1
2019-10-06T16:40:02.000Z,1
2019-10-06T16:52:43.000Z,1
2019-10-06T17:04:13.000Z,1
2019-10-06T17:18:13.000Z,1
2019-10-06T17:34:15.000Z,1
2019-10-06T18:08:29.000Z,1
2019-10-06T19:20:07.000Z,1
2019-10-06T21:01:23.000Z,1
2019-10-06T21:36:44.000Z,1
2019-10-06T21:56:59.000Z,1
2019-10-06T22:07:57.000Z,1
2019-10-06T23:10:51.000Z,1
2019-10-07T04:32:15.000Z,1
2019-10-07T05:11:26.000Z,1
2019-10-07T06:09:00.000Z,1
2019-10-07T06:35:22.000Z,1
2019-10-07T06:45:37.000Z,1
2019-10-07T07:06:35.000Z,2
2019-10-07T07:12:05.000Z,1
2019-10-07T07:16:03.000Z,1
2019-10-07T07:28:24.000Z,3
2019-10-07T07:33:00.000Z,2
2019-10-07T07:39:35.000Z,2
2019-10-07T07:52:46.000Z,1
2019-10-07T07:58:55.000Z,1
2019-10-07T08:01:39.000Z,1
2019-10-07T08:01:59.000Z,1
2019-10-07T08:05:27.000Z,1
2019-10-07T08:13:58.000Z,2
2019-10-07T08:15:09.000Z,1
2019-10-07T08:39:54.000Z,1
2019-10-07T09:09:13.000Z,1
2019-10-07T09:15:42.000Z,1
2019-10-07T10:25:10.000Z,1
2019-10-07T10:33:27.000Z,1
2019-10-07T11:22:32.000Z,1
2019-10-07T12:41:03.000Z,1
2019-10-07T12:45:10.000Z,1
2019-10-07T12:58:40.000Z,1
2019-10-07T13:08:24.000Z,1
2019-10-07T13:39:45.000Z,1
2019-10-07T14:02:41.000Z,1
2019-10-07T14:45:50.000Z,1
2019-10-07T14:53:47.000Z,1
2019-10-07T16:10:29.000Z,1
2019-10-07T16:17:31.000Z,1
2019-10-07T16:20:07.000Z,1
2019-10-07T16:22:10.000Z,1
2019-10-07T16:37:30.000Z,2
2019-10-07T16:38:01.000Z,2
2019-10-07T16:40:06.000Z,1
2019-10-07T16:47:44.000Z,1
2019-10-07T17:00:48.000Z,2
2019-10-07T17:22:04.000Z,1
2019-10-07T17:26:13.000Z,1
2019-10-07T17:30:36.000Z,1
2019-10-07T17:33:58.000Z,1
2019-10-07T17:35:58.000Z,2
2019-10-07T17:43:39.000Z,2
2019-10-07T17:46:45.000Z,1
2019-10-07T17:51:50.000Z,1
2019-10-07T17:52:42.000Z,2
2019-10-07T18:00:03.000Z,1
2019-10-07T18:03:48.000Z,1
2019-10-07T18:11:39.000Z,1
2019-10-07T18:19:08.000Z,1
2019-10-07T18:41:42.000Z,1
2019-10-07T19:14:47.000Z,1
2019-10-07T19:25:21.000Z,1
2019-10-07T19:31:56.000Z,1
2019-10-07T19:34:42.000Z,2
2019-10-07T20:04:25.000Z,1
2019-10-07T20:33:12.000Z,1
2019-10-07T21:02:03.000Z,1
2019-10-07T22:39:51.000Z,1
2019-10-08T05:06:33.000Z,1
2019-10-08T05:31:39.000Z,1
2019-10-08T05:46:28.000Z,1
2019-10-08T05:57:28.000Z,1
2019-10-08T07:16:42.000Z,1
2019-10-08T07:16:46.000Z,1
2019-10-08T07:20:31.000Z,2
2019-10-08T07:29:17.000Z,1
2019-10-08T07:41:40.000Z,1
2019-10-08T07:43:44.000Z,1
2019-10-08T07:48:30.000Z,2
2019-10-08T07:54:13.000Z,1
2019-10-08T07:55:49.000Z,1
2019-10-08T07:58:11.000Z,1
2019-10-08T07:59:55.000Z,2
2019-10-08T08:00:39.000Z,1
2019-10-08T08:16:20.000Z,1
2019-10-08T08:16:59.000Z,1
2019-10-08T08:18:00.000Z,1
2019-10-08T08:17:59.000Z,1
2019-10-08T08:18:45.000Z,1
2019-10-08T08:20:43.000Z,1
2019-10-08T08:51:37.000Z,1
2019-10-08T09:32:44.000Z,1
2019-10-08T10:04:37.000Z,1
2019-10-08T10:10:04.000Z,1
2019-10-08T10:21:06.000Z,1
2019-10-08T10:36:00.000Z,1
2019-10-08T10:38:28.000Z,1
2019-10-08T10:42:06.000Z,1
2019-10-08T11:04:10.000Z,1
2019-10-08T11:46:51.000Z,1
2019-10-08T12:03:27.000Z,1
2019-10-08T12:07:57.000Z,1
2019-10-08T12:13:57.000Z,1
2019-10-08T12:31:51.000Z,1
2019-10-08T13:17:55.000Z,1
2019-10-08T13:32:12.000Z,1
2019-10-08T13:48:18.000Z,1
2019-10-08T14:13:43.000Z,1
2019-10-08T14:33:28.000Z,2
2019-10-08T15:02:25.000Z,1
2019-10-08T15:34:21.000Z,1
2019-10-08T15:36:07.000Z,1
2019-10-08T16:05:04.000Z,1
2019-10-08T16:12:17.000Z,1
2019-10-08T16:17:21.000Z,1
2019-10-08T16:25:59.000Z,2
2019-10-08T16:29:34.000Z,2
2019-10-08T16:29:52.000Z,1
2019-10-08T16:34:29.000Z,2
2019-10-08T16:36:18.000Z,1
2019-10-08T16:43:32.000Z,1
2019-10-08T17:06:31.000Z,2
2019-10-08T17:15:07.000Z,1
2019-10-08T17:19:03.000Z,2
2019-10-08T17:20:06.000Z,1
2019-10-08T17:22:22.000Z,2
2019-10-08T17:23:48.000Z,1
2019-10-08T17:28:21.000Z,1
2019-10-08T17:30:57.000Z,1
2019-10-08T17:35:34.000Z,1
2019-10-08T17:36:40.000Z,1
2019-10-08T17:40:55.000Z,2
2019-10-08T17:43:37.000Z,1
2019-10-08T17:47:33.000Z,1
2019-10-08T18:08:47.000Z,1
2019-10-08T18:19:45.000Z,1
2019-10-08T18:20:47.000Z,1
2019-10-08T18:21:05.000Z,1
2019-10-08T18:34:09.000Z,2
2019-10-08T18:44:49.000Z,1
2019-10-08T19:34:19.000Z,1
2019-10-08T20:04:03.000Z,1
2019-10-08T20:19:32.000Z,1
2019-10-08T20:19:28.000Z,1
2019-10-08T21:09:36.000Z,2
2019-10-08T22:13:36.000Z,1
2019-10-08T22:35:24.000Z,1
2019-10-08T23:18:17.000Z,1
2019-10-08T23:22:53.000Z,1
2019-10-09T04:52:44.000Z,1
2019-10-09T06:10:10.000Z,1
2019-10-09T06:40:03.000Z,1
2019-10-09T07:08:55.000Z,1
2019-10-09T07:45:10.000Z,1
2019-10-09T07:51:53.000Z,1
2019-10-09T07:53:21.000Z,1
2019-10-09T07:59:18.000Z,1
2019-10-09T07:59:25.000Z,1
2019-10-09T08:00:26.000Z,1
2019-10-09T08:06:28.000Z,1
2019-10-09T08:15:45.000Z,1
2019-10-09T08:23:13.000Z,2
2019-10-09T08:27:07.000Z,2
2019-10-09T08:28:38.000Z,1
2019-10-09T08:48:24.000Z,1
2019-10-09T08:49:06.000Z,1
2019-10-09T09:00:40.000Z,1
2019-10-09T09:03:21.000Z,1
2019-10-09T09:11:30.000Z,2
2019-10-09T09:23:24.000Z,1
2019-10-09T09:26:57.000Z,1
2019-10-09T09:34:48.000Z,1
2019-10-09T10:21:21.000Z,1
2019-10-05T11:25:51.000Z,1
2019-10-05T11:54:34.000Z,1
2019-10-05T12:27:49.000Z,1
2019-10-05T12:28:34.000Z,1
2019-10-05T12:30:55.000Z,1
2019-10-05T12:42:16.000Z,1
2019-10-05T12:46:56.000Z,1
2019-10-05T12:48:14.000Z,1
2019-10-05T12:56:12.000Z,1
2019-10-05T13:00:26.000Z,2
2019-10-05T13:07:37.000Z,1
2019-10-05T13:08:17.000Z,1
2019-10-05T14:26:34.000Z,1
2019-10-05T14:39:43.000Z,1
2019-10-05T15:29:10.000Z,1
2019-10-05T12:19:18.000Z,1
2019-10-05T13:05:27.000Z,1
2019-10-05T13:27:29.000Z,1
2019-10-05T13:42:18.000Z,1
2019-10-05T14:31:17.000Z,1
2019-10-05T14:34:37.000Z,1
2019-10-05T15:07:44.000Z,1
2019-10-05T15:09:27.000Z,2
2019-10-05T15:40:16.000Z,1
2019-10-05T15:41:42.000Z,2
2019-10-05T16:05:03.000Z,1
2019-10-05T16:57:35.000Z,1
2019-10-05T16:58:07.000Z,1
2019-10-05T17:07:27.000Z,1
2019-10-05T17:10:56.000Z,1
2019-10-05T17:27:21.000Z,1
2019-10-05T21:17:13.000Z,1
2019-10-05T22:10:30.000Z,1
2019-10-05T22:26:12.000Z,1
2019-10-05T22:43:31.000Z,1
2019-10-05T22:52:51.000Z,1
2019-10-06T06:48:20.000Z,1
2019-10-06T07:42:12.000Z,2
2019-10-06T08:25:40.000Z,1
2019-10-06T09:30:14.000Z,2
2019-10-06T09:48:43.000Z,1
2019-10-06T10:08:23.000Z,1
2019-10-06T10:17:18.000Z,1
2019-10-06T10:59:05.000Z,1
2019-10-06T11:03:30.000Z,1
2019-10-06T11:07:04.000Z,2
2019-10-06T11:10:11.000Z,1
2019-10-06T11:18:47.000Z,3
2019-10-06T11:42:23.000Z,1
2019-10-06T11:59:04.000Z,1
2019-10-06T12:03:15.000Z,2
2019-10-06T12:21:25.000Z,1
2019-10-06T12:30:15.000Z,1
2019-10-06T13:02:57.000Z,2
2019-10-06T13:12:08.000Z,1
2019-10-06T13:33:39.000Z,1
2019-10-06T13:33:37.000Z,1
2019-10-06T13:38:11.000Z,1
2019-10-06T13:56:47.000Z,1
2019-10-06T14:04:09.000Z,1
2019-10-06T14:16:08.000Z,1
2019-10-06T14:22:31.000Z,1
2019-10-06T14:23:31.000Z,1
2019-10-06T14:26:08.000Z,1
2019-10-06T14:29:14.000Z,1
2019-10-06T15:16:34.000Z,2
2019-10-06T15:17:45.000Z,1
2019-10-06T15:19:24.000Z,1
2019-10-06T15:23:19.000Z,2
2019-10-06T15:24:45.000Z,1
2019-10-06T15:56:36.000Z,2
2019-10-06T15:58:38.000Z,1
2019-10-06T16:02:14.000Z,1
2019-10-06T16:07:19.000Z,1
2019-10-06T16:10:25.000Z,1
2019-10-06T16:16:45.000Z,2
2019-10-06T16:22:36.000Z,1
2019-10-06T16:35:58.000Z,1
2019-10-06T17:12:11.000Z,1
2019-10-06T17:16:29.000Z,1
2019-10-06T17:32:46.000Z,1
2019-10-06T17:58:03.000Z,1
2019-10-06T18:25:10.000Z,2
2019-10-06T18:48:50.000Z,1
2019-10-06T18:53:39.000Z,1
2019-10-06T19:42:29.000Z,1
2019-10-06T19:55:26.000Z,1
2019-10-06T20:03:40.000Z,2
2019-10-06T21:05:36.000Z,1
2019-10-06T21:20:48.000Z,1
2019-10-06T21:40:29.000Z,1
2019-10-06T21:46:13.000Z,1
2019-10-06T22:42:14.000Z,1
2019-10-06T23:20:10.000Z,2
2019-10-06T23:26:21.000Z,1
2019-10-07T04:19:07.000Z,1
2019-10-07T05:03:53.000Z,1
2019-10-07T05:25:49.000Z,1
2019-10-07T05:38:07.000Z,1
2019-10-07T06:39:05.000Z,1
2019-10-07T06:39:26.000Z,1
2019-10-07T06:45:47.000Z,1
2019-10-07T06:47:52.000Z,1
2019-10-07T07:11:07.000Z,1
2019-10-07T07:14:22.000Z,1
2019-10-07T07:23:17.000Z,1
2019-10-07T07:28:49.000Z,1
2019-10-07T07:50:11.000Z,4
2019-10-07T08:10:10.000Z,1
2019-10-07T08:18:40.000Z,1
2019-10-07T08:21:15.000Z,1
2019-10-07T08:21:40.000Z,2
2019-10-07T08:28:50.000Z,1
2019-10-07T08:32:51.000Z,2
2019-10-07T08:39:30.000Z,1
2019-10-07T08:41:50.000Z,1
2019-10-07T08:56:57.000Z,1
2019-10-07T09:00:18.000Z,1
2019-10-07T09:03:10.000Z,2
2019-10-07T09:05:56.000Z,1
2019-10-07T09:25:45.000Z,1
2019-10-07T09:40:16.000Z,1
2019-10-07T09:49:40.000Z,1
2019-10-07T10:03:27.000Z,1
2019-10-07T10:28:20.000Z,1
2019-10-07T10:39:27.000Z,1
2019-10-07T10:45:22.000Z,1
2019-10-07T11:05:03.000Z,1
2019-10-07T11:56:50.000Z,1
2019-10-07T12:25:39.000Z,1
2019-10-07T12:39:01.000Z,1
2019-10-07T12:49:42.000Z,1
2019-10-07T14:02:07.000Z,1
2019-10-07T14:11:55.000Z,1
2019-10-07T14:28:07.000Z,1
2019-10-07T14:41:45.000Z,1
2019-10-07T15:15:27.000Z,1
2019-10-07T16:00:20.000Z,1
2019-10-07T16:21:18.000Z,1
2019-10-07T16:25:27.000Z,1
2019-10-07T16:26:02.000Z,1
2019-10-07T16:32:55.000Z,1
2019-10-07T16:37:52.000Z,2
2019-10-07T16:38:26.000Z,1
2019-10-07T17:02:51.000Z,1
2019-10-07T17:06:54.000Z,2
2019-10-07T17:08:02.000Z,1
2019-10-07T17:27:15.000Z,1
2019-10-07T17:35:21.000Z,1
2019-10-07T17:39:27.000Z,1
2019-10-07T17:45:11.000Z,1
2019-10-07T17:48:07.000Z,1
2019-10-07T17:58:26.000Z,1
2019-10-07T18:03:18.000Z,1
2019-10-07T18:03:20.000Z,1
2019-10-07T18:11:02.000Z,2
2019-10-07T18:15:45.000Z,2
2019-10-07T18:20:23.000Z,1
2019-10-07T18:46:30.000Z,1
2019-10-07T18:50:07.000Z,1
2019-10-07T18:52:11.000Z,1
2019-10-07T18:58:55.000Z,1
2019-10-07T19:04:30.000Z,1
2019-10-07T19:06:07.000Z,2
2019-10-07T19:06:12.000Z,1
2019-10-07T20:37:14.000Z,1
2019-10-07T21:05:30.000Z,1
2019-10-07T21:18:27.000Z,1
2019-10-07T21:31:10.000Z,1
2019-10-07T22:36:36.000Z,1
2019-10-07T23:22:34.000Z,1
2019-10-07T23:51:30.000Z,1
2019-10-08T01:41:18.000Z,1
2019-10-08T05:49:19.000Z,1
2019-10-08T06:50:22.000Z,1
2019-10-08T07:21:32.000Z,1
2019-10-08T07:28:25.000Z,1
2019-10-08T07:28:57.000Z,1
2019-10-08T07:35:35.000Z,2
2019-10-08T07:50:00.000Z,1
2019-10-08T07:51:33.000Z,2
2019-10-08T07:54:41.000Z,1
2019-10-08T07:55:11.000Z,1
2019-10-08T07:55:45.000Z,2
2019-10-08T08:10:22.000Z,3
2019-10-08T08:11:02.000Z,1
2019-10-08T08:24:37.000Z,2
2019-10-08T08:41:39.000Z,1
2019-10-08T08:59:36.000Z,1
2019-10-08T09:07:34.000Z,2
2019-10-08T09:09:38.000Z,1
2019-10-08T09:14:18.000Z,1
2019-10-08T09:21:29.000Z,1
2019-10-08T10:02:13.000Z,1
2019-10-08T10:17:57.000Z,1
2019-10-08T11:16:33.000Z,1
2019-10-08T11:28:05.000Z,1
2019-10-08T12:49:32.000Z,1
2019-10-08T12:51:53.000Z,1
2019-10-08T12:59:38.000Z,1
2019-10-08T13:05:13.000Z,1
2019-10-08T13:18:21.000Z,2
2019-10-08T13:23:16.000Z,1
2019-10-08T13:24:44.000Z,1
2019-10-08T13:31:15.000Z,1
2019-10-08T13:58:45.000Z,1
2019-10-08T13:59:07.000Z,1
2019-10-08T14:44:50.000Z,1
2019-10-08T14:50:09.000Z,2
2019-10-08T14:51:11.000Z,1
2019-10-08T15:01:17.000Z,1
2019-10-08T15:05:03.000Z,2
2019-10-08T15:15:04.000Z,2
2019-10-08T15:40:44.000Z,1
2019-10-08T16:12:08.000Z,1
2019-10-08T16:36:42.000Z,1
2019-10-08T16:43:54.000Z,1
2019-10-08T16:51:31.000Z,2
2019-10-08T16:51:59.000Z,1
2019-10-08T17:01:55.000Z,2
2019-10-08T17:03:53.000Z,1
2019-10-08T17:15:14.000Z,1
2019-10-08T17:16:46.000Z,1
2019-10-08T17:17:20.000Z,1
2019-10-08T17:19:06.000Z,1
2019-10-08T17:21:49.000Z,1
2019-10-08T17:45:08.000Z,1
2019-10-08T17:50:51.000Z,1
2019-10-08T18:05:53.000Z,1
2019-10-08T18:18:35.000Z,2
2019-10-08T18:18:43.000Z,1
2019-10-08T18:27:39.000Z,2
2019-10-08T18:37:42.000Z,1
2019-10-08T18:42:40.000Z,2
2019-10-08T18:56:23.000Z,1
2019-10-08T19:19:55.000Z,1
2019-10-08T19:35:34.000Z,1
2019-10-08T20:26:11.000Z,1
2019-10-08T20:41:04.000Z,1
2019-10-08T21:28:34.000Z,1
2019-10-08T22:05:06.000Z,1
2019-10-08T23:13:55.000Z,1
2019-10-08T23:40:29.000Z,1
2019-10-08T23:49:25.000Z,1
2019-10-09T00:05:42.000Z,1
2019-10-09T01:12:52.000Z,1
2019-10-09T03:25:59.000Z,1
2019-10-09T05:22:05.000Z,1
2019-10-09T06:35:08.000Z,1
2019-10-09T06:51:52.000Z,1
2019-10-09T06:57:27.000Z,1
2019-10-09T07:30:05.000Z,1
2019-10-09T07:36:14.000Z,1
2019-10-09T07:48:36.000Z,1
2019-10-09T07:54:11.000Z,1
2019-10-09T08:09:02.000Z,2
2019-10-09T08:09:26.000Z,1
2019-10-09T08:10:00.000Z,1
2019-10-09T08:12:43.000Z,1
2019-10-09T08:29:46.000Z,1
2019-10-09T08:31:48.000Z,1
2019-10-09T08:31:49.000Z,1
2019-10-09T08:43:26.000Z,4
2019-10-09T09:31:51.000Z,1
2019-10-09T09:32:03.000Z,1
2019-10-09T10:02:12.000Z,1
2019-10-09T10:26:09.000Z,1
2019-10-05T11:26:36.000Z,1
2019-10-05T11:28:08.000Z,1
2019-10-05T11:35:14.000Z,2
2019-10-05T11:40:48.000Z,1
2019-10-05T11:46:35.000Z,1
2019-10-05T11:51:08.000Z,2
2019-10-05T11:57:32.000Z,2
2019-10-05T12:40:42.000Z,1
2019-10-05T12:56:46.000Z,1
2019-10-05T13:03:44.000Z,1
2019-10-05T13:23:19.000Z,1
2019-10-05T13:35:48.000Z,2
2019-10-05T13:41:23.000Z,1
2019-10-05T13:46:41.000Z,2
2019-10-05T13:53:52.000Z,1
2019-10-05T14:14:01.000Z,1
2019-10-05T14:57:12.000Z,1
2019-10-05T15:35:20.000Z,1
2019-10-05T15:41:03.000Z,1
2019-10-05T13:09:58.000Z,2
2019-10-05T13:38:34.000Z,1
2019-10-05T13:47:54.000Z,1
2019-10-05T14:05:03.000Z,1
2019-10-05T14:26:56.000Z,1
2019-10-05T14:34:16.000Z,1
2019-10-05T14:40:50.000Z,1
2019-10-05T14:43:46.000Z,1
2019-10-05T15:22:44.000Z,2
2019-10-05T15:32:55.000Z,1
2019-10-05T16:19:17.000Z,1
2019-10-05T16:30:49.000Z,1
2019-10-05T16:57:05.000Z,1
2019-10-05T19:42:17.000Z,1
2019-10-05T21:28:01.000Z,1
2019-10-05T23:44:44.000Z,1
2019-10-06T01:03:05.000Z,1
2019-10-06T03:11:47.000Z,1
2019-10-06T06:21:46.000Z,1
2019-10-06T07:26:04.000Z,1
2019-10-06T08:10:36.000Z,1
2019-10-06T09:14:30.000Z,1
2019-10-06T09:18:42.000Z,1
2019-10-06T09:43:28.000Z,1
2019-10-06T10:15:12.000Z,1
2019-10-06T10:16:19.000Z,1
2019-10-06T10:18:21.000Z,1
2019-10-06T10:40:36.000Z,1
2019-10-06T10:46:34.000Z,1
2019-10-06T10:59:20.000Z,1
2019-10-06T10:59:44.000Z,2
2019-10-06T11:01:06.000Z,1
2019-10-06T11:19:14.000Z,1
2019-10-06T11:22:47.000Z,1
2019-10-06T11:43:34.000Z,1
2019-10-06T12:17:08.000Z,2
2019-10-06T12:18:37.000Z,1
2019-10-06T12:27:29.000Z,2
2019-10-06T12:32:21.000Z,1
2019-10-06T12:49:15.000Z,1
2019-10-06T13:00:33.000Z,1
2019-10-06T13:06:27.000Z,1
2019-10-06T13:11:44.000Z,1
2019-10-06T13:17:50.000Z,1
2019-10-06T13:31:08.000Z,1
2019-10-06T13:39:13.000Z,1
2019-10-06T13:44:46.000Z,1
2019-10-06T13:54:03.000Z,1
2019-10-06T14:18:45.000Z,2
2019-10-06T14:20:14.000Z,1
2019-10-06T14:20:22.000Z,1
2019-10-06T14:29:28.000Z,1
2019-10-06T14:34:14.000Z,1
2019-10-06T14:45:57.000Z,2
2019-10-06T15:13:07.000Z,1
2019-10-06T15:22:13.000Z,1
2019-10-06T15:33:45.000Z,1
2019-10-06T15:54:15.000Z,2
2019-10-06T15:59:13.000Z,1
2019-10-06T16:31:45.000Z,1
2019-10-06T16:33:58.000Z,1
2019-10-06T16:35:39.000Z,1
2019-10-06T16:37:28.000Z,2
2019-10-06T16:47:22.000Z,1
2019-10-06T16:54:44.000Z,1
2019-10-06T17:12:04.000Z,1
2019-10-06T17:13:27.000Z,1
2019-10-06T17:31:46.000Z,1
2019-10-06T17:38:21.000Z,1
2019-10-06T18:00:10.000Z,1
2019-10-06T18:42:08.000Z,1
2019-10-06T18:53:06.000Z,1
2019-10-06T19:35:36.000Z,1
2019-10-06T20:00:42.000Z,1
2019-10-06T20:32:46.000Z,1
2019-10-06T21:55:21.000Z,1
2019-10-06T22:11:28.000Z,1
2019-10-06T22:32:10.000Z,1
2019-10-06T22:46:59.000Z,1
2019-10-07T06:31:56.000Z,2
2019-10-07T06:34:19.000Z,1
2019-10-07T06:51:32.000Z,1
2019-10-07T07:19:41.000Z,1
2019-10-07T07:23:22.000Z,1
2019-10-07T07:26:11.000Z,1
2019-10-07T07:46:19.000Z,3
2019-10-07T07:56:05.000Z,1
2019-10-07T08:02:39.000Z,1
2019-10-07T08:03:38.000Z,3
2019-10-07T08:27:47.000Z,1
2019-10-07T08:28:27.000Z,1
2019-10-07T08:46:01.000Z,2
2019-10-07T08:51:23.000Z,1
2019-10-07T09:27:35.000Z,1
2019-10-07T09:43:26.000Z,1
2019-10-07T10:40:57.000Z,1
2019-10-07T10:51:39.000Z,1
2019-10-07T11:13:47.000Z,1
2019-10-07T12:32:04.000Z,1
2019-10-07T12:41:07.000Z,1
2019-10-07T12:54:45.000Z,2
2019-10-07T13:37:12.000Z,1
2019-10-07T13:51:27.000Z,1
2019-10-07T13:55:03.000Z,1
2019-10-07T13:59:27.000Z,1
2019-10-07T14:13:00.000Z,1
2019-10-07T14:17:07.000Z,2
2019-10-07T14:35:44.000Z,1
2019-10-07T14:45:18.000Z,1
2019-10-07T14:51:58.000Z,1
2019-10-07T15:44:05.000Z,1
2019-10-07T15:51:27.000Z,2
2019-10-07T16:00:18.000Z,1
2019-10-07T16:04:40.000Z,1
2019-10-07T16:10:06.000Z,2
2019-10-07T16:29:40.000Z,1
2019-10-07T16:30:14.000Z,1
2019-10-07T16:52:57.000Z,1
2019-10-07T17:04:32.000Z,1
2019-10-07T17:07:42.000Z,2
2019-10-07T17:07:38.000Z,1
2019-10-07T17:24:15.000Z,2
2019-10-07T17:29:10.000Z,2
2019-10-07T17:29:47.000Z,2
2019-10-07T17:29:49.000Z,1
2019-10-07T17:35:59.000Z,1
2019-10-07T17:38:13.000Z,1
2019-10-07T18:01:02.000Z,1
2019-10-07T18:06:04.000Z,1
2019-10-07T18:11:30.000Z,1
2019-10-07T18:21:42.000Z,1
2019-10-07T18:25:10.000Z,1
2019-10-07T18:35:21.000Z,1
2019-10-07T19:20:28.000Z,1
2019-10-07T19:48:07.000Z,1
2019-10-07T20:37:52.000Z,1
2019-10-07T20:57:24.000Z,1
2019-10-07T21:10:35.000Z,1
2019-10-07T21:14:41.000Z,1
2019-10-08T05:32:08.000Z,1
2019-10-08T06:30:42.000Z,1
2019-10-08T06:35:12.000Z,2
2019-10-08T06:41:56.000Z,1
2019-10-08T06:42:55.000Z,1
2019-10-08T06:44:10.000Z,1
2019-10-08T06:52:45.000Z,1
2019-10-08T07:25:37.000Z,2
2019-10-08T07:37:20.000Z,1
2019-10-08T07:38:08.000Z,1
2019-10-08T07:49:13.000Z,1
2019-10-08T08:10:19.000Z,1
2019-10-08T08:11:27.000Z,1
2019-10-08T08:22:32.000Z,1
2019-10-08T08:23:10.000Z,1
2019-10-08T08:33:48.000Z,1
2019-10-08T08:34:36.000Z,1
2019-10-08T08:40:32.000Z,1
2019-10-08T08:51:54.000Z,1
2019-10-08T08:53:48.000Z,1
2019-10-08T08:59:22.000Z,1
2019-10-08T09:15:16.000Z,1
2019-10-08T09:20:16.000Z,1
2019-10-08T09:21:30.000Z,1
2019-10-08T09:29:07.000Z,1
2019-10-08T09:33:53.000Z,1
2019-10-08T10:11:46.000Z,1
2019-10-08T10:25:34.000Z,1
2019-10-08T10:31:01.000Z,1
2019-10-08T10:43:18.000Z,1
2019-10-08T10:50:17.000Z,1
2019-10-08T11:01:44.000Z,1
2019-10-08T11:03:42.000Z,1
2019-10-08T11:26:41.000Z,1
2019-10-08T11:51:13.000Z,1
2019-10-08T12:16:35.000Z,1
2019-10-08T12:54:54.000Z,2
2019-10-08T14:17:14.000Z,1
2019-10-08T14:25:16.000Z,1
2019-10-08T14:34:54.000Z,1
2019-10-08T14:38:19.000Z,1
2019-10-08T14:56:27.000Z,1
2019-10-08T15:06:52.000Z,1
2019-10-08T15:53:33.000Z,1
2019-10-08T15:59:13.000Z,1
2019-10-08T16:03:21.000Z,1
2019-10-08T16:16:40.000Z,1
2019-10-08T16:24:50.000Z,1
2019-10-08T16:28:57.000Z,1
2019-10-08T16:39:20.000Z,1
2019-10-08T16:39:27.000Z,2
2019-10-08T16:39:54.000Z,1
2019-10-08T16:46:42.000Z,1
2019-10-08T16:53:14.000Z,1
2019-10-08T17:12:13.000Z,1
2019-10-08T17:13:20.000Z,3
2019-10-08T17:15:20.000Z,1
2019-10-08T17:35:31.000Z,1
2019-10-08T17:38:31.000Z,1
2019-10-08T17:49:10.000Z,1
2019-10-08T18:07:03.000Z,1
2019-10-08T18:16:40.000Z,2
2019-10-08T18:20:28.000Z,1
2019-10-08T18:27:03.000Z,2
2019-10-08T18:34:14.000Z,1
2019-10-08T18:38:10.000Z,1
2019-10-08T18:38:22.000Z,1
2019-10-08T18:47:05.000Z,1
2019-10-08T18:51:51.000Z,1
2019-10-08T19:00:29.000Z,1
2019-10-08T19:12:12.000Z,1
2019-10-08T19:21:45.000Z,1
2019-10-08T19:36:07.000Z,2
2019-10-08T20:09:30.000Z,1
2019-10-08T20:19:29.000Z,1
2019-10-08T21:10:13.000Z,1
2019-10-08T22:00:17.000Z,1
2019-10-08T22:27:04.000Z,1
2019-10-08T23:49:48.000Z,1
2019-10-09T02:39:47.000Z,1
2019-10-09T07:11:16.000Z,1
2019-10-09T07:14:28.000Z,1
2019-10-09T07:16:52.000Z,1
2019-10-09T07:20:46.000Z,1
2019-10-09T07:48:39.000Z,1
2019-10-09T07:49:47.000Z,1
2019-10-09T07:52:48.000Z,1
2019-10-09T08:08:23.000Z,1
2019-10-09T08:09:42.000Z,2
2019-10-09T08:13:52.000Z,1
2019-10-09T08:20:22.000Z,1
2019-10-09T08:29:43.000Z,1
2019-10-09T08:39:11.000Z,1
2019-10-09T08:40:55.000Z,1
2019-10-09T08:41:43.000Z,1
2019-10-09T08:54:17.000Z,1
2019-10-09T09:02:18.000Z,1
2019-10-09T10:01:13.000Z,1
2019-10-09T10:29:53.000Z,1
2019-10-09T10:36:43.000Z,1
2019-10-05T11:17:39.000Z,1
2019-10-05T11:35:40.000Z,1
2019-10-05T11:41:07.000Z,1
2019-10-05T11:43:24.000Z,2
2019-10-05T11:55:20.000Z,1
2019-10-05T12:23:59.000Z,2
2019-10-05T12:34:25.000Z,1
2019-10-05T12:46:03.000Z,1
2019-10-05T12:58:56.000Z,2
2019-10-05T13:11:39.000Z,1
2019-10-05T13:14:22.000Z,1
2019-10-05T13:24:49.000Z,1
2019-10-05T13:46:38.000Z,1
2019-10-05T13:56:47.000Z,2
2019-10-05T14:17:22.000Z,2
2019-10-05T14:37:22.000Z,1
2019-10-05T14:52:33.000Z,1
2019-10-05T15:28:04.000Z,1
2019-10-05T16:36:04.000Z,1
2019-10-05T16:39:57.000Z,2
2019-10-05T13:03:27.000Z,1
2019-10-05T13:28:59.000Z,1
2019-10-05T13:48:22.000Z,1
2019-10-05T13:54:03.000Z,1
2019-10-05T14:06:48.000Z,1
2019-10-05T14:19:31.000Z,1
2019-10-05T15:14:00.000Z,1
2019-10-05T15:38:37.000Z,1
2019-10-05T15:59:09.000Z,1
2019-10-05T16:32:48.000Z,1
2019-10-05T17:02:38.000Z,1
2019-10-05T17:05:02.000Z,2
2019-10-05T17:24:37.000Z,1
2019-10-05T17:40:33.000Z,1
2019-10-05T19:48:54.000Z,1
2019-10-05T21:10:49.000Z,1
2019-10-05T22:30:02.000Z,1
2019-10-05T22:54:31.000Z,1
2019-10-06T00:11:35.000Z,1
2019-10-06T00:12:15.000Z,1
2019-10-06T02:08:13.000Z,1
2019-10-06T08:36:59.000Z,1
2019-10-06T09:17:00.000Z,1
2019-10-06T09:17:07.000Z,1
2019-10-06T10:00:38.000Z,1
2019-10-06T10:15:08.000Z,1
2019-10-06T10:54:45.000Z,1
2019-10-06T10:58:02.000Z,1
2019-10-06T11:13:55.000Z,1
2019-10-06T11:16:21.000Z,2
2019-10-06T11:39:03.000Z,2
2019-10-06T11:45:57.000Z,2
2019-10-06T12:21:55.000Z,3
2019-10-06T12:34:00.000Z,1
2019-10-06T12:34:45.000Z,1
2019-10-06T12:45:14.000Z,1
2019-10-06T12:54:47.000Z,1
2019-10-06T13:13:35.000Z,1
2019-10-06T13:20:07.000Z,1
2019-10-06T13:39:14.000Z,1
2019-10-06T13:50:30.000Z,1
2019-10-06T13:54:25.000Z,1
2019-10-06T13:58:39.000Z,1
2019-10-06T14:13:47.000Z,1
2019-10-06T14:20:44.000Z,2
2019-10-06T14:47:49.000Z,1
2019-10-06T14:54:12.000Z,1
2019-10-06T15:15:02.000Z,1
2019-10-06T15:32:19.000Z,1
2019-10-06T16:09:20.000Z,2
2019-10-06T16:10:09.000Z,1
2019-10-06T16:19:20.000Z,1
2019-10-06T16:19:40.000Z,2
2019-10-06T16:20:04.000Z,1
2019-10-06T16:29:04.000Z,1
2019-10-06T16:36:50.000Z,1
2019-10-06T16:50:01.000Z,1
2019-10-06T17:05:39.000Z,1
2019-10-06T17:15:25.000Z,1
2019-10-06T17:41:02.000Z,1
2019-10-06T17:48:46.000Z,1
2019-10-06T17:51:14.000Z,1
2019-10-06T17:56:57.000Z,1
2019-10-06T17:59:15.000Z,1
2019-10-06T18:34:04.000Z,1
2019-10-06T18:58:21.000Z,1
2019-10-06T19:02:35.000Z,1
2019-10-06T19:41:49.000Z,3
2019-10-06T19:45:23.000Z,1
2019-10-06T19:53:12.000Z,1
2019-10-06T20:53:54.000Z,1
2019-10-06T21:35:36.000Z,1
2019-10-07T01:04:45.000Z,1
2019-10-07T05:30:16.000Z,1
2019-10-07T06:12:16.000Z,1
2019-10-07T06:16:36.000Z,1
2019-10-07T06:41:49.000Z,1
2019-10-07T06:59:11.000Z,1
2019-10-07T07:05:57.000Z,1
2019-10-07T07:42:25.000Z,2
2019-10-07T07:58:37.000Z,1
2019-10-07T08:04:52.000Z,2
2019-10-07T08:36:13.000Z,1
2019-10-07T09:09:27.000Z,2
2019-10-07T09:17:59.000Z,1
2019-10-07T09:30:23.000Z,1
2019-10-07T09:31:23.000Z,1
2019-10-07T09:40:31.000Z,1
2019-10-07T09:52:48.000Z,1
2019-10-07T11:14:38.000Z,2
2019-10-07T11:51:47.000Z,1
2019-10-07T12:00:44.000Z,1
2019-10-07T12:15:57.000Z,1
2019-10-07T12:38:00.000Z,1
2019-10-07T12:56:00.000Z,1
2019-10-07T13:12:34.000Z,1
2019-10-07T13:44:09.000Z,1
2019-10-07T13:57:38.000Z,2
2019-10-07T14:26:05.000Z,1
2019-10-07T14:37:19.000Z,1
2019-10-07T15:13:34.000Z,1
2019-10-07T15:44:04.000Z,1
2019-10-07T15:51:00.000Z,1
2019-10-07T15:58:35.000Z,2
2019-10-07T15:59:31.000Z,1
2019-10-07T16:09:53.000Z,1
2019-10-07T16:24:01.000Z,1
2019-10-07T16:32:01.000Z,1
2019-10-07T16:32:00.000Z,1
2019-10-07T16:32:12.000Z,2
2019-10-07T16:33:25.000Z,1
2019-10-07T16:37:55.000Z,1
2019-10-07T16:53:48.000Z,2
2019-10-07T16:54:56.000Z,2
2019-10-07T17:00:11.000Z,1
2019-10-07T17:01:19.000Z,1
2019-10-07T17:09:39.000Z,1
2019-10-07T17:14:09.000Z,1
2019-10-07T17:18:11.000Z,1
2019-10-07T17:20:05.000Z,1
2019-10-07T17:24:02.000Z,1
2019-10-07T17:40:07.000Z,1
2019-10-07T17:49:14.000Z,1
2019-10-07T17:55:36.000Z,1
2019-10-07T18:02:35.000Z,1
2019-10-07T18:14:34.000Z,1
2019-10-07T18:16:31.000Z,1
2019-10-07T18:17:19.000Z,1
2019-10-07T18:21:56.000Z,1
2019-10-07T18:28:58.000Z,1
2019-10-07T18:39:31.000Z,3
2019-10-07T18:47:14.000Z,1
2019-10-07T18:55:39.000Z,1
2019-10-07T19:34:43.000Z,2
2019-10-07T19:52:47.000Z,1
2019-10-07T20:03:50.000Z,1
2019-10-07T21:00:01.000Z,1
2019-10-07T21:15:29.000Z,2
2019-10-07T21:31:07.000Z,1
2019-10-07T21:34:47.000Z,1
2019-10-07T22:09:54.000Z,1
2019-10-07T23:33:25.000Z,1
2019-10-08T05:48:10.000Z,1
2019-10-08T07:13:10.000Z,1
2019-10-08T07:34:14.000Z,1
2019-10-08T07:34:56.000Z,3
2019-10-08T07:37:17.000Z,1
2019-10-08T07:46:35.000Z,1
2019-10-08T07:48:14.000Z,1
2019-10-08T08:13:02.000Z,1
2019-10-08T08:23:44.000Z,1
2019-10-08T08:32:03.000Z,1
2019-10-08T08:35:08.000Z,1
2019-10-08T08:45:16.000Z,1
2019-10-08T08:56:24.000Z,1
2019-10-08T09:59:30.000Z,1
2019-10-08T10:46:54.000Z,1
2019-10-08T11:03:22.000Z,1
2019-10-08T11:24:29.000Z,1
2019-10-08T11:58:51.000Z,1
2019-10-08T11:59:03.000Z,1
2019-10-08T12:43:27.000Z,1
2019-10-08T13:27:59.000Z,1
2019-10-08T13:31:28.000Z,1
2019-10-08T13:47:34.000Z,1
2019-10-08T14:23:11.000Z,2
2019-10-08T14:25:38.000Z,1
2019-10-08T14:49:38.000Z,1
2019-10-08T15:24:48.000Z,1
2019-10-08T15:44:48.000Z,1
2019-10-08T15:46:20.000Z,1
2019-10-08T15:59:30.000Z,1
2019-10-08T16:00:34.000Z,1
2019-10-08T16:02:10.000Z,1
2019-10-08T16:15:04.000Z,2
2019-10-08T16:26:50.000Z,1
2019-10-08T16:49:02.000Z,2
2019-10-08T17:04:00.000Z,1
2019-10-08T17:06:03.000Z,3
2019-10-08T17:11:18.000Z,1
2019-10-08T17:13:15.000Z,2
2019-10-08T17:23:49.000Z,2
2019-10-08T17:38:28.000Z,2
2019-10-08T17:39:11.000Z,1
2019-10-08T17:41:44.000Z,1
2019-10-08T17:59:35.000Z,2
2019-10-08T18:23:18.000Z,1
2019-10-08T19:08:15.000Z,2
2019-10-08T19:43:58.000Z,1
2019-10-08T20:14:25.000Z,1
2019-10-08T21:13:33.000Z,1
2019-10-08T21:47:10.000Z,1
2019-10-08T21:54:30.000Z,1
2019-10-08T21:59:30.000Z,2
2019-10-08T23:05:56.000Z,1
2019-10-09T06:10:26.000Z,2
2019-10-09T06:11:24.000Z,1
2019-10-09T06:40:59.000Z,1
2019-10-09T06:53:16.000Z,2
2019-10-09T06:56:52.000Z,1
2019-10-09T07:28:06.000Z,1
2019-10-09T07:45:58.000Z,1
2019-10-09T07:46:21.000Z,1
2019-10-09T07:49:34.000Z,2
2019-10-09T07:58:41.000Z,1
2019-10-09T08:09:34.000Z,1
2019-10-09T08:24:13.000Z,1
2019-10-09T08:36:02.000Z,1
2019-10-09T08:39:57.000Z,1
2019-10-09T08:52:17.000Z,1
2019-10-09T09:07:47.000Z,2
2019-10-09T09:29:00.000Z,1
2019-10-09T10:00:44.000Z,1
2019-10-05T10:58:32.000Z,1
2019-10-05T11:19:10.000Z,1
2019-10-05T11:29:16.000Z,2
2019-10-05T11:50:22.000Z,1
2019-10-05T11:52:34.000Z,1
2019-10-05T12:33:31.000Z,1
2019-10-05T12:59:23.000Z,1
2019-10-05T13:25:02.000Z,1
2019-10-05T14:18:19.000Z,1
2019-10-05T15:36:47.000Z,2
2019-10-05T15:47:03.000Z,1
2019-10-05T20:40:23.000Z,1
2019-10-06T09:44:59.000Z,1
2019-10-06T10:21:32.000Z,1
2019-10-05T13:59:24.000Z,1
2019-10-05T14:06:12.000Z,1
2019-10-05T14:40:31.000Z,1
2019-10-05T14:42:09.000Z,1
2019-10-05T14:42:05.000Z,1
2019-10-05T14:46:50.000Z,1
2019-10-05T15:03:47.000Z,1
2019-10-05T15:03:50.000Z,1
2019-10-05T15:31:26.000Z,2
2019-10-05T15:33:40.000Z,1
2019-10-05T15:49:28.000Z,1
2019-10-05T15:51:52.000Z,1
2019-10-05T16:07:53.000Z,1
2019-10-05T16:42:55.000Z,1
2019-10-05T18:22:45.000Z,1
2019-10-05T19:50:35.000Z,1
2019-10-05T20:08:58.000Z,1
2019-10-05T20:43:46.000Z,1
2019-10-05T22:03:08.000Z,1
2019-10-05T23:33:21.000Z,1
2019-10-06T07:05:30.000Z,1
2019-10-06T07:27:10.000Z,1
2019-10-06T08:16:48.000Z,2
2019-10-06T09:15:25.000Z,1
2019-10-06T09:24:22.000Z,1
2019-10-06T09:47:59.000Z,1
2019-10-06T09:50:15.000Z,1
2019-10-06T11:02:57.000Z,1
2019-10-06T11:11:34.000Z,1
2019-10-06T11:26:33.000Z,1
2019-10-06T11:42:14.000Z,2
2019-10-06T11:47:33.000Z,1
2019-10-06T11:54:07.000Z,1
2019-10-06T11:55:36.000Z,1
2019-10-06T11:56:08.000Z,1
2019-10-06T11:57:45.000Z,2
2019-10-06T12:31:56.000Z,1
2019-10-06T12:47:28.000Z,1
2019-10-06T12:49:27.000Z,2
2019-10-06T13:01:46.000Z,1
2019-10-06T13:03:47.000Z,1
2019-10-06T13:09:01.000Z,2
2019-10-06T13:18:53.000Z,2
2019-10-06T13:20:15.000Z,4
2019-10-06T13:52:44.000Z,1
2019-10-06T14:00:20.000Z,1
2019-10-06T14:14:54.000Z,2
2019-10-06T14:27:12.000Z,1
2019-10-06T14:31:38.000Z,3
2019-10-06T14:46:55.000Z,1
2019-10-06T14:57:35.000Z,1
2019-10-06T15:08:54.000Z,2
2019-10-06T15:18:14.000Z,1
2019-10-06T15:34:00.000Z,1
2019-10-06T15:44:23.000Z,2
2019-10-06T15:54:05.000Z,1
2019-10-06T16:03:05.000Z,1
2019-10-06T16:03:32.000Z,2
2019-10-06T16:37:45.000Z,1
2019-10-06T17:07:40.000Z,1
2019-10-06T17:07:48.000Z,1
2019-10-06T17:30:13.000Z,1
2019-10-06T18:02:52.000Z,1
2019-10-06T18:03:51.000Z,1
2019-10-06T18:07:17.000Z,1
2019-10-06T18:30:46.000Z,1
2019-10-06T18:35:46.000Z,1
2019-10-06T18:42:09.000Z,1
2019-10-06T18:55:30.000Z,1
2019-10-06T18:58:07.000Z,1
2019-10-06T20:34:34.000Z,1
2019-10-06T20:40:57.000Z,1
2019-10-06T21:14:24.000Z,1
2019-10-06T22:20:46.000Z,1
2019-10-06T23:07:15.000Z,1
2019-10-07T06:34:24.000Z,1
2019-10-07T07:06:28.000Z,1
2019-10-07T07:58:12.000Z,2
2019-10-07T08:07:39.000Z,2
2019-10-07T08:21:47.000Z,1
2019-10-07T08:26:38.000Z,2
2019-10-07T08:29:17.000Z,3
2019-10-07T08:44:40.000Z,2
2019-10-07T08:51:10.000Z,1
2019-10-07T09:02:34.000Z,2
2019-10-07T09:14:22.000Z,1
2019-10-07T09:16:25.000Z,1
2019-10-07T10:28:18.000Z,2
2019-10-07T10:31:06.000Z,1
2019-10-07T11:01:17.000Z,1
2019-10-07T12:06:03.000Z,1
2019-10-07T12:14:00.000Z,1
2019-10-07T12:23:28.000Z,1
2019-10-07T12:29:17.000Z,1
2019-10-07T13:00:41.000Z,1
2019-10-07T13:03:45.000Z,1
2019-10-07T13:05:54.000Z,1
2019-10-07T13:34:22.000Z,1
2019-10-07T13:39:12.000Z,1
2019-10-07T13:40:16.000Z,1
2019-10-07T15:08:12.000Z,1
2019-10-07T15:11:53.000Z,1
2019-10-07T15:33:36.000Z,1
2019-10-07T15:35:33.000Z,2
2019-10-07T15:46:50.000Z,1
2019-10-07T15:47:58.000Z,1
2019-10-07T15:50:29.000Z,1
2019-10-07T16:02:37.000Z,1
2019-10-07T16:02:38.000Z,1
2019-10-07T16:15:57.000Z,1
2019-10-07T16:23:58.000Z,1
2019-10-07T16:37:34.000Z,3
2019-10-07T16:39:20.000Z,1
2019-10-07T16:50:26.000Z,1
2019-10-07T16:52:18.000Z,2
2019-10-07T16:55:45.000Z,2
2019-10-07T17:14:06.000Z,1
2019-10-07T17:15:33.000Z,1
2019-10-07T17:25:04.000Z,1
2019-10-07T17:33:23.000Z,1
2019-10-07T17:34:36.000Z,1
2019-10-07T17:40:00.000Z,1
2019-10-07T17:43:05.000Z,1
2019-10-07T17:47:36.000Z,2
2019-10-07T17:57:08.000Z,2
2019-10-07T17:59:53.000Z,1
2019-10-07T18:21:27.000Z,2
2019-10-07T18:42:31.000Z,1
2019-10-07T18:45:31.000Z,1
2019-10-07T18:45:42.000Z,1
2019-10-07T19:02:57.000Z,2
2019-10-07T19:11:37.000Z,1
2019-10-07T19:32:38.000Z,1
2019-10-07T19:46:15.000Z,1
2019-10-07T20:09:04.000Z,1
2019-10-07T20:14:01.000Z,1
2019-10-07T20:20:21.000Z,2
2019-10-07T20:37:00.000Z,1
2019-10-07T20:48:42.000Z,1
2019-10-07T21:17:46.000Z,1
2019-10-07T21:24:15.000Z,1
2019-10-07T21:41:16.000Z,2
2019-10-07T21:53:16.000Z,1
2019-10-08T01:01:26.000Z,1
2019-10-08T06:32:16.000Z,1
2019-10-08T06:50:57.000Z,1
2019-10-08T07:20:26.000Z,1
2019-10-08T07:54:23.000Z,1
2019-10-08T07:56:38.000Z,1
2019-10-08T08:00:57.000Z,1
2019-10-08T08:03:51.000Z,2
2019-10-08T08:06:15.000Z,1
2019-10-08T08:06:46.000Z,1
2019-10-08T08:20:53.000Z,2
2019-10-08T08:43:39.000Z,1
2019-10-08T08:49:45.000Z,1
2019-10-08T08:53:34.000Z,1
2019-10-08T09:00:48.000Z,1
2019-10-08T09:27:11.000Z,1
2019-10-08T10:04:54.000Z,1
2019-10-08T10:10:46.000Z,1
2019-10-08T10:47:42.000Z,1
2019-10-08T11:11:56.000Z,1
2019-10-08T11:21:21.000Z,1
2019-10-08T11:21:47.000Z,2
2019-10-08T11:25:43.000Z,1
2019-10-08T11:37:48.000Z,1
2019-10-08T12:16:10.000Z,1
2019-10-08T12:53:06.000Z,1
2019-10-08T12:56:07.000Z,1
2019-10-08T13:02:19.000Z,1
2019-10-08T15:02:02.000Z,1
2019-10-08T15:43:32.000Z,2
2019-10-08T15:57:47.000Z,1
2019-10-08T16:02:15.000Z,1
2019-10-08T16:12:14.000Z,1
2019-10-08T16:24:27.000Z,1
2019-10-08T16:28:05.000Z,1
2019-10-08T16:29:06.000Z,1
2019-10-08T16:35:15.000Z,1
2019-10-08T16:40:50.000Z,1
2019-10-08T16:48:51.000Z,2
2019-10-08T16:54:20.000Z,1
2019-10-08T16:56:50.000Z,2
2019-10-08T17:12:16.000Z,1
2019-10-08T17:17:27.000Z,2
2019-10-08T17:18:05.000Z,2
2019-10-08T17:20:25.000Z,2
2019-10-08T17:23:08.000Z,2
2019-10-08T17:34:56.000Z,1
2019-10-08T17:40:43.000Z,2
2019-10-08T17:48:38.000Z,1
2019-10-08T17:58:11.000Z,2
2019-10-08T18:02:07.000Z,1
2019-10-08T18:16:41.000Z,1
2019-10-08T18:23:45.000Z,1
2019-10-08T18:25:52.000Z,1
2019-10-08T18:29:44.000Z,1
2019-10-08T19:10:34.000Z,1
2019-10-08T19:42:09.000Z,2
2019-10-08T20:13:59.000Z,1
2019-10-08T20:25:11.000Z,1
2019-10-08T20:51:11.000Z,1
2019-10-08T21:03:40.000Z,1
2019-10-08T21:45:28.000Z,1
2019-10-08T22:13:22.000Z,1
2019-10-08T22:15:21.000Z,1
2019-10-09T05:16:14.000Z,1
2019-10-09T05:47:29.000Z,1
2019-10-09T06:05:30.000Z,1
2019-10-09T06:42:06.000Z,1
2019-10-09T06:45:36.000Z,1
2019-10-09T07:08:39.000Z,1
2019-10-09T07:11:55.000Z,2
2019-10-09T07:22:24.000Z,1
2019-10-09T07:25:32.000Z,1
2019-10-09T07:34:59.000Z,2
2019-10-09T07:41:16.000Z,2
2019-10-09T07:43:33.000Z,2
2019-10-09T08:02:00.000Z,1
2019-10-09T08:05:06.000Z,2
2019-10-09T08:06:43.000Z,1
2019-10-09T08:15:37.000Z,2
2019-10-09T08:16:34.000Z,1
2019-10-09T08:37:47.000Z,1
2019-10-09T08:53:29.000Z,1
2019-10-09T09:00:42.000Z,1
2019-10-09T09:07:05.000Z,1
2019-10-09T09:10:53.000Z,1
2019-10-09T09:47:20.000Z,1
2019-10-09T10:18:36.000Z,1
2019-10-05T10:57:15.000Z,2
2019-10-05T11:04:56.000Z,1
2019-10-05T11:22:03.000Z,2
2019-10-05T11:32:06.000Z,1
2019-10-05T12:14:15.000Z,1
2019-10-05T12:27:24.000Z,1
2019-10-05T12:32:25.000Z,1
2019-10-05T13:20:29.000Z,1
2019-10-05T13:50:23.000Z,1
2019-10-05T13:53:06.000Z,1
2019-10-05T14:10:54.000Z,1
2019-10-05T14:20:43.000Z,1
2019-10-05T15:50:29.000Z,1
2019-10-05T16:17:11.000Z,3
2019-10-05T16:35:00.000Z,2
2019-10-05T23:04:30.000Z,1
2019-10-06T09:02:49.000Z,1
2019-10-06T15:53:57.000Z,2
2019-10-05T13:14:46.000Z,1
2019-10-05T14:02:35.000Z,1
2019-10-05T14:36:36.000Z,1
2019-10-05T14:47:00.000Z,1
2019-10-05T15:28:41.000Z,2
2019-10-05T15:41:19.000Z,1
2019-10-05T15:55:43.000Z,1
2019-10-05T16:16:42.000Z,1
2019-10-05T16:18:23.000Z,1
2019-10-05T16:23:27.000Z,1
2019-10-05T16:35:49.000Z,2
2019-10-05T16:59:58.000Z,1
2019-10-05T17:06:21.000Z,1
2019-10-05T17:14:14.000Z,1
2019-10-05T17:59:11.000Z,1
2019-10-05T21:03:46.000Z,1
2019-10-05T21:04:11.000Z,1
2019-10-05T21:57:18.000Z,1
2019-10-06T00:09:01.000Z,1
2019-10-06T07:36:21.000Z,1
2019-10-06T09:15:18.000Z,1
2019-10-06T11:03:50.000Z,1
2019-10-06T11:11:30.000Z,1
2019-10-06T11:27:07.000Z,1
2019-10-06T11:34:02.000Z,2
2019-10-06T11:37:32.000Z,1
2019-10-06T11:39:11.000Z,1
2019-10-06T11:43:24.000Z,1
2019-10-06T11:43:47.000Z,1
2019-10-06T12:00:18.000Z,1
2019-10-06T12:02:11.000Z,1
2019-10-06T12:32:51.000Z,2
2019-10-06T12:35:44.000Z,1
2019-10-06T12:37:00.000Z,1
2019-10-06T12:37:17.000Z,1
2019-10-06T12:55:24.000Z,1
2019-10-06T13:17:19.000Z,1
2019-10-06T13:19:44.000Z,1
2019-10-06T13:20:39.000Z,1
2019-10-06T13:26:57.000Z,1
2019-10-06T13:31:17.000Z,1
2019-10-06T13:50:16.000Z,1
2019-10-06T14:12:45.000Z,1
2019-10-06T14:18:27.000Z,1
2019-10-06T14:39:21.000Z,1
2019-10-06T14:51:17.000Z,1
2019-10-06T14:52:56.000Z,2
2019-10-06T14:56:02.000Z,1
2019-10-06T15:00:21.000Z,1
2019-10-06T15:10:23.000Z,1
2019-10-06T15:11:19.000Z,1
2019-10-06T15:13:05.000Z,1
2019-10-06T15:20:57.000Z,1
2019-10-06T15:23:27.000Z,1
2019-10-06T15:32:21.000Z,3
2019-10-06T15:34:45.000Z,1
2019-10-06T15:48:24.000Z,2
2019-10-06T16:00:10.000Z,1
2019-10-06T16:00:52.000Z,1
2019-10-06T16:12:11.000Z,1
2019-10-06T16:20:15.000Z,1
2019-10-06T17:02:14.000Z,1
2019-10-06T17:09:11.000Z,1
2019-10-06T17:16:57.000Z,1
2019-10-06T17:21:55.000Z,2
2019-10-06T17:33:39.000Z,1
2019-10-06T17:35:04.000Z,1
2019-10-06T17:49:34.000Z,2
2019-10-06T17:50:00.000Z,1
2019-10-06T18:02:42.000Z,1
2019-10-06T18:20:11.000Z,1
2019-10-06T18:40:47.000Z,1
2019-10-06T18:50:16.000Z,1
2019-10-06T19:00:50.000Z,1
2019-10-06T20:34:57.000Z,1
2019-10-06T21:41:51.000Z,1
2019-10-06T21:54:10.000Z,1
2019-10-06T23:10:33.000Z,1
2019-10-07T05:32:53.000Z,1
2019-10-07T05:43:01.000Z,1
2019-10-07T05:43:28.000Z,1
2019-10-07T05:52:14.000Z,1
2019-10-07T06:17:33.000Z,1
2019-10-07T06:22:37.000Z,1
2019-10-07T06:56:30.000Z,2
2019-10-07T07:11:00.000Z,1
2019-10-07T07:12:56.000Z,1
2019-10-07T07:34:10.000Z,1
2019-10-07T07:44:12.000Z,2
2019-10-07T07:46:56.000Z,1
2019-10-07T07:51:56.000Z,1
2019-10-07T07:55:23.000Z,1
2019-10-07T08:14:36.000Z,1
2019-10-07T08:26:28.000Z,1
2019-10-07T08:32:16.000Z,1
2019-10-07T08:39:16.000Z,2
2019-10-07T08:50:51.000Z,1
2019-10-07T09:02:07.000Z,1
2019-10-07T09:10:14.000Z,1
2019-10-07T09:20:01.000Z,2
2019-10-07T11:52:04.000Z,1
2019-10-07T11:58:28.000Z,1
2019-10-07T12:03:29.000Z,1
2019-10-07T12:25:25.000Z,1
2019-10-07T13:51:59.000Z,1
2019-10-07T13:56:23.000Z,1
2019-10-07T15:11:51.000Z,1
2019-10-07T15:22:49.000Z,1
2019-10-07T15:35:27.000Z,1
2019-10-07T15:42:08.000Z,1
2019-10-07T16:30:36.000Z,2
2019-10-07T16:42:02.000Z,1
2019-10-07T16:46:05.000Z,1
2019-10-07T16:57:54.000Z,1
2019-10-07T17:04:30.000Z,2
2019-10-07T17:06:31.000Z,1
2019-10-07T17:23:19.000Z,1
2019-10-07T17:33:35.000Z,1
2019-10-07T17:34:01.000Z,2
2019-10-07T17:35:07.000Z,2
2019-10-07T17:37:56.000Z,1
2019-10-07T17:38:21.000Z,1
2019-10-07T17:40:46.000Z,3
2019-10-07T17:52:00.000Z,1
2019-10-07T17:56:00.000Z,1
2019-10-07T17:59:59.000Z,1
2019-10-07T18:06:41.000Z,1
2019-10-07T18:27:37.000Z,1
2019-10-07T19:16:27.000Z,1
2019-10-07T20:40:01.000Z,1
2019-10-07T21:10:31.000Z,1
2019-10-07T21:34:39.000Z,1
2019-10-07T21:39:20.000Z,1
2019-10-07T22:24:25.000Z,1
2019-10-07T22:25:33.000Z,1
2019-10-08T05:41:14.000Z,1
2019-10-08T05:58:48.000Z,1
2019-10-08T06:25:34.000Z,1
2019-10-08T06:27:07.000Z,1
2019-10-08T06:48:12.000Z,2
2019-10-08T06:51:58.000Z,1
2019-10-08T07:05:29.000Z,1
2019-10-08T07:19:08.000Z,1
2019-10-08T07:24:02.000Z,1
2019-10-08T07:31:44.000Z,1
2019-10-08T07:36:12.000Z,1
2019-10-08T08:03:02.000Z,1
2019-10-08T08:06:23.000Z,1
2019-10-08T08:36:00.000Z,2
2019-10-08T08:52:50.000Z,1
2019-10-08T09:00:46.000Z,1
2019-10-08T09:26:54.000Z,1
2019-10-08T09:48:11.000Z,2
2019-10-08T09:50:48.000Z,1
2019-10-08T10:50:07.000Z,1
2019-10-08T11:43:33.000Z,2
2019-10-08T12:02:21.000Z,2
2019-10-08T13:05:18.000Z,2
2019-10-08T13:32:15.000Z,1
2019-10-08T13:34:20.000Z,1
2019-10-08T13:36:15.000Z,1
2019-10-08T13:44:09.000Z,1
2019-10-08T14:43:16.000Z,1
2019-10-08T15:05:58.000Z,1
2019-10-08T15:20:12.000Z,2
2019-10-08T15:38:47.000Z,1
2019-10-08T15:42:29.000Z,1
2019-10-08T15:48:02.000Z,1
2019-10-08T15:49:07.000Z,1
2019-10-08T15:52:20.000Z,2
2019-10-08T16:20:35.000Z,2
2019-10-08T16:21:20.000Z,1
2019-10-08T16:48:01.000Z,1
2019-10-08T16:50:01.000Z,1
2019-10-08T16:50:19.000Z,1
2019-10-08T16:59:42.000Z,2
2019-10-08T17:09:43.000Z,1
2019-10-08T17:13:14.000Z,1
2019-10-08T17:42:39.000Z,1
2019-10-08T17:46:38.000Z,1
2019-10-08T18:02:09.000Z,2
2019-10-08T18:03:40.000Z,1
2019-10-08T18:23:06.000Z,3
2019-10-08T18:23:54.000Z,1
2019-10-08T18:40:27.000Z,2
2019-10-08T19:06:31.000Z,1
2019-10-08T19:23:25.000Z,1
2019-10-08T20:12:08.000Z,1
2019-10-08T20:40:40.000Z,1
2019-10-08T20:45:01.000Z,1
2019-10-08T20:50:18.000Z,2
2019-10-08T20:53:02.000Z,1
2019-10-08T21:36:07.000Z,1
2019-10-08T21:42:02.000Z,1
2019-10-08T22:38:39.000Z,1
2019-10-09T05:34:22.000Z,1
2019-10-09T06:34:41.000Z,1
2019-10-09T06:51:48.000Z,1
2019-10-09T06:53:00.000Z,1
2019-10-09T06:59:58.000Z,1
2019-10-09T07:03:45.000Z,1
2019-10-09T07:04:40.000Z,1
2019-10-09T07:12:13.000Z,1
2019-10-09T07:38:08.000Z,1
2019-10-09T07:39:42.000Z,1
2019-10-09T07:42:51.000Z,1
2019-10-09T08:05:39.000Z,1
2019-10-09T08:16:16.000Z,2
2019-10-09T08:30:02.000Z,1
2019-10-09T08:33:11.000Z,2
2019-10-09T08:34:28.000Z,3
2019-10-09T08:45:15.000Z,1
2019-10-09T08:48:02.000Z,1
2019-10-09T08:54:59.000Z,1
2019-10-09T09:27:59.000Z,1
2019-10-05T10:52:48.000Z,1
2019-10-05T11:09:55.000Z,2
2019-10-05T11:25:23.000Z,1
2019-10-05T11:47:49.000Z,1
2019-10-05T12:04:26.000Z,2
2019-10-05T12:19:03.000Z,2
2019-10-05T12:40:47.000Z,1
2019-10-05T12:48:08.000Z,1
2019-10-05T12:57:47.000Z,2
2019-10-05T12:59:02.000Z,1
2019-10-05T13:00:49.000Z,1
2019-10-05T13:02:56.000Z,1
2019-10-05T13:09:54.000Z,1
2019-10-05T13:17:26.000Z,1
2019-10-05T13:20:37.000Z,1
2019-10-05T13:34:01.000Z,2
2019-10-05T15:08:44.000Z,1
2019-10-05T16:11:45.000Z,2
2019-10-05T16:17:38.000Z,2
2019-10-05T16:36:15.000Z,1
2019-10-05T17:21:24.000Z,1
2019-10-05T20:29:43.000Z,1
2019-10-05T22:51:19.000Z,1
2019-10-06T09:49:16.000Z,2
2019-10-05T12:51:40.000Z,1
2019-10-05T15:29:29.000Z,1
2019-10-05T15:40:41.000Z,2
2019-10-05T15:42:01.000Z,1
2019-10-05T15:42:09.000Z,1
2019-10-05T15:43:17.000Z,1
2019-10-05T16:13:15.000Z,1
2019-10-05T16:24:44.000Z,1
2019-10-05T16:41:38.000Z,1
2019-10-05T16:56:25.000Z,1
2019-10-05T19:19:57.000Z,1
2019-10-05T19:30:41.000Z,1
2019-10-05T20:40:11.000Z,1
2019-10-05T21:29:30.000Z,1
2019-10-05T23:07:26.000Z,1
2019-10-06T01:04:17.000Z,1
2019-10-06T03:50:38.000Z,1
2019-10-06T05:44:43.000Z,1
2019-10-06T07:19:04.000Z,1
2019-10-06T07:33:23.000Z,1
2019-10-06T09:11:58.000Z,1
2019-10-06T09:38:12.000Z,1
2019-10-06T09:40:41.000Z,1
2019-10-06T09:54:10.000Z,2
2019-10-06T09:58:34.000Z,1
2019-10-06T10:16:36.000Z,2
2019-10-06T11:06:26.000Z,1
2019-10-06T11:08:25.000Z,1
2019-10-06T11:11:54.000Z,1
2019-10-06T11:19:10.000Z,1
2019-10-06T11:24:51.000Z,1
2019-10-06T11:48:38.000Z,1
2019-10-06T11:54:43.000Z,2
2019-10-06T11:55:00.000Z,1
2019-10-06T11:55:20.000Z,1
2019-10-06T12:00:30.000Z,1
2019-10-06T12:17:56.000Z,2
2019-10-06T12:38:38.000Z,2
2019-10-06T12:44:57.000Z,1
2019-10-06T12:46:08.000Z,1
2019-10-06T12:57:45.000Z,1
2019-10-06T13:16:36.000Z,1
2019-10-06T13:34:38.000Z,1
2019-10-06T13:49:33.000Z,1
2019-10-06T14:00:14.000Z,1
2019-10-06T14:12:00.000Z,1
2019-10-06T14:24:11.000Z,1
2019-10-06T14:38:29.000Z,2
2019-10-06T14:39:44.000Z,1
2019-10-06T15:14:03.000Z,1
2019-10-06T15:24:32.000Z,2
2019-10-06T15:26:03.000Z,1
2019-10-06T15:33:08.000Z,1
2019-10-06T15:58:20.000Z,3
2019-10-06T16:01:10.000Z,1
2019-10-06T16:14:27.000Z,3
2019-10-06T16:34:53.000Z,1
2019-10-06T16:47:45.000Z,1
2019-10-06T16:51:28.000Z,1
2019-10-06T16:53:45.000Z,1
2019-10-06T16:57:25.000Z,1
2019-10-06T17:28:11.000Z,2
2019-10-06T17:33:31.000Z,1
2019-10-06T17:41:45.000Z,1
2019-10-06T17:50:17.000Z,1
2019-10-06T18:16:16.000Z,1
2019-10-06T19:17:33.000Z,1
2019-10-06T19:47:23.000Z,1
2019-10-06T19:47:47.000Z,1
2019-10-06T20:13:31.000Z,1
2019-10-06T20:14:04.000Z,1
2019-10-06T20:27:22.000Z,1
2019-10-06T21:26:03.000Z,1
2019-10-06T21:36:55.000Z,1
2019-10-06T22:11:49.000Z,1
2019-10-06T22:16:24.000Z,1
2019-10-06T22:45:02.000Z,2
2019-10-07T00:29:42.000Z,1
2019-10-07T05:38:40.000Z,1
2019-10-07T06:52:35.000Z,1
2019-10-07T07:00:02.000Z,1
2019-10-07T07:12:42.000Z,1
2019-10-07T07:18:29.000Z,1
2019-10-07T07:25:54.000Z,1
2019-10-07T07:26:48.000Z,1
2019-10-07T07:29:35.000Z,2
2019-10-07T08:03:40.000Z,1
2019-10-07T08:10:42.000Z,1
2019-10-07T08:13:33.000Z,1
2019-10-07T08:23:58.000Z,1
2019-10-07T08:27:32.000Z,1
2019-10-07T08:38:45.000Z,1
2019-10-07T08:47:10.000Z,1
2019-10-07T08:52:48.000Z,1
2019-10-07T08:56:05.000Z,1
2019-10-07T09:00:44.000Z,1
2019-10-07T09:13:00.000Z,1
2019-10-07T09:17:19.000Z,1
2019-10-07T09:23:52.000Z,1
2019-10-07T09:48:17.000Z,2
2019-10-07T10:30:51.000Z,1
2019-10-07T10:58:34.000Z,1
2019-10-07T11:08:39.000Z,1
2019-10-07T11:30:13.000Z,2
2019-10-07T11:51:04.000Z,1
2019-10-07T12:01:59.000Z,1
2019-10-07T12:14:44.000Z,1
2019-10-07T12:40:34.000Z,1
2019-10-07T12:54:15.000Z,1
2019-10-07T12:58:36.000Z,1
2019-10-07T13:04:05.000Z,2
2019-10-07T13:06:04.000Z,1
2019-10-07T13:37:39.000Z,1
2019-10-07T13:39:44.000Z,1
2019-10-07T13:42:23.000Z,1
2019-10-07T13:44:21.000Z,1
2019-10-07T14:09:21.000Z,1
2019-10-07T14:16:30.000Z,2
2019-10-07T15:23:47.000Z,1
2019-10-07T15:33:05.000Z,2
2019-10-07T15:48:53.000Z,1
2019-10-07T15:50:42.000Z,1
2019-10-07T15:52:33.000Z,1
2019-10-07T15:53:04.000Z,1
2019-10-07T16:03:05.000Z,1
2019-10-07T16:19:46.000Z,1
2019-10-07T16:42:47.000Z,2
2019-10-07T16:45:10.000Z,2
2019-10-07T16:52:59.000Z,1
2019-10-07T16:58:17.000Z,1
2019-10-07T17:04:14.000Z,2
2019-10-07T17:08:08.000Z,1
2019-10-07T17:10:49.000Z,2
2019-10-07T17:14:29.000Z,1
2019-10-07T17:24:53.000Z,2
2019-10-07T17:24:50.000Z,1
2019-10-07T17:29:09.000Z,1
2019-10-07T17:36:02.000Z,3
2019-10-07T17:40:22.000Z,1
2019-10-07T17:41:24.000Z,2
2019-10-07T17:45:53.000Z,1
2019-10-07T17:50:14.000Z,1
2019-10-07T17:53:45.000Z,2
2019-10-07T17:53:59.000Z,1
2019-10-07T18:04:00.000Z,1
2019-10-07T18:04:47.000Z,1
2019-10-07T18:05:27.000Z,1
2019-10-07T18:09:50.000Z,2
2019-10-07T18:13:41.000Z,1
2019-10-07T18:16:27.000Z,1
2019-10-07T18:16:36.000Z,1
2019-10-07T18:20:38.000Z,1
2019-10-07T18:30:07.000Z,1
2019-10-07T18:48:00.000Z,1
2019-10-07T18:48:23.000Z,1
2019-10-07T19:06:32.000Z,1
2019-10-07T19:06:31.000Z,1
2019-10-07T19:12:02.000Z,1
2019-10-07T20:09:40.000Z,1
2019-10-07T20:47:06.000Z,1
2019-10-07T21:02:06.000Z,1
2019-10-07T21:30:54.000Z,1
2019-10-07T23:01:51.000Z,1
2019-10-08T04:43:31.000Z,1
2019-10-08T05:15:44.000Z,1
2019-10-08T05:19:57.000Z,1
2019-10-08T05:53:31.000Z,1
2019-10-08T06:08:59.000Z,1
2019-10-08T06:48:21.000Z,1
2019-10-08T06:50:27.000Z,1
2019-10-08T07:09:07.000Z,1
2019-10-08T07:16:04.000Z,1
2019-10-08T07:19:19.000Z,1
2019-10-08T07:25:16.000Z,1
2019-10-08T07:45:58.000Z,1
2019-10-08T08:03:14.000Z,1
2019-10-08T08:12:50.000Z,1
2019-10-08T08:14:26.000Z,1
2019-10-08T08:33:00.000Z,1
2019-10-08T08:40:14.000Z,2
2019-10-08T08:40:26.000Z,2
2019-10-08T08:41:12.000Z,1
2019-10-08T08:43:53.000Z,1
2019-10-08T08:48:46.000Z,1
2019-10-08T09:10:09.000Z,1
2019-10-08T09:16:27.000Z,1
2019-10-08T09:30:54.000Z,1
2019-10-08T10:03:20.000Z,1
2019-10-08T10:09:49.000Z,1
2019-10-08T10:29:49.000Z,1
2019-10-08T10:49:17.000Z,1
2019-10-08T10:50:33.000Z,1
2019-10-08T11:00:04.000Z,1
2019-10-08T11:23:51.000Z,1
2019-10-08T11:33:12.000Z,2
2019-10-08T12:01:41.000Z,1
2019-10-08T12:07:38.000Z,1
2019-10-08T12:15:36.000Z,1
2019-10-08T12:57:53.000Z,1
2019-10-08T13:12:33.000Z,1
2019-10-08T13:19:51.000Z,1
2019-10-08T13:29:48.000Z,1
2019-10-08T13:31:17.000Z,2
2019-10-08T13:34:26.000Z,1
2019-10-08T14:49:19.000Z,1
2019-10-08T14:58:05.000Z,2
2019-10-08T15:07:02.000Z,1
2019-10-08T15:16:14.000Z,1
2019-10-08T15:32:33.000Z,1
2019-10-08T15:39:25.000Z,1
2019-10-08T15:57:07.000Z,2
2019-10-08T16:19:24.000Z,2
2019-10-08T16:19:36.000Z,1
2019-10-08T16:25:11.000Z,1
2019-10-08T16:25:48.000Z,1
2019-10-08T16:27:46.000Z,1
2019-10-08T16:34:34.000Z,3
2019-10-08T16:36:02.000Z,1
2019-10-08T16:45:20.000Z,1
2019-10-08T16:49:26.000Z,2
2019-10-08T16:58:55.000Z,3
2019-10-08T16:59:53.000Z,1
2019-10-08T17:02:43.000Z,1
2019-10-08T17:06:47.000Z,2
2019-10-08T17:09:23.000Z,1
2019-10-08T17:14:49.000Z,1
2019-10-08T17:19:08.000Z,2
2019-10-08T17:20:01.000Z,1
2019-10-08T17:23:09.000Z,2
2019-10-08T17:23:54.000Z,2
2019-10-08T17:24:11.000Z,1
2019-10-08T17:27:16.000Z,1
2019-10-08T17:33:00.000Z,1
2019-10-08T17:40:23.000Z,3
2019-10-08T17:44:43.000Z,2
2019-10-08T17:45:48.000Z,1
2019-10-08T18:01:28.000Z,1
2019-10-08T18:23:34.000Z,1
2019-10-08T18:24:16.000Z,1
2019-10-08T18:26:21.000Z,3
2019-10-08T18:33:40.000Z,1
2019-10-08T18:39:04.000Z,1
2019-10-08T18:39:09.000Z,1
2019-10-08T18:51:25.000Z,1
2019-10-08T18:58:05.000Z,1
2019-10-08T19:11:29.000Z,1
2019-10-08T19:14:52.000Z,1
2019-10-08T19:20:33.000Z,1
2019-10-08T19:32:41.000Z,1
2019-10-08T19:43:51.000Z,1
2019-10-08T19:50:22.000Z,1
2019-10-08T19:52:19.000Z,1
2019-10-08T20:21:21.000Z,1
2019-10-08T20:30:51.000Z,1
2019-10-08T20:36:34.000Z,1
2019-10-08T20:43:56.000Z,1
2019-10-08T21:39:38.000Z,1
2019-10-09T05:37:48.000Z,1
2019-10-09T05:43:21.000Z,1
2019-10-09T05:47:08.000Z,1
2019-10-09T06:41:50.000Z,1
2019-10-09T07:09:19.000Z,1
2019-10-09T07:12:54.000Z,1
2019-10-09T07:20:28.000Z,1
2019-10-09T07:23:29.000Z,1
2019-10-09T07:29:58.000Z,1
2019-10-09T07:35:31.000Z,1
2019-10-09T08:19:02.000Z,1
2019-10-09T08:32:28.000Z,1
2019-10-09T08:44:44.000Z,1
2019-10-09T08:45:42.000Z,1
2019-10-09T08:49:26.000Z,1
2019-10-09T08:50:19.000Z,1
2019-10-09T09:01:24.000Z,1
2019-10-09T09:12:13.000Z,1
2019-10-09T09:23:12.000Z,1
2019-10-09T10:10:08.000Z,1
2019-10-05T11:17:20.000Z,1
2019-10-05T11:20:57.000Z,1
2019-10-05T11:30:40.000Z,1
2019-10-05T11:47:08.000Z,1
2019-10-05T12:00:17.000Z,1
2019-10-05T12:02:58.000Z,1
2019-10-05T12:23:15.000Z,1
2019-10-05T12:28:38.000Z,1
2019-10-05T12:34:51.000Z,1
2019-10-05T12:54:32.000Z,1
2019-10-05T13:07:25.000Z,1
2019-10-05T13:52:23.000Z,2
2019-10-05T14:07:56.000Z,2
2019-10-05T14:46:03.000Z,2
2019-10-05T15:15:57.000Z,1
2019-10-05T16:03:29.000Z,1
2019-10-05T22:04:48.000Z,1
2019-10-05T22:18:42.000Z,1
2019-10-05T22:46:31.000Z,2
2019-10-06T07:41:53.000Z,1
2019-10-06T08:13:11.000Z,1
2019-10-06T08:46:36.000Z,1
2019-10-06T10:37:59.000Z,2
2019-10-05T14:14:30.000Z,1
2019-10-05T14:36:39.000Z,1
2019-10-05T14:55:35.000Z,1
2019-10-05T14:58:53.000Z,1
2019-10-05T15:14:27.000Z,1
2019-10-05T15:40:48.000Z,1
2019-10-05T15:49:51.000Z,2
2019-10-05T16:01:37.000Z,1
2019-10-05T16:12:13.000Z,1
2019-10-05T16:12:41.000Z,1
2019-10-05T16:16:22.000Z,1
2019-10-05T16:36:10.000Z,1
2019-10-05T22:19:11.000Z,1
2019-10-05T22:22:48.000Z,1
2019-10-05T22:50:52.000Z,1
2019-10-06T00:07:55.000Z,1
2019-10-06T03:03:01.000Z,1
2019-10-06T08:31:20.000Z,1
2019-10-06T08:40:37.000Z,1
2019-10-06T08:44:58.000Z,2
2019-10-06T08:48:18.000Z,1
2019-10-06T09:55:42.000Z,1
2019-10-06T10:00:15.000Z,1
2019-10-06T10:40:22.000Z,1
2019-10-06T10:48:18.000Z,1
2019-10-06T10:58:40.000Z,1
2019-10-06T11:10:21.000Z,1
2019-10-06T11:41:14.000Z,1
2019-10-06T11:53:01.000Z,1
2019-10-06T11:54:27.000Z,1
2019-10-06T12:10:15.000Z,1
2019-10-06T12:26:18.000Z,1
2019-10-06T12:37:18.000Z,1
2019-10-06T12:41:23.000Z,1
2019-10-06T12:41:43.000Z,2
2019-10-06T12:52:56.000Z,2
2019-10-06T13:02:47.000Z,1
2019-10-06T13:30:47.000Z,1
2019-10-06T13:34:24.000Z,1
2019-10-06T13:34:44.000Z,1
2019-10-06T13:51:14.000Z,1
2019-10-06T13:55:11.000Z,2
2019-10-06T13:58:47.000Z,1
2019-10-06T14:02:29.000Z,1
2019-10-06T14:13:49.000Z,1
2019-10-06T14:24:31.000Z,1
2019-10-06T14:32:01.000Z,1
2019-10-06T14:46:41.000Z,1
2019-10-06T15:23:31.000Z,1
2019-10-06T15:27:02.000Z,1
2019-10-06T15:41:15.000Z,3
2019-10-06T15:58:02.000Z,1
2019-10-06T16:01:18.000Z,1
2019-10-06T16:11:14.000Z,1
2019-10-06T16:16:01.000Z,1
2019-10-06T16:17:40.000Z,1
2019-10-06T16:24:56.000Z,1
2019-10-06T17:14:51.000Z,1
2019-10-06T17:40:49.000Z,1
2019-10-06T17:50:12.000Z,1
2019-10-06T17:51:56.000Z,1
2019-10-06T18:28:35.000Z,2
2019-10-06T18:32:00.000Z,1
2019-10-06T18:55:51.000Z,1
2019-10-06T19:23:10.000Z,1
2019-10-06T22:36:41.000Z,1
2019-10-06T23:51:31.000Z,1
2019-10-07T00:13:35.000Z,1
2019-10-07T05:18:21.000Z,1
2019-10-07T07:10:26.000Z,1
2019-10-07T07:37:58.000Z,1
2019-10-07T07:39:00.000Z,1
2019-10-07T07:50:07.000Z,1
2019-10-07T07:53:07.000Z,1
2019-10-07T08:13:23.000Z,1
2019-10-07T08:21:36.000Z,1
2019-10-07T08:27:26.000Z,2
2019-10-07T08:40:25.000Z,2
2019-10-07T08:45:39.000Z,2
2019-10-07T10:26:39.000Z,1
2019-10-07T11:15:30.000Z,1
2019-10-07T11:50:03.000Z,1
2019-10-07T12:08:10.000Z,1
2019-10-07T12:09:01.000Z,1
2019-10-07T12:13:35.000Z,1
2019-10-07T12:28:05.000Z,1
2019-10-07T13:00:15.000Z,1
2019-10-07T13:09:17.000Z,1
2019-10-07T13:14:02.000Z,1
2019-10-07T13:35:55.000Z,1
2019-10-07T13:36:53.000Z,1
2019-10-07T13:46:02.000Z,1
2019-10-07T14:02:18.000Z,1
2019-10-07T14:14:27.000Z,1
2019-10-07T14:47:53.000Z,1
2019-10-07T14:50:41.000Z,1
2019-10-07T14:51:43.000Z,1
2019-10-07T14:54:28.000Z,1
2019-10-07T14:57:36.000Z,1
2019-10-07T15:00:29.000Z,1
2019-10-07T15:21:05.000Z,1
2019-10-07T15:21:37.000Z,1
2019-10-07T15:54:34.000Z,1
2019-10-07T16:02:31.000Z,1
2019-10-07T16:07:20.000Z,1
2019-10-07T16:13:43.000Z,1
2019-10-07T16:16:48.000Z,1
2019-10-07T16:30:24.000Z,1
2019-10-07T16:31:54.000Z,1
2019-10-07T16:37:56.000Z,1
2019-10-07T16:38:54.000Z,2
2019-10-07T16:40:34.000Z,1
2019-10-07T16:44:44.000Z,2
2019-10-07T16:54:40.000Z,1
2019-10-07T17:08:41.000Z,1
2019-10-07T17:16:23.000Z,1
2019-10-07T17:18:03.000Z,3
2019-10-07T17:31:58.000Z,1
2019-10-07T17:37:36.000Z,1
2019-10-07T17:55:48.000Z,1
2019-10-07T17:56:43.000Z,3
2019-10-07T17:56:46.000Z,1
2019-10-07T18:02:32.000Z,2
2019-10-07T18:15:29.000Z,2
2019-10-07T18:32:15.000Z,3
2019-10-07T18:57:17.000Z,2
2019-10-07T18:58:41.000Z,1
2019-10-07T21:03:08.000Z,1
2019-10-07T21:17:30.000Z,1
2019-10-07T22:03:11.000Z,1
2019-10-07T23:05:27.000Z,1
2019-10-08T06:02:02.000Z,1
2019-10-08T06:13:25.000Z,1
2019-10-08T06:27:13.000Z,1
2019-10-08T06:41:25.000Z,1
2019-10-08T06:50:49.000Z,1
2019-10-08T06:57:12.000Z,1
2019-10-08T07:01:59.000Z,1
2019-10-08T07:04:47.000Z,1
2019-10-08T07:11:27.000Z,2
2019-10-08T07:17:27.000Z,2
2019-10-08T07:27:14.000Z,1
2019-10-08T07:29:11.000Z,2
2019-10-08T07:46:27.000Z,1
2019-10-08T07:51:07.000Z,1
2019-10-08T08:05:55.000Z,1
2019-10-08T08:07:43.000Z,1
2019-10-08T08:07:42.000Z,1
2019-10-08T08:09:12.000Z,1
2019-10-08T08:12:30.000Z,1
2019-10-08T08:20:01.000Z,1
2019-10-08T08:21:40.000Z,2
2019-10-08T08:25:10.000Z,2
2019-10-08T08:32:57.000Z,1
2019-10-08T08:40:23.000Z,2
2019-10-08T08:48:09.000Z,1
2019-10-08T09:10:43.000Z,1
2019-10-08T09:10:51.000Z,1
2019-10-08T09:33:25.000Z,1
2019-10-08T09:37:26.000Z,1
2019-10-08T10:15:46.000Z,1
2019-10-08T10:46:11.000Z,1
2019-10-08T11:15:22.000Z,1
2019-10-08T11:40:46.000Z,1
2019-10-08T11:51:37.000Z,1
2019-10-08T12:03:44.000Z,1
2019-10-08T12:41:35.000Z,1
2019-10-08T12:50:43.000Z,1
2019-10-08T13:01:25.000Z,1
2019-10-08T13:39:31.000Z,2
2019-10-08T13:43:33.000Z,1
2019-10-08T13:48:17.000Z,1
2019-10-08T14:01:01.000Z,1
2019-10-08T14:16:22.000Z,1
2019-10-08T14:35:31.000Z,2
2019-10-08T14:53:01.000Z,1
2019-10-08T15:10:16.000Z,1
2019-10-08T15:17:46.000Z,1
2019-10-08T16:04:03.000Z,1
2019-10-08T16:11:10.000Z,1
2019-10-08T16:37:22.000Z,1
2019-10-08T16:57:41.000Z,1
2019-10-08T16:59:00.000Z,1
2019-10-08T17:00:53.000Z,1
2019-10-08T17:03:54.000Z,1
2019-10-08T17:11:36.000Z,1
2019-10-08T17:13:09.000Z,1
2019-10-08T17:20:20.000Z,1
2019-10-08T17:23:15.000Z,1
2019-10-08T17:33:05.000Z,1
2019-10-08T17:34:55.000Z,3
2019-10-08T17:53:14.000Z,1
2019-10-08T17:53:32.000Z,1
2019-10-08T17:56:05.000Z,3
2019-10-08T18:02:06.000Z,1
2019-10-08T18:08:50.000Z,1
2019-10-08T18:17:13.000Z,1
2019-10-08T18:17:58.000Z,1
2019-10-08T18:18:31.000Z,1
2019-10-08T18:24:48.000Z,1
2019-10-08T18:39:10.000Z,1
2019-10-08T18:52:45.000Z,1
2019-10-08T19:00:54.000Z,1
2019-10-08T20:06:22.000Z,1
2019-10-08T20:41:05.000Z,2
2019-10-08T21:01:35.000Z,2
2019-10-08T22:14:46.000Z,1
2019-10-09T02:42:36.000Z,1
2019-10-09T04:46:23.000Z,1
2019-10-09T06:22:08.000Z,1
2019-10-09T06:28:18.000Z,1
2019-10-09T06:44:22.000Z,1
2019-10-09T06:50:52.000Z,1
2019-10-09T06:53:37.000Z,2
2019-10-09T07:06:28.000Z,3
2019-10-09T07:18:02.000Z,1
2019-10-09T07:21:56.000Z,1
2019-10-09T07:22:39.000Z,1
2019-10-09T07:24:33.000Z,1
2019-10-09T07:25:58.000Z,1
2019-10-09T07:33:30.000Z,1
2019-10-09T07:43:09.000Z,1
2019-10-09T07:55:48.000Z,1
2019-10-09T07:58:11.000Z,1
2019-10-09T08:05:26.000Z,1
2019-10-09T08:21:27.000Z,1
2019-10-09T08:26:36.000Z,2
2019-10-09T08:56:15.000Z,3
2019-10-09T10:18:04.000Z,1
2019-10-05T11:13:26.000Z,1
2019-10-05T11:14:35.000Z,2
2019-10-05T11:43:31.000Z,1
2019-10-05T12:04:47.000Z,1
2019-10-05T12:46:12.000Z,1
2019-10-05T12:49:38.000Z,1
2019-10-05T12:54:19.000Z,1
2019-10-05T12:55:05.000Z,1
2019-10-05T13:29:30.000Z,1
2019-10-05T14:09:02.000Z,1
2019-10-05T14:30:29.000Z,1
2019-10-05T14:39:06.000Z,1
2019-10-05T15:46:10.000Z,1
2019-10-05T15:54:44.000Z,1
2019-10-05T16:59:29.000Z,1
2019-10-06T13:22:56.000Z,1
2019-10-05T12:12:26.000Z,2
2019-10-05T13:12:50.000Z,1
2019-10-05T13:17:56.000Z,1
2019-10-05T13:26:26.000Z,1
2019-10-05T14:09:36.000Z,1
2019-10-05T14:57:31.000Z,1
2019-10-05T15:17:21.000Z,1
2019-10-05T15:54:24.000Z,2
2019-10-05T15:59:21.000Z,1
2019-10-05T16:00:29.000Z,1
2019-10-05T16:06:33.000Z,1
2019-10-05T16:09:06.000Z,1
2019-10-05T16:09:20.000Z,1
2019-10-05T16:09:31.000Z,1
2019-10-05T16:16:35.000Z,1
2019-10-05T16:51:57.000Z,1
2019-10-05T17:05:23.000Z,1
2019-10-05T19:46:43.000Z,1
2019-10-05T20:49:46.000Z,1
2019-10-06T00:39:37.000Z,1
2019-10-06T02:49:22.000Z,1
2019-10-06T07:30:41.000Z,1
2019-10-06T07:47:22.000Z,1
2019-10-06T08:41:15.000Z,1
2019-10-06T09:22:49.000Z,1
2019-10-06T09:38:22.000Z,1
2019-10-06T10:23:58.000Z,1
2019-10-06T10:43:35.000Z,2
2019-10-06T10:50:06.000Z,1
2019-10-06T10:53:50.000Z,1
2019-10-06T11:11:48.000Z,3
2019-10-06T11:17:19.000Z,2
2019-10-06T11:17:39.000Z,1
2019-10-06T11:36:07.000Z,1
2019-10-06T11:57:30.000Z,1
2019-10-06T12:35:15.000Z,1
2019-10-06T12:43:10.000Z,2
2019-10-06T12:44:21.000Z,1
2019-10-06T12:48:39.000Z,2
2019-10-06T12:49:00.000Z,1
2019-10-06T12:53:10.000Z,1
2019-10-06T13:06:25.000Z,1
2019-10-06T13:13:43.000Z,1
2019-10-06T13:17:11.000Z,1
2019-10-06T13:25:53.000Z,1
2019-10-06T13:32:35.000Z,1
2019-10-06T13:49:38.000Z,1
2019-10-06T14:21:41.000Z,1
2019-10-06T14:25:31.000Z,1
2019-10-06T14:30:08.000Z,1
2019-10-06T14:34:42.000Z,1
2019-10-06T15:16:44.000Z,1
2019-10-06T15:40:23.000Z,1
2019-10-06T17:03:31.000Z,1
2019-10-06T17:52:49.000Z,2
2019-10-06T18:02:38.000Z,1
2019-10-06T18:43:29.000Z,1
2019-10-06T19:23:29.000Z,1
2019-10-06T20:10:46.000Z,1
2019-10-06T21:28:26.000Z,1
2019-10-06T21:29:46.000Z,1
2019-10-06T21:43:19.000Z,1
2019-10-06T23:02:56.000Z,1
2019-10-06T23:19:13.000Z,1
2019-10-07T05:20:19.000Z,1
2019-10-07T05:31:21.000Z,1
2019-10-07T08:00:52.000Z,1
2019-10-07T08:05:46.000Z,1
2019-10-07T08:16:42.000Z,3
2019-10-07T08:35:59.000Z,1
2019-10-07T08:44:38.000Z,1
2019-10-07T08:46:30.000Z,2
2019-10-07T08:59:00.000Z,1
2019-10-07T09:06:21.000Z,1
2019-10-07T09:29:40.000Z,1
2019-10-07T09:30:58.000Z,1
2019-10-07T09:45:33.000Z,1
2019-10-07T09:46:45.000Z,1
2019-10-07T10:03:04.000Z,1
2019-10-07T10:43:32.000Z,1
2019-10-07T10:51:38.000Z,1
2019-10-07T10:59:47.000Z,1
2019-10-07T12:13:53.000Z,2
2019-10-07T12:16:20.000Z,1
2019-10-07T12:29:37.000Z,1
2019-10-07T12:39:23.000Z,1
2019-10-07T12:42:50.000Z,1
2019-10-07T13:10:02.000Z,1
2019-10-07T13:20:00.000Z,1
2019-10-07T13:22:56.000Z,1
2019-10-07T13:34:58.000Z,1
2019-10-07T13:42:03.000Z,1
2019-10-07T13:45:06.000Z,1
2019-10-07T13:47:35.000Z,1
2019-10-07T13:53:39.000Z,1
2019-10-07T13:53:41.000Z,1
2019-10-07T14:13:56.000Z,1
2019-10-07T14:14:59.000Z,2
2019-10-07T14:26:22.000Z,1
2019-10-07T14:35:56.000Z,1
2019-10-07T15:20:32.000Z,1
2019-10-07T15:27:09.000Z,1
2019-10-07T15:27:31.000Z,1
2019-10-07T15:39:00.000Z,1
2019-10-07T15:46:09.000Z,2
2019-10-07T15:49:54.000Z,1
2019-10-07T15:50:19.000Z,1
2019-10-07T16:11:09.000Z,2
2019-10-07T16:11:58.000Z,2
2019-10-07T16:19:33.000Z,1
2019-10-07T16:34:21.000Z,1
2019-10-07T16:38:45.000Z,2
2019-10-07T16:44:43.000Z,1
2019-10-07T16:52:01.000Z,2
2019-10-07T16:55:35.000Z,2
2019-10-07T16:55:33.000Z,1
2019-10-07T16:59:48.000Z,1
2019-10-07T17:02:31.000Z,2
2019-10-07T17:12:08.000Z,1
2019-10-07T17:19:36.000Z,1
2019-10-07T17:32:52.000Z,1
2019-10-07T17:39:06.000Z,2
2019-10-07T17:44:48.000Z,1
2019-10-07T17:45:48.000Z,3
2019-10-07T17:52:44.000Z,2
2019-10-07T18:10:14.000Z,2
2019-10-07T18:15:19.000Z,2
2019-10-07T18:16:37.000Z,2
2019-10-07T18:23:23.000Z,1
2019-10-07T18:34:04.000Z,1
2019-10-07T18:37:02.000Z,3
2019-10-07T18:39:19.000Z,1
2019-10-07T18:45:29.000Z,2
2019-10-07T18:51:18.000Z,1
2019-10-07T19:25:18.000Z,2
2019-10-07T19:53:09.000Z,2
2019-10-07T20:10:29.000Z,1
2019-10-07T20:15:20.000Z,1
2019-10-07T21:07:16.000Z,1
2019-10-07T21:17:25.000Z,1
2019-10-07T22:50:58.000Z,1
2019-10-08T00:16:35.000Z,1
2019-10-08T05:16:58.000Z,1
2019-10-08T05:47:00.000Z,1
2019-10-08T05:53:52.000Z,1
2019-10-08T06:17:16.000Z,2
2019-10-08T06:33:14.000Z,1
2019-10-08T06:56:21.000Z,1
2019-10-08T07:12:40.000Z,1
2019-10-08T07:16:51.000Z,1
2019-10-08T07:24:45.000Z,1
2019-10-08T07:30:00.000Z,1
2019-10-08T07:44:05.000Z,1
2019-10-08T07:49:49.000Z,3
2019-10-08T08:31:52.000Z,1
2019-10-08T08:37:50.000Z,1
2019-10-08T08:43:08.000Z,4
2019-10-08T08:46:28.000Z,1
2019-10-08T08:58:36.000Z,1
2019-10-08T10:37:50.000Z,1
2019-10-08T10:51:32.000Z,1
2019-10-08T11:26:00.000Z,1
2019-10-08T12:39:17.000Z,1
2019-10-08T13:23:31.000Z,1
2019-10-08T13:27:43.000Z,1
2019-10-08T13:34:29.000Z,1
2019-10-08T13:44:59.000Z,2
2019-10-08T13:54:57.000Z,1
2019-10-08T14:13:10.000Z,1
2019-10-08T14:17:02.000Z,1
2019-10-08T14:22:29.000Z,1
2019-10-08T14:37:58.000Z,1
2019-10-08T15:21:23.000Z,1
2019-10-08T15:45:02.000Z,1
2019-10-08T15:45:17.000Z,1
2019-10-08T15:46:26.000Z,1
2019-10-08T15:57:30.000Z,1
2019-10-08T16:01:52.000Z,1
2019-10-08T16:02:14.000Z,1
2019-10-08T16:04:29.000Z,2
2019-10-08T16:11:06.000Z,2
2019-10-08T16:15:02.000Z,1
2019-10-08T16:18:29.000Z,1
2019-10-08T16:35:53.000Z,1
2019-10-08T16:38:58.000Z,2
2019-10-08T16:47:19.000Z,1
2019-10-08T17:00:21.000Z,1
2019-10-08T17:03:04.000Z,1
2019-10-08T17:03:32.000Z,1
2019-10-08T17:13:03.000Z,1
2019-10-08T17:14:19.000Z,1
2019-10-08T17:28:35.000Z,1
2019-10-08T17:34:22.000Z,1
2019-10-08T17:44:12.000Z,1
2019-10-08T17:51:03.000Z,2
2019-10-08T17:51:18.000Z,2
2019-10-08T18:16:15.000Z,1
2019-10-08T18:17:20.000Z,1
2019-10-08T18:22:15.000Z,1
2019-10-08T18:25:32.000Z,2
2019-10-08T18:25:50.000Z,1
2019-10-08T18:34:18.000Z,2
2019-10-08T18:34:39.000Z,1
2019-10-08T18:37:10.000Z,1
2019-10-08T18:37:20.000Z,1
2019-10-08T18:44:55.000Z,1
2019-10-08T19:06:48.000Z,2
2019-10-08T19:39:53.000Z,1
2019-10-08T20:03:40.000Z,1
2019-10-08T20:07:49.000Z,1
2019-10-08T20:32:12.000Z,1
2019-10-08T20:52:09.000Z,1
2019-10-08T21:10:58.000Z,1
2019-10-08T21:17:15.000Z,1
2019-10-08T22:26:49.000Z,1
2019-10-08T22:37:21.000Z,1
2019-10-08T22:45:40.000Z,1
2019-10-08T23:09:25.000Z,1
2019-10-09T05:52:26.000Z,1
2019-10-09T06:47:55.000Z,1
2019-10-09T06:57:08.000Z,1
2019-10-09T07:06:14.000Z,1
2019-10-09T07:22:23.000Z,1
2019-10-09T07:23:59.000Z,1
2019-10-09T07:28:51.000Z,1
2019-10-09T07:33:17.000Z,1
2019-10-09T07:36:50.000Z,1
2019-10-09T07:54:40.000Z,2
2019-10-09T07:55:01.000Z,2
2019-10-09T08:03:43.000Z,2
2019-10-09T08:04:44.000Z,1
2019-10-09T08:06:13.000Z,1
2019-10-09T08:07:19.000Z,1
2019-10-09T08:38:49.000Z,1
2019-10-09T08:43:52.000Z,1
2019-10-09T08:45:02.000Z,1
2019-10-09T09:05:04.000Z,1
2019-10-09T09:56:15.000Z,1
2019-10-09T10:26:35.000Z,1
2019-10-05T11:11:52.000Z,1
2019-10-05T11:14:09.000Z,1
2019-10-05T11:15:07.000Z,1
2019-10-05T11:17:28.000Z,1
2019-10-05T11:20:51.000Z,1
2019-10-05T11:28:05.000Z,1
2019-10-05T11:46:08.000Z,1
2019-10-05T11:48:07.000Z,1
2019-10-05T11:50:29.000Z,1
2019-10-05T11:54:59.000Z,1
2019-10-05T12:12:04.000Z,1
2019-10-05T12:20:58.000Z,1
2019-10-05T12:22:28.000Z,1
2019-10-05T12:28:40.000Z,2
2019-10-05T12:45:13.000Z,1
2019-10-05T12:47:41.000Z,1
2019-10-05T13:17:05.000Z,2
2019-10-05T14:17:10.000Z,1
2019-10-05T15:09:20.000Z,1
2019-10-05T15:22:10.000Z,1
2019-10-05T15:43:07.000Z,1
2019-10-05T15:48:19.000Z,1
2019-10-05T16:16:46.000Z,1
2019-10-05T19:18:09.000Z,1
2019-10-06T10:25:48.000Z,1
2019-10-06T11:37:26.000Z,1
2019-10-05T13:57:41.000Z,1
2019-10-05T15:51:06.000Z,1
2019-10-05T15:56:05.000Z,1
2019-10-05T16:28:32.000Z,1
2019-10-05T17:10:49.000Z,1
2019-10-05T17:38:21.000Z,1
2019-10-05T20:20:48.000Z,1
2019-10-05T21:30:01.000Z,1
2019-10-05T21:46:39.000Z,1
2019-10-05T21:50:07.000Z,1
2019-10-05T23:01:24.000Z,1
2019-10-05T23:10:54.000Z,1
2019-10-05T23:18:36.000Z,1
2019-10-06T02:12:24.000Z,1
2019-10-06T05:56:20.000Z,1
2019-10-06T06:57:37.000Z,1
2019-10-06T07:16:57.000Z,1
2019-10-06T07:55:36.000Z,1
2019-10-06T08:06:15.000Z,1
2019-10-06T09:11:18.000Z,1
2019-10-06T09:31:41.000Z,1
2019-10-06T09:50:53.000Z,1
2019-10-06T09:57:22.000Z,1
2019-10-06T10:15:02.000Z,1
2019-10-06T10:34:47.000Z,1
2019-10-06T10:56:13.000Z,1
2019-10-06T11:12:25.000Z,1
2019-10-06T11:25:29.000Z,1
2019-10-06T11:31:35.000Z,3
2019-10-06T11:38:28.000Z,1
2019-10-06T12:03:05.000Z,1
2019-10-06T12:05:12.000Z,2
2019-10-06T12:12:08.000Z,2
2019-10-06T12:35:35.000Z,1
2019-10-06T12:42:48.000Z,1
2019-10-06T12:44:47.000Z,1
2019-10-06T12:52:47.000Z,2
2019-10-06T13:00:53.000Z,1
2019-10-06T13:02:33.000Z,1
2019-10-06T13:07:15.000Z,1
2019-10-06T13:13:53.000Z,2
2019-10-06T13:16:37.000Z,1
2019-10-06T13:23:11.000Z,1
2019-10-06T13:28:21.000Z,1
2019-10-06T14:07:15.000Z,2
2019-10-06T14:07:19.000Z,1
2019-10-06T14:16:44.000Z,1
2019-10-06T14:20:49.000Z,1
2019-10-06T14:29:59.000Z,1
2019-10-06T14:50:08.000Z,1
2019-10-06T15:01:22.000Z,1
2019-10-06T15:04:59.000Z,3
2019-10-06T15:13:15.000Z,1
2019-10-06T15:17:12.000Z,1
2019-10-06T15:20:25.000Z,1
2019-10-06T15:29:03.000Z,1
2019-10-06T15:55:20.000Z,1
2019-10-06T15:58:55.000Z,1
2019-10-06T16:04:20.000Z,1
2019-10-06T16:11:18.000Z,1
2019-10-06T16:26:22.000Z,1
2019-10-06T16:32:50.000Z,1
2019-10-06T16:46:24.000Z,1
2019-10-06T16:53:14.000Z,1
2019-10-06T17:01:15.000Z,2
2019-10-06T17:01:43.000Z,1
2019-10-06T17:18:10.000Z,1
2019-10-06T17:21:56.000Z,1
2019-10-06T17:47:22.000Z,1
2019-10-06T17:54:29.000Z,1
2019-10-06T18:05:17.000Z,1
2019-10-06T18:05:22.000Z,1
2019-10-06T18:20:55.000Z,1
2019-10-06T18:30:01.000Z,1
2019-10-06T18:31:19.000Z,1
2019-10-06T18:47:05.000Z,1
2019-10-06T18:53:36.000Z,1
2019-10-06T19:28:07.000Z,1
2019-10-06T21:17:21.000Z,1
2019-10-06T21:23:53.000Z,1
2019-10-07T02:19:02.000Z,1
2019-10-07T06:09:28.000Z,1
2019-10-07T06:54:20.000Z,1
2019-10-07T07:01:36.000Z,1
2019-10-07T07:12:43.000Z,1
2019-10-07T07:15:27.000Z,1
2019-10-07T07:19:51.000Z,1
2019-10-07T07:30:30.000Z,1
2019-10-07T07:48:53.000Z,1
2019-10-07T07:54:05.000Z,1
2019-10-07T08:32:04.000Z,2
2019-10-07T08:34:36.000Z,1
2019-10-07T08:42:11.000Z,1
2019-10-07T08:42:43.000Z,1
2019-10-07T08:46:27.000Z,1
2019-10-07T08:46:32.000Z,1
2019-10-07T08:53:20.000Z,1
2019-10-07T08:56:52.000Z,1
2019-10-07T09:07:07.000Z,1
2019-10-07T11:37:14.000Z,1
2019-10-07T11:45:44.000Z,1
2019-10-07T11:52:42.000Z,1
2019-10-07T12:45:25.000Z,1
2019-10-07T12:53:34.000Z,1
2019-10-07T12:57:23.000Z,1
2019-10-07T12:58:01.000Z,1
2019-10-07T14:00:17.000Z,1
2019-10-07T14:14:44.000Z,1
2019-10-07T14:30:09.000Z,1
2019-10-07T14:34:29.000Z,1
2019-10-07T14:36:41.000Z,1
2019-10-07T14:44:08.000Z,1
2019-10-07T15:20:17.000Z,1
2019-10-07T15:24:01.000Z,1
2019-10-07T16:06:16.000Z,1
2019-10-07T16:19:52.000Z,1
2019-10-07T16:22:14.000Z,1
2019-10-07T16:37:45.000Z,3
2019-10-07T16:43:16.000Z,1
2019-10-07T16:46:06.000Z,2
2019-10-07T16:48:19.000Z,3
2019-10-07T16:55:34.000Z,4
2019-10-07T17:04:53.000Z,1
2019-10-07T17:06:15.000Z,3
2019-10-07T17:17:08.000Z,1
2019-10-07T17:17:58.000Z,1
2019-10-07T17:20:33.000Z,1
2019-10-07T17:25:35.000Z,1
2019-10-07T17:28:50.000Z,2
2019-10-07T17:32:05.000Z,1
2019-10-07T17:37:02.000Z,2
2019-10-07T17:48:00.000Z,2
2019-10-07T17:50:19.000Z,1
2019-10-07T17:54:45.000Z,1
2019-10-07T18:07:06.000Z,1
2019-10-07T18:27:59.000Z,1
2019-10-07T18:52:47.000Z,1
2019-10-07T19:04:15.000Z,1
2019-10-07T19:18:01.000Z,1
2019-10-07T19:34:46.000Z,1
2019-10-07T19:38:35.000Z,1
2019-10-07T19:45:34.000Z,2
2019-10-07T21:00:55.000Z,1
2019-10-07T22:49:03.000Z,1
2019-10-07T22:50:05.000Z,1
2019-10-07T23:10:20.000Z,1
2019-10-07T23:18:32.000Z,1
2019-10-07T23:33:49.000Z,1
2019-10-08T03:56:49.000Z,1
2019-10-08T06:16:46.000Z,1
2019-10-08T06:40:33.000Z,2
2019-10-08T07:01:34.000Z,1
2019-10-08T07:08:52.000Z,1
2019-10-08T07:12:50.000Z,1
2019-10-08T07:41:44.000Z,1
2019-10-08T07:46:53.000Z,1
2019-10-08T07:54:37.000Z,1
2019-10-08T07:56:50.000Z,1
2019-10-08T08:10:40.000Z,2
2019-10-08T08:27:15.000Z,1
2019-10-08T08:28:28.000Z,1
2019-10-08T08:30:19.000Z,2
2019-10-08T08:51:30.000Z,2
2019-10-08T09:13:35.000Z,1
2019-10-08T09:36:24.000Z,1
2019-10-08T10:11:29.000Z,1
2019-10-08T10:30:17.000Z,2
2019-10-08T10:34:36.000Z,1
2019-10-08T11:22:50.000Z,1
2019-10-08T11:41:17.000Z,1
2019-10-08T11:48:01.000Z,1
2019-10-08T12:16:00.000Z,1
2019-10-08T12:24:44.000Z,1
2019-10-08T12:34:42.000Z,1
2019-10-08T12:52:41.000Z,1
2019-10-08T13:21:50.000Z,1
2019-10-08T13:27:33.000Z,1
2019-10-08T13:34:56.000Z,1
2019-10-08T13:43:02.000Z,1
2019-10-08T14:38:28.000Z,1
2019-10-08T15:07:33.000Z,1
2019-10-08T15:18:19.000Z,1
2019-10-08T15:19:22.000Z,1
2019-10-08T15:20:46.000Z,1
2019-10-08T15:22:22.000Z,1
2019-10-08T15:24:07.000Z,1
2019-10-08T15:38:33.000Z,3
2019-10-08T15:55:04.000Z,1
2019-10-08T16:09:26.000Z,1
2019-10-08T16:11:17.000Z,1
2019-10-08T16:16:48.000Z,1
2019-10-08T16:45:42.000Z,1
2019-10-08T16:47:17.000Z,1
2019-10-08T16:59:47.000Z,1
2019-10-08T17:02:28.000Z,1
2019-10-08T17:16:19.000Z,1
2019-10-08T17:19:11.000Z,2
2019-10-08T17:25:23.000Z,1
2019-10-08T17:25:43.000Z,2
2019-10-08T17:28:01.000Z,1
2019-10-08T17:35:07.000Z,1
2019-10-08T17:44:53.000Z,1
2019-10-08T17:51:17.000Z,1
2019-10-08T18:02:36.000Z,1
2019-10-08T18:07:53.000Z,1
2019-10-08T18:11:12.000Z,4
2019-10-08T18:17:54.000Z,1
2019-10-08T18:21:06.000Z,1
2019-10-08T18:23:14.000Z,1
2019-10-08T18:34:32.000Z,1
2019-10-08T18:52:28.000Z,1
2019-10-08T18:53:56.000Z,1
2019-10-08T19:07:24.000Z,1
2019-10-08T19:52:37.000Z,1
2019-10-08T19:59:53.000Z,1
2019-10-08T20:12:02.000Z,1
2019-10-08T20:14:13.000Z,2
2019-10-08T20:31:42.000Z,1
2019-10-08T20:32:01.000Z,1
2019-10-08T20:44:05.000Z,1
2019-10-08T21:04:31.000Z,1
2019-10-08T21:04:45.000Z,1
2019-10-08T21:31:24.000Z,1
2019-10-08T21:46:30.000Z,1
2019-10-08T22:14:33.000Z,1
2019-10-09T05:53:13.000Z,1
2019-10-09T05:56:34.000Z,1
2019-10-09T06:24:44.000Z,1
2019-10-09T07:10:27.000Z,1
2019-10-09T07:31:18.000Z,1
2019-10-09T07:34:30.000Z,1
2019-10-09T07:39:59.000Z,2
2019-10-09T07:51:46.000Z,1
2019-10-09T08:35:48.000Z,1
2019-10-09T08:41:19.000Z,1
2019-10-09T08:42:25.000Z,1
2019-10-09T08:52:02.000Z,1
2019-10-09T08:54:04.000Z,1
2019-10-09T08:57:50.000Z,1
2019-10-09T09:15:24.000Z,1
2019-10-09T09:32:28.000Z,1
2019-10-09T09:47:48.000Z,1
2019-10-09T10:33:42.000Z,1
2019-10-05T10:56:20.000Z,1
2019-10-05T11:05:43.000Z,1
2019-10-05T11:20:29.000Z,1
2019-10-05T11:27:05.000Z,1
2019-10-05T11:53:04.000Z,1
2019-10-05T12:43:46.000Z,1
2019-10-05T12:49:01.000Z,2
2019-10-05T13:16:12.000Z,1
2019-10-05T13:22:34.000Z,1
2019-10-05T13:26:00.000Z,1
2019-10-05T14:11:05.000Z,1
2019-10-05T14:31:55.000Z,1
2019-10-05T15:18:55.000Z,1
2019-10-05T15:45:59.000Z,1
2019-10-05T16:40:17.000Z,1
2019-10-05T16:52:00.000Z,1
2019-10-05T16:56:39.000Z,1
2019-10-05T17:59:16.000Z,1
2019-10-06T09:47:30.000Z,1
2019-10-05T13:16:47.000Z,1
2019-10-05T13:54:06.000Z,1
2019-10-05T14:38:28.000Z,1
2019-10-05T14:46:20.000Z,1
2019-10-05T15:27:01.000Z,2
2019-10-05T15:53:50.000Z,1
2019-10-05T16:46:40.000Z,1
2019-10-05T16:49:00.000Z,1
2019-10-05T21:25:20.000Z,1
2019-10-05T21:51:42.000Z,1
2019-10-05T23:57:21.000Z,1
2019-10-06T00:45:44.000Z,1
2019-10-06T03:12:40.000Z,1
2019-10-06T04:49:36.000Z,1
2019-10-06T07:28:42.000Z,1
2019-10-06T07:58:03.000Z,1
2019-10-06T08:48:17.000Z,1
2019-10-06T09:09:28.000Z,1
2019-10-06T10:14:59.000Z,1
2019-10-06T10:26:24.000Z,2
2019-10-06T11:02:28.000Z,1
2019-10-06T11:12:46.000Z,1
2019-10-06T11:24:57.000Z,1
2019-10-06T11:30:42.000Z,1
2019-10-06T11:32:30.000Z,1
2019-10-06T11:43:46.000Z,1
2019-10-06T11:48:32.000Z,1
2019-10-06T11:53:55.000Z,1
2019-10-06T12:04:00.000Z,1
2019-10-06T12:06:39.000Z,1
2019-10-06T12:19:28.000Z,2
2019-10-06T12:30:09.000Z,1
2019-10-06T12:37:30.000Z,1
2019-10-06T12:39:58.000Z,1
2019-10-06T12:43:01.000Z,3
2019-10-06T13:12:03.000Z,1
2019-10-06T13:16:17.000Z,1
2019-10-06T14:00:52.000Z,1
2019-10-06T14:21:55.000Z,1
2019-10-06T14:33:54.000Z,2
2019-10-06T14:47:34.000Z,1
2019-10-06T14:58:57.000Z,1
2019-10-06T15:07:30.000Z,1
2019-10-06T15:19:05.000Z,2
2019-10-06T15:26:43.000Z,1
2019-10-06T15:42:14.000Z,2
2019-10-06T15:47:16.000Z,1
2019-10-06T16:49:04.000Z,1
2019-10-06T17:05:29.000Z,1
2019-10-06T17:07:50.000Z,1
2019-10-06T17:08:38.000Z,1
2019-10-06T17:11:46.000Z,2
2019-10-06T17:28:58.000Z,2
2019-10-06T17:32:50.000Z,1
2019-10-06T17:38:46.000Z,1
2019-10-06T17:44:20.000Z,1
2019-10-06T18:02:55.000Z,1
2019-10-06T18:20:33.000Z,1
2019-10-06T18:33:59.000Z,1
2019-10-06T18:42:57.000Z,1
2019-10-06T19:01:37.000Z,1
2019-10-06T19:06:22.000Z,1
2019-10-06T19:07:12.000Z,1
2019-10-06T19:39:31.000Z,1
2019-10-06T20:12:20.000Z,1
2019-10-06T21:59:42.000Z,1
2019-10-06T22:51:01.000Z,1
2019-10-06T23:57:31.000Z,1
2019-10-07T05:48:21.000Z,1
2019-10-07T06:47:56.000Z,1
2019-10-07T06:53:56.000Z,1
2019-10-07T06:55:24.000Z,1
2019-10-07T06:59:55.000Z,2
2019-10-07T07:24:55.000Z,1
2019-10-07T07:39:06.000Z,1
2019-10-07T07:46:53.000Z,1
2019-10-07T07:50:15.000Z,1
2019-10-07T07:59:27.000Z,2
2019-10-07T08:04:13.000Z,1
2019-10-07T08:12:41.000Z,1
2019-10-07T08:16:52.000Z,1
2019-10-07T08:18:54.000Z,1
2019-10-07T08:33:18.000Z,2
2019-10-07T08:35:28.000Z,1
2019-10-07T08:39:38.000Z,1
2019-10-07T09:10:15.000Z,1
2019-10-07T09:34:35.000Z,1
2019-10-07T10:03:38.000Z,1
2019-10-07T10:36:25.000Z,2
2019-10-07T10:52:57.000Z,1
2019-10-07T11:00:22.000Z,1
2019-10-07T12:00:35.000Z,1
2019-10-07T12:54:51.000Z,1
2019-10-07T12:58:38.000Z,1
2019-10-07T13:11:24.000Z,1
2019-10-07T13:41:01.000Z,1
2019-10-07T14:14:01.000Z,1
2019-10-07T14:30:23.000Z,1
2019-10-07T14:34:03.000Z,1
2019-10-07T15:27:53.000Z,1
2019-10-07T15:55:08.000Z,1
2019-10-07T15:55:21.000Z,1
2019-10-07T16:07:22.000Z,2
2019-10-07T16:16:26.000Z,2
2019-10-07T16:17:23.000Z,2
2019-10-07T16:19:36.000Z,1
2019-10-07T16:24:28.000Z,1
2019-10-07T16:44:29.000Z,1
2019-10-07T17:02:28.000Z,1
2019-10-07T17:04:16.000Z,1
2019-10-07T17:14:11.000Z,2
2019-10-07T17:24:30.000Z,1
2019-10-07T17:25:30.000Z,3
2019-10-07T17:27:29.000Z,1
2019-10-07T17:34:12.000Z,2
2019-10-07T17:38:52.000Z,1
2019-10-07T17:39:22.000Z,1
2019-10-07T17:46:39.000Z,2
2019-10-07T17:51:14.000Z,1
2019-10-07T17:58:04.000Z,2
2019-10-07T18:05:29.000Z,1
2019-10-07T18:06:28.000Z,1
2019-10-07T18:10:31.000Z,2
2019-10-07T18:12:40.000Z,2
2019-10-07T18:33:30.000Z,1
2019-10-07T18:47:46.000Z,1
2019-10-07T18:58:25.000Z,2
2019-10-07T19:04:52.000Z,1
2019-10-07T19:16:47.000Z,1
2019-10-07T19:29:15.000Z,1
2019-10-07T20:38:31.000Z,1
2019-10-07T22:53:44.000Z,1
2019-10-07T23:42:54.000Z,1
2019-10-08T05:02:47.000Z,1
2019-10-08T06:25:25.000Z,1
2019-10-08T06:37:20.000Z,1
2019-10-08T07:30:46.000Z,1
2019-10-08T07:31:26.000Z,1
2019-10-08T07:40:56.000Z,1
2019-10-08T07:42:33.000Z,2
2019-10-08T07:46:41.000Z,1
2019-10-08T07:49:26.000Z,1
2019-10-08T07:57:15.000Z,1
2019-10-08T07:57:30.000Z,1
2019-10-08T08:04:54.000Z,2
2019-10-08T08:16:24.000Z,1
2019-10-08T08:22:03.000Z,1
2019-10-08T08:31:19.000Z,1
2019-10-08T08:35:07.000Z,1
2019-10-08T08:53:22.000Z,1
2019-10-08T08:53:42.000Z,2
2019-10-08T09:17:57.000Z,1
2019-10-08T09:25:15.000Z,3
2019-10-08T09:34:50.000Z,1
2019-10-08T10:08:25.000Z,1
2019-10-08T10:25:10.000Z,1
2019-10-08T10:40:08.000Z,1
2019-10-08T10:52:41.000Z,1
2019-10-08T10:58:59.000Z,2
2019-10-08T10:59:51.000Z,1
2019-10-08T11:11:12.000Z,1
2019-10-08T11:18:20.000Z,1
2019-10-08T11:37:28.000Z,1
2019-10-08T11:42:08.000Z,1
2019-10-08T12:49:23.000Z,1
2019-10-08T13:25:29.000Z,1
2019-10-08T13:58:48.000Z,1
2019-10-08T13:59:30.000Z,1
2019-10-08T14:21:43.000Z,1
2019-10-08T15:12:15.000Z,1
2019-10-08T15:52:12.000Z,1
2019-10-08T15:56:24.000Z,1
2019-10-08T16:03:57.000Z,1
2019-10-08T16:12:49.000Z,1
2019-10-08T16:46:01.000Z,1
2019-10-08T16:46:39.000Z,1
2019-10-08T16:47:21.000Z,1
2019-10-08T16:51:18.000Z,1
2019-10-08T16:59:38.000Z,1
2019-10-08T17:00:59.000Z,1
2019-10-08T17:01:47.000Z,1
2019-10-08T17:02:34.000Z,1
2019-10-08T17:20:49.000Z,2
2019-10-08T17:21:25.000Z,1
2019-10-08T17:28:39.000Z,2
2019-10-08T17:37:57.000Z,2
2019-10-08T18:05:22.000Z,1
2019-10-08T18:19:33.000Z,1
2019-10-08T18:23:16.000Z,1
2019-10-08T18:34:42.000Z,1
2019-10-08T18:41:09.000Z,1
2019-10-08T19:05:22.000Z,1
2019-10-08T19:38:21.000Z,1
2019-10-08T20:37:26.000Z,1
2019-10-08T21:10:48.000Z,1
2019-10-08T21:19:48.000Z,1
2019-10-08T21:21:13.000Z,1
2019-10-08T23:28:43.000Z,1
2019-10-08T23:52:02.000Z,1
2019-10-09T06:13:38.000Z,1
2019-10-09T06:42:22.000Z,1
2019-10-09T06:47:25.000Z,1
2019-10-09T06:51:21.000Z,1
2019-10-09T07:42:32.000Z,1
2019-10-09T07:49:32.000Z,1
2019-10-09T08:01:07.000Z,3
2019-10-09T08:01:26.000Z,1
2019-10-09T08:02:04.000Z,1
2019-10-09T08:03:26.000Z,1
2019-10-09T08:10:55.000Z,2
2019-10-09T08:12:15.000Z,1
2019-10-09T08:13:05.000Z,1
2019-10-09T08:24:09.000Z,3
2019-10-09T08:34:12.000Z,2
2019-10-09T08:35:33.000Z,1
2019-10-09T08:42:20.000Z,1
2019-10-09T08:54:53.000Z,1
2019-10-09T08:55:12.000Z,1
2019-10-09T08:55:59.000Z,1
2019-10-09T09:29:07.000Z,1
2019-10-09T09:29:12.000Z,1
2019-10-09T09:35:48.000Z,1
2019-10-09T09:47:51.000Z,1
2019-10-05T10:53:44.000Z,1
2019-10-05T11:12:20.000Z,1
2019-10-05T11:13:54.000Z,1
2019-10-05T11:14:31.000Z,1
2019-10-05T11:16:37.000Z,1
2019-10-05T11:23:36.000Z,1
2019-10-05T11:32:18.000Z,2
2019-10-05T11:56:51.000Z,1
2019-10-05T12:05:03.000Z,1
2019-10-05T12:32:46.000Z,1
2019-10-05T12:42:38.000Z,1
2019-10-05T12:46:47.000Z,1
2019-10-05T12:48:16.000Z,1
2019-10-05T13:30:22.000Z,1
2019-10-05T13:30:20.000Z,1
2019-10-05T13:37:17.000Z,1
2019-10-05T13:46:25.000Z,1
2019-10-05T14:24:25.000Z,2
2019-10-05T17:38:44.000Z,1
2019-10-05T18:27:28.000Z,1
2019-10-05T22:57:30.000Z,1
2019-10-06T10:36:37.000Z,1
2019-10-06T11:29:06.000Z,1
2019-10-05T13:17:39.000Z,1
2019-10-05T13:39:07.000Z,1
2019-10-05T13:51:15.000Z,1
2019-10-05T14:34:57.000Z,1
2019-10-05T15:04:23.000Z,1
2019-10-05T15:32:35.000Z,2
2019-10-05T16:11:49.000Z,1
2019-10-05T17:04:16.000Z,1
2019-10-05T17:11:21.000Z,1
2019-10-05T19:05:42.000Z,1
2019-10-05T19:31:08.000Z,1
2019-10-06T01:26:20.000Z,1
2019-10-06T08:59:59.000Z,1
2019-10-06T09:51:24.000Z,1
2019-10-06T10:57:32.000Z,1
2019-10-06T11:02:08.000Z,1
2019-10-06T11:19:16.000Z,1
2019-10-06T11:25:45.000Z,2
2019-10-06T11:48:29.000Z,1
2019-10-06T11:50:17.000Z,1
2019-10-06T11:57:01.000Z,1
2019-10-06T12:09:52.000Z,2
2019-10-06T12:11:57.000Z,1
2019-10-06T12:18:50.000Z,1
2019-10-06T12:24:40.000Z,1
2019-10-06T12:29:38.000Z,1
2019-10-06T12:29:55.000Z,1
2019-10-06T12:43:52.000Z,1
2019-10-06T12:53:41.000Z,1
2019-10-06T13:02:02.000Z,3
2019-10-06T13:02:40.000Z,1
2019-10-06T13:17:41.000Z,1
2019-10-06T13:30:53.000Z,1
2019-10-06T14:12:16.000Z,3
2019-10-06T14:23:35.000Z,1
2019-10-06T14:27:19.000Z,4
2019-10-06T14:37:48.000Z,2
2019-10-06T14:58:59.000Z,2
2019-10-06T15:07:34.000Z,1
2019-10-06T15:09:37.000Z,1
2019-10-06T15:14:49.000Z,2
2019-10-06T15:23:56.000Z,1
2019-10-06T15:25:12.000Z,2
2019-10-06T15:34:55.000Z,1
2019-10-06T15:40:02.000Z,1
2019-10-06T15:45:39.000Z,1
2019-10-06T15:54:42.000Z,1
2019-10-06T15:57:33.000Z,1
2019-10-06T16:06:49.000Z,2
2019-10-06T16:11:26.000Z,1
2019-10-06T16:14:15.000Z,1
2019-10-06T16:36:02.000Z,1
2019-10-06T16:45:23.000Z,1
2019-10-06T16:59:00.000Z,1
2019-10-06T17:02:36.000Z,1
2019-10-06T17:49:29.000Z,1
2019-10-06T17:56:02.000Z,1
2019-10-06T17:58:29.000Z,1
2019-10-06T18:17:27.000Z,1
2019-10-06T18:48:28.000Z,1
2019-10-06T19:19:02.000Z,1
2019-10-06T19:29:15.000Z,1
2019-10-06T20:10:09.000Z,1
2019-10-06T20:47:26.000Z,1
2019-10-06T21:20:17.000Z,1
2019-10-06T21:22:22.000Z,1
2019-10-06T22:02:40.000Z,1
2019-10-06T22:15:00.000Z,1
2019-10-07T06:00:29.000Z,1
2019-10-07T06:18:30.000Z,1
2019-10-07T07:00:45.000Z,1
2019-10-07T07:29:10.000Z,1
2019-10-07T07:54:51.000Z,1
2019-10-07T08:48:48.000Z,1
2019-10-07T08:55:12.000Z,1
2019-10-07T08:58:09.000Z,1
2019-10-07T09:15:11.000Z,1
2019-10-07T09:15:39.000Z,2
2019-10-07T09:51:34.000Z,1
2019-10-07T10:12:40.000Z,1
2019-10-07T10:34:09.000Z,1
2019-10-07T10:35:35.000Z,1
2019-10-07T10:40:02.000Z,1
2019-10-07T10:47:21.000Z,1
2019-10-07T11:12:34.000Z,1
2019-10-07T12:13:59.000Z,1
2019-10-07T12:21:39.000Z,1
2019-10-07T12:53:06.000Z,1
2019-10-07T12:58:22.000Z,1
2019-10-07T13:22:51.000Z,1
2019-10-07T13:40:41.000Z,1
2019-10-07T13:48:51.000Z,1
2019-10-07T13:53:25.000Z,1
2019-10-07T13:53:59.000Z,1
2019-10-07T14:02:20.000Z,2
2019-10-07T14:18:06.000Z,1
2019-10-07T14:24:53.000Z,1
2019-10-07T14:31:35.000Z,1
2019-10-07T14:41:29.000Z,1
2019-10-07T14:51:47.000Z,1
2019-10-07T15:05:55.000Z,1
2019-10-07T15:26:10.000Z,1
2019-10-07T15:35:14.000Z,1
2019-10-07T15:36:08.000Z,1
2019-10-07T15:36:30.000Z,1
2019-10-07T15:43:41.000Z,2
2019-10-07T16:07:19.000Z,1
2019-10-07T16:15:20.000Z,1
2019-10-07T16:22:36.000Z,1
2019-10-07T16:26:22.000Z,1
2019-10-07T16:35:30.000Z,1
2019-10-07T16:54:51.000Z,1
2019-10-07T17:08:47.000Z,1
2019-10-07T17:09:23.000Z,2
2019-10-07T17:17:46.000Z,1
2019-10-07T17:17:49.000Z,1
2019-10-07T17:32:37.000Z,1
2019-10-07T17:36:23.000Z,2
2019-10-07T17:39:52.000Z,1
2019-10-07T17:41:00.000Z,2
2019-10-07T17:44:17.000Z,1
2019-10-07T17:59:17.000Z,3
2019-10-07T18:06:00.000Z,1
2019-10-07T18:13:07.000Z,1
2019-10-07T18:25:22.000Z,1
2019-10-07T18:27:16.000Z,1
2019-10-07T18:41:03.000Z,1
2019-10-07T18:54:58.000Z,1
2019-10-07T18:55:51.000Z,1
2019-10-07T19:18:06.000Z,2
2019-10-07T19:27:49.000Z,1
2019-10-07T19:39:46.000Z,1
2019-10-07T19:42:00.000Z,1
2019-10-07T19:43:03.000Z,1
2019-10-07T20:39:06.000Z,2
2019-10-07T20:53:26.000Z,1
2019-10-07T21:08:55.000Z,1
2019-10-07T21:22:34.000Z,1
2019-10-07T21:29:20.000Z,1
2019-10-07T22:39:30.000Z,1
2019-10-07T22:57:56.000Z,1
2019-10-08T05:28:14.000Z,1
2019-10-08T05:34:39.000Z,1
2019-10-08T05:37:59.000Z,1
2019-10-08T05:44:05.000Z,1
2019-10-08T06:17:36.000Z,1
2019-10-08T06:22:45.000Z,1
2019-10-08T06:36:20.000Z,1
2019-10-08T06:38:17.000Z,1
2019-10-08T07:16:31.000Z,1
2019-10-08T07:22:13.000Z,1
2019-10-08T07:28:45.000Z,1
2019-10-08T07:33:02.000Z,1
2019-10-08T07:53:33.000Z,1
2019-10-08T08:09:43.000Z,1
2019-10-08T08:15:42.000Z,1
2019-10-08T08:24:19.000Z,1
2019-10-08T08:29:37.000Z,3
2019-10-08T08:40:15.000Z,1
2019-10-08T08:50:16.000Z,2
2019-10-08T08:50:35.000Z,1
2019-10-08T08:58:15.000Z,1
2019-10-08T09:15:14.000Z,1
2019-10-08T10:09:39.000Z,1
2019-10-08T10:39:36.000Z,1
2019-10-08T11:03:12.000Z,1
2019-10-08T11:45:58.000Z,1
2019-10-08T12:09:43.000Z,1
2019-10-08T12:10:57.000Z,1
2019-10-08T12:21:34.000Z,1
2019-10-08T13:02:57.000Z,1
2019-10-08T13:44:41.000Z,1
2019-10-08T14:11:28.000Z,1
2019-10-08T14:35:49.000Z,1
2019-10-08T14:39:04.000Z,2
2019-10-08T14:49:34.000Z,1
2019-10-08T15:00:38.000Z,1
2019-10-08T15:16:06.000Z,1
2019-10-08T15:17:44.000Z,1
2019-10-08T15:26:00.000Z,1
2019-10-08T16:03:36.000Z,1
2019-10-08T16:03:59.000Z,2
2019-10-08T16:44:27.000Z,1
2019-10-08T16:45:03.000Z,1
2019-10-08T16:49:03.000Z,1
2019-10-08T16:49:25.000Z,2
2019-10-08T17:06:05.000Z,1
2019-10-08T17:10:13.000Z,1
2019-10-08T17:12:34.000Z,1
2019-10-08T17:34:27.000Z,1
2019-10-08T17:36:26.000Z,1
2019-10-08T17:43:49.000Z,1
2019-10-08T17:45:03.000Z,1
2019-10-08T18:14:27.000Z,1
2019-10-08T18:19:12.000Z,1
2019-10-08T18:36:36.000Z,1
2019-10-08T18:38:54.000Z,1
2019-10-08T18:39:41.000Z,1
2019-10-08T18:43:44.000Z,1
2019-10-08T19:47:54.000Z,1
2019-10-08T20:00:27.000Z,1
2019-10-08T22:19:24.000Z,1
2019-10-09T05:14:58.000Z,1
2019-10-09T05:59:08.000Z,1
2019-10-09T06:18:33.000Z,1
2019-10-09T06:21:52.000Z,1
2019-10-09T06:43:18.000Z,1
2019-10-09T06:59:32.000Z,1
2019-10-09T07:25:01.000Z,1
2019-10-09T07:26:55.000Z,2
2019-10-09T07:57:39.000Z,1
2019-10-09T08:15:56.000Z,1
2019-10-09T08:26:09.000Z,2
2019-10-09T08:36:29.000Z,1
2019-10-09T08:36:59.000Z,2
2019-10-09T08:40:21.000Z,1
2019-10-09T08:45:56.000Z,1
2019-10-09T08:48:46.000Z,2
2019-10-09T08:57:20.000Z,1
2019-10-09T08:59:59.000Z,1
2019-10-09T09:06:14.000Z,1
2019-10-09T09:12:46.000Z,1
2019-10-09T09:14:56.000Z,1
2019-10-09T09:15:11.000Z,2
2019-10-09T09:43:19.000Z,1
2019-10-09T10:14:31.000Z,1
2019-10-09T10:31:51.000Z,1
2019-10-05T11:15:55.000Z,1
2019-10-05T11:25:29.000Z,1
2019-10-05T11:28:57.000Z,1
2019-10-05T11:40:39.000Z,1
2019-10-05T11:49:26.000Z,2
2019-10-05T12:07:10.000Z,1
2019-10-05T13:35:27.000Z,2
2019-10-05T15:31:45.000Z,1
2019-10-05T15:42:17.000Z,1
2019-10-05T16:32:11.000Z,1
2019-10-05T12:04:36.000Z,2
2019-10-05T13:11:07.000Z,1
2019-10-05T13:57:12.000Z,2
2019-10-05T14:01:30.000Z,1
2019-10-05T14:28:39.000Z,1
2019-10-05T14:28:42.000Z,1
2019-10-05T14:39:51.000Z,2
2019-10-05T15:03:21.000Z,1
2019-10-05T15:14:24.000Z,1
2019-10-05T15:30:06.000Z,1
2019-10-05T15:30:41.000Z,1
2019-10-05T15:33:47.000Z,1
2019-10-05T15:35:04.000Z,2
2019-10-05T15:45:09.000Z,1
2019-10-05T15:50:05.000Z,1
2019-10-05T16:29:43.000Z,1
2019-10-05T16:34:53.000Z,1
2019-10-05T17:01:33.000Z,1
2019-10-05T18:55:59.000Z,1
2019-10-05T19:19:00.000Z,1
2019-10-05T22:05:35.000Z,1
2019-10-05T22:41:46.000Z,1
2019-10-05T23:06:05.000Z,1
2019-10-06T00:09:07.000Z,1
2019-10-06T00:37:11.000Z,1
2019-10-06T05:21:28.000Z,1
2019-10-06T07:54:05.000Z,1
2019-10-06T08:05:14.000Z,1
2019-10-06T08:23:54.000Z,1
2019-10-06T09:21:54.000Z,1
2019-10-06T09:41:18.000Z,1
2019-10-06T10:31:24.000Z,1
2019-10-06T10:36:53.000Z,1
2019-10-06T10:42:49.000Z,1
2019-10-06T10:44:15.000Z,1
2019-10-06T11:01:55.000Z,1
2019-10-06T11:11:36.000Z,1
2019-10-06T11:14:43.000Z,1
2019-10-06T11:22:03.000Z,1
2019-10-06T11:22:38.000Z,1
2019-10-06T11:30:30.000Z,1
2019-10-06T11:41:36.000Z,1
2019-10-06T11:42:07.000Z,1
2019-10-06T11:42:22.000Z,2
2019-10-06T11:51:48.000Z,2
2019-10-06T12:10:57.000Z,2
2019-10-06T12:14:42.000Z,1
2019-10-06T12:18:08.000Z,1
2019-10-06T12:23:23.000Z,2
2019-10-06T12:41:00.000Z,1
2019-10-06T12:53:54.000Z,1
2019-10-06T12:55:19.000Z,2
2019-10-06T13:18:36.000Z,1
2019-10-06T13:39:57.000Z,1
2019-10-06T13:56:16.000Z,1
2019-10-06T13:57:22.000Z,1
2019-10-06T14:40:37.000Z,1
2019-10-06T14:51:23.000Z,1
2019-10-06T14:52:41.000Z,1
2019-10-06T15:06:15.000Z,1
2019-10-06T15:28:40.000Z,1
2019-10-06T15:44:41.000Z,1
2019-10-06T15:52:36.000Z,2
2019-10-06T16:12:06.000Z,1
2019-10-06T17:04:14.000Z,1
2019-10-06T17:29:34.000Z,1
2019-10-06T17:40:27.000Z,2
2019-10-06T17:55:55.000Z,1
2019-10-06T18:03:54.000Z,1
2019-10-06T18:12:12.000Z,1
2019-10-06T18:31:37.000Z,1
2019-10-06T18:42:40.000Z,1
2019-10-06T18:52:35.000Z,1
2019-10-06T19:07:20.000Z,1
2019-10-06T19:53:17.000Z,1
2019-10-06T19:58:11.000Z,1
2019-10-06T20:20:32.000Z,1
2019-10-06T21:20:42.000Z,1
2019-10-06T22:39:45.000Z,2
2019-10-07T01:31:25.000Z,1
2019-10-07T06:48:19.000Z,1
2019-10-07T06:54:26.000Z,2
2019-10-07T06:59:18.000Z,1
2019-10-07T07:27:39.000Z,1
2019-10-07T07:30:36.000Z,1
2019-10-07T07:31:36.000Z,1
2019-10-07T07:45:53.000Z,1
2019-10-07T08:02:47.000Z,1
2019-10-07T08:06:33.000Z,1
2019-10-07T08:08:39.000Z,3
2019-10-07T08:11:26.000Z,1
2019-10-07T08:17:26.000Z,2
2019-10-07T08:21:22.000Z,1
2019-10-07T08:23:31.000Z,2
2019-10-07T08:24:32.000Z,1
2019-10-07T08:28:57.000Z,1
2019-10-07T08:33:04.000Z,1
2019-10-07T08:38:43.000Z,1
2019-10-07T09:01:03.000Z,1
2019-10-07T09:15:57.000Z,1
2019-10-07T09:32:44.000Z,1
2019-10-07T09:40:26.000Z,1
2019-10-07T09:50:00.000Z,1
2019-10-07T10:44:45.000Z,1
2019-10-07T11:23:57.000Z,1
2019-10-07T11:33:51.000Z,1
2019-10-07T11:49:40.000Z,1
2019-10-07T11:53:33.000Z,1
2019-10-07T11:54:03.000Z,1
2019-10-07T12:11:16.000Z,1
2019-10-07T12:11:35.000Z,2
2019-10-07T13:13:16.000Z,1
2019-10-07T13:14:18.000Z,1
2019-10-07T13:14:36.000Z,1
2019-10-07T13:28:12.000Z,1
2019-10-07T13:33:41.000Z,1
2019-10-07T14:08:40.000Z,1
2019-10-07T14:15:12.000Z,1
2019-10-07T14:46:11.000Z,1
2019-10-07T14:56:07.000Z,1
2019-10-07T15:02:36.000Z,1
2019-10-07T15:31:41.000Z,1
2019-10-07T15:44:08.000Z,1
2019-10-07T16:01:54.000Z,1
2019-10-07T16:11:54.000Z,1
2019-10-07T16:12:57.000Z,2
2019-10-07T16:13:17.000Z,1
2019-10-07T16:24:29.000Z,1
2019-10-07T16:35:11.000Z,1
2019-10-07T16:43:03.000Z,3
2019-10-07T16:57:09.000Z,2
2019-10-07T17:04:36.000Z,1
2019-10-07T17:06:24.000Z,1
2019-10-07T17:22:08.000Z,3
2019-10-07T17:22:40.000Z,1
2019-10-07T17:26:24.000Z,3
2019-10-07T17:26:43.000Z,2
2019-10-07T17:31:45.000Z,1
2019-10-07T17:38:37.000Z,1
2019-10-07T17:42:09.000Z,1
2019-10-07T17:48:13.000Z,1
2019-10-07T17:53:11.000Z,1
2019-10-07T18:01:28.000Z,1
2019-10-07T18:01:46.000Z,3
2019-10-07T18:19:03.000Z,1
2019-10-07T18:19:47.000Z,1
2019-10-07T18:41:14.000Z,2
2019-10-07T18:44:06.000Z,1
2019-10-07T18:52:25.000Z,1
2019-10-07T19:11:41.000Z,1
2019-10-07T20:12:04.000Z,1
2019-10-07T20:33:41.000Z,1
2019-10-07T20:39:28.000Z,1
2019-10-07T21:09:42.000Z,1
2019-10-07T21:32:11.000Z,1
2019-10-07T21:42:41.000Z,1
2019-10-07T21:45:41.000Z,1
2019-10-08T05:47:47.000Z,1
2019-10-08T06:06:47.000Z,1
2019-10-08T06:12:40.000Z,1
2019-10-08T07:05:25.000Z,1
2019-10-08T07:29:13.000Z,1
2019-10-08T07:40:12.000Z,1
2019-10-08T07:40:22.000Z,2
2019-10-08T07:49:31.000Z,1
2019-10-08T08:02:38.000Z,1
2019-10-08T08:13:57.000Z,1
2019-10-08T08:18:15.000Z,1
2019-10-08T08:20:50.000Z,2
2019-10-08T08:22:34.000Z,2
2019-10-08T08:33:04.000Z,1
2019-10-08T08:34:21.000Z,2
2019-10-08T08:49:42.000Z,1
2019-10-08T09:01:32.000Z,1
2019-10-08T09:30:21.000Z,1
2019-10-08T09:47:40.000Z,1
2019-10-08T10:26:31.000Z,1
2019-10-08T10:35:06.000Z,2
2019-10-08T10:47:17.000Z,1
2019-10-08T11:24:21.000Z,1
2019-10-08T11:25:01.000Z,1
2019-10-08T11:44:41.000Z,1
2019-10-08T11:51:39.000Z,1
2019-10-08T12:19:10.000Z,1
2019-10-08T12:36:58.000Z,1
2019-10-08T13:07:23.000Z,1
2019-10-08T13:39:19.000Z,1
2019-10-08T13:40:21.000Z,1
2019-10-08T13:49:58.000Z,1
2019-10-08T15:01:06.000Z,1
2019-10-08T15:08:56.000Z,1
2019-10-08T16:00:10.000Z,1
2019-10-08T16:04:27.000Z,1
2019-10-08T16:04:59.000Z,1
2019-10-08T16:12:20.000Z,1
2019-10-08T16:13:41.000Z,1
2019-10-08T16:15:38.000Z,1
2019-10-08T16:24:31.000Z,1
2019-10-08T16:34:32.000Z,1
2019-10-08T16:43:35.000Z,3
2019-10-08T16:45:41.000Z,1
2019-10-08T16:49:48.000Z,2
2019-10-08T17:02:33.000Z,1
2019-10-08T17:05:19.000Z,2
2019-10-08T17:11:40.000Z,1
2019-10-08T17:17:24.000Z,1
2019-10-08T17:17:52.000Z,3
2019-10-08T17:23:37.000Z,3
2019-10-08T17:26:59.000Z,1
2019-10-08T17:37:09.000Z,2
2019-10-08T17:42:22.000Z,1
2019-10-08T17:53:19.000Z,1
2019-10-08T17:57:28.000Z,3
2019-10-08T17:59:02.000Z,2
2019-10-08T18:10:29.000Z,1
2019-10-08T18:17:08.000Z,1
2019-10-08T18:27:27.000Z,1
2019-10-08T18:29:13.000Z,1
2019-10-08T18:37:40.000Z,1
2019-10-08T18:39:43.000Z,3
2019-10-08T18:42:50.000Z,2
2019-10-08T18:51:47.000Z,2
2019-10-08T19:02:22.000Z,1
2019-10-08T19:06:40.000Z,1
2019-10-08T19:07:50.000Z,2
2019-10-08T19:08:08.000Z,1
2019-10-08T19:12:08.000Z,1
2019-10-08T19:46:29.000Z,1
2019-10-08T19:58:56.000Z,1
2019-10-08T20:01:44.000Z,1
2019-10-08T20:07:10.000Z,1
2019-10-08T20:48:30.000Z,1
2019-10-08T21:17:39.000Z,1
2019-10-08T22:12:34.000Z,1
2019-10-08T23:47:40.000Z,1
2019-10-09T00:06:34.000Z,1
2019-10-09T05:41:22.000Z,1
2019-10-09T05:51:12.000Z,1
2019-10-09T05:55:05.000Z,1
2019-10-09T06:22:55.000Z,1
2019-10-09T06:24:53.000Z,1
2019-10-09T07:04:31.000Z,1
2019-10-09T07:15:53.000Z,1
2019-10-09T07:47:47.000Z,1
2019-10-09T07:53:05.000Z,1
2019-10-09T08:19:01.000Z,1
2019-10-09T08:26:56.000Z,1
2019-10-09T08:32:25.000Z,1
2019-10-09T08:40:57.000Z,1
2019-10-09T08:43:15.000Z,1
2019-10-09T08:48:25.000Z,1
2019-10-09T09:25:16.000Z,1
2019-10-05T10:53:29.000Z,1
2019-10-05T11:01:29.000Z,1
2019-10-05T11:04:50.000Z,1
2019-10-05T11:05:37.000Z,1
2019-10-05T11:25:30.000Z,1
2019-10-05T11:37:54.000Z,1
2019-10-05T11:39:26.000Z,1
2019-10-05T12:10:28.000Z,1
2019-10-05T12:45:23.000Z,1
2019-10-05T12:48:03.000Z,1
2019-10-05T12:56:19.000Z,1
2019-10-05T13:05:43.000Z,1
2019-10-05T13:53:13.000Z,1
2019-10-05T14:13:24.000Z,1
2019-10-05T14:48:48.000Z,1
2019-10-05T15:12:28.000Z,1
2019-10-05T15:24:11.000Z,1
2019-10-05T20:33:37.000Z,1
2019-10-06T07:55:46.000Z,1
2019-10-06T12:16:00.000Z,1
2019-10-05T13:11:48.000Z,1
2019-10-05T14:02:31.000Z,1
2019-10-05T14:12:25.000Z,1
2019-10-05T14:22:57.000Z,1
2019-10-05T15:01:28.000Z,2
2019-10-05T15:47:25.000Z,1
2019-10-05T15:55:53.000Z,2
2019-10-05T15:59:36.000Z,1
2019-10-05T16:10:54.000Z,1
2019-10-05T16:18:28.000Z,2
2019-10-05T16:48:54.000Z,1
2019-10-05T21:03:16.000Z,1
2019-10-05T21:57:20.000Z,1
2019-10-05T22:03:26.000Z,1
2019-10-05T22:35:13.000Z,1
2019-10-05T22:50:31.000Z,1
2019-10-06T00:16:31.000Z,1
2019-10-06T01:32:06.000Z,1
2019-10-06T06:38:53.000Z,1
2019-10-06T08:28:24.000Z,1
2019-10-06T08:48:07.000Z,1
2019-10-06T09:32:45.000Z,1
2019-10-06T09:37:26.000Z,1
2019-10-06T10:07:55.000Z,1
2019-10-06T10:09:31.000Z,2
2019-10-06T10:12:13.000Z,1
2019-10-06T10:34:48.000Z,1
2019-10-06T10:47:26.000Z,1
2019-10-06T10:54:25.000Z,4
2019-10-06T11:59:39.000Z,1
2019-10-06T12:09:32.000Z,2
2019-10-06T12:22:49.000Z,1
2019-10-06T12:36:26.000Z,1
2019-10-06T12:41:41.000Z,1
2019-10-06T12:46:39.000Z,1
2019-10-06T12:56:51.000Z,1
2019-10-06T13:13:59.000Z,1
2019-10-06T13:16:19.000Z,1
2019-10-06T13:52:15.000Z,1
2019-10-06T14:29:02.000Z,1
2019-10-06T14:40:56.000Z,1
2019-10-06T14:49:12.000Z,1
2019-10-06T14:52:47.000Z,1
2019-10-06T14:53:47.000Z,3
2019-10-06T15:04:42.000Z,1
2019-10-06T15:14:14.000Z,1
2019-10-06T15:17:32.000Z,2
2019-10-06T15:20:10.000Z,1
2019-10-06T15:22:24.000Z,1
2019-10-06T15:25:49.000Z,1
2019-10-06T15:29:48.000Z,1
2019-10-06T15:32:28.000Z,3
2019-10-06T15:34:37.000Z,2
2019-10-06T15:40:28.000Z,1
2019-10-06T15:54:24.000Z,1
2019-10-06T15:57:48.000Z,1
2019-10-06T15:59:32.000Z,1
2019-10-06T16:27:13.000Z,1
2019-10-06T16:30:27.000Z,1
2019-10-06T16:46:28.000Z,1
2019-10-06T16:56:31.000Z,1
2019-10-06T17:00:40.000Z,1
2019-10-06T17:01:33.000Z,2
2019-10-06T17:02:47.000Z,2
2019-10-06T17:08:35.000Z,1
2019-10-06T17:27:17.000Z,1
2019-10-06T17:44:13.000Z,1
2019-10-06T17:47:01.000Z,1
2019-10-06T18:00:16.000Z,1
2019-10-06T18:02:32.000Z,1
2019-10-06T18:07:02.000Z,1
2019-10-06T18:35:15.000Z,1
2019-10-06T18:54:22.000Z,1
2019-10-06T19:10:10.000Z,1
2019-10-06T19:18:56.000Z,1
2019-10-06T20:32:35.000Z,1
2019-10-06T21:02:36.000Z,1
2019-10-06T21:16:17.000Z,1
2019-10-06T21:53:10.000Z,1
2019-10-07T05:51:40.000Z,1
2019-10-07T05:54:52.000Z,1
2019-10-07T05:59:23.000Z,1
2019-10-07T06:16:49.000Z,1
2019-10-07T06:48:58.000Z,1
2019-10-07T07:19:11.000Z,1
2019-10-07T07:23:28.000Z,1
2019-10-07T07:35:58.000Z,1
2019-10-07T07:44:28.000Z,1
2019-10-07T07:50:09.000Z,1
2019-10-07T07:51:46.000Z,1
2019-10-07T07:55:06.000Z,2
2019-10-07T08:02:45.000Z,1
2019-10-07T08:08:21.000Z,1
2019-10-07T08:11:39.000Z,1
2019-10-07T08:19:30.000Z,1
2019-10-07T08:28:19.000Z,1
2019-10-07T08:43:38.000Z,2
2019-10-07T08:52:14.000Z,1
2019-10-07T09:15:06.000Z,1
2019-10-07T09:24:20.000Z,1
2019-10-07T09:53:44.000Z,2
2019-10-07T09:59:40.000Z,1
2019-10-07T10:18:20.000Z,1
2019-10-07T10:21:17.000Z,1
2019-10-07T11:32:03.000Z,1
2019-10-07T11:59:07.000Z,1
2019-10-07T12:00:04.000Z,1
2019-10-07T12:14:33.000Z,1
2019-10-07T12:14:59.000Z,1
2019-10-07T12:25:12.000Z,1
2019-10-07T12:26:17.000Z,1
2019-10-07T12:43:39.000Z,1
2019-10-07T12:51:00.000Z,1
2019-10-07T13:41:18.000Z,1
2019-10-07T13:55:37.000Z,2
2019-10-07T14:08:27.000Z,1
2019-10-07T14:33:40.000Z,1
2019-10-07T14:34:32.000Z,1
2019-10-07T14:48:56.000Z,1
2019-10-07T14:50:06.000Z,2
2019-10-07T14:50:26.000Z,1
2019-10-07T15:13:14.000Z,2
2019-10-07T15:15:03.000Z,1
2019-10-07T15:16:59.000Z,1
2019-10-07T15:29:17.000Z,1
2019-10-07T15:30:51.000Z,1
2019-10-07T15:44:11.000Z,1
2019-10-07T16:01:50.000Z,1
2019-10-07T16:10:07.000Z,1
2019-10-07T16:16:50.000Z,2
2019-10-07T16:22:34.000Z,1
2019-10-07T16:26:53.000Z,1
2019-10-07T16:38:35.000Z,3
2019-10-07T16:41:18.000Z,1
2019-10-07T16:42:31.000Z,1
2019-10-07T16:49:36.000Z,1
2019-10-07T17:02:11.000Z,4
2019-10-07T17:02:29.000Z,3
2019-10-07T17:05:33.000Z,2
2019-10-07T17:12:01.000Z,1
2019-10-07T17:20:31.000Z,1
2019-10-07T17:22:43.000Z,2
2019-10-07T17:25:00.000Z,1
2019-10-07T17:37:22.000Z,3
2019-10-07T17:42:10.000Z,2
2019-10-07T18:08:31.000Z,1
2019-10-07T18:36:07.000Z,1
2019-10-07T18:47:52.000Z,1
2019-10-07T18:50:33.000Z,1
2019-10-07T18:54:53.000Z,1
2019-10-07T18:59:16.000Z,2
2019-10-07T19:07:23.000Z,1
2019-10-07T19:09:30.000Z,1
2019-10-07T19:41:05.000Z,1
2019-10-07T19:48:21.000Z,1
2019-10-07T20:05:12.000Z,1
2019-10-07T20:29:16.000Z,1
2019-10-07T20:42:07.000Z,1
2019-10-07T21:33:05.000Z,2
2019-10-07T21:38:37.000Z,1
2019-10-07T21:53:06.000Z,1
2019-10-07T23:16:42.000Z,1
2019-10-08T00:26:08.000Z,1
2019-10-08T04:48:08.000Z,1
2019-10-08T05:46:45.000Z,1
2019-10-08T06:33:16.000Z,1
2019-10-08T06:53:36.000Z,1
2019-10-08T07:09:14.000Z,1
2019-10-08T07:44:31.000Z,1
2019-10-08T07:53:50.000Z,4
2019-10-08T07:56:30.000Z,1
2019-10-08T07:57:36.000Z,1
2019-10-08T08:03:04.000Z,1
2019-10-08T08:03:16.000Z,1
2019-10-08T08:05:48.000Z,1
2019-10-08T08:07:15.000Z,1
2019-10-08T08:14:21.000Z,2
2019-10-08T08:18:22.000Z,1
2019-10-08T08:28:27.000Z,2
2019-10-08T08:29:51.000Z,2
2019-10-08T08:36:41.000Z,1
2019-10-08T09:01:16.000Z,1
2019-10-08T09:14:14.000Z,2
2019-10-08T09:38:36.000Z,1
2019-10-08T10:08:07.000Z,1
2019-10-08T10:30:29.000Z,1
2019-10-08T11:07:53.000Z,1
2019-10-08T11:43:49.000Z,1
2019-10-08T12:05:14.000Z,1
2019-10-08T12:22:29.000Z,1
2019-10-08T12:24:32.000Z,1
2019-10-08T12:39:42.000Z,1
2019-10-08T12:46:46.000Z,1
2019-10-08T12:54:44.000Z,1
2019-10-08T13:44:06.000Z,1
2019-10-08T13:45:10.000Z,1
2019-10-08T13:56:13.000Z,1
2019-10-08T14:16:52.000Z,1
2019-10-08T14:39:24.000Z,1
2019-10-08T14:45:54.000Z,1
2019-10-08T14:52:23.000Z,1
2019-10-08T14:55:16.000Z,1
2019-10-08T15:49:46.000Z,1
2019-10-08T16:07:31.000Z,1
2019-10-08T16:09:00.000Z,1
2019-10-08T16:12:56.000Z,1
2019-10-08T16:16:21.000Z,1
2019-10-08T16:19:14.000Z,1
2019-10-08T16:20:03.000Z,1
2019-10-08T16:36:03.000Z,1
2019-10-08T16:38:37.000Z,1
2019-10-08T16:39:41.000Z,1
2019-10-08T16:43:46.000Z,1
2019-10-08T16:44:12.000Z,1
2019-10-08T16:58:48.000Z,4
2019-10-08T17:00:12.000Z,2
2019-10-08T17:03:44.000Z,1
2019-10-08T17:04:18.000Z,1
2019-10-08T17:05:57.000Z,1
2019-10-08T17:06:23.000Z,1
2019-10-08T17:09:48.000Z,2
2019-10-08T17:13:30.000Z,1
2019-10-08T17:22:33.000Z,1
2019-10-08T17:23:22.000Z,1
2019-10-08T17:27:13.000Z,1
2019-10-08T17:36:39.000Z,3
2019-10-08T17:47:17.000Z,1
2019-10-08T17:50:20.000Z,1
2019-10-08T18:12:03.000Z,2
2019-10-08T18:14:49.000Z,3
2019-10-08T18:15:23.000Z,2
2019-10-08T18:15:40.000Z,1
2019-10-08T18:19:50.000Z,1
2019-10-08T18:28:09.000Z,1
2019-10-08T18:40:40.000Z,1
2019-10-08T18:48:13.000Z,1
2019-10-08T19:02:10.000Z,1
2019-10-08T19:10:49.000Z,1
2019-10-08T20:02:44.000Z,1
2019-10-08T20:03:39.000Z,1
2019-10-08T20:12:18.000Z,1
2019-10-08T20:13:56.000Z,2
2019-10-08T20:23:34.000Z,1
2019-10-08T21:47:12.000Z,1
2019-10-08T21:58:20.000Z,1
2019-10-08T22:31:05.000Z,1
2019-10-08T22:31:39.000Z,1
2019-10-09T05:58:20.000Z,1
2019-10-09T06:17:13.000Z,1
2019-10-09T06:30:08.000Z,1
2019-10-09T06:37:15.000Z,1
2019-10-09T07:02:50.000Z,1
2019-10-09T07:30:29.000Z,1
2019-10-09T07:34:09.000Z,2
2019-10-09T07:35:48.000Z,1
2019-10-09T07:36:02.000Z,1
2019-10-09T07:49:22.000Z,1
2019-10-09T07:55:49.000Z,1
2019-10-09T07:59:43.000Z,1
2019-10-09T08:02:49.000Z,1
2019-10-09T08:10:23.000Z,2
2019-10-09T08:21:15.000Z,1
2019-10-09T08:33:47.000Z,1
2019-10-09T08:37:02.000Z,1
2019-10-09T08:41:59.000Z,1
2019-10-09T08:47:14.000Z,1
2019-10-09T09:01:47.000Z,1
2019-10-09T09:02:24.000Z,1
2019-10-09T09:06:40.000Z,1
2019-10-09T10:05:42.000Z,1
2019-10-05T10:52:03.000Z,1
2019-10-05T11:10:42.000Z,2
2019-10-05T11:17:26.000Z,1
2019-10-05T11:26:42.000Z,1
2019-10-05T11:27:00.000Z,1
2019-10-05T11:28:45.000Z,1
2019-10-05T12:06:04.000Z,3
2019-10-05T12:06:33.000Z,1
2019-10-05T12:35:39.000Z,1
2019-10-05T12:55:46.000Z,1
2019-10-05T13:05:35.000Z,1
2019-10-05T13:53:36.000Z,1
2019-10-05T15:10:23.000Z,1
2019-10-05T15:46:13.000Z,1
2019-10-05T15:53:08.000Z,1
2019-10-05T16:14:43.000Z,1
2019-10-05T17:53:58.000Z,1
2019-10-05T20:22:08.000Z,1
2019-10-06T06:00:34.000Z,1
2019-10-06T09:14:21.000Z,1
2019-10-06T09:25:20.000Z,1
2019-10-05T13:05:50.000Z,1
2019-10-05T13:17:47.000Z,1
2019-10-05T14:08:33.000Z,2
2019-10-05T14:16:31.000Z,1
2019-10-05T14:46:02.000Z,2
2019-10-05T15:27:20.000Z,1
2019-10-05T16:53:17.000Z,1
2019-10-05T17:00:54.000Z,1
2019-10-05T19:49:17.000Z,1
2019-10-05T22:22:47.000Z,1
2019-10-06T00:01:35.000Z,1
2019-10-06T00:35:27.000Z,1
2019-10-06T07:02:24.000Z,1
2019-10-06T08:18:02.000Z,1
2019-10-06T09:21:25.000Z,1
2019-10-06T09:34:00.000Z,1
2019-10-06T09:46:28.000Z,1
2019-10-06T10:29:45.000Z,1
2019-10-06T10:41:27.000Z,1
2019-10-06T11:19:50.000Z,1
2019-10-06T11:21:28.000Z,1
2019-10-06T11:27:17.000Z,1
2019-10-06T11:28:42.000Z,1
2019-10-06T11:32:10.000Z,1
2019-10-06T11:36:53.000Z,1
2019-10-06T11:41:37.000Z,1
2019-10-06T12:01:26.000Z,2
2019-10-06T12:18:12.000Z,1
2019-10-06T12:18:33.000Z,1
2019-10-06T13:19:22.000Z,2
2019-10-06T13:40:12.000Z,1
2019-10-06T14:12:59.000Z,1
2019-10-06T14:38:20.000Z,1
2019-10-06T14:57:01.000Z,1
2019-10-06T15:05:36.000Z,4
2019-10-06T15:11:42.000Z,1
2019-10-06T15:14:38.000Z,1
2019-10-06T15:21:00.000Z,1
2019-10-06T15:25:01.000Z,1
2019-10-06T15:47:33.000Z,2
2019-10-06T15:56:20.000Z,2
2019-10-06T16:14:24.000Z,1
2019-10-06T16:16:43.000Z,1
2019-10-06T16:24:29.000Z,3
2019-10-06T16:32:53.000Z,1
2019-10-06T16:33:50.000Z,1
2019-10-06T16:37:25.000Z,1
2019-10-06T16:40:53.000Z,1
2019-10-06T16:45:04.000Z,1
2019-10-06T16:47:37.000Z,2
2019-10-06T16:51:42.000Z,1
2019-10-06T16:52:08.000Z,1
2019-10-06T17:08:05.000Z,2
2019-10-06T17:32:53.000Z,1
2019-10-06T17:48:53.000Z,1
2019-10-06T17:51:59.000Z,1
2019-10-06T17:52:26.000Z,1
2019-10-06T17:54:26.000Z,1
2019-10-06T18:09:22.000Z,2
2019-10-06T18:12:51.000Z,1
2019-10-06T18:17:44.000Z,1
2019-10-06T18:40:35.000Z,2
2019-10-06T18:41:09.000Z,1
2019-10-06T19:14:56.000Z,1
2019-10-06T19:22:02.000Z,1
2019-10-06T19:29:39.000Z,1
2019-10-06T19:36:48.000Z,1
2019-10-06T20:08:24.000Z,1
2019-10-06T20:26:39.000Z,1
2019-10-06T21:17:53.000Z,1
2019-10-06T21:48:27.000Z,2
2019-10-06T23:46:34.000Z,1
2019-10-07T06:06:51.000Z,1
2019-10-07T06:53:24.000Z,1
2019-10-07T07:10:54.000Z,1
2019-10-07T07:12:17.000Z,1
2019-10-07T07:39:19.000Z,2
2019-10-07T08:02:30.000Z,2
2019-10-07T08:03:01.000Z,1
2019-10-07T08:15:44.000Z,2
2019-10-07T08:23:53.000Z,1
2019-10-07T08:24:43.000Z,1
2019-10-07T08:24:53.000Z,1
2019-10-07T08:27:01.000Z,2
2019-10-07T08:32:29.000Z,1
2019-10-07T08:38:14.000Z,1
2019-10-07T08:38:31.000Z,1
2019-10-07T08:41:25.000Z,1
2019-10-07T09:29:18.000Z,1
2019-10-07T10:06:27.000Z,1
2019-10-07T10:30:04.000Z,1
2019-10-07T10:34:23.000Z,1
2019-10-07T10:41:17.000Z,1
2019-10-07T10:47:20.000Z,1
2019-10-07T10:53:12.000Z,1
2019-10-07T10:56:57.000Z,1
2019-10-07T11:23:45.000Z,1
2019-10-07T11:42:01.000Z,1
2019-10-07T11:50:22.000Z,1
2019-10-07T12:14:29.000Z,1
2019-10-07T12:23:25.000Z,1
2019-10-07T12:48:45.000Z,1
2019-10-07T13:04:35.000Z,1
2019-10-07T13:17:33.000Z,1
2019-10-07T13:23:05.000Z,1
2019-10-07T13:25:08.000Z,1
2019-10-07T14:03:51.000Z,1
2019-10-07T14:12:13.000Z,2
2019-10-07T14:33:10.000Z,1
2019-10-07T14:35:03.000Z,1
2019-10-07T14:49:28.000Z,1
2019-10-07T14:52:39.000Z,1
2019-10-07T14:56:10.000Z,1
2019-10-07T15:14:42.000Z,3
2019-10-07T15:15:48.000Z,1
2019-10-07T15:40:22.000Z,1
2019-10-07T15:45:07.000Z,1
2019-10-07T15:48:19.000Z,1
2019-10-07T16:03:53.000Z,1
2019-10-07T16:12:16.000Z,1
2019-10-07T16:25:52.000Z,1
2019-10-07T16:33:24.000Z,1
2019-10-07T16:33:38.000Z,1
2019-10-07T16:38:55.000Z,1
2019-10-07T16:45:12.000Z,1
2019-10-07T17:00:49.000Z,1
2019-10-07T17:02:36.000Z,3
2019-10-07T17:06:28.000Z,1
2019-10-07T17:14:41.000Z,2
2019-10-07T17:17:21.000Z,1
2019-10-07T17:18:22.000Z,1
2019-10-07T17:20:01.000Z,1
2019-10-07T17:21:48.000Z,2
2019-10-07T17:26:00.000Z,1
2019-10-07T17:31:39.000Z,2
2019-10-07T17:33:43.000Z,2
2019-10-07T17:36:59.000Z,1
2019-10-07T17:37:35.000Z,2
2019-10-07T17:38:04.000Z,1
2019-10-07T17:41:57.000Z,1
2019-10-07T17:50:13.000Z,1
2019-10-07T17:52:08.000Z,1
2019-10-07T17:52:39.000Z,1
2019-10-07T17:54:37.000Z,2
2019-10-07T17:55:08.000Z,1
2019-10-07T18:00:46.000Z,1
2019-10-07T18:12:26.000Z,1
2019-10-07T18:17:43.000Z,1
2019-10-07T18:18:22.000Z,1
2019-10-07T18:25:01.000Z,1
2019-10-07T18:50:36.000Z,1
2019-10-07T18:51:35.000Z,1
2019-10-07T19:09:14.000Z,1
2019-10-07T19:21:05.000Z,2
2019-10-07T19:35:00.000Z,1
2019-10-07T20:09:07.000Z,1
2019-10-07T21:05:15.000Z,1
2019-10-07T21:09:46.000Z,1
2019-10-07T21:43:15.000Z,1
2019-10-07T22:25:43.000Z,1
2019-10-07T22:41:22.000Z,1
2019-10-08T06:30:46.000Z,1
2019-10-08T06:46:20.000Z,1
2019-10-08T07:01:23.000Z,1
2019-10-08T07:04:27.000Z,1
2019-10-08T07:13:26.000Z,1
2019-10-08T07:14:41.000Z,1
2019-10-08T07:17:06.000Z,2
2019-10-08T07:25:09.000Z,1
2019-10-08T07:37:13.000Z,1
2019-10-08T07:37:36.000Z,1
2019-10-08T07:40:14.000Z,1
2019-10-08T07:41:26.000Z,1
2019-10-08T07:43:31.000Z,1
2019-10-08T07:53:44.000Z,1
2019-10-08T07:58:24.000Z,1
2019-10-08T08:38:20.000Z,2
2019-10-08T08:43:36.000Z,1
2019-10-08T08:52:35.000Z,1
2019-10-08T08:59:10.000Z,1
2019-10-08T09:15:09.000Z,1
2019-10-08T09:18:05.000Z,1
2019-10-08T09:18:46.000Z,2
2019-10-08T09:31:30.000Z,1
2019-10-08T09:33:01.000Z,1
2019-10-08T09:54:23.000Z,1
2019-10-08T10:32:41.000Z,1
2019-10-08T10:47:47.000Z,1
2019-10-08T11:24:38.000Z,1
2019-10-08T11:43:14.000Z,1
2019-10-08T11:53:40.000Z,2
2019-10-08T12:05:49.000Z,1
2019-10-08T12:14:05.000Z,1
2019-10-08T12:34:56.000Z,1
2019-10-08T12:47:17.000Z,1
2019-10-08T13:05:06.000Z,1
2019-10-08T13:25:09.000Z,1
2019-10-08T13:25:21.000Z,1
2019-10-08T13:58:49.000Z,1
2019-10-08T14:20:30.000Z,1
2019-10-08T14:20:48.000Z,1
2019-10-08T14:21:52.000Z,1
2019-10-08T14:23:15.000Z,1
2019-10-08T14:24:19.000Z,1
2019-10-08T14:37:08.000Z,1
2019-10-08T14:39:54.000Z,1
2019-10-08T14:49:31.000Z,1
2019-10-08T15:05:05.000Z,1
2019-10-08T15:31:17.000Z,2
2019-10-08T15:32:14.000Z,1
2019-10-08T15:55:45.000Z,2
2019-10-08T15:58:46.000Z,1
2019-10-08T16:31:04.000Z,1
2019-10-08T16:33:05.000Z,1
2019-10-08T16:38:10.000Z,1
2019-10-08T16:40:59.000Z,2
2019-10-08T16:41:23.000Z,1
2019-10-08T16:43:08.000Z,1
2019-10-08T16:46:04.000Z,1
2019-10-08T16:50:18.000Z,1
2019-10-08T16:55:51.000Z,1
2019-10-08T16:58:24.000Z,1
2019-10-08T17:01:38.000Z,1
2019-10-08T17:10:23.000Z,1
2019-10-08T17:15:15.000Z,2
2019-10-08T17:31:05.000Z,1
2019-10-08T17:42:46.000Z,1
2019-10-08T17:52:31.000Z,1
2019-10-08T18:06:14.000Z,1
2019-10-08T18:10:44.000Z,1
2019-10-08T18:13:41.000Z,1
2019-10-08T18:15:25.000Z,1
2019-10-08T18:16:39.000Z,1
2019-10-08T18:20:27.000Z,1
2019-10-08T18:26:45.000Z,1
2019-10-08T18:28:24.000Z,2
2019-10-08T18:34:51.000Z,2
2019-10-08T18:56:39.000Z,1
2019-10-08T19:11:02.000Z,1
2019-10-08T19:22:58.000Z,1
2019-10-08T20:09:29.000Z,1
2019-10-08T20:38:43.000Z,1
2019-10-08T21:09:57.000Z,1
2019-10-08T22:59:33.000Z,1
2019-10-09T00:23:18.000Z,1
2019-10-09T04:44:46.000Z,1
2019-10-09T05:37:31.000Z,1
2019-10-09T06:02:05.000Z,1
2019-10-09T06:32:13.000Z,1
2019-10-09T06:35:04.000Z,1
2019-10-09T06:50:13.000Z,1
2019-10-09T07:14:11.000Z,1
2019-10-09T08:04:52.000Z,2
2019-10-09T08:24:47.000Z,1
2019-10-09T08:33:31.000Z,1
2019-10-09T08:57:16.000Z,1
2019-10-09T09:07:38.000Z,1
2019-10-09T09:25:19.000Z,1
2019-10-09T09:37:07.000Z,1
2019-10-09T09:38:08.000Z,1
2019-10-09T09:55:14.000Z,1
2019-10-05T10:59:32.000Z,1
2019-10-05T11:40:20.000Z,1
2019-10-05T11:48:35.000Z,1
2019-10-05T11:49:40.000Z,1
2019-10-05T12:03:30.000Z,3
2019-10-05T12:12:37.000Z,1
2019-10-05T12:13:52.000Z,1
2019-10-05T12:28:29.000Z,1
2019-10-05T12:46:49.000Z,2
2019-10-05T12:51:25.000Z,1
2019-10-05T14:18:36.000Z,1
2019-10-05T14:46:49.000Z,1
2019-10-05T15:13:51.000Z,3
2019-10-05T15:15:10.000Z,2
2019-10-05T19:23:58.000Z,1
2019-10-06T11:49:50.000Z,1
2019-10-07T07:46:09.000Z,1
2019-10-05T13:01:48.000Z,1
2019-10-05T13:11:54.000Z,1
2019-10-05T13:35:43.000Z,1
2019-10-05T14:08:00.000Z,2
2019-10-05T14:51:41.000Z,1
2019-10-05T15:02:44.000Z,1
2019-10-05T15:09:47.000Z,1
2019-10-05T16:11:16.000Z,1
2019-10-05T16:14:11.000Z,1
2019-10-05T16:41:49.000Z,1
2019-10-05T16:44:33.000Z,1
2019-10-05T21:02:04.000Z,1
2019-10-05T21:15:33.000Z,1
2019-10-05T22:05:08.000Z,2
2019-10-06T01:43:30.000Z,1
2019-10-06T06:26:43.000Z,1
2019-10-06T08:18:03.000Z,1
2019-10-06T08:19:56.000Z,1
2019-10-06T08:45:16.000Z,1
2019-10-06T08:49:09.000Z,1
2019-10-06T09:09:10.000Z,1
2019-10-06T09:30:25.000Z,1
2019-10-06T09:35:17.000Z,1
2019-10-06T09:39:03.000Z,1
2019-10-06T10:51:17.000Z,1
2019-10-06T10:57:12.000Z,1
2019-10-06T11:15:33.000Z,1
2019-10-06T11:25:03.000Z,1
2019-10-06T11:27:54.000Z,1
2019-10-06T11:34:26.000Z,1
2019-10-06T11:42:30.000Z,1
2019-10-06T12:29:06.000Z,1
2019-10-06T12:32:18.000Z,1
2019-10-06T12:36:02.000Z,1
2019-10-06T12:37:21.000Z,1
2019-10-06T12:43:53.000Z,1
2019-10-06T12:50:47.000Z,1
2019-10-06T12:51:54.000Z,1
2019-10-06T12:52:54.000Z,1
2019-10-06T12:58:14.000Z,1
2019-10-06T13:13:41.000Z,1
2019-10-06T13:23:30.000Z,2
2019-10-06T13:36:06.000Z,1
2019-10-06T13:36:51.000Z,1
2019-10-06T14:10:19.000Z,1
2019-10-06T14:11:19.000Z,2
2019-10-06T14:11:22.000Z,1
2019-10-06T14:23:08.000Z,1
2019-10-06T14:33:10.000Z,1
2019-10-06T14:52:18.000Z,2
2019-10-06T14:57:46.000Z,1
2019-10-06T15:00:15.000Z,1
2019-10-06T15:07:46.000Z,1
2019-10-06T15:09:08.000Z,1
2019-10-06T15:12:41.000Z,1
2019-10-06T15:16:21.000Z,2
2019-10-06T15:17:29.000Z,1
2019-10-06T15:19:17.000Z,1
2019-10-06T15:21:56.000Z,1
2019-10-06T15:35:57.000Z,1
2019-10-06T15:53:15.000Z,1
2019-10-06T16:03:09.000Z,2
2019-10-06T16:25:48.000Z,1
2019-10-06T16:27:02.000Z,1
2019-10-06T17:12:48.000Z,2
2019-10-06T17:14:20.000Z,1
2019-10-06T17:23:19.000Z,1
2019-10-06T17:55:03.000Z,1
2019-10-06T17:55:43.000Z,1
2019-10-06T18:05:39.000Z,1
2019-10-06T18:27:40.000Z,1
2019-10-06T18:33:51.000Z,1
2019-10-06T18:33:54.000Z,1
2019-10-06T18:42:56.000Z,1
2019-10-06T18:53:14.000Z,1
2019-10-06T19:18:15.000Z,1
2019-10-06T19:28:11.000Z,1
2019-10-06T19:53:09.000Z,1
2019-10-06T21:03:52.000Z,1
2019-10-07T06:38:33.000Z,1
2019-10-07T07:02:15.000Z,1
2019-10-07T07:20:28.000Z,5
2019-10-07T07:35:11.000Z,1
2019-10-07T07:41:19.000Z,1
2019-10-07T07:51:45.000Z,1
2019-10-07T08:25:05.000Z,1
2019-10-07T08:34:35.000Z,1
2019-10-07T09:09:26.000Z,1
2019-10-07T09:23:47.000Z,1
2019-10-07T09:54:18.000Z,1
2019-10-07T10:59:20.000Z,1
2019-10-07T11:38:03.000Z,1
2019-10-07T11:41:13.000Z,1
2019-10-07T11:53:36.000Z,1
2019-10-07T12:10:12.000Z,2
2019-10-07T12:16:19.000Z,1
2019-10-07T12:34:16.000Z,1
2019-10-07T12:50:46.000Z,1
2019-10-07T13:40:19.000Z,1
2019-10-07T13:45:23.000Z,1
2019-10-07T14:11:39.000Z,1
2019-10-07T14:18:16.000Z,2
2019-10-07T14:43:08.000Z,1
2019-10-07T15:30:12.000Z,1
2019-10-07T15:31:10.000Z,1
2019-10-07T15:40:39.000Z,1
2019-10-07T16:39:48.000Z,1
2019-10-07T16:56:16.000Z,1
2019-10-07T17:01:28.000Z,1
2019-10-07T17:03:29.000Z,1
2019-10-07T17:13:25.000Z,2
2019-10-07T17:16:02.000Z,1
2019-10-07T17:18:40.000Z,1
2019-10-07T17:25:47.000Z,2
2019-10-07T17:26:01.000Z,1
2019-10-07T17:28:37.000Z,1
2019-10-07T17:32:26.000Z,1
2019-10-07T17:35:32.000Z,1
2019-10-07T17:40:43.000Z,1
2019-10-07T17:41:19.000Z,1
2019-10-07T17:42:18.000Z,1
2019-10-07T17:44:02.000Z,1
2019-10-07T17:54:50.000Z,1
2019-10-07T18:08:39.000Z,1
2019-10-07T18:14:26.000Z,1
2019-10-07T18:18:00.000Z,1
2019-10-07T18:39:46.000Z,1
2019-10-07T18:45:22.000Z,1
2019-10-07T18:58:59.000Z,1
2019-10-07T19:03:40.000Z,1
2019-10-07T19:49:10.000Z,1
2019-10-07T19:51:00.000Z,1
2019-10-07T20:13:32.000Z,1
2019-10-07T20:24:18.000Z,1
2019-10-07T20:42:13.000Z,1
2019-10-07T20:58:52.000Z,1
2019-10-07T21:00:31.000Z,1
2019-10-07T21:10:21.000Z,1
2019-10-07T21:11:52.000Z,1
2019-10-07T21:13:38.000Z,1
2019-10-07T21:25:31.000Z,1
2019-10-07T22:27:16.000Z,1
2019-10-07T23:33:47.000Z,1
2019-10-08T01:50:04.000Z,1
2019-10-08T03:27:54.000Z,1
2019-10-08T06:26:08.000Z,1
2019-10-08T06:40:26.000Z,1
2019-10-08T07:06:02.000Z,2
2019-10-08T07:15:49.000Z,1
2019-10-08T07:51:36.000Z,1
2019-10-08T07:53:28.000Z,2
2019-10-08T08:16:28.000Z,1
2019-10-08T08:18:16.000Z,1
2019-10-08T08:21:21.000Z,1
2019-10-08T08:35:16.000Z,1
2019-10-08T08:37:17.000Z,1
2019-10-08T08:37:30.000Z,1
2019-10-08T08:40:34.000Z,1
2019-10-08T08:51:51.000Z,1
2019-10-08T09:10:25.000Z,2
2019-10-08T09:22:57.000Z,1
2019-10-08T09:55:36.000Z,1
2019-10-08T10:05:15.000Z,1
2019-10-08T10:09:03.000Z,1
2019-10-08T10:36:03.000Z,1
2019-10-08T11:54:03.000Z,1
2019-10-08T12:01:49.000Z,2
2019-10-08T12:13:05.000Z,1
2019-10-08T12:16:54.000Z,1
2019-10-08T12:22:12.000Z,1
2019-10-08T12:41:16.000Z,1
2019-10-08T13:11:54.000Z,1
2019-10-08T13:16:51.000Z,1
2019-10-08T13:18:15.000Z,1
2019-10-08T13:20:59.000Z,1
2019-10-08T13:21:23.000Z,1
2019-10-08T13:43:17.000Z,1
2019-10-08T14:46:43.000Z,1
2019-10-08T14:59:06.000Z,3
2019-10-08T15:04:46.000Z,1
2019-10-08T15:08:19.000Z,1
2019-10-08T15:27:00.000Z,1
2019-10-08T15:36:24.000Z,1
2019-10-08T15:39:30.000Z,1
2019-10-08T15:45:00.000Z,1
2019-10-08T15:58:48.000Z,2
2019-10-08T16:09:50.000Z,1
2019-10-08T16:17:26.000Z,1
2019-10-08T16:26:36.000Z,1
2019-10-08T16:55:25.000Z,1
2019-10-08T17:01:26.000Z,1
2019-10-08T17:01:39.000Z,1
2019-10-08T17:05:08.000Z,1
2019-10-08T17:11:02.000Z,1
2019-10-08T17:13:39.000Z,3
2019-10-08T17:15:22.000Z,1
2019-10-08T17:22:28.000Z,1
2019-10-08T17:23:38.000Z,2
2019-10-08T17:28:22.000Z,2
2019-10-08T17:30:13.000Z,1
2019-10-08T17:31:32.000Z,1
2019-10-08T17:32:37.000Z,2
2019-10-08T17:35:36.000Z,2
2019-10-08T17:41:30.000Z,2
2019-10-08T17:50:08.000Z,1
2019-10-08T17:51:39.000Z,1
2019-10-08T17:58:35.000Z,2
2019-10-08T18:12:26.000Z,1
2019-10-08T18:25:43.000Z,1
2019-10-08T18:54:50.000Z,1
2019-10-08T19:09:36.000Z,1
2019-10-08T19:17:59.000Z,1
2019-10-08T19:47:01.000Z,1
2019-10-08T19:51:31.000Z,1
2019-10-08T20:00:13.000Z,1
2019-10-08T20:05:43.000Z,1
2019-10-08T20:25:58.000Z,1
2019-10-08T20:41:23.000Z,1
2019-10-08T20:41:25.000Z,1
2019-10-08T20:47:33.000Z,1
2019-10-08T21:37:04.000Z,1
2019-10-08T21:46:14.000Z,1
2019-10-08T21:47:33.000Z,1
2019-10-08T22:12:25.000Z,1
2019-10-08T23:22:28.000Z,1
2019-10-08T23:31:32.000Z,1
2019-10-09T00:14:26.000Z,1
2019-10-09T06:52:17.000Z,1
2019-10-09T06:52:20.000Z,1
2019-10-09T06:55:27.000Z,1
2019-10-09T07:04:39.000Z,1
2019-10-09T07:19:25.000Z,1
2019-10-09T07:51:20.000Z,1
2019-10-09T08:18:34.000Z,3
2019-10-09T08:19:42.000Z,1
2019-10-09T08:19:52.000Z,1
2019-10-09T08:21:17.000Z,2
2019-10-09T08:22:49.000Z,1
2019-10-09T08:27:28.000Z,1
2019-10-09T08:28:19.000Z,1
2019-10-09T08:47:32.000Z,1
2019-10-09T09:00:38.000Z,1
2019-10-09T09:15:49.000Z,1
2019-10-09T09:23:25.000Z,1
2019-10-09T10:09:02.000Z,1
2019-10-09T10:28:07.000Z,1
2019-10-05T10:57:20.000Z,1
2019-10-05T10:59:23.000Z,1
2019-10-05T11:34:06.000Z,2
2019-10-05T11:40:50.000Z,1
2019-10-05T11:55:46.000Z,1
2019-10-05T12:03:42.000Z,1
2019-10-05T12:06:45.000Z,1
2019-10-05T12:16:04.000Z,1
2019-10-05T12:30:28.000Z,1
2019-10-05T12:42:06.000Z,1
2019-10-05T12:50:32.000Z,1
2019-10-05T13:16:09.000Z,1
2019-10-05T13:22:37.000Z,1
2019-10-05T13:45:20.000Z,1
2019-10-05T14:00:21.000Z,1
2019-10-05T14:03:24.000Z,1
2019-10-05T15:42:36.000Z,1
2019-10-05T15:47:57.000Z,1
2019-10-05T15:48:00.000Z,1
2019-10-05T15:55:14.000Z,1
2019-10-05T16:06:17.000Z,2
2019-10-06T00:55:53.000Z,1
2019-10-06T08:41:04.000Z,1
2019-10-06T10:09:03.000Z,1
2019-10-06T11:00:06.000Z,1
2019-10-06T15:48:55.000Z,1
2019-10-05T13:38:30.000Z,1
2019-10-05T14:20:55.000Z,1
2019-10-05T14:22:55.000Z,2
2019-10-05T15:27:08.000Z,1
2019-10-05T16:18:03.000Z,1
2019-10-05T16:47:48.000Z,1
2019-10-05T16:51:32.000Z,1
2019-10-05T17:09:14.000Z,1
2019-10-05T18:56:28.000Z,1
2019-10-05T20:45:13.000Z,1
2019-10-06T01:01:42.000Z,1
2019-10-06T08:35:23.000Z,1
2019-10-06T09:21:39.000Z,2
2019-10-06T09:30:00.000Z,1
2019-10-06T09:31:48.000Z,1
2019-10-06T09:32:03.000Z,1
2019-10-06T09:33:53.000Z,2
2019-10-06T09:36:18.000Z,1
2019-10-06T09:40:36.000Z,1
2019-10-06T09:50:14.000Z,1
2019-10-06T10:19:29.000Z,2
2019-10-06T10:28:24.000Z,1
2019-10-06T10:48:05.000Z,1
2019-10-06T10:55:34.000Z,1
2019-10-06T11:10:55.000Z,1
2019-10-06T11:23:10.000Z,1
2019-10-06T11:23:54.000Z,1
2019-10-06T11:44:16.000Z,1
2019-10-06T11:54:51.000Z,1
2019-10-06T12:04:15.000Z,1
2019-10-06T12:08:02.000Z,1
2019-10-06T12:15:55.000Z,2
2019-10-06T12:42:59.000Z,1
2019-10-06T12:56:06.000Z,1
2019-10-06T13:03:12.000Z,1
2019-10-06T13:10:45.000Z,1
2019-10-06T13:31:54.000Z,1
2019-10-06T13:35:54.000Z,1
2019-10-06T13:37:49.000Z,1
2019-10-06T13:40:23.000Z,2
2019-10-06T13:40:48.000Z,2
2019-10-06T14:02:23.000Z,1
2019-10-06T14:15:39.000Z,1
2019-10-06T14:27:02.000Z,1
2019-10-06T14:28:21.000Z,1
2019-10-06T14:33:22.000Z,1
2019-10-06T14:36:37.000Z,2
2019-10-06T15:18:46.000Z,1
2019-10-06T15:29:14.000Z,1
2019-10-06T15:31:50.000Z,1
2019-10-06T15:42:10.000Z,1
2019-10-06T16:10:22.000Z,2
2019-10-06T16:12:04.000Z,1
2019-10-06T16:12:43.000Z,1
2019-10-06T16:17:25.000Z,1
2019-10-06T16:23:41.000Z,1
2019-10-06T16:33:10.000Z,1
2019-10-06T16:45:46.000Z,1
2019-10-06T16:59:29.000Z,1
2019-10-06T17:27:18.000Z,1
2019-10-06T17:38:37.000Z,1
2019-10-06T17:50:04.000Z,2
2019-10-06T18:05:54.000Z,2
2019-10-06T18:12:49.000Z,1
2019-10-06T18:26:56.000Z,1
2019-10-06T18:34:47.000Z,2
2019-10-06T18:41:07.000Z,1
2019-10-06T18:51:59.000Z,1
2019-10-06T18:52:24.000Z,1
2019-10-06T20:04:04.000Z,1
2019-10-06T20:04:03.000Z,1
2019-10-06T20:11:27.000Z,2
2019-10-06T20:15:07.000Z,1
2019-10-06T21:30:38.000Z,1
2019-10-06T23:23:15.000Z,1
2019-10-07T05:21:46.000Z,1
2019-10-07T05:24:05.000Z,1
2019-10-07T06:20:44.000Z,1
2019-10-07T06:39:21.000Z,1
2019-10-07T07:04:22.000Z,1
2019-10-07T07:16:31.000Z,2
2019-10-07T07:43:57.000Z,1
2019-10-07T07:54:15.000Z,1
2019-10-07T07:56:34.000Z,2
2019-10-07T08:02:24.000Z,1
2019-10-07T08:09:29.000Z,1
2019-10-07T08:25:55.000Z,2
2019-10-07T08:26:25.000Z,1
2019-10-07T08:30:54.000Z,1
2019-10-07T09:00:53.000Z,1
2019-10-07T09:10:41.000Z,1
2019-10-07T09:23:16.000Z,3
2019-10-07T09:28:15.000Z,1
2019-10-07T09:44:38.000Z,1
2019-10-07T10:17:10.000Z,1
2019-10-07T10:17:16.000Z,1
2019-10-07T10:56:30.000Z,1
2019-10-07T11:08:59.000Z,1
2019-10-07T11:34:46.000Z,1
2019-10-07T12:50:18.000Z,1
2019-10-07T13:07:20.000Z,2
2019-10-07T13:48:55.000Z,1
2019-10-07T13:55:14.000Z,1
2019-10-07T14:12:48.000Z,1
2019-10-07T15:46:04.000Z,1
2019-10-07T15:47:21.000Z,2
2019-10-07T15:49:59.000Z,1
2019-10-07T15:59:20.000Z,1
2019-10-07T16:00:42.000Z,1
2019-10-07T16:05:14.000Z,1
2019-10-07T16:10:00.000Z,1
2019-10-07T16:14:19.000Z,1
2019-10-07T16:17:37.000Z,1
2019-10-07T16:39:56.000Z,1
2019-10-07T16:41:44.000Z,1
2019-10-07T16:48:50.000Z,1
2019-10-07T16:53:37.000Z,1
2019-10-07T17:08:29.000Z,1
2019-10-07T17:09:16.000Z,2
2019-10-07T17:17:03.000Z,1
2019-10-07T17:21:51.000Z,2
2019-10-07T17:30:31.000Z,2
2019-10-07T17:34:37.000Z,2
2019-10-07T17:37:52.000Z,1
2019-10-07T17:38:58.000Z,1
2019-10-07T17:41:27.000Z,1
2019-10-07T17:41:46.000Z,1
2019-10-07T17:54:08.000Z,2
2019-10-07T18:09:07.000Z,1
2019-10-07T18:09:18.000Z,1
2019-10-07T18:15:56.000Z,2
2019-10-07T18:16:10.000Z,1
2019-10-07T18:18:03.000Z,1
2019-10-07T18:24:50.000Z,1
2019-10-07T18:25:48.000Z,1
2019-10-07T18:28:40.000Z,1
2019-10-07T18:34:09.000Z,1
2019-10-07T19:00:16.000Z,1
2019-10-07T19:04:54.000Z,1
2019-10-07T19:11:43.000Z,1
2019-10-07T19:15:26.000Z,1
2019-10-07T19:17:41.000Z,1
2019-10-07T19:26:39.000Z,1
2019-10-07T19:38:36.000Z,1
2019-10-07T20:07:10.000Z,1
2019-10-07T20:39:26.000Z,1
2019-10-07T20:41:42.000Z,1
2019-10-07T21:05:54.000Z,1
2019-10-07T21:28:40.000Z,1
2019-10-07T21:40:05.000Z,1
2019-10-07T21:45:58.000Z,1
2019-10-07T22:16:04.000Z,1
2019-10-07T22:34:59.000Z,2
2019-10-07T23:03:48.000Z,1
2019-10-07T23:09:59.000Z,1
2019-10-07T23:12:16.000Z,1
2019-10-08T00:54:35.000Z,1
2019-10-08T01:06:37.000Z,1
2019-10-08T05:35:22.000Z,2
2019-10-08T06:08:10.000Z,1
2019-10-08T06:23:06.000Z,1
2019-10-08T07:32:03.000Z,1
2019-10-08T07:47:03.000Z,2
2019-10-08T08:07:19.000Z,1
2019-10-08T08:11:34.000Z,1
2019-10-08T08:12:09.000Z,1
2019-10-08T08:38:44.000Z,1
2019-10-08T08:38:58.000Z,1
2019-10-08T08:43:41.000Z,1
2019-10-08T08:53:11.000Z,1
2019-10-08T09:02:28.000Z,1
2019-10-08T09:04:03.000Z,1
2019-10-08T09:21:43.000Z,1
2019-10-08T09:50:56.000Z,2
2019-10-08T09:59:35.000Z,1
2019-10-08T10:12:23.000Z,1
2019-10-08T10:34:57.000Z,1
2019-10-08T11:21:34.000Z,1
2019-10-08T11:59:46.000Z,1
2019-10-08T12:06:22.000Z,1
2019-10-08T12:36:07.000Z,1
2019-10-08T13:12:43.000Z,1
2019-10-08T13:13:26.000Z,1
2019-10-08T13:15:26.000Z,2
2019-10-08T13:22:19.000Z,1
2019-10-08T13:38:07.000Z,1
2019-10-08T13:55:44.000Z,1
2019-10-08T14:13:06.000Z,1
2019-10-08T14:49:51.000Z,1
2019-10-08T15:17:48.000Z,1
2019-10-08T15:34:49.000Z,1
2019-10-08T15:53:03.000Z,1
2019-10-08T15:59:44.000Z,1
2019-10-08T16:04:21.000Z,1
2019-10-08T16:05:27.000Z,1
2019-10-08T16:33:27.000Z,2
2019-10-08T16:39:45.000Z,2
2019-10-08T16:47:25.000Z,2
2019-10-08T16:47:58.000Z,1
2019-10-08T16:50:30.000Z,1
2019-10-08T16:57:00.000Z,2
2019-10-08T16:58:36.000Z,1
2019-10-08T17:00:32.000Z,1
2019-10-08T17:02:17.000Z,2
2019-10-08T17:09:49.000Z,1
2019-10-08T17:12:09.000Z,1
2019-10-08T17:14:12.000Z,1
2019-10-08T17:16:06.000Z,1
2019-10-08T17:27:10.000Z,2
2019-10-08T17:34:16.000Z,1
2019-10-08T17:36:30.000Z,1
2019-10-08T17:40:38.000Z,1
2019-10-08T18:14:52.000Z,2
2019-10-08T18:28:14.000Z,1
2019-10-08T18:40:16.000Z,1
2019-10-08T19:06:44.000Z,1
2019-10-08T19:10:48.000Z,1
2019-10-08T19:22:00.000Z,2
2019-10-08T19:52:52.000Z,1
2019-10-08T19:58:14.000Z,1
2019-10-08T20:51:31.000Z,1
2019-10-08T21:29:27.000Z,1
2019-10-08T21:42:06.000Z,1
2019-10-09T01:50:24.000Z,1
2019-10-09T05:27:35.000Z,1
2019-10-09T05:58:05.000Z,1
2019-10-09T06:13:11.000Z,1
2019-10-09T06:53:47.000Z,1
2019-10-09T06:55:11.000Z,1
2019-10-09T07:04:08.000Z,1
2019-10-09T07:20:18.000Z,1
2019-10-09T07:21:12.000Z,1
2019-10-09T07:53:03.000Z,1
2019-10-09T08:12:23.000Z,1
2019-10-09T08:27:05.000Z,2
2019-10-09T08:30:43.000Z,2
2019-10-09T08:39:09.000Z,1
2019-10-09T08:43:38.000Z,1
2019-10-09T08:51:06.000Z,2
2019-10-09T09:14:42.000Z,1
2019-10-09T09:17:37.000Z,1
2019-10-09T09:43:12.000Z,2
2019-10-09T10:28:35.000Z,3
2019-10-09T10:36:57.000Z,1
2019-10-05T10:54:03.000Z,1
2019-10-05T10:56:07.000Z,1
2019-10-05T11:53:10.000Z,1
2019-10-05T12:34:44.000Z,1
2019-10-05T13:02:11.000Z,1
2019-10-05T13:23:16.000Z,1
2019-10-05T13:25:44.000Z,1
2019-10-05T14:29:36.000Z,1
2019-10-05T15:09:16.000Z,1
2019-10-05T15:12:34.000Z,3
2019-10-05T15:15:19.000Z,1
2019-10-05T15:25:43.000Z,2
2019-10-05T15:58:08.000Z,1
2019-10-05T16:18:11.000Z,1
2019-10-05T16:40:50.000Z,1
2019-10-05T19:21:25.000Z,1
2019-10-06T08:11:16.000Z,1
2019-10-05T12:42:59.000Z,1
2019-10-05T13:13:32.000Z,1
2019-10-05T13:15:07.000Z,1
2019-10-05T13:30:32.000Z,1
2019-10-05T13:47:07.000Z,1
2019-10-05T14:22:58.000Z,1
2019-10-05T15:19:03.000Z,2
2019-10-05T16:30:58.000Z,1
2019-10-05T16:42:12.000Z,1
2019-10-05T16:45:40.000Z,1
2019-10-05T17:12:40.000Z,2
2019-10-05T21:41:11.000Z,2
2019-10-05T22:37:03.000Z,1
2019-10-05T23:12:03.000Z,1
2019-10-06T00:41:37.000Z,1
2019-10-06T02:20:44.000Z,1
2019-10-06T02:54:37.000Z,1
2019-10-06T03:35:55.000Z,1
2019-10-06T03:57:52.000Z,1
2019-10-06T10:46:51.000Z,1
2019-10-06T11:23:14.000Z,2
2019-10-06T11:28:28.000Z,1
2019-10-06T11:28:53.000Z,1
2019-10-06T11:41:40.000Z,1
2019-10-06T11:43:17.000Z,1
2019-10-06T11:47:14.000Z,1
2019-10-06T12:24:38.000Z,1
2019-10-06T12:28:20.000Z,1
2019-10-06T12:34:04.000Z,1
2019-10-06T12:39:19.000Z,2
2019-10-06T12:40:00.000Z,1
2019-10-06T12:49:38.000Z,1
2019-10-06T13:08:43.000Z,1
2019-10-06T13:08:52.000Z,1
2019-10-06T13:36:18.000Z,1
2019-10-06T13:38:20.000Z,1
2019-10-06T13:44:58.000Z,1
2019-10-06T14:05:03.000Z,1
2019-10-06T14:11:34.000Z,1
2019-10-06T14:18:23.000Z,2
2019-10-06T14:44:38.000Z,1
2019-10-06T14:56:17.000Z,1
2019-10-06T15:01:43.000Z,1
2019-10-06T15:02:18.000Z,1
2019-10-06T15:08:42.000Z,2
2019-10-06T15:19:00.000Z,1
2019-10-06T15:25:54.000Z,2
2019-10-06T15:41:56.000Z,1
2019-10-06T15:42:57.000Z,1
2019-10-06T15:45:10.000Z,1
2019-10-06T15:46:48.000Z,1
2019-10-06T15:53:39.000Z,1
2019-10-06T15:56:12.000Z,1
2019-10-06T16:24:51.000Z,1
2019-10-06T16:32:55.000Z,1
2019-10-06T16:40:37.000Z,1
2019-10-06T17:32:34.000Z,1
2019-10-06T17:45:20.000Z,2
2019-10-06T18:31:22.000Z,1
2019-10-06T19:26:04.000Z,1
2019-10-06T19:26:52.000Z,1
2019-10-06T19:44:35.000Z,1
2019-10-06T20:14:49.000Z,1
2019-10-06T21:39:55.000Z,1
2019-10-06T22:01:51.000Z,1
2019-10-06T22:10:34.000Z,1
2019-10-06T23:27:47.000Z,1
2019-10-07T00:01:02.000Z,1
2019-10-07T05:31:40.000Z,1
2019-10-07T06:17:30.000Z,1
2019-10-07T07:29:24.000Z,2
2019-10-07T07:38:36.000Z,1
2019-10-07T07:41:10.000Z,1
2019-10-07T07:43:13.000Z,2
2019-10-07T07:53:39.000Z,1
2019-10-07T07:57:58.000Z,1
2019-10-07T08:10:12.000Z,1
2019-10-07T08:11:06.000Z,1
2019-10-07T08:12:14.000Z,1
2019-10-07T08:37:51.000Z,2
2019-10-07T08:42:12.000Z,1
2019-10-07T08:52:57.000Z,1
2019-10-07T09:23:03.000Z,1
2019-10-07T09:51:47.000Z,1
2019-10-07T10:01:52.000Z,1
2019-10-07T10:57:39.000Z,1
2019-10-07T11:20:03.000Z,1
2019-10-07T12:26:50.000Z,1
2019-10-07T12:35:43.000Z,1
2019-10-07T12:48:00.000Z,1
2019-10-07T12:48:36.000Z,1
2019-10-07T13:00:29.000Z,1
2019-10-07T13:05:52.000Z,1
2019-10-07T13:16:18.000Z,1
2019-10-07T13:46:03.000Z,1
2019-10-07T14:15:48.000Z,1
2019-10-07T15:24:46.000Z,1
2019-10-07T15:30:30.000Z,3
2019-10-07T15:36:07.000Z,1
2019-10-07T15:39:42.000Z,1
2019-10-07T16:14:47.000Z,1
2019-10-07T16:42:29.000Z,2
2019-10-07T17:02:23.000Z,1
2019-10-07T17:04:21.000Z,1
2019-10-07T17:05:08.000Z,4
2019-10-07T17:15:43.000Z,1
2019-10-07T17:30:24.000Z,1
2019-10-07T17:36:00.000Z,2
2019-10-07T17:40:35.000Z,1
2019-10-07T17:44:00.000Z,1
2019-10-07T17:49:48.000Z,3
2019-10-07T17:59:37.000Z,1
2019-10-07T18:01:43.000Z,1
2019-10-07T18:02:21.000Z,2
2019-10-07T18:10:04.000Z,2
2019-10-07T18:17:52.000Z,1
2019-10-07T18:27:28.000Z,1
2019-10-07T18:50:15.000Z,1
2019-10-07T18:51:09.000Z,1
2019-10-07T19:07:17.000Z,1
2019-10-07T19:39:03.000Z,1
2019-10-07T20:32:27.000Z,1
2019-10-07T20:48:39.000Z,2
2019-10-07T21:33:26.000Z,1
2019-10-08T06:32:58.000Z,1
2019-10-08T06:47:17.000Z,1
2019-10-08T06:51:22.000Z,1
2019-10-08T07:03:00.000Z,1
2019-10-08T07:35:46.000Z,1
2019-10-08T07:40:03.000Z,1
2019-10-08T07:53:10.000Z,1
2019-10-08T07:53:21.000Z,1
2019-10-08T08:13:28.000Z,1
2019-10-08T08:16:51.000Z,2
2019-10-08T08:30:43.000Z,2
2019-10-08T08:38:41.000Z,1
2019-10-08T09:20:50.000Z,1
2019-10-08T09:29:03.000Z,1
2019-10-08T09:29:17.000Z,1
2019-10-08T10:13:28.000Z,1
2019-10-08T10:25:32.000Z,1
2019-10-08T10:34:35.000Z,1
2019-10-08T10:42:32.000Z,1
2019-10-08T11:13:30.000Z,2
2019-10-08T11:21:25.000Z,1
2019-10-08T11:21:49.000Z,1
2019-10-08T11:34:37.000Z,1
2019-10-08T11:44:44.000Z,1
2019-10-08T12:00:03.000Z,1
2019-10-08T12:20:47.000Z,1
2019-10-08T12:27:00.000Z,1
2019-10-08T12:29:33.000Z,1
2019-10-08T12:33:51.000Z,1
2019-10-08T12:43:40.000Z,1
2019-10-08T12:50:31.000Z,1
2019-10-08T12:59:11.000Z,1
2019-10-08T13:14:47.000Z,1
2019-10-08T13:45:36.000Z,1
2019-10-08T14:01:09.000Z,1
2019-10-08T14:38:34.000Z,2
2019-10-08T14:58:40.000Z,1
2019-10-08T15:08:55.000Z,1
2019-10-08T15:11:11.000Z,1
2019-10-08T15:18:58.000Z,1
2019-10-08T15:24:24.000Z,2
2019-10-08T15:46:15.000Z,1
2019-10-08T15:50:36.000Z,1
2019-10-08T16:13:30.000Z,2
2019-10-08T16:27:08.000Z,1
2019-10-08T16:27:38.000Z,1
2019-10-08T16:27:52.000Z,1
2019-10-08T16:35:12.000Z,1
2019-10-08T16:35:57.000Z,3
2019-10-08T16:38:25.000Z,1
2019-10-08T16:41:05.000Z,1
2019-10-08T16:43:16.000Z,1
2019-10-08T16:45:13.000Z,1
2019-10-08T17:02:42.000Z,1
2019-10-08T17:04:31.000Z,3
2019-10-08T17:07:38.000Z,2
2019-10-08T17:12:05.000Z,2
2019-10-08T17:22:21.000Z,3
2019-10-08T17:24:04.000Z,1
2019-10-08T17:28:41.000Z,1
2019-10-08T17:29:09.000Z,2
2019-10-08T17:29:52.000Z,1
2019-10-08T17:37:10.000Z,1
2019-10-08T17:41:07.000Z,1
2019-10-08T17:50:06.000Z,1
2019-10-08T17:51:09.000Z,1
2019-10-08T17:56:45.000Z,1
2019-10-08T18:03:05.000Z,1
2019-10-08T18:11:49.000Z,2
2019-10-08T18:15:38.000Z,2
2019-10-08T18:19:24.000Z,1
2019-10-08T18:24:52.000Z,3
2019-10-08T18:26:06.000Z,1
2019-10-08T18:38:50.000Z,2
2019-10-08T18:49:41.000Z,1
2019-10-08T19:14:09.000Z,1
2019-10-08T19:32:26.000Z,1
2019-10-08T19:55:31.000Z,1
2019-10-08T20:03:57.000Z,1
2019-10-08T20:55:26.000Z,1
2019-10-08T21:32:13.000Z,1
2019-10-08T21:39:08.000Z,1
2019-10-08T21:46:49.000Z,1
2019-10-08T22:20:18.000Z,1
2019-10-08T22:55:09.000Z,1
2019-10-09T02:24:07.000Z,1
2019-10-09T05:49:36.000Z,1
2019-10-09T06:01:56.000Z,2
2019-10-09T06:56:48.000Z,1
2019-10-09T07:10:52.000Z,1
2019-10-09T07:52:02.000Z,1
2019-10-09T07:53:41.000Z,1
2019-10-09T07:56:45.000Z,1
2019-10-09T08:01:42.000Z,1
2019-10-09T08:15:25.000Z,1
2019-10-09T08:43:56.000Z,3
2019-10-09T08:43:59.000Z,1
2019-10-09T08:46:47.000Z,1
2019-10-09T08:50:32.000Z,2
2019-10-09T09:03:20.000Z,1
2019-10-09T09:03:24.000Z,1
2019-10-09T09:21:35.000Z,1
2019-10-09T09:53:02.000Z,1
2019-10-09T09:56:22.000Z,1
2019-10-09T10:04:59.000Z,1
2019-10-05T10:53:30.000Z,1
2019-10-05T10:58:33.000Z,1
2019-10-05T11:21:37.000Z,1
2019-10-05T11:50:13.000Z,1
2019-10-05T12:27:17.000Z,1
2019-10-05T12:42:19.000Z,1
2019-10-05T12:47:19.000Z,1
2019-10-05T12:53:15.000Z,1
2019-10-05T13:23:57.000Z,1
2019-10-05T13:24:58.000Z,1
2019-10-05T14:45:05.000Z,1
2019-10-05T15:12:20.000Z,2
2019-10-05T15:19:40.000Z,1
2019-10-05T15:37:50.000Z,1
2019-10-05T15:49:29.000Z,1
2019-10-05T17:18:06.000Z,1
2019-10-06T09:37:58.000Z,1
2019-10-06T10:51:14.000Z,1
2019-10-05T12:43:56.000Z,2
2019-10-05T13:09:34.000Z,2
2019-10-05T13:52:17.000Z,1
2019-10-05T14:01:36.000Z,2
2019-10-05T14:09:19.000Z,1
2019-10-05T14:32:36.000Z,1
2019-10-05T14:38:00.000Z,1
2019-10-05T14:41:53.000Z,1
2019-10-05T14:58:06.000Z,1
2019-10-05T14:59:01.000Z,1
2019-10-05T15:03:57.000Z,2
2019-10-05T15:54:18.000Z,1
2019-10-05T16:42:01.000Z,1
2019-10-05T16:50:36.000Z,2
2019-10-05T16:50:55.000Z,1
2019-10-05T16:51:44.000Z,1
2019-10-05T17:00:53.000Z,1
2019-10-05T18:44:47.000Z,1
2019-10-05T22:06:29.000Z,1
2019-10-05T22:19:08.000Z,1
2019-10-05T22:21:28.000Z,1
2019-10-05T22:49:23.000Z,1
2019-10-05T23:55:25.000Z,1
2019-10-06T01:14:25.000Z,1
2019-10-06T03:29:06.000Z,1
2019-10-06T06:05:40.000Z,1
2019-10-06T08:38:05.000Z,1
2019-10-06T09:27:24.000Z,1
2019-10-06T09:54:24.000Z,1
2019-10-06T09:59:30.000Z,1
2019-10-06T10:16:16.000Z,2
2019-10-06T10:18:08.000Z,1
2019-10-06T10:22:20.000Z,2
2019-10-06T11:21:07.000Z,2
2019-10-06T11:28:58.000Z,1
2019-10-06T11:30:41.000Z,2
2019-10-06T11:53:51.000Z,1
2019-10-06T11:56:20.000Z,1
2019-10-06T12:01:21.000Z,1
2019-10-06T12:10:30.000Z,1
2019-10-06T12:20:19.000Z,1
2019-10-06T12:22:08.000Z,1
2019-10-06T12:23:24.000Z,2
2019-10-06T12:40:30.000Z,1
2019-10-06T12:47:34.000Z,1
2019-10-06T13:14:26.000Z,1
2019-10-06T13:17:52.000Z,2
2019-10-06T13:32:32.000Z,2
2019-10-06T13:46:49.000Z,1
2019-10-06T14:04:32.000Z,1
2019-10-06T14:10:51.000Z,1
2019-10-06T14:14:19.000Z,1
2019-10-06T14:38:00.000Z,1
2019-10-06T14:50:53.000Z,3
2019-10-06T15:19:44.000Z,3
2019-10-06T15:33:22.000Z,2
2019-10-06T15:44:53.000Z,1
2019-10-06T15:49:00.000Z,1
2019-10-06T15:55:14.000Z,1
2019-10-06T15:55:28.000Z,1
2019-10-06T16:00:03.000Z,1
2019-10-06T16:22:15.000Z,1
2019-10-06T16:26:01.000Z,1
2019-10-06T16:50:59.000Z,2
2019-10-06T16:51:53.000Z,1
2019-10-06T16:58:36.000Z,1
2019-10-06T17:01:25.000Z,2
2019-10-06T17:08:08.000Z,2
2019-10-06T17:20:20.000Z,2
2019-10-06T17:37:00.000Z,2
2019-10-06T18:31:52.000Z,1
2019-10-06T19:11:51.000Z,1
2019-10-06T19:42:42.000Z,1
2019-10-06T20:36:49.000Z,1
2019-10-07T00:36:52.000Z,1
2019-10-07T03:59:52.000Z,1
2019-10-07T05:39:38.000Z,1
2019-10-07T05:57:59.000Z,1
2019-10-07T06:05:00.000Z,1
2019-10-07T06:06:34.000Z,1
2019-10-07T06:16:01.000Z,1
2019-10-07T06:48:32.000Z,1
2019-10-07T07:04:43.000Z,1
2019-10-07T07:16:20.000Z,1
2019-10-07T07:28:02.000Z,1
2019-10-07T07:28:16.000Z,1
2019-10-07T07:45:11.000Z,2
2019-10-07T07:57:20.000Z,1
2019-10-07T07:58:01.000Z,1
2019-10-07T08:05:44.000Z,1
2019-10-07T08:31:42.000Z,1
2019-10-07T08:42:37.000Z,1
2019-10-07T08:49:01.000Z,1
2019-10-07T08:55:58.000Z,1
2019-10-07T09:08:54.000Z,1
2019-10-07T09:29:14.000Z,2
2019-10-07T09:40:45.000Z,2
2019-10-07T09:47:04.000Z,1
2019-10-07T09:48:27.000Z,1
2019-10-07T09:54:08.000Z,1
2019-10-07T10:25:35.000Z,1
2019-10-07T11:07:36.000Z,1
2019-10-07T11:18:15.000Z,1
2019-10-07T11:24:17.000Z,1
2019-10-07T11:52:57.000Z,1
2019-10-07T12:45:07.000Z,1
2019-10-07T12:56:33.000Z,1
2019-10-07T13:07:52.000Z,1
2019-10-07T13:16:34.000Z,1
2019-10-07T13:18:44.000Z,1
2019-10-07T13:35:27.000Z,1
2019-10-07T13:38:36.000Z,2
2019-10-07T13:54:30.000Z,1
2019-10-07T13:55:01.000Z,1
2019-10-07T13:56:15.000Z,2
2019-10-07T13:57:05.000Z,1
2019-10-07T14:02:12.000Z,1
2019-10-07T14:29:33.000Z,1
2019-10-07T14:33:04.000Z,1
2019-10-07T14:57:39.000Z,1
2019-10-07T15:13:48.000Z,1
2019-10-07T15:13:55.000Z,1
2019-10-07T15:20:54.000Z,1
2019-10-07T15:28:58.000Z,1
2019-10-07T15:43:01.000Z,2
2019-10-07T15:43:18.000Z,1
2019-10-07T15:53:28.000Z,1
2019-10-07T16:00:47.000Z,1
2019-10-07T16:02:50.000Z,1
2019-10-07T16:06:11.000Z,1
2019-10-07T16:16:32.000Z,1
2019-10-07T16:19:05.000Z,2
2019-10-07T16:22:55.000Z,2
2019-10-07T16:34:39.000Z,2
2019-10-07T16:45:30.000Z,1
2019-10-07T17:01:33.000Z,1
2019-10-07T17:23:41.000Z,2
2019-10-07T17:27:19.000Z,2
2019-10-07T17:29:27.000Z,2
2019-10-07T17:36:21.000Z,1
2019-10-07T17:45:38.000Z,1
2019-10-07T17:50:20.000Z,1
2019-10-07T17:58:48.000Z,1
2019-10-07T18:00:50.000Z,2
2019-10-07T18:03:45.000Z,1
2019-10-07T18:29:37.000Z,1
2019-10-07T18:31:51.000Z,1
2019-10-07T18:49:15.000Z,1
2019-10-07T19:07:06.000Z,1
2019-10-07T19:18:25.000Z,1
2019-10-07T19:36:47.000Z,1
2019-10-07T20:04:26.000Z,1
2019-10-07T20:26:55.000Z,1
2019-10-07T20:56:22.000Z,1
2019-10-07T21:09:24.000Z,1
2019-10-07T21:50:44.000Z,1
2019-10-07T22:10:14.000Z,1
2019-10-07T22:36:31.000Z,1
2019-10-08T05:56:55.000Z,1
2019-10-08T06:06:22.000Z,1
2019-10-08T06:21:02.000Z,1
2019-10-08T06:44:22.000Z,1
2019-10-08T07:05:40.000Z,1
2019-10-08T07:18:11.000Z,1
2019-10-08T07:24:36.000Z,1
2019-10-08T07:28:12.000Z,1
2019-10-08T07:39:32.000Z,1
2019-10-08T07:40:01.000Z,2
2019-10-08T07:40:24.000Z,1
2019-10-08T07:41:05.000Z,1
2019-10-08T07:42:38.000Z,2
2019-10-08T07:46:43.000Z,1
2019-10-08T07:57:19.000Z,1
2019-10-08T08:00:00.000Z,2
2019-10-08T08:33:43.000Z,2
2019-10-08T08:36:11.000Z,2
2019-10-08T08:38:17.000Z,1
2019-10-08T08:42:06.000Z,1
2019-10-08T08:44:49.000Z,1
2019-10-08T08:52:36.000Z,1
2019-10-08T09:10:06.000Z,1
2019-10-08T09:30:50.000Z,1
2019-10-08T09:49:35.000Z,1
2019-10-08T09:52:27.000Z,1
2019-10-08T11:04:41.000Z,1
2019-10-08T11:06:18.000Z,2
2019-10-08T11:10:46.000Z,1
2019-10-08T11:32:20.000Z,1
2019-10-08T11:59:32.000Z,1
2019-10-08T12:02:39.000Z,1
2019-10-08T12:06:56.000Z,1
2019-10-08T12:24:25.000Z,2
2019-10-08T12:29:58.000Z,1
2019-10-08T12:47:44.000Z,1
2019-10-08T13:17:21.000Z,1
2019-10-08T13:39:26.000Z,1
2019-10-08T13:39:51.000Z,1
2019-10-08T13:40:26.000Z,1
2019-10-08T13:47:47.000Z,2
2019-10-08T15:02:11.000Z,1
2019-10-08T16:03:00.000Z,1
2019-10-08T16:07:44.000Z,2
2019-10-08T16:35:23.000Z,2
2019-10-08T16:50:14.000Z,1
2019-10-08T16:52:04.000Z,1
2019-10-08T17:11:49.000Z,2
2019-10-08T17:14:45.000Z,1
2019-10-08T17:22:48.000Z,1
2019-10-08T17:35:05.000Z,1
2019-10-08T17:40:17.000Z,2
2019-10-08T17:41:31.000Z,1
2019-10-08T17:45:19.000Z,3
2019-10-08T17:47:43.000Z,3
2019-10-08T17:51:52.000Z,1
2019-10-08T17:52:09.000Z,1
2019-10-08T17:54:44.000Z,1
2019-10-08T17:56:15.000Z,1
2019-10-08T17:57:20.000Z,1
2019-10-08T17:58:13.000Z,1
2019-10-08T18:09:09.000Z,2
2019-10-08T18:32:29.000Z,1
2019-10-08T18:40:14.000Z,1
2019-10-08T18:52:50.000Z,1
2019-10-08T19:00:12.000Z,1
2019-10-08T19:07:31.000Z,1
2019-10-08T19:15:25.000Z,1
2019-10-08T19:24:00.000Z,1
2019-10-08T19:31:35.000Z,1
2019-10-08T19:35:23.000Z,1
2019-10-08T19:42:47.000Z,1
2019-10-08T19:57:22.000Z,1
2019-10-08T20:31:54.000Z,1
2019-10-08T21:04:17.000Z,1
2019-10-08T21:04:43.000Z,1
2019-10-08T21:44:55.000Z,1
2019-10-08T22:04:51.000Z,1
2019-10-08T22:19:53.000Z,1
2019-10-08T22:55:22.000Z,1
2019-10-09T05:44:50.000Z,1
2019-10-09T06:36:32.000Z,1
2019-10-09T06:38:31.000Z,2
2019-10-09T06:55:37.000Z,1
2019-10-09T07:07:55.000Z,1
2019-10-09T07:12:20.000Z,1
2019-10-09T07:14:55.000Z,1
2019-10-09T07:27:29.000Z,1
2019-10-09T07:29:02.000Z,1
2019-10-09T07:32:03.000Z,2
2019-10-09T07:32:57.000Z,1
2019-10-09T07:35:57.000Z,1
2019-10-09T07:41:10.000Z,1
2019-10-09T07:42:30.000Z,1
2019-10-09T07:44:50.000Z,1
2019-10-09T07:51:51.000Z,1
2019-10-09T07:54:07.000Z,1
2019-10-09T07:59:10.000Z,1
2019-10-09T08:00:03.000Z,1
2019-10-09T08:20:44.000Z,1
2019-10-09T08:29:13.000Z,1
2019-10-09T08:34:30.000Z,1
2019-10-09T08:39:26.000Z,1
2019-10-09T08:45:49.000Z,2
2019-10-09T08:52:23.000Z,2
2019-10-09T08:56:45.000Z,2
2019-10-09T09:41:29.000Z,2
2019-10-09T09:46:58.000Z,2
2019-10-09T09:56:57.000Z,1
2019-10-09T09:58:25.000Z,1
2019-10-09T10:06:02.000Z,1
2019-10-09T10:21:04.000Z,1
2019-10-05T11:12:18.000Z,1
2019-10-05T11:37:18.000Z,1
2019-10-05T11:54:48.000Z,1
2019-10-05T12:00:35.000Z,1
2019-10-05T12:07:40.000Z,1
2019-10-05T12:30:13.000Z,2
2019-10-05T12:42:15.000Z,1
2019-10-05T13:12:27.000Z,1
2019-10-05T13:14:44.000Z,3
2019-10-05T14:25:34.000Z,1
2019-10-05T14:37:40.000Z,1
2019-10-05T14:44:22.000Z,2
2019-10-05T15:14:10.000Z,1
2019-10-05T15:19:38.000Z,1
2019-10-05T16:33:36.000Z,1
2019-10-05T13:42:23.000Z,2
2019-10-05T15:39:05.000Z,1
2019-10-05T15:45:15.000Z,1
2019-10-05T15:49:27.000Z,1
2019-10-05T15:56:50.000Z,1
2019-10-05T16:09:02.000Z,1
2019-10-05T16:25:34.000Z,1
2019-10-05T16:28:58.000Z,2
2019-10-05T17:28:54.000Z,1
2019-10-05T21:52:33.000Z,1
2019-10-05T22:04:38.000Z,1
2019-10-05T23:04:01.000Z,1
2019-10-06T09:27:39.000Z,2
2019-10-06T10:00:08.000Z,1
2019-10-06T10:43:19.000Z,1
2019-10-06T10:57:56.000Z,1
2019-10-06T10:58:23.000Z,1
2019-10-06T11:08:43.000Z,1
2019-10-06T11:41:41.000Z,1
2019-10-06T11:49:09.000Z,1
2019-10-06T11:50:56.000Z,1
2019-10-06T12:02:25.000Z,1
2019-10-06T12:04:45.000Z,1
2019-10-06T12:22:51.000Z,2
2019-10-06T12:26:14.000Z,2
2019-10-06T12:29:48.000Z,1
2019-10-06T12:30:52.000Z,1
2019-10-06T12:48:20.000Z,1
2019-10-06T13:30:10.000Z,1
2019-10-06T13:41:55.000Z,1
2019-10-06T13:57:39.000Z,1
2019-10-06T14:06:50.000Z,2
2019-10-06T14:31:44.000Z,1
2019-10-06T14:38:05.000Z,1
2019-10-06T15:05:41.000Z,1
2019-10-06T15:17:49.000Z,1
2019-10-06T15:20:20.000Z,1
2019-10-06T15:27:36.000Z,1
2019-10-06T15:28:19.000Z,1
2019-10-06T15:38:44.000Z,1
2019-10-06T15:43:53.000Z,1
2019-10-06T15:53:12.000Z,2
2019-10-06T16:13:34.000Z,1
2019-10-06T16:34:37.000Z,1
2019-10-06T16:46:39.000Z,1
2019-10-06T16:48:56.000Z,1
2019-10-06T16:55:44.000Z,1
2019-10-06T16:56:56.000Z,1
2019-10-06T17:04:06.000Z,1
2019-10-06T17:21:08.000Z,1
2019-10-06T17:43:25.000Z,1
2019-10-06T17:51:39.000Z,1
2019-10-06T17:51:42.000Z,1
2019-10-06T17:52:39.000Z,1
2019-10-06T17:58:04.000Z,1
2019-10-06T18:01:01.000Z,1
2019-10-06T18:02:15.000Z,1
2019-10-06T18:04:32.000Z,1
2019-10-06T18:22:54.000Z,1
2019-10-06T18:28:44.000Z,1
2019-10-06T20:38:55.000Z,1
2019-10-06T20:59:22.000Z,1
2019-10-06T21:08:11.000Z,1
2019-10-07T05:43:59.000Z,1
2019-10-07T05:45:40.000Z,1
2019-10-07T06:30:45.000Z,1
2019-10-07T06:52:24.000Z,1
2019-10-07T07:04:45.000Z,1
2019-10-07T07:06:49.000Z,1
2019-10-07T07:22:49.000Z,1
2019-10-07T07:25:59.000Z,1
2019-10-07T07:46:13.000Z,1
2019-10-07T07:55:21.000Z,2
2019-10-07T07:56:49.000Z,1
2019-10-07T08:13:11.000Z,1
2019-10-07T08:20:18.000Z,1
2019-10-07T08:25:38.000Z,1
2019-10-07T08:32:28.000Z,1
2019-10-07T08:40:36.000Z,2
2019-10-07T08:42:38.000Z,1
2019-10-07T08:42:57.000Z,1
2019-10-07T09:01:39.000Z,1
2019-10-07T09:08:11.000Z,1
2019-10-07T09:11:41.000Z,2
2019-10-07T09:24:33.000Z,1
2019-10-07T09:26:41.000Z,1
2019-10-07T09:56:32.000Z,1
2019-10-07T10:44:21.000Z,1
2019-10-07T10:51:58.000Z,1
2019-10-07T11:59:09.000Z,1
2019-10-07T12:46:32.000Z,2
2019-10-07T12:53:21.000Z,1
2019-10-07T13:21:31.000Z,1
2019-10-07T13:36:33.000Z,2
2019-10-07T13:47:57.000Z,1
2019-10-07T14:17:05.000Z,1
2019-10-07T15:01:27.000Z,1
2019-10-07T15:02:03.000Z,1
2019-10-07T15:04:02.000Z,1
2019-10-07T15:07:40.000Z,1
2019-10-07T15:17:22.000Z,1
2019-10-07T15:23:35.000Z,1
2019-10-07T15:37:03.000Z,1
2019-10-07T15:37:20.000Z,2
2019-10-07T15:56:25.000Z,1
2019-10-07T16:03:44.000Z,1
2019-10-07T16:03:46.000Z,1
2019-10-07T16:12:10.000Z,1
2019-10-07T16:13:19.000Z,1
2019-10-07T16:16:55.000Z,1
2019-10-07T16:30:07.000Z,1
2019-10-07T16:56:47.000Z,1
2019-10-07T16:59:38.000Z,3
2019-10-07T16:59:39.000Z,1
2019-10-07T17:12:44.000Z,1
2019-10-07T17:14:52.000Z,1
2019-10-07T17:45:00.000Z,1
2019-10-07T17:56:19.000Z,1
2019-10-07T18:04:05.000Z,1
2019-10-07T18:15:35.000Z,1
2019-10-07T18:28:12.000Z,1
2019-10-07T19:00:57.000Z,1
2019-10-07T19:09:00.000Z,1
2019-10-07T19:09:58.000Z,1
2019-10-07T19:17:25.000Z,1
2019-10-07T19:56:28.000Z,1
2019-10-07T20:03:16.000Z,2
2019-10-07T20:28:08.000Z,1
2019-10-07T21:10:11.000Z,1
2019-10-07T23:26:18.000Z,1
2019-10-08T04:10:31.000Z,1
2019-10-08T05:12:24.000Z,1
2019-10-08T05:48:02.000Z,1
2019-10-08T05:53:18.000Z,1
2019-10-08T05:55:39.000Z,1
2019-10-08T06:39:07.000Z,2
2019-10-08T06:45:38.000Z,1
2019-10-08T07:04:50.000Z,2
2019-10-08T07:09:32.000Z,1
2019-10-08T07:10:18.000Z,1
2019-10-08T07:14:39.000Z,1
2019-10-08T07:41:32.000Z,2
2019-10-08T07:46:28.000Z,1
2019-10-08T07:49:48.000Z,1
2019-10-08T07:53:43.000Z,1
2019-10-08T08:21:43.000Z,1
2019-10-08T08:27:17.000Z,1
2019-10-08T08:38:46.000Z,1
2019-10-08T08:40:37.000Z,1
2019-10-08T08:44:58.000Z,1
2019-10-08T08:50:38.000Z,2
2019-10-08T08:54:40.000Z,1
2019-10-08T09:07:35.000Z,2
2019-10-08T09:27:39.000Z,1
2019-10-08T10:21:48.000Z,2
2019-10-08T10:39:28.000Z,1
2019-10-08T11:59:08.000Z,1
2019-10-08T12:00:53.000Z,1
2019-10-08T12:04:34.000Z,1
2019-10-08T12:13:15.000Z,1
2019-10-08T12:16:13.000Z,1
2019-10-08T12:26:34.000Z,1
2019-10-08T12:28:19.000Z,1
2019-10-08T12:41:54.000Z,1
2019-10-08T12:42:20.000Z,1
2019-10-08T12:42:36.000Z,1
2019-10-08T12:48:26.000Z,1
2019-10-08T12:57:19.000Z,1
2019-10-08T13:46:23.000Z,1
2019-10-08T14:52:56.000Z,2
2019-10-08T15:28:29.000Z,1
2019-10-08T15:33:42.000Z,1
2019-10-08T15:56:14.000Z,1
2019-10-08T16:12:01.000Z,1
2019-10-08T16:13:42.000Z,3
2019-10-08T16:14:17.000Z,2
2019-10-08T16:24:02.000Z,1
2019-10-08T16:25:05.000Z,2
2019-10-08T16:32:34.000Z,1
2019-10-08T16:33:33.000Z,1
2019-10-08T16:52:33.000Z,1
2019-10-08T16:57:42.000Z,1
2019-10-08T17:02:35.000Z,2
2019-10-08T17:04:57.000Z,1
2019-10-08T17:07:22.000Z,1
2019-10-08T17:09:26.000Z,1
2019-10-08T17:17:25.000Z,2
2019-10-08T17:21:19.000Z,1
2019-10-08T17:26:28.000Z,1
2019-10-08T17:35:32.000Z,2
2019-10-08T17:36:24.000Z,2
2019-10-08T17:38:23.000Z,2
2019-10-08T17:44:46.000Z,1
2019-10-08T17:49:54.000Z,1
2019-10-08T17:55:00.000Z,1
2019-10-08T17:55:38.000Z,2
2019-10-08T18:00:13.000Z,2
2019-10-08T18:15:42.000Z,1
2019-10-08T18:20:10.000Z,1
2019-10-08T18:25:41.000Z,1
2019-10-08T18:27:56.000Z,1
2019-10-08T18:43:09.000Z,1
2019-10-08T18:53:07.000Z,1
2019-10-08T18:59:38.000Z,1
2019-10-08T19:00:01.000Z,1
2019-10-08T19:18:54.000Z,1
2019-10-08T19:51:12.000Z,1
2019-10-08T19:54:20.000Z,1
2019-10-08T20:37:53.000Z,1
2019-10-08T21:00:24.000Z,1
2019-10-08T21:34:34.000Z,1
2019-10-08T22:01:37.000Z,1
2019-10-08T23:06:38.000Z,1
2019-10-08T23:30:30.000Z,1
2019-10-09T06:29:53.000Z,1
2019-10-09T06:35:11.000Z,1
2019-10-09T07:10:09.000Z,1
2019-10-09T07:52:49.000Z,1
2019-10-09T07:56:59.000Z,1
2019-10-09T08:03:18.000Z,2
2019-10-09T08:19:19.000Z,1
2019-10-09T08:21:29.000Z,2
2019-10-09T08:28:56.000Z,1
2019-10-09T08:44:04.000Z,1
2019-10-09T09:03:12.000Z,1
2019-10-09T09:23:44.000Z,1
2019-10-09T09:32:54.000Z,1
2019-10-09T10:04:44.000Z,1
2019-10-09T10:32:37.000Z,1
2019-10-05T10:54:56.000Z,2
2019-10-05T11:01:45.000Z,1
2019-10-05T11:08:18.000Z,1
2019-10-05T11:30:28.000Z,1
2019-10-05T11:52:49.000Z,1
2019-10-05T11:58:21.000Z,1
2019-10-05T12:18:24.000Z,1
2019-10-05T12:39:13.000Z,1
2019-10-05T12:40:54.000Z,1
2019-10-05T12:43:41.000Z,1
2019-10-05T12:50:29.000Z,1
2019-10-05T12:51:08.000Z,1
2019-10-05T13:20:22.000Z,1
2019-10-05T13:58:01.000Z,1
2019-10-05T14:34:17.000Z,2
2019-10-05T15:15:09.000Z,2
2019-10-05T15:27:55.000Z,1
2019-10-05T17:06:09.000Z,1
2019-10-05T22:02:11.000Z,1
2019-10-06T08:50:08.000Z,1
2019-10-06T13:26:56.000Z,1
2019-10-05T13:51:37.000Z,1
2019-10-05T14:35:24.000Z,1
2019-10-05T14:43:33.000Z,1
2019-10-05T14:56:18.000Z,3
2019-10-05T14:56:28.000Z,1
2019-10-05T15:01:56.000Z,1
2019-10-05T15:37:43.000Z,1
2019-10-05T15:58:02.000Z,1
2019-10-05T16:09:53.000Z,2
2019-10-05T16:54:01.000Z,1
2019-10-05T17:57:41.000Z,1
2019-10-05T21:33:52.000Z,1
2019-10-05T22:03:07.000Z,1
2019-10-05T22:05:21.000Z,1
2019-10-05T22:14:08.000Z,1
2019-10-05T22:40:20.000Z,1
2019-10-05T23:53:23.000Z,1
2019-10-06T02:19:26.000Z,1
2019-10-06T03:44:26.000Z,1
2019-10-06T08:02:30.000Z,1
2019-10-06T08:50:35.000Z,1
2019-10-06T08:58:33.000Z,1
2019-10-06T09:38:41.000Z,1
2019-10-06T10:16:06.000Z,1
2019-10-06T10:18:33.000Z,1
2019-10-06T10:22:30.000Z,1
2019-10-06T10:26:36.000Z,1
2019-10-06T10:44:07.000Z,1
2019-10-06T11:27:02.000Z,2
2019-10-06T11:29:18.000Z,1
2019-10-06T11:30:01.000Z,1
2019-10-06T11:48:39.000Z,1
2019-10-06T11:58:34.000Z,1
2019-10-06T12:30:00.000Z,2
2019-10-06T12:37:49.000Z,1
2019-10-06T13:00:00.000Z,3
2019-10-06T13:05:11.000Z,1
2019-10-06T13:19:26.000Z,1
2019-10-06T13:48:59.000Z,1
2019-10-06T13:55:24.000Z,1
2019-10-06T13:58:32.000Z,1
2019-10-06T14:11:59.000Z,1
2019-10-06T14:19:40.000Z,2
2019-10-06T14:19:54.000Z,1
2019-10-06T14:34:35.000Z,1
2019-10-06T14:49:27.000Z,2
2019-10-06T14:49:43.000Z,1
2019-10-06T15:28:58.000Z,1
2019-10-06T15:29:22.000Z,1
2019-10-06T15:29:31.000Z,1
2019-10-06T15:37:47.000Z,1
2019-10-06T16:11:55.000Z,1
2019-10-06T16:24:15.000Z,1
2019-10-06T16:35:37.000Z,1
2019-10-06T16:48:59.000Z,1
2019-10-06T17:06:47.000Z,1
2019-10-06T17:45:27.000Z,1
2019-10-06T18:49:03.000Z,2
2019-10-06T19:53:10.000Z,1
2019-10-06T19:58:08.000Z,1
2019-10-06T21:38:26.000Z,1
2019-10-06T21:54:41.000Z,1
2019-10-06T23:01:22.000Z,1
2019-10-07T06:42:40.000Z,1
2019-10-07T07:18:34.000Z,1
2019-10-07T07:37:15.000Z,1
2019-10-07T07:39:53.000Z,1
2019-10-07T07:47:20.000Z,1
2019-10-07T07:48:42.000Z,1
2019-10-07T07:58:05.000Z,1
2019-10-07T08:08:10.000Z,2
2019-10-07T08:14:17.000Z,3
2019-10-07T08:19:11.000Z,3
2019-10-07T08:37:43.000Z,1
2019-10-07T09:00:12.000Z,1
2019-10-07T09:17:40.000Z,1
2019-10-07T09:22:07.000Z,1
2019-10-07T09:52:58.000Z,1
2019-10-07T10:02:14.000Z,1
2019-10-07T10:09:43.000Z,1
2019-10-07T10:21:12.000Z,1
2019-10-07T10:43:21.000Z,1
2019-10-07T11:20:32.000Z,1
2019-10-07T11:22:17.000Z,1
2019-10-07T11:57:26.000Z,1
2019-10-07T12:32:38.000Z,1
2019-10-07T12:35:40.000Z,1
2019-10-07T12:42:18.000Z,1
2019-10-07T12:49:57.000Z,2
2019-10-07T12:53:00.000Z,1
2019-10-07T12:54:58.000Z,1
2019-10-07T13:16:31.000Z,2
2019-10-07T14:09:04.000Z,1
2019-10-07T14:20:37.000Z,2
2019-10-07T14:21:33.000Z,1
2019-10-07T14:24:44.000Z,1
2019-10-07T14:30:37.000Z,1
2019-10-07T14:44:25.000Z,1
2019-10-07T14:45:02.000Z,1
2019-10-07T14:58:52.000Z,2
2019-10-07T15:01:48.000Z,1
2019-10-07T15:31:54.000Z,1
2019-10-07T15:55:48.000Z,1
2019-10-07T16:00:36.000Z,1
2019-10-07T16:19:16.000Z,2
2019-10-07T16:20:13.000Z,2
2019-10-07T16:27:16.000Z,1
2019-10-07T16:30:20.000Z,1
2019-10-07T16:35:04.000Z,1
2019-10-07T16:51:06.000Z,1
2019-10-07T16:53:27.000Z,1
2019-10-07T16:53:50.000Z,1
2019-10-07T16:56:45.000Z,1
2019-10-07T17:06:46.000Z,1
2019-10-07T17:09:19.000Z,3
2019-10-07T17:09:58.000Z,1
2019-10-07T17:22:50.000Z,1
2019-10-07T17:25:27.000Z,2
2019-10-07T17:44:37.000Z,1
2019-10-07T17:53:07.000Z,1
2019-10-07T17:54:34.000Z,1
2019-10-07T18:06:39.000Z,1
2019-10-07T18:12:29.000Z,1
2019-10-07T18:29:12.000Z,1
2019-10-07T18:47:29.000Z,1
2019-10-07T18:52:24.000Z,1
2019-10-07T19:00:22.000Z,1
2019-10-07T19:35:14.000Z,1
2019-10-07T19:53:17.000Z,1
2019-10-07T19:53:34.000Z,1
2019-10-07T20:09:30.000Z,1
2019-10-07T20:46:00.000Z,1
2019-10-07T21:31:03.000Z,1
2019-10-07T22:54:40.000Z,1
2019-10-08T04:39:38.000Z,1
2019-10-08T05:51:53.000Z,1
2019-10-08T06:18:43.000Z,1
2019-10-08T06:20:02.000Z,1
2019-10-08T06:39:14.000Z,1
2019-10-08T06:51:33.000Z,1
2019-10-08T07:06:56.000Z,1
2019-10-08T07:09:37.000Z,1
2019-10-08T07:25:14.000Z,1
2019-10-08T07:28:30.000Z,1
2019-10-08T07:40:42.000Z,1
2019-10-08T07:42:08.000Z,1
2019-10-08T07:45:36.000Z,1
2019-10-08T07:57:39.000Z,1
2019-10-08T08:18:25.000Z,1
2019-10-08T08:34:18.000Z,1
2019-10-08T08:34:35.000Z,1
2019-10-08T08:41:18.000Z,2
2019-10-08T08:42:20.000Z,2
2019-10-08T08:46:46.000Z,1
2019-10-08T08:58:45.000Z,1
2019-10-08T09:09:08.000Z,1
2019-10-08T09:29:01.000Z,1
2019-10-08T09:32:36.000Z,3
2019-10-08T09:38:21.000Z,1
2019-10-08T10:29:36.000Z,1
2019-10-08T10:38:42.000Z,1
2019-10-08T11:06:27.000Z,1
2019-10-08T11:33:36.000Z,2
2019-10-08T11:47:52.000Z,1
2019-10-08T12:09:01.000Z,1
2019-10-08T12:40:49.000Z,1
2019-10-08T13:05:11.000Z,1
2019-10-08T13:13:25.000Z,1
2019-10-08T13:18:01.000Z,1
2019-10-08T13:39:05.000Z,1
2019-10-08T13:47:00.000Z,1
2019-10-08T13:49:01.000Z,1
2019-10-08T14:09:05.000Z,1
2019-10-08T14:21:40.000Z,1
2019-10-08T14:42:10.000Z,1
2019-10-08T14:59:22.000Z,1
2019-10-08T15:11:23.000Z,1
2019-10-08T16:02:11.000Z,1
2019-10-08T16:09:35.000Z,1
2019-10-08T16:10:19.000Z,1
2019-10-08T16:11:21.000Z,1
2019-10-08T16:11:23.000Z,1
2019-10-08T16:11:41.000Z,2
2019-10-08T16:16:59.000Z,1
2019-10-08T16:17:49.000Z,2
2019-10-08T16:26:45.000Z,1
2019-10-08T16:47:02.000Z,1
2019-10-08T16:50:31.000Z,2
2019-10-08T16:58:49.000Z,1
2019-10-08T17:02:44.000Z,1
2019-10-08T17:03:18.000Z,1
2019-10-08T17:16:27.000Z,2
2019-10-08T17:22:03.000Z,1
2019-10-08T17:28:36.000Z,2
2019-10-08T17:38:37.000Z,1
2019-10-08T17:43:34.000Z,1
2019-10-08T17:45:49.000Z,1
2019-10-08T17:51:45.000Z,1
2019-10-08T17:53:15.000Z,3
2019-10-08T17:57:34.000Z,1
2019-10-08T18:06:23.000Z,1
2019-10-08T18:12:22.000Z,3
2019-10-08T18:17:47.000Z,1
2019-10-08T18:19:27.000Z,1
2019-10-08T18:22:27.000Z,1
2019-10-08T18:26:34.000Z,1
2019-10-08T18:50:45.000Z,1
2019-10-08T18:51:56.000Z,1
2019-10-08T18:52:37.000Z,1
2019-10-08T18:54:39.000Z,1
2019-10-08T19:00:44.000Z,1
2019-10-08T19:03:28.000Z,1
2019-10-08T19:48:42.000Z,1
2019-10-08T19:54:04.000Z,1
2019-10-08T19:54:33.000Z,2
2019-10-08T20:32:46.000Z,1
2019-10-08T20:46:55.000Z,1
2019-10-08T21:13:07.000Z,1
2019-10-08T21:25:12.000Z,1
2019-10-08T21:57:56.000Z,1
2019-10-08T22:07:26.000Z,1
2019-10-08T22:28:31.000Z,1
2019-10-08T22:40:48.000Z,1
2019-10-09T00:50:17.000Z,1
2019-10-09T04:29:16.000Z,1
2019-10-09T05:34:44.000Z,1
2019-10-09T06:16:49.000Z,1
2019-10-09T06:49:39.000Z,1
2019-10-09T06:59:56.000Z,1
2019-10-09T07:37:07.000Z,1
2019-10-09T07:39:08.000Z,2
2019-10-09T07:49:04.000Z,1
2019-10-09T07:51:57.000Z,1
2019-10-09T07:58:52.000Z,1
2019-10-09T08:12:13.000Z,2
2019-10-09T08:18:36.000Z,2
2019-10-09T08:37:26.000Z,2
2019-10-09T08:47:54.000Z,1
2019-10-09T08:51:05.000Z,1
2019-10-09T08:51:43.000Z,1
2019-10-09T09:15:37.000Z,2
2019-10-09T09:35:12.000Z,1
2019-10-09T09:51:07.000Z,1
2019-10-09T10:10:31.000Z,1
2019-10-05T11:10:56.000Z,1
2019-10-05T11:38:23.000Z,3
2019-10-05T11:39:12.000Z,3
2019-10-05T11:47:55.000Z,1
2019-10-05T11:51:28.000Z,1
2019-10-05T11:52:58.000Z,1
2019-10-05T12:00:49.000Z,2
2019-10-05T12:01:57.000Z,1
2019-10-05T12:08:24.000Z,1
2019-10-05T12:21:38.000Z,1
2019-10-05T12:23:32.000Z,1
2019-10-05T12:45:50.000Z,1
2019-10-05T12:50:15.000Z,1
2019-10-05T12:53:21.000Z,1
2019-10-05T13:02:13.000Z,1
2019-10-05T13:20:17.000Z,1
2019-10-05T14:35:40.000Z,1
2019-10-05T14:38:23.000Z,1
2019-10-05T15:11:00.000Z,1
2019-10-05T15:57:05.000Z,1
2019-10-05T20:34:26.000Z,1
2019-10-05T23:01:07.000Z,1
2019-10-06T11:13:57.000Z,1
2019-10-06T13:34:23.000Z,1
2019-10-05T12:38:45.000Z,1
2019-10-05T13:04:26.000Z,1
2019-10-05T13:43:10.000Z,1
2019-10-05T13:54:49.000Z,1
2019-10-05T14:00:04.000Z,1
2019-10-05T14:06:31.000Z,1
2019-10-05T14:14:00.000Z,2
2019-10-05T14:36:31.000Z,1
2019-10-05T14:40:10.000Z,2
2019-10-05T14:43:18.000Z,2
2019-10-05T14:45:39.000Z,1
2019-10-05T14:58:08.000Z,1
2019-10-05T15:12:08.000Z,1
2019-10-05T15:19:39.000Z,1
2019-10-05T15:48:37.000Z,1
2019-10-05T15:53:38.000Z,1
2019-10-05T16:36:52.000Z,1
2019-10-05T16:50:25.000Z,1
2019-10-06T00:38:54.000Z,1
2019-10-06T00:39:14.000Z,1
2019-10-06T02:04:22.000Z,1
2019-10-06T02:31:22.000Z,1
2019-10-06T08:12:45.000Z,1
2019-10-06T08:32:16.000Z,1
2019-10-06T08:42:14.000Z,1
2019-10-06T08:49:19.000Z,1
2019-10-06T09:19:55.000Z,1
2019-10-06T09:44:51.000Z,2
2019-10-06T10:18:12.000Z,1
2019-10-06T11:04:51.000Z,1
2019-10-06T11:05:57.000Z,1
2019-10-06T11:51:50.000Z,2
2019-10-06T11:52:30.000Z,2
2019-10-06T12:08:48.000Z,2
2019-10-06T12:11:38.000Z,1
2019-10-06T12:17:15.000Z,1
2019-10-06T12:21:43.000Z,1
2019-10-06T12:26:50.000Z,1
2019-10-06T12:31:22.000Z,1
2019-10-06T12:39:10.000Z,1
2019-10-06T12:48:11.000Z,1
2019-10-06T13:04:53.000Z,2
2019-10-06T13:10:06.000Z,2
2019-10-06T13:14:41.000Z,2
2019-10-06T13:18:33.000Z,1
2019-10-06T13:19:05.000Z,1
2019-10-06T13:23:16.000Z,1
2019-10-06T13:40:06.000Z,1
2019-10-06T13:46:31.000Z,1
2019-10-06T13:48:16.000Z,1
2019-10-06T13:56:10.000Z,1
2019-10-06T14:10:54.000Z,1
2019-10-06T14:11:06.000Z,1
2019-10-06T14:16:40.000Z,1
2019-10-06T14:24:50.000Z,2
2019-10-06T14:26:40.000Z,1
2019-10-06T14:37:18.000Z,1
2019-10-06T14:40:28.000Z,1
2019-10-06T14:42:04.000Z,1
2019-10-06T15:36:18.000Z,2
2019-10-06T15:51:12.000Z,1
2019-10-06T16:04:42.000Z,1
2019-10-06T16:32:46.000Z,1
2019-10-06T16:52:32.000Z,1
2019-10-06T17:25:03.000Z,2
2019-10-06T17:30:02.000Z,1
2019-10-06T17:38:30.000Z,1
2019-10-06T17:39:49.000Z,2
2019-10-06T17:52:52.000Z,2
2019-10-06T18:06:49.000Z,1
2019-10-06T18:11:07.000Z,1
2019-10-06T18:33:32.000Z,1
2019-10-06T19:20:44.000Z,1
2019-10-06T19:33:51.000Z,1
2019-10-06T19:43:10.000Z,2
2019-10-06T20:01:32.000Z,1
2019-10-06T20:33:24.000Z,1
2019-10-06T21:02:52.000Z,1
2019-10-06T21:06:02.000Z,1
2019-10-06T21:42:40.000Z,1
2019-10-07T00:27:22.000Z,1
2019-10-07T01:54:46.000Z,1
2019-10-07T03:28:11.000Z,1
2019-10-07T06:29:43.000Z,1
2019-10-07T07:02:54.000Z,1
2019-10-07T07:14:48.000Z,2
2019-10-07T07:22:19.000Z,1
2019-10-07T07:24:22.000Z,2
2019-10-07T07:55:48.000Z,1
2019-10-07T08:00:42.000Z,1
2019-10-07T08:00:40.000Z,1
2019-10-07T08:04:16.000Z,1
2019-10-07T08:11:55.000Z,1
2019-10-07T08:12:19.000Z,1
2019-10-07T08:12:58.000Z,1
2019-10-07T08:17:29.000Z,1
2019-10-07T08:18:05.000Z,1
2019-10-07T08:18:58.000Z,2
2019-10-07T08:19:57.000Z,2
2019-10-07T08:21:23.000Z,1
2019-10-07T08:21:37.000Z,2
2019-10-07T08:25:41.000Z,2
2019-10-07T08:55:07.000Z,1
2019-10-07T08:59:33.000Z,2
2019-10-07T09:26:11.000Z,1
2019-10-07T09:36:37.000Z,2
2019-10-07T09:53:57.000Z,1
2019-10-07T10:07:31.000Z,1
2019-10-07T10:27:58.000Z,1
2019-10-07T10:56:27.000Z,1
2019-10-07T11:26:51.000Z,1
2019-10-07T11:49:55.000Z,1
2019-10-07T11:50:07.000Z,1
2019-10-07T11:50:51.000Z,1
2019-10-07T12:02:15.000Z,1
2019-10-07T12:13:28.000Z,1
2019-10-07T12:57:11.000Z,1
2019-10-07T13:05:00.000Z,1
2019-10-07T13:33:12.000Z,1
2019-10-07T13:44:11.000Z,1
2019-10-07T14:15:25.000Z,1
2019-10-07T14:21:25.000Z,1
2019-10-07T14:23:51.000Z,1
2019-10-07T14:27:45.000Z,1
2019-10-07T14:57:12.000Z,1
2019-10-07T15:11:39.000Z,1
2019-10-07T15:25:33.000Z,1
2019-10-07T15:56:27.000Z,1
2019-10-07T16:10:11.000Z,1
2019-10-07T16:11:39.000Z,1
2019-10-07T16:22:39.000Z,1
2019-10-07T16:22:52.000Z,1
2019-10-07T16:26:27.000Z,1
2019-10-07T16:35:00.000Z,1
2019-10-07T16:35:41.000Z,1
2019-10-07T16:51:51.000Z,1
2019-10-07T16:58:40.000Z,1
2019-10-07T17:14:33.000Z,1
2019-10-07T17:17:40.000Z,1
2019-10-07T17:22:10.000Z,1
2019-10-07T17:22:41.000Z,1
2019-10-07T17:26:17.000Z,1
2019-10-07T17:31:33.000Z,1
2019-10-07T17:47:32.000Z,1
2019-10-07T17:55:54.000Z,2
2019-10-07T18:01:11.000Z,1
2019-10-07T18:13:38.000Z,1
2019-10-07T18:21:54.000Z,1
2019-10-07T18:25:25.000Z,1
2019-10-07T18:26:24.000Z,1
2019-10-07T18:37:21.000Z,1
2019-10-07T18:50:05.000Z,1
2019-10-07T18:55:25.000Z,3
2019-10-07T19:02:43.000Z,1
2019-10-07T19:52:06.000Z,1
2019-10-07T19:53:45.000Z,1
2019-10-07T20:11:04.000Z,1
2019-10-07T20:39:27.000Z,1
2019-10-07T21:31:58.000Z,1
2019-10-08T05:26:26.000Z,1
2019-10-08T06:47:05.000Z,1
2019-10-08T07:10:59.000Z,1
2019-10-08T07:17:33.000Z,2
2019-10-08T07:22:43.000Z,1
2019-10-08T07:31:29.000Z,1
2019-10-08T07:48:57.000Z,1
2019-10-08T07:58:34.000Z,1
2019-10-08T08:05:46.000Z,1
2019-10-08T08:32:16.000Z,2
2019-10-08T08:32:37.000Z,1
2019-10-08T08:46:36.000Z,1
2019-10-08T08:59:12.000Z,1
2019-10-08T09:03:58.000Z,1
2019-10-08T09:06:13.000Z,3
2019-10-08T09:10:45.000Z,1
2019-10-08T09:47:29.000Z,1
2019-10-08T10:20:36.000Z,1
2019-10-08T10:42:56.000Z,1
2019-10-08T10:56:14.000Z,1
2019-10-08T11:08:41.000Z,1
2019-10-08T11:18:28.000Z,1
2019-10-08T11:19:10.000Z,1
2019-10-08T11:46:33.000Z,1
2019-10-08T12:12:31.000Z,1
2019-10-08T12:15:31.000Z,1
2019-10-08T12:55:22.000Z,1
2019-10-08T12:59:48.000Z,1
2019-10-08T13:30:28.000Z,1
2019-10-08T13:35:32.000Z,1
2019-10-08T13:40:27.000Z,1
2019-10-08T13:40:49.000Z,1
2019-10-08T13:43:03.000Z,1
2019-10-08T13:48:59.000Z,1
2019-10-08T14:36:07.000Z,1
2019-10-08T14:46:51.000Z,1
2019-10-08T15:04:27.000Z,1
2019-10-08T15:18:36.000Z,1
2019-10-08T15:23:45.000Z,2
2019-10-08T15:24:39.000Z,1
2019-10-08T15:47:08.000Z,1
2019-10-08T16:16:18.000Z,1
2019-10-08T16:30:41.000Z,2
2019-10-08T16:41:16.000Z,1
2019-10-08T16:55:37.000Z,1
2019-10-08T16:57:33.000Z,1
2019-10-08T17:02:22.000Z,3
2019-10-08T17:05:20.000Z,1
2019-10-08T17:13:52.000Z,1
2019-10-08T17:14:43.000Z,2
2019-10-08T17:29:07.000Z,1
2019-10-08T17:36:59.000Z,1
2019-10-08T17:41:21.000Z,3
2019-10-08T17:46:51.000Z,2
2019-10-08T17:47:45.000Z,2
2019-10-08T17:55:03.000Z,1
2019-10-08T17:57:06.000Z,2
2019-10-08T18:08:31.000Z,1
2019-10-08T18:10:03.000Z,1
2019-10-08T18:25:05.000Z,1
2019-10-08T18:26:01.000Z,1
2019-10-08T18:37:23.000Z,2
2019-10-08T18:41:45.000Z,1
2019-10-08T18:51:29.000Z,2
2019-10-08T18:59:23.000Z,1
2019-10-08T19:14:25.000Z,1
2019-10-08T19:15:06.000Z,1
2019-10-08T19:22:34.000Z,1
2019-10-08T19:24:02.000Z,1
2019-10-08T19:38:33.000Z,1
2019-10-08T20:51:03.000Z,1
2019-10-08T20:53:25.000Z,1
2019-10-09T00:41:13.000Z,1
2019-10-09T05:44:20.000Z,1
2019-10-09T05:49:52.000Z,1
2019-10-09T06:04:35.000Z,1
2019-10-09T06:55:23.000Z,2
2019-10-09T06:57:23.000Z,2
2019-10-09T06:57:32.000Z,1
2019-10-09T07:08:00.000Z,1
2019-10-09T07:18:19.000Z,1
2019-10-09T07:38:01.000Z,1
2019-10-09T07:39:30.000Z,1
2019-10-09T07:46:32.000Z,1
2019-10-09T07:54:57.000Z,1
2019-10-09T08:06:04.000Z,1
2019-10-09T08:10:26.000Z,1
2019-10-09T08:12:55.000Z,2
2019-10-09T08:16:00.000Z,1
2019-10-09T08:18:52.000Z,1
2019-10-09T08:32:00.000Z,1
2019-10-09T08:35:23.000Z,1
2019-10-09T08:46:18.000Z,1
2019-10-09T08:58:40.000Z,1
2019-10-09T09:00:02.000Z,1
2019-10-09T09:00:27.000Z,1
2019-10-09T09:21:04.000Z,1
2019-10-09T09:23:35.000Z,1
2019-10-09T09:31:04.000Z,1
2019-10-09T09:54:15.000Z,1
2019-10-09T10:13:33.000Z,1
2019-10-09T10:23:24.000Z,1
2019-10-05T10:57:37.000Z,2
2019-10-05T11:01:24.000Z,1
2019-10-05T11:05:32.000Z,1
2019-10-05T11:16:45.000Z,1
2019-10-05T11:21:17.000Z,2
2019-10-05T11:29:02.000Z,1
2019-10-05T11:36:02.000Z,1
2019-10-05T11:55:12.000Z,1
2019-10-05T11:56:58.000Z,2
2019-10-05T12:15:09.000Z,1
2019-10-05T12:20:18.000Z,1
2019-10-05T12:27:14.000Z,1
2019-10-05T12:32:00.000Z,1
2019-10-05T12:49:15.000Z,2
2019-10-05T12:55:44.000Z,1
2019-10-05T12:57:16.000Z,1
2019-10-05T13:13:25.000Z,1
2019-10-05T13:24:10.000Z,1
2019-10-05T13:25:22.000Z,1
2019-10-05T13:26:09.000Z,1
2019-10-05T13:53:27.000Z,1
2019-10-05T14:15:37.000Z,1
2019-10-05T14:39:05.000Z,1
2019-10-05T14:43:30.000Z,1
2019-10-05T14:43:41.000Z,1
2019-10-05T14:50:51.000Z,1
2019-10-05T15:18:54.000Z,1
2019-10-05T15:57:16.000Z,1
2019-10-05T16:45:12.000Z,1
2019-10-05T16:59:28.000Z,1
2019-10-05T17:01:50.000Z,1
2019-10-06T07:23:54.000Z,1
2019-10-05T12:47:21.000Z,1
2019-10-05T14:53:24.000Z,1
2019-10-05T15:07:47.000Z,1
2019-10-05T15:14:19.000Z,1
2019-10-05T15:27:57.000Z,1
2019-10-05T16:04:36.000Z,1
2019-10-05T16:58:11.000Z,1
2019-10-05T19:33:39.000Z,1
2019-10-06T00:31:56.000Z,1
2019-10-06T00:46:37.000Z,1
2019-10-06T04:16:58.000Z,1
2019-10-06T06:54:29.000Z,1
2019-10-06T08:22:57.000Z,1
2019-10-06T09:07:32.000Z,1
2019-10-06T09:18:35.000Z,1
2019-10-06T09:30:01.000Z,1
2019-10-06T09:30:09.000Z,1
2019-10-06T10:19:28.000Z,1
2019-10-06T10:26:42.000Z,1
2019-10-06T10:45:29.000Z,1
2019-10-06T10:56:18.000Z,1
2019-10-06T10:57:05.000Z,2
2019-10-06T11:18:39.000Z,1
2019-10-06T11:20:48.000Z,1
2019-10-06T11:40:42.000Z,1
2019-10-06T12:06:38.000Z,1
2019-10-06T12:23:14.000Z,1
2019-10-06T12:35:23.000Z,1
2019-10-06T13:18:39.000Z,1
2019-10-06T13:40:43.000Z,1
2019-10-06T13:41:19.000Z,1
2019-10-06T13:54:01.000Z,1
2019-10-06T13:55:57.000Z,1
2019-10-06T14:05:44.000Z,1
2019-10-06T14:08:42.000Z,1
2019-10-06T14:09:20.000Z,1
2019-10-06T14:52:22.000Z,1
2019-10-06T15:07:39.000Z,1
2019-10-06T15:19:30.000Z,2
2019-10-06T15:21:54.000Z,1
2019-10-06T15:31:02.000Z,1
2019-10-06T15:32:47.000Z,1
2019-10-06T15:45:35.000Z,1
2019-10-06T16:05:16.000Z,1
2019-10-06T16:15:20.000Z,1
2019-10-06T16:40:03.000Z,1
2019-10-06T16:43:10.000Z,2
2019-10-06T16:43:17.000Z,1
2019-10-06T16:46:38.000Z,1
2019-10-06T17:23:59.000Z,1
2019-10-06T17:29:48.000Z,1
2019-10-06T17:43:11.000Z,1
2019-10-06T17:43:52.000Z,1
2019-10-06T17:51:49.000Z,1
2019-10-06T17:53:47.000Z,1
2019-10-06T18:00:35.000Z,1
2019-10-06T18:20:41.000Z,1
2019-10-06T19:12:07.000Z,1
2019-10-06T19:23:50.000Z,1
2019-10-06T19:27:26.000Z,1
2019-10-06T20:50:52.000Z,1
2019-10-06T21:23:09.000Z,1
2019-10-06T21:27:00.000Z,1
2019-10-07T05:42:36.000Z,1
2019-10-07T07:08:43.000Z,1
2019-10-07T07:11:29.000Z,1
2019-10-07T07:25:39.000Z,1
2019-10-07T07:31:23.000Z,1
2019-10-07T07:34:54.000Z,1
2019-10-07T07:45:01.000Z,1
2019-10-07T07:55:32.000Z,1
2019-10-07T08:02:44.000Z,1
2019-10-07T08:05:14.000Z,2
2019-10-07T08:09:37.000Z,1
2019-10-07T08:16:02.000Z,1
2019-10-07T08:17:20.000Z,2
2019-10-07T08:18:29.000Z,1
2019-10-07T08:19:48.000Z,1
2019-10-07T08:22:58.000Z,1
2019-10-07T08:26:19.000Z,1
2019-10-07T08:38:09.000Z,1
2019-10-07T08:41:49.000Z,1
2019-10-07T08:49:00.000Z,1
2019-10-07T09:17:46.000Z,1
2019-10-07T10:20:44.000Z,1
2019-10-07T10:24:42.000Z,1
2019-10-07T10:39:18.000Z,1
2019-10-07T11:01:31.000Z,1
2019-10-07T11:10:25.000Z,1
2019-10-07T11:11:53.000Z,1
2019-10-07T11:12:02.000Z,1
2019-10-07T11:13:10.000Z,3
2019-10-07T12:31:11.000Z,1
2019-10-07T12:38:47.000Z,1
2019-10-07T13:26:02.000Z,1
2019-10-07T13:43:50.000Z,1
2019-10-07T13:53:31.000Z,1
2019-10-07T14:39:40.000Z,1
2019-10-07T14:45:15.000Z,1
2019-10-07T15:05:29.000Z,1
2019-10-07T15:13:15.000Z,1
2019-10-07T15:44:12.000Z,1
2019-10-07T15:53:08.000Z,1
2019-10-07T16:05:30.000Z,1
2019-10-07T16:06:37.000Z,2
2019-10-07T16:16:53.000Z,1
2019-10-07T16:28:49.000Z,2
2019-10-07T16:42:03.000Z,1
2019-10-07T16:53:07.000Z,1
2019-10-07T16:53:53.000Z,1
2019-10-07T17:03:26.000Z,1
2019-10-07T17:11:33.000Z,1
2019-10-07T17:13:18.000Z,1
2019-10-07T17:15:10.000Z,1
2019-10-07T17:20:59.000Z,1
2019-10-07T17:22:35.000Z,1
2019-10-07T17:24:35.000Z,1
2019-10-07T17:27:16.000Z,3
2019-10-07T17:27:58.000Z,1
2019-10-07T17:28:32.000Z,3
2019-10-07T17:28:33.000Z,1
2019-10-07T17:42:49.000Z,1
2019-10-07T18:14:39.000Z,1
2019-10-07T18:30:41.000Z,1
2019-10-07T18:34:50.000Z,1
2019-10-07T19:03:55.000Z,1
2019-10-07T19:49:09.000Z,1
2019-10-07T21:07:29.000Z,1
2019-10-07T22:04:15.000Z,1
2019-10-08T06:04:09.000Z,1
2019-10-08T06:13:10.000Z,2
2019-10-08T06:46:58.000Z,1
2019-10-08T07:11:05.000Z,1
2019-10-08T08:04:12.000Z,1
2019-10-08T08:05:14.000Z,3
2019-10-08T08:15:35.000Z,1
2019-10-08T08:25:22.000Z,1
2019-10-08T08:26:17.000Z,1
2019-10-08T08:39:00.000Z,1
2019-10-08T08:56:03.000Z,1
2019-10-08T09:03:46.000Z,1
2019-10-08T09:25:16.000Z,1
2019-10-08T09:33:39.000Z,1
2019-10-08T09:58:41.000Z,1
2019-10-08T10:04:43.000Z,1
2019-10-08T10:40:26.000Z,1
2019-10-08T11:12:50.000Z,1
2019-10-08T11:48:52.000Z,1
2019-10-08T11:50:03.000Z,1
2019-10-08T11:52:57.000Z,1
2019-10-08T11:53:32.000Z,1
2019-10-08T11:53:34.000Z,1
2019-10-08T12:07:26.000Z,1
2019-10-08T12:11:18.000Z,1
2019-10-08T12:39:22.000Z,1
2019-10-08T12:50:53.000Z,2
2019-10-08T13:04:32.000Z,1
2019-10-08T13:46:44.000Z,1
2019-10-08T14:07:02.000Z,1
2019-10-08T14:09:37.000Z,1
2019-10-08T14:18:38.000Z,1
2019-10-08T14:32:12.000Z,1
2019-10-08T14:55:01.000Z,1
2019-10-08T15:06:26.000Z,1
2019-10-08T15:08:18.000Z,1
2019-10-08T15:35:57.000Z,1
2019-10-08T15:40:19.000Z,1
2019-10-08T15:49:39.000Z,1
2019-10-08T16:13:03.000Z,2
2019-10-08T16:16:29.000Z,1
2019-10-08T16:21:58.000Z,1
2019-10-08T16:27:22.000Z,2
2019-10-08T16:27:29.000Z,2
2019-10-08T16:34:18.000Z,2
2019-10-08T16:56:46.000Z,3
2019-10-08T17:02:11.000Z,1
2019-10-08T17:03:25.000Z,2
2019-10-08T17:06:45.000Z,2
2019-10-08T17:08:24.000Z,1
2019-10-08T17:09:31.000Z,3
2019-10-08T17:26:22.000Z,1
2019-10-08T17:45:30.000Z,2
2019-10-08T18:03:02.000Z,1
2019-10-08T18:05:38.000Z,1
2019-10-08T18:17:11.000Z,2
2019-10-08T18:24:13.000Z,3
2019-10-08T18:26:20.000Z,1
2019-10-08T18:47:12.000Z,1
2019-10-08T19:07:55.000Z,1
2019-10-08T19:37:23.000Z,1
2019-10-08T20:15:17.000Z,1
2019-10-08T20:27:35.000Z,1
2019-10-08T21:01:53.000Z,1
2019-10-08T21:12:31.000Z,1
2019-10-08T21:23:32.000Z,1
2019-10-08T22:30:43.000Z,1
2019-10-09T06:38:25.000Z,1
2019-10-09T06:44:16.000Z,1
2019-10-09T07:07:18.000Z,1
2019-10-09T07:10:37.000Z,1
2019-10-09T07:11:27.000Z,1
2019-10-09T07:13:45.000Z,1
2019-10-09T07:17:34.000Z,1
2019-10-09T07:21:06.000Z,1
2019-10-09T07:34:51.000Z,1
2019-10-09T07:46:12.000Z,1
2019-10-09T07:56:49.000Z,1
2019-10-09T08:03:42.000Z,2
2019-10-09T08:14:29.000Z,1
2019-10-09T08:14:52.000Z,1
2019-10-09T08:16:28.000Z,2
2019-10-09T08:17:37.000Z,1
2019-10-09T08:28:36.000Z,1
2019-10-09T08:46:40.000Z,1
2019-10-09T08:51:47.000Z,1
2019-10-09T09:03:53.000Z,1
2019-10-09T09:18:53.000Z,1
2019-10-09T09:52:42.000Z,1
2019-10-05T11:03:27.000Z,1
2019-10-05T11:11:13.000Z,1
2019-10-05T12:37:12.000Z,1
2019-10-05T12:47:26.000Z,1
2019-10-05T13:14:48.000Z,1
2019-10-05T13:17:13.000Z,1
2019-10-05T13:43:51.000Z,1
2019-10-05T14:19:51.000Z,1
2019-10-05T14:20:23.000Z,1
2019-10-05T14:40:17.000Z,1
2019-10-05T15:11:09.000Z,1
2019-10-05T16:12:23.000Z,1
2019-10-05T16:27:28.000Z,1
2019-10-06T12:35:27.000Z,3
2019-10-05T13:17:22.000Z,1
2019-10-05T13:33:58.000Z,1
2019-10-05T14:36:34.000Z,2
2019-10-05T14:58:46.000Z,4
2019-10-05T15:04:12.000Z,1
2019-10-05T15:10:22.000Z,1
2019-10-05T15:32:16.000Z,1
2019-10-05T15:46:18.000Z,1
2019-10-05T16:25:15.000Z,1
2019-10-05T17:48:45.000Z,1
2019-10-05T22:32:36.000Z,1
2019-10-05T23:11:35.000Z,1
2019-10-06T00:16:41.000Z,1
2019-10-06T00:26:38.000Z,1
2019-10-06T00:33:18.000Z,1
2019-10-06T06:12:03.000Z,1
2019-10-06T07:50:27.000Z,1
2019-10-06T08:00:47.000Z,1
2019-10-06T08:25:23.000Z,1
2019-10-06T08:50:56.000Z,2
2019-10-06T09:24:34.000Z,1
2019-10-06T09:34:58.000Z,2
2019-10-06T09:59:53.000Z,2
2019-10-06T10:18:11.000Z,1
2019-10-06T10:45:35.000Z,1
2019-10-06T10:57:17.000Z,1
2019-10-06T11:30:47.000Z,1
2019-10-06T11:34:59.000Z,1
2019-10-06T11:37:12.000Z,1
2019-10-06T11:47:21.000Z,1
2019-10-06T11:50:31.000Z,1
2019-10-06T11:51:14.000Z,1
2019-10-06T12:08:42.000Z,2
2019-10-06T12:09:27.000Z,2
2019-10-06T12:14:25.000Z,2
2019-10-06T12:26:25.000Z,2
2019-10-06T12:29:44.000Z,1
2019-10-06T12:56:48.000Z,1
2019-10-06T13:03:43.000Z,1
2019-10-06T13:28:50.000Z,1
2019-10-06T13:38:07.000Z,1
2019-10-06T13:48:30.000Z,1
2019-10-06T14:42:16.000Z,1
2019-10-06T15:10:18.000Z,1
2019-10-06T15:12:09.000Z,3
2019-10-06T16:04:36.000Z,1
2019-10-06T16:39:25.000Z,1
2019-10-06T16:59:55.000Z,1
2019-10-06T17:08:17.000Z,1
2019-10-06T17:17:18.000Z,1
2019-10-06T17:19:31.000Z,1
2019-10-06T17:58:27.000Z,1
2019-10-06T18:03:38.000Z,1
2019-10-06T18:16:25.000Z,1
2019-10-06T18:26:12.000Z,1
2019-10-06T18:27:15.000Z,1
2019-10-06T18:27:13.000Z,1
2019-10-06T18:29:10.000Z,1
2019-10-06T18:38:49.000Z,1
2019-10-06T18:50:14.000Z,1
2019-10-06T19:24:27.000Z,1
2019-10-06T19:27:23.000Z,1
2019-10-06T19:43:47.000Z,1
2019-10-06T20:12:35.000Z,1
2019-10-06T20:39:28.000Z,1
2019-10-06T20:49:55.000Z,1
2019-10-06T20:50:25.000Z,1
2019-10-06T21:07:05.000Z,1
2019-10-06T21:24:48.000Z,1
2019-10-06T21:39:19.000Z,1
2019-10-06T23:22:45.000Z,1
2019-10-07T06:23:35.000Z,1
2019-10-07T06:38:57.000Z,1
2019-10-07T06:47:04.000Z,1
2019-10-07T06:51:47.000Z,1
2019-10-07T06:56:58.000Z,2
2019-10-07T06:58:08.000Z,1
2019-10-07T07:11:26.000Z,1
2019-10-07T07:27:33.000Z,1
2019-10-07T07:39:31.000Z,1
2019-10-07T07:44:55.000Z,2
2019-10-07T07:58:07.000Z,1
2019-10-07T08:08:09.000Z,1
2019-10-07T08:11:54.000Z,1
2019-10-07T08:21:00.000Z,1
2019-10-07T08:28:05.000Z,1
2019-10-07T08:42:27.000Z,1
2019-10-07T08:45:16.000Z,1
2019-10-07T08:55:40.000Z,1
2019-10-07T09:06:29.000Z,1
2019-10-07T09:17:04.000Z,1
2019-10-07T09:33:49.000Z,1
2019-10-07T09:55:58.000Z,1
2019-10-07T10:25:11.000Z,1
2019-10-07T11:17:47.000Z,1
2019-10-07T11:36:55.000Z,2
2019-10-07T13:03:54.000Z,1
2019-10-07T13:12:32.000Z,1
2019-10-07T13:21:10.000Z,2
2019-10-07T13:51:50.000Z,1
2019-10-07T14:09:44.000Z,1
2019-10-07T14:16:22.000Z,1
2019-10-07T14:25:22.000Z,1
2019-10-07T15:33:30.000Z,1
2019-10-07T15:54:05.000Z,1
2019-10-07T15:55:22.000Z,1
2019-10-07T16:07:35.000Z,1
2019-10-07T16:10:33.000Z,1
2019-10-07T16:13:30.000Z,1
2019-10-07T16:23:15.000Z,1
2019-10-07T16:42:20.000Z,1
2019-10-07T16:45:41.000Z,2
2019-10-07T16:50:10.000Z,1
2019-10-07T16:51:55.000Z,2
2019-10-07T17:16:10.000Z,1
2019-10-07T17:18:42.000Z,1
2019-10-07T17:25:39.000Z,1
2019-10-07T17:35:47.000Z,2
2019-10-07T17:41:49.000Z,1
2019-10-07T17:42:34.000Z,1
2019-10-07T17:43:21.000Z,1
2019-10-07T17:52:17.000Z,1
2019-10-07T17:52:45.000Z,1
2019-10-07T17:54:26.000Z,2
2019-10-07T17:56:31.000Z,1
2019-10-07T18:01:48.000Z,1
2019-10-07T18:11:48.000Z,1
2019-10-07T18:15:16.000Z,1
2019-10-07T18:17:59.000Z,2
2019-10-07T18:24:23.000Z,1
2019-10-07T18:31:50.000Z,1
2019-10-07T18:33:16.000Z,1
2019-10-07T18:37:43.000Z,1
2019-10-07T18:55:28.000Z,1
2019-10-07T19:04:32.000Z,2
2019-10-07T19:09:24.000Z,1
2019-10-07T19:26:07.000Z,1
2019-10-07T19:52:34.000Z,1
2019-10-07T20:06:14.000Z,1
2019-10-07T20:14:46.000Z,1
2019-10-07T20:47:51.000Z,1
2019-10-07T20:48:26.000Z,1
2019-10-07T21:23:38.000Z,1
2019-10-07T22:02:51.000Z,1
2019-10-07T22:06:49.000Z,1
2019-10-07T22:55:45.000Z,1
2019-10-08T05:23:50.000Z,1
2019-10-08T06:17:08.000Z,1
2019-10-08T06:39:36.000Z,1
2019-10-08T06:47:56.000Z,1
2019-10-08T06:55:37.000Z,1
2019-10-08T07:20:29.000Z,1
2019-10-08T07:21:33.000Z,1
2019-10-08T07:29:09.000Z,2
2019-10-08T07:32:50.000Z,1
2019-10-08T07:33:18.000Z,1
2019-10-08T07:44:16.000Z,2
2019-10-08T07:49:30.000Z,1
2019-10-08T07:51:30.000Z,1
2019-10-08T07:52:33.000Z,1
2019-10-08T08:17:28.000Z,1
2019-10-08T08:22:19.000Z,2
2019-10-08T08:22:22.000Z,1
2019-10-08T08:27:32.000Z,2
2019-10-08T08:44:35.000Z,2
2019-10-08T08:49:49.000Z,1
2019-10-08T09:03:20.000Z,1
2019-10-08T09:53:04.000Z,1
2019-10-08T10:25:12.000Z,1
2019-10-08T10:52:50.000Z,1
2019-10-08T11:43:38.000Z,1
2019-10-08T12:09:58.000Z,1
2019-10-08T12:31:21.000Z,1
2019-10-08T12:40:25.000Z,3
2019-10-08T12:50:16.000Z,1
2019-10-08T13:01:17.000Z,1
2019-10-08T13:01:23.000Z,1
2019-10-08T13:07:07.000Z,2
2019-10-08T13:07:46.000Z,1
2019-10-08T13:24:16.000Z,1
2019-10-08T13:58:20.000Z,1
2019-10-08T14:06:34.000Z,1
2019-10-08T14:26:34.000Z,1
2019-10-08T14:30:54.000Z,1
2019-10-08T14:59:15.000Z,1
2019-10-08T15:12:01.000Z,1
2019-10-08T15:15:11.000Z,1
2019-10-08T15:40:58.000Z,1
2019-10-08T15:50:16.000Z,2
2019-10-08T16:16:34.000Z,1
2019-10-08T16:28:25.000Z,1
2019-10-08T16:41:31.000Z,1
2019-10-08T16:56:12.000Z,1
2019-10-08T16:56:57.000Z,1
2019-10-08T17:09:57.000Z,1
2019-10-08T17:10:44.000Z,1
2019-10-08T17:12:42.000Z,1
2019-10-08T17:13:53.000Z,1
2019-10-08T17:15:52.000Z,2
2019-10-08T17:28:47.000Z,1
2019-10-08T17:35:11.000Z,1
2019-10-08T17:43:48.000Z,2
2019-10-08T17:48:50.000Z,2
2019-10-08T17:50:55.000Z,1
2019-10-08T17:52:49.000Z,1
2019-10-08T18:03:52.000Z,1
2019-10-08T18:10:05.000Z,1
2019-10-08T18:11:09.000Z,1
2019-10-08T18:12:06.000Z,2
2019-10-08T18:46:46.000Z,1
2019-10-08T18:47:41.000Z,1
2019-10-08T19:02:57.000Z,1
2019-10-08T19:03:42.000Z,2
2019-10-08T19:10:30.000Z,1
2019-10-08T19:15:34.000Z,1
2019-10-08T19:27:37.000Z,1
2019-10-08T19:36:41.000Z,1
2019-10-08T19:55:03.000Z,1
2019-10-08T20:11:04.000Z,1
2019-10-08T20:15:24.000Z,1
2019-10-08T20:36:06.000Z,1
2019-10-08T22:05:05.000Z,1
2019-10-08T23:03:55.000Z,1
2019-10-09T00:40:18.000Z,1
2019-10-09T05:22:55.000Z,1
2019-10-09T06:08:32.000Z,1
2019-10-09T06:22:13.000Z,1
2019-10-09T06:40:41.000Z,1
2019-10-09T07:10:10.000Z,1
2019-10-09T07:13:07.000Z,1
2019-10-09T07:15:22.000Z,3
2019-10-09T07:32:27.000Z,1
2019-10-09T07:33:20.000Z,1
2019-10-09T07:39:41.000Z,2
2019-10-09T07:41:43.000Z,1
2019-10-09T07:41:56.000Z,1
2019-10-09T07:55:50.000Z,1
2019-10-09T07:58:03.000Z,2
2019-10-09T08:03:01.000Z,1
2019-10-09T08:07:44.000Z,2
2019-10-09T08:12:20.000Z,2
2019-10-09T08:14:17.000Z,1
2019-10-09T08:25:39.000Z,1
2019-10-09T08:30:16.000Z,1
2019-10-09T08:34:18.000Z,1
2019-10-09T08:35:28.000Z,1
2019-10-09T08:37:28.000Z,1
2019-10-09T08:37:32.000Z,2
2019-10-09T08:38:03.000Z,1
2019-10-09T08:49:46.000Z,1
2019-10-09T09:03:39.000Z,1
2019-10-09T09:27:32.000Z,1
2019-10-09T09:37:23.000Z,1
2019-10-09T10:12:29.000Z,1
2019-10-09T10:22:03.000Z,1
2019-10-05T11:12:25.000Z,2
2019-10-05T11:29:28.000Z,2
2019-10-05T11:30:01.000Z,1
2019-10-05T11:37:41.000Z,1
2019-10-05T12:14:48.000Z,1
2019-10-05T12:29:50.000Z,1
2019-10-05T12:45:39.000Z,2
2019-10-05T13:15:06.000Z,1
2019-10-05T13:31:43.000Z,1
2019-10-05T13:42:09.000Z,2
2019-10-05T13:47:30.000Z,1
2019-10-05T13:47:37.000Z,1
2019-10-05T13:48:49.000Z,1
2019-10-05T14:05:01.000Z,1
2019-10-05T14:06:42.000Z,1
2019-10-05T14:27:27.000Z,1
2019-10-05T15:08:11.000Z,2
2019-10-05T15:22:18.000Z,1
2019-10-05T15:52:48.000Z,1
2019-10-06T00:29:22.000Z,1
2019-10-06T14:49:55.000Z,1
2019-10-05T12:27:26.000Z,1
2019-10-05T13:48:23.000Z,1
2019-10-05T13:59:31.000Z,1
2019-10-05T14:02:06.000Z,1
2019-10-05T14:45:01.000Z,1
2019-10-05T15:32:50.000Z,1
2019-10-05T15:41:20.000Z,1
2019-10-05T16:07:44.000Z,1
2019-10-05T16:14:26.000Z,1
2019-10-05T16:26:44.000Z,1
2019-10-05T16:45:06.000Z,1
2019-10-06T00:18:15.000Z,1
2019-10-06T08:46:19.000Z,1
2019-10-06T08:53:53.000Z,1
2019-10-06T08:55:46.000Z,1
2019-10-06T09:16:23.000Z,1
2019-10-06T10:22:24.000Z,1
2019-10-06T10:39:43.000Z,1
2019-10-06T10:49:04.000Z,1
2019-10-06T11:05:58.000Z,1
2019-10-06T11:21:45.000Z,1
2019-10-06T11:23:32.000Z,1
2019-10-06T11:40:36.000Z,1
2019-10-06T11:41:10.000Z,1
2019-10-06T11:50:15.000Z,1
2019-10-06T11:54:52.000Z,2
2019-10-06T12:25:11.000Z,1
2019-10-06T12:28:08.000Z,1
2019-10-06T12:33:41.000Z,1
2019-10-06T12:36:04.000Z,1
2019-10-06T12:36:12.000Z,1
2019-10-06T12:48:21.000Z,1
2019-10-06T13:04:54.000Z,1
2019-10-06T13:11:19.000Z,2
2019-10-06T13:18:40.000Z,1
2019-10-06T13:23:52.000Z,1
2019-10-06T13:33:04.000Z,1
2019-10-06T13:33:17.000Z,1
2019-10-06T13:35:01.000Z,1
2019-10-06T14:00:45.000Z,1
2019-10-06T14:09:57.000Z,1
2019-10-06T14:11:42.000Z,1
2019-10-06T14:14:44.000Z,1
2019-10-06T14:44:37.000Z,1
2019-10-06T14:47:48.000Z,1
2019-10-06T14:49:10.000Z,3
2019-10-06T15:10:48.000Z,1
2019-10-06T15:35:06.000Z,1
2019-10-06T15:38:03.000Z,1
2019-10-06T15:38:56.000Z,1
2019-10-06T15:43:42.000Z,1
2019-10-06T15:45:52.000Z,1
2019-10-06T15:45:54.000Z,3
2019-10-06T15:57:24.000Z,1
2019-10-06T16:04:58.000Z,6
2019-10-06T16:05:59.000Z,1
2019-10-06T16:38:41.000Z,2
2019-10-06T16:41:10.000Z,1
2019-10-06T16:45:16.000Z,1
2019-10-06T16:55:38.000Z,1
2019-10-06T17:05:48.000Z,1
2019-10-06T17:09:31.000Z,1
2019-10-06T17:21:07.000Z,2
2019-10-06T17:38:33.000Z,1
2019-10-06T17:39:47.000Z,1
2019-10-06T17:45:37.000Z,1
2019-10-06T18:07:51.000Z,1
2019-10-06T18:16:45.000Z,1
2019-10-06T18:20:47.000Z,1
2019-10-06T18:27:57.000Z,1
2019-10-06T19:12:49.000Z,2
2019-10-06T20:26:16.000Z,1
2019-10-06T21:37:53.000Z,1
2019-10-07T05:01:26.000Z,1
2019-10-07T06:24:47.000Z,1
2019-10-07T07:04:21.000Z,2
2019-10-07T07:40:20.000Z,1
2019-10-07T07:47:32.000Z,1
2019-10-07T07:50:13.000Z,1
2019-10-07T08:00:11.000Z,2
2019-10-07T08:20:42.000Z,1
2019-10-07T08:21:30.000Z,1
2019-10-07T08:22:56.000Z,2
2019-10-07T08:46:50.000Z,1
2019-10-07T09:00:48.000Z,1
2019-10-07T09:17:27.000Z,1
2019-10-07T09:20:36.000Z,1
2019-10-07T09:37:42.000Z,1
2019-10-07T10:07:29.000Z,1
2019-10-07T10:45:40.000Z,2
2019-10-07T10:53:38.000Z,1
2019-10-07T10:56:36.000Z,1
2019-10-07T11:23:40.000Z,1
2019-10-07T11:29:22.000Z,1
2019-10-07T11:48:05.000Z,1
2019-10-07T12:04:40.000Z,1
2019-10-07T12:12:05.000Z,2
2019-10-07T12:20:16.000Z,1
2019-10-07T12:42:11.000Z,1
2019-10-07T13:36:57.000Z,1
2019-10-07T13:51:46.000Z,1
2019-10-07T14:30:55.000Z,1
2019-10-07T14:57:14.000Z,1
2019-10-07T15:06:22.000Z,1
2019-10-07T15:33:55.000Z,2
2019-10-07T15:34:05.000Z,1
2019-10-07T15:55:12.000Z,1
2019-10-07T16:21:32.000Z,1
2019-10-07T16:42:44.000Z,1
2019-10-07T16:50:21.000Z,1
2019-10-07T16:59:10.000Z,1
2019-10-07T17:05:49.000Z,1
2019-10-07T17:06:37.000Z,1
2019-10-07T17:12:58.000Z,1
2019-10-07T17:15:59.000Z,2
2019-10-07T17:20:19.000Z,1
2019-10-07T17:24:55.000Z,1
2019-10-07T17:27:03.000Z,2
2019-10-07T17:35:20.000Z,1
2019-10-07T17:36:14.000Z,1
2019-10-07T17:37:05.000Z,1
2019-10-07T17:58:12.000Z,1
2019-10-07T18:14:41.000Z,1
2019-10-07T18:19:50.000Z,2
2019-10-07T18:30:51.000Z,1
2019-10-07T19:08:13.000Z,1
2019-10-07T19:09:54.000Z,1
2019-10-07T19:15:37.000Z,1
2019-10-07T19:16:30.000Z,1
2019-10-07T19:16:38.000Z,1
2019-10-07T19:21:21.000Z,1
2019-10-07T19:22:20.000Z,1
2019-10-07T19:24:23.000Z,2
2019-10-07T19:27:45.000Z,1
2019-10-07T19:30:05.000Z,1
2019-10-07T19:48:37.000Z,1
2019-10-07T19:59:09.000Z,2
2019-10-07T20:16:44.000Z,1
2019-10-07T20:25:10.000Z,2
2019-10-07T21:14:22.000Z,1
2019-10-08T00:03:09.000Z,1
2019-10-08T06:16:41.000Z,1
2019-10-08T06:25:33.000Z,1
2019-10-08T06:29:13.000Z,1
2019-10-08T06:45:44.000Z,1
2019-10-08T06:55:07.000Z,1
2019-10-08T07:19:45.000Z,1
2019-10-08T07:27:06.000Z,1
2019-10-08T07:37:56.000Z,1
2019-10-08T08:03:33.000Z,3
2019-10-08T08:04:14.000Z,1
2019-10-08T08:09:33.000Z,1
2019-10-08T08:12:46.000Z,2
2019-10-08T08:14:06.000Z,1
2019-10-08T08:14:08.000Z,1
2019-10-08T08:27:49.000Z,1
2019-10-08T08:41:56.000Z,3
2019-10-08T09:05:53.000Z,1
2019-10-08T09:24:16.000Z,1
2019-10-08T09:27:55.000Z,1
2019-10-08T09:51:03.000Z,1
2019-10-08T11:00:23.000Z,1
2019-10-08T12:19:34.000Z,1
2019-10-08T12:20:29.000Z,1
2019-10-08T12:25:21.000Z,1
2019-10-08T12:47:31.000Z,1
2019-10-08T13:17:54.000Z,1
2019-10-08T13:28:42.000Z,1
2019-10-08T13:31:16.000Z,1
2019-10-08T13:42:00.000Z,1
2019-10-08T14:37:47.000Z,1
2019-10-08T14:40:17.000Z,1
2019-10-08T14:48:46.000Z,1
2019-10-08T14:50:27.000Z,1
2019-10-08T14:57:50.000Z,1
2019-10-08T15:02:39.000Z,2
2019-10-08T16:02:18.000Z,1
2019-10-08T16:04:07.000Z,1
2019-10-08T16:25:29.000Z,1
2019-10-08T16:25:43.000Z,2
2019-10-08T16:35:40.000Z,2
2019-10-08T16:45:01.000Z,2
2019-10-08T16:46:08.000Z,1
2019-10-08T16:49:13.000Z,2
2019-10-08T16:49:56.000Z,1
2019-10-08T16:51:24.000Z,1
2019-10-08T17:04:24.000Z,2
2019-10-08T17:10:51.000Z,2
2019-10-08T17:11:23.000Z,1
2019-10-08T17:31:34.000Z,1
2019-10-08T17:50:17.000Z,3
2019-10-08T18:08:16.000Z,1
2019-10-08T18:11:14.000Z,2
2019-10-08T18:12:38.000Z,1
2019-10-08T18:21:18.000Z,1
2019-10-08T18:26:19.000Z,1
2019-10-08T18:27:22.000Z,1
2019-10-08T18:40:52.000Z,1
2019-10-08T18:42:25.000Z,1
2019-10-08T18:46:03.000Z,1
2019-10-08T18:54:31.000Z,1
2019-10-08T19:05:42.000Z,1
2019-10-08T19:10:17.000Z,1
2019-10-08T19:28:40.000Z,1
2019-10-08T19:35:29.000Z,1
2019-10-08T19:47:59.000Z,1
2019-10-08T20:28:57.000Z,1
2019-10-08T20:32:10.000Z,1
2019-10-08T20:35:57.000Z,1
2019-10-08T21:05:59.000Z,1
2019-10-08T21:29:33.000Z,1
2019-10-08T22:31:09.000Z,1
2019-10-09T04:35:14.000Z,1
2019-10-09T06:27:23.000Z,1
2019-10-09T07:01:25.000Z,1
2019-10-09T07:05:27.000Z,1
2019-10-09T07:05:44.000Z,1
2019-10-09T07:07:57.000Z,1
2019-10-09T07:53:16.000Z,1
2019-10-09T07:53:59.000Z,1
2019-10-09T08:01:31.000Z,2
2019-10-09T08:06:03.000Z,1
2019-10-09T08:22:54.000Z,1
2019-10-09T08:40:00.000Z,1
2019-10-09T08:41:57.000Z,1
2019-10-09T08:44:23.000Z,1
2019-10-09T08:44:49.000Z,1
2019-10-09T09:04:23.000Z,1
2019-10-09T09:04:25.000Z,1
2019-10-09T09:45:29.000Z,1
2019-10-09T09:53:39.000Z,1
2019-10-09T10:12:19.000Z,1
2019-10-09T10:22:10.000Z,1
2019-10-05T11:02:05.000Z,1
2019-10-05T11:36:01.000Z,1
2019-10-05T11:40:58.000Z,1
2019-10-05T11:44:13.000Z,1
2019-10-05T11:57:50.000Z,1
2019-10-05T12:04:18.000Z,1
2019-10-05T12:27:55.000Z,1
2019-10-05T12:48:40.000Z,3
2019-10-05T12:55:01.000Z,1
2019-10-05T12:58:11.000Z,1
2019-10-05T13:01:10.000Z,1
2019-10-05T13:35:46.000Z,2
2019-10-05T14:08:47.000Z,1
2019-10-05T14:36:56.000Z,1
2019-10-05T14:49:45.000Z,1
2019-10-05T14:50:12.000Z,1
2019-10-05T14:50:46.000Z,2
2019-10-05T14:54:43.000Z,1
2019-10-05T15:13:17.000Z,1
2019-10-05T15:26:50.000Z,1
2019-10-05T15:49:44.000Z,2
2019-10-05T15:57:31.000Z,1
2019-10-05T16:37:53.000Z,1
2019-10-05T16:48:53.000Z,1
2019-10-05T17:58:06.000Z,1
2019-10-05T18:53:26.000Z,1
2019-10-05T23:30:43.000Z,1
2019-10-06T00:20:57.000Z,1
2019-10-05T12:24:53.000Z,1
2019-10-05T15:34:04.000Z,1
2019-10-05T15:46:14.000Z,1
2019-10-05T15:46:56.000Z,1
2019-10-05T16:14:49.000Z,1
2019-10-05T17:14:43.000Z,1
2019-10-05T19:08:32.000Z,1
2019-10-06T01:29:57.000Z,1
2019-10-06T02:00:48.000Z,1
2019-10-06T07:50:05.000Z,1
2019-10-06T08:26:44.000Z,1
2019-10-06T08:50:58.000Z,1
2019-10-06T08:56:09.000Z,1
2019-10-06T09:08:20.000Z,1
2019-10-06T09:15:50.000Z,1
2019-10-06T09:34:25.000Z,1
2019-10-06T09:50:05.000Z,1
2019-10-06T09:54:20.000Z,1
2019-10-06T11:23:52.000Z,1
2019-10-06T11:27:34.000Z,1
2019-10-06T11:35:57.000Z,1
2019-10-06T11:39:02.000Z,1
2019-10-06T11:50:24.000Z,1
2019-10-06T12:07:18.000Z,3
2019-10-06T12:32:05.000Z,1
2019-10-06T12:42:01.000Z,1
2019-10-06T12:43:16.000Z,1
2019-10-06T13:03:31.000Z,2
2019-10-06T13:23:47.000Z,1
2019-10-06T13:27:42.000Z,1
2019-10-06T13:41:20.000Z,1
2019-10-06T13:43:20.000Z,1
2019-10-06T14:21:06.000Z,1
2019-10-06T14:27:06.000Z,1
2019-10-06T14:47:04.000Z,1
2019-10-06T14:54:16.000Z,1
2019-10-06T15:18:21.000Z,1
2019-10-06T15:27:27.000Z,1
2019-10-06T15:36:35.000Z,1
2019-10-06T15:59:55.000Z,1
2019-10-06T16:06:56.000Z,1
2019-10-06T16:09:37.000Z,2
2019-10-06T16:21:10.000Z,1
2019-10-06T16:22:07.000Z,1
2019-10-06T16:35:31.000Z,1
2019-10-06T16:52:35.000Z,1
2019-10-06T16:55:31.000Z,1
2019-10-06T16:56:26.000Z,1
2019-10-06T17:03:38.000Z,2
2019-10-06T17:13:37.000Z,1
2019-10-06T17:30:42.000Z,1
2019-10-06T17:50:06.000Z,1
2019-10-06T17:52:30.000Z,1
2019-10-06T17:55:25.000Z,1
2019-10-06T18:05:27.000Z,1
2019-10-06T18:12:58.000Z,1
2019-10-06T18:34:07.000Z,1
2019-10-06T18:39:23.000Z,1
2019-10-06T19:03:30.000Z,2
2019-10-06T19:08:02.000Z,1
2019-10-06T19:21:05.000Z,1
2019-10-06T19:35:52.000Z,1
2019-10-06T19:48:23.000Z,1
2019-10-06T20:41:03.000Z,1
2019-10-06T20:42:39.000Z,1
2019-10-06T21:32:15.000Z,1
2019-10-06T22:33:40.000Z,1
2019-10-07T05:26:48.000Z,1
2019-10-07T06:16:05.000Z,1
2019-10-07T06:42:21.000Z,1
2019-10-07T06:57:00.000Z,1
2019-10-07T07:04:57.000Z,1
2019-10-07T07:16:49.000Z,2
2019-10-07T07:25:14.000Z,1
2019-10-07T07:42:39.000Z,1
2019-10-07T07:56:35.000Z,3
2019-10-07T08:11:46.000Z,1
2019-10-07T08:12:08.000Z,1
2019-10-07T08:15:19.000Z,1
2019-10-07T08:22:08.000Z,3
2019-10-07T08:31:35.000Z,1
2019-10-07T08:37:34.000Z,2
2019-10-07T08:39:31.000Z,1
2019-10-07T08:39:59.000Z,1
2019-10-07T08:44:17.000Z,1
2019-10-07T08:50:08.000Z,1
2019-10-07T08:52:50.000Z,1
2019-10-07T08:54:51.000Z,1
2019-10-07T09:27:18.000Z,1
2019-10-07T10:12:07.000Z,1
2019-10-07T10:12:24.000Z,1
2019-10-07T10:25:43.000Z,1
2019-10-07T10:29:22.000Z,1
2019-10-07T10:38:14.000Z,1
2019-10-07T11:18:46.000Z,1
2019-10-07T11:57:02.000Z,1
2019-10-07T12:00:53.000Z,1
2019-10-07T12:08:51.000Z,1
2019-10-07T12:12:22.000Z,1
2019-10-07T12:12:37.000Z,1
2019-10-07T12:17:00.000Z,1
2019-10-07T12:43:56.000Z,2
2019-10-07T13:15:28.000Z,1
2019-10-07T13:27:38.000Z,1
2019-10-07T13:30:48.000Z,1
2019-10-07T13:52:09.000Z,1
2019-10-07T14:01:31.000Z,1
2019-10-07T14:25:45.000Z,1
2019-10-07T15:00:50.000Z,1
2019-10-07T15:44:19.000Z,1
2019-10-07T15:54:33.000Z,1
2019-10-07T15:57:44.000Z,1
2019-10-07T16:00:52.000Z,1
2019-10-07T16:13:47.000Z,1
2019-10-07T16:18:05.000Z,1
2019-10-07T16:45:59.000Z,1
2019-10-07T16:49:38.000Z,1
2019-10-07T16:54:37.000Z,1
2019-10-07T16:56:33.000Z,1
2019-10-07T17:06:39.000Z,1
2019-10-07T17:12:31.000Z,1
2019-10-07T17:17:10.000Z,2
2019-10-07T17:18:48.000Z,1
2019-10-07T17:20:30.000Z,2
2019-10-07T17:21:26.000Z,1
2019-10-07T17:23:29.000Z,1
2019-10-07T17:28:09.000Z,1
2019-10-07T17:39:54.000Z,1
2019-10-07T17:44:22.000Z,1
2019-10-07T17:47:19.000Z,1
2019-10-07T17:49:36.000Z,1
2019-10-07T17:50:11.000Z,1
2019-10-07T17:55:53.000Z,1
2019-10-07T18:06:58.000Z,1
2019-10-07T18:11:45.000Z,1
2019-10-07T18:12:58.000Z,2
2019-10-07T18:13:31.000Z,2
2019-10-07T18:22:19.000Z,2
2019-10-07T18:22:25.000Z,1
2019-10-07T18:23:36.000Z,2
2019-10-07T18:23:49.000Z,1
2019-10-07T18:51:42.000Z,1
2019-10-07T20:11:28.000Z,1
2019-10-07T22:30:25.000Z,1
2019-10-07T22:33:24.000Z,1
2019-10-07T22:47:54.000Z,1
2019-10-08T01:03:59.000Z,1
2019-10-08T05:21:24.000Z,1
2019-10-08T06:37:44.000Z,1
2019-10-08T06:51:59.000Z,1
2019-10-08T06:55:21.000Z,1
2019-10-08T06:56:51.000Z,1
2019-10-08T07:07:09.000Z,1
2019-10-08T07:40:46.000Z,1
2019-10-08T07:57:05.000Z,1
2019-10-08T08:13:13.000Z,1
2019-10-08T08:23:45.000Z,1
2019-10-08T08:56:49.000Z,1
2019-10-08T08:57:51.000Z,2
2019-10-08T09:01:12.000Z,2
2019-10-08T09:17:13.000Z,1
2019-10-08T09:19:35.000Z,1
2019-10-08T09:23:08.000Z,1
2019-10-08T09:39:17.000Z,1
2019-10-08T09:58:40.000Z,1
2019-10-08T10:13:48.000Z,2
2019-10-08T11:07:28.000Z,1
2019-10-08T11:49:47.000Z,1
2019-10-08T11:56:15.000Z,1
2019-10-08T12:05:50.000Z,1
2019-10-08T12:07:51.000Z,1
2019-10-08T12:50:18.000Z,1
2019-10-08T12:52:21.000Z,1
2019-10-08T13:02:42.000Z,1
2019-10-08T13:06:51.000Z,1
2019-10-08T13:37:01.000Z,1
2019-10-08T13:41:12.000Z,1
2019-10-08T13:46:56.000Z,1
2019-10-08T13:56:37.000Z,1
2019-10-08T15:16:17.000Z,1
2019-10-08T15:56:43.000Z,1
2019-10-08T16:09:52.000Z,2
2019-10-08T16:10:17.000Z,1
2019-10-08T16:22:12.000Z,1
2019-10-08T16:23:52.000Z,1
2019-10-08T16:29:10.000Z,1
2019-10-08T16:39:47.000Z,1
2019-10-08T16:41:15.000Z,1
2019-10-08T16:42:19.000Z,1
2019-10-08T16:42:17.000Z,1
2019-10-08T17:09:30.000Z,1
2019-10-08T17:12:54.000Z,3
2019-10-08T17:12:55.000Z,1
2019-10-08T17:26:54.000Z,1
2019-10-08T17:31:29.000Z,1
2019-10-08T17:42:59.000Z,1
2019-10-08T17:57:47.000Z,1
2019-10-08T18:16:03.000Z,1
2019-10-08T18:35:19.000Z,1
2019-10-08T18:39:32.000Z,2
2019-10-08T18:42:56.000Z,1
2019-10-08T18:56:28.000Z,1
2019-10-08T19:10:25.000Z,1
2019-10-08T19:20:14.000Z,1
2019-10-08T19:26:37.000Z,1
2019-10-08T19:27:54.000Z,1
2019-10-08T19:41:07.000Z,1
2019-10-08T20:02:43.000Z,1
2019-10-08T20:26:17.000Z,1
2019-10-08T20:54:02.000Z,1
2019-10-08T21:15:02.000Z,1
2019-10-08T22:07:35.000Z,1
2019-10-08T22:18:41.000Z,1
2019-10-08T23:21:42.000Z,1
2019-10-08T23:57:10.000Z,1
2019-10-09T00:11:48.000Z,1
2019-10-09T01:29:45.000Z,1
2019-10-09T06:15:44.000Z,1
2019-10-09T06:22:23.000Z,1
2019-10-09T06:31:42.000Z,1
2019-10-09T06:32:12.000Z,1
2019-10-09T06:39:14.000Z,1
2019-10-09T06:46:57.000Z,1
2019-10-09T06:57:54.000Z,1
2019-10-09T07:09:12.000Z,1
2019-10-09T07:11:41.000Z,1
2019-10-09T07:21:58.000Z,1
2019-10-09T07:32:42.000Z,1
2019-10-09T07:35:45.000Z,1
2019-10-09T07:44:11.000Z,1
2019-10-09T07:56:03.000Z,3
2019-10-09T08:06:51.000Z,1
2019-10-09T08:32:33.000Z,1
2019-10-09T08:38:32.000Z,1
2019-10-09T08:40:39.000Z,2
2019-10-09T10:24:30.000Z,1
2019-10-09T10:31:46.000Z,1
2019-10-05T10:54:01.000Z,1
2019-10-05T10:59:31.000Z,1
2019-10-05T11:19:23.000Z,1
2019-10-05T11:51:15.000Z,2
2019-10-05T11:56:20.000Z,2
2019-10-05T12:10:14.000Z,2
2019-10-05T12:14:51.000Z,1
2019-10-05T12:40:23.000Z,2
2019-10-05T12:42:22.000Z,2
2019-10-05T12:50:56.000Z,1
2019-10-05T12:57:40.000Z,1
2019-10-05T13:06:50.000Z,1
2019-10-05T13:21:58.000Z,1
2019-10-05T13:23:24.000Z,1
2019-10-05T13:24:01.000Z,1
2019-10-05T13:49:11.000Z,1
2019-10-05T14:35:42.000Z,2
2019-10-05T15:43:28.000Z,1
2019-10-05T15:50:40.000Z,1
2019-10-05T16:44:57.000Z,1
2019-10-05T17:56:43.000Z,1
2019-10-06T09:29:39.000Z,1
2019-10-06T12:34:42.000Z,1
2019-10-05T12:12:53.000Z,1
2019-10-05T12:58:28.000Z,1
2019-10-05T13:55:34.000Z,1
2019-10-05T14:05:34.000Z,1
2019-10-05T14:33:13.000Z,1
2019-10-05T14:46:01.000Z,2
2019-10-05T14:47:33.000Z,1
2019-10-05T15:23:46.000Z,1
2019-10-05T15:34:42.000Z,1
2019-10-05T15:59:11.000Z,2
2019-10-05T16:12:06.000Z,1
2019-10-05T16:38:31.000Z,1
2019-10-05T19:10:01.000Z,1
2019-10-05T21:19:45.000Z,2
2019-10-05T22:16:52.000Z,1
2019-10-05T23:22:41.000Z,1
2019-10-06T00:06:32.000Z,1
2019-10-06T01:22:34.000Z,1
2019-10-06T06:14:59.000Z,1
2019-10-06T06:53:42.000Z,1
2019-10-06T08:18:41.000Z,1
2019-10-06T08:43:06.000Z,1
2019-10-06T08:48:10.000Z,1
2019-10-06T09:12:14.000Z,1
2019-10-06T09:22:40.000Z,1
2019-10-06T09:43:58.000Z,1
2019-10-06T09:46:22.000Z,1
2019-10-06T10:13:27.000Z,1
2019-10-06T10:51:06.000Z,1
2019-10-06T10:56:57.000Z,1
2019-10-06T11:07:16.000Z,1
2019-10-06T11:37:46.000Z,1
2019-10-06T11:38:51.000Z,1
2019-10-06T11:55:21.000Z,1
2019-10-06T12:00:41.000Z,1
2019-10-06T12:01:50.000Z,1
2019-10-06T12:05:18.000Z,1
2019-10-06T12:17:36.000Z,1
2019-10-06T12:30:05.000Z,1
2019-10-06T12:44:50.000Z,1
2019-10-06T12:53:32.000Z,1
2019-10-06T12:58:48.000Z,1
2019-10-06T13:05:20.000Z,1
2019-10-06T13:16:12.000Z,1
2019-10-06T13:18:51.000Z,1
2019-10-06T13:24:51.000Z,1
2019-10-06T13:34:30.000Z,1
2019-10-06T14:02:57.000Z,1
2019-10-06T14:23:34.000Z,1
2019-10-06T14:29:26.000Z,1
2019-10-06T14:32:28.000Z,1
2019-10-06T14:32:53.000Z,3
2019-10-06T14:35:58.000Z,1
2019-10-06T14:36:26.000Z,1
2019-10-06T15:15:32.000Z,1
2019-10-06T15:15:38.000Z,1
2019-10-06T15:23:36.000Z,1
2019-10-06T15:23:57.000Z,2
2019-10-06T15:24:00.000Z,1
2019-10-06T15:42:09.000Z,1
2019-10-06T15:45:33.000Z,1
2019-10-06T15:58:58.000Z,1
2019-10-06T16:02:37.000Z,1
2019-10-06T16:02:47.000Z,2
2019-10-06T16:11:58.000Z,1
2019-10-06T16:13:17.000Z,1
2019-10-06T17:29:09.000Z,1
2019-10-06T17:38:42.000Z,1
2019-10-06T17:44:55.000Z,1
2019-10-06T18:00:50.000Z,1
2019-10-06T18:04:08.000Z,1
2019-10-06T18:42:59.000Z,1
2019-10-06T19:02:49.000Z,1
2019-10-06T20:00:56.000Z,1
2019-10-06T20:29:54.000Z,1
2019-10-06T21:46:40.000Z,1
2019-10-06T21:57:48.000Z,1
2019-10-07T05:49:36.000Z,1
2019-10-07T06:19:59.000Z,1
2019-10-07T06:32:15.000Z,1
2019-10-07T07:19:53.000Z,1
2019-10-07T07:27:07.000Z,1
2019-10-07T07:30:34.000Z,1
2019-10-07T07:33:29.000Z,1
2019-10-07T07:49:19.000Z,1
2019-10-07T08:04:41.000Z,1
2019-10-07T08:14:21.000Z,2
2019-10-07T08:21:49.000Z,1
2019-10-07T08:24:37.000Z,1
2019-10-07T09:03:09.000Z,1
2019-10-07T09:11:42.000Z,1
2019-10-07T09:27:11.000Z,2
2019-10-07T09:39:22.000Z,1
2019-10-07T10:18:35.000Z,1
2019-10-07T10:20:07.000Z,1
2019-10-07T10:47:54.000Z,1
2019-10-07T11:08:18.000Z,1
2019-10-07T11:45:01.000Z,2
2019-10-07T11:45:31.000Z,1
2019-10-07T11:47:07.000Z,1
2019-10-07T12:22:45.000Z,1
2019-10-07T12:34:09.000Z,1
2019-10-07T12:59:16.000Z,1
2019-10-07T13:33:36.000Z,1
2019-10-07T14:16:55.000Z,2
2019-10-07T14:55:27.000Z,1
2019-10-07T15:22:26.000Z,1
2019-10-07T15:43:27.000Z,1
2019-10-07T15:53:01.000Z,1
2019-10-07T16:01:20.000Z,1
2019-10-07T16:10:44.000Z,1
2019-10-07T16:12:17.000Z,2
2019-10-07T16:18:14.000Z,1
2019-10-07T16:33:14.000Z,1
2019-10-07T16:43:00.000Z,1
2019-10-07T16:51:07.000Z,1
2019-10-07T16:51:19.000Z,1
2019-10-07T16:58:03.000Z,1
2019-10-07T17:05:56.000Z,1
2019-10-07T17:24:10.000Z,1
2019-10-07T17:25:38.000Z,3
2019-10-07T17:28:57.000Z,1
2019-10-07T17:33:17.000Z,1
2019-10-07T17:36:24.000Z,1
2019-10-07T17:50:57.000Z,1
2019-10-07T17:55:22.000Z,1
2019-10-07T18:04:20.000Z,1
2019-10-07T18:13:03.000Z,1
2019-10-07T18:57:28.000Z,1
2019-10-07T19:03:42.000Z,1
2019-10-07T19:06:23.000Z,1
2019-10-07T19:14:38.000Z,1
2019-10-07T19:15:42.000Z,1
2019-10-07T19:32:43.000Z,1
2019-10-07T20:18:30.000Z,1
2019-10-07T20:34:46.000Z,1
2019-10-07T22:34:35.000Z,1
2019-10-07T22:41:54.000Z,1
2019-10-07T23:18:41.000Z,1
2019-10-07T23:40:30.000Z,1
2019-10-08T01:37:57.000Z,1
2019-10-08T02:32:48.000Z,1
2019-10-08T04:55:41.000Z,1
2019-10-08T06:38:12.000Z,1
2019-10-08T06:43:59.000Z,1
2019-10-08T07:10:00.000Z,2
2019-10-08T07:42:00.000Z,1
2019-10-08T07:46:58.000Z,1
2019-10-08T08:03:35.000Z,1
2019-10-08T08:04:13.000Z,1
2019-10-08T08:11:57.000Z,3
2019-10-08T08:35:52.000Z,1
2019-10-08T08:50:28.000Z,1
2019-10-08T09:00:00.000Z,1
2019-10-08T09:02:59.000Z,2
2019-10-08T09:13:23.000Z,1
2019-10-08T09:54:42.000Z,1
2019-10-08T09:56:18.000Z,1
2019-10-08T10:50:11.000Z,1
2019-10-08T11:03:56.000Z,1
2019-10-08T12:18:36.000Z,1
2019-10-08T12:29:17.000Z,1
2019-10-08T12:31:27.000Z,2
2019-10-08T12:37:00.000Z,1
2019-10-08T12:43:25.000Z,1
2019-10-08T12:44:37.000Z,2
2019-10-08T12:46:44.000Z,1
2019-10-08T12:48:12.000Z,1
2019-10-08T13:12:07.000Z,1
2019-10-08T13:31:04.000Z,2
2019-10-08T13:43:43.000Z,1
2019-10-08T14:23:52.000Z,1
2019-10-08T15:06:43.000Z,1
2019-10-08T15:38:25.000Z,1
2019-10-08T15:43:04.000Z,1
2019-10-08T16:02:17.000Z,1
2019-10-08T16:18:12.000Z,1
2019-10-08T16:35:37.000Z,1
2019-10-08T16:46:23.000Z,1
2019-10-08T16:48:47.000Z,3
2019-10-08T16:49:01.000Z,1
2019-10-08T16:56:03.000Z,2
2019-10-08T17:05:16.000Z,1
2019-10-08T17:09:09.000Z,2
2019-10-08T17:11:38.000Z,1
2019-10-08T17:12:00.000Z,1
2019-10-08T17:14:20.000Z,1
2019-10-08T17:14:24.000Z,2
2019-10-08T17:16:12.000Z,1
2019-10-08T17:20:42.000Z,1
2019-10-08T17:20:54.000Z,1
2019-10-08T17:32:06.000Z,1
2019-10-08T17:33:42.000Z,1
2019-10-08T17:35:30.000Z,2
2019-10-08T17:47:41.000Z,1
2019-10-08T17:48:14.000Z,1
2019-10-08T17:49:32.000Z,1
2019-10-08T17:50:48.000Z,1
2019-10-08T18:10:56.000Z,1
2019-10-08T18:16:05.000Z,2
2019-10-08T18:17:01.000Z,1
2019-10-08T18:21:51.000Z,1
2019-10-08T18:31:46.000Z,1
2019-10-08T18:34:37.000Z,1
2019-10-08T18:36:58.000Z,1
2019-10-08T18:41:37.000Z,1
2019-10-08T18:43:07.000Z,1
2019-10-08T18:58:57.000Z,1
2019-10-08T19:04:53.000Z,1
2019-10-08T19:24:59.000Z,2
2019-10-08T19:44:26.000Z,1
2019-10-08T19:44:59.000Z,1
2019-10-08T19:49:20.000Z,1
2019-10-08T19:58:13.000Z,1
2019-10-08T20:38:50.000Z,1
2019-10-08T21:18:55.000Z,1
2019-10-08T21:22:43.000Z,1
2019-10-08T23:21:19.000Z,1
2019-10-08T23:50:30.000Z,1
2019-10-09T00:19:01.000Z,1
2019-10-09T06:10:20.000Z,1
2019-10-09T06:12:58.000Z,1
2019-10-09T07:00:25.000Z,1
2019-10-09T07:21:13.000Z,2
2019-10-09T07:29:18.000Z,1
2019-10-09T07:34:49.000Z,1
2019-10-09T07:36:35.000Z,2
2019-10-09T07:37:41.000Z,2
2019-10-09T07:38:52.000Z,1
2019-10-09T07:39:32.000Z,1
2019-10-09T08:17:06.000Z,1
2019-10-09T08:31:18.000Z,1
2019-10-09T08:44:57.000Z,1
2019-10-09T08:47:28.000Z,1
2019-10-09T09:17:58.000Z,1
2019-10-09T09:21:24.000Z,2
2019-10-09T09:54:59.000Z,1
2019-10-05T10:54:29.000Z,1
2019-10-05T11:14:04.000Z,1
2019-10-05T11:19:40.000Z,1
2019-10-05T11:24:29.000Z,1
2019-10-05T11:26:21.000Z,1
2019-10-05T11:30:26.000Z,1
2019-10-05T11:33:08.000Z,1
2019-10-05T11:34:37.000Z,1
2019-10-05T13:07:55.000Z,2
2019-10-05T13:09:03.000Z,1
2019-10-05T13:32:52.000Z,1
2019-10-05T13:56:37.000Z,1
2019-10-05T14:20:58.000Z,1
2019-10-05T14:37:06.000Z,1
2019-10-05T14:44:15.000Z,2
2019-10-05T14:49:44.000Z,1
2019-10-05T15:03:46.000Z,1
2019-10-05T15:22:03.000Z,1
2019-10-05T15:29:48.000Z,1
2019-10-05T22:14:16.000Z,1
2019-10-06T08:44:33.000Z,1
2019-10-06T09:08:46.000Z,1
2019-10-06T10:09:54.000Z,2
2019-10-06T10:18:53.000Z,1
2019-10-06T15:26:00.000Z,1
2019-10-05T14:13:32.000Z,1
2019-10-05T14:50:37.000Z,1
2019-10-05T15:14:04.000Z,1
2019-10-05T16:20:39.000Z,1
2019-10-05T16:37:19.000Z,1
2019-10-05T17:06:04.000Z,1
2019-10-05T17:15:23.000Z,1
2019-10-05T18:50:32.000Z,1
2019-10-05T19:07:58.000Z,1
2019-10-05T19:36:10.000Z,1
2019-10-05T20:29:19.000Z,1
2019-10-06T01:27:32.000Z,1
2019-10-06T03:20:52.000Z,1
2019-10-06T07:50:43.000Z,1
2019-10-06T08:28:08.000Z,1
2019-10-06T10:35:10.000Z,1
2019-10-06T10:54:09.000Z,1
2019-10-06T11:07:33.000Z,2
2019-10-06T11:13:30.000Z,1
2019-10-06T11:22:49.000Z,4
2019-10-06T11:25:50.000Z,2
2019-10-06T11:28:22.000Z,1
2019-10-06T11:32:23.000Z,1
2019-10-06T11:33:36.000Z,1
2019-10-06T12:00:26.000Z,1
2019-10-06T12:12:03.000Z,1
2019-10-06T12:13:09.000Z,3
2019-10-06T12:19:19.000Z,1
2019-10-06T12:31:10.000Z,1
2019-10-06T12:56:18.000Z,2
2019-10-06T13:01:01.000Z,2
2019-10-06T13:08:58.000Z,1
2019-10-06T13:11:30.000Z,2
2019-10-06T13:13:56.000Z,1
2019-10-06T13:35:50.000Z,1
2019-10-06T13:41:31.000Z,1
2019-10-06T13:42:55.000Z,1
2019-10-06T13:46:57.000Z,1
2019-10-06T13:54:57.000Z,1
2019-10-06T14:10:17.000Z,1
2019-10-06T14:18:38.000Z,1
2019-10-06T14:22:58.000Z,1
2019-10-06T14:31:57.000Z,2
2019-10-06T14:32:51.000Z,1
2019-10-06T14:33:36.000Z,1
2019-10-06T14:46:42.000Z,1
2019-10-06T14:50:38.000Z,1
2019-10-06T15:01:34.000Z,1
2019-10-06T15:18:25.000Z,1
2019-10-06T15:28:25.000Z,1
2019-10-06T15:30:38.000Z,1
2019-10-06T15:33:05.000Z,1
2019-10-06T15:51:08.000Z,1
2019-10-06T15:56:02.000Z,1
2019-10-06T16:00:21.000Z,1
2019-10-06T16:28:18.000Z,1
2019-10-06T16:29:53.000Z,1
2019-10-06T16:29:54.000Z,1
2019-10-06T16:34:32.000Z,1
2019-10-06T16:42:11.000Z,1
2019-10-06T17:01:57.000Z,1
2019-10-06T17:07:46.000Z,1
2019-10-06T17:12:03.000Z,1
2019-10-06T17:16:14.000Z,1
2019-10-06T17:26:48.000Z,1
2019-10-06T18:13:25.000Z,1
2019-10-06T19:05:04.000Z,1
2019-10-06T19:36:27.000Z,1
2019-10-06T20:31:15.000Z,1
2019-10-06T21:50:20.000Z,1
2019-10-06T22:29:15.000Z,1
2019-10-06T22:49:10.000Z,1
2019-10-06T23:09:39.000Z,2
2019-10-07T06:26:20.000Z,1
2019-10-07T07:16:38.000Z,1
2019-10-07T07:20:07.000Z,1
2019-10-07T07:33:15.000Z,1
2019-10-07T07:41:34.000Z,1
2019-10-07T08:05:42.000Z,1
2019-10-07T08:09:00.000Z,1
2019-10-07T08:30:29.000Z,1
2019-10-07T08:32:08.000Z,2
2019-10-07T08:42:35.000Z,1
2019-10-07T09:24:25.000Z,1
2019-10-07T11:06:34.000Z,1
2019-10-07T11:14:09.000Z,2
2019-10-07T11:36:15.000Z,1
2019-10-07T11:47:20.000Z,1
2019-10-07T11:50:13.000Z,1
2019-10-07T12:12:14.000Z,1
2019-10-07T13:09:00.000Z,1
2019-10-07T13:41:15.000Z,1
2019-10-07T13:51:32.000Z,1
2019-10-07T13:54:16.000Z,2
2019-10-07T14:07:49.000Z,1
2019-10-07T14:13:13.000Z,2
2019-10-07T14:25:40.000Z,1
2019-10-07T14:55:10.000Z,1
2019-10-07T15:11:01.000Z,1
2019-10-07T15:14:25.000Z,1
2019-10-07T15:21:01.000Z,1
2019-10-07T15:40:33.000Z,1
2019-10-07T16:05:04.000Z,1
2019-10-07T16:10:20.000Z,1
2019-10-07T16:24:35.000Z,2
2019-10-07T16:32:30.000Z,1
2019-10-07T16:34:05.000Z,1
2019-10-07T16:45:48.000Z,1
2019-10-07T16:55:03.000Z,1
2019-10-07T17:07:54.000Z,1
2019-10-07T17:18:56.000Z,2
2019-10-07T17:19:19.000Z,2
2019-10-07T17:21:20.000Z,1
2019-10-07T17:28:42.000Z,1
2019-10-07T17:30:14.000Z,1
2019-10-07T17:31:38.000Z,2
2019-10-07T17:46:42.000Z,1
2019-10-07T17:50:04.000Z,1
2019-10-07T17:54:15.000Z,1
2019-10-07T17:57:37.000Z,2
2019-10-07T17:58:40.000Z,1
2019-10-07T18:23:39.000Z,1
2019-10-07T19:02:27.000Z,2
2019-10-07T19:08:40.000Z,1
2019-10-07T19:14:44.000Z,1
2019-10-07T19:28:10.000Z,1
2019-10-07T19:42:02.000Z,1
2019-10-07T19:46:41.000Z,1
2019-10-07T19:47:30.000Z,1
2019-10-07T19:53:10.000Z,1
2019-10-07T20:01:48.000Z,1
2019-10-08T05:17:05.000Z,1
2019-10-08T05:32:12.000Z,1
2019-10-08T06:27:55.000Z,1
2019-10-08T07:14:12.000Z,2
2019-10-08T07:17:52.000Z,1
2019-10-08T07:24:28.000Z,1
2019-10-08T07:47:02.000Z,1
2019-10-08T07:52:54.000Z,1
2019-10-08T08:02:51.000Z,1
2019-10-08T08:04:05.000Z,2
2019-10-08T08:06:42.000Z,1
2019-10-08T08:09:25.000Z,1
2019-10-08T08:21:22.000Z,3
2019-10-08T08:25:11.000Z,1
2019-10-08T08:29:05.000Z,1
2019-10-08T08:37:10.000Z,1
2019-10-08T08:48:15.000Z,2
2019-10-08T08:51:06.000Z,1
2019-10-08T08:57:54.000Z,1
2019-10-08T09:02:02.000Z,1
2019-10-08T09:18:17.000Z,1
2019-10-08T09:28:28.000Z,1
2019-10-08T09:29:21.000Z,1
2019-10-08T09:49:25.000Z,1
2019-10-08T10:13:57.000Z,1
2019-10-08T10:49:01.000Z,1
2019-10-08T11:32:13.000Z,1
2019-10-08T11:33:10.000Z,1
2019-10-08T11:40:03.000Z,1
2019-10-08T11:42:23.000Z,1
2019-10-08T12:02:55.000Z,1
2019-10-08T12:21:49.000Z,1
2019-10-08T12:49:26.000Z,1
2019-10-08T13:52:04.000Z,1
2019-10-08T14:02:01.000Z,1
2019-10-08T14:06:44.000Z,1
2019-10-08T14:19:55.000Z,1
2019-10-08T14:25:28.000Z,1
2019-10-08T14:43:13.000Z,1
2019-10-08T15:09:44.000Z,1
2019-10-08T15:31:42.000Z,2
2019-10-08T15:45:55.000Z,1
2019-10-08T15:52:56.000Z,1
2019-10-08T16:11:13.000Z,1
2019-10-08T16:14:05.000Z,1
2019-10-08T16:15:33.000Z,1
2019-10-08T16:27:00.000Z,2
2019-10-08T16:51:20.000Z,2
2019-10-08T16:53:27.000Z,1
2019-10-08T16:55:58.000Z,1
2019-10-08T17:12:26.000Z,1
2019-10-08T17:15:35.000Z,2
2019-10-08T17:30:43.000Z,1
2019-10-08T17:31:56.000Z,1
2019-10-08T17:34:02.000Z,2
2019-10-08T17:34:45.000Z,3
2019-10-08T17:43:24.000Z,3
2019-10-08T17:50:14.000Z,1
2019-10-08T17:52:05.000Z,1
2019-10-08T17:59:34.000Z,1
2019-10-08T18:00:21.000Z,2
2019-10-08T18:03:36.000Z,2
2019-10-08T18:04:31.000Z,1
2019-10-08T18:05:13.000Z,1
2019-10-08T18:06:00.000Z,1
2019-10-08T18:42:05.000Z,1
2019-10-08T18:52:16.000Z,1
2019-10-08T19:16:28.000Z,1
2019-10-08T19:16:27.000Z,1
2019-10-08T19:23:24.000Z,1
2019-10-08T20:05:56.000Z,1
2019-10-08T20:24:34.000Z,1
2019-10-08T20:32:06.000Z,1
2019-10-08T20:32:32.000Z,1
2019-10-08T20:37:38.000Z,1
2019-10-08T20:45:07.000Z,1
2019-10-08T21:04:39.000Z,1
2019-10-08T21:11:25.000Z,1
2019-10-08T21:22:54.000Z,1
2019-10-08T21:25:04.000Z,1
2019-10-09T05:05:00.000Z,1
2019-10-09T05:34:21.000Z,1
2019-10-09T06:03:01.000Z,1
2019-10-09T06:24:58.000Z,1
2019-10-09T06:44:06.000Z,1
2019-10-09T07:06:10.000Z,1
2019-10-09T07:14:33.000Z,3
2019-10-09T07:18:21.000Z,1
2019-10-09T07:18:50.000Z,1
2019-10-09T07:21:04.000Z,1
2019-10-09T07:31:25.000Z,2
2019-10-09T07:35:34.000Z,1
2019-10-09T07:43:00.000Z,1
2019-10-09T07:45:25.000Z,1
2019-10-09T07:47:18.000Z,1
2019-10-09T07:57:41.000Z,2
2019-10-09T08:00:30.000Z,1
2019-10-09T08:04:05.000Z,2
2019-10-09T08:29:50.000Z,1
2019-10-09T08:46:16.000Z,2
2019-10-09T08:46:30.000Z,1
2019-10-09T08:55:25.000Z,1
2019-10-09T08:58:36.000Z,1
2019-10-09T09:59:09.000Z,1
2019-10-09T10:00:51.000Z,1
2019-10-09T10:23:26.000Z,1
2019-10-09T10:35:59.000Z,1
2019-10-05T11:06:48.000Z,1
2019-10-05T11:16:25.000Z,1
2019-10-05T11:18:01.000Z,1
2019-10-05T11:18:56.000Z,1
2019-10-05T11:25:03.000Z,1
2019-10-05T11:28:38.000Z,1
2019-10-05T11:31:35.000Z,1
2019-10-05T11:40:22.000Z,1
2019-10-05T12:00:38.000Z,1
2019-10-05T12:03:43.000Z,1
2019-10-05T12:23:05.000Z,1
2019-10-05T12:28:22.000Z,2
2019-10-05T12:46:53.000Z,1
2019-10-05T13:12:05.000Z,1
2019-10-05T13:17:53.000Z,2
2019-10-05T13:18:46.000Z,1
2019-10-05T13:28:06.000Z,2
2019-10-05T13:57:23.000Z,1
2019-10-05T14:25:46.000Z,1
2019-10-05T14:36:16.000Z,1
2019-10-05T15:18:16.000Z,1
2019-10-05T15:47:10.000Z,1
2019-10-05T15:54:21.000Z,1
2019-10-05T23:21:54.000Z,1
2019-10-06T00:13:38.000Z,1
2019-10-06T09:02:22.000Z,1
2019-10-05T13:11:28.000Z,2
2019-10-05T14:34:49.000Z,1
2019-10-05T14:42:43.000Z,1
2019-10-05T14:46:12.000Z,1
2019-10-05T15:28:35.000Z,1
2019-10-05T15:33:41.000Z,1
2019-10-05T15:42:19.000Z,1
2019-10-05T15:49:22.000Z,1
2019-10-05T15:53:29.000Z,1
2019-10-05T16:01:01.000Z,1
2019-10-05T16:22:24.000Z,1
2019-10-05T16:39:38.000Z,1
2019-10-05T16:43:19.000Z,1
2019-10-05T17:07:01.000Z,1
2019-10-05T19:20:16.000Z,1
2019-10-05T20:01:42.000Z,1
2019-10-05T22:46:15.000Z,1
2019-10-06T00:29:46.000Z,1
2019-10-06T01:19:59.000Z,1
2019-10-06T06:15:46.000Z,1
2019-10-06T08:00:14.000Z,1
2019-10-06T08:06:46.000Z,1
2019-10-06T08:20:52.000Z,1
2019-10-06T09:22:20.000Z,1
2019-10-06T09:27:42.000Z,1
2019-10-06T09:38:30.000Z,1
2019-10-06T10:11:59.000Z,1
2019-10-06T11:23:11.000Z,1
2019-10-06T11:44:18.000Z,1
2019-10-06T11:47:05.000Z,1
2019-10-06T11:56:34.000Z,1
2019-10-06T12:01:55.000Z,1
2019-10-06T12:07:29.000Z,2
2019-10-06T12:10:00.000Z,1
2019-10-06T12:43:49.000Z,1
2019-10-06T12:45:53.000Z,1
2019-10-06T12:46:06.000Z,2
2019-10-06T12:58:40.000Z,1
2019-10-06T13:25:00.000Z,1
2019-10-06T13:40:25.000Z,1
2019-10-06T13:43:25.000Z,1
2019-10-06T14:21:47.000Z,1
2019-10-06T14:40:42.000Z,1
2019-10-06T15:05:09.000Z,1
2019-10-06T15:14:53.000Z,1
2019-10-06T15:15:09.000Z,2
2019-10-06T15:21:43.000Z,1
2019-10-06T15:38:25.000Z,2
2019-10-06T15:48:40.000Z,1
2019-10-06T15:51:07.000Z,1
2019-10-06T15:53:03.000Z,1
2019-10-06T16:09:44.000Z,1
2019-10-06T16:27:23.000Z,2
2019-10-06T16:59:59.000Z,1
2019-10-06T17:03:30.000Z,1
2019-10-06T17:07:04.000Z,1
2019-10-06T17:09:22.000Z,1
2019-10-06T17:14:08.000Z,1
2019-10-06T17:28:46.000Z,1
2019-10-06T17:31:10.000Z,1
2019-10-06T18:06:44.000Z,1
2019-10-06T18:17:17.000Z,2
2019-10-06T18:21:56.000Z,1
2019-10-06T19:01:57.000Z,1
2019-10-06T19:10:36.000Z,1
2019-10-06T19:22:26.000Z,1
2019-10-06T20:22:53.000Z,1
2019-10-06T20:24:44.000Z,1
2019-10-06T22:31:31.000Z,1
2019-10-07T02:44:54.000Z,1
2019-10-07T05:27:17.000Z,1
2019-10-07T05:39:20.000Z,1
2019-10-07T05:58:49.000Z,1
2019-10-07T06:02:34.000Z,1
2019-10-07T07:02:11.000Z,1
2019-10-07T07:08:35.000Z,1
2019-10-07T07:13:21.000Z,1
2019-10-07T07:13:55.000Z,1
2019-10-07T07:37:11.000Z,2
2019-10-07T07:41:21.000Z,1
2019-10-07T07:52:22.000Z,1
2019-10-07T07:56:08.000Z,1
2019-10-07T07:56:30.000Z,2
2019-10-07T07:59:12.000Z,1
2019-10-07T08:00:21.000Z,1
2019-10-07T08:22:53.000Z,1
2019-10-07T08:32:48.000Z,1
2019-10-07T08:40:20.000Z,1
2019-10-07T09:10:19.000Z,1
2019-10-07T09:26:24.000Z,1
2019-10-07T09:36:07.000Z,1
2019-10-07T09:50:14.000Z,1
2019-10-07T10:02:53.000Z,1
2019-10-07T10:30:46.000Z,1
2019-10-07T10:33:04.000Z,1
2019-10-07T10:36:24.000Z,1
2019-10-07T11:32:29.000Z,1
2019-10-07T11:47:55.000Z,1
2019-10-07T12:09:59.000Z,1
2019-10-07T12:55:39.000Z,1
2019-10-07T13:02:44.000Z,1
2019-10-07T13:06:36.000Z,1
2019-10-07T13:10:53.000Z,1
2019-10-07T13:20:08.000Z,1
2019-10-07T13:22:58.000Z,1
2019-10-07T13:27:32.000Z,2
2019-10-07T13:36:31.000Z,1
2019-10-07T13:38:51.000Z,1
2019-10-07T13:55:58.000Z,1
2019-10-07T14:24:37.000Z,1
2019-10-07T14:31:01.000Z,1
2019-10-07T14:34:01.000Z,1
2019-10-07T14:51:33.000Z,1
2019-10-07T15:16:32.000Z,1
2019-10-07T15:24:29.000Z,1
2019-10-07T15:30:31.000Z,1
2019-10-07T15:39:39.000Z,1
2019-10-07T16:02:29.000Z,1
2019-10-07T16:31:00.000Z,1
2019-10-07T16:37:12.000Z,1
2019-10-07T16:37:49.000Z,1
2019-10-07T16:46:31.000Z,3
2019-10-07T16:56:20.000Z,1
2019-10-07T17:09:05.000Z,1
2019-10-07T17:28:53.000Z,1
2019-10-07T17:43:00.000Z,2
2019-10-07T17:44:30.000Z,2
2019-10-07T17:44:42.000Z,1
2019-10-07T17:49:26.000Z,1
2019-10-07T18:16:13.000Z,1
2019-10-07T18:16:23.000Z,2
2019-10-07T18:18:12.000Z,1
2019-10-07T18:28:39.000Z,1
2019-10-07T18:36:13.000Z,1
2019-10-07T18:57:07.000Z,1
2019-10-07T19:01:41.000Z,1
2019-10-07T19:25:43.000Z,1
2019-10-07T19:30:43.000Z,2
2019-10-07T19:40:09.000Z,1
2019-10-07T19:41:24.000Z,1
2019-10-07T19:48:59.000Z,3
2019-10-07T19:51:27.000Z,1
2019-10-07T20:06:57.000Z,1
2019-10-07T20:39:36.000Z,1
2019-10-07T20:44:08.000Z,1
2019-10-07T21:00:27.000Z,1
2019-10-07T21:11:09.000Z,1
2019-10-07T22:26:52.000Z,1
2019-10-07T23:04:02.000Z,1
2019-10-08T05:33:45.000Z,1
2019-10-08T05:39:33.000Z,1
2019-10-08T06:00:45.000Z,1
2019-10-08T06:54:01.000Z,1
2019-10-08T07:20:20.000Z,1
2019-10-08T07:34:55.000Z,2
2019-10-08T07:36:38.000Z,1
2019-10-08T07:41:49.000Z,1
2019-10-08T07:49:19.000Z,2
2019-10-08T08:05:32.000Z,1
2019-10-08T08:08:29.000Z,2
2019-10-08T08:11:59.000Z,1
2019-10-08T08:22:48.000Z,1
2019-10-08T08:45:49.000Z,1
2019-10-08T08:54:36.000Z,2
2019-10-08T09:02:14.000Z,1
2019-10-08T09:13:22.000Z,1
2019-10-08T09:28:58.000Z,2
2019-10-08T09:41:42.000Z,1
2019-10-08T10:41:14.000Z,1
2019-10-08T10:45:24.000Z,2
2019-10-08T11:04:51.000Z,1
2019-10-08T11:23:22.000Z,2
2019-10-08T11:37:46.000Z,1
2019-10-08T12:28:22.000Z,2
2019-10-08T12:32:35.000Z,1
2019-10-08T12:50:55.000Z,1
2019-10-08T12:55:28.000Z,1
2019-10-08T13:16:54.000Z,2
2019-10-08T13:20:11.000Z,1
2019-10-08T13:39:32.000Z,1
2019-10-08T13:57:58.000Z,1
2019-10-08T14:17:04.000Z,1
2019-10-08T14:29:35.000Z,1
2019-10-08T15:13:15.000Z,2
2019-10-08T15:25:48.000Z,1
2019-10-08T15:40:42.000Z,1
2019-10-08T15:48:15.000Z,2
2019-10-08T15:51:14.000Z,2
2019-10-08T15:55:31.000Z,1
2019-10-08T15:58:07.000Z,1
2019-10-08T16:48:10.000Z,1
2019-10-08T16:53:15.000Z,1
2019-10-08T16:54:53.000Z,1
2019-10-08T16:59:39.000Z,1
2019-10-08T17:03:02.000Z,2
2019-10-08T17:07:26.000Z,4
2019-10-08T17:08:08.000Z,1
2019-10-08T17:10:05.000Z,2
2019-10-08T17:11:25.000Z,1
2019-10-08T17:28:12.000Z,1
2019-10-08T17:30:56.000Z,1
2019-10-08T18:00:22.000Z,2
2019-10-08T18:04:09.000Z,2
2019-10-08T18:18:18.000Z,2
2019-10-08T18:20:12.000Z,1
2019-10-08T18:29:01.000Z,1
2019-10-08T18:30:17.000Z,2
2019-10-08T18:52:07.000Z,1
2019-10-08T18:52:14.000Z,1
2019-10-08T19:05:01.000Z,1
2019-10-08T19:11:37.000Z,1
2019-10-08T19:54:58.000Z,1
2019-10-08T20:01:31.000Z,1
2019-10-08T20:07:04.000Z,1
2019-10-08T20:30:41.000Z,1
2019-10-08T21:15:40.000Z,1
2019-10-09T05:13:24.000Z,1
2019-10-09T06:32:00.000Z,1
2019-10-09T06:52:04.000Z,1
2019-10-09T06:56:23.000Z,1
2019-10-09T07:06:42.000Z,1
2019-10-09T07:23:01.000Z,1
2019-10-09T07:36:21.000Z,1
2019-10-09T07:44:30.000Z,1
2019-10-09T07:45:16.000Z,1
2019-10-09T07:56:17.000Z,1
2019-10-09T07:56:44.000Z,1
2019-10-09T08:01:29.000Z,1
2019-10-09T08:07:24.000Z,1
2019-10-09T08:09:03.000Z,1
2019-10-09T08:11:51.000Z,1
2019-10-09T08:12:26.000Z,1
2019-10-09T08:19:40.000Z,2
2019-10-09T08:20:21.000Z,1
2019-10-09T08:25:40.000Z,1
2019-10-09T08:31:08.000Z,1
2019-10-09T08:49:22.000Z,2
2019-10-09T08:52:07.000Z,1
2019-10-09T09:00:16.000Z,1
2019-10-09T09:18:13.000Z,1
2019-10-09T09:20:35.000Z,1
2019-10-09T09:33:12.000Z,1
2019-10-09T10:09:45.000Z,1
2019-10-09T10:37:45.000Z,1
2019-10-05T11:12:27.000Z,2
2019-10-05T11:32:44.000Z,1
2019-10-05T11:49:16.000Z,2
2019-10-05T11:54:30.000Z,1
2019-10-05T12:04:09.000Z,1
2019-10-05T12:06:22.000Z,1
2019-10-05T12:10:48.000Z,1
2019-10-05T12:30:57.000Z,1
2019-10-05T12:37:22.000Z,1
2019-10-05T12:44:33.000Z,1
2019-10-05T13:27:58.000Z,1
2019-10-05T14:08:01.000Z,1
2019-10-05T14:13:20.000Z,2
2019-10-05T14:36:58.000Z,1
2019-10-05T15:14:36.000Z,1
2019-10-05T15:59:04.000Z,2
2019-10-05T16:12:55.000Z,1
2019-10-05T21:43:33.000Z,1
2019-10-06T07:48:25.000Z,1
2019-10-06T08:22:23.000Z,1
2019-10-05T12:45:26.000Z,1
2019-10-05T12:48:00.000Z,1
2019-10-05T14:14:06.000Z,2
2019-10-05T14:54:32.000Z,1
2019-10-05T14:59:15.000Z,1
2019-10-05T15:55:16.000Z,1
2019-10-05T16:12:09.000Z,1
2019-10-05T16:45:08.000Z,1
2019-10-05T17:00:24.000Z,1
2019-10-05T17:05:32.000Z,1
2019-10-05T19:29:27.000Z,1
2019-10-05T19:55:20.000Z,1
2019-10-05T23:32:50.000Z,1
2019-10-05T23:54:45.000Z,1
2019-10-06T00:01:52.000Z,1
2019-10-06T05:04:37.000Z,1
2019-10-06T07:14:32.000Z,1
2019-10-06T07:33:24.000Z,1
2019-10-06T09:01:13.000Z,1
2019-10-06T09:15:46.000Z,1
2019-10-06T09:17:58.000Z,1
2019-10-06T09:20:24.000Z,1
2019-10-06T10:26:32.000Z,1
2019-10-06T10:34:01.000Z,1
2019-10-06T11:41:31.000Z,1
2019-10-06T11:41:48.000Z,1
2019-10-06T11:42:17.000Z,1
2019-10-06T11:48:43.000Z,1
2019-10-06T12:46:25.000Z,2
2019-10-06T13:25:34.000Z,1
2019-10-06T13:28:35.000Z,1
2019-10-06T13:33:59.000Z,1
2019-10-06T13:59:42.000Z,2
2019-10-06T14:07:29.000Z,1
2019-10-06T14:15:19.000Z,1
2019-10-06T14:22:52.000Z,1
2019-10-06T14:23:02.000Z,1
2019-10-06T14:40:38.000Z,1
2019-10-06T14:49:14.000Z,2
2019-10-06T14:52:05.000Z,1
2019-10-06T14:55:37.000Z,1
2019-10-06T14:59:32.000Z,1
2019-10-06T15:00:19.000Z,1
2019-10-06T15:21:48.000Z,2
2019-10-06T15:23:51.000Z,1
2019-10-06T15:28:26.000Z,1
2019-10-06T15:37:15.000Z,1
2019-10-06T15:45:41.000Z,1
2019-10-06T15:48:51.000Z,1
2019-10-06T16:00:07.000Z,1
2019-10-06T16:18:01.000Z,2
2019-10-06T16:40:23.000Z,1
2019-10-06T16:45:17.000Z,1
2019-10-06T16:55:59.000Z,2
2019-10-06T17:12:18.000Z,1
2019-10-06T17:12:16.000Z,1
2019-10-06T17:14:22.000Z,1
2019-10-06T17:44:50.000Z,2
2019-10-06T17:45:21.000Z,1
2019-10-06T17:48:05.000Z,1
2019-10-06T18:00:29.000Z,1
2019-10-06T18:09:04.000Z,1
2019-10-06T18:25:47.000Z,1
2019-10-06T18:36:02.000Z,1
2019-10-06T19:10:12.000Z,1
2019-10-06T19:34:03.000Z,1
2019-10-06T20:33:59.000Z,1
2019-10-06T21:10:18.000Z,1
2019-10-06T21:24:35.000Z,1
2019-10-06T21:59:34.000Z,1
2019-10-06T23:30:12.000Z,1
2019-10-07T06:11:31.000Z,1
2019-10-07T06:33:25.000Z,1
2019-10-07T07:00:18.000Z,1
2019-10-07T07:03:59.000Z,1
2019-10-07T07:09:46.000Z,3
2019-10-07T07:17:46.000Z,1
2019-10-07T07:32:49.000Z,2
2019-10-07T07:34:33.000Z,4
2019-10-07T07:40:40.000Z,2
2019-10-07T07:41:23.000Z,1
2019-10-07T07:42:06.000Z,1
2019-10-07T07:51:48.000Z,1
2019-10-07T08:24:55.000Z,1
2019-10-07T08:34:20.000Z,1
2019-10-07T08:34:37.000Z,1
2019-10-07T08:51:17.000Z,1
2019-10-07T08:57:45.000Z,1
2019-10-07T09:22:49.000Z,1
2019-10-07T09:38:55.000Z,1
2019-10-07T10:46:13.000Z,1
2019-10-07T11:44:16.000Z,1
2019-10-07T12:07:15.000Z,1
2019-10-07T12:10:32.000Z,1
2019-10-07T13:03:35.000Z,1
2019-10-07T13:07:27.000Z,1
2019-10-07T13:22:45.000Z,1
2019-10-07T13:59:17.000Z,1
2019-10-07T14:03:07.000Z,1
2019-10-07T14:11:27.000Z,1
2019-10-07T14:21:10.000Z,1
2019-10-07T14:32:21.000Z,1
2019-10-07T14:44:37.000Z,2
2019-10-07T14:44:38.000Z,1
2019-10-07T14:53:06.000Z,1
2019-10-07T15:06:52.000Z,1
2019-10-07T15:20:51.000Z,1
2019-10-07T15:31:12.000Z,3
2019-10-07T16:01:51.000Z,1
2019-10-07T16:03:00.000Z,1
2019-10-07T16:22:11.000Z,1
2019-10-07T16:33:31.000Z,1
2019-10-07T16:56:06.000Z,1
2019-10-07T16:56:55.000Z,1
2019-10-07T17:11:48.000Z,2
2019-10-07T17:16:07.000Z,1
2019-10-07T17:21:21.000Z,2
2019-10-07T17:26:48.000Z,2
2019-10-07T17:30:19.000Z,1
2019-10-07T17:40:50.000Z,1
2019-10-07T18:07:14.000Z,1
2019-10-07T18:10:37.000Z,3
2019-10-07T18:14:35.000Z,1
2019-10-07T18:23:43.000Z,1
2019-10-07T18:30:53.000Z,1
2019-10-07T18:41:15.000Z,1
2019-10-07T19:11:18.000Z,1
2019-10-07T19:27:05.000Z,1
2019-10-07T19:30:38.000Z,1
2019-10-07T19:50:16.000Z,2
2019-10-07T21:36:43.000Z,1
2019-10-07T22:45:10.000Z,1
2019-10-08T00:05:13.000Z,2
2019-10-08T01:04:00.000Z,1
2019-10-08T01:23:16.000Z,1
2019-10-08T01:55:52.000Z,1
2019-10-08T06:13:17.000Z,1
2019-10-08T07:06:19.000Z,2
2019-10-08T07:28:06.000Z,1
2019-10-08T07:35:07.000Z,2
2019-10-08T07:43:02.000Z,1
2019-10-08T08:15:56.000Z,1
2019-10-08T08:16:43.000Z,2
2019-10-08T08:31:45.000Z,1
2019-10-08T08:32:14.000Z,1
2019-10-08T08:36:17.000Z,2
2019-10-08T09:03:03.000Z,1
2019-10-08T09:05:04.000Z,1
2019-10-08T10:13:03.000Z,1
2019-10-08T10:43:03.000Z,2
2019-10-08T11:17:29.000Z,1
2019-10-08T12:01:21.000Z,1
2019-10-08T12:48:27.000Z,1
2019-10-08T12:57:35.000Z,1
2019-10-08T13:13:08.000Z,1
2019-10-08T14:48:43.000Z,1
2019-10-08T15:51:15.000Z,1
2019-10-08T15:54:58.000Z,1
2019-10-08T16:06:26.000Z,1
2019-10-08T16:14:36.000Z,2
2019-10-08T16:24:00.000Z,1
2019-10-08T16:26:02.000Z,1
2019-10-08T16:31:58.000Z,2
2019-10-08T16:34:04.000Z,1
2019-10-08T16:41:34.000Z,1
2019-10-08T16:44:45.000Z,1
2019-10-08T16:58:07.000Z,2
2019-10-08T17:05:09.000Z,1
2019-10-08T17:09:29.000Z,2
2019-10-08T17:10:45.000Z,1
2019-10-08T17:15:06.000Z,1
2019-10-08T17:20:55.000Z,1
2019-10-08T17:22:36.000Z,1
2019-10-08T17:39:46.000Z,1
2019-10-08T17:40:05.000Z,1
2019-10-08T17:42:38.000Z,1
2019-10-08T17:56:00.000Z,2
2019-10-08T18:00:06.000Z,1
2019-10-08T18:06:28.000Z,1
2019-10-08T18:07:11.000Z,1
2019-10-08T18:07:32.000Z,1
2019-10-08T18:07:47.000Z,1
2019-10-08T18:38:45.000Z,1
2019-10-08T18:48:59.000Z,1
2019-10-08T18:49:56.000Z,1
2019-10-08T19:02:44.000Z,1
2019-10-08T19:19:30.000Z,1
2019-10-08T20:23:12.000Z,1
2019-10-08T20:37:22.000Z,1
2019-10-08T20:46:22.000Z,1
2019-10-08T21:22:22.000Z,1
2019-10-08T23:44:01.000Z,1
2019-10-09T00:16:24.000Z,1
2019-10-09T06:29:06.000Z,1
2019-10-09T06:44:36.000Z,1
2019-10-09T06:54:56.000Z,1
2019-10-09T07:10:46.000Z,1
2019-10-09T07:16:18.000Z,1
2019-10-09T07:19:22.000Z,1
2019-10-09T07:38:44.000Z,1
2019-10-09T07:44:58.000Z,1
2019-10-09T08:04:57.000Z,2
2019-10-09T08:18:02.000Z,1
2019-10-09T08:29:09.000Z,2
2019-10-09T08:30:52.000Z,1
2019-10-09T08:31:44.000Z,1
2019-10-09T08:42:50.000Z,1
2019-10-09T08:45:08.000Z,2
2019-10-09T08:49:30.000Z,2
2019-10-09T08:51:48.000Z,1
2019-10-09T08:52:05.000Z,1
2019-10-09T09:02:43.000Z,1
2019-10-09T09:33:13.000Z,1
2019-10-05T10:59:59.000Z,1
2019-10-05T11:07:20.000Z,1
2019-10-05T11:08:39.000Z,1
2019-10-05T11:53:08.000Z,1
2019-10-05T11:54:49.000Z,1
2019-10-05T12:05:26.000Z,1
2019-10-05T12:16:25.000Z,1
2019-10-05T12:18:00.000Z,1
2019-10-05T12:19:49.000Z,1
2019-10-05T12:49:18.000Z,2
2019-10-05T13:24:11.000Z,1
2019-10-05T14:33:02.000Z,1
2019-10-05T14:35:54.000Z,1
2019-10-05T14:38:11.000Z,1
2019-10-05T15:16:43.000Z,1
2019-10-05T15:43:10.000Z,2
2019-10-05T16:28:56.000Z,1
2019-10-06T07:29:49.000Z,1
2019-10-06T10:02:58.000Z,2
2019-10-05T13:44:51.000Z,1
2019-10-05T13:50:04.000Z,1
2019-10-05T14:24:45.000Z,1
2019-10-05T14:46:57.000Z,1
2019-10-05T14:57:14.000Z,2
2019-10-05T15:01:19.000Z,1
2019-10-05T15:41:12.000Z,1
2019-10-05T16:11:22.000Z,1
2019-10-05T16:38:14.000Z,1
2019-10-05T18:44:12.000Z,1
2019-10-05T20:12:03.000Z,1
2019-10-05T20:13:21.000Z,1
2019-10-05T21:50:56.000Z,1
2019-10-06T02:29:04.000Z,1
2019-10-06T06:01:32.000Z,1
2019-10-06T09:01:02.000Z,1
2019-10-06T09:02:00.000Z,1
2019-10-06T10:17:38.000Z,1
2019-10-06T10:33:25.000Z,2
2019-10-06T10:35:03.000Z,1
2019-10-06T11:27:50.000Z,1
2019-10-06T11:34:21.000Z,1
2019-10-06T11:50:29.000Z,1
2019-10-06T11:51:25.000Z,1
2019-10-06T11:55:49.000Z,1
2019-10-06T11:58:50.000Z,1
2019-10-06T12:00:20.000Z,2
2019-10-06T12:25:47.000Z,1
2019-10-06T12:35:51.000Z,1
2019-10-06T12:49:55.000Z,1
2019-10-06T12:57:20.000Z,1
2019-10-06T13:08:30.000Z,1
2019-10-06T13:12:09.000Z,1
2019-10-06T13:17:27.000Z,1
2019-10-06T13:18:56.000Z,1
2019-10-06T13:28:54.000Z,1
2019-10-06T13:40:51.000Z,2
2019-10-06T14:38:27.000Z,1
2019-10-06T15:03:09.000Z,1
2019-10-06T15:03:33.000Z,1
2019-10-06T15:06:25.000Z,1
2019-10-06T15:07:33.000Z,2
2019-10-06T15:17:11.000Z,1
2019-10-06T15:18:50.000Z,1
2019-10-06T15:20:11.000Z,1
2019-10-06T15:31:19.000Z,1
2019-10-06T15:40:41.000Z,2
2019-10-06T15:50:30.000Z,1
2019-10-06T15:54:55.000Z,1
2019-10-06T15:56:24.000Z,1
2019-10-06T16:01:37.000Z,1
2019-10-06T16:06:13.000Z,1
2019-10-06T16:08:20.000Z,1
2019-10-06T16:30:08.000Z,1
2019-10-06T16:33:45.000Z,1
2019-10-06T16:34:18.000Z,2
2019-10-06T16:50:24.000Z,1
2019-10-06T17:01:58.000Z,1
2019-10-06T17:03:16.000Z,1
2019-10-06T17:09:34.000Z,1
2019-10-06T17:13:43.000Z,1
2019-10-06T17:29:52.000Z,1
2019-10-06T17:39:18.000Z,1
2019-10-06T18:16:34.000Z,1
2019-10-06T18:59:41.000Z,2
2019-10-06T19:05:02.000Z,1
2019-10-06T20:13:17.000Z,2
2019-10-06T22:47:04.000Z,1
2019-10-07T05:32:48.000Z,1
2019-10-07T05:38:51.000Z,1
2019-10-07T05:48:05.000Z,1
2019-10-07T06:21:44.000Z,1
2019-10-07T06:29:04.000Z,2
2019-10-07T07:11:17.000Z,1
2019-10-07T07:21:17.000Z,1
2019-10-07T07:25:15.000Z,1
2019-10-07T07:36:17.000Z,1
2019-10-07T07:36:24.000Z,2
2019-10-07T07:43:14.000Z,1
2019-10-07T07:45:08.000Z,1
2019-10-07T07:56:44.000Z,1
2019-10-07T07:57:38.000Z,1
2019-10-07T08:12:44.000Z,1
2019-10-07T08:15:57.000Z,1
2019-10-07T08:32:02.000Z,1
2019-10-07T08:48:07.000Z,1
2019-10-07T09:08:44.000Z,1
2019-10-07T09:15:08.000Z,2
2019-10-07T09:29:35.000Z,1
2019-10-07T09:29:51.000Z,1
2019-10-07T09:31:26.000Z,2
2019-10-07T09:37:08.000Z,1
2019-10-07T10:00:27.000Z,1
2019-10-07T10:33:08.000Z,1
2019-10-07T10:56:03.000Z,1
2019-10-07T11:37:27.000Z,1
2019-10-07T11:44:07.000Z,1
2019-10-07T11:57:38.000Z,1
2019-10-07T12:07:51.000Z,1
2019-10-07T12:14:28.000Z,1
2019-10-07T12:21:20.000Z,1
2019-10-07T13:03:25.000Z,1
2019-10-07T13:08:41.000Z,2
2019-10-07T13:35:41.000Z,1
2019-10-07T14:18:25.000Z,1
2019-10-07T15:28:48.000Z,1
2019-10-07T15:44:20.000Z,2
2019-10-07T15:45:39.000Z,1
2019-10-07T15:58:21.000Z,1
2019-10-07T15:58:52.000Z,1
2019-10-07T16:03:15.000Z,2
2019-10-07T16:06:59.000Z,1
2019-10-07T16:10:09.000Z,1
2019-10-07T16:11:25.000Z,1
2019-10-07T16:12:07.000Z,1
2019-10-07T16:39:10.000Z,1
2019-10-07T17:11:01.000Z,1
2019-10-07T17:16:00.000Z,1
2019-10-07T17:42:06.000Z,1
2019-10-07T18:06:55.000Z,1
2019-10-07T18:11:42.000Z,1
2019-10-07T18:18:24.000Z,1
2019-10-07T18:19:46.000Z,1
2019-10-07T18:27:39.000Z,2
2019-10-07T18:34:27.000Z,2
2019-10-07T18:36:08.000Z,1
2019-10-07T19:14:24.000Z,1
2019-10-07T19:20:35.000Z,1
2019-10-07T19:23:44.000Z,1
2019-10-07T19:36:33.000Z,1
2019-10-07T20:57:56.000Z,1
2019-10-07T21:09:58.000Z,1
2019-10-08T05:47:25.000Z,1
2019-10-08T06:56:43.000Z,1
2019-10-08T06:57:42.000Z,1
2019-10-08T07:00:54.000Z,1
2019-10-08T07:02:47.000Z,1
2019-10-08T07:13:41.000Z,1
2019-10-08T07:17:32.000Z,2
2019-10-08T07:21:09.000Z,1
2019-10-08T07:24:59.000Z,1
2019-10-08T07:32:51.000Z,1
2019-10-08T07:35:28.000Z,1
2019-10-08T07:58:27.000Z,2
2019-10-08T08:21:39.000Z,3
2019-10-08T08:30:53.000Z,1
2019-10-08T08:34:23.000Z,1
2019-10-08T08:39:20.000Z,2
2019-10-08T08:39:26.000Z,1
2019-10-08T08:58:17.000Z,1
2019-10-08T09:05:51.000Z,2
2019-10-08T09:22:55.000Z,1
2019-10-08T09:50:40.000Z,1
2019-10-08T10:52:46.000Z,1
2019-10-08T11:09:20.000Z,1
2019-10-08T11:45:53.000Z,1
2019-10-08T12:10:41.000Z,1
2019-10-08T12:26:55.000Z,1
2019-10-08T12:48:47.000Z,1
2019-10-08T12:59:21.000Z,1
2019-10-08T13:09:46.000Z,1
2019-10-08T13:30:48.000Z,1
2019-10-08T14:07:29.000Z,2
2019-10-08T14:26:47.000Z,1
2019-10-08T14:45:20.000Z,1
2019-10-08T15:04:54.000Z,1
2019-10-08T15:11:01.000Z,1
2019-10-08T15:24:06.000Z,1
2019-10-08T15:24:35.000Z,1
2019-10-08T15:42:56.000Z,1
2019-10-08T15:50:50.000Z,1
2019-10-08T15:51:21.000Z,1
2019-10-08T16:00:16.000Z,1
2019-10-08T16:08:44.000Z,1
2019-10-08T16:21:17.000Z,1
2019-10-08T16:23:47.000Z,1
2019-10-08T16:29:37.000Z,1
2019-10-08T16:35:16.000Z,1
2019-10-08T16:35:50.000Z,1
2019-10-08T16:39:35.000Z,2
2019-10-08T16:42:06.000Z,1
2019-10-08T16:44:37.000Z,2
2019-10-08T16:54:26.000Z,1
2019-10-08T16:56:24.000Z,1
2019-10-08T17:14:41.000Z,1
2019-10-08T17:31:53.000Z,1
2019-10-08T17:34:47.000Z,1
2019-10-08T17:36:25.000Z,1
2019-10-08T17:42:55.000Z,2
2019-10-08T17:44:01.000Z,1
2019-10-08T17:47:25.000Z,1
2019-10-08T17:49:55.000Z,1
2019-10-08T17:55:19.000Z,1
2019-10-08T18:20:55.000Z,2
2019-10-08T18:47:11.000Z,1
2019-10-08T18:50:17.000Z,1
2019-10-08T18:55:06.000Z,3
2019-10-08T19:09:01.000Z,1
2019-10-08T19:10:56.000Z,1
2019-10-08T19:34:12.000Z,1
2019-10-08T19:38:24.000Z,1
2019-10-08T19:46:27.000Z,1
2019-10-08T20:13:36.000Z,1
2019-10-08T20:14:26.000Z,1
2019-10-08T20:27:50.000Z,1
2019-10-08T20:32:25.000Z,1
2019-10-08T20:52:48.000Z,1
2019-10-08T20:56:29.000Z,1
2019-10-08T21:02:07.000Z,1
2019-10-08T21:46:21.000Z,1
2019-10-08T22:40:39.000Z,1
2019-10-09T03:44:48.000Z,1
2019-10-09T05:35:22.000Z,1
2019-10-09T05:38:10.000Z,1
2019-10-09T06:02:08.000Z,1
2019-10-09T06:36:52.000Z,1
2019-10-09T06:46:43.000Z,1
2019-10-09T06:53:55.000Z,1
2019-10-09T07:03:31.000Z,1
2019-10-09T07:12:53.000Z,1
2019-10-09T07:16:20.000Z,1
2019-10-09T07:34:00.000Z,1
2019-10-09T07:48:42.000Z,1
2019-10-09T07:48:56.000Z,1
2019-10-09T07:49:36.000Z,1
2019-10-09T07:53:48.000Z,1
2019-10-09T08:01:01.000Z,1
2019-10-09T08:03:58.000Z,2
2019-10-09T08:04:43.000Z,2
2019-10-09T08:15:11.000Z,1
2019-10-09T08:22:27.000Z,1
2019-10-09T08:31:55.000Z,2
2019-10-09T08:33:39.000Z,1
2019-10-09T08:36:19.000Z,2
2019-10-09T08:36:57.000Z,2
2019-10-09T08:42:42.000Z,1
2019-10-09T08:44:53.000Z,1
2019-10-09T09:11:49.000Z,1
2019-10-09T10:18:55.000Z,1
2019-10-09T10:19:47.000Z,1
2019-10-09T10:24:00.000Z,2
2019-10-05T11:01:18.000Z,2
2019-10-05T11:13:40.000Z,1
2019-10-05T11:25:41.000Z,1
2019-10-05T11:30:33.000Z,1
2019-10-05T11:44:23.000Z,2
2019-10-05T12:03:12.000Z,1
2019-10-05T12:06:11.000Z,1
2019-10-05T12:07:32.000Z,2
2019-10-05T12:11:31.000Z,1
2019-10-05T12:47:38.000Z,2
2019-10-05T12:53:47.000Z,1
2019-10-05T13:10:36.000Z,1
2019-10-05T13:26:19.000Z,1
2019-10-05T14:03:09.000Z,1
2019-10-05T14:07:18.000Z,3
2019-10-05T14:21:53.000Z,1
2019-10-05T14:30:49.000Z,1
2019-10-05T14:33:46.000Z,1
2019-10-05T15:13:23.000Z,1
2019-10-06T03:01:38.000Z,1
2019-10-06T13:48:28.000Z,1
2019-10-05T14:00:44.000Z,1
2019-10-05T14:31:19.000Z,1
2019-10-05T14:38:14.000Z,1
2019-10-05T15:41:43.000Z,1
2019-10-05T15:59:07.000Z,1
2019-10-05T16:09:43.000Z,2
2019-10-05T16:20:21.000Z,1
2019-10-05T17:39:42.000Z,1
2019-10-05T20:13:22.000Z,1
2019-10-05T20:37:30.000Z,1
2019-10-05T21:48:24.000Z,1
2019-10-05T22:56:47.000Z,1
2019-10-06T00:14:31.000Z,2
2019-10-06T09:12:57.000Z,1
2019-10-06T09:40:46.000Z,2
2019-10-06T09:56:15.000Z,1
2019-10-06T10:07:48.000Z,1
2019-10-06T10:26:17.000Z,2
2019-10-06T10:28:08.000Z,1
2019-10-06T10:30:16.000Z,1
2019-10-06T10:30:30.000Z,1
2019-10-06T10:34:43.000Z,1
2019-10-06T10:36:14.000Z,2
2019-10-06T11:22:52.000Z,1
2019-10-06T11:35:09.000Z,1
2019-10-06T11:45:23.000Z,2
2019-10-06T11:58:24.000Z,1
2019-10-06T12:23:44.000Z,1
2019-10-06T12:39:38.000Z,1
2019-10-06T12:47:56.000Z,1
2019-10-06T13:02:01.000Z,1
2019-10-06T13:09:04.000Z,3
2019-10-06T13:34:49.000Z,1
2019-10-06T13:43:50.000Z,1
2019-10-06T13:48:35.000Z,1
2019-10-06T14:02:58.000Z,1
2019-10-06T14:14:05.000Z,1
2019-10-06T14:38:57.000Z,2
2019-10-06T14:50:50.000Z,1
2019-10-06T15:04:12.000Z,1
2019-10-06T15:22:15.000Z,1
2019-10-06T15:26:31.000Z,2
2019-10-06T15:28:08.000Z,1
2019-10-06T15:29:16.000Z,1
2019-10-06T15:38:26.000Z,1
2019-10-06T15:38:27.000Z,1
2019-10-06T15:40:21.000Z,1
2019-10-06T15:46:51.000Z,2
2019-10-06T15:49:17.000Z,3
2019-10-06T15:51:22.000Z,1
2019-10-06T15:59:03.000Z,1
2019-10-06T16:09:04.000Z,1
2019-10-06T16:13:37.000Z,1
2019-10-06T16:22:19.000Z,1
2019-10-06T17:13:07.000Z,2
2019-10-06T17:14:33.000Z,2
2019-10-06T17:15:32.000Z,1
2019-10-06T17:28:33.000Z,1
2019-10-06T17:33:41.000Z,1
2019-10-06T17:49:46.000Z,2
2019-10-06T17:50:59.000Z,1
2019-10-06T18:34:25.000Z,1
2019-10-06T18:53:35.000Z,1
2019-10-06T19:11:35.000Z,1
2019-10-06T19:11:37.000Z,1
2019-10-06T19:27:54.000Z,1
2019-10-06T22:07:46.000Z,1
2019-10-06T22:23:20.000Z,1
2019-10-07T00:04:37.000Z,1
2019-10-07T06:29:37.000Z,1
2019-10-07T06:38:39.000Z,1
2019-10-07T07:01:45.000Z,2
2019-10-07T07:08:47.000Z,1
2019-10-07T07:09:30.000Z,1
2019-10-07T07:19:59.000Z,1
2019-10-07T07:21:09.000Z,1
2019-10-07T07:44:23.000Z,1
2019-10-07T07:46:38.000Z,1
2019-10-07T08:06:00.000Z,1
2019-10-07T08:07:50.000Z,1
2019-10-07T08:09:32.000Z,1
2019-10-07T08:14:15.000Z,1
2019-10-07T08:32:53.000Z,1
2019-10-07T08:54:29.000Z,1
2019-10-07T09:10:09.000Z,1
2019-10-07T09:28:49.000Z,1
2019-10-07T10:00:38.000Z,1
2019-10-07T10:34:06.000Z,1
2019-10-07T11:40:50.000Z,1
2019-10-07T12:38:06.000Z,2
2019-10-07T12:47:12.000Z,1
2019-10-07T13:16:04.000Z,1
2019-10-07T13:19:30.000Z,1
2019-10-07T13:33:14.000Z,1
2019-10-07T13:54:46.000Z,1
2019-10-07T14:21:42.000Z,1
2019-10-07T14:40:32.000Z,1
2019-10-07T14:41:43.000Z,1
2019-10-07T14:47:30.000Z,1
2019-10-07T14:59:04.000Z,1
2019-10-07T15:20:42.000Z,2
2019-10-07T15:32:53.000Z,1
2019-10-07T16:09:15.000Z,1
2019-10-07T16:10:30.000Z,1
2019-10-07T16:27:42.000Z,1
2019-10-07T16:30:15.000Z,1
2019-10-07T16:41:48.000Z,1
2019-10-07T16:41:59.000Z,3
2019-10-07T17:01:51.000Z,3
2019-10-07T17:09:49.000Z,1
2019-10-07T17:13:52.000Z,2
2019-10-07T17:16:28.000Z,2
2019-10-07T17:27:09.000Z,1
2019-10-07T17:27:44.000Z,1
2019-10-07T17:32:17.000Z,2
2019-10-07T17:33:53.000Z,1
2019-10-07T17:36:22.000Z,1
2019-10-07T17:50:10.000Z,1
2019-10-07T18:01:16.000Z,2
2019-10-07T18:26:31.000Z,1
2019-10-07T18:48:13.000Z,1
2019-10-07T19:06:26.000Z,1
2019-10-07T19:29:38.000Z,1
2019-10-07T19:39:01.000Z,1
2019-10-07T19:43:55.000Z,2
2019-10-07T19:46:26.000Z,1
2019-10-07T19:48:09.000Z,1
2019-10-07T21:02:26.000Z,1
2019-10-07T21:19:05.000Z,1
2019-10-07T21:37:38.000Z,1
2019-10-07T21:38:13.000Z,1
2019-10-07T21:40:33.000Z,1
2019-10-08T05:45:10.000Z,1
2019-10-08T06:34:38.000Z,1
2019-10-08T07:00:33.000Z,2
2019-10-08T07:05:56.000Z,1
2019-10-08T07:09:08.000Z,1
2019-10-08T07:23:23.000Z,1
2019-10-08T07:29:05.000Z,1
2019-10-08T07:42:22.000Z,1
2019-10-08T07:52:06.000Z,1
2019-10-08T07:52:55.000Z,1
2019-10-08T08:08:27.000Z,2
2019-10-08T08:10:24.000Z,1
2019-10-08T08:19:18.000Z,1
2019-10-08T08:19:29.000Z,2
2019-10-08T08:25:58.000Z,1
2019-10-08T08:28:52.000Z,2
2019-10-08T08:39:22.000Z,2
2019-10-08T08:48:30.000Z,1
2019-10-08T08:52:40.000Z,1
2019-10-08T08:59:11.000Z,1
2019-10-08T09:00:07.000Z,1
2019-10-08T09:23:54.000Z,1
2019-10-08T09:31:14.000Z,1
2019-10-08T09:36:42.000Z,1
2019-10-08T09:38:18.000Z,1
2019-10-08T10:15:15.000Z,1
2019-10-08T10:30:24.000Z,1
2019-10-08T11:44:24.000Z,1
2019-10-08T11:50:06.000Z,1
2019-10-08T12:04:42.000Z,1
2019-10-08T12:06:07.000Z,1
2019-10-08T12:33:15.000Z,1
2019-10-08T12:36:19.000Z,2
2019-10-08T12:42:22.000Z,1
2019-10-08T12:46:14.000Z,1
2019-10-08T12:59:47.000Z,1
2019-10-08T13:11:39.000Z,2
2019-10-08T13:27:24.000Z,1
2019-10-08T13:32:26.000Z,1
2019-10-08T13:41:03.000Z,1
2019-10-08T14:38:56.000Z,1
2019-10-08T14:39:03.000Z,1
2019-10-08T14:45:05.000Z,1
2019-10-08T14:47:53.000Z,1
2019-10-08T14:59:44.000Z,1
2019-10-08T15:36:40.000Z,1
2019-10-08T15:43:38.000Z,1
2019-10-08T15:52:48.000Z,1
2019-10-08T15:52:51.000Z,1
2019-10-08T16:14:57.000Z,1
2019-10-08T16:42:48.000Z,2
2019-10-08T16:55:32.000Z,2
2019-10-08T16:56:59.000Z,2
2019-10-08T17:00:47.000Z,2
2019-10-08T17:01:13.000Z,1
2019-10-08T17:06:11.000Z,2
2019-10-08T17:09:02.000Z,1
2019-10-08T17:09:10.000Z,1
2019-10-08T17:12:32.000Z,1
2019-10-08T17:19:42.000Z,1
2019-10-08T17:24:17.000Z,1
2019-10-08T17:25:52.000Z,1
2019-10-08T18:00:19.000Z,1
2019-10-08T18:01:59.000Z,1
2019-10-08T18:12:23.000Z,1
2019-10-08T18:30:58.000Z,1
2019-10-08T18:31:56.000Z,1
2019-10-08T18:56:08.000Z,1
2019-10-08T21:05:44.000Z,1
2019-10-08T21:14:50.000Z,1
2019-10-08T21:26:39.000Z,1
2019-10-08T21:36:55.000Z,1
2019-10-08T21:48:24.000Z,1
2019-10-08T22:37:10.000Z,1
2019-10-08T23:36:37.000Z,1
2019-10-08T23:37:39.000Z,1
2019-10-09T00:20:17.000Z,1
2019-10-09T01:23:27.000Z,1
2019-10-09T01:27:03.000Z,1
2019-10-09T04:07:19.000Z,1
2019-10-09T06:07:23.000Z,1
2019-10-09T06:13:22.000Z,1
2019-10-09T06:27:28.000Z,1
2019-10-09T06:33:02.000Z,1
2019-10-09T06:45:28.000Z,1
2019-10-09T07:37:48.000Z,1
2019-10-09T07:45:00.000Z,1
2019-10-09T07:50:56.000Z,1
2019-10-09T07:57:56.000Z,1
2019-10-09T08:11:20.000Z,1
2019-10-09T08:14:20.000Z,2
2019-10-09T08:40:31.000Z,1
2019-10-09T08:55:31.000Z,1
2019-10-09T09:00:58.000Z,1
2019-10-09T09:04:17.000Z,2
2019-10-09T09:12:16.000Z,3
2019-10-09T10:30:57.000Z,1
2019-10-05T10:56:14.000Z,1
2019-10-05T11:04:09.000Z,1
2019-10-05T11:08:41.000Z,2
2019-10-05T11:50:36.000Z,1
2019-10-05T11:57:44.000Z,1
2019-10-05T12:13:40.000Z,1
2019-10-05T12:31:44.000Z,1
2019-10-05T12:47:20.000Z,1
2019-10-05T12:50:04.000Z,1
2019-10-05T12:54:08.000Z,1
2019-10-05T13:22:06.000Z,1
2019-10-05T13:30:43.000Z,1
2019-10-05T13:52:00.000Z,1
2019-10-05T14:18:56.000Z,1
2019-10-05T14:28:10.000Z,1
2019-10-05T14:59:30.000Z,1
2019-10-05T15:25:10.000Z,1
2019-10-06T12:10:13.000Z,2
2019-10-05T13:17:07.000Z,1
2019-10-05T13:59:21.000Z,1
2019-10-05T14:19:10.000Z,1
2019-10-05T14:23:06.000Z,1
2019-10-05T14:50:09.000Z,1
2019-10-05T14:54:41.000Z,1
2019-10-05T14:55:06.000Z,1
2019-10-05T15:15:16.000Z,1
2019-10-05T15:19:41.000Z,1
2019-10-05T15:44:00.000Z,1
2019-10-05T15:47:46.000Z,2
2019-10-05T15:50:39.000Z,1
2019-10-05T16:38:29.000Z,1
2019-10-05T16:59:16.000Z,1
2019-10-05T17:02:41.000Z,1
2019-10-05T17:05:17.000Z,1
2019-10-05T20:20:56.000Z,1
2019-10-05T21:31:04.000Z,1
2019-10-05T22:41:41.000Z,2
2019-10-06T09:14:49.000Z,1
2019-10-06T09:21:43.000Z,1
2019-10-06T09:27:19.000Z,1
2019-10-06T10:01:13.000Z,1
2019-10-06T10:32:50.000Z,1
2019-10-06T11:02:43.000Z,1
2019-10-06T11:17:03.000Z,2
2019-10-06T11:18:28.000Z,1
2019-10-06T11:41:07.000Z,2
2019-10-06T11:59:24.000Z,1
2019-10-06T12:08:39.000Z,1
2019-10-06T12:35:22.000Z,1
2019-10-06T13:02:17.000Z,1
2019-10-06T13:33:41.000Z,1
2019-10-06T13:57:54.000Z,1
2019-10-06T14:37:30.000Z,1
2019-10-06T14:41:28.000Z,3
2019-10-06T14:56:59.000Z,1
2019-10-06T15:11:17.000Z,1
2019-10-06T15:11:51.000Z,1
2019-10-06T15:24:47.000Z,1
2019-10-06T15:27:47.000Z,1
2019-10-06T15:38:17.000Z,1
2019-10-06T15:42:30.000Z,1
2019-10-06T16:06:57.000Z,1
2019-10-06T16:08:56.000Z,1
2019-10-06T16:32:34.000Z,1
2019-10-06T16:37:14.000Z,2
2019-10-06T16:58:06.000Z,1
2019-10-06T16:59:18.000Z,1
2019-10-06T17:08:21.000Z,1
2019-10-06T17:21:19.000Z,1
2019-10-06T17:21:33.000Z,1
2019-10-06T17:22:09.000Z,2
2019-10-06T17:34:54.000Z,1
2019-10-06T17:41:09.000Z,1
2019-10-06T18:00:56.000Z,1
2019-10-06T18:01:13.000Z,2
2019-10-06T19:00:44.000Z,1
2019-10-06T20:58:33.000Z,1
2019-10-06T21:22:53.000Z,1
2019-10-06T21:33:22.000Z,1
2019-10-06T21:36:34.000Z,1
2019-10-06T21:45:42.000Z,1
2019-10-06T21:56:40.000Z,1
2019-10-06T23:35:33.000Z,1
2019-10-07T00:19:26.000Z,1
2019-10-07T01:10:48.000Z,1
2019-10-07T05:39:01.000Z,1
2019-10-07T06:34:50.000Z,2
2019-10-07T07:04:33.000Z,2
2019-10-07T07:12:27.000Z,1
2019-10-07T07:24:59.000Z,1
2019-10-07T07:25:51.000Z,2
2019-10-07T08:23:21.000Z,1
2019-10-07T08:35:40.000Z,1
2019-10-07T08:49:26.000Z,1
2019-10-07T09:02:59.000Z,1
2019-10-07T09:10:31.000Z,1
2019-10-07T09:19:27.000Z,1
2019-10-07T09:21:15.000Z,1
2019-10-07T09:54:07.000Z,1
2019-10-07T10:46:56.000Z,1
2019-10-07T11:21:19.000Z,1
2019-10-07T13:13:18.000Z,1
2019-10-07T13:27:18.000Z,1
2019-10-07T13:40:13.000Z,1
2019-10-07T13:45:19.000Z,1
2019-10-07T13:55:59.000Z,1
2019-10-07T14:06:39.000Z,1
2019-10-07T14:23:55.000Z,1
2019-10-07T15:33:01.000Z,1
2019-10-07T15:46:01.000Z,1
2019-10-07T16:06:31.000Z,1
2019-10-07T16:19:41.000Z,1
2019-10-07T16:27:34.000Z,1
2019-10-07T16:28:34.000Z,2
2019-10-07T16:44:31.000Z,2
2019-10-07T16:48:05.000Z,1
2019-10-07T16:51:29.000Z,1
2019-10-07T17:03:33.000Z,1
2019-10-07T17:06:07.000Z,1
2019-10-07T17:12:52.000Z,1
2019-10-07T17:18:19.000Z,3
2019-10-07T17:28:58.000Z,1
2019-10-07T17:29:23.000Z,2
2019-10-07T17:34:15.000Z,1
2019-10-07T17:41:01.000Z,4
2019-10-07T17:44:32.000Z,1
2019-10-07T17:51:28.000Z,1
2019-10-07T17:51:37.000Z,1
2019-10-07T17:53:36.000Z,2
2019-10-07T18:04:13.000Z,1
2019-10-07T18:05:57.000Z,1
2019-10-07T18:07:52.000Z,1
2019-10-07T18:18:44.000Z,1
2019-10-07T18:30:58.000Z,2
2019-10-07T18:31:20.000Z,2
2019-10-07T18:39:22.000Z,1
2019-10-07T18:49:23.000Z,2
2019-10-07T19:01:50.000Z,1
2019-10-07T19:04:28.000Z,2
2019-10-07T19:05:07.000Z,1
2019-10-07T19:10:26.000Z,1
2019-10-07T19:32:17.000Z,1
2019-10-07T19:58:31.000Z,1
2019-10-07T20:19:08.000Z,2
2019-10-07T20:38:47.000Z,1
2019-10-07T22:34:32.000Z,1
2019-10-07T23:06:11.000Z,1
2019-10-07T23:51:07.000Z,1
2019-10-08T06:06:13.000Z,1
2019-10-08T06:26:03.000Z,2
2019-10-08T06:36:14.000Z,1
2019-10-08T06:44:16.000Z,1
2019-10-08T06:58:40.000Z,1
2019-10-08T06:59:32.000Z,1
2019-10-08T07:25:58.000Z,1
2019-10-08T07:29:19.000Z,1
2019-10-08T07:34:16.000Z,1
2019-10-08T07:50:51.000Z,1
2019-10-08T07:51:35.000Z,1
2019-10-08T07:54:19.000Z,2
2019-10-08T07:55:22.000Z,1
2019-10-08T07:59:57.000Z,2
2019-10-08T08:00:49.000Z,1
2019-10-08T08:02:37.000Z,1
2019-10-08T08:10:37.000Z,1
2019-10-08T08:14:13.000Z,1
2019-10-08T08:30:46.000Z,2
2019-10-08T08:51:44.000Z,1
2019-10-08T08:55:16.000Z,1
2019-10-08T09:00:29.000Z,1
2019-10-08T09:12:42.000Z,1
2019-10-08T09:15:51.000Z,2
2019-10-08T09:22:44.000Z,2
2019-10-08T09:27:51.000Z,1
2019-10-08T09:57:08.000Z,1
2019-10-08T11:56:38.000Z,1
2019-10-08T12:25:38.000Z,1
2019-10-08T12:43:10.000Z,1
2019-10-08T12:51:47.000Z,1
2019-10-08T13:07:47.000Z,1
2019-10-08T13:13:19.000Z,1
2019-10-08T13:31:58.000Z,1
2019-10-08T13:34:49.000Z,1
2019-10-08T14:35:13.000Z,1
2019-10-08T14:54:18.000Z,1
2019-10-08T15:05:01.000Z,1
2019-10-08T15:19:39.000Z,2
2019-10-08T15:29:57.000Z,1
2019-10-08T15:34:33.000Z,1
2019-10-08T15:35:36.000Z,1
2019-10-08T15:52:18.000Z,2
2019-10-08T16:03:16.000Z,1
2019-10-08T16:34:57.000Z,2
2019-10-08T16:35:43.000Z,1
2019-10-08T16:39:18.000Z,1
2019-10-08T16:52:43.000Z,2
2019-10-08T16:56:26.000Z,2
2019-10-08T16:59:26.000Z,1
2019-10-08T17:01:12.000Z,1
2019-10-08T17:10:14.000Z,2
2019-10-08T17:13:40.000Z,1
2019-10-08T17:15:19.000Z,1
2019-10-08T17:19:48.000Z,1
2019-10-08T17:21:28.000Z,1
2019-10-08T17:30:02.000Z,1
2019-10-08T17:37:26.000Z,1
2019-10-08T17:44:00.000Z,1
2019-10-08T18:03:21.000Z,1
2019-10-08T18:18:33.000Z,1
2019-10-08T18:20:00.000Z,1
2019-10-08T18:22:18.000Z,1
2019-10-08T18:32:20.000Z,1
2019-10-08T18:34:57.000Z,4
2019-10-08T18:36:16.000Z,1
2019-10-08T18:37:38.000Z,1
2019-10-08T18:41:31.000Z,1
2019-10-08T18:43:15.000Z,1
2019-10-08T18:44:19.000Z,1
2019-10-08T18:50:56.000Z,1
2019-10-08T18:53:04.000Z,1
2019-10-08T18:57:29.000Z,1
2019-10-08T19:07:22.000Z,1
2019-10-08T19:12:42.000Z,1
2019-10-08T19:20:29.000Z,1
2019-10-08T19:23:12.000Z,1
2019-10-08T19:34:10.000Z,1
2019-10-08T20:35:56.000Z,1
2019-10-08T20:51:13.000Z,1
2019-10-08T22:55:05.000Z,1
2019-10-09T05:23:59.000Z,1
2019-10-09T05:30:15.000Z,1
2019-10-09T06:10:07.000Z,1
2019-10-09T06:32:18.000Z,1
2019-10-09T07:01:05.000Z,1
2019-10-09T07:14:39.000Z,1
2019-10-09T07:26:27.000Z,1
2019-10-09T08:11:18.000Z,2
2019-10-09T08:13:23.000Z,1
2019-10-09T08:19:27.000Z,1
2019-10-09T08:19:38.000Z,3
2019-10-09T08:21:28.000Z,2
2019-10-09T08:21:36.000Z,1
2019-10-09T08:34:09.000Z,1
2019-10-09T08:35:51.000Z,1
2019-10-09T08:40:16.000Z,1
2019-10-09T08:52:28.000Z,2
2019-10-09T09:12:21.000Z,1
2019-10-09T09:30:23.000Z,1
2019-10-09T09:56:14.000Z,1
2019-10-05T11:13:28.000Z,2
2019-10-05T11:21:05.000Z,1
2019-10-05T11:30:35.000Z,1
2019-10-05T11:50:54.000Z,1
2019-10-05T11:56:06.000Z,1
2019-10-05T11:56:10.000Z,1
2019-10-05T11:58:07.000Z,1
2019-10-05T12:03:35.000Z,2
2019-10-05T12:21:34.000Z,1
2019-10-05T12:26:11.000Z,1
2019-10-05T12:27:25.000Z,1
2019-10-05T12:29:23.000Z,1
2019-10-05T12:46:19.000Z,1
2019-10-05T13:23:03.000Z,1
2019-10-05T13:37:08.000Z,1
2019-10-05T14:13:39.000Z,1
2019-10-05T14:55:51.000Z,1
2019-10-05T15:08:56.000Z,1
2019-10-05T15:10:27.000Z,1
2019-10-05T16:12:25.000Z,1
2019-10-05T16:52:28.000Z,1
2019-10-05T16:55:25.000Z,1
2019-10-06T09:00:36.000Z,1
2019-10-06T09:09:43.000Z,1
2019-10-05T12:25:36.000Z,1
2019-10-05T13:04:19.000Z,1
2019-10-05T15:38:59.000Z,1
2019-10-05T15:41:47.000Z,1
2019-10-05T16:14:04.000Z,1
2019-10-05T16:15:13.000Z,1
2019-10-05T16:34:31.000Z,1
2019-10-05T16:58:25.000Z,1
2019-10-05T17:12:49.000Z,1
2019-10-05T17:41:05.000Z,1
2019-10-05T18:49:16.000Z,1
2019-10-05T20:23:38.000Z,1
2019-10-05T21:58:39.000Z,1
2019-10-05T22:51:00.000Z,2
2019-10-06T00:42:11.000Z,1
2019-10-06T01:10:22.000Z,1
2019-10-06T07:21:34.000Z,1
2019-10-06T07:30:23.000Z,1
2019-10-06T08:11:04.000Z,1
2019-10-06T08:26:16.000Z,1
2019-10-06T09:20:10.000Z,1
2019-10-06T09:40:24.000Z,1
2019-10-06T09:54:44.000Z,1
2019-10-06T10:02:57.000Z,1
2019-10-06T10:10:59.000Z,1
2019-10-06T10:40:52.000Z,1
2019-10-06T10:55:57.000Z,1
2019-10-06T10:57:40.000Z,1
2019-10-06T11:16:05.000Z,1
2019-10-06T11:19:18.000Z,1
2019-10-06T11:28:24.000Z,1
2019-10-06T11:28:47.000Z,1
2019-10-06T11:38:11.000Z,1
2019-10-06T11:50:08.000Z,1
2019-10-06T11:56:23.000Z,1
2019-10-06T12:02:29.000Z,1
2019-10-06T12:09:34.000Z,1
2019-10-06T12:17:02.000Z,1
2019-10-06T12:23:53.000Z,1
2019-10-06T12:24:22.000Z,1
2019-10-06T12:29:58.000Z,1
2019-10-06T12:31:20.000Z,2
2019-10-06T12:37:20.000Z,1
2019-10-06T12:49:51.000Z,1
2019-10-06T13:08:35.000Z,1
2019-10-06T13:21:14.000Z,1
2019-10-06T13:30:01.000Z,1
2019-10-06T14:00:36.000Z,1
2019-10-06T14:18:10.000Z,1
2019-10-06T14:19:43.000Z,1
2019-10-06T14:29:11.000Z,1
2019-10-06T14:33:07.000Z,1
2019-10-06T14:38:21.000Z,1
2019-10-06T14:47:15.000Z,2
2019-10-06T14:50:13.000Z,1
2019-10-06T15:14:42.000Z,1
2019-10-06T15:28:43.000Z,1
2019-10-06T15:35:21.000Z,1
2019-10-06T15:47:15.000Z,1
2019-10-06T16:05:36.000Z,1
2019-10-06T16:13:33.000Z,1
2019-10-06T16:15:33.000Z,2
2019-10-06T16:40:20.000Z,2
2019-10-06T17:11:55.000Z,1
2019-10-06T17:12:32.000Z,1
2019-10-06T17:21:10.000Z,1
2019-10-06T17:24:22.000Z,1
2019-10-06T17:25:46.000Z,1
2019-10-06T17:36:36.000Z,1
2019-10-06T17:46:09.000Z,1
2019-10-06T17:54:50.000Z,1
2019-10-06T17:57:19.000Z,1
2019-10-06T18:19:32.000Z,1
2019-10-06T18:26:49.000Z,1
2019-10-06T18:27:17.000Z,1
2019-10-06T18:35:26.000Z,1
2019-10-06T19:21:23.000Z,1
2019-10-06T19:32:20.000Z,1
2019-10-06T21:48:14.000Z,1
2019-10-07T05:09:20.000Z,1
2019-10-07T06:01:48.000Z,1
2019-10-07T06:07:29.000Z,1
2019-10-07T06:08:40.000Z,1
2019-10-07T06:42:30.000Z,1
2019-10-07T07:32:01.000Z,2
2019-10-07T07:38:38.000Z,1
2019-10-07T07:44:42.000Z,1
2019-10-07T07:45:21.000Z,1
2019-10-07T08:17:51.000Z,1
2019-10-07T08:30:01.000Z,1
2019-10-07T08:56:54.000Z,1
2019-10-07T09:33:57.000Z,3
2019-10-07T09:45:34.000Z,1
2019-10-07T09:51:01.000Z,1
2019-10-07T09:55:56.000Z,1
2019-10-07T10:08:15.000Z,1
2019-10-07T12:27:32.000Z,1
2019-10-07T12:28:46.000Z,1
2019-10-07T13:19:13.000Z,1
2019-10-07T13:39:18.000Z,1
2019-10-07T13:52:46.000Z,1
2019-10-07T14:00:18.000Z,1
2019-10-07T14:00:43.000Z,1
2019-10-07T14:01:44.000Z,1
2019-10-07T14:15:42.000Z,1
2019-10-07T14:46:25.000Z,1
2019-10-07T14:53:09.000Z,1
2019-10-07T14:57:52.000Z,1
2019-10-07T15:30:47.000Z,1
2019-10-07T15:38:49.000Z,1
2019-10-07T15:43:12.000Z,1
2019-10-07T15:59:55.000Z,1
2019-10-07T16:04:02.000Z,1
2019-10-07T16:07:24.000Z,1
2019-10-07T16:08:53.000Z,1
2019-10-07T16:16:45.000Z,1
2019-10-07T16:29:50.000Z,1
2019-10-07T16:32:27.000Z,2
2019-10-07T16:38:03.000Z,1
2019-10-07T16:44:39.000Z,1
2019-10-07T16:52:44.000Z,1
2019-10-07T17:06:22.000Z,1
2019-10-07T17:14:40.000Z,1
2019-10-07T17:26:22.000Z,3
2019-10-07T17:27:32.000Z,1
2019-10-07T17:32:39.000Z,1
2019-10-07T17:36:57.000Z,1
2019-10-07T17:38:29.000Z,2
2019-10-07T17:40:13.000Z,1
2019-10-07T17:48:42.000Z,2
2019-10-07T17:49:46.000Z,2
2019-10-07T17:51:25.000Z,1
2019-10-07T18:06:25.000Z,1
2019-10-07T18:07:12.000Z,1
2019-10-07T18:31:17.000Z,1
2019-10-07T18:40:14.000Z,1
2019-10-07T18:40:59.000Z,1
2019-10-07T18:59:30.000Z,1
2019-10-07T19:03:33.000Z,2
2019-10-07T19:06:54.000Z,1
2019-10-07T19:18:19.000Z,1
2019-10-07T20:56:05.000Z,1
2019-10-07T22:48:21.000Z,1
2019-10-08T05:32:53.000Z,1
2019-10-08T05:53:24.000Z,1
2019-10-08T05:55:13.000Z,1
2019-10-08T06:01:51.000Z,1
2019-10-08T06:44:39.000Z,1
2019-10-08T07:00:10.000Z,1
2019-10-08T07:02:13.000Z,1
2019-10-08T07:30:33.000Z,1
2019-10-08T07:31:41.000Z,1
2019-10-08T07:33:49.000Z,1
2019-10-08T07:44:23.000Z,1
2019-10-08T07:48:36.000Z,2
2019-10-08T07:56:03.000Z,1
2019-10-08T08:01:09.000Z,1
2019-10-08T08:03:44.000Z,1
2019-10-08T08:21:05.000Z,1
2019-10-08T08:31:07.000Z,2
2019-10-08T08:31:51.000Z,1
2019-10-08T08:34:24.000Z,1
2019-10-08T08:36:34.000Z,1
2019-10-08T08:36:38.000Z,3
2019-10-08T08:40:40.000Z,1
2019-10-08T08:48:43.000Z,2
2019-10-08T09:01:39.000Z,1
2019-10-08T09:10:39.000Z,1
2019-10-08T09:56:56.000Z,1
2019-10-08T10:03:38.000Z,1
2019-10-08T10:43:54.000Z,1
2019-10-08T10:43:57.000Z,1
2019-10-08T11:51:52.000Z,1
2019-10-08T12:00:46.000Z,2
2019-10-08T12:29:52.000Z,1
2019-10-08T12:33:31.000Z,2
2019-10-08T13:04:25.000Z,1
2019-10-08T13:08:39.000Z,1
2019-10-08T13:16:33.000Z,1
2019-10-08T13:51:47.000Z,1
2019-10-08T14:08:11.000Z,1
2019-10-08T14:18:52.000Z,1
2019-10-08T14:56:28.000Z,1
2019-10-08T15:11:35.000Z,2
2019-10-08T15:50:24.000Z,1
2019-10-08T15:50:32.000Z,1
2019-10-08T15:55:55.000Z,2
2019-10-08T16:23:44.000Z,3
2019-10-08T16:49:47.000Z,1
2019-10-08T16:49:51.000Z,1
2019-10-08T16:50:13.000Z,2
2019-10-08T17:11:06.000Z,1
2019-10-08T17:12:51.000Z,1
2019-10-08T17:18:17.000Z,1
2019-10-08T17:23:24.000Z,1
2019-10-08T17:24:35.000Z,1
2019-10-08T17:27:15.000Z,1
2019-10-08T17:31:33.000Z,2
2019-10-08T17:32:38.000Z,1
2019-10-08T17:34:21.000Z,1
2019-10-08T17:48:27.000Z,1
2019-10-08T18:05:09.000Z,1
2019-10-08T18:22:14.000Z,1
2019-10-08T18:26:36.000Z,1
2019-10-08T19:02:03.000Z,2
2019-10-08T19:07:44.000Z,1
2019-10-08T19:17:20.000Z,1
2019-10-08T19:51:40.000Z,1
2019-10-08T20:11:40.000Z,1
2019-10-08T21:04:00.000Z,1
2019-10-08T21:36:53.000Z,1
2019-10-08T21:49:58.000Z,1
2019-10-08T22:31:16.000Z,1
2019-10-08T23:46:31.000Z,1
2019-10-09T06:15:16.000Z,1
2019-10-09T06:44:23.000Z,1
2019-10-09T06:49:35.000Z,1
2019-10-09T06:52:01.000Z,2
2019-10-09T07:06:22.000Z,1
2019-10-09T07:07:59.000Z,2
2019-10-09T07:21:35.000Z,1
2019-10-09T07:29:52.000Z,2
2019-10-09T07:57:32.000Z,1
2019-10-09T07:57:42.000Z,1
2019-10-09T08:01:11.000Z,1
2019-10-09T08:15:17.000Z,1
2019-10-09T08:17:59.000Z,1
2019-10-09T08:37:20.000Z,1
2019-10-09T08:56:09.000Z,1
2019-10-09T09:12:10.000Z,1
2019-10-09T09:14:05.000Z,1
2019-10-09T09:22:24.000Z,2
2019-10-09T09:39:00.000Z,2
2019-10-09T09:40:06.000Z,1
2019-10-09T10:06:24.000Z,1
2019-10-09T10:23:08.000Z,1
2019-10-05T11:00:54.000Z,1
2019-10-05T11:13:51.000Z,1
2019-10-05T11:46:44.000Z,1
2019-10-05T11:47:52.000Z,2
2019-10-05T11:51:32.000Z,1
2019-10-05T12:21:12.000Z,2
2019-10-05T12:53:49.000Z,1
2019-10-05T13:05:44.000Z,1
2019-10-05T13:26:11.000Z,1
2019-10-05T13:38:42.000Z,1
2019-10-05T14:04:58.000Z,1
2019-10-05T14:13:33.000Z,1
2019-10-05T14:14:25.000Z,1
2019-10-05T14:39:47.000Z,1
2019-10-05T16:49:39.000Z,1
2019-10-05T21:51:56.000Z,1
2019-10-06T10:10:07.000Z,1
2019-10-06T17:04:55.000Z,1
2019-10-05T14:23:02.000Z,1
2019-10-05T14:25:38.000Z,1
2019-10-05T15:28:25.000Z,1
2019-10-05T15:51:42.000Z,1
2019-10-05T15:55:52.000Z,1
2019-10-05T15:56:22.000Z,1
2019-10-05T16:06:12.000Z,1
2019-10-05T16:08:06.000Z,3
2019-10-05T16:10:27.000Z,1
2019-10-05T16:32:27.000Z,1
2019-10-05T16:40:58.000Z,2
2019-10-05T19:43:55.000Z,1
2019-10-05T21:54:39.000Z,1
2019-10-05T22:04:18.000Z,1
2019-10-05T22:22:24.000Z,1
2019-10-05T23:31:19.000Z,1
2019-10-06T02:38:33.000Z,1
2019-10-06T06:53:24.000Z,1
2019-10-06T08:18:45.000Z,1
2019-10-06T08:48:08.000Z,1
2019-10-06T09:32:30.000Z,1
2019-10-06T09:33:25.000Z,1
2019-10-06T09:39:00.000Z,2
2019-10-06T09:59:32.000Z,1
2019-10-06T10:08:51.000Z,1
2019-10-06T10:17:22.000Z,1
2019-10-06T10:28:25.000Z,1
2019-10-06T10:31:27.000Z,1
2019-10-06T10:34:38.000Z,1
2019-10-06T10:35:35.000Z,2
2019-10-06T10:38:33.000Z,1
2019-10-06T10:39:37.000Z,1
2019-10-06T10:56:43.000Z,1
2019-10-06T11:27:46.000Z,1
2019-10-06T11:31:11.000Z,1
2019-10-06T11:43:04.000Z,2
2019-10-06T12:25:31.000Z,1
2019-10-06T12:40:22.000Z,2
2019-10-06T12:50:14.000Z,1
2019-10-06T13:03:59.000Z,1
2019-10-06T13:21:23.000Z,1
2019-10-06T13:34:29.000Z,1
2019-10-06T13:35:13.000Z,2
2019-10-06T13:46:55.000Z,1
2019-10-06T13:50:32.000Z,1
2019-10-06T13:53:55.000Z,1
2019-10-06T14:04:17.000Z,1
2019-10-06T14:24:00.000Z,2
2019-10-06T14:32:32.000Z,1
2019-10-06T14:37:40.000Z,1
2019-10-06T14:43:53.000Z,1
2019-10-06T14:55:26.000Z,1
2019-10-06T15:06:17.000Z,1
2019-10-06T15:24:36.000Z,1
2019-10-06T15:26:06.000Z,2
2019-10-06T15:53:32.000Z,1
2019-10-06T16:12:38.000Z,1
2019-10-06T16:16:47.000Z,1
2019-10-06T16:22:40.000Z,2
2019-10-06T16:39:30.000Z,1
2019-10-06T16:42:16.000Z,1
2019-10-06T17:23:25.000Z,2
2019-10-06T17:36:49.000Z,1
2019-10-06T17:51:15.000Z,1
2019-10-06T18:28:55.000Z,1
2019-10-06T19:50:19.000Z,1
2019-10-06T21:33:08.000Z,1
2019-10-07T06:22:49.000Z,1
2019-10-07T06:47:37.000Z,1
2019-10-07T06:51:26.000Z,1
2019-10-07T06:55:07.000Z,2
2019-10-07T07:22:08.000Z,2
2019-10-07T07:25:53.000Z,1
2019-10-07T07:33:02.000Z,1
2019-10-07T07:33:46.000Z,1
2019-10-07T07:37:14.000Z,2
2019-10-07T07:40:36.000Z,1
2019-10-07T07:44:27.000Z,2
2019-10-07T07:48:47.000Z,2
2019-10-07T08:03:25.000Z,1
2019-10-07T08:18:44.000Z,1
2019-10-07T08:23:11.000Z,2
2019-10-07T08:35:13.000Z,1
2019-10-07T08:39:25.000Z,1
2019-10-07T08:45:29.000Z,1
2019-10-07T09:04:40.000Z,1
2019-10-07T09:16:51.000Z,1
2019-10-07T09:17:24.000Z,1
2019-10-07T09:43:53.000Z,1
2019-10-07T11:08:27.000Z,1
2019-10-07T11:45:46.000Z,1
2019-10-07T12:05:02.000Z,1
2019-10-07T12:08:34.000Z,1
2019-10-07T12:44:19.000Z,1
2019-10-07T12:58:58.000Z,1
2019-10-07T13:02:16.000Z,1
2019-10-07T13:42:04.000Z,1
2019-10-07T13:45:18.000Z,1
2019-10-07T13:58:54.000Z,1
2019-10-07T14:02:19.000Z,1
2019-10-07T14:40:26.000Z,1
2019-10-07T14:49:27.000Z,1
2019-10-07T14:51:01.000Z,1
2019-10-07T14:56:57.000Z,1
2019-10-07T15:08:07.000Z,1
2019-10-07T15:24:26.000Z,1
2019-10-07T16:10:47.000Z,1
2019-10-07T16:23:09.000Z,1
2019-10-07T16:28:28.000Z,1
2019-10-07T16:31:57.000Z,2
2019-10-07T16:35:31.000Z,2
2019-10-07T16:43:57.000Z,1
2019-10-07T16:51:28.000Z,1
2019-10-07T16:59:22.000Z,2
2019-10-07T17:05:36.000Z,1
2019-10-07T17:25:46.000Z,1
2019-10-07T17:31:02.000Z,1
2019-10-07T17:39:05.000Z,2
2019-10-07T17:50:38.000Z,1
2019-10-07T17:54:51.000Z,1
2019-10-07T17:57:28.000Z,1
2019-10-07T18:06:08.000Z,1
2019-10-07T18:10:01.000Z,1
2019-10-07T18:22:33.000Z,1
2019-10-07T18:23:46.000Z,2
2019-10-07T18:31:07.000Z,1
2019-10-07T18:40:39.000Z,1
2019-10-07T18:42:07.000Z,1
2019-10-07T19:13:59.000Z,1
2019-10-07T19:30:09.000Z,1
2019-10-07T19:38:13.000Z,1
2019-10-07T20:02:25.000Z,1
2019-10-07T20:41:37.000Z,1
2019-10-07T20:45:26.000Z,1
2019-10-07T21:04:23.000Z,1
2019-10-07T21:18:05.000Z,1
2019-10-07T21:31:15.000Z,1
2019-10-07T21:31:19.000Z,1
2019-10-07T21:37:01.000Z,1
2019-10-07T22:03:05.000Z,1
2019-10-08T05:48:24.000Z,1
2019-10-08T06:17:53.000Z,1
2019-10-08T07:04:09.000Z,2
2019-10-08T07:05:18.000Z,1
2019-10-08T07:09:04.000Z,1
2019-10-08T07:13:58.000Z,1
2019-10-08T07:30:28.000Z,1
2019-10-08T07:33:46.000Z,1
2019-10-08T07:37:11.000Z,1
2019-10-08T07:41:02.000Z,1
2019-10-08T07:42:09.000Z,1
2019-10-08T07:42:34.000Z,1
2019-10-08T08:09:19.000Z,1
2019-10-08T08:10:08.000Z,1
2019-10-08T08:21:57.000Z,2
2019-10-08T08:22:17.000Z,1
2019-10-08T08:41:48.000Z,2
2019-10-08T08:43:07.000Z,3
2019-10-08T08:43:42.000Z,1
2019-10-08T08:43:55.000Z,1
2019-10-08T09:07:03.000Z,1
2019-10-08T09:36:26.000Z,1
2019-10-08T10:23:29.000Z,1
2019-10-08T10:29:56.000Z,1
2019-10-08T10:46:17.000Z,1
2019-10-08T11:22:54.000Z,1
2019-10-08T11:45:06.000Z,1
2019-10-08T11:53:03.000Z,1
2019-10-08T13:02:33.000Z,1
2019-10-08T13:11:09.000Z,1
2019-10-08T13:35:37.000Z,1
2019-10-08T14:03:47.000Z,1
2019-10-08T14:23:21.000Z,1
2019-10-08T14:49:33.000Z,1
2019-10-08T15:05:29.000Z,1
2019-10-08T15:14:12.000Z,1
2019-10-08T15:52:27.000Z,1
2019-10-08T15:53:23.000Z,1
2019-10-08T16:15:24.000Z,1
2019-10-08T16:30:01.000Z,2
2019-10-08T16:32:14.000Z,2
2019-10-08T16:47:13.000Z,2
2019-10-08T16:57:04.000Z,1
2019-10-08T16:57:10.000Z,1
2019-10-08T17:21:45.000Z,1
2019-10-08T17:24:37.000Z,1
2019-10-08T17:25:09.000Z,2
2019-10-08T17:33:30.000Z,1
2019-10-08T17:38:30.000Z,3
2019-10-08T17:38:35.000Z,1
2019-10-08T17:43:08.000Z,2
2019-10-08T17:48:52.000Z,1
2019-10-08T17:51:01.000Z,1
2019-10-08T17:51:08.000Z,2
2019-10-08T17:59:01.000Z,1
2019-10-08T18:13:59.000Z,3
2019-10-08T18:23:05.000Z,1
2019-10-08T18:27:42.000Z,1
2019-10-08T18:31:22.000Z,1
2019-10-08T19:17:09.000Z,2
2019-10-08T19:36:24.000Z,1
2019-10-08T19:44:04.000Z,1
2019-10-08T20:05:36.000Z,1
2019-10-08T20:23:38.000Z,1
2019-10-08T20:52:49.000Z,1
2019-10-08T21:24:17.000Z,1
2019-10-08T21:39:22.000Z,2
2019-10-08T22:01:46.000Z,1
2019-10-08T22:20:55.000Z,1
2019-10-09T00:31:04.000Z,1
2019-10-09T06:06:54.000Z,1
2019-10-09T06:47:05.000Z,1
2019-10-09T06:52:44.000Z,1
2019-10-09T07:06:31.000Z,2
2019-10-09T07:14:34.000Z,1
2019-10-09T07:33:12.000Z,1
2019-10-09T07:35:39.000Z,2
2019-10-09T07:44:04.000Z,1
2019-10-09T07:53:49.000Z,1
2019-10-09T08:00:59.000Z,1
2019-10-09T08:22:32.000Z,2
2019-10-09T08:29:58.000Z,1
2019-10-09T08:44:59.000Z,1
2019-10-09T08:45:38.000Z,1
2019-10-09T08:53:19.000Z,1
2019-10-09T09:04:43.000Z,1
2019-10-09T09:14:54.000Z,1
2019-10-09T09:15:10.000Z,1
2019-10-09T09:27:48.000Z,1
2019-10-09T09:53:57.000Z,1
2019-10-09T09:54:35.000Z,1
2019-10-09T09:58:22.000Z,1
2019-10-09T11:07:26.000Z,2
2019-10-09T11:08:50.000Z,1
2019-10-09T11:17:10.000Z,1
2019-10-09T11:25:51.000Z,1
2019-10-09T12:24:02.000Z,1
2019-10-09T12:43:06.000Z,1
2019-10-09T12:43:14.000Z,1
2019-10-09T13:13:53.000Z,1
2019-10-09T13:39:35.000Z,1
2019-10-09T14:12:11.000Z,2
2019-10-09T14:15:47.000Z,1
2019-10-09T14:19:57.000Z,1
2019-10-09T15:29:51.000Z,1
2019-10-09T16:43:34.000Z,2
2019-10-09T17:03:21.000Z,2
2019-10-09T17:19:42.000Z,2
2019-10-09T12:54:07.000Z,1
2019-10-09T13:48:01.000Z,1
2019-10-09T14:46:30.000Z,1
2019-10-09T15:01:24.000Z,1
2019-10-09T15:45:29.000Z,1
2019-10-09T16:02:02.000Z,1
2019-10-09T16:08:16.000Z,2
2019-10-09T16:11:55.000Z,1
2019-10-09T16:37:24.000Z,3
2019-10-09T16:41:22.000Z,1
2019-10-09T16:46:02.000Z,1
2019-10-09T17:20:09.000Z,1
2019-10-09T17:30:56.000Z,1
2019-10-09T17:37:20.000Z,1
2019-10-09T17:56:12.000Z,1
2019-10-09T18:03:17.000Z,1
2019-10-09T18:03:23.000Z,1
2019-10-09T18:04:00.000Z,1
2019-10-09T18:11:47.000Z,1
2019-10-09T18:39:12.000Z,1
2019-10-09T18:48:34.000Z,1
2019-10-09T18:58:39.000Z,1
2019-10-09T19:03:59.000Z,2
2019-10-09T19:20:04.000Z,1
2019-10-09T20:31:07.000Z,1
2019-10-09T20:32:41.000Z,1
2019-10-09T20:47:22.000Z,1
2019-10-09T21:23:14.000Z,1
2019-10-09T21:23:21.000Z,1
2019-10-10T06:10:50.000Z,1
2019-10-10T06:33:14.000Z,1
2019-10-10T06:33:43.000Z,1
2019-10-10T06:56:27.000Z,1
2019-10-10T07:06:29.000Z,1
2019-10-10T07:06:28.000Z,2
2019-10-10T07:23:41.000Z,1
2019-10-10T07:34:15.000Z,2
2019-10-10T08:14:26.000Z,1
2019-10-10T08:29:05.000Z,1
2019-10-10T08:35:15.000Z,1
2019-10-10T09:00:29.000Z,1
2019-10-10T09:01:25.000Z,2
2019-10-10T09:11:37.000Z,1
2019-10-10T09:17:43.000Z,2
2019-10-10T09:17:58.000Z,1
2019-10-10T09:43:49.000Z,1
2019-10-10T09:47:19.000Z,1
2019-10-10T10:54:18.000Z,1
2019-10-10T11:15:17.000Z,1
2019-10-10T12:02:27.000Z,1
2019-10-10T12:05:01.000Z,1
2019-10-10T12:30:11.000Z,1
2019-10-10T12:35:36.000Z,1
2019-10-10T13:23:47.000Z,1
2019-10-10T13:57:19.000Z,1
2019-10-10T14:07:09.000Z,1
2019-10-10T14:09:35.000Z,1
2019-10-10T14:16:45.000Z,1
2019-10-10T14:26:10.000Z,1
2019-10-10T14:26:37.000Z,1
2019-10-10T14:37:44.000Z,1
2019-10-10T15:05:09.000Z,2
2019-10-10T15:30:28.000Z,1
2019-10-10T15:30:46.000Z,1
2019-10-10T15:47:48.000Z,1
2019-10-10T15:49:45.000Z,2
2019-10-10T16:02:59.000Z,2
2019-10-10T16:03:20.000Z,1
2019-10-10T16:33:19.000Z,1
2019-10-10T16:51:36.000Z,1
2019-10-10T17:02:08.000Z,1
2019-10-10T17:06:58.000Z,2
2019-10-10T17:07:34.000Z,1
2019-10-10T17:10:31.000Z,3
2019-10-10T17:12:47.000Z,2
2019-10-10T17:38:59.000Z,1
2019-10-10T17:50:13.000Z,1
2019-10-10T18:08:32.000Z,1
2019-10-10T18:13:50.000Z,1
2019-10-10T19:02:32.000Z,1
2019-10-10T19:24:47.000Z,2
2019-10-10T19:28:22.000Z,1
2019-10-10T19:48:15.000Z,1
2019-10-10T20:17:31.000Z,1
2019-10-10T20:31:34.000Z,1
2019-10-10T20:51:56.000Z,1
2019-10-10T21:06:14.000Z,1
2019-10-10T22:51:49.000Z,1
2019-10-11T07:04:04.000Z,1
2019-10-11T07:17:11.000Z,1
2019-10-11T07:58:26.000Z,1
2019-10-11T08:07:23.000Z,1
2019-10-11T08:11:14.000Z,3
2019-10-11T08:28:50.000Z,1
2019-10-11T08:34:02.000Z,1
2019-10-11T08:50:43.000Z,3
2019-10-11T09:19:41.000Z,1
2019-10-11T11:52:42.000Z,1
2019-10-11T11:58:53.000Z,1
2019-10-11T14:24:20.000Z,1
2019-10-11T14:34:04.000Z,1
2019-10-11T15:12:09.000Z,2
2019-10-11T16:33:15.000Z,1
2019-10-11T16:41:43.000Z,1
2019-10-11T16:48:03.000Z,1
2019-10-11T16:56:12.000Z,1
2019-10-11T17:04:22.000Z,1
2019-10-11T17:23:56.000Z,1
2019-10-11T17:34:39.000Z,1
2019-10-11T18:00:37.000Z,1
2019-10-11T19:05:02.000Z,1
2019-10-11T19:06:09.000Z,1
2019-10-11T20:17:57.000Z,1
2019-10-11T22:27:06.000Z,1
2019-10-11T22:31:54.000Z,2
2019-10-12T04:52:41.000Z,1
2019-10-12T08:06:38.000Z,1
2019-10-12T08:32:36.000Z,1
2019-10-12T08:44:59.000Z,1
2019-10-12T08:49:49.000Z,1
2019-10-12T08:50:32.000Z,1
2019-10-12T10:15:00.000Z,1
2019-10-12T10:21:51.000Z,1
2019-10-12T10:40:41.000Z,1
2019-10-12T10:58:50.000Z,1
2019-10-12T11:06:38.000Z,1
2019-10-12T11:18:07.000Z,1
2019-10-12T11:47:43.000Z,1
2019-10-12T12:29:38.000Z,1
2019-10-12T12:29:59.000Z,1
2019-10-12T13:10:58.000Z,1
2019-10-12T13:20:35.000Z,1
2019-10-12T13:41:10.000Z,1
2019-10-12T14:00:56.000Z,1
2019-10-12T14:07:01.000Z,1
2019-10-12T14:18:15.000Z,1
2019-10-12T14:19:39.000Z,1
2019-10-12T14:28:47.000Z,1
2019-10-12T14:38:21.000Z,1
2019-10-12T14:53:43.000Z,1
2019-10-12T15:10:39.000Z,1
2019-10-12T15:25:16.000Z,1
2019-10-12T15:29:33.000Z,1
2019-10-12T15:37:19.000Z,1
2019-10-12T15:52:55.000Z,1
2019-10-12T15:53:34.000Z,1
2019-10-12T15:58:27.000Z,1
2019-10-12T17:00:33.000Z,1
2019-10-12T17:04:46.000Z,1
2019-10-12T17:38:42.000Z,1
2019-10-12T17:39:31.000Z,1
2019-10-12T17:48:04.000Z,1
2019-10-12T17:57:16.000Z,2
2019-10-12T18:06:56.000Z,1
2019-10-12T18:16:04.000Z,1
2019-10-12T18:46:17.000Z,2
2019-10-12T19:08:34.000Z,1
2019-10-12T19:45:36.000Z,1
2019-10-12T20:53:06.000Z,1
2019-10-12T20:58:43.000Z,1
2019-10-13T00:33:48.000Z,1
2019-10-13T01:01:15.000Z,1
2019-10-13T06:23:12.000Z,1
2019-10-13T07:16:00.000Z,1
2019-10-13T07:17:53.000Z,1
2019-10-13T08:07:51.000Z,1
2019-10-13T08:46:09.000Z,1
2019-10-13T09:07:07.000Z,1
2019-10-13T09:28:03.000Z,2
2019-10-13T09:45:56.000Z,1
2019-10-13T09:50:39.000Z,1
2019-10-13T10:10:38.000Z,1
2019-10-13T10:20:21.000Z,1
2019-10-13T10:33:24.000Z,1
2019-10-13T10:52:45.000Z,1
2019-10-13T10:53:30.000Z,2
2019-10-13T11:08:15.000Z,1
2019-10-13T11:28:56.000Z,1
2019-10-13T11:37:22.000Z,2
2019-10-13T11:39:17.000Z,2
2019-10-13T11:57:18.000Z,1
2019-10-13T12:01:28.000Z,1
2019-10-13T12:04:59.000Z,1
2019-10-13T12:13:25.000Z,1
2019-10-13T12:19:27.000Z,1
2019-10-13T12:24:03.000Z,1
2019-10-13T12:28:52.000Z,1
2019-10-13T12:46:17.000Z,1
2019-10-13T13:13:17.000Z,2
2019-10-13T13:24:05.000Z,1
2019-10-13T13:36:58.000Z,1
2019-10-13T13:37:30.000Z,2
2019-10-13T13:55:42.000Z,1
2019-10-13T14:00:22.000Z,1
2019-10-13T14:08:16.000Z,1
2019-10-13T14:11:40.000Z,3
2019-10-13T14:23:07.000Z,1
2019-10-13T14:37:07.000Z,1
2019-10-13T14:39:14.000Z,2
2019-10-13T14:47:06.000Z,1
2019-10-13T15:03:11.000Z,1
2019-10-13T15:30:51.000Z,1
2019-10-13T15:32:57.000Z,1
2019-10-13T15:34:14.000Z,1
2019-10-13T15:57:59.000Z,1
2019-10-13T15:59:20.000Z,1
2019-10-13T17:17:21.000Z,1
2019-10-13T17:27:38.000Z,1
2019-10-13T17:33:49.000Z,1
2019-10-13T17:55:00.000Z,1
2019-10-13T18:11:45.000Z,1
2019-10-13T18:18:15.000Z,1
2019-10-13T18:27:22.000Z,1
2019-10-13T18:38:30.000Z,1
2019-10-13T18:51:00.000Z,1
2019-10-13T19:25:25.000Z,1
2019-10-13T19:56:06.000Z,1
2019-10-13T19:59:55.000Z,1
2019-10-13T20:04:44.000Z,1
2019-10-13T20:25:33.000Z,2
2019-10-13T20:46:34.000Z,1
2019-10-13T21:50:04.000Z,1
2019-10-13T22:36:45.000Z,2
2019-10-13T23:50:11.000Z,1
2019-10-14T05:37:29.000Z,1
2019-10-14T07:16:25.000Z,1
2019-10-14T07:18:12.000Z,1
2019-10-14T07:25:47.000Z,1
2019-10-14T08:15:06.000Z,3
2019-10-14T08:32:00.000Z,1
2019-10-14T08:35:15.000Z,1
2019-10-14T08:44:15.000Z,1
2019-10-14T08:56:52.000Z,1
2019-10-14T09:18:02.000Z,1
2019-10-14T09:48:00.000Z,1
2019-10-14T10:17:31.000Z,1
2019-10-14T10:48:46.000Z,1
2019-10-14T12:30:56.000Z,1
2019-10-14T12:39:22.000Z,1
2019-10-14T12:46:01.000Z,1
2019-10-14T12:56:03.000Z,1
2019-10-14T13:00:54.000Z,1
2019-10-14T13:01:48.000Z,1
2019-10-14T13:07:21.000Z,1
2019-10-14T14:13:06.000Z,1
2019-10-14T14:13:22.000Z,1
2019-10-14T14:16:04.000Z,1
2019-10-14T14:32:56.000Z,1
2019-10-09T10:46:09.000Z,1
2019-10-09T10:59:28.000Z,1
2019-10-09T11:12:01.000Z,1
2019-10-09T11:17:44.000Z,1
2019-10-09T11:53:12.000Z,1
2019-10-09T12:35:44.000Z,1
2019-10-09T12:51:27.000Z,1
2019-10-09T12:55:54.000Z,1
2019-10-09T13:40:47.000Z,1
2019-10-09T13:46:46.000Z,1
2019-10-09T13:52:48.000Z,1
2019-10-09T14:01:28.000Z,1
2019-10-09T14:08:19.000Z,2
2019-10-09T14:46:36.000Z,1
2019-10-09T15:03:47.000Z,1
2019-10-09T15:08:22.000Z,1
2019-10-09T15:10:58.000Z,1
2019-10-09T16:13:45.000Z,1
2019-10-09T16:18:21.000Z,1
2019-10-09T16:49:10.000Z,1
2019-10-09T16:55:15.000Z,1
2019-10-09T17:13:34.000Z,1
2019-10-09T17:30:03.000Z,1
2019-10-09T17:54:06.000Z,2
2019-10-09T12:31:41.000Z,1
2019-10-09T13:19:44.000Z,1
2019-10-09T14:16:56.000Z,1
2019-10-09T14:27:47.000Z,1
2019-10-09T15:58:44.000Z,2
2019-10-09T16:06:09.000Z,1
2019-10-09T16:23:56.000Z,1
2019-10-09T16:36:12.000Z,1
2019-10-09T16:49:45.000Z,1
2019-10-09T17:06:32.000Z,1
2019-10-09T17:11:13.000Z,1
2019-10-09T17:13:36.000Z,2
2019-10-09T17:14:16.000Z,1
2019-10-09T17:18:15.000Z,1
2019-10-09T17:19:50.000Z,1
2019-10-09T17:22:29.000Z,2
2019-10-09T17:41:48.000Z,1
2019-10-09T17:49:36.000Z,1
2019-10-09T17:49:37.000Z,1
2019-10-09T17:51:04.000Z,1
2019-10-09T18:06:01.000Z,1
2019-10-09T18:20:11.000Z,1
2019-10-09T18:28:04.000Z,1
2019-10-09T18:30:50.000Z,2
2019-10-09T18:40:16.000Z,1
2019-10-09T18:44:55.000Z,1
2019-10-09T18:48:08.000Z,1
2019-10-09T19:03:21.000Z,1
2019-10-09T19:14:28.000Z,1
2019-10-09T19:53:08.000Z,1
2019-10-09T20:10:07.000Z,1
2019-10-09T20:20:27.000Z,1
2019-10-09T20:21:59.000Z,1
2019-10-09T20:23:48.000Z,1
2019-10-09T20:29:21.000Z,1
2019-10-09T21:04:16.000Z,1
2019-10-09T21:29:56.000Z,1
2019-10-09T22:37:00.000Z,1
2019-10-10T05:04:26.000Z,1
2019-10-10T05:30:00.000Z,1
2019-10-10T05:57:07.000Z,1
2019-10-10T07:21:10.000Z,1
2019-10-10T07:28:46.000Z,1
2019-10-10T07:32:25.000Z,1
2019-10-10T07:36:14.000Z,1
2019-10-10T07:36:33.000Z,1
2019-10-10T07:38:51.000Z,2
2019-10-10T07:50:38.000Z,2
2019-10-10T07:51:18.000Z,1
2019-10-10T07:56:35.000Z,1
2019-10-10T08:04:09.000Z,2
2019-10-10T08:05:12.000Z,1
2019-10-10T08:05:39.000Z,1
2019-10-10T08:11:47.000Z,1
2019-10-10T08:27:34.000Z,1
2019-10-10T08:34:10.000Z,1
2019-10-10T08:34:38.000Z,1
2019-10-10T08:40:02.000Z,1
2019-10-10T08:46:07.000Z,1
2019-10-10T08:51:21.000Z,1
2019-10-10T08:53:40.000Z,1
2019-10-10T09:03:45.000Z,1
2019-10-10T09:10:51.000Z,2
2019-10-10T09:12:23.000Z,1
2019-10-10T09:16:19.000Z,1
2019-10-10T10:04:30.000Z,1
2019-10-10T10:18:02.000Z,2
2019-10-10T10:28:46.000Z,1
2019-10-10T11:31:50.000Z,1
2019-10-10T11:33:39.000Z,1
2019-10-10T11:54:09.000Z,1
2019-10-10T12:12:11.000Z,1
2019-10-10T12:21:24.000Z,1
2019-10-10T12:23:27.000Z,3
2019-10-10T12:51:08.000Z,1
2019-10-10T12:57:51.000Z,1
2019-10-10T13:02:43.000Z,1
2019-10-10T13:03:17.000Z,1
2019-10-10T13:15:53.000Z,1
2019-10-10T14:11:32.000Z,1
2019-10-10T14:57:18.000Z,1
2019-10-10T14:58:57.000Z,1
2019-10-10T15:13:20.000Z,1
2019-10-10T15:14:28.000Z,1
2019-10-10T15:55:40.000Z,1
2019-10-10T16:07:21.000Z,2
2019-10-10T16:12:49.000Z,1
2019-10-10T16:19:00.000Z,1
2019-10-10T16:25:38.000Z,1
2019-10-10T16:38:24.000Z,2
2019-10-10T16:40:49.000Z,1
2019-10-10T16:42:40.000Z,2
2019-10-10T16:55:30.000Z,1
2019-10-10T17:00:07.000Z,1
2019-10-10T17:10:04.000Z,1
2019-10-10T17:18:49.000Z,1
2019-10-10T17:31:49.000Z,2
2019-10-10T17:35:48.000Z,1
2019-10-10T17:42:28.000Z,1
2019-10-10T17:55:35.000Z,1
2019-10-10T18:01:41.000Z,1
2019-10-10T18:05:52.000Z,1
2019-10-10T18:36:52.000Z,1
2019-10-10T18:41:08.000Z,1
2019-10-10T18:45:24.000Z,1
2019-10-10T18:48:12.000Z,1
2019-10-10T18:48:32.000Z,1
2019-10-10T18:56:38.000Z,1
2019-10-10T19:01:41.000Z,2
2019-10-10T19:12:01.000Z,1
2019-10-10T20:35:36.000Z,1
2019-10-10T20:38:44.000Z,1
2019-10-10T21:25:38.000Z,2
2019-10-10T21:58:03.000Z,1
2019-10-10T22:10:25.000Z,1
2019-10-10T22:19:53.000Z,1
2019-10-10T22:30:20.000Z,1
2019-10-11T02:53:30.000Z,1
2019-10-11T03:09:31.000Z,1
2019-10-11T05:42:02.000Z,1
2019-10-11T06:50:49.000Z,2
2019-10-11T07:27:01.000Z,1
2019-10-11T07:54:42.000Z,2
2019-10-11T08:01:40.000Z,1
2019-10-11T08:25:50.000Z,1
2019-10-11T08:26:19.000Z,1
2019-10-11T09:27:35.000Z,1
2019-10-11T11:25:39.000Z,1
2019-10-11T12:11:18.000Z,1
2019-10-11T13:17:21.000Z,1
2019-10-11T14:48:59.000Z,1
2019-10-11T14:48:58.000Z,1
2019-10-11T16:31:11.000Z,1
2019-10-11T16:40:19.000Z,1
2019-10-11T17:17:05.000Z,1
2019-10-11T17:29:06.000Z,1
2019-10-11T18:28:03.000Z,1
2019-10-11T18:33:24.000Z,1
2019-10-11T19:36:17.000Z,1
2019-10-11T19:50:13.000Z,1
2019-10-11T19:54:47.000Z,2
2019-10-11T20:27:41.000Z,1
2019-10-11T21:53:23.000Z,1
2019-10-11T21:53:30.000Z,1
2019-10-12T03:34:02.000Z,1
2019-10-12T06:40:35.000Z,1
2019-10-12T08:57:10.000Z,1
2019-10-12T09:36:38.000Z,1
2019-10-12T10:01:12.000Z,1
2019-10-12T10:16:38.000Z,1
2019-10-12T10:21:34.000Z,1
2019-10-12T10:26:17.000Z,1
2019-10-12T10:28:17.000Z,1
2019-10-12T10:54:06.000Z,1
2019-10-12T10:58:05.000Z,1
2019-10-12T11:47:33.000Z,1
2019-10-12T13:31:18.000Z,2
2019-10-12T13:46:46.000Z,1
2019-10-12T13:46:50.000Z,1
2019-10-12T13:50:01.000Z,1
2019-10-12T14:29:34.000Z,1
2019-10-12T14:33:32.000Z,1
2019-10-12T14:34:02.000Z,1
2019-10-12T14:41:45.000Z,1
2019-10-12T14:49:21.000Z,2
2019-10-12T15:27:00.000Z,1
2019-10-12T15:51:59.000Z,1
2019-10-12T16:09:09.000Z,1
2019-10-12T17:11:42.000Z,1
2019-10-12T17:54:33.000Z,1
2019-10-12T18:00:18.000Z,1
2019-10-12T18:27:59.000Z,1
2019-10-12T19:09:11.000Z,1
2019-10-12T19:09:42.000Z,1
2019-10-12T20:21:44.000Z,1
2019-10-12T20:37:43.000Z,1
2019-10-12T21:18:22.000Z,1
2019-10-13T03:05:43.000Z,1
2019-10-13T03:50:45.000Z,1
2019-10-13T03:59:55.000Z,1
2019-10-13T05:32:12.000Z,1
2019-10-13T06:19:16.000Z,1
2019-10-13T07:47:47.000Z,1
2019-10-13T08:06:57.000Z,1
2019-10-13T08:12:07.000Z,1
2019-10-13T09:10:12.000Z,1
2019-10-13T09:12:00.000Z,1
2019-10-13T09:22:29.000Z,1
2019-10-13T09:57:30.000Z,1
2019-10-13T10:06:18.000Z,1
2019-10-13T10:33:17.000Z,1
2019-10-13T10:47:08.000Z,1
2019-10-13T10:50:25.000Z,1
2019-10-13T11:04:30.000Z,1
2019-10-13T11:09:05.000Z,1
2019-10-13T11:35:56.000Z,1
2019-10-13T11:41:48.000Z,2
2019-10-13T11:51:49.000Z,1
2019-10-13T11:58:36.000Z,1
2019-10-13T12:06:49.000Z,1
2019-10-13T12:20:54.000Z,1
2019-10-13T12:30:42.000Z,1
2019-10-13T12:33:48.000Z,1
2019-10-13T13:05:25.000Z,1
2019-10-13T13:20:22.000Z,1
2019-10-13T13:20:47.000Z,1
2019-10-13T13:24:03.000Z,1
2019-10-13T13:25:07.000Z,1
2019-10-13T13:33:46.000Z,1
2019-10-13T13:45:58.000Z,1
2019-10-13T14:22:28.000Z,1
2019-10-13T14:36:33.000Z,2
2019-10-13T14:51:02.000Z,1
2019-10-13T15:06:24.000Z,1
2019-10-13T15:28:06.000Z,1
2019-10-13T15:33:49.000Z,1
2019-10-13T15:34:13.000Z,1
2019-10-13T15:41:45.000Z,1
2019-10-13T17:24:33.000Z,1
2019-10-13T17:31:57.000Z,1
2019-10-13T17:45:25.000Z,1
2019-10-13T18:56:10.000Z,1
2019-10-13T18:58:59.000Z,1
2019-10-13T19:00:49.000Z,1
2019-10-13T19:56:11.000Z,1
2019-10-13T21:23:03.000Z,1
2019-10-13T22:03:09.000Z,1
2019-10-14T06:18:41.000Z,1
2019-10-14T06:58:33.000Z,1
2019-10-14T07:16:22.000Z,1
2019-10-14T07:29:30.000Z,1
2019-10-14T07:48:29.000Z,1
2019-10-14T07:59:24.000Z,1
2019-10-14T07:59:54.000Z,1
2019-10-14T08:03:27.000Z,1
2019-10-14T08:13:02.000Z,1
2019-10-14T08:42:11.000Z,1
2019-10-14T09:23:11.000Z,1
2019-10-14T09:24:44.000Z,1
2019-10-14T09:26:23.000Z,1
2019-10-14T10:10:49.000Z,1
2019-10-14T10:30:43.000Z,1
2019-10-14T10:35:35.000Z,1
2019-10-14T11:24:24.000Z,1
2019-10-14T11:43:53.000Z,1
2019-10-14T11:58:49.000Z,1
2019-10-14T12:00:50.000Z,1
2019-10-14T12:28:04.000Z,1
2019-10-14T12:43:14.000Z,2
2019-10-14T12:55:49.000Z,1
2019-10-14T13:25:33.000Z,1
2019-10-14T14:02:30.000Z,1
2019-10-14T14:07:48.000Z,2
2019-10-09T11:04:23.000Z,1
2019-10-09T11:20:30.000Z,1
2019-10-09T12:04:08.000Z,1
2019-10-09T12:32:36.000Z,4
2019-10-09T12:34:23.000Z,1
2019-10-09T12:55:02.000Z,1
2019-10-09T13:00:18.000Z,1
2019-10-09T13:11:04.000Z,1
2019-10-09T13:34:39.000Z,1
2019-10-09T14:47:17.000Z,1
2019-10-09T15:01:27.000Z,1
2019-10-09T15:33:29.000Z,1
2019-10-09T15:47:50.000Z,1
2019-10-09T15:57:44.000Z,1
2019-10-09T16:06:28.000Z,1
2019-10-09T16:14:07.000Z,1
2019-10-09T16:23:07.000Z,1
2019-10-09T16:24:01.000Z,1
2019-10-09T16:45:01.000Z,1
2019-10-09T17:13:08.000Z,1
2019-10-09T17:25:50.000Z,1
2019-10-09T20:28:38.000Z,1
2019-10-09T14:00:26.000Z,1
2019-10-09T15:05:20.000Z,1
2019-10-09T15:12:15.000Z,1
2019-10-09T15:30:16.000Z,2
2019-10-09T15:40:10.000Z,1
2019-10-09T15:55:04.000Z,2
2019-10-09T16:20:18.000Z,1
2019-10-09T16:48:42.000Z,1
2019-10-09T16:58:21.000Z,1
2019-10-09T17:33:07.000Z,3
2019-10-09T17:38:51.000Z,2
2019-10-09T17:39:24.000Z,1
2019-10-09T17:48:19.000Z,1
2019-10-09T17:59:29.000Z,1
2019-10-09T18:30:45.000Z,1
2019-10-09T18:32:07.000Z,1
2019-10-09T18:38:48.000Z,1
2019-10-09T18:46:30.000Z,1
2019-10-09T18:46:35.000Z,2
2019-10-09T18:50:14.000Z,1
2019-10-09T19:00:32.000Z,1
2019-10-09T19:16:08.000Z,1
2019-10-09T19:24:16.000Z,1
2019-10-09T19:33:47.000Z,1
2019-10-09T19:58:05.000Z,1
2019-10-09T20:37:58.000Z,1
2019-10-09T20:47:33.000Z,1
2019-10-09T21:19:42.000Z,1
2019-10-09T21:36:28.000Z,1
2019-10-10T01:26:12.000Z,1
2019-10-10T06:21:17.000Z,1
2019-10-10T06:31:32.000Z,1
2019-10-10T06:41:01.000Z,1
2019-10-10T07:39:53.000Z,1
2019-10-10T07:43:31.000Z,1
2019-10-10T07:44:05.000Z,1
2019-10-10T07:44:50.000Z,3
2019-10-10T07:45:54.000Z,1
2019-10-10T07:59:03.000Z,1
2019-10-10T07:59:57.000Z,2
2019-10-10T08:01:26.000Z,2
2019-10-10T08:03:50.000Z,1
2019-10-10T08:12:10.000Z,1
2019-10-10T08:42:50.000Z,1
2019-10-10T09:09:01.000Z,2
2019-10-10T09:26:40.000Z,2
2019-10-10T09:59:55.000Z,1
2019-10-10T10:26:34.000Z,1
2019-10-10T10:41:48.000Z,1
2019-10-10T10:58:33.000Z,1
2019-10-10T11:47:42.000Z,1
2019-10-10T11:49:33.000Z,1
2019-10-10T11:55:47.000Z,1
2019-10-10T12:22:56.000Z,1
2019-10-10T12:42:37.000Z,1
2019-10-10T12:46:12.000Z,1
2019-10-10T12:47:43.000Z,1
2019-10-10T12:52:17.000Z,1
2019-10-10T13:13:53.000Z,1
2019-10-10T13:29:39.000Z,1
2019-10-10T13:43:01.000Z,1
2019-10-10T14:05:47.000Z,1
2019-10-10T14:51:54.000Z,1
2019-10-10T15:08:53.000Z,1
2019-10-10T15:29:01.000Z,1
2019-10-10T16:23:01.000Z,1
2019-10-10T16:23:25.000Z,1
2019-10-10T16:41:03.000Z,2
2019-10-10T16:42:48.000Z,1
2019-10-10T16:44:19.000Z,1
2019-10-10T16:47:20.000Z,2
2019-10-10T16:50:19.000Z,1
2019-10-10T17:03:53.000Z,2
2019-10-10T17:05:10.000Z,1
2019-10-10T17:29:20.000Z,1
2019-10-10T17:41:04.000Z,1
2019-10-10T17:46:28.000Z,1
2019-10-10T18:12:02.000Z,1
2019-10-10T18:16:02.000Z,1
2019-10-10T18:17:51.000Z,1
2019-10-10T18:33:39.000Z,1
2019-10-10T18:35:25.000Z,2
2019-10-10T19:09:47.000Z,1
2019-10-10T19:27:02.000Z,1
2019-10-10T19:31:13.000Z,1
2019-10-10T19:35:32.000Z,1
2019-10-10T20:23:05.000Z,1
2019-10-10T20:37:07.000Z,2
2019-10-10T22:31:44.000Z,1
2019-10-10T22:53:57.000Z,1
2019-10-10T23:03:07.000Z,1
2019-10-11T04:56:00.000Z,1
2019-10-11T05:38:04.000Z,1
2019-10-11T06:09:34.000Z,1
2019-10-11T06:55:24.000Z,1
2019-10-11T06:57:57.000Z,1
2019-10-11T07:09:48.000Z,1
2019-10-11T07:49:28.000Z,1
2019-10-11T08:40:01.000Z,1
2019-10-11T08:42:34.000Z,1
2019-10-11T08:53:12.000Z,1
2019-10-11T09:10:21.000Z,1
2019-10-11T10:34:04.000Z,1
2019-10-11T11:17:30.000Z,1
2019-10-11T11:50:08.000Z,1
2019-10-11T12:14:59.000Z,1
2019-10-11T13:11:13.000Z,2
2019-10-11T13:32:01.000Z,1
2019-10-11T13:37:27.000Z,1
2019-10-11T14:11:57.000Z,1
2019-10-11T14:12:51.000Z,1
2019-10-11T14:15:31.000Z,1
2019-10-11T14:27:39.000Z,1
2019-10-11T15:37:36.000Z,1
2019-10-11T16:51:46.000Z,1
2019-10-11T16:53:35.000Z,1
2019-10-11T17:17:24.000Z,1
2019-10-11T17:58:19.000Z,1
2019-10-11T17:59:04.000Z,1
2019-10-11T18:26:10.000Z,1
2019-10-11T18:56:01.000Z,1
2019-10-11T19:09:19.000Z,1
2019-10-11T19:31:55.000Z,1
2019-10-11T19:36:12.000Z,1
2019-10-11T20:39:48.000Z,1
2019-10-11T20:47:08.000Z,1
2019-10-11T21:12:29.000Z,2
2019-10-11T23:50:56.000Z,1
2019-10-12T01:30:27.000Z,1
2019-10-12T02:58:10.000Z,1
2019-10-12T08:35:04.000Z,1
2019-10-12T08:38:58.000Z,1
2019-10-12T10:07:21.000Z,1
2019-10-12T10:29:09.000Z,2
2019-10-12T10:31:14.000Z,1
2019-10-12T10:42:53.000Z,1
2019-10-12T11:32:49.000Z,1
2019-10-12T11:54:54.000Z,1
2019-10-12T12:37:11.000Z,1
2019-10-12T12:37:59.000Z,1
2019-10-12T12:43:00.000Z,1
2019-10-12T13:10:04.000Z,1
2019-10-12T13:10:21.000Z,1
2019-10-12T13:32:53.000Z,1
2019-10-12T13:46:29.000Z,2
2019-10-12T13:51:22.000Z,1
2019-10-12T14:11:02.000Z,1
2019-10-12T14:18:20.000Z,1
2019-10-12T14:20:46.000Z,1
2019-10-12T14:46:27.000Z,1
2019-10-12T14:55:55.000Z,1
2019-10-12T14:56:23.000Z,1
2019-10-12T15:14:21.000Z,1
2019-10-12T15:35:32.000Z,1
2019-10-12T15:42:54.000Z,2
2019-10-12T15:44:26.000Z,1
2019-10-12T16:14:31.000Z,1
2019-10-12T16:32:31.000Z,1
2019-10-12T16:47:03.000Z,2
2019-10-12T17:16:36.000Z,1
2019-10-12T17:35:00.000Z,1
2019-10-12T17:38:23.000Z,1
2019-10-12T17:38:49.000Z,1
2019-10-12T17:43:42.000Z,1
2019-10-12T18:06:24.000Z,1
2019-10-12T18:17:03.000Z,1
2019-10-12T18:19:52.000Z,1
2019-10-12T18:44:05.000Z,1
2019-10-12T18:46:31.000Z,1
2019-10-12T19:07:39.000Z,1
2019-10-12T19:40:30.000Z,1
2019-10-12T20:33:10.000Z,1
2019-10-12T22:54:42.000Z,1
2019-10-13T04:45:25.000Z,1
2019-10-13T06:16:01.000Z,1
2019-10-13T06:28:42.000Z,1
2019-10-13T08:20:05.000Z,1
2019-10-13T08:25:12.000Z,1
2019-10-13T09:04:35.000Z,1
2019-10-13T09:28:23.000Z,1
2019-10-13T09:43:32.000Z,1
2019-10-13T09:50:30.000Z,1
2019-10-13T10:08:04.000Z,1
2019-10-13T10:34:18.000Z,1
2019-10-13T10:43:03.000Z,1
2019-10-13T10:48:24.000Z,1
2019-10-13T10:49:43.000Z,1
2019-10-13T11:24:42.000Z,1
2019-10-13T11:49:30.000Z,1
2019-10-13T13:07:13.000Z,1
2019-10-13T13:31:52.000Z,1
2019-10-13T13:57:02.000Z,1
2019-10-13T14:15:24.000Z,1
2019-10-13T14:17:31.000Z,1
2019-10-13T14:26:48.000Z,1
2019-10-13T15:52:55.000Z,1
2019-10-13T15:54:58.000Z,1
2019-10-13T15:57:11.000Z,2
2019-10-13T16:11:14.000Z,1
2019-10-13T16:35:49.000Z,1
2019-10-13T16:55:12.000Z,2
2019-10-13T17:28:52.000Z,2
2019-10-13T18:14:29.000Z,1
2019-10-13T18:30:00.000Z,1
2019-10-13T18:31:13.000Z,1
2019-10-13T21:34:40.000Z,1
2019-10-14T01:40:48.000Z,1
2019-10-14T06:01:08.000Z,2
2019-10-14T06:39:21.000Z,1
2019-10-14T06:44:57.000Z,1
2019-10-14T07:04:54.000Z,1
2019-10-14T07:31:20.000Z,1
2019-10-14T07:42:49.000Z,1
2019-10-14T07:50:01.000Z,1
2019-10-14T07:50:56.000Z,1
2019-10-14T08:03:49.000Z,1
2019-10-14T08:37:09.000Z,1
2019-10-14T08:41:31.000Z,1
2019-10-14T09:15:21.000Z,1
2019-10-14T10:04:02.000Z,1
2019-10-14T10:08:39.000Z,1
2019-10-14T10:18:19.000Z,1
2019-10-14T10:42:21.000Z,2
2019-10-14T11:13:47.000Z,1
2019-10-14T11:16:02.000Z,1
2019-10-14T11:17:05.000Z,1
2019-10-14T11:27:17.000Z,1
2019-10-14T11:27:36.000Z,1
2019-10-14T11:59:11.000Z,1
2019-10-14T12:02:03.000Z,1
2019-10-14T12:10:17.000Z,1
2019-10-14T12:41:30.000Z,1
2019-10-14T13:07:55.000Z,1
2019-10-14T13:10:24.000Z,1
2019-10-14T13:48:58.000Z,1
2019-10-14T13:51:15.000Z,2
2019-10-09T11:56:49.000Z,2
2019-10-09T12:10:20.000Z,2
2019-10-09T12:36:40.000Z,1
2019-10-09T12:41:11.000Z,1
2019-10-09T12:46:25.000Z,1
2019-10-09T13:46:52.000Z,1
2019-10-09T14:11:59.000Z,1
2019-10-09T15:54:15.000Z,1
2019-10-09T16:34:51.000Z,1
2019-10-09T16:40:38.000Z,1
2019-10-09T16:51:43.000Z,1
2019-10-09T17:16:40.000Z,2
2019-10-09T17:19:16.000Z,1
2019-10-09T17:20:25.000Z,1
2019-10-09T20:14:49.000Z,1
2019-10-09T15:12:09.000Z,1
2019-10-09T15:59:35.000Z,1
2019-10-09T16:08:50.000Z,2
2019-10-09T16:39:45.000Z,1
2019-10-09T16:58:02.000Z,1
2019-10-09T17:00:54.000Z,1
2019-10-09T17:09:48.000Z,2
2019-10-09T17:11:08.000Z,2
2019-10-09T17:12:05.000Z,1
2019-10-09T17:12:28.000Z,1
2019-10-09T17:15:05.000Z,1
2019-10-09T17:18:25.000Z,1
2019-10-09T17:25:40.000Z,1
2019-10-09T17:41:16.000Z,1
2019-10-09T18:03:43.000Z,1
2019-10-09T18:11:22.000Z,1
2019-10-09T18:44:43.000Z,1
2019-10-09T18:47:32.000Z,1
2019-10-09T18:51:51.000Z,1
2019-10-09T18:56:50.000Z,1
2019-10-09T19:19:44.000Z,1
2019-10-09T19:33:07.000Z,1
2019-10-09T19:52:31.000Z,1
2019-10-09T20:34:47.000Z,1
2019-10-09T21:57:58.000Z,1
2019-10-09T22:20:44.000Z,1
2019-10-09T22:26:10.000Z,1
2019-10-09T23:39:39.000Z,1
2019-10-10T05:22:31.000Z,1
2019-10-10T06:15:26.000Z,1
2019-10-10T06:45:38.000Z,1
2019-10-10T06:58:46.000Z,1
2019-10-10T07:06:19.000Z,2
2019-10-10T07:12:24.000Z,1
2019-10-10T07:19:49.000Z,1
2019-10-10T07:34:56.000Z,1
2019-10-10T07:39:24.000Z,1
2019-10-10T07:41:14.000Z,1
2019-10-10T07:42:38.000Z,2
2019-10-10T07:43:12.000Z,1
2019-10-10T07:47:43.000Z,1
2019-10-10T07:52:30.000Z,1
2019-10-10T07:53:42.000Z,1
2019-10-10T07:55:39.000Z,1
2019-10-10T08:16:04.000Z,1
2019-10-10T08:20:19.000Z,1
2019-10-10T08:22:03.000Z,1
2019-10-10T08:43:44.000Z,2
2019-10-10T08:56:40.000Z,1
2019-10-10T09:04:59.000Z,2
2019-10-10T09:20:17.000Z,1
2019-10-10T10:41:58.000Z,1
2019-10-10T11:40:48.000Z,1
2019-10-10T12:32:14.000Z,1
2019-10-10T12:35:34.000Z,1
2019-10-10T12:43:30.000Z,1
2019-10-10T12:47:55.000Z,1
2019-10-10T12:56:18.000Z,1
2019-10-10T13:03:07.000Z,1
2019-10-10T13:15:13.000Z,1
2019-10-10T13:16:47.000Z,1
2019-10-10T13:53:27.000Z,1
2019-10-10T14:23:21.000Z,1
2019-10-10T14:26:39.000Z,1
2019-10-10T14:38:44.000Z,1
2019-10-10T15:04:02.000Z,1
2019-10-10T15:28:50.000Z,2
2019-10-10T15:58:15.000Z,1
2019-10-10T16:01:34.000Z,1
2019-10-10T16:02:04.000Z,1
2019-10-10T16:06:04.000Z,1
2019-10-10T16:12:29.000Z,1
2019-10-10T16:54:57.000Z,1
2019-10-10T16:57:31.000Z,3
2019-10-10T17:08:12.000Z,2
2019-10-10T17:17:31.000Z,1
2019-10-10T17:24:31.000Z,2
2019-10-10T17:31:25.000Z,1
2019-10-10T17:39:01.000Z,1
2019-10-10T18:08:08.000Z,1
2019-10-10T18:22:14.000Z,1
2019-10-10T18:37:35.000Z,1
2019-10-10T18:41:20.000Z,1
2019-10-10T19:00:16.000Z,1
2019-10-10T19:41:36.000Z,1
2019-10-10T19:45:55.000Z,1
2019-10-10T21:04:56.000Z,1
2019-10-10T21:08:01.000Z,1
2019-10-10T21:20:14.000Z,1
2019-10-10T21:21:12.000Z,1
2019-10-10T21:37:12.000Z,1
2019-10-10T21:56:27.000Z,1
2019-10-10T22:16:47.000Z,1
2019-10-10T22:20:29.000Z,1
2019-10-10T22:55:18.000Z,1
2019-10-11T00:44:21.000Z,1
2019-10-11T02:25:41.000Z,1
2019-10-11T04:34:12.000Z,1
2019-10-11T05:17:04.000Z,1
2019-10-11T06:16:43.000Z,1
2019-10-11T07:55:55.000Z,1
2019-10-11T07:56:45.000Z,1
2019-10-11T07:59:34.000Z,2
2019-10-11T08:15:28.000Z,1
2019-10-11T08:44:52.000Z,1
2019-10-11T08:47:03.000Z,1
2019-10-11T08:48:18.000Z,1
2019-10-11T08:51:25.000Z,1
2019-10-11T08:53:05.000Z,1
2019-10-11T09:38:34.000Z,1
2019-10-11T10:15:41.000Z,1
2019-10-11T10:42:16.000Z,1
2019-10-11T10:45:21.000Z,1
2019-10-11T13:09:45.000Z,2
2019-10-11T14:43:00.000Z,1
2019-10-11T14:47:33.000Z,1
2019-10-11T15:22:24.000Z,1
2019-10-11T15:59:23.000Z,2
2019-10-11T16:20:05.000Z,1
2019-10-11T16:40:26.000Z,1
2019-10-11T17:04:35.000Z,1
2019-10-11T17:06:34.000Z,1
2019-10-11T17:29:44.000Z,1
2019-10-11T17:41:49.000Z,1
2019-10-11T17:51:14.000Z,1
2019-10-11T17:57:24.000Z,2
2019-10-11T18:21:55.000Z,1
2019-10-11T18:25:00.000Z,2
2019-10-11T18:53:17.000Z,1
2019-10-11T19:15:17.000Z,1
2019-10-11T19:56:15.000Z,1
2019-10-11T19:58:14.000Z,1
2019-10-11T20:54:43.000Z,1
2019-10-11T21:12:26.000Z,1
2019-10-12T01:15:29.000Z,1
2019-10-12T04:49:32.000Z,1
2019-10-12T07:37:38.000Z,1
2019-10-12T08:11:19.000Z,1
2019-10-12T08:15:55.000Z,1
2019-10-12T08:18:45.000Z,2
2019-10-12T09:42:12.000Z,1
2019-10-12T09:47:27.000Z,1
2019-10-12T10:03:02.000Z,1
2019-10-12T10:37:41.000Z,1
2019-10-12T10:38:34.000Z,1
2019-10-12T11:04:16.000Z,1
2019-10-12T11:07:19.000Z,1
2019-10-12T11:25:32.000Z,1
2019-10-12T11:29:55.000Z,1
2019-10-12T11:45:32.000Z,1
2019-10-12T11:50:33.000Z,1
2019-10-12T12:16:09.000Z,1
2019-10-12T12:17:30.000Z,1
2019-10-12T12:45:47.000Z,1
2019-10-12T13:29:19.000Z,1
2019-10-12T13:33:32.000Z,1
2019-10-12T14:54:31.000Z,1
2019-10-12T15:03:10.000Z,1
2019-10-12T15:18:23.000Z,1
2019-10-12T15:25:51.000Z,1
2019-10-12T15:34:09.000Z,1
2019-10-12T15:55:58.000Z,1
2019-10-12T16:17:10.000Z,2
2019-10-12T16:23:31.000Z,1
2019-10-12T16:34:14.000Z,1
2019-10-12T16:41:39.000Z,1
2019-10-12T16:43:25.000Z,1
2019-10-12T16:53:35.000Z,1
2019-10-12T17:05:36.000Z,2
2019-10-12T17:05:59.000Z,2
2019-10-12T17:29:02.000Z,1
2019-10-12T17:49:56.000Z,1
2019-10-12T18:08:49.000Z,1
2019-10-12T18:13:49.000Z,1
2019-10-12T19:10:59.000Z,1
2019-10-12T19:16:25.000Z,1
2019-10-12T21:16:52.000Z,1
2019-10-12T21:41:12.000Z,1
2019-10-12T22:04:05.000Z,1
2019-10-12T22:04:32.000Z,1
2019-10-12T23:09:02.000Z,1
2019-10-13T00:23:31.000Z,1
2019-10-13T02:10:39.000Z,1
2019-10-13T03:40:05.000Z,2
2019-10-13T08:26:29.000Z,1
2019-10-13T08:35:34.000Z,1
2019-10-13T08:43:20.000Z,1
2019-10-13T09:19:42.000Z,1
2019-10-13T09:37:20.000Z,1
2019-10-13T09:38:21.000Z,1
2019-10-13T10:08:18.000Z,1
2019-10-13T10:12:14.000Z,2
2019-10-13T10:32:44.000Z,2
2019-10-13T10:40:16.000Z,1
2019-10-13T10:45:36.000Z,1
2019-10-13T11:04:35.000Z,1
2019-10-13T11:12:06.000Z,1
2019-10-13T11:19:37.000Z,1
2019-10-13T11:21:59.000Z,1
2019-10-13T11:30:46.000Z,1
2019-10-13T11:31:41.000Z,1
2019-10-13T11:40:58.000Z,1
2019-10-13T11:49:32.000Z,1
2019-10-13T11:59:00.000Z,1
2019-10-13T12:19:05.000Z,1
2019-10-13T12:30:52.000Z,1
2019-10-13T12:31:36.000Z,2
2019-10-13T12:44:18.000Z,2
2019-10-13T12:54:57.000Z,1
2019-10-13T13:05:15.000Z,1
2019-10-13T13:30:12.000Z,1
2019-10-13T13:33:29.000Z,1
2019-10-13T13:51:36.000Z,1
2019-10-13T14:01:07.000Z,1
2019-10-13T14:02:52.000Z,1
2019-10-13T14:29:33.000Z,1
2019-10-13T14:47:04.000Z,1
2019-10-13T16:23:46.000Z,1
2019-10-13T16:35:06.000Z,1
2019-10-13T16:43:50.000Z,1
2019-10-13T17:33:03.000Z,1
2019-10-13T18:17:33.000Z,2
2019-10-13T18:22:28.000Z,1
2019-10-13T18:51:14.000Z,1
2019-10-13T20:22:20.000Z,1
2019-10-14T05:48:23.000Z,1
2019-10-14T06:34:40.000Z,1
2019-10-14T06:36:01.000Z,1
2019-10-14T06:49:59.000Z,1
2019-10-14T07:00:26.000Z,1
2019-10-14T07:08:13.000Z,1
2019-10-14T07:56:08.000Z,1
2019-10-14T08:07:53.000Z,1
2019-10-14T08:12:34.000Z,1
2019-10-14T08:16:47.000Z,1
2019-10-14T08:38:48.000Z,1
2019-10-14T08:58:37.000Z,1
2019-10-14T09:21:57.000Z,1
2019-10-14T09:24:24.000Z,1
2019-10-14T10:47:00.000Z,1
2019-10-14T10:51:44.000Z,1
2019-10-14T11:00:02.000Z,2
2019-10-14T11:11:12.000Z,2
2019-10-14T11:49:11.000Z,1
2019-10-14T12:25:00.000Z,1
2019-10-14T12:38:27.000Z,1
2019-10-14T12:54:40.000Z,1
2019-10-14T12:56:48.000Z,1
2019-10-14T13:04:04.000Z,1
2019-10-14T13:21:55.000Z,1
2019-10-14T13:28:34.000Z,1
2019-10-14T13:33:39.000Z,1
2019-10-14T14:13:48.000Z,1
2019-10-14T14:28:09.000Z,1
2019-10-14T14:35:59.000Z,1
2019-10-09T11:06:58.000Z,1
2019-10-09T11:40:49.000Z,1
2019-10-09T11:54:39.000Z,1
2019-10-09T12:00:46.000Z,1
2019-10-09T12:04:35.000Z,1
2019-10-09T12:17:00.000Z,1
2019-10-09T12:28:52.000Z,1
2019-10-09T12:30:02.000Z,1
2019-10-09T12:51:32.000Z,2
2019-10-09T12:57:21.000Z,1
2019-10-09T12:58:47.000Z,1
2019-10-09T13:01:57.000Z,1
2019-10-09T13:11:21.000Z,1
2019-10-09T13:42:41.000Z,2
2019-10-09T13:42:42.000Z,2
2019-10-09T14:35:25.000Z,1
2019-10-09T15:07:32.000Z,1
2019-10-09T15:54:40.000Z,1
2019-10-09T16:08:14.000Z,1
2019-10-09T16:55:52.000Z,1
2019-10-09T17:38:28.000Z,1
2019-10-09T18:22:31.000Z,1
2019-10-09T15:08:29.000Z,2
2019-10-09T15:33:19.000Z,1
2019-10-09T16:37:40.000Z,4
2019-10-09T16:40:28.000Z,1
2019-10-09T16:42:24.000Z,1
2019-10-09T16:45:14.000Z,1
2019-10-09T16:48:47.000Z,1
2019-10-09T17:02:45.000Z,3
2019-10-09T17:03:24.000Z,2
2019-10-09T17:12:04.000Z,1
2019-10-09T17:12:56.000Z,1
2019-10-09T17:19:39.000Z,3
2019-10-09T17:52:50.000Z,1
2019-10-09T17:56:32.000Z,2
2019-10-09T18:24:35.000Z,1
2019-10-09T18:41:14.000Z,1
2019-10-09T19:12:45.000Z,1
2019-10-09T19:14:22.000Z,1
2019-10-09T19:24:29.000Z,1
2019-10-09T20:14:20.000Z,1
2019-10-09T20:38:33.000Z,1
2019-10-09T20:42:40.000Z,1
2019-10-09T20:48:35.000Z,1
2019-10-09T21:04:42.000Z,1
2019-10-09T21:11:23.000Z,1
2019-10-09T22:51:14.000Z,1
2019-10-09T23:45:17.000Z,1
2019-10-10T05:35:31.000Z,1
2019-10-10T06:33:19.000Z,1
2019-10-10T06:56:35.000Z,2
2019-10-10T07:12:37.000Z,1
2019-10-10T07:13:13.000Z,1
2019-10-10T07:23:01.000Z,1
2019-10-10T07:24:49.000Z,1
2019-10-10T07:31:22.000Z,1
2019-10-10T07:45:41.000Z,1
2019-10-10T07:59:56.000Z,1
2019-10-10T08:03:08.000Z,2
2019-10-10T08:04:04.000Z,1
2019-10-10T08:09:22.000Z,2
2019-10-10T08:09:38.000Z,1
2019-10-10T08:12:43.000Z,1
2019-10-10T08:30:51.000Z,1
2019-10-10T08:30:55.000Z,1
2019-10-10T08:45:03.000Z,2
2019-10-10T09:08:25.000Z,1
2019-10-10T09:08:55.000Z,1
2019-10-10T09:18:03.000Z,1
2019-10-10T09:31:38.000Z,1
2019-10-10T09:35:29.000Z,1
2019-10-10T09:37:03.000Z,1
2019-10-10T10:01:22.000Z,2
2019-10-10T10:08:06.000Z,1
2019-10-10T10:13:18.000Z,1
2019-10-10T10:33:04.000Z,1
2019-10-10T10:42:37.000Z,1
2019-10-10T12:15:05.000Z,1
2019-10-10T12:17:56.000Z,1
2019-10-10T12:35:53.000Z,1
2019-10-10T12:53:44.000Z,1
2019-10-10T14:14:33.000Z,2
2019-10-10T14:32:22.000Z,1
2019-10-10T14:50:07.000Z,1
2019-10-10T15:09:54.000Z,1
2019-10-10T15:16:44.000Z,1
2019-10-10T15:17:02.000Z,1
2019-10-10T15:34:57.000Z,2
2019-10-10T15:57:28.000Z,1
2019-10-10T16:01:21.000Z,1
2019-10-10T16:04:17.000Z,2
2019-10-10T16:08:04.000Z,1
2019-10-10T16:36:59.000Z,2
2019-10-10T16:38:17.000Z,2
2019-10-10T16:41:17.000Z,2
2019-10-10T16:42:39.000Z,1
2019-10-10T16:46:44.000Z,1
2019-10-10T16:59:41.000Z,1
2019-10-10T17:13:51.000Z,1
2019-10-10T17:22:48.000Z,1
2019-10-10T17:34:11.000Z,1
2019-10-10T17:38:37.000Z,1
2019-10-10T17:42:38.000Z,1
2019-10-10T17:58:18.000Z,1
2019-10-10T18:03:05.000Z,2
2019-10-10T18:05:55.000Z,1
2019-10-10T18:22:36.000Z,1
2019-10-10T18:30:53.000Z,1
2019-10-10T19:02:26.000Z,1
2019-10-10T19:13:43.000Z,1
2019-10-10T19:15:56.000Z,1
2019-10-10T19:55:47.000Z,1
2019-10-10T20:14:22.000Z,1
2019-10-10T20:57:07.000Z,1
2019-10-10T22:13:24.000Z,1
2019-10-10T22:44:17.000Z,1
2019-10-11T01:36:29.000Z,1
2019-10-11T03:01:57.000Z,1
2019-10-11T03:06:17.000Z,1
2019-10-11T06:21:25.000Z,1
2019-10-11T06:31:10.000Z,1
2019-10-11T06:44:37.000Z,1
2019-10-11T07:12:52.000Z,2
2019-10-11T07:15:42.000Z,1
2019-10-11T07:22:38.000Z,2
2019-10-11T07:30:54.000Z,1
2019-10-11T07:31:14.000Z,1
2019-10-11T07:36:27.000Z,1
2019-10-11T08:01:54.000Z,1
2019-10-11T08:02:52.000Z,1
2019-10-11T08:03:37.000Z,1
2019-10-11T08:15:39.000Z,1
2019-10-11T08:43:48.000Z,1
2019-10-11T09:19:17.000Z,1
2019-10-11T10:29:50.000Z,1
2019-10-11T12:07:37.000Z,1
2019-10-11T14:11:15.000Z,1
2019-10-11T14:29:12.000Z,1
2019-10-11T14:50:58.000Z,2
2019-10-11T14:57:07.000Z,3
2019-10-11T15:14:49.000Z,1
2019-10-11T15:52:34.000Z,1
2019-10-11T16:17:43.000Z,1
2019-10-11T16:40:49.000Z,1
2019-10-11T16:42:34.000Z,1
2019-10-11T16:53:02.000Z,1
2019-10-11T16:53:34.000Z,1
2019-10-11T16:54:13.000Z,1
2019-10-11T17:53:32.000Z,1
2019-10-11T18:09:04.000Z,1
2019-10-11T18:20:48.000Z,1
2019-10-11T19:03:40.000Z,1
2019-10-12T01:08:51.000Z,1
2019-10-12T09:02:03.000Z,1
2019-10-12T09:32:21.000Z,1
2019-10-12T09:34:24.000Z,1
2019-10-12T09:49:07.000Z,1
2019-10-12T10:14:50.000Z,2
2019-10-12T10:26:33.000Z,1
2019-10-12T11:12:10.000Z,1
2019-10-12T11:46:21.000Z,1
2019-10-12T11:46:23.000Z,1
2019-10-12T12:10:20.000Z,1
2019-10-12T12:11:35.000Z,1
2019-10-12T13:07:51.000Z,1
2019-10-12T13:11:56.000Z,1
2019-10-12T13:33:07.000Z,1
2019-10-12T13:51:15.000Z,1
2019-10-12T13:52:15.000Z,1
2019-10-12T13:59:47.000Z,1
2019-10-12T14:45:17.000Z,1
2019-10-12T15:11:30.000Z,1
2019-10-12T15:29:05.000Z,1
2019-10-12T15:33:03.000Z,1
2019-10-12T16:19:27.000Z,1
2019-10-12T16:21:28.000Z,1
2019-10-12T16:54:13.000Z,2
2019-10-12T17:11:51.000Z,1
2019-10-12T17:22:23.000Z,2
2019-10-12T17:31:28.000Z,1
2019-10-12T18:16:50.000Z,1
2019-10-12T18:31:15.000Z,1
2019-10-12T18:47:36.000Z,1
2019-10-12T19:13:29.000Z,1
2019-10-12T19:18:56.000Z,1
2019-10-12T22:39:49.000Z,1
2019-10-12T23:42:26.000Z,1
2019-10-13T04:54:13.000Z,1
2019-10-13T05:54:03.000Z,1
2019-10-13T06:20:31.000Z,1
2019-10-13T06:42:30.000Z,2
2019-10-13T07:29:59.000Z,1
2019-10-13T08:37:57.000Z,1
2019-10-13T08:39:39.000Z,1
2019-10-13T08:47:53.000Z,1
2019-10-13T08:55:01.000Z,1
2019-10-13T08:55:56.000Z,1
2019-10-13T09:22:28.000Z,1
2019-10-13T09:26:00.000Z,2
2019-10-13T09:27:22.000Z,2
2019-10-13T09:29:34.000Z,2
2019-10-13T10:25:10.000Z,1
2019-10-13T10:25:29.000Z,1
2019-10-13T10:30:20.000Z,1
2019-10-13T10:54:23.000Z,3
2019-10-13T11:04:22.000Z,1
2019-10-13T11:09:31.000Z,1
2019-10-13T11:30:01.000Z,1
2019-10-13T11:30:40.000Z,2
2019-10-13T11:30:51.000Z,1
2019-10-13T11:35:02.000Z,2
2019-10-13T12:10:20.000Z,1
2019-10-13T12:19:53.000Z,1
2019-10-13T12:37:32.000Z,1
2019-10-13T12:39:20.000Z,1
2019-10-13T13:06:04.000Z,1
2019-10-13T13:06:10.000Z,1
2019-10-13T13:06:52.000Z,1
2019-10-13T13:14:51.000Z,1
2019-10-13T13:20:43.000Z,1
2019-10-13T13:20:58.000Z,1
2019-10-13T13:55:21.000Z,1
2019-10-13T14:46:35.000Z,1
2019-10-13T14:50:57.000Z,1
2019-10-13T14:55:00.000Z,1
2019-10-13T15:44:17.000Z,1
2019-10-13T16:11:36.000Z,1
2019-10-13T16:48:21.000Z,1
2019-10-13T16:49:31.000Z,1
2019-10-13T16:58:07.000Z,1
2019-10-13T17:10:57.000Z,1
2019-10-13T17:47:04.000Z,1
2019-10-13T18:17:10.000Z,1
2019-10-13T18:20:25.000Z,1
2019-10-13T18:35:10.000Z,1
2019-10-13T22:26:05.000Z,1
2019-10-14T01:08:16.000Z,1
2019-10-14T06:04:09.000Z,1
2019-10-14T06:17:54.000Z,1
2019-10-14T06:26:34.000Z,1
2019-10-14T06:52:01.000Z,1
2019-10-14T07:36:39.000Z,1
2019-10-14T07:48:26.000Z,1
2019-10-14T07:57:25.000Z,1
2019-10-14T08:06:15.000Z,1
2019-10-14T08:36:34.000Z,1
2019-10-14T08:43:13.000Z,1
2019-10-14T08:56:32.000Z,1
2019-10-14T09:31:18.000Z,1
2019-10-14T09:36:08.000Z,1
2019-10-14T10:25:35.000Z,1
2019-10-14T11:43:06.000Z,1
2019-10-14T11:48:58.000Z,1
2019-10-14T12:13:54.000Z,1
2019-10-14T13:05:41.000Z,1
2019-10-14T13:11:29.000Z,1
2019-10-14T13:32:48.000Z,2
2019-10-14T13:52:45.000Z,1
2019-10-14T14:05:42.000Z,1
2019-10-14T14:09:34.000Z,1
2019-10-14T14:12:20.000Z,1
2019-10-14T14:20:52.000Z,1
2019-10-09T10:50:31.000Z,1
2019-10-09T11:12:30.000Z,1
2019-10-09T11:12:38.000Z,1
2019-10-09T11:15:26.000Z,1
2019-10-09T12:31:00.000Z,1
2019-10-09T12:40:21.000Z,1
2019-10-09T13:22:37.000Z,1
2019-10-09T13:53:18.000Z,1
2019-10-09T13:58:58.000Z,1
2019-10-09T14:11:15.000Z,1
2019-10-09T14:12:34.000Z,1
2019-10-09T14:44:50.000Z,1
2019-10-09T14:46:33.000Z,1
2019-10-09T17:08:21.000Z,2
2019-10-09T18:00:30.000Z,1
2019-10-09T18:43:16.000Z,2
2019-10-09T19:45:53.000Z,1
2019-10-09T14:49:55.000Z,1
2019-10-09T14:58:56.000Z,2
2019-10-09T16:20:08.000Z,2
2019-10-09T16:44:50.000Z,1
2019-10-09T16:54:54.000Z,1
2019-10-09T16:59:30.000Z,1
2019-10-09T17:07:33.000Z,1
2019-10-09T17:14:55.000Z,2
2019-10-09T17:53:17.000Z,1
2019-10-09T17:57:11.000Z,2
2019-10-09T17:59:48.000Z,1
2019-10-09T18:00:33.000Z,1
2019-10-09T18:04:55.000Z,1
2019-10-09T18:08:23.000Z,1
2019-10-09T18:16:57.000Z,2
2019-10-09T18:22:17.000Z,1
2019-10-09T18:23:09.000Z,1
2019-10-09T18:26:29.000Z,2
2019-10-09T18:30:26.000Z,1
2019-10-09T18:35:30.000Z,1
2019-10-09T18:48:15.000Z,1
2019-10-09T18:48:22.000Z,1
2019-10-09T18:52:56.000Z,1
2019-10-09T19:40:33.000Z,1
2019-10-09T19:54:53.000Z,1
2019-10-09T20:48:50.000Z,1
2019-10-09T21:05:40.000Z,1
2019-10-09T21:36:56.000Z,1
2019-10-10T00:30:32.000Z,1
2019-10-10T05:15:52.000Z,1
2019-10-10T06:13:47.000Z,1
2019-10-10T06:28:17.000Z,1
2019-10-10T06:54:55.000Z,2
2019-10-10T06:56:49.000Z,2
2019-10-10T07:41:13.000Z,1
2019-10-10T08:01:31.000Z,1
2019-10-10T08:20:07.000Z,2
2019-10-10T08:38:10.000Z,2
2019-10-10T08:41:32.000Z,1
2019-10-10T08:45:24.000Z,1
2019-10-10T08:46:38.000Z,1
2019-10-10T09:01:38.000Z,1
2019-10-10T09:11:23.000Z,1
2019-10-10T09:17:07.000Z,1
2019-10-10T09:23:21.000Z,1
2019-10-10T09:32:33.000Z,1
2019-10-10T10:20:01.000Z,1
2019-10-10T10:35:44.000Z,1
2019-10-10T10:48:26.000Z,1
2019-10-10T11:01:23.000Z,1
2019-10-10T11:32:47.000Z,1
2019-10-10T11:38:03.000Z,1
2019-10-10T11:57:27.000Z,1
2019-10-10T12:10:16.000Z,1
2019-10-10T13:16:56.000Z,1
2019-10-10T13:49:14.000Z,1
2019-10-10T13:54:28.000Z,2
2019-10-10T13:56:48.000Z,1
2019-10-10T14:02:48.000Z,1
2019-10-10T14:33:21.000Z,1
2019-10-10T14:49:28.000Z,1
2019-10-10T15:19:26.000Z,2
2019-10-10T15:35:35.000Z,1
2019-10-10T16:03:26.000Z,4
2019-10-10T16:04:57.000Z,1
2019-10-10T16:14:52.000Z,1
2019-10-10T16:24:36.000Z,1
2019-10-10T16:34:46.000Z,1
2019-10-10T16:36:55.000Z,1
2019-10-10T16:40:11.000Z,1
2019-10-10T16:44:17.000Z,1
2019-10-10T16:46:49.000Z,1
2019-10-10T16:51:13.000Z,1
2019-10-10T16:58:56.000Z,2
2019-10-10T17:10:00.000Z,1
2019-10-10T17:19:46.000Z,1
2019-10-10T17:24:49.000Z,1
2019-10-10T17:25:14.000Z,1
2019-10-10T17:30:32.000Z,1
2019-10-10T17:31:24.000Z,2
2019-10-10T17:39:00.000Z,2
2019-10-10T17:48:26.000Z,1
2019-10-10T17:48:27.000Z,1
2019-10-10T17:48:42.000Z,1
2019-10-10T17:53:14.000Z,1
2019-10-10T18:01:39.000Z,2
2019-10-10T18:11:54.000Z,3
2019-10-10T18:14:18.000Z,1
2019-10-10T18:15:58.000Z,2
2019-10-10T18:23:29.000Z,1
2019-10-10T18:45:29.000Z,1
2019-10-10T18:56:18.000Z,1
2019-10-10T18:57:15.000Z,1
2019-10-10T19:23:58.000Z,1
2019-10-10T20:10:42.000Z,1
2019-10-10T21:28:14.000Z,1
2019-10-10T21:57:47.000Z,1
2019-10-10T22:42:44.000Z,1
2019-10-11T04:59:26.000Z,1
2019-10-11T06:32:00.000Z,1
2019-10-11T06:38:07.000Z,1
2019-10-11T06:38:32.000Z,1
2019-10-11T07:36:55.000Z,2
2019-10-11T07:50:14.000Z,1
2019-10-11T07:51:29.000Z,1
2019-10-11T08:00:02.000Z,1
2019-10-11T08:08:48.000Z,2
2019-10-11T08:21:00.000Z,1
2019-10-11T11:05:22.000Z,1
2019-10-11T11:46:23.000Z,1
2019-10-11T13:00:17.000Z,1
2019-10-11T13:25:14.000Z,1
2019-10-11T13:56:19.000Z,1
2019-10-11T14:10:16.000Z,1
2019-10-11T14:14:43.000Z,1
2019-10-11T15:14:07.000Z,1
2019-10-11T16:14:04.000Z,1
2019-10-11T16:22:51.000Z,1
2019-10-11T16:25:57.000Z,1
2019-10-11T16:41:39.000Z,1
2019-10-11T16:55:09.000Z,1
2019-10-11T17:45:44.000Z,1
2019-10-11T18:04:22.000Z,1
2019-10-11T18:51:10.000Z,1
2019-10-11T19:29:03.000Z,1
2019-10-11T19:34:54.000Z,1
2019-10-11T20:13:51.000Z,1
2019-10-11T20:38:30.000Z,1
2019-10-11T21:53:19.000Z,1
2019-10-12T01:17:53.000Z,1
2019-10-12T03:28:04.000Z,1
2019-10-12T05:27:16.000Z,1
2019-10-12T08:19:35.000Z,1
2019-10-12T10:12:45.000Z,1
2019-10-12T10:18:25.000Z,1
2019-10-12T11:02:09.000Z,1
2019-10-12T11:02:45.000Z,2
2019-10-12T11:34:18.000Z,1
2019-10-12T11:55:11.000Z,1
2019-10-12T12:11:57.000Z,1
2019-10-12T12:48:55.000Z,1
2019-10-12T13:20:01.000Z,1
2019-10-12T13:27:03.000Z,2
2019-10-12T13:33:35.000Z,1
2019-10-12T13:41:42.000Z,1
2019-10-12T14:04:05.000Z,1
2019-10-12T14:23:41.000Z,1
2019-10-12T14:50:24.000Z,1
2019-10-12T15:07:55.000Z,1
2019-10-12T15:25:45.000Z,1
2019-10-12T15:31:07.000Z,1
2019-10-12T16:14:26.000Z,1
2019-10-12T16:19:04.000Z,1
2019-10-12T16:23:33.000Z,1
2019-10-12T17:26:27.000Z,1
2019-10-12T17:58:03.000Z,1
2019-10-12T19:59:50.000Z,1
2019-10-12T22:43:32.000Z,1
2019-10-12T22:44:38.000Z,1
2019-10-12T23:01:58.000Z,1
2019-10-12T23:23:46.000Z,1
2019-10-13T00:19:30.000Z,1
2019-10-13T06:51:50.000Z,1
2019-10-13T07:03:39.000Z,1
2019-10-13T08:19:03.000Z,1
2019-10-13T09:07:46.000Z,2
2019-10-13T09:10:34.000Z,1
2019-10-13T09:23:39.000Z,1
2019-10-13T10:25:58.000Z,2
2019-10-13T10:58:21.000Z,1
2019-10-13T11:03:28.000Z,1
2019-10-13T11:10:49.000Z,1
2019-10-13T11:11:37.000Z,2
2019-10-13T11:21:45.000Z,1
2019-10-13T11:26:44.000Z,1
2019-10-13T11:31:03.000Z,1
2019-10-13T11:48:01.000Z,1
2019-10-13T11:55:48.000Z,3
2019-10-13T12:04:46.000Z,1
2019-10-13T12:22:07.000Z,1
2019-10-13T12:30:45.000Z,1
2019-10-13T12:55:08.000Z,2
2019-10-13T13:45:43.000Z,1
2019-10-13T13:58:25.000Z,1
2019-10-13T14:06:03.000Z,1
2019-10-13T14:14:22.000Z,1
2019-10-13T14:18:08.000Z,1
2019-10-13T14:26:19.000Z,1
2019-10-13T15:12:07.000Z,1
2019-10-13T15:15:03.000Z,2
2019-10-13T15:26:25.000Z,1
2019-10-13T15:32:55.000Z,1
2019-10-13T15:53:49.000Z,1
2019-10-13T16:00:11.000Z,1
2019-10-13T16:03:57.000Z,3
2019-10-13T16:16:43.000Z,1
2019-10-13T16:24:35.000Z,1
2019-10-13T17:08:37.000Z,2
2019-10-13T17:16:12.000Z,1
2019-10-13T17:56:01.000Z,1
2019-10-13T18:14:55.000Z,1
2019-10-13T20:33:36.000Z,1
2019-10-14T06:02:44.000Z,1
2019-10-14T06:43:39.000Z,1
2019-10-14T07:22:21.000Z,1
2019-10-14T07:23:16.000Z,1
2019-10-14T08:13:53.000Z,1
2019-10-14T08:28:31.000Z,1
2019-10-14T08:31:16.000Z,1
2019-10-14T08:38:33.000Z,1
2019-10-14T08:51:38.000Z,1
2019-10-14T08:52:34.000Z,1
2019-10-14T09:35:58.000Z,1
2019-10-14T10:01:02.000Z,1
2019-10-14T10:24:48.000Z,1
2019-10-14T10:32:07.000Z,1
2019-10-14T11:11:05.000Z,1
2019-10-14T11:50:12.000Z,1
2019-10-14T12:15:47.000Z,1
2019-10-14T13:00:55.000Z,1
2019-10-14T13:29:28.000Z,1
2019-10-14T13:35:11.000Z,1
2019-10-14T13:48:05.000Z,1
2019-10-14T14:10:58.000Z,1
2019-10-14T14:14:11.000Z,1
2019-10-14T14:17:52.000Z,1
2019-10-14T14:36:35.000Z,1
2019-10-09T10:41:12.000Z,1
2019-10-09T11:37:30.000Z,1
2019-10-09T11:50:52.000Z,1
2019-10-09T11:52:57.000Z,1
2019-10-09T12:05:40.000Z,1
2019-10-09T12:55:48.000Z,1
2019-10-09T13:44:54.000Z,1
2019-10-09T14:17:17.000Z,1
2019-10-09T14:18:21.000Z,1
2019-10-09T14:29:15.000Z,1
2019-10-09T14:31:17.000Z,1
2019-10-09T15:47:47.000Z,2
2019-10-09T15:55:03.000Z,1
2019-10-09T15:58:07.000Z,2
2019-10-09T16:05:28.000Z,2
2019-10-09T16:53:57.000Z,1
2019-10-09T17:08:44.000Z,1
2019-10-09T17:56:57.000Z,1
2019-10-09T19:30:27.000Z,1
2019-10-09T20:41:12.000Z,1
2019-10-09T13:09:31.000Z,1
2019-10-09T13:42:30.000Z,1
2019-10-09T13:49:33.000Z,1
2019-10-09T15:18:15.000Z,1
2019-10-09T15:20:06.000Z,1
2019-10-09T15:35:12.000Z,1
2019-10-09T16:07:00.000Z,1
2019-10-09T16:07:15.000Z,1
2019-10-09T16:20:06.000Z,1
2019-10-09T16:50:28.000Z,1
2019-10-09T16:51:33.000Z,2
2019-10-09T16:51:51.000Z,1
2019-10-09T16:58:29.000Z,1
2019-10-09T17:07:08.000Z,1
2019-10-09T17:22:24.000Z,2
2019-10-09T17:22:38.000Z,1
2019-10-09T17:39:04.000Z,1
2019-10-09T17:39:59.000Z,1
2019-10-09T17:42:53.000Z,1
2019-10-09T18:13:08.000Z,1
2019-10-09T18:15:19.000Z,1
2019-10-09T18:26:44.000Z,1
2019-10-09T18:28:39.000Z,2
2019-10-09T19:12:25.000Z,1
2019-10-09T19:15:36.000Z,1
2019-10-09T19:27:50.000Z,1
2019-10-09T19:41:25.000Z,1
2019-10-09T20:17:50.000Z,1
2019-10-09T21:29:40.000Z,1
2019-10-09T21:31:25.000Z,1
2019-10-09T22:13:24.000Z,1
2019-10-09T22:22:35.000Z,1
2019-10-09T23:00:16.000Z,1
2019-10-09T23:15:41.000Z,1
2019-10-10T00:38:55.000Z,1
2019-10-10T06:22:27.000Z,1
2019-10-10T06:54:18.000Z,1
2019-10-10T07:00:48.000Z,1
2019-10-10T07:27:25.000Z,1
2019-10-10T07:44:57.000Z,1
2019-10-10T07:56:58.000Z,1
2019-10-10T08:11:19.000Z,1
2019-10-10T08:38:14.000Z,1
2019-10-10T08:44:51.000Z,1
2019-10-10T08:45:06.000Z,3
2019-10-10T08:49:37.000Z,1
2019-10-10T09:04:06.000Z,2
2019-10-10T09:08:32.000Z,1
2019-10-10T09:16:25.000Z,1
2019-10-10T09:17:30.000Z,1
2019-10-10T09:31:15.000Z,1
2019-10-10T11:13:42.000Z,1
2019-10-10T11:55:04.000Z,1
2019-10-10T12:07:27.000Z,1
2019-10-10T12:45:58.000Z,1
2019-10-10T13:00:46.000Z,1
2019-10-10T13:09:16.000Z,1
2019-10-10T13:09:33.000Z,1
2019-10-10T13:59:02.000Z,1
2019-10-10T14:05:20.000Z,1
2019-10-10T14:10:46.000Z,1
2019-10-10T14:20:38.000Z,2
2019-10-10T15:10:33.000Z,1
2019-10-10T15:46:26.000Z,1
2019-10-10T15:49:36.000Z,1
2019-10-10T16:01:19.000Z,1
2019-10-10T16:19:25.000Z,1
2019-10-10T16:20:05.000Z,1
2019-10-10T16:23:22.000Z,1
2019-10-10T16:25:08.000Z,1
2019-10-10T16:39:22.000Z,2
2019-10-10T16:49:11.000Z,1
2019-10-10T16:59:57.000Z,1
2019-10-10T17:07:56.000Z,2
2019-10-10T17:13:02.000Z,1
2019-10-10T17:28:20.000Z,1
2019-10-10T17:32:04.000Z,1
2019-10-10T17:47:09.000Z,1
2019-10-10T18:02:07.000Z,1
2019-10-10T18:13:11.000Z,1
2019-10-10T18:14:15.000Z,1
2019-10-10T18:29:33.000Z,2
2019-10-10T18:32:46.000Z,1
2019-10-10T18:32:52.000Z,1
2019-10-10T18:52:13.000Z,1
2019-10-10T19:05:07.000Z,1
2019-10-10T19:13:20.000Z,3
2019-10-10T19:36:08.000Z,1
2019-10-10T19:37:59.000Z,1
2019-10-10T19:47:05.000Z,2
2019-10-10T20:05:29.000Z,1
2019-10-10T20:33:47.000Z,1
2019-10-10T21:26:32.000Z,1
2019-10-10T21:38:55.000Z,1
2019-10-10T22:11:56.000Z,2
2019-10-10T22:12:46.000Z,1
2019-10-10T23:09:25.000Z,1
2019-10-10T23:10:01.000Z,1
2019-10-11T00:02:40.000Z,1
2019-10-11T00:50:39.000Z,1
2019-10-11T03:06:44.000Z,1
2019-10-11T05:17:05.000Z,1
2019-10-11T06:07:06.000Z,1
2019-10-11T06:40:15.000Z,1
2019-10-11T06:43:30.000Z,1
2019-10-11T06:44:03.000Z,1
2019-10-11T07:10:28.000Z,1
2019-10-11T07:20:17.000Z,1
2019-10-11T07:49:10.000Z,1
2019-10-11T08:26:07.000Z,1
2019-10-11T08:57:44.000Z,1
2019-10-11T11:09:38.000Z,1
2019-10-11T12:23:43.000Z,2
2019-10-11T12:56:17.000Z,1
2019-10-11T13:04:06.000Z,1
2019-10-11T13:26:19.000Z,1
2019-10-11T13:49:41.000Z,1
2019-10-11T14:48:24.000Z,1
2019-10-11T15:08:44.000Z,1
2019-10-11T15:32:22.000Z,1
2019-10-11T15:52:23.000Z,1
2019-10-11T15:54:52.000Z,1
2019-10-11T16:17:55.000Z,1
2019-10-11T16:42:09.000Z,1
2019-10-11T17:04:01.000Z,1
2019-10-11T17:08:14.000Z,1
2019-10-11T17:14:46.000Z,1
2019-10-11T17:23:46.000Z,1
2019-10-11T17:24:11.000Z,1
2019-10-11T17:49:03.000Z,2
2019-10-11T18:05:29.000Z,1
2019-10-11T18:17:58.000Z,1
2019-10-11T18:22:41.000Z,1
2019-10-11T18:34:58.000Z,1
2019-10-11T18:38:49.000Z,1
2019-10-11T19:14:09.000Z,1
2019-10-11T19:27:24.000Z,1
2019-10-11T19:36:26.000Z,1
2019-10-11T19:39:56.000Z,1
2019-10-11T20:21:17.000Z,1
2019-10-11T20:57:10.000Z,1
2019-10-11T21:10:29.000Z,1
2019-10-11T21:11:34.000Z,1
2019-10-11T22:02:35.000Z,1
2019-10-12T00:34:19.000Z,1
2019-10-12T01:09:41.000Z,1
2019-10-12T06:38:56.000Z,1
2019-10-12T07:13:49.000Z,1
2019-10-12T08:28:39.000Z,1
2019-10-12T09:08:22.000Z,1
2019-10-12T10:05:20.000Z,1
2019-10-12T10:33:01.000Z,1
2019-10-12T10:47:06.000Z,1
2019-10-12T11:11:54.000Z,1
2019-10-12T11:29:53.000Z,1
2019-10-12T11:59:29.000Z,2
2019-10-12T12:01:55.000Z,1
2019-10-12T12:10:26.000Z,1
2019-10-12T12:22:03.000Z,1
2019-10-12T12:28:00.000Z,1
2019-10-12T12:34:03.000Z,1
2019-10-12T12:34:28.000Z,1
2019-10-12T12:38:32.000Z,1
2019-10-12T12:50:48.000Z,1
2019-10-12T13:09:57.000Z,1
2019-10-12T13:19:24.000Z,1
2019-10-12T13:27:10.000Z,2
2019-10-12T13:42:44.000Z,1
2019-10-12T13:58:02.000Z,1
2019-10-12T14:02:03.000Z,1
2019-10-12T14:14:08.000Z,1
2019-10-12T14:21:12.000Z,2
2019-10-12T14:23:34.000Z,1
2019-10-12T14:50:53.000Z,1
2019-10-12T14:52:28.000Z,1
2019-10-12T15:56:46.000Z,1
2019-10-12T16:05:21.000Z,1
2019-10-12T16:49:14.000Z,1
2019-10-12T16:50:32.000Z,1
2019-10-12T17:28:42.000Z,2
2019-10-12T19:04:37.000Z,1
2019-10-12T19:41:05.000Z,1
2019-10-13T07:33:14.000Z,1
2019-10-13T08:32:48.000Z,2
2019-10-13T08:35:17.000Z,1
2019-10-13T09:10:16.000Z,1
2019-10-13T09:22:33.000Z,1
2019-10-13T09:28:18.000Z,1
2019-10-13T09:33:07.000Z,1
2019-10-13T09:57:03.000Z,2
2019-10-13T10:11:00.000Z,1
2019-10-13T10:41:27.000Z,2
2019-10-13T10:50:28.000Z,1
2019-10-13T10:53:35.000Z,1
2019-10-13T11:06:09.000Z,2
2019-10-13T11:27:16.000Z,1
2019-10-13T11:32:47.000Z,1
2019-10-13T12:00:07.000Z,1
2019-10-13T12:10:44.000Z,2
2019-10-13T12:45:19.000Z,1
2019-10-13T12:57:10.000Z,2
2019-10-13T13:48:45.000Z,2
2019-10-13T13:50:21.000Z,1
2019-10-13T13:57:25.000Z,1
2019-10-13T13:58:14.000Z,1
2019-10-13T14:05:07.000Z,1
2019-10-13T14:17:14.000Z,1
2019-10-13T14:33:14.000Z,1
2019-10-13T14:36:21.000Z,1
2019-10-13T14:41:23.000Z,1
2019-10-13T14:56:02.000Z,1
2019-10-13T15:03:53.000Z,1
2019-10-13T15:06:38.000Z,1
2019-10-13T15:24:24.000Z,1
2019-10-13T16:04:04.000Z,1
2019-10-13T16:06:04.000Z,1
2019-10-13T16:06:19.000Z,1
2019-10-13T16:32:44.000Z,1
2019-10-13T16:44:25.000Z,1
2019-10-13T17:50:35.000Z,1
2019-10-13T18:08:21.000Z,1
2019-10-13T19:12:09.000Z,1
2019-10-13T20:11:37.000Z,1
2019-10-13T20:40:08.000Z,1
2019-10-13T21:37:21.000Z,1
2019-10-14T05:50:12.000Z,1
2019-10-14T06:00:42.000Z,1
2019-10-14T06:31:05.000Z,1
2019-10-14T06:43:18.000Z,1
2019-10-14T07:27:59.000Z,1
2019-10-14T07:33:19.000Z,1
2019-10-14T07:36:27.000Z,1
2019-10-14T07:49:00.000Z,1
2019-10-14T07:58:03.000Z,1
2019-10-14T08:15:25.000Z,1
2019-10-14T08:28:32.000Z,1
2019-10-14T08:42:15.000Z,1
2019-10-14T08:47:44.000Z,1
2019-10-14T09:39:01.000Z,1
2019-10-14T10:12:23.000Z,1
2019-10-14T10:34:16.000Z,1
2019-10-14T10:42:51.000Z,1
2019-10-14T10:54:11.000Z,1
2019-10-14T11:06:32.000Z,1
2019-10-14T11:15:20.000Z,1
2019-10-14T11:20:23.000Z,1
2019-10-14T11:26:52.000Z,1
2019-10-14T11:33:44.000Z,1
2019-10-14T11:37:12.000Z,1
2019-10-14T11:43:33.000Z,1
2019-10-14T12:16:47.000Z,1
2019-10-14T12:46:57.000Z,1
2019-10-14T13:40:44.000Z,1
2019-10-14T13:42:48.000Z,2
2019-10-14T13:53:38.000Z,1
2019-10-14T14:07:16.000Z,1
2019-10-14T14:10:48.000Z,2
2019-10-14T14:16:16.000Z,1
2019-10-09T10:46:33.000Z,1
2019-10-09T11:40:57.000Z,1
2019-10-09T13:06:21.000Z,1
2019-10-09T13:42:19.000Z,1
2019-10-09T13:43:49.000Z,1
2019-10-09T13:53:12.000Z,1
2019-10-09T14:33:34.000Z,1
2019-10-09T15:11:01.000Z,1
2019-10-09T15:15:31.000Z,1
2019-10-09T15:28:59.000Z,1
2019-10-09T15:31:10.000Z,1
2019-10-09T15:36:39.000Z,1
2019-10-09T16:29:24.000Z,1
2019-10-09T17:14:11.000Z,1
2019-10-09T17:25:11.000Z,1
2019-10-09T17:43:21.000Z,1
2019-10-09T17:52:08.000Z,2
2019-10-09T17:56:10.000Z,1
2019-10-09T14:56:15.000Z,2
2019-10-09T14:59:42.000Z,1
2019-10-09T16:22:30.000Z,1
2019-10-09T16:41:44.000Z,1
2019-10-09T16:56:10.000Z,1
2019-10-09T17:03:02.000Z,2
2019-10-09T17:06:06.000Z,2
2019-10-09T17:10:24.000Z,3
2019-10-09T17:49:25.000Z,1
2019-10-09T17:50:36.000Z,1
2019-10-09T17:58:20.000Z,1
2019-10-09T18:02:21.000Z,2
2019-10-09T18:07:44.000Z,1
2019-10-09T18:33:02.000Z,1
2019-10-09T18:34:14.000Z,1
2019-10-09T18:37:18.000Z,1
2019-10-09T18:52:26.000Z,1
2019-10-09T18:57:19.000Z,1
2019-10-09T19:09:05.000Z,1
2019-10-09T19:11:54.000Z,1
2019-10-09T19:19:21.000Z,1
2019-10-09T20:57:05.000Z,1
2019-10-09T21:12:08.000Z,1
2019-10-09T21:35:31.000Z,1
2019-10-09T22:25:38.000Z,1
2019-10-09T23:22:42.000Z,1
2019-10-10T04:52:23.000Z,1
2019-10-10T05:17:16.000Z,1
2019-10-10T05:25:27.000Z,1
2019-10-10T05:29:34.000Z,1
2019-10-10T07:18:35.000Z,1
2019-10-10T07:19:42.000Z,1
2019-10-10T07:34:11.000Z,1
2019-10-10T07:37:55.000Z,1
2019-10-10T07:59:42.000Z,1
2019-10-10T08:03:30.000Z,1
2019-10-10T08:06:25.000Z,1
2019-10-10T08:19:06.000Z,1
2019-10-10T08:26:01.000Z,2
2019-10-10T08:26:57.000Z,1
2019-10-10T08:44:50.000Z,1
2019-10-10T08:53:28.000Z,1
2019-10-10T08:56:16.000Z,1
2019-10-10T09:12:08.000Z,1
2019-10-10T09:54:17.000Z,1
2019-10-10T10:16:51.000Z,1
2019-10-10T10:31:26.000Z,1
2019-10-10T10:47:13.000Z,1
2019-10-10T10:54:57.000Z,2
2019-10-10T11:34:02.000Z,1
2019-10-10T11:37:49.000Z,1
2019-10-10T11:47:58.000Z,1
2019-10-10T11:59:57.000Z,1
2019-10-10T12:01:08.000Z,1
2019-10-10T12:04:43.000Z,1
2019-10-10T12:39:32.000Z,1
2019-10-10T12:58:41.000Z,1
2019-10-10T13:17:11.000Z,1
2019-10-10T13:55:30.000Z,2
2019-10-10T14:12:22.000Z,1
2019-10-10T14:35:45.000Z,1
2019-10-10T14:35:50.000Z,1
2019-10-10T15:12:57.000Z,1
2019-10-10T15:28:23.000Z,1
2019-10-10T15:35:38.000Z,1
2019-10-10T16:16:10.000Z,1
2019-10-10T16:18:26.000Z,2
2019-10-10T16:18:22.000Z,1
2019-10-10T16:28:06.000Z,1
2019-10-10T17:20:11.000Z,1
2019-10-10T17:30:47.000Z,1
2019-10-10T17:35:11.000Z,1
2019-10-10T17:42:04.000Z,1
2019-10-10T17:44:11.000Z,1
2019-10-10T17:49:23.000Z,1
2019-10-10T18:02:43.000Z,1
2019-10-10T18:22:11.000Z,2
2019-10-10T18:29:16.000Z,1
2019-10-10T18:33:56.000Z,2
2019-10-10T18:47:04.000Z,1
2019-10-10T18:47:27.000Z,1
2019-10-10T18:49:26.000Z,2
2019-10-10T18:49:46.000Z,1
2019-10-10T18:54:48.000Z,1
2019-10-10T19:10:26.000Z,1
2019-10-10T19:28:56.000Z,1
2019-10-10T19:59:14.000Z,1
2019-10-10T19:59:29.000Z,1
2019-10-10T20:06:04.000Z,1
2019-10-10T20:13:14.000Z,1
2019-10-10T20:17:28.000Z,1
2019-10-10T21:51:32.000Z,1
2019-10-10T22:16:22.000Z,1
2019-10-10T23:13:42.000Z,1
2019-10-10T23:23:30.000Z,1
2019-10-11T01:25:08.000Z,1
2019-10-11T05:29:09.000Z,1
2019-10-11T05:29:06.000Z,1
2019-10-11T05:59:13.000Z,1
2019-10-11T06:15:06.000Z,1
2019-10-11T06:48:08.000Z,1
2019-10-11T07:20:40.000Z,1
2019-10-11T07:28:01.000Z,1
2019-10-11T08:23:01.000Z,2
2019-10-11T08:24:22.000Z,1
2019-10-11T08:26:28.000Z,1
2019-10-11T08:27:46.000Z,1
2019-10-11T08:43:53.000Z,2
2019-10-11T09:40:42.000Z,1
2019-10-11T10:56:56.000Z,1
2019-10-11T11:24:07.000Z,1
2019-10-11T12:05:14.000Z,1
2019-10-11T12:34:23.000Z,1
2019-10-11T13:01:13.000Z,1
2019-10-11T13:21:35.000Z,1
2019-10-11T13:33:38.000Z,1
2019-10-11T13:41:33.000Z,1
2019-10-11T14:11:23.000Z,1
2019-10-11T14:17:37.000Z,1
2019-10-11T14:48:12.000Z,1
2019-10-11T15:06:47.000Z,2
2019-10-11T15:11:33.000Z,1
2019-10-11T15:13:56.000Z,1
2019-10-11T15:17:15.000Z,1
2019-10-11T15:45:28.000Z,1
2019-10-11T16:04:39.000Z,1
2019-10-11T16:14:55.000Z,1
2019-10-11T17:02:09.000Z,1
2019-10-11T17:11:58.000Z,1
2019-10-11T17:41:18.000Z,1
2019-10-11T18:18:48.000Z,1
2019-10-11T18:36:31.000Z,2
2019-10-11T19:41:19.000Z,1
2019-10-11T20:19:15.000Z,1
2019-10-11T22:14:01.000Z,1
2019-10-11T22:21:19.000Z,1
2019-10-11T23:05:07.000Z,1
2019-10-11T23:25:24.000Z,1
2019-10-12T03:40:20.000Z,1
2019-10-12T03:59:56.000Z,1
2019-10-12T06:34:48.000Z,1
2019-10-12T07:37:55.000Z,1
2019-10-12T07:41:45.000Z,1
2019-10-12T09:13:44.000Z,1
2019-10-12T09:14:30.000Z,1
2019-10-12T10:39:20.000Z,1
2019-10-12T10:42:32.000Z,1
2019-10-12T11:21:20.000Z,1
2019-10-12T11:35:07.000Z,1
2019-10-12T11:54:42.000Z,1
2019-10-12T11:56:58.000Z,1
2019-10-12T12:25:53.000Z,1
2019-10-12T12:26:47.000Z,1
2019-10-12T12:33:16.000Z,1
2019-10-12T13:26:51.000Z,1
2019-10-12T13:35:30.000Z,1
2019-10-12T13:40:17.000Z,1
2019-10-12T14:17:34.000Z,1
2019-10-12T14:32:39.000Z,1
2019-10-12T14:34:36.000Z,1
2019-10-12T14:48:50.000Z,2
2019-10-12T15:24:49.000Z,2
2019-10-12T15:45:57.000Z,1
2019-10-12T16:34:00.000Z,1
2019-10-12T17:21:36.000Z,1
2019-10-12T17:25:26.000Z,1
2019-10-12T17:31:01.000Z,1
2019-10-12T17:31:29.000Z,1
2019-10-12T17:38:31.000Z,1
2019-10-12T17:39:23.000Z,1
2019-10-12T17:39:36.000Z,1
2019-10-12T17:39:47.000Z,2
2019-10-12T18:18:30.000Z,1
2019-10-12T19:47:18.000Z,1
2019-10-12T20:46:56.000Z,2
2019-10-12T20:53:25.000Z,1
2019-10-12T23:18:12.000Z,1
2019-10-13T00:21:52.000Z,1
2019-10-13T00:55:40.000Z,1
2019-10-13T06:20:29.000Z,1
2019-10-13T07:16:10.000Z,1
2019-10-13T07:34:18.000Z,1
2019-10-13T07:58:31.000Z,1
2019-10-13T08:25:05.000Z,1
2019-10-13T08:53:15.000Z,1
2019-10-13T08:59:28.000Z,1
2019-10-13T09:40:53.000Z,1
2019-10-13T09:46:28.000Z,1
2019-10-13T09:53:37.000Z,1
2019-10-13T10:04:45.000Z,1
2019-10-13T10:13:52.000Z,1
2019-10-13T10:21:03.000Z,1
2019-10-13T10:21:08.000Z,1
2019-10-13T10:56:41.000Z,1
2019-10-13T11:15:41.000Z,1
2019-10-13T11:35:18.000Z,1
2019-10-13T12:03:25.000Z,1
2019-10-13T12:08:32.000Z,2
2019-10-13T12:24:19.000Z,1
2019-10-13T12:29:16.000Z,1
2019-10-13T12:29:50.000Z,1
2019-10-13T13:03:10.000Z,1
2019-10-13T13:03:18.000Z,1
2019-10-13T13:05:11.000Z,1
2019-10-13T13:09:57.000Z,1
2019-10-13T13:45:52.000Z,1
2019-10-13T14:08:30.000Z,1
2019-10-13T14:10:09.000Z,1
2019-10-13T14:15:05.000Z,1
2019-10-13T14:29:03.000Z,1
2019-10-13T15:21:15.000Z,1
2019-10-13T15:34:26.000Z,1
2019-10-13T15:34:43.000Z,2
2019-10-13T15:39:07.000Z,1
2019-10-13T15:39:43.000Z,1
2019-10-13T15:42:34.000Z,1
2019-10-13T15:43:26.000Z,1
2019-10-13T16:39:48.000Z,1
2019-10-13T16:55:08.000Z,1
2019-10-13T18:50:04.000Z,1
2019-10-13T18:50:07.000Z,1
2019-10-13T18:54:35.000Z,1
2019-10-13T19:00:40.000Z,1
2019-10-13T19:27:35.000Z,1
2019-10-13T21:09:17.000Z,1
2019-10-13T21:10:02.000Z,1
2019-10-13T22:23:09.000Z,1
2019-10-13T23:16:45.000Z,1
2019-10-14T06:30:59.000Z,1
2019-10-14T06:51:38.000Z,1
2019-10-14T07:20:10.000Z,1
2019-10-14T07:35:10.000Z,1
2019-10-14T07:37:38.000Z,1
2019-10-14T08:07:09.000Z,1
2019-10-14T08:28:39.000Z,1
2019-10-14T08:48:00.000Z,1
2019-10-14T09:19:30.000Z,1
2019-10-14T09:21:55.000Z,1
2019-10-14T09:30:25.000Z,1
2019-10-14T09:45:30.000Z,1
2019-10-14T10:37:20.000Z,1
2019-10-14T10:44:04.000Z,1
2019-10-14T10:53:47.000Z,2
2019-10-14T11:02:25.000Z,1
2019-10-14T11:19:36.000Z,1
2019-10-14T11:23:29.000Z,1
2019-10-14T12:05:47.000Z,1
2019-10-14T12:21:04.000Z,1
2019-10-14T12:59:36.000Z,1
2019-10-14T13:14:21.000Z,1
2019-10-14T13:21:22.000Z,1
2019-10-14T13:39:42.000Z,2
2019-10-14T13:59:11.000Z,1
2019-10-14T14:02:27.000Z,1
2019-10-14T14:13:30.000Z,1
2019-10-14T14:30:27.000Z,1
2019-10-14T14:34:52.000Z,1
2019-10-09T11:22:05.000Z,1
2019-10-09T12:44:21.000Z,1
2019-10-09T12:51:52.000Z,1
2019-10-09T12:57:09.000Z,1
2019-10-09T13:09:57.000Z,2
2019-10-09T13:10:19.000Z,2
2019-10-09T13:18:10.000Z,1
2019-10-09T13:29:19.000Z,1
2019-10-09T14:44:15.000Z,1
2019-10-09T15:09:11.000Z,1
2019-10-09T15:17:47.000Z,2
2019-10-09T15:21:52.000Z,1
2019-10-09T15:48:26.000Z,1
2019-10-09T15:59:01.000Z,1
2019-10-09T16:10:36.000Z,2
2019-10-09T16:33:02.000Z,1
2019-10-09T16:42:35.000Z,1
2019-10-09T17:21:00.000Z,3
2019-10-09T17:35:43.000Z,1
2019-10-09T18:12:43.000Z,1
2019-10-10T07:06:25.000Z,2
2019-10-09T13:31:28.000Z,1
2019-10-09T14:18:35.000Z,1
2019-10-09T15:54:25.000Z,1
2019-10-09T16:04:24.000Z,2
2019-10-09T16:15:42.000Z,1
2019-10-09T16:34:01.000Z,1
2019-10-09T17:00:29.000Z,2
2019-10-09T17:11:04.000Z,1
2019-10-09T17:18:23.000Z,1
2019-10-09T17:25:09.000Z,3
2019-10-09T17:27:41.000Z,1
2019-10-09T17:30:25.000Z,1
2019-10-09T17:40:17.000Z,1
2019-10-09T17:42:10.000Z,2
2019-10-09T17:53:06.000Z,2
2019-10-09T18:09:25.000Z,2
2019-10-09T18:17:44.000Z,1
2019-10-09T18:26:03.000Z,1
2019-10-09T18:29:40.000Z,1
2019-10-09T18:29:46.000Z,1
2019-10-09T19:26:48.000Z,1
2019-10-09T19:26:59.000Z,1
2019-10-09T19:34:51.000Z,1
2019-10-09T19:35:51.000Z,1
2019-10-09T19:45:25.000Z,1
2019-10-09T19:49:02.000Z,2
2019-10-09T19:51:27.000Z,1
2019-10-09T20:05:16.000Z,1
2019-10-09T22:22:45.000Z,1
2019-10-10T00:14:00.000Z,1
2019-10-10T05:40:25.000Z,1
2019-10-10T06:07:06.000Z,1
2019-10-10T06:28:54.000Z,1
2019-10-10T06:35:32.000Z,1
2019-10-10T06:50:27.000Z,1
2019-10-10T07:13:25.000Z,1
2019-10-10T07:32:34.000Z,1
2019-10-10T07:56:15.000Z,1
2019-10-10T07:58:06.000Z,1
2019-10-10T08:01:47.000Z,2
2019-10-10T08:08:18.000Z,1
2019-10-10T08:09:52.000Z,1
2019-10-10T08:23:16.000Z,1
2019-10-10T08:25:25.000Z,1
2019-10-10T09:11:08.000Z,1
2019-10-10T09:13:30.000Z,1
2019-10-10T10:05:46.000Z,1
2019-10-10T10:17:04.000Z,1
2019-10-10T11:23:48.000Z,1
2019-10-10T11:27:27.000Z,1
2019-10-10T12:16:24.000Z,1
2019-10-10T12:19:11.000Z,1
2019-10-10T12:45:19.000Z,1
2019-10-10T12:51:33.000Z,1
2019-10-10T13:01:00.000Z,1
2019-10-10T13:04:24.000Z,1
2019-10-10T13:08:45.000Z,1
2019-10-10T13:25:21.000Z,2
2019-10-10T13:46:17.000Z,1
2019-10-10T13:47:50.000Z,1
2019-10-10T14:24:32.000Z,1
2019-10-10T14:29:28.000Z,1
2019-10-10T14:34:26.000Z,1
2019-10-10T14:35:12.000Z,1
2019-10-10T14:42:59.000Z,1
2019-10-10T14:58:23.000Z,1
2019-10-10T15:18:36.000Z,1
2019-10-10T16:09:23.000Z,1
2019-10-10T16:18:16.000Z,1
2019-10-10T16:26:45.000Z,1
2019-10-10T16:37:07.000Z,1
2019-10-10T16:56:36.000Z,1
2019-10-10T17:19:59.000Z,1
2019-10-10T17:20:21.000Z,1
2019-10-10T17:49:14.000Z,1
2019-10-10T17:53:00.000Z,1
2019-10-10T18:00:53.000Z,2
2019-10-10T18:08:25.000Z,2
2019-10-10T18:16:36.000Z,1
2019-10-10T18:18:30.000Z,1
2019-10-10T18:20:25.000Z,1
2019-10-10T18:46:44.000Z,1
2019-10-10T18:56:48.000Z,1
2019-10-10T19:03:38.000Z,1
2019-10-10T19:06:59.000Z,2
2019-10-10T19:18:23.000Z,1
2019-10-10T19:26:36.000Z,1
2019-10-10T20:32:41.000Z,1
2019-10-10T21:06:18.000Z,1
2019-10-10T21:11:07.000Z,1
2019-10-10T21:34:43.000Z,1
2019-10-10T21:40:17.000Z,1
2019-10-10T22:17:07.000Z,1
2019-10-10T22:28:01.000Z,1
2019-10-11T00:33:35.000Z,1
2019-10-11T06:13:13.000Z,1
2019-10-11T06:15:35.000Z,1
2019-10-11T06:54:10.000Z,1
2019-10-11T07:36:59.000Z,1
2019-10-11T07:39:39.000Z,1
2019-10-11T07:48:45.000Z,1
2019-10-11T07:55:54.000Z,1
2019-10-11T08:06:37.000Z,1
2019-10-11T08:11:37.000Z,1
2019-10-11T08:17:01.000Z,1
2019-10-11T08:23:23.000Z,1
2019-10-11T08:24:06.000Z,1
2019-10-11T08:30:09.000Z,1
2019-10-11T08:44:19.000Z,1
2019-10-11T09:08:32.000Z,1
2019-10-11T09:18:10.000Z,1
2019-10-11T11:11:00.000Z,1
2019-10-11T11:27:39.000Z,1
2019-10-11T11:51:52.000Z,1
2019-10-11T11:52:21.000Z,1
2019-10-11T13:49:08.000Z,2
2019-10-11T14:26:19.000Z,2
2019-10-11T14:47:54.000Z,1
2019-10-11T16:18:08.000Z,1
2019-10-11T16:24:07.000Z,1
2019-10-11T17:15:54.000Z,1
2019-10-11T17:54:13.000Z,1
2019-10-11T18:52:36.000Z,1
2019-10-11T19:11:14.000Z,1
2019-10-11T19:48:24.000Z,1
2019-10-11T21:42:35.000Z,1
2019-10-11T23:18:39.000Z,1
2019-10-12T06:44:55.000Z,1
2019-10-12T08:11:48.000Z,1
2019-10-12T08:33:58.000Z,1
2019-10-12T09:32:00.000Z,1
2019-10-12T10:14:54.000Z,2
2019-10-12T11:18:44.000Z,1
2019-10-12T11:34:06.000Z,1
2019-10-12T11:40:16.000Z,1
2019-10-12T11:50:21.000Z,1
2019-10-12T12:16:01.000Z,1
2019-10-12T12:20:24.000Z,1
2019-10-12T12:46:34.000Z,1
2019-10-12T13:01:40.000Z,1
2019-10-12T13:23:25.000Z,1
2019-10-12T13:25:52.000Z,1
2019-10-12T14:22:54.000Z,1
2019-10-12T14:38:01.000Z,1
2019-10-12T14:52:16.000Z,1
2019-10-12T14:53:33.000Z,1
2019-10-12T14:58:39.000Z,1
2019-10-12T15:00:39.000Z,1
2019-10-12T15:03:55.000Z,1
2019-10-12T15:16:30.000Z,1
2019-10-12T15:20:10.000Z,1
2019-10-12T15:38:20.000Z,1
2019-10-12T15:44:31.000Z,1
2019-10-12T16:17:56.000Z,1
2019-10-12T16:21:06.000Z,1
2019-10-12T16:25:22.000Z,1
2019-10-12T16:34:46.000Z,1
2019-10-12T17:31:26.000Z,2
2019-10-12T18:15:02.000Z,1
2019-10-12T18:27:38.000Z,1
2019-10-12T18:32:08.000Z,1
2019-10-12T18:44:25.000Z,1
2019-10-12T18:51:09.000Z,1
2019-10-12T18:57:31.000Z,1
2019-10-12T18:58:09.000Z,1
2019-10-12T19:05:31.000Z,1
2019-10-12T19:10:50.000Z,1
2019-10-12T21:51:17.000Z,1
2019-10-12T22:01:47.000Z,1
2019-10-13T02:13:54.000Z,1
2019-10-13T05:54:29.000Z,1
2019-10-13T08:20:11.000Z,1
2019-10-13T08:31:00.000Z,1
2019-10-13T08:50:48.000Z,2
2019-10-13T08:51:50.000Z,1
2019-10-13T08:53:56.000Z,1
2019-10-13T09:04:28.000Z,1
2019-10-13T09:18:57.000Z,2
2019-10-13T09:47:10.000Z,1
2019-10-13T09:59:58.000Z,1
2019-10-13T10:12:44.000Z,1
2019-10-13T10:14:45.000Z,1
2019-10-13T10:16:06.000Z,2
2019-10-13T10:19:06.000Z,1
2019-10-13T10:27:25.000Z,1
2019-10-13T10:30:49.000Z,1
2019-10-13T10:34:12.000Z,1
2019-10-13T10:50:58.000Z,1
2019-10-13T11:18:17.000Z,2
2019-10-13T11:36:52.000Z,1
2019-10-13T12:00:02.000Z,1
2019-10-13T12:10:16.000Z,1
2019-10-13T12:34:42.000Z,1
2019-10-13T12:37:25.000Z,1
2019-10-13T12:47:10.000Z,1
2019-10-13T13:17:34.000Z,2
2019-10-13T13:19:20.000Z,1
2019-10-13T13:19:23.000Z,1
2019-10-13T13:29:15.000Z,1
2019-10-13T13:35:27.000Z,1
2019-10-13T13:37:59.000Z,1
2019-10-13T14:11:48.000Z,1
2019-10-13T14:14:07.000Z,1
2019-10-13T14:15:56.000Z,2
2019-10-13T15:00:42.000Z,1
2019-10-13T15:14:41.000Z,1
2019-10-13T15:30:44.000Z,1
2019-10-13T15:32:54.000Z,1
2019-10-13T15:37:29.000Z,1
2019-10-13T15:43:59.000Z,1
2019-10-13T16:59:16.000Z,1
2019-10-13T17:26:22.000Z,1
2019-10-13T17:42:09.000Z,1
2019-10-13T18:10:44.000Z,2
2019-10-13T18:26:21.000Z,1
2019-10-13T18:27:02.000Z,1
2019-10-13T18:29:13.000Z,1
2019-10-13T22:11:47.000Z,1
2019-10-13T22:28:03.000Z,1
2019-10-13T23:12:28.000Z,1
2019-10-14T05:24:24.000Z,1
2019-10-14T06:13:33.000Z,1
2019-10-14T06:57:52.000Z,1
2019-10-14T07:08:25.000Z,1
2019-10-14T07:17:27.000Z,1
2019-10-14T07:29:34.000Z,1
2019-10-14T07:44:07.000Z,2
2019-10-14T07:49:27.000Z,1
2019-10-14T07:49:41.000Z,2
2019-10-14T08:16:16.000Z,1
2019-10-14T08:16:25.000Z,1
2019-10-14T08:21:23.000Z,1
2019-10-14T08:24:54.000Z,1
2019-10-14T08:28:46.000Z,2
2019-10-14T08:46:16.000Z,2
2019-10-14T09:13:30.000Z,1
2019-10-14T09:21:17.000Z,1
2019-10-14T09:34:05.000Z,1
2019-10-14T09:39:23.000Z,1
2019-10-14T09:51:38.000Z,1
2019-10-14T11:00:36.000Z,1
2019-10-14T11:25:50.000Z,1
2019-10-14T11:39:11.000Z,1
2019-10-14T11:45:24.000Z,1
2019-10-14T12:09:15.000Z,1
2019-10-14T12:47:07.000Z,1
2019-10-14T12:48:03.000Z,1
2019-10-14T12:57:12.000Z,1
2019-10-14T13:16:28.000Z,1
2019-10-14T13:30:12.000Z,1
2019-10-14T13:41:45.000Z,1
2019-10-14T14:02:18.000Z,1
2019-10-14T14:23:51.000Z,1
2019-10-14T14:36:27.000Z,1
2019-10-09T10:45:26.000Z,1
2019-10-09T11:00:37.000Z,1
2019-10-09T11:07:54.000Z,1
2019-10-09T11:22:23.000Z,1
2019-10-09T11:51:13.000Z,1
2019-10-09T12:09:13.000Z,1
2019-10-09T12:37:27.000Z,1
2019-10-09T13:00:42.000Z,1
2019-10-09T13:16:29.000Z,1
2019-10-09T13:28:24.000Z,1
2019-10-09T14:19:03.000Z,1
2019-10-09T15:04:04.000Z,1
2019-10-09T15:36:20.000Z,1
2019-10-09T15:39:10.000Z,1
2019-10-09T16:16:28.000Z,1
2019-10-09T16:35:13.000Z,1
2019-10-09T16:53:54.000Z,1
2019-10-09T17:31:56.000Z,1
2019-10-09T15:17:36.000Z,2
2019-10-09T16:03:41.000Z,1
2019-10-09T16:43:19.000Z,1
2019-10-09T16:45:28.000Z,2
2019-10-09T16:53:23.000Z,1
2019-10-09T17:16:01.000Z,1
2019-10-09T17:43:30.000Z,1
2019-10-09T18:00:44.000Z,2
2019-10-09T18:02:33.000Z,1
2019-10-09T18:12:25.000Z,1
2019-10-09T18:14:47.000Z,1
2019-10-09T18:36:14.000Z,2
2019-10-09T18:53:51.000Z,1
2019-10-09T19:27:08.000Z,1
2019-10-09T19:31:38.000Z,1
2019-10-09T19:50:46.000Z,1
2019-10-09T20:09:08.000Z,1
2019-10-09T20:21:53.000Z,2
2019-10-09T20:32:46.000Z,1
2019-10-09T21:02:45.000Z,1
2019-10-09T21:20:53.000Z,1
2019-10-09T22:17:23.000Z,1
2019-10-09T22:42:56.000Z,1
2019-10-09T23:17:03.000Z,1
2019-10-10T03:54:45.000Z,1
2019-10-10T05:57:12.000Z,1
2019-10-10T05:59:16.000Z,1
2019-10-10T06:12:40.000Z,1
2019-10-10T06:21:47.000Z,1
2019-10-10T06:34:15.000Z,1
2019-10-10T07:19:26.000Z,1
2019-10-10T07:38:14.000Z,1
2019-10-10T07:46:48.000Z,2
2019-10-10T07:50:52.000Z,2
2019-10-10T08:01:45.000Z,1
2019-10-10T08:02:30.000Z,1
2019-10-10T08:14:48.000Z,1
2019-10-10T08:31:40.000Z,3
2019-10-10T08:56:01.000Z,1
2019-10-10T08:59:56.000Z,1
2019-10-10T09:02:46.000Z,1
2019-10-10T09:06:10.000Z,1
2019-10-10T09:57:31.000Z,1
2019-10-10T10:14:52.000Z,1
2019-10-10T10:50:30.000Z,2
2019-10-10T10:59:01.000Z,1
2019-10-10T11:13:54.000Z,1
2019-10-10T11:25:47.000Z,1
2019-10-10T12:02:00.000Z,1
2019-10-10T12:04:06.000Z,1
2019-10-10T12:20:21.000Z,1
2019-10-10T12:27:58.000Z,1
2019-10-10T13:04:53.000Z,1
2019-10-10T13:28:57.000Z,1
2019-10-10T14:00:24.000Z,1
2019-10-10T14:10:42.000Z,1
2019-10-10T14:23:15.000Z,1
2019-10-10T15:14:57.000Z,1
2019-10-10T15:33:37.000Z,1
2019-10-10T15:46:00.000Z,1
2019-10-10T15:51:25.000Z,2
2019-10-10T16:15:12.000Z,2
2019-10-10T16:23:08.000Z,1
2019-10-10T16:30:53.000Z,1
2019-10-10T17:09:31.000Z,1
2019-10-10T17:26:14.000Z,1
2019-10-10T17:31:36.000Z,1
2019-10-10T17:33:20.000Z,2
2019-10-10T17:34:43.000Z,1
2019-10-10T17:41:13.000Z,1
2019-10-10T17:51:29.000Z,1
2019-10-10T17:59:42.000Z,1
2019-10-10T18:05:19.000Z,1
2019-10-10T18:11:56.000Z,2
2019-10-10T18:16:39.000Z,1
2019-10-10T18:18:50.000Z,2
2019-10-10T18:39:06.000Z,2
2019-10-10T18:40:01.000Z,1
2019-10-10T18:46:32.000Z,1
2019-10-10T18:51:35.000Z,1
2019-10-10T18:51:54.000Z,1
2019-10-10T18:56:34.000Z,1
2019-10-10T18:58:07.000Z,1
2019-10-10T19:51:11.000Z,1
2019-10-10T19:53:33.000Z,1
2019-10-10T19:57:13.000Z,1
2019-10-10T21:00:52.000Z,1
2019-10-10T21:01:46.000Z,1
2019-10-10T22:37:56.000Z,2
2019-10-10T23:01:52.000Z,2
2019-10-11T01:02:29.000Z,1
2019-10-11T05:57:22.000Z,1
2019-10-11T06:43:21.000Z,1
2019-10-11T07:24:20.000Z,1
2019-10-11T07:42:01.000Z,1
2019-10-11T07:52:36.000Z,1
2019-10-11T07:54:08.000Z,2
2019-10-11T08:15:06.000Z,2
2019-10-11T08:20:15.000Z,1
2019-10-11T08:25:03.000Z,1
2019-10-11T08:29:45.000Z,1
2019-10-11T08:41:13.000Z,1
2019-10-11T09:13:26.000Z,1
2019-10-11T09:21:25.000Z,1
2019-10-11T09:44:48.000Z,1
2019-10-11T11:37:53.000Z,1
2019-10-11T11:48:04.000Z,1
2019-10-11T11:56:20.000Z,1
2019-10-11T13:45:16.000Z,1
2019-10-11T14:10:28.000Z,1
2019-10-11T14:12:20.000Z,1
2019-10-11T15:52:35.000Z,1
2019-10-11T16:03:33.000Z,1
2019-10-11T16:30:20.000Z,1
2019-10-11T16:30:26.000Z,1
2019-10-11T16:31:21.000Z,1
2019-10-11T16:42:54.000Z,1
2019-10-11T17:47:25.000Z,1
2019-10-11T17:48:48.000Z,1
2019-10-11T18:18:44.000Z,1
2019-10-11T18:32:08.000Z,1
2019-10-11T18:53:09.000Z,1
2019-10-11T19:04:37.000Z,1
2019-10-11T19:50:09.000Z,1
2019-10-11T20:37:17.000Z,1
2019-10-11T20:37:03.000Z,1
2019-10-11T20:55:39.000Z,1
2019-10-11T20:57:44.000Z,1
2019-10-11T21:03:09.000Z,1
2019-10-11T22:15:49.000Z,1
2019-10-11T22:18:04.000Z,1
2019-10-12T08:13:49.000Z,1
2019-10-12T08:24:57.000Z,1
2019-10-12T09:18:31.000Z,1
2019-10-12T10:07:36.000Z,1
2019-10-12T10:17:11.000Z,1
2019-10-12T10:27:33.000Z,2
2019-10-12T11:05:55.000Z,1
2019-10-12T11:18:11.000Z,1
2019-10-12T11:21:10.000Z,1
2019-10-12T11:26:20.000Z,1
2019-10-12T11:47:19.000Z,1
2019-10-12T12:04:49.000Z,1
2019-10-12T12:13:26.000Z,1
2019-10-12T12:20:44.000Z,1
2019-10-12T12:43:34.000Z,1
2019-10-12T13:57:50.000Z,1
2019-10-12T14:05:57.000Z,1
2019-10-12T14:09:19.000Z,1
2019-10-12T14:15:11.000Z,1
2019-10-12T14:35:52.000Z,1
2019-10-12T14:53:24.000Z,1
2019-10-12T15:11:31.000Z,1
2019-10-12T15:32:45.000Z,1
2019-10-12T15:36:29.000Z,1
2019-10-12T15:36:34.000Z,1
2019-10-12T15:48:18.000Z,1
2019-10-12T15:54:04.000Z,1
2019-10-12T16:12:44.000Z,1
2019-10-12T16:25:31.000Z,1
2019-10-12T16:44:30.000Z,1
2019-10-12T17:10:52.000Z,1
2019-10-12T17:25:18.000Z,1
2019-10-12T17:35:31.000Z,1
2019-10-12T17:36:51.000Z,1
2019-10-12T18:10:09.000Z,1
2019-10-12T18:54:36.000Z,1
2019-10-12T19:17:39.000Z,1
2019-10-12T20:13:05.000Z,1
2019-10-12T20:34:15.000Z,1
2019-10-12T20:43:53.000Z,1
2019-10-12T22:00:44.000Z,1
2019-10-12T22:14:11.000Z,1
2019-10-12T22:50:10.000Z,1
2019-10-13T03:10:41.000Z,1
2019-10-13T03:38:16.000Z,1
2019-10-13T04:35:38.000Z,1
2019-10-13T07:09:05.000Z,1
2019-10-13T07:12:54.000Z,1
2019-10-13T07:20:56.000Z,1
2019-10-13T07:23:54.000Z,1
2019-10-13T07:32:22.000Z,1
2019-10-13T09:48:00.000Z,2
2019-10-13T09:53:28.000Z,1
2019-10-13T10:26:43.000Z,1
2019-10-13T10:45:59.000Z,1
2019-10-13T11:07:05.000Z,2
2019-10-13T11:27:04.000Z,1
2019-10-13T11:28:13.000Z,1
2019-10-13T12:07:41.000Z,1
2019-10-13T12:26:44.000Z,1
2019-10-13T12:27:58.000Z,1
2019-10-13T12:46:27.000Z,1
2019-10-13T12:46:33.000Z,1
2019-10-13T13:08:29.000Z,1
2019-10-13T13:16:02.000Z,2
2019-10-13T13:31:46.000Z,1
2019-10-13T13:36:24.000Z,1
2019-10-13T13:45:53.000Z,2
2019-10-13T13:56:06.000Z,1
2019-10-13T14:01:56.000Z,1
2019-10-13T14:02:17.000Z,1
2019-10-13T14:14:21.000Z,1
2019-10-13T14:31:42.000Z,1
2019-10-13T14:32:37.000Z,1
2019-10-13T14:54:40.000Z,2
2019-10-13T14:56:59.000Z,1
2019-10-13T14:58:19.000Z,1
2019-10-13T15:42:42.000Z,1
2019-10-13T15:58:29.000Z,1
2019-10-13T16:18:02.000Z,1
2019-10-13T16:26:07.000Z,1
2019-10-13T16:27:07.000Z,1
2019-10-13T16:30:52.000Z,1
2019-10-13T16:33:26.000Z,1
2019-10-13T16:40:16.000Z,1
2019-10-13T16:43:30.000Z,1
2019-10-13T16:56:54.000Z,1
2019-10-13T17:04:52.000Z,1
2019-10-13T17:07:39.000Z,1
2019-10-13T17:31:10.000Z,1
2019-10-13T17:52:41.000Z,1
2019-10-13T18:08:13.000Z,2
2019-10-13T18:19:34.000Z,1
2019-10-13T18:40:39.000Z,1
2019-10-13T18:48:05.000Z,1
2019-10-13T20:33:41.000Z,1
2019-10-13T20:59:44.000Z,1
2019-10-13T21:06:21.000Z,1
2019-10-13T21:17:01.000Z,1
2019-10-14T05:19:55.000Z,1
2019-10-14T06:50:23.000Z,1
2019-10-14T07:07:47.000Z,1
2019-10-14T07:08:17.000Z,1
2019-10-14T07:25:21.000Z,1
2019-10-14T08:00:51.000Z,1
2019-10-14T08:02:21.000Z,1
2019-10-14T08:32:04.000Z,1
2019-10-14T08:34:08.000Z,1
2019-10-14T08:41:37.000Z,1
2019-10-14T08:45:27.000Z,1
2019-10-14T08:59:47.000Z,1
2019-10-14T09:20:51.000Z,1
2019-10-14T10:34:17.000Z,1
2019-10-14T11:43:46.000Z,2
2019-10-14T11:44:57.000Z,1
2019-10-14T12:04:03.000Z,1
2019-10-14T12:12:48.000Z,1
2019-10-14T12:34:34.000Z,1
2019-10-14T12:41:54.000Z,1
2019-10-14T12:58:20.000Z,1
2019-10-14T13:09:08.000Z,1
2019-10-14T13:28:43.000Z,1
2019-10-14T13:29:39.000Z,1
2019-10-14T13:32:56.000Z,1
2019-10-14T13:34:48.000Z,1
2019-10-14T13:47:43.000Z,1
2019-10-14T14:11:58.000Z,2
2019-10-09T11:29:03.000Z,1
2019-10-09T12:02:37.000Z,1
2019-10-09T12:02:43.000Z,1
2019-10-09T12:03:11.000Z,1
2019-10-09T12:42:39.000Z,1
2019-10-09T13:10:22.000Z,1
2019-10-09T13:24:15.000Z,1
2019-10-09T13:39:44.000Z,1
2019-10-09T13:50:16.000Z,1
2019-10-09T14:17:44.000Z,1
2019-10-09T14:39:50.000Z,1
2019-10-09T14:56:22.000Z,1
2019-10-09T15:13:11.000Z,1
2019-10-09T15:23:41.000Z,1
2019-10-09T15:24:51.000Z,1
2019-10-09T15:32:20.000Z,1
2019-10-09T15:52:52.000Z,1
2019-10-09T16:17:38.000Z,1
2019-10-09T16:29:30.000Z,1
2019-10-09T17:11:56.000Z,3
2019-10-09T17:26:21.000Z,1
2019-10-09T17:35:07.000Z,1
2019-10-09T17:53:27.000Z,1
2019-10-09T20:35:01.000Z,1
2019-10-10T07:51:24.000Z,2
2019-10-09T15:45:39.000Z,1
2019-10-09T16:04:21.000Z,1
2019-10-09T16:14:09.000Z,1
2019-10-09T16:25:50.000Z,1
2019-10-09T16:43:04.000Z,1
2019-10-09T16:48:51.000Z,1
2019-10-09T16:53:21.000Z,1
2019-10-09T16:53:58.000Z,1
2019-10-09T16:54:51.000Z,2
2019-10-09T17:03:58.000Z,2
2019-10-09T17:23:29.000Z,2
2019-10-09T17:26:25.000Z,3
2019-10-09T17:39:42.000Z,2
2019-10-09T17:39:49.000Z,1
2019-10-09T17:50:41.000Z,2
2019-10-09T18:00:32.000Z,2
2019-10-09T18:05:14.000Z,1
2019-10-09T18:07:54.000Z,1
2019-10-09T18:12:09.000Z,2
2019-10-09T18:27:57.000Z,1
2019-10-09T18:31:24.000Z,1
2019-10-09T18:40:26.000Z,1
2019-10-09T18:51:53.000Z,1
2019-10-09T20:38:23.000Z,1
2019-10-09T21:15:36.000Z,1
2019-10-09T21:44:45.000Z,1
2019-10-09T22:13:35.000Z,1
2019-10-09T22:25:04.000Z,1
2019-10-09T23:21:29.000Z,1
2019-10-10T00:31:48.000Z,1
2019-10-10T00:50:47.000Z,1
2019-10-10T05:00:04.000Z,1
2019-10-10T06:55:22.000Z,1
2019-10-10T07:40:34.000Z,1
2019-10-10T07:46:11.000Z,1
2019-10-10T07:50:32.000Z,2
2019-10-10T08:02:54.000Z,2
2019-10-10T08:13:44.000Z,1
2019-10-10T08:31:16.000Z,1
2019-10-10T08:38:33.000Z,1
2019-10-10T08:38:52.000Z,1
2019-10-10T08:39:15.000Z,1
2019-10-10T08:41:38.000Z,1
2019-10-10T08:42:29.000Z,1
2019-10-10T08:44:18.000Z,1
2019-10-10T08:45:30.000Z,1
2019-10-10T08:47:19.000Z,1
2019-10-10T08:55:18.000Z,1
2019-10-10T08:57:25.000Z,1
2019-10-10T09:07:08.000Z,1
2019-10-10T09:13:12.000Z,1
2019-10-10T10:34:50.000Z,1
2019-10-10T10:58:57.000Z,2
2019-10-10T11:11:30.000Z,1
2019-10-10T11:36:45.000Z,1
2019-10-10T11:47:34.000Z,2
2019-10-10T11:52:02.000Z,1
2019-10-10T11:52:07.000Z,1
2019-10-10T12:00:10.000Z,1
2019-10-10T12:06:19.000Z,1
2019-10-10T12:09:56.000Z,2
2019-10-10T12:25:46.000Z,2
2019-10-10T12:35:07.000Z,1
2019-10-10T13:04:48.000Z,1
2019-10-10T13:27:55.000Z,1
2019-10-10T13:34:03.000Z,1
2019-10-10T13:49:46.000Z,1
2019-10-10T14:03:14.000Z,1
2019-10-10T14:28:38.000Z,2
2019-10-10T15:32:46.000Z,1
2019-10-10T15:47:25.000Z,1
2019-10-10T15:53:53.000Z,1
2019-10-10T16:13:41.000Z,1
2019-10-10T16:27:51.000Z,1
2019-10-10T16:28:27.000Z,1
2019-10-10T16:37:06.000Z,1
2019-10-10T16:42:18.000Z,1
2019-10-10T16:46:02.000Z,1
2019-10-10T17:00:10.000Z,1
2019-10-10T17:02:17.000Z,1
2019-10-10T17:12:46.000Z,1
2019-10-10T17:25:08.000Z,1
2019-10-10T17:25:34.000Z,2
2019-10-10T17:32:29.000Z,1
2019-10-10T17:35:28.000Z,1
2019-10-10T17:40:33.000Z,1
2019-10-10T17:44:37.000Z,1
2019-10-10T17:48:06.000Z,1
2019-10-10T18:08:04.000Z,1
2019-10-10T18:20:24.000Z,1
2019-10-10T18:24:06.000Z,1
2019-10-10T18:31:33.000Z,1
2019-10-10T18:47:23.000Z,1
2019-10-10T19:00:03.000Z,1
2019-10-10T19:06:04.000Z,1
2019-10-10T19:21:43.000Z,1
2019-10-10T19:27:25.000Z,1
2019-10-10T19:39:15.000Z,1
2019-10-10T19:49:48.000Z,1
2019-10-10T20:46:32.000Z,1
2019-10-10T21:08:55.000Z,1
2019-10-10T22:25:04.000Z,1
2019-10-10T22:26:52.000Z,1
2019-10-10T22:45:02.000Z,1
2019-10-11T05:24:08.000Z,1
2019-10-11T05:24:41.000Z,1
2019-10-11T05:56:33.000Z,1
2019-10-11T06:15:59.000Z,1
2019-10-11T06:29:58.000Z,1
2019-10-11T07:31:57.000Z,1
2019-10-11T07:48:04.000Z,1
2019-10-11T07:51:06.000Z,1
2019-10-11T08:16:45.000Z,1
2019-10-11T08:27:49.000Z,1
2019-10-11T08:34:10.000Z,1
2019-10-11T08:35:02.000Z,1
2019-10-11T08:46:56.000Z,1
2019-10-11T09:06:29.000Z,1
2019-10-11T09:09:55.000Z,1
2019-10-11T09:13:16.000Z,1
2019-10-11T10:38:04.000Z,1
2019-10-11T10:51:06.000Z,1
2019-10-11T10:59:31.000Z,1
2019-10-11T11:42:58.000Z,1
2019-10-11T13:49:42.000Z,1
2019-10-11T13:54:27.000Z,1
2019-10-11T14:02:10.000Z,1
2019-10-11T14:08:14.000Z,1
2019-10-11T14:09:38.000Z,1
2019-10-11T14:41:23.000Z,1
2019-10-11T15:23:23.000Z,1
2019-10-11T15:36:42.000Z,1
2019-10-11T15:59:06.000Z,1
2019-10-11T16:14:32.000Z,1
2019-10-11T16:16:12.000Z,1
2019-10-11T16:53:25.000Z,2
2019-10-11T17:19:37.000Z,2
2019-10-11T17:20:10.000Z,1
2019-10-11T17:48:00.000Z,1
2019-10-11T18:14:34.000Z,1
2019-10-11T18:22:55.000Z,3
2019-10-11T18:42:18.000Z,1
2019-10-11T18:52:20.000Z,1
2019-10-11T19:08:14.000Z,1
2019-10-11T19:18:39.000Z,1
2019-10-11T20:13:42.000Z,1
2019-10-11T20:19:06.000Z,1
2019-10-11T20:28:52.000Z,1
2019-10-11T20:57:28.000Z,1
2019-10-11T21:02:28.000Z,1
2019-10-12T06:52:53.000Z,1
2019-10-12T07:57:18.000Z,1
2019-10-12T08:26:40.000Z,1
2019-10-12T09:34:34.000Z,1
2019-10-12T09:38:31.000Z,1
2019-10-12T10:00:35.000Z,1
2019-10-12T10:35:32.000Z,1
2019-10-12T11:06:20.000Z,1
2019-10-12T11:27:31.000Z,1
2019-10-12T11:56:55.000Z,1
2019-10-12T12:39:05.000Z,1
2019-10-12T12:44:46.000Z,1
2019-10-12T12:45:19.000Z,2
2019-10-12T13:24:57.000Z,1
2019-10-12T14:05:51.000Z,2
2019-10-12T14:41:39.000Z,1
2019-10-12T15:18:46.000Z,1
2019-10-12T15:20:29.000Z,1
2019-10-12T15:46:18.000Z,1
2019-10-12T15:56:21.000Z,1
2019-10-12T16:18:53.000Z,1
2019-10-12T18:50:47.000Z,1
2019-10-12T19:20:17.000Z,1
2019-10-12T19:20:57.000Z,1
2019-10-12T19:27:01.000Z,1
2019-10-12T20:10:02.000Z,1
2019-10-12T20:34:13.000Z,1
2019-10-12T22:43:08.000Z,1
2019-10-12T22:52:55.000Z,1
2019-10-12T23:56:01.000Z,1
2019-10-13T01:46:19.000Z,1
2019-10-13T01:59:47.000Z,1
2019-10-13T06:02:10.000Z,1
2019-10-13T07:03:03.000Z,1
2019-10-13T07:19:04.000Z,1
2019-10-13T07:56:17.000Z,1
2019-10-13T07:58:22.000Z,1
2019-10-13T08:05:34.000Z,1
2019-10-13T08:27:28.000Z,1
2019-10-13T08:27:22.000Z,1
2019-10-13T08:28:30.000Z,1
2019-10-13T08:32:39.000Z,1
2019-10-13T09:00:55.000Z,1
2019-10-13T09:17:42.000Z,1
2019-10-13T09:29:37.000Z,1
2019-10-13T09:47:49.000Z,1
2019-10-13T10:11:30.000Z,1
2019-10-13T10:17:13.000Z,2
2019-10-13T10:29:45.000Z,1
2019-10-13T10:41:10.000Z,1
2019-10-13T10:43:34.000Z,1
2019-10-13T10:50:40.000Z,2
2019-10-13T10:52:50.000Z,1
2019-10-13T11:17:29.000Z,1
2019-10-13T11:57:50.000Z,1
2019-10-13T12:02:08.000Z,1
2019-10-13T12:15:19.000Z,1
2019-10-13T12:21:26.000Z,1
2019-10-13T13:16:41.000Z,1
2019-10-13T13:40:45.000Z,1
2019-10-13T13:53:07.000Z,1
2019-10-13T14:00:43.000Z,1
2019-10-13T14:16:50.000Z,1
2019-10-13T14:21:23.000Z,1
2019-10-13T14:26:17.000Z,1
2019-10-13T14:41:05.000Z,1
2019-10-13T14:41:42.000Z,1
2019-10-13T15:00:44.000Z,1
2019-10-13T15:05:53.000Z,1
2019-10-13T15:20:24.000Z,1
2019-10-13T15:21:31.000Z,1
2019-10-13T15:25:36.000Z,1
2019-10-13T15:41:17.000Z,1
2019-10-13T15:50:54.000Z,1
2019-10-13T16:14:12.000Z,1
2019-10-13T16:53:34.000Z,1
2019-10-13T17:13:05.000Z,1
2019-10-13T17:25:34.000Z,1
2019-10-13T17:36:46.000Z,2
2019-10-13T17:43:00.000Z,1
2019-10-13T18:20:29.000Z,1
2019-10-13T18:46:44.000Z,1
2019-10-13T22:01:06.000Z,1
2019-10-13T22:35:17.000Z,1
2019-10-13T23:48:31.000Z,1
2019-10-14T05:37:33.000Z,1
2019-10-14T06:08:28.000Z,1
2019-10-14T06:59:16.000Z,1
2019-10-14T07:29:27.000Z,1
2019-10-14T07:33:36.000Z,1
2019-10-14T07:41:15.000Z,1
2019-10-14T08:05:49.000Z,2
2019-10-14T08:08:35.000Z,2
2019-10-14T08:14:25.000Z,1
2019-10-14T08:27:24.000Z,1
2019-10-14T08:32:36.000Z,2
2019-10-14T08:38:10.000Z,1
2019-10-14T08:42:13.000Z,1
2019-10-14T08:45:45.000Z,1
2019-10-14T09:10:33.000Z,1
2019-10-14T09:13:10.000Z,2
2019-10-14T09:17:41.000Z,1
2019-10-14T10:12:05.000Z,1
2019-10-14T10:49:43.000Z,1
2019-10-14T11:07:28.000Z,2
2019-10-14T11:15:58.000Z,1
2019-10-14T12:16:43.000Z,1
2019-10-14T12:31:12.000Z,1
2019-10-14T12:31:17.000Z,1
2019-10-14T12:42:02.000Z,1
2019-10-14T13:06:24.000Z,1
2019-10-14T13:07:53.000Z,1
2019-10-14T14:15:56.000Z,1
2019-10-09T11:28:45.000Z,1
2019-10-09T12:23:43.000Z,1
2019-10-09T12:29:53.000Z,1
2019-10-09T13:19:19.000Z,1
2019-10-09T13:25:03.000Z,1
2019-10-09T13:44:28.000Z,1
2019-10-09T13:46:27.000Z,1
2019-10-09T14:05:59.000Z,1
2019-10-09T14:25:30.000Z,1
2019-10-09T14:36:51.000Z,1
2019-10-09T14:39:12.000Z,1
2019-10-09T15:44:58.000Z,1
2019-10-09T16:47:29.000Z,1
2019-10-09T16:55:22.000Z,2
2019-10-09T17:04:44.000Z,1
2019-10-09T17:05:07.000Z,1
2019-10-09T17:11:09.000Z,1
2019-10-09T17:25:33.000Z,1
2019-10-09T17:35:49.000Z,1
2019-10-09T17:45:17.000Z,1
2019-10-09T21:53:38.000Z,1
2019-10-09T15:16:35.000Z,1
2019-10-09T15:53:29.000Z,1
2019-10-09T16:12:03.000Z,3
2019-10-09T16:13:40.000Z,1
2019-10-09T16:36:42.000Z,2
2019-10-09T17:05:14.000Z,3
2019-10-09T17:12:02.000Z,1
2019-10-09T17:12:07.000Z,1
2019-10-09T17:27:27.000Z,2
2019-10-09T17:33:00.000Z,1
2019-10-09T17:34:51.000Z,1
2019-10-09T17:42:55.000Z,1
2019-10-09T17:43:56.000Z,4
2019-10-09T17:49:31.000Z,1
2019-10-09T17:51:18.000Z,1
2019-10-09T17:53:21.000Z,1
2019-10-09T18:04:03.000Z,1
2019-10-09T18:09:11.000Z,2
2019-10-09T18:12:35.000Z,1
2019-10-09T18:25:05.000Z,3
2019-10-09T18:38:00.000Z,1
2019-10-09T18:56:59.000Z,1
2019-10-09T19:04:24.000Z,1
2019-10-09T19:06:48.000Z,1
2019-10-09T19:17:59.000Z,1
2019-10-09T19:42:53.000Z,2
2019-10-09T20:14:41.000Z,1
2019-10-09T20:33:19.000Z,1
2019-10-09T20:42:01.000Z,1
2019-10-09T20:48:25.000Z,1
2019-10-09T20:52:47.000Z,1
2019-10-09T22:14:41.000Z,1
2019-10-09T22:54:51.000Z,1
2019-10-10T06:45:50.000Z,2
2019-10-10T07:08:30.000Z,1
2019-10-10T07:24:06.000Z,1
2019-10-10T07:45:45.000Z,2
2019-10-10T08:10:14.000Z,1
2019-10-10T08:14:09.000Z,1
2019-10-10T08:19:18.000Z,2
2019-10-10T08:31:13.000Z,1
2019-10-10T08:40:40.000Z,1
2019-10-10T08:41:08.000Z,1
2019-10-10T08:46:36.000Z,3
2019-10-10T09:01:19.000Z,1
2019-10-10T09:06:34.000Z,1
2019-10-10T09:49:36.000Z,1
2019-10-10T10:01:38.000Z,1
2019-10-10T10:04:08.000Z,1
2019-10-10T10:06:41.000Z,2
2019-10-10T10:24:29.000Z,1
2019-10-10T10:40:57.000Z,1
2019-10-10T10:48:06.000Z,1
2019-10-10T10:53:37.000Z,1
2019-10-10T11:18:12.000Z,1
2019-10-10T11:31:35.000Z,1
2019-10-10T11:41:47.000Z,1
2019-10-10T12:16:39.000Z,1
2019-10-10T12:17:57.000Z,1
2019-10-10T13:12:33.000Z,1
2019-10-10T13:20:02.000Z,1
2019-10-10T14:28:40.000Z,2
2019-10-10T14:48:46.000Z,1
2019-10-10T15:38:58.000Z,4
2019-10-10T15:44:07.000Z,1
2019-10-10T15:48:55.000Z,2
2019-10-10T16:11:28.000Z,1
2019-10-10T16:37:32.000Z,1
2019-10-10T16:49:47.000Z,1
2019-10-10T16:53:08.000Z,1
2019-10-10T17:00:39.000Z,1
2019-10-10T17:01:40.000Z,2
2019-10-10T17:06:24.000Z,1
2019-10-10T17:10:14.000Z,1
2019-10-10T17:18:20.000Z,1
2019-10-10T17:26:32.000Z,1
2019-10-10T17:28:33.000Z,2
2019-10-10T17:32:03.000Z,1
2019-10-10T17:37:22.000Z,2
2019-10-10T17:37:40.000Z,1
2019-10-10T17:51:40.000Z,1
2019-10-10T17:59:04.000Z,2
2019-10-10T18:00:58.000Z,1
2019-10-10T18:06:33.000Z,1
2019-10-10T18:19:20.000Z,1
2019-10-10T18:26:30.000Z,1
2019-10-10T18:28:48.000Z,1
2019-10-10T18:33:25.000Z,1
2019-10-10T18:49:25.000Z,2
2019-10-10T18:52:33.000Z,1
2019-10-10T18:52:32.000Z,1
2019-10-10T19:16:57.000Z,1
2019-10-10T19:59:07.000Z,1
2019-10-10T20:11:49.000Z,1
2019-10-10T20:18:17.000Z,1
2019-10-10T20:35:13.000Z,1
2019-10-10T20:40:01.000Z,1
2019-10-10T21:00:37.000Z,1
2019-10-10T21:20:34.000Z,1
2019-10-10T21:39:26.000Z,1
2019-10-10T22:31:53.000Z,1
2019-10-11T02:35:37.000Z,1
2019-10-11T06:21:15.000Z,1
2019-10-11T06:24:57.000Z,1
2019-10-11T06:46:53.000Z,1
2019-10-11T06:54:17.000Z,1
2019-10-11T06:57:44.000Z,1
2019-10-11T07:06:21.000Z,1
2019-10-11T07:17:00.000Z,1
2019-10-11T07:29:21.000Z,1
2019-10-11T07:37:14.000Z,1
2019-10-11T07:46:52.000Z,1
2019-10-11T08:17:53.000Z,1
2019-10-11T08:38:42.000Z,1
2019-10-11T08:51:41.000Z,1
2019-10-11T09:20:12.000Z,1
2019-10-11T12:33:44.000Z,1
2019-10-11T12:34:13.000Z,1
2019-10-11T12:44:15.000Z,1
2019-10-11T12:58:40.000Z,1
2019-10-11T13:31:55.000Z,1
2019-10-11T13:41:22.000Z,2
2019-10-11T14:25:20.000Z,1
2019-10-11T14:47:21.000Z,1
2019-10-11T15:27:52.000Z,1
2019-10-11T15:32:40.000Z,1
2019-10-11T16:01:12.000Z,1
2019-10-11T16:31:28.000Z,3
2019-10-11T17:17:13.000Z,1
2019-10-11T17:23:20.000Z,1
2019-10-11T18:12:08.000Z,1
2019-10-11T18:26:49.000Z,1
2019-10-11T18:57:12.000Z,1
2019-10-11T21:47:17.000Z,1
2019-10-12T08:41:05.000Z,1
2019-10-12T10:01:20.000Z,1
2019-10-12T10:03:51.000Z,1
2019-10-12T10:30:46.000Z,1
2019-10-12T10:32:05.000Z,1
2019-10-12T10:42:45.000Z,1
2019-10-12T11:06:57.000Z,1
2019-10-12T11:15:37.000Z,1
2019-10-12T11:16:38.000Z,1
2019-10-12T11:55:25.000Z,1
2019-10-12T13:22:12.000Z,2
2019-10-12T13:28:33.000Z,1
2019-10-12T14:23:11.000Z,1
2019-10-12T14:54:01.000Z,1
2019-10-12T15:06:38.000Z,1
2019-10-12T15:06:43.000Z,1
2019-10-12T15:11:02.000Z,2
2019-10-12T15:13:35.000Z,1
2019-10-12T15:26:59.000Z,1
2019-10-12T16:05:33.000Z,1
2019-10-12T16:07:04.000Z,1
2019-10-12T16:10:32.000Z,1
2019-10-12T16:34:33.000Z,1
2019-10-12T16:40:05.000Z,1
2019-10-12T16:57:25.000Z,1
2019-10-12T17:05:20.000Z,1
2019-10-12T18:24:36.000Z,1
2019-10-12T18:31:30.000Z,2
2019-10-12T18:39:39.000Z,1
2019-10-12T18:40:11.000Z,1
2019-10-12T18:41:14.000Z,1
2019-10-12T18:42:04.000Z,1
2019-10-12T18:42:13.000Z,1
2019-10-12T21:02:14.000Z,1
2019-10-12T23:08:02.000Z,1
2019-10-12T23:15:53.000Z,1
2019-10-13T01:11:37.000Z,1
2019-10-13T01:19:16.000Z,1
2019-10-13T06:22:47.000Z,1
2019-10-13T06:57:41.000Z,1
2019-10-13T07:04:26.000Z,1
2019-10-13T07:55:15.000Z,1
2019-10-13T08:18:38.000Z,1
2019-10-13T08:37:34.000Z,1
2019-10-13T08:51:38.000Z,1
2019-10-13T09:30:42.000Z,1
2019-10-13T09:57:29.000Z,1
2019-10-13T10:02:45.000Z,1
2019-10-13T10:23:35.000Z,1
2019-10-13T10:40:31.000Z,1
2019-10-13T10:44:36.000Z,1
2019-10-13T11:03:32.000Z,1
2019-10-13T11:24:44.000Z,1
2019-10-13T11:41:00.000Z,1
2019-10-13T12:20:58.000Z,1
2019-10-13T12:29:51.000Z,3
2019-10-13T12:33:21.000Z,1
2019-10-13T12:53:36.000Z,1
2019-10-13T13:09:09.000Z,1
2019-10-13T13:38:34.000Z,1
2019-10-13T14:09:16.000Z,1
2019-10-13T15:06:55.000Z,1
2019-10-13T15:11:58.000Z,1
2019-10-13T15:21:08.000Z,1
2019-10-13T15:40:35.000Z,1
2019-10-13T15:49:37.000Z,1
2019-10-13T15:49:50.000Z,1
2019-10-13T16:18:12.000Z,1
2019-10-13T17:21:15.000Z,1
2019-10-13T17:25:13.000Z,2
2019-10-13T17:54:23.000Z,1
2019-10-13T18:30:42.000Z,1
2019-10-13T18:51:35.000Z,1
2019-10-13T20:23:40.000Z,1
2019-10-14T00:03:21.000Z,1
2019-10-14T03:14:19.000Z,1
2019-10-14T05:54:28.000Z,1
2019-10-14T07:02:08.000Z,1
2019-10-14T07:25:42.000Z,1
2019-10-14T07:38:32.000Z,1
2019-10-14T08:18:46.000Z,1
2019-10-14T08:22:00.000Z,1
2019-10-14T08:38:31.000Z,1
2019-10-14T09:10:21.000Z,1
2019-10-14T09:13:26.000Z,1
2019-10-14T09:18:44.000Z,1
2019-10-14T09:30:20.000Z,1
2019-10-14T09:52:31.000Z,1
2019-10-14T10:04:26.000Z,1
2019-10-14T10:29:12.000Z,1
2019-10-14T10:55:41.000Z,1
2019-10-14T11:01:39.000Z,1
2019-10-14T12:02:19.000Z,1
2019-10-14T12:32:05.000Z,1
2019-10-14T13:19:39.000Z,1
2019-10-14T13:30:53.000Z,1
2019-10-14T13:54:53.000Z,1
2019-10-14T14:16:46.000Z,1
2019-10-14T14:17:22.000Z,1
2019-10-14T14:23:58.000Z,1
2019-10-14T14:31:41.000Z,1
2019-10-09T10:45:33.000Z,1
2019-10-09T11:11:23.000Z,1
2019-10-09T11:36:44.000Z,1
2019-10-09T13:55:25.000Z,2
2019-10-09T15:11:15.000Z,1
2019-10-09T15:18:10.000Z,1
2019-10-09T15:30:21.000Z,1
2019-10-09T16:02:19.000Z,1
2019-10-09T16:10:45.000Z,2
2019-10-09T16:13:13.000Z,1
2019-10-09T16:35:16.000Z,1
2019-10-09T16:42:15.000Z,2
2019-10-09T16:46:21.000Z,1
2019-10-09T17:02:46.000Z,1
2019-10-09T17:50:11.000Z,2
2019-10-09T12:49:13.000Z,1
2019-10-09T14:06:57.000Z,2
2019-10-09T14:26:32.000Z,1
2019-10-09T16:00:44.000Z,1
2019-10-09T16:09:50.000Z,2
2019-10-09T16:11:20.000Z,2
2019-10-09T16:26:45.000Z,2
2019-10-09T16:31:34.000Z,1
2019-10-09T16:34:09.000Z,1
2019-10-09T16:52:05.000Z,1
2019-10-09T17:09:39.000Z,2
2019-10-09T17:19:12.000Z,3
2019-10-09T18:19:24.000Z,1
2019-10-09T18:19:23.000Z,1
2019-10-09T18:21:00.000Z,2
2019-10-09T18:26:35.000Z,1
2019-10-09T18:35:28.000Z,1
2019-10-09T19:49:21.000Z,1
2019-10-09T19:49:34.000Z,1
2019-10-09T21:14:31.000Z,1
2019-10-09T21:17:03.000Z,1
2019-10-09T22:06:29.000Z,1
2019-10-09T22:22:00.000Z,1
2019-10-09T23:27:13.000Z,1
2019-10-10T05:40:11.000Z,1
2019-10-10T06:18:34.000Z,1
2019-10-10T06:39:29.000Z,1
2019-10-10T06:51:42.000Z,1
2019-10-10T07:06:59.000Z,1
2019-10-10T07:07:45.000Z,1
2019-10-10T07:24:46.000Z,1
2019-10-10T07:40:15.000Z,1
2019-10-10T07:40:41.000Z,2
2019-10-10T07:49:08.000Z,1
2019-10-10T07:53:04.000Z,1
2019-10-10T08:09:59.000Z,1
2019-10-10T08:25:28.000Z,1
2019-10-10T08:35:31.000Z,1
2019-10-10T09:00:26.000Z,1
2019-10-10T09:09:04.000Z,1
2019-10-10T09:09:05.000Z,1
2019-10-10T09:12:34.000Z,1
2019-10-10T09:28:54.000Z,1
2019-10-10T09:34:44.000Z,1
2019-10-10T11:04:32.000Z,1
2019-10-10T11:50:23.000Z,1
2019-10-10T12:20:36.000Z,1
2019-10-10T12:32:44.000Z,1
2019-10-10T12:39:39.000Z,1
2019-10-10T12:45:14.000Z,1
2019-10-10T13:27:24.000Z,1
2019-10-10T14:18:46.000Z,1
2019-10-10T15:19:15.000Z,1
2019-10-10T15:21:52.000Z,1
2019-10-10T15:29:59.000Z,1
2019-10-10T16:03:14.000Z,1
2019-10-10T16:10:54.000Z,1
2019-10-10T16:13:39.000Z,1
2019-10-10T16:27:07.000Z,1
2019-10-10T16:40:25.000Z,2
2019-10-10T16:44:32.000Z,1
2019-10-10T16:53:03.000Z,1
2019-10-10T17:00:19.000Z,1
2019-10-10T17:02:10.000Z,2
2019-10-10T17:08:34.000Z,1
2019-10-10T17:09:20.000Z,2
2019-10-10T17:17:45.000Z,1
2019-10-10T17:17:54.000Z,1
2019-10-10T17:19:43.000Z,1
2019-10-10T17:23:27.000Z,1
2019-10-10T17:24:16.000Z,1
2019-10-10T17:27:59.000Z,1
2019-10-10T17:46:34.000Z,1
2019-10-10T18:22:35.000Z,1
2019-10-10T18:29:42.000Z,1
2019-10-10T18:38:43.000Z,1
2019-10-10T19:00:33.000Z,1
2019-10-10T19:15:41.000Z,2
2019-10-10T19:42:38.000Z,1
2019-10-10T19:52:18.000Z,1
2019-10-10T20:01:46.000Z,1
2019-10-10T20:48:29.000Z,1
2019-10-10T20:50:45.000Z,1
2019-10-10T22:14:46.000Z,1
2019-10-10T22:40:05.000Z,1
2019-10-10T23:12:27.000Z,1
2019-10-11T00:16:04.000Z,1
2019-10-11T06:19:11.000Z,1
2019-10-11T06:23:45.000Z,1
2019-10-11T06:35:59.000Z,1
2019-10-11T06:44:08.000Z,1
2019-10-11T06:48:26.000Z,1
2019-10-11T07:33:42.000Z,1
2019-10-11T07:35:44.000Z,1
2019-10-11T07:45:21.000Z,1
2019-10-11T07:58:53.000Z,1
2019-10-11T08:05:23.000Z,2
2019-10-11T08:05:36.000Z,1
2019-10-11T08:23:08.000Z,2
2019-10-11T08:40:20.000Z,1
2019-10-11T08:57:05.000Z,1
2019-10-11T09:00:05.000Z,1
2019-10-11T09:02:45.000Z,1
2019-10-11T09:02:56.000Z,1
2019-10-11T09:41:16.000Z,1
2019-10-11T11:33:48.000Z,1
2019-10-11T11:35:15.000Z,1
2019-10-11T11:38:22.000Z,1
2019-10-11T11:40:08.000Z,1
2019-10-11T11:56:22.000Z,2
2019-10-11T13:02:05.000Z,2
2019-10-11T13:25:07.000Z,1
2019-10-11T14:46:22.000Z,1
2019-10-11T14:46:38.000Z,2
2019-10-11T14:53:21.000Z,3
2019-10-11T15:23:26.000Z,1
2019-10-11T15:24:57.000Z,1
2019-10-11T15:50:55.000Z,1
2019-10-11T16:24:15.000Z,1
2019-10-11T16:56:58.000Z,1
2019-10-11T17:04:52.000Z,1
2019-10-11T17:21:37.000Z,1
2019-10-11T17:28:15.000Z,1
2019-10-11T17:42:30.000Z,1
2019-10-11T17:46:03.000Z,1
2019-10-11T18:07:19.000Z,1
2019-10-11T18:08:20.000Z,1
2019-10-11T18:17:13.000Z,1
2019-10-11T18:46:31.000Z,1
2019-10-11T19:44:32.000Z,1
2019-10-11T20:31:25.000Z,1
2019-10-11T21:02:12.000Z,1
2019-10-11T21:09:50.000Z,1
2019-10-11T21:18:35.000Z,1
2019-10-11T23:19:06.000Z,1
2019-10-12T00:41:27.000Z,1
2019-10-12T00:50:02.000Z,1
2019-10-12T04:47:15.000Z,1
2019-10-12T07:01:54.000Z,1
2019-10-12T08:32:38.000Z,1
2019-10-12T09:22:42.000Z,1
2019-10-12T10:10:43.000Z,2
2019-10-12T10:12:38.000Z,1
2019-10-12T10:24:29.000Z,1
2019-10-12T10:32:17.000Z,1
2019-10-12T10:33:59.000Z,2
2019-10-12T10:35:15.000Z,1
2019-10-12T10:38:40.000Z,1
2019-10-12T10:40:37.000Z,1
2019-10-12T10:51:09.000Z,2
2019-10-12T11:10:19.000Z,1
2019-10-12T11:14:40.000Z,1
2019-10-12T11:21:58.000Z,1
2019-10-12T11:35:10.000Z,2
2019-10-12T11:52:32.000Z,1
2019-10-12T12:06:47.000Z,2
2019-10-12T12:07:04.000Z,1
2019-10-12T12:13:29.000Z,1
2019-10-12T12:30:14.000Z,1
2019-10-12T13:08:56.000Z,1
2019-10-12T13:09:23.000Z,1
2019-10-12T13:27:36.000Z,2
2019-10-12T14:50:41.000Z,1
2019-10-12T14:54:50.000Z,1
2019-10-12T15:06:23.000Z,1
2019-10-12T15:28:40.000Z,2
2019-10-12T15:43:21.000Z,1
2019-10-12T15:50:23.000Z,1
2019-10-12T15:51:43.000Z,1
2019-10-12T16:47:59.000Z,1
2019-10-12T17:03:27.000Z,1
2019-10-12T17:25:48.000Z,2
2019-10-12T18:07:43.000Z,1
2019-10-12T19:13:48.000Z,2
2019-10-12T20:45:24.000Z,1
2019-10-12T22:24:11.000Z,2
2019-10-12T23:15:50.000Z,1
2019-10-12T23:42:35.000Z,1
2019-10-12T23:54:37.000Z,1
2019-10-13T02:14:25.000Z,1
2019-10-13T05:49:45.000Z,1
2019-10-13T07:22:30.000Z,1
2019-10-13T07:26:43.000Z,1
2019-10-13T07:27:47.000Z,1
2019-10-13T09:39:18.000Z,1
2019-10-13T09:43:14.000Z,1
2019-10-13T09:50:04.000Z,1
2019-10-13T09:54:37.000Z,1
2019-10-13T10:02:00.000Z,1
2019-10-13T10:04:00.000Z,2
2019-10-13T10:05:30.000Z,1
2019-10-13T10:17:35.000Z,1
2019-10-13T10:25:55.000Z,1
2019-10-13T10:33:49.000Z,1
2019-10-13T10:38:09.000Z,1
2019-10-13T10:38:19.000Z,1
2019-10-13T11:05:14.000Z,1
2019-10-13T11:06:22.000Z,1
2019-10-13T11:08:39.000Z,1
2019-10-13T11:31:48.000Z,1
2019-10-13T11:39:33.000Z,1
2019-10-13T11:49:47.000Z,2
2019-10-13T12:01:24.000Z,2
2019-10-13T12:04:56.000Z,1
2019-10-13T12:33:49.000Z,1
2019-10-13T12:36:30.000Z,1
2019-10-13T12:53:18.000Z,1
2019-10-13T12:58:12.000Z,1
2019-10-13T12:59:51.000Z,1
2019-10-13T13:19:05.000Z,1
2019-10-13T13:48:24.000Z,1
2019-10-13T14:21:26.000Z,1
2019-10-13T14:41:26.000Z,1
2019-10-13T14:49:15.000Z,1
2019-10-13T15:14:34.000Z,1
2019-10-13T15:23:21.000Z,1
2019-10-13T15:43:17.000Z,2
2019-10-13T16:05:08.000Z,1
2019-10-13T16:13:35.000Z,1
2019-10-13T16:30:23.000Z,1
2019-10-13T16:33:23.000Z,1
2019-10-13T16:48:54.000Z,1
2019-10-13T17:34:04.000Z,2
2019-10-13T17:41:25.000Z,1
2019-10-13T17:53:30.000Z,1
2019-10-13T18:40:41.000Z,2
2019-10-13T18:43:54.000Z,1
2019-10-13T19:19:52.000Z,1
2019-10-13T19:50:14.000Z,1
2019-10-13T19:53:22.000Z,1
2019-10-13T20:03:47.000Z,1
2019-10-13T20:03:48.000Z,1
2019-10-13T20:46:31.000Z,1
2019-10-13T21:07:35.000Z,1
2019-10-13T23:28:49.000Z,1
2019-10-14T00:19:06.000Z,1
2019-10-14T06:55:40.000Z,1
2019-10-14T06:57:10.000Z,1
2019-10-14T07:05:02.000Z,1
2019-10-14T07:15:50.000Z,1
2019-10-14T07:33:59.000Z,1
2019-10-14T07:34:33.000Z,1
2019-10-14T07:46:17.000Z,1
2019-10-14T08:19:09.000Z,1
2019-10-14T08:19:28.000Z,2
2019-10-14T08:20:35.000Z,1
2019-10-14T08:26:00.000Z,1
2019-10-14T08:31:19.000Z,1
2019-10-14T08:42:53.000Z,2
2019-10-14T08:56:34.000Z,1
2019-10-14T09:07:38.000Z,1
2019-10-14T09:38:50.000Z,1
2019-10-14T09:41:30.000Z,1
2019-10-14T09:44:21.000Z,1
2019-10-14T10:19:46.000Z,1
2019-10-14T10:27:21.000Z,1
2019-10-14T10:35:27.000Z,1
2019-10-14T11:03:28.000Z,1
2019-10-14T11:28:55.000Z,1
2019-10-14T11:49:10.000Z,1
2019-10-14T12:43:03.000Z,2
2019-10-14T13:08:04.000Z,1
2019-10-14T13:27:19.000Z,1
2019-10-14T13:34:44.000Z,1
2019-10-09T10:52:41.000Z,1
2019-10-09T11:02:34.000Z,1
2019-10-09T11:22:53.000Z,1
2019-10-09T11:42:40.000Z,1
2019-10-09T11:42:50.000Z,1
2019-10-09T12:10:44.000Z,3
2019-10-09T12:29:58.000Z,1
2019-10-09T12:53:49.000Z,1
2019-10-09T13:10:30.000Z,1
2019-10-09T13:17:06.000Z,1
2019-10-09T13:33:39.000Z,1
2019-10-09T15:15:30.000Z,2
2019-10-09T17:16:52.000Z,1
2019-10-09T18:55:53.000Z,1
2019-10-10T08:54:24.000Z,2
2019-10-09T13:53:50.000Z,1
2019-10-09T15:29:12.000Z,1
2019-10-09T16:01:58.000Z,1
2019-10-09T16:11:16.000Z,3
2019-10-09T16:20:37.000Z,1
2019-10-09T17:11:32.000Z,1
2019-10-09T17:49:21.000Z,4
2019-10-09T17:50:39.000Z,1
2019-10-09T17:54:47.000Z,1
2019-10-09T17:59:58.000Z,1
2019-10-09T18:10:53.000Z,2
2019-10-09T18:17:05.000Z,3
2019-10-09T18:19:27.000Z,1
2019-10-09T18:41:38.000Z,1
2019-10-09T18:54:31.000Z,1
2019-10-09T18:55:15.000Z,1
2019-10-09T19:12:28.000Z,1
2019-10-09T19:22:37.000Z,1
2019-10-09T20:09:19.000Z,1
2019-10-09T21:18:58.000Z,1
2019-10-09T21:22:12.000Z,1
2019-10-09T22:07:27.000Z,2
2019-10-09T22:22:12.000Z,1
2019-10-09T22:54:27.000Z,1
2019-10-09T23:10:32.000Z,1
2019-10-10T05:42:05.000Z,1
2019-10-10T06:18:40.000Z,1
2019-10-10T06:33:50.000Z,1
2019-10-10T06:58:08.000Z,1
2019-10-10T07:10:14.000Z,1
2019-10-10T07:17:30.000Z,1
2019-10-10T07:37:30.000Z,1
2019-10-10T07:39:25.000Z,1
2019-10-10T07:41:53.000Z,1
2019-10-10T08:03:03.000Z,2
2019-10-10T08:06:27.000Z,1
2019-10-10T08:19:10.000Z,1
2019-10-10T08:24:35.000Z,1
2019-10-10T08:34:19.000Z,1
2019-10-10T08:45:56.000Z,1
2019-10-10T08:49:06.000Z,1
2019-10-10T08:51:36.000Z,1
2019-10-10T09:39:40.000Z,1
2019-10-10T11:03:24.000Z,2
2019-10-10T11:03:37.000Z,1
2019-10-10T11:25:26.000Z,1
2019-10-10T11:29:16.000Z,1
2019-10-10T11:38:25.000Z,1
2019-10-10T12:21:04.000Z,1
2019-10-10T12:29:11.000Z,1
2019-10-10T12:54:13.000Z,1
2019-10-10T12:56:28.000Z,1
2019-10-10T12:58:29.000Z,1
2019-10-10T13:35:21.000Z,1
2019-10-10T14:16:01.000Z,1
2019-10-10T14:34:48.000Z,1
2019-10-10T15:01:24.000Z,1
2019-10-10T15:02:16.000Z,1
2019-10-10T15:12:35.000Z,1
2019-10-10T15:12:59.000Z,1
2019-10-10T15:40:54.000Z,1
2019-10-10T15:49:52.000Z,1
2019-10-10T15:53:19.000Z,1
2019-10-10T15:57:38.000Z,1
2019-10-10T16:43:21.000Z,1
2019-10-10T16:45:00.000Z,1
2019-10-10T16:59:01.000Z,1
2019-10-10T17:12:45.000Z,1
2019-10-10T17:23:12.000Z,1
2019-10-10T17:29:04.000Z,1
2019-10-10T17:43:02.000Z,1
2019-10-10T17:51:55.000Z,1
2019-10-10T18:11:05.000Z,1
2019-10-10T18:14:38.000Z,3
2019-10-10T18:16:55.000Z,2
2019-10-10T18:28:20.000Z,1
2019-10-10T18:29:05.000Z,2
2019-10-10T18:44:03.000Z,1
2019-10-10T18:44:15.000Z,1
2019-10-10T19:15:22.000Z,1
2019-10-10T19:16:12.000Z,1
2019-10-10T19:23:50.000Z,1
2019-10-10T20:47:02.000Z,1
2019-10-10T21:59:56.000Z,1
2019-10-10T22:29:30.000Z,1
2019-10-11T05:16:55.000Z,1
2019-10-11T06:46:28.000Z,1
2019-10-11T07:05:03.000Z,1
2019-10-11T07:21:20.000Z,1
2019-10-11T07:32:18.000Z,1
2019-10-11T07:51:25.000Z,1
2019-10-11T08:06:17.000Z,1
2019-10-11T08:40:34.000Z,1
2019-10-11T08:51:05.000Z,1
2019-10-11T08:55:09.000Z,1
2019-10-11T08:57:21.000Z,1
2019-10-11T08:59:50.000Z,1
2019-10-11T09:04:15.000Z,1
2019-10-11T10:29:29.000Z,1
2019-10-11T12:13:25.000Z,1
2019-10-11T12:47:27.000Z,1
2019-10-11T12:51:34.000Z,1
2019-10-11T12:57:22.000Z,1
2019-10-11T14:20:02.000Z,1
2019-10-11T14:24:09.000Z,1
2019-10-11T14:25:31.000Z,1
2019-10-11T15:47:07.000Z,2
2019-10-11T16:08:57.000Z,1
2019-10-11T16:41:11.000Z,1
2019-10-11T16:43:15.000Z,1
2019-10-11T17:46:51.000Z,1
2019-10-11T17:49:27.000Z,1
2019-10-11T17:53:25.000Z,1
2019-10-11T18:12:38.000Z,1
2019-10-11T18:14:09.000Z,1
2019-10-11T19:44:23.000Z,1
2019-10-11T21:07:47.000Z,1
2019-10-11T23:02:42.000Z,1
2019-10-12T01:10:47.000Z,1
2019-10-12T02:06:32.000Z,1
2019-10-12T06:52:04.000Z,1
2019-10-12T07:55:08.000Z,1
2019-10-12T08:03:36.000Z,1
2019-10-12T10:19:00.000Z,1
2019-10-12T10:28:55.000Z,1
2019-10-12T12:04:46.000Z,1
2019-10-12T12:24:36.000Z,1
2019-10-12T12:28:39.000Z,1
2019-10-12T12:53:02.000Z,1
2019-10-12T13:50:42.000Z,1
2019-10-12T15:16:52.000Z,1
2019-10-12T15:44:19.000Z,1
2019-10-12T15:49:35.000Z,1
2019-10-12T16:03:27.000Z,1
2019-10-12T16:28:09.000Z,1
2019-10-12T17:02:34.000Z,1
2019-10-12T17:12:11.000Z,1
2019-10-12T17:30:47.000Z,1
2019-10-12T17:44:02.000Z,1
2019-10-12T18:28:24.000Z,1
2019-10-12T18:35:53.000Z,1
2019-10-12T20:03:19.000Z,1
2019-10-12T20:40:40.000Z,1
2019-10-12T20:54:20.000Z,1
2019-10-12T22:30:21.000Z,1
2019-10-12T23:29:14.000Z,1
2019-10-13T07:50:13.000Z,2
2019-10-13T08:13:08.000Z,1
2019-10-13T08:53:00.000Z,1
2019-10-13T09:21:48.000Z,2
2019-10-13T09:43:58.000Z,2
2019-10-13T10:27:58.000Z,1
2019-10-13T10:31:27.000Z,1
2019-10-13T10:34:27.000Z,2
2019-10-13T11:09:18.000Z,1
2019-10-13T11:39:09.000Z,1
2019-10-13T11:43:17.000Z,1
2019-10-13T11:45:50.000Z,1
2019-10-13T12:01:37.000Z,1
2019-10-13T12:12:47.000Z,1
2019-10-13T12:13:56.000Z,2
2019-10-13T12:21:57.000Z,2
2019-10-13T12:25:27.000Z,1
2019-10-13T12:25:52.000Z,1
2019-10-13T12:29:47.000Z,1
2019-10-13T12:31:52.000Z,1
2019-10-13T12:34:59.000Z,1
2019-10-13T12:52:00.000Z,1
2019-10-13T13:23:14.000Z,1
2019-10-13T13:35:33.000Z,2
2019-10-13T13:38:38.000Z,1
2019-10-13T13:39:42.000Z,1
2019-10-13T13:42:23.000Z,1
2019-10-13T13:59:44.000Z,2
2019-10-13T14:24:00.000Z,1
2019-10-13T14:26:37.000Z,1
2019-10-13T14:49:02.000Z,1
2019-10-13T16:12:00.000Z,1
2019-10-13T16:50:48.000Z,1
2019-10-13T16:51:05.000Z,1
2019-10-13T16:57:16.000Z,1
2019-10-13T17:23:15.000Z,1
2019-10-13T17:36:29.000Z,1
2019-10-13T17:36:31.000Z,1
2019-10-13T17:40:38.000Z,1
2019-10-13T18:15:02.000Z,1
2019-10-13T19:22:32.000Z,1
2019-10-13T19:33:20.000Z,1
2019-10-13T19:49:30.000Z,1
2019-10-13T20:27:21.000Z,1
2019-10-13T21:16:48.000Z,1
2019-10-13T21:22:54.000Z,1
2019-10-13T21:43:24.000Z,1
2019-10-13T22:52:25.000Z,1
2019-10-14T06:29:04.000Z,1
2019-10-14T06:30:47.000Z,1
2019-10-14T07:07:36.000Z,2
2019-10-14T07:52:51.000Z,1
2019-10-14T07:55:11.000Z,1
2019-10-14T08:06:43.000Z,4
2019-10-14T08:07:26.000Z,2
2019-10-14T08:15:51.000Z,3
2019-10-14T09:11:29.000Z,1
2019-10-14T09:17:17.000Z,1
2019-10-14T09:31:34.000Z,2
2019-10-14T09:32:14.000Z,1
2019-10-14T09:39:29.000Z,1
2019-10-14T09:43:44.000Z,1
2019-10-14T10:24:50.000Z,1
2019-10-14T11:09:26.000Z,1
2019-10-14T11:16:10.000Z,1
2019-10-14T12:17:26.000Z,1
2019-10-14T12:20:07.000Z,1
2019-10-14T12:55:38.000Z,1
2019-10-14T14:09:20.000Z,1
2019-10-14T14:16:52.000Z,1
2019-10-14T14:25:48.000Z,1
2019-10-09T10:41:52.000Z,1
2019-10-09T11:02:23.000Z,1
2019-10-09T11:13:38.000Z,1
2019-10-09T11:36:36.000Z,1
2019-10-09T11:51:29.000Z,1
2019-10-09T12:21:02.000Z,1
2019-10-09T12:27:40.000Z,1
2019-10-09T13:37:25.000Z,1
2019-10-09T14:09:54.000Z,1
2019-10-09T14:28:37.000Z,1
2019-10-09T15:19:22.000Z,1
2019-10-09T15:34:37.000Z,1
2019-10-09T15:53:32.000Z,1
2019-10-09T15:55:56.000Z,1
2019-10-09T16:03:29.000Z,1
2019-10-09T16:06:42.000Z,1
2019-10-09T16:13:48.000Z,1
2019-10-09T16:47:45.000Z,2
2019-10-09T17:04:27.000Z,2
2019-10-09T17:15:59.000Z,1
2019-10-09T17:33:39.000Z,1
2019-10-09T20:04:57.000Z,1
2019-10-09T13:48:27.000Z,1
2019-10-09T15:33:46.000Z,1
2019-10-09T16:10:02.000Z,2
2019-10-09T16:26:56.000Z,1
2019-10-09T17:16:00.000Z,1
2019-10-09T17:35:19.000Z,1
2019-10-09T17:49:57.000Z,1
2019-10-09T17:55:09.000Z,2
2019-10-09T18:01:22.000Z,1
2019-10-09T18:14:03.000Z,1
2019-10-09T18:16:52.000Z,1
2019-10-09T18:33:14.000Z,1
2019-10-09T18:40:10.000Z,1
2019-10-09T18:42:34.000Z,1
2019-10-09T18:47:50.000Z,2
2019-10-09T18:59:04.000Z,1
2019-10-09T19:23:29.000Z,1
2019-10-09T19:25:35.000Z,1
2019-10-09T19:31:26.000Z,1
2019-10-09T19:51:47.000Z,1
2019-10-09T20:25:48.000Z,1
2019-10-09T20:32:25.000Z,1
2019-10-09T20:37:14.000Z,1
2019-10-09T21:04:59.000Z,1
2019-10-09T21:22:24.000Z,1
2019-10-09T21:35:30.000Z,1
2019-10-09T23:07:31.000Z,1
2019-10-09T23:30:53.000Z,1
2019-10-10T05:22:14.000Z,1
2019-10-10T06:33:49.000Z,1
2019-10-10T06:38:45.000Z,1
2019-10-10T06:48:00.000Z,1
2019-10-10T07:03:02.000Z,1
2019-10-10T07:10:51.000Z,1
2019-10-10T07:27:39.000Z,1
2019-10-10T07:31:13.000Z,2
2019-10-10T07:32:57.000Z,1
2019-10-10T07:41:15.000Z,2
2019-10-10T07:41:31.000Z,1
2019-10-10T07:47:32.000Z,1
2019-10-10T08:11:53.000Z,2
2019-10-10T08:17:52.000Z,1
2019-10-10T08:18:18.000Z,1
2019-10-10T08:18:46.000Z,1
2019-10-10T08:30:12.000Z,1
2019-10-10T08:37:22.000Z,1
2019-10-10T08:39:03.000Z,1
2019-10-10T08:39:04.000Z,1
2019-10-10T08:52:08.000Z,1
2019-10-10T08:59:09.000Z,1
2019-10-10T09:01:55.000Z,1
2019-10-10T09:32:39.000Z,2
2019-10-10T10:13:46.000Z,1
2019-10-10T10:16:22.000Z,1
2019-10-10T10:20:30.000Z,1
2019-10-10T10:27:02.000Z,2
2019-10-10T10:41:24.000Z,1
2019-10-10T11:53:30.000Z,1
2019-10-10T12:22:55.000Z,1
2019-10-10T12:36:54.000Z,1
2019-10-10T12:41:46.000Z,1
2019-10-10T12:42:41.000Z,1
2019-10-10T12:44:55.000Z,1
2019-10-10T12:45:24.000Z,1
2019-10-10T13:12:45.000Z,1
2019-10-10T14:07:52.000Z,1
2019-10-10T14:15:44.000Z,1
2019-10-10T14:23:41.000Z,1
2019-10-10T14:23:52.000Z,1
2019-10-10T15:06:44.000Z,1
2019-10-10T15:28:19.000Z,1
2019-10-10T15:47:35.000Z,2
2019-10-10T15:53:30.000Z,3
2019-10-10T16:12:27.000Z,2
2019-10-10T16:35:32.000Z,1
2019-10-10T17:26:47.000Z,2
2019-10-10T17:28:52.000Z,1
2019-10-10T17:30:04.000Z,2
2019-10-10T17:32:22.000Z,1
2019-10-10T17:44:31.000Z,2
2019-10-10T17:50:15.000Z,2
2019-10-10T17:59:47.000Z,1
2019-10-10T18:01:28.000Z,1
2019-10-10T18:05:29.000Z,1
2019-10-10T18:14:29.000Z,1
2019-10-10T18:26:51.000Z,1
2019-10-10T18:37:32.000Z,1
2019-10-10T18:54:30.000Z,2
2019-10-10T18:59:04.000Z,1
2019-10-10T19:28:51.000Z,1
2019-10-10T19:37:00.000Z,1
2019-10-10T19:39:30.000Z,1
2019-10-10T19:43:31.000Z,1
2019-10-10T19:47:57.000Z,1
2019-10-10T19:53:55.000Z,1
2019-10-10T20:32:09.000Z,1
2019-10-10T21:06:38.000Z,1
2019-10-10T21:31:27.000Z,1
2019-10-10T21:32:25.000Z,1
2019-10-10T22:18:35.000Z,2
2019-10-11T03:41:20.000Z,1
2019-10-11T05:23:20.000Z,1
2019-10-11T06:59:50.000Z,1
2019-10-11T07:08:49.000Z,1
2019-10-11T07:56:38.000Z,1
2019-10-11T08:00:03.000Z,1
2019-10-11T08:15:47.000Z,3
2019-10-11T08:25:37.000Z,1
2019-10-11T08:35:41.000Z,1
2019-10-11T08:37:27.000Z,1
2019-10-11T08:38:00.000Z,1
2019-10-11T08:41:05.000Z,2
2019-10-11T08:45:50.000Z,1
2019-10-11T08:49:10.000Z,1
2019-10-11T09:28:38.000Z,1
2019-10-11T12:36:07.000Z,1
2019-10-11T13:50:58.000Z,1
2019-10-11T13:51:58.000Z,1
2019-10-11T14:41:54.000Z,1
2019-10-11T14:47:24.000Z,1
2019-10-11T15:27:50.000Z,1
2019-10-11T16:27:11.000Z,1
2019-10-11T17:01:04.000Z,1
2019-10-11T17:53:13.000Z,1
2019-10-11T18:02:12.000Z,1
2019-10-11T18:19:40.000Z,1
2019-10-11T18:46:35.000Z,1
2019-10-11T18:54:09.000Z,2
2019-10-11T18:58:55.000Z,1
2019-10-11T19:00:29.000Z,2
2019-10-11T19:25:38.000Z,1
2019-10-11T19:55:03.000Z,1
2019-10-11T20:20:23.000Z,1
2019-10-11T21:19:15.000Z,1
2019-10-11T23:03:39.000Z,1
2019-10-12T00:59:20.000Z,1
2019-10-12T07:33:35.000Z,1
2019-10-12T07:48:26.000Z,1
2019-10-12T08:11:05.000Z,1
2019-10-12T09:34:37.000Z,1
2019-10-12T09:44:00.000Z,1
2019-10-12T09:52:09.000Z,1
2019-10-12T10:01:31.000Z,2
2019-10-12T10:09:52.000Z,1
2019-10-12T10:32:10.000Z,1
2019-10-12T11:42:11.000Z,1
2019-10-12T12:09:33.000Z,1
2019-10-12T12:31:50.000Z,1
2019-10-12T12:46:03.000Z,1
2019-10-12T12:59:00.000Z,1
2019-10-12T13:04:02.000Z,1
2019-10-12T13:08:43.000Z,1
2019-10-12T13:31:58.000Z,1
2019-10-12T14:25:26.000Z,1
2019-10-12T15:13:19.000Z,1
2019-10-12T15:16:53.000Z,1
2019-10-12T16:59:43.000Z,1
2019-10-12T17:08:51.000Z,1
2019-10-12T17:54:35.000Z,1
2019-10-12T17:58:00.000Z,1
2019-10-12T18:03:06.000Z,1
2019-10-12T18:12:49.000Z,1
2019-10-12T18:21:29.000Z,1
2019-10-12T18:44:42.000Z,1
2019-10-12T19:20:19.000Z,1
2019-10-12T22:40:23.000Z,1
2019-10-13T04:59:56.000Z,1
2019-10-13T06:58:16.000Z,1
2019-10-13T07:01:51.000Z,1
2019-10-13T07:28:19.000Z,1
2019-10-13T07:37:04.000Z,1
2019-10-13T08:30:15.000Z,1
2019-10-13T08:33:55.000Z,1
2019-10-13T08:35:06.000Z,2
2019-10-13T09:09:09.000Z,1
2019-10-13T09:18:15.000Z,1
2019-10-13T09:43:53.000Z,1
2019-10-13T09:46:15.000Z,1
2019-10-13T09:53:59.000Z,1
2019-10-13T10:02:58.000Z,1
2019-10-13T10:23:31.000Z,1
2019-10-13T10:32:32.000Z,1
2019-10-13T10:34:29.000Z,1
2019-10-13T10:45:07.000Z,1
2019-10-13T10:46:59.000Z,1
2019-10-13T10:55:45.000Z,1
2019-10-13T11:16:07.000Z,1
2019-10-13T11:18:38.000Z,1
2019-10-13T11:39:41.000Z,1
2019-10-13T11:47:01.000Z,1
2019-10-13T12:00:28.000Z,1
2019-10-13T12:03:13.000Z,1
2019-10-13T12:37:55.000Z,1
2019-10-13T12:48:39.000Z,1
2019-10-13T13:22:17.000Z,1
2019-10-13T13:30:43.000Z,1
2019-10-13T13:35:09.000Z,1
2019-10-13T13:35:13.000Z,1
2019-10-13T14:04:44.000Z,1
2019-10-13T14:41:08.000Z,1
2019-10-13T14:50:41.000Z,1
2019-10-13T15:01:23.000Z,1
2019-10-13T15:39:30.000Z,1
2019-10-13T15:42:10.000Z,1
2019-10-13T15:49:28.000Z,1
2019-10-13T16:44:15.000Z,1
2019-10-13T17:06:03.000Z,1
2019-10-13T17:08:24.000Z,1
2019-10-13T17:29:35.000Z,1
2019-10-13T19:06:25.000Z,1
2019-10-13T19:25:50.000Z,1
2019-10-13T20:03:15.000Z,1
2019-10-13T20:48:51.000Z,1
2019-10-13T20:59:06.000Z,1
2019-10-13T21:00:13.000Z,1
2019-10-14T02:54:30.000Z,1
2019-10-14T05:01:37.000Z,1
2019-10-14T05:53:42.000Z,1
2019-10-14T06:22:19.000Z,1
2019-10-14T06:40:06.000Z,1
2019-10-14T07:04:49.000Z,1
2019-10-14T07:31:44.000Z,1
2019-10-14T07:40:35.000Z,1
2019-10-14T07:51:30.000Z,1
2019-10-14T07:51:33.000Z,1
2019-10-14T07:52:38.000Z,1
2019-10-14T07:54:46.000Z,1
2019-10-14T07:55:28.000Z,1
2019-10-14T08:01:52.000Z,1
2019-10-14T08:04:19.000Z,1
2019-10-14T08:18:44.000Z,1
2019-10-14T08:30:02.000Z,1
2019-10-14T08:34:21.000Z,2
2019-10-14T08:36:59.000Z,2
2019-10-14T08:56:45.000Z,1
2019-10-14T08:57:23.000Z,1
2019-10-14T09:13:50.000Z,1
2019-10-14T09:34:31.000Z,1
2019-10-14T10:11:31.000Z,1
2019-10-14T10:21:30.000Z,1
2019-10-14T11:40:11.000Z,1
2019-10-14T11:57:56.000Z,1
2019-10-14T12:42:35.000Z,1
2019-10-14T12:50:56.000Z,1
2019-10-14T12:57:16.000Z,2
2019-10-14T12:57:34.000Z,1
2019-10-14T13:57:10.000Z,1
2019-10-14T13:57:45.000Z,1
2019-10-09T10:50:08.000Z,1
2019-10-09T10:59:33.000Z,1
2019-10-09T11:10:35.000Z,1
2019-10-09T12:02:33.000Z,1
2019-10-09T12:05:58.000Z,1
2019-10-09T12:17:09.000Z,1
2019-10-09T12:20:59.000Z,1
2019-10-09T12:23:36.000Z,1
2019-10-09T12:36:02.000Z,1
2019-10-09T12:40:14.000Z,1
2019-10-09T12:47:43.000Z,1
2019-10-09T13:01:05.000Z,1
2019-10-09T13:48:32.000Z,2
2019-10-09T14:18:39.000Z,1
2019-10-09T14:56:37.000Z,1
2019-10-09T15:20:17.000Z,1
2019-10-09T15:23:34.000Z,1
2019-10-09T15:46:37.000Z,1
2019-10-09T16:28:50.000Z,1
2019-10-09T16:31:02.000Z,1
2019-10-09T16:48:14.000Z,1
2019-10-09T17:51:34.000Z,3
2019-10-09T12:08:48.000Z,1
2019-10-09T14:19:11.000Z,1
2019-10-09T15:12:20.000Z,1
2019-10-09T15:31:52.000Z,1
2019-10-09T15:42:31.000Z,1
2019-10-09T16:07:14.000Z,1
2019-10-09T16:21:30.000Z,1
2019-10-09T17:01:51.000Z,1
2019-10-09T17:20:13.000Z,1
2019-10-09T17:20:27.000Z,1
2019-10-09T17:21:02.000Z,2
2019-10-09T17:30:54.000Z,1
2019-10-09T17:34:30.000Z,2
2019-10-09T17:43:33.000Z,2
2019-10-09T17:45:21.000Z,2
2019-10-09T17:46:28.000Z,1
2019-10-09T18:10:46.000Z,1
2019-10-09T18:15:52.000Z,1
2019-10-09T18:44:58.000Z,2
2019-10-09T18:59:05.000Z,2
2019-10-09T19:04:15.000Z,1
2019-10-09T19:21:24.000Z,1
2019-10-09T19:27:27.000Z,1
2019-10-09T19:37:56.000Z,1
2019-10-09T19:45:31.000Z,1
2019-10-09T19:53:00.000Z,1
2019-10-09T19:57:54.000Z,2
2019-10-09T20:47:05.000Z,1
2019-10-09T21:33:07.000Z,1
2019-10-09T22:06:12.000Z,1
2019-10-09T22:51:27.000Z,1
2019-10-09T23:49:15.000Z,1
2019-10-10T05:13:35.000Z,1
2019-10-10T06:09:31.000Z,1
2019-10-10T06:18:25.000Z,1
2019-10-10T06:38:33.000Z,1
2019-10-10T06:49:33.000Z,1
2019-10-10T07:26:16.000Z,1
2019-10-10T07:32:33.000Z,1
2019-10-10T07:36:03.000Z,1
2019-10-10T07:46:47.000Z,2
2019-10-10T07:51:20.000Z,2
2019-10-10T07:52:18.000Z,1
2019-10-10T07:52:28.000Z,1
2019-10-10T07:53:48.000Z,1
2019-10-10T07:54:45.000Z,1
2019-10-10T07:59:16.000Z,1
2019-10-10T08:01:21.000Z,1
2019-10-10T08:07:23.000Z,1
2019-10-10T08:09:29.000Z,1
2019-10-10T08:15:36.000Z,2
2019-10-10T08:48:49.000Z,1
2019-10-10T09:02:28.000Z,2
2019-10-10T09:05:42.000Z,1
2019-10-10T09:07:39.000Z,1
2019-10-10T09:16:13.000Z,1
2019-10-10T09:39:13.000Z,1
2019-10-10T09:58:14.000Z,1
2019-10-10T10:39:08.000Z,1
2019-10-10T10:47:34.000Z,1
2019-10-10T11:04:49.000Z,1
2019-10-10T11:10:06.000Z,1
2019-10-10T11:47:08.000Z,1
2019-10-10T11:50:00.000Z,1
2019-10-10T13:11:16.000Z,1
2019-10-10T13:50:49.000Z,1
2019-10-10T14:20:53.000Z,1
2019-10-10T14:29:55.000Z,1
2019-10-10T14:40:56.000Z,1
2019-10-10T15:05:10.000Z,1
2019-10-10T15:06:18.000Z,1
2019-10-10T15:20:13.000Z,2
2019-10-10T15:22:38.000Z,1
2019-10-10T15:29:32.000Z,1
2019-10-10T16:02:44.000Z,1
2019-10-10T16:29:45.000Z,1
2019-10-10T16:45:03.000Z,1
2019-10-10T17:03:32.000Z,1
2019-10-10T17:03:48.000Z,1
2019-10-10T17:06:48.000Z,1
2019-10-10T17:09:57.000Z,1
2019-10-10T17:17:30.000Z,1
2019-10-10T17:17:40.000Z,1
2019-10-10T17:19:51.000Z,1
2019-10-10T17:25:58.000Z,2
2019-10-10T17:30:40.000Z,3
2019-10-10T17:31:16.000Z,2
2019-10-10T17:33:42.000Z,1
2019-10-10T17:39:12.000Z,2
2019-10-10T17:43:07.000Z,2
2019-10-10T17:50:55.000Z,1
2019-10-10T17:53:34.000Z,2
2019-10-10T18:21:56.000Z,1
2019-10-10T18:50:20.000Z,1
2019-10-10T18:53:43.000Z,1
2019-10-10T19:08:55.000Z,1
2019-10-10T19:24:32.000Z,1
2019-10-10T19:28:25.000Z,1
2019-10-10T19:36:33.000Z,1
2019-10-10T20:03:16.000Z,1
2019-10-10T20:41:01.000Z,1
2019-10-10T21:00:58.000Z,1
2019-10-10T21:08:48.000Z,1
2019-10-10T22:17:22.000Z,1
2019-10-10T22:18:06.000Z,1
2019-10-10T22:34:21.000Z,1
2019-10-11T00:17:53.000Z,1
2019-10-11T01:04:22.000Z,1
2019-10-11T03:35:17.000Z,1
2019-10-11T06:33:12.000Z,1
2019-10-11T06:53:46.000Z,1
2019-10-11T07:26:03.000Z,1
2019-10-11T07:34:10.000Z,1
2019-10-11T07:36:02.000Z,1
2019-10-11T08:14:56.000Z,1
2019-10-11T08:22:26.000Z,1
2019-10-11T09:18:51.000Z,1
2019-10-11T11:16:35.000Z,1
2019-10-11T11:56:46.000Z,1
2019-10-11T11:57:30.000Z,1
2019-10-11T13:19:38.000Z,1
2019-10-11T13:37:51.000Z,1
2019-10-11T13:59:19.000Z,1
2019-10-11T14:55:29.000Z,1
2019-10-11T15:18:47.000Z,2
2019-10-11T15:22:22.000Z,1
2019-10-11T15:58:32.000Z,1
2019-10-11T16:16:24.000Z,2
2019-10-11T16:23:33.000Z,1
2019-10-11T16:36:40.000Z,1
2019-10-11T17:23:52.000Z,1
2019-10-11T17:59:29.000Z,1
2019-10-11T18:19:29.000Z,1
2019-10-11T18:27:28.000Z,1
2019-10-11T18:59:22.000Z,1
2019-10-11T20:33:34.000Z,1
2019-10-11T22:32:25.000Z,1
2019-10-11T22:35:25.000Z,1
2019-10-11T23:26:39.000Z,1
2019-10-12T01:01:30.000Z,1
2019-10-12T08:06:10.000Z,1
2019-10-12T08:37:48.000Z,1
2019-10-12T08:41:34.000Z,1
2019-10-12T09:08:10.000Z,1
2019-10-12T09:10:30.000Z,1
2019-10-12T09:25:05.000Z,1
2019-10-12T09:32:26.000Z,1
2019-10-12T09:44:48.000Z,1
2019-10-12T10:33:44.000Z,2
2019-10-12T11:06:43.000Z,1
2019-10-12T11:21:30.000Z,1
2019-10-12T11:52:42.000Z,1
2019-10-12T12:00:03.000Z,1
2019-10-12T12:00:20.000Z,2
2019-10-12T12:14:03.000Z,1
2019-10-12T12:14:35.000Z,2
2019-10-12T12:17:21.000Z,1
2019-10-12T12:37:12.000Z,1
2019-10-12T12:37:27.000Z,2
2019-10-12T12:49:51.000Z,1
2019-10-12T13:13:34.000Z,1
2019-10-12T13:22:25.000Z,1
2019-10-12T13:30:47.000Z,2
2019-10-12T14:28:03.000Z,1
2019-10-12T14:32:14.000Z,1
2019-10-12T14:38:10.000Z,2
2019-10-12T14:56:14.000Z,1
2019-10-12T15:04:58.000Z,1
2019-10-12T15:06:46.000Z,1
2019-10-12T15:12:01.000Z,1
2019-10-12T16:32:33.000Z,1
2019-10-12T16:37:18.000Z,1
2019-10-12T16:39:32.000Z,1
2019-10-12T16:49:29.000Z,1
2019-10-12T16:51:04.000Z,1
2019-10-12T16:51:50.000Z,1
2019-10-12T18:37:27.000Z,1
2019-10-12T18:38:26.000Z,1
2019-10-12T19:33:55.000Z,1
2019-10-12T20:35:55.000Z,1
2019-10-12T21:15:23.000Z,1
2019-10-12T21:35:38.000Z,1
2019-10-12T22:24:15.000Z,1
2019-10-12T23:08:12.000Z,1
2019-10-13T01:44:50.000Z,2
2019-10-13T06:04:47.000Z,1
2019-10-13T07:15:53.000Z,1
2019-10-13T07:38:10.000Z,2
2019-10-13T08:21:10.000Z,1
2019-10-13T09:10:06.000Z,1
2019-10-13T09:26:21.000Z,1
2019-10-13T09:41:40.000Z,1
2019-10-13T09:44:04.000Z,1
2019-10-13T10:15:31.000Z,1
2019-10-13T10:59:27.000Z,1
2019-10-13T11:09:40.000Z,1
2019-10-13T11:11:14.000Z,1
2019-10-13T11:43:26.000Z,1
2019-10-13T12:24:35.000Z,1
2019-10-13T12:53:46.000Z,1
2019-10-13T13:19:40.000Z,1
2019-10-13T13:23:24.000Z,1
2019-10-13T13:33:44.000Z,1
2019-10-13T13:37:08.000Z,1
2019-10-13T14:19:59.000Z,1
2019-10-13T14:21:41.000Z,1
2019-10-13T15:12:04.000Z,1
2019-10-13T15:16:22.000Z,1
2019-10-13T15:16:28.000Z,1
2019-10-13T15:28:16.000Z,1
2019-10-13T15:31:57.000Z,1
2019-10-13T15:43:40.000Z,1
2019-10-13T16:19:42.000Z,1
2019-10-13T16:33:18.000Z,1
2019-10-13T16:45:07.000Z,1
2019-10-13T17:06:29.000Z,1
2019-10-13T17:18:23.000Z,1
2019-10-13T17:53:03.000Z,1
2019-10-13T18:34:37.000Z,1
2019-10-13T18:52:31.000Z,2
2019-10-13T19:44:14.000Z,1
2019-10-13T20:23:27.000Z,1
2019-10-13T21:11:44.000Z,1
2019-10-14T07:12:32.000Z,1
2019-10-14T07:39:32.000Z,1
2019-10-14T07:44:28.000Z,1
2019-10-14T07:50:42.000Z,1
2019-10-14T08:33:38.000Z,1
2019-10-14T08:35:24.000Z,1
2019-10-14T08:37:39.000Z,1
2019-10-14T08:51:57.000Z,1
2019-10-14T09:36:57.000Z,1
2019-10-14T10:48:29.000Z,2
2019-10-14T10:50:07.000Z,1
2019-10-14T11:07:41.000Z,1
2019-10-14T11:39:00.000Z,1
2019-10-14T11:51:14.000Z,1
2019-10-14T11:51:40.000Z,1
2019-10-14T12:15:06.000Z,2
2019-10-14T12:26:34.000Z,1
2019-10-14T12:41:28.000Z,1
2019-10-14T12:43:53.000Z,1
2019-10-14T12:52:35.000Z,1
2019-10-14T13:00:16.000Z,1
2019-10-14T13:04:25.000Z,1
2019-10-14T13:43:24.000Z,1
2019-10-14T14:33:16.000Z,1
2019-10-09T11:46:54.000Z,2
2019-10-09T11:55:00.000Z,1
2019-10-09T12:06:11.000Z,1
2019-10-09T13:03:42.000Z,1
2019-10-09T13:09:21.000Z,1
2019-10-09T14:11:44.000Z,1
2019-10-09T14:24:18.000Z,1
2019-10-09T14:29:12.000Z,1
2019-10-09T14:58:21.000Z,1
2019-10-09T15:02:43.000Z,1
2019-10-09T15:27:48.000Z,1
2019-10-09T15:39:57.000Z,2
2019-10-09T15:51:57.000Z,1
2019-10-09T16:08:26.000Z,1
2019-10-09T16:49:01.000Z,1
2019-10-09T16:55:27.000Z,1
2019-10-09T17:30:28.000Z,1
2019-10-09T12:27:17.000Z,1
2019-10-09T15:10:37.000Z,1
2019-10-09T15:29:38.000Z,1
2019-10-09T15:58:41.000Z,1
2019-10-09T16:11:47.000Z,2
2019-10-09T16:24:14.000Z,1
2019-10-09T16:38:32.000Z,1
2019-10-09T16:41:29.000Z,2
2019-10-09T17:05:54.000Z,2
2019-10-09T17:13:37.000Z,1
2019-10-09T17:28:40.000Z,1
2019-10-09T18:05:29.000Z,2
2019-10-09T18:26:08.000Z,1
2019-10-09T18:31:46.000Z,1
2019-10-09T18:33:45.000Z,2
2019-10-09T19:00:56.000Z,1
2019-10-09T19:04:42.000Z,1
2019-10-09T19:09:14.000Z,1
2019-10-09T19:37:20.000Z,1
2019-10-09T19:39:28.000Z,1
2019-10-09T19:55:50.000Z,1
2019-10-09T20:09:37.000Z,1
2019-10-09T20:23:33.000Z,1
2019-10-09T21:43:36.000Z,1
2019-10-10T05:40:38.000Z,1
2019-10-10T06:23:55.000Z,1
2019-10-10T06:52:38.000Z,1
2019-10-10T06:59:59.000Z,1
2019-10-10T07:01:54.000Z,1
2019-10-10T07:22:05.000Z,2
2019-10-10T07:28:25.000Z,1
2019-10-10T07:29:36.000Z,1
2019-10-10T07:52:48.000Z,1
2019-10-10T07:53:25.000Z,1
2019-10-10T07:54:14.000Z,1
2019-10-10T08:02:24.000Z,1
2019-10-10T08:04:53.000Z,2
2019-10-10T08:29:11.000Z,1
2019-10-10T08:42:22.000Z,2
2019-10-10T08:43:19.000Z,1
2019-10-10T08:45:31.000Z,1
2019-10-10T08:54:03.000Z,1
2019-10-10T09:06:33.000Z,1
2019-10-10T10:01:46.000Z,1
2019-10-10T10:13:16.000Z,1
2019-10-10T10:16:45.000Z,1
2019-10-10T11:11:35.000Z,1
2019-10-10T11:48:15.000Z,1
2019-10-10T12:33:31.000Z,1
2019-10-10T12:35:29.000Z,1
2019-10-10T12:51:27.000Z,1
2019-10-10T13:53:54.000Z,1
2019-10-10T14:23:25.000Z,1
2019-10-10T14:33:04.000Z,2
2019-10-10T14:36:14.000Z,1
2019-10-10T14:46:57.000Z,1
2019-10-10T15:26:12.000Z,2
2019-10-10T15:38:24.000Z,1
2019-10-10T15:56:59.000Z,1
2019-10-10T16:16:01.000Z,1
2019-10-10T16:21:07.000Z,2
2019-10-10T16:33:12.000Z,2
2019-10-10T16:52:41.000Z,1
2019-10-10T17:03:30.000Z,1
2019-10-10T17:09:52.000Z,1
2019-10-10T17:14:21.000Z,1
2019-10-10T17:18:43.000Z,1
2019-10-10T17:36:33.000Z,1
2019-10-10T17:47:12.000Z,1
2019-10-10T17:47:41.000Z,1
2019-10-10T17:51:54.000Z,1
2019-10-10T17:55:36.000Z,1
2019-10-10T17:56:57.000Z,1
2019-10-10T17:58:15.000Z,1
2019-10-10T18:05:58.000Z,1
2019-10-10T18:59:28.000Z,1
2019-10-10T19:05:03.000Z,1
2019-10-10T20:01:49.000Z,1
2019-10-10T20:21:05.000Z,1
2019-10-10T21:46:15.000Z,1
2019-10-10T21:46:47.000Z,1
2019-10-10T22:13:28.000Z,1
2019-10-10T22:19:22.000Z,1
2019-10-11T00:35:56.000Z,1
2019-10-11T04:20:51.000Z,1
2019-10-11T06:52:57.000Z,1
2019-10-11T06:55:17.000Z,1
2019-10-11T06:56:37.000Z,1
2019-10-11T07:55:11.000Z,2
2019-10-11T08:17:44.000Z,1
2019-10-11T08:20:00.000Z,1
2019-10-11T08:31:35.000Z,1
2019-10-11T08:31:55.000Z,2
2019-10-11T08:41:53.000Z,1
2019-10-11T08:42:28.000Z,1
2019-10-11T08:44:06.000Z,1
2019-10-11T08:55:33.000Z,1
2019-10-11T13:39:22.000Z,1
2019-10-11T13:47:32.000Z,1
2019-10-11T14:45:09.000Z,1
2019-10-11T14:59:45.000Z,1
2019-10-11T15:25:32.000Z,1
2019-10-11T16:38:21.000Z,2
2019-10-11T16:47:09.000Z,1
2019-10-11T16:52:25.000Z,1
2019-10-11T17:04:00.000Z,1
2019-10-11T17:13:52.000Z,1
2019-10-11T17:45:00.000Z,1
2019-10-11T17:48:23.000Z,1
2019-10-11T18:12:31.000Z,1
2019-10-11T18:15:33.000Z,1
2019-10-11T18:16:25.000Z,1
2019-10-11T18:51:57.000Z,1
2019-10-11T20:25:15.000Z,1
2019-10-11T22:41:26.000Z,1
2019-10-12T06:50:56.000Z,1
2019-10-12T08:49:59.000Z,1
2019-10-12T09:08:43.000Z,1
2019-10-12T09:08:49.000Z,1
2019-10-12T09:18:28.000Z,1
2019-10-12T09:33:42.000Z,1
2019-10-12T09:40:04.000Z,2
2019-10-12T09:42:33.000Z,1
2019-10-12T10:01:37.000Z,1
2019-10-12T10:27:26.000Z,1
2019-10-12T10:29:41.000Z,1
2019-10-12T11:01:10.000Z,2
2019-10-12T11:08:54.000Z,1
2019-10-12T11:21:25.000Z,1
2019-10-12T11:58:43.000Z,1
2019-10-12T12:42:33.000Z,1
2019-10-12T12:59:26.000Z,1
2019-10-12T13:18:27.000Z,1
2019-10-12T13:41:11.000Z,1
2019-10-12T13:49:06.000Z,1
2019-10-12T14:00:47.000Z,1
2019-10-12T14:13:38.000Z,1
2019-10-12T14:22:43.000Z,2
2019-10-12T14:23:08.000Z,1
2019-10-12T14:31:27.000Z,1
2019-10-12T14:49:19.000Z,1
2019-10-12T15:12:49.000Z,1
2019-10-12T15:23:26.000Z,1
2019-10-12T15:43:13.000Z,2
2019-10-12T15:45:24.000Z,2
2019-10-12T15:49:48.000Z,1
2019-10-12T15:49:43.000Z,1
2019-10-12T15:58:31.000Z,1
2019-10-12T16:14:39.000Z,1
2019-10-12T16:48:03.000Z,2
2019-10-12T16:57:51.000Z,2
2019-10-12T17:56:08.000Z,2
2019-10-12T18:12:25.000Z,1
2019-10-12T20:15:34.000Z,1
2019-10-12T21:40:25.000Z,1
2019-10-12T22:26:47.000Z,1
2019-10-13T00:22:40.000Z,1
2019-10-13T00:32:39.000Z,1
2019-10-13T03:59:02.000Z,1
2019-10-13T05:54:13.000Z,1
2019-10-13T06:24:29.000Z,1
2019-10-13T06:31:34.000Z,1
2019-10-13T07:51:13.000Z,1
2019-10-13T08:37:16.000Z,1
2019-10-13T08:45:01.000Z,1
2019-10-13T08:46:35.000Z,1
2019-10-13T08:50:56.000Z,1
2019-10-13T08:51:02.000Z,1
2019-10-13T08:53:14.000Z,1
2019-10-13T09:04:57.000Z,1
2019-10-13T09:05:42.000Z,1
2019-10-13T09:12:34.000Z,2
2019-10-13T09:27:34.000Z,1
2019-10-13T09:32:55.000Z,2
2019-10-13T09:36:54.000Z,1
2019-10-13T09:41:06.000Z,1
2019-10-13T09:58:29.000Z,1
2019-10-13T10:18:09.000Z,1
2019-10-13T10:20:13.000Z,2
2019-10-13T10:39:44.000Z,1
2019-10-13T10:53:51.000Z,1
2019-10-13T10:57:02.000Z,1
2019-10-13T10:58:51.000Z,2
2019-10-13T11:08:00.000Z,1
2019-10-13T11:12:10.000Z,1
2019-10-13T11:18:53.000Z,1
2019-10-13T11:40:09.000Z,1
2019-10-13T11:47:21.000Z,1
2019-10-13T11:47:54.000Z,1
2019-10-13T11:55:43.000Z,1
2019-10-13T12:14:45.000Z,2
2019-10-13T12:29:41.000Z,1
2019-10-13T12:35:10.000Z,1
2019-10-13T12:52:23.000Z,1
2019-10-13T13:18:57.000Z,1
2019-10-13T13:32:24.000Z,1
2019-10-13T13:39:45.000Z,1
2019-10-13T13:50:36.000Z,1
2019-10-13T14:20:47.000Z,1
2019-10-13T14:40:02.000Z,1
2019-10-13T14:44:38.000Z,1
2019-10-13T14:47:35.000Z,1
2019-10-13T14:58:46.000Z,1
2019-10-13T15:01:09.000Z,1
2019-10-13T15:04:17.000Z,1
2019-10-13T15:18:03.000Z,2
2019-10-13T15:32:13.000Z,2
2019-10-13T15:56:24.000Z,1
2019-10-13T15:57:37.000Z,1
2019-10-13T15:59:04.000Z,1
2019-10-13T16:24:46.000Z,1
2019-10-13T16:43:00.000Z,1
2019-10-13T18:35:50.000Z,1
2019-10-13T18:51:11.000Z,1
2019-10-13T19:15:07.000Z,1
2019-10-13T19:17:22.000Z,1
2019-10-13T19:55:10.000Z,1
2019-10-13T20:12:24.000Z,1
2019-10-13T23:22:19.000Z,1
2019-10-14T05:32:58.000Z,1
2019-10-14T06:39:01.000Z,1
2019-10-14T06:46:12.000Z,1
2019-10-14T06:54:19.000Z,1
2019-10-14T07:18:48.000Z,1
2019-10-14T07:43:09.000Z,1
2019-10-14T08:36:07.000Z,2
2019-10-14T08:36:33.000Z,1
2019-10-14T08:43:16.000Z,1
2019-10-14T08:55:52.000Z,1
2019-10-14T09:02:56.000Z,1
2019-10-14T09:05:45.000Z,1
2019-10-14T09:12:12.000Z,2
2019-10-14T09:56:27.000Z,2
2019-10-14T10:23:31.000Z,1
2019-10-14T10:29:49.000Z,1
2019-10-14T10:38:17.000Z,1
2019-10-14T10:52:16.000Z,1
2019-10-14T11:00:06.000Z,1
2019-10-14T11:01:44.000Z,1
2019-10-14T11:47:37.000Z,1
2019-10-14T12:28:49.000Z,2
2019-10-14T12:31:29.000Z,2
2019-10-14T12:45:14.000Z,1
2019-10-14T13:12:10.000Z,1
2019-10-14T13:46:33.000Z,1
2019-10-14T13:50:33.000Z,2
2019-10-14T13:52:57.000Z,1
2019-10-14T14:13:44.000Z,2
2019-10-09T10:47:34.000Z,1
2019-10-09T11:01:16.000Z,1
2019-10-09T11:31:18.000Z,1
2019-10-09T12:02:38.000Z,1
2019-10-09T12:11:19.000Z,1
2019-10-09T12:50:21.000Z,1
2019-10-09T12:52:38.000Z,1
2019-10-09T13:10:24.000Z,1
2019-10-09T13:34:05.000Z,1
2019-10-09T14:27:07.000Z,1
2019-10-09T15:04:34.000Z,1
2019-10-09T15:10:03.000Z,1
2019-10-09T15:19:29.000Z,2
2019-10-09T15:35:28.000Z,1
2019-10-09T16:31:29.000Z,1
2019-10-09T16:32:03.000Z,1
2019-10-09T16:47:15.000Z,1
2019-10-09T16:58:32.000Z,3
2019-10-09T17:04:47.000Z,2
2019-10-09T17:23:17.000Z,1
2019-10-09T13:45:18.000Z,2
2019-10-09T15:10:30.000Z,1
2019-10-09T15:33:13.000Z,1
2019-10-09T15:33:38.000Z,1
2019-10-09T15:38:12.000Z,1
2019-10-09T15:50:30.000Z,2
2019-10-09T16:05:27.000Z,1
2019-10-09T16:22:54.000Z,1
2019-10-09T16:41:10.000Z,1
2019-10-09T16:43:13.000Z,1
2019-10-09T17:00:21.000Z,2
2019-10-09T17:17:59.000Z,2
2019-10-09T17:19:49.000Z,3
2019-10-09T17:24:56.000Z,1
2019-10-09T17:25:20.000Z,1
2019-10-09T17:30:05.000Z,2
2019-10-09T17:36:46.000Z,1
2019-10-09T17:38:20.000Z,2
2019-10-09T17:42:27.000Z,1
2019-10-09T17:45:27.000Z,1
2019-10-09T17:56:58.000Z,1
2019-10-09T18:03:33.000Z,1
2019-10-09T18:11:31.000Z,1
2019-10-09T18:29:31.000Z,1
2019-10-09T18:40:42.000Z,2
2019-10-09T18:50:28.000Z,1
2019-10-09T19:37:32.000Z,1
2019-10-09T20:05:46.000Z,2
2019-10-09T20:53:10.000Z,1
2019-10-09T22:05:11.000Z,1
2019-10-09T23:24:17.000Z,1
2019-10-10T05:46:53.000Z,1
2019-10-10T06:50:13.000Z,1
2019-10-10T06:56:04.000Z,1
2019-10-10T07:05:42.000Z,1
2019-10-10T07:16:03.000Z,2
2019-10-10T07:26:56.000Z,1
2019-10-10T07:44:46.000Z,1
2019-10-10T08:06:26.000Z,2
2019-10-10T08:21:01.000Z,2
2019-10-10T08:27:48.000Z,1
2019-10-10T08:38:47.000Z,2
2019-10-10T08:47:56.000Z,1
2019-10-10T08:53:03.000Z,1
2019-10-10T09:12:33.000Z,1
2019-10-10T09:20:53.000Z,1
2019-10-10T09:25:53.000Z,1
2019-10-10T09:29:05.000Z,1
2019-10-10T09:53:37.000Z,1
2019-10-10T10:05:29.000Z,1
2019-10-10T10:40:41.000Z,1
2019-10-10T11:01:43.000Z,1
2019-10-10T11:11:33.000Z,2
2019-10-10T11:36:30.000Z,1
2019-10-10T12:04:05.000Z,1
2019-10-10T12:08:32.000Z,1
2019-10-10T12:57:03.000Z,2
2019-10-10T13:07:09.000Z,1
2019-10-10T13:10:58.000Z,1
2019-10-10T13:36:31.000Z,1
2019-10-10T13:40:36.000Z,1
2019-10-10T13:43:47.000Z,1
2019-10-10T13:52:40.000Z,1
2019-10-10T13:57:05.000Z,1
2019-10-10T14:42:32.000Z,1
2019-10-10T15:16:09.000Z,1
2019-10-10T15:16:37.000Z,2
2019-10-10T15:27:28.000Z,1
2019-10-10T16:54:33.000Z,1
2019-10-10T16:57:01.000Z,2
2019-10-10T17:09:19.000Z,1
2019-10-10T17:27:33.000Z,1
2019-10-10T17:30:58.000Z,2
2019-10-10T17:33:53.000Z,1
2019-10-10T17:44:35.000Z,4
2019-10-10T17:44:32.000Z,1
2019-10-10T18:11:03.000Z,1
2019-10-10T18:39:30.000Z,1
2019-10-10T18:55:43.000Z,1
2019-10-10T19:09:52.000Z,1
2019-10-10T19:29:22.000Z,1
2019-10-10T19:42:42.000Z,1
2019-10-10T20:22:37.000Z,1
2019-10-10T20:29:33.000Z,1
2019-10-10T20:39:35.000Z,1
2019-10-10T21:26:35.000Z,1
2019-10-11T01:42:14.000Z,1
2019-10-11T03:20:18.000Z,1
2019-10-11T04:39:19.000Z,1
2019-10-11T05:51:24.000Z,1
2019-10-11T06:51:42.000Z,1
2019-10-11T07:14:30.000Z,1
2019-10-11T08:02:43.000Z,1
2019-10-11T08:07:14.000Z,1
2019-10-11T12:51:29.000Z,1
2019-10-11T12:54:02.000Z,1
2019-10-11T13:39:50.000Z,1
2019-10-11T16:52:58.000Z,1
2019-10-11T17:39:26.000Z,1
2019-10-11T18:30:33.000Z,1
2019-10-11T19:14:06.000Z,1
2019-10-11T19:18:40.000Z,1
2019-10-11T22:19:47.000Z,1
2019-10-11T23:26:43.000Z,1
2019-10-12T01:08:27.000Z,1
2019-10-12T01:17:31.000Z,1
2019-10-12T07:05:08.000Z,1
2019-10-12T07:19:02.000Z,1
2019-10-12T07:52:34.000Z,1
2019-10-12T08:47:46.000Z,1
2019-10-12T08:58:43.000Z,1
2019-10-12T09:17:19.000Z,1
2019-10-12T09:31:00.000Z,1
2019-10-12T09:32:57.000Z,2
2019-10-12T09:38:42.000Z,1
2019-10-12T10:14:04.000Z,2
2019-10-12T11:23:12.000Z,1
2019-10-12T12:07:20.000Z,1
2019-10-12T12:25:16.000Z,1
2019-10-12T12:30:52.000Z,1
2019-10-12T13:07:43.000Z,1
2019-10-12T13:17:39.000Z,1
2019-10-12T13:32:05.000Z,1
2019-10-12T13:32:10.000Z,1
2019-10-12T13:44:25.000Z,2
2019-10-12T14:16:08.000Z,1
2019-10-12T14:40:55.000Z,1
2019-10-12T14:48:23.000Z,1
2019-10-12T14:57:03.000Z,1
2019-10-12T15:00:51.000Z,1
2019-10-12T15:06:24.000Z,1
2019-10-12T15:20:58.000Z,1
2019-10-12T15:36:00.000Z,1
2019-10-12T15:47:11.000Z,2
2019-10-12T16:01:58.000Z,1
2019-10-12T16:06:57.000Z,1
2019-10-12T16:07:27.000Z,1
2019-10-12T16:30:48.000Z,2
2019-10-12T17:28:30.000Z,1
2019-10-12T17:41:13.000Z,1
2019-10-12T17:56:31.000Z,1
2019-10-12T18:13:33.000Z,1
2019-10-12T18:47:50.000Z,1
2019-10-12T19:00:00.000Z,1
2019-10-12T19:13:37.000Z,1
2019-10-12T19:23:15.000Z,1
2019-10-12T20:27:05.000Z,1
2019-10-12T20:28:10.000Z,1
2019-10-12T20:35:13.000Z,1
2019-10-12T20:47:40.000Z,1
2019-10-12T21:19:24.000Z,1
2019-10-12T22:57:55.000Z,1
2019-10-13T01:34:44.000Z,1
2019-10-13T06:59:48.000Z,1
2019-10-13T07:17:00.000Z,1
2019-10-13T07:21:50.000Z,1
2019-10-13T07:24:45.000Z,1
2019-10-13T08:24:03.000Z,2
2019-10-13T08:28:03.000Z,1
2019-10-13T08:30:34.000Z,1
2019-10-13T09:03:04.000Z,1
2019-10-13T09:40:31.000Z,2
2019-10-13T09:49:27.000Z,1
2019-10-13T09:57:50.000Z,1
2019-10-13T10:26:24.000Z,1
2019-10-13T10:34:50.000Z,2
2019-10-13T10:51:20.000Z,1
2019-10-13T11:05:30.000Z,1
2019-10-13T11:12:46.000Z,1
2019-10-13T11:13:09.000Z,1
2019-10-13T11:13:47.000Z,1
2019-10-13T12:02:02.000Z,1
2019-10-13T12:13:06.000Z,1
2019-10-13T12:26:10.000Z,2
2019-10-13T13:25:43.000Z,1
2019-10-13T13:27:46.000Z,1
2019-10-13T13:28:28.000Z,1
2019-10-13T13:28:37.000Z,1
2019-10-13T13:38:30.000Z,1
2019-10-13T13:57:08.000Z,1
2019-10-13T14:01:14.000Z,1
2019-10-13T14:03:56.000Z,1
2019-10-13T14:38:51.000Z,2
2019-10-13T14:39:43.000Z,2
2019-10-13T15:14:10.000Z,2
2019-10-13T15:35:39.000Z,1
2019-10-13T15:46:43.000Z,1
2019-10-13T15:51:20.000Z,1
2019-10-13T16:08:38.000Z,1
2019-10-13T16:38:50.000Z,1
2019-10-13T16:55:30.000Z,1
2019-10-13T17:35:19.000Z,1
2019-10-13T17:38:56.000Z,2
2019-10-13T20:21:56.000Z,1
2019-10-13T20:54:05.000Z,1
2019-10-14T06:27:38.000Z,1
2019-10-14T06:59:24.000Z,1
2019-10-14T07:34:12.000Z,1
2019-10-14T07:37:59.000Z,2
2019-10-14T08:08:42.000Z,1
2019-10-14T08:09:30.000Z,1
2019-10-14T08:13:43.000Z,1
2019-10-14T08:20:57.000Z,1
2019-10-14T08:44:09.000Z,1
2019-10-14T08:47:49.000Z,1
2019-10-14T09:07:55.000Z,1
2019-10-14T09:09:34.000Z,1
2019-10-14T09:10:11.000Z,4
2019-10-14T09:56:42.000Z,1
2019-10-14T10:04:03.000Z,1
2019-10-14T10:40:59.000Z,1
2019-10-14T11:21:03.000Z,1
2019-10-14T11:23:47.000Z,2
2019-10-14T11:31:37.000Z,2
2019-10-14T11:39:42.000Z,1
2019-10-14T11:55:19.000Z,1
2019-10-14T12:10:45.000Z,1
2019-10-14T12:12:06.000Z,1
2019-10-14T12:28:52.000Z,1
2019-10-14T13:03:45.000Z,1
2019-10-14T13:13:57.000Z,1
2019-10-14T13:31:59.000Z,1
2019-10-14T13:49:58.000Z,1
2019-10-14T13:53:04.000Z,2
2019-10-14T13:58:28.000Z,1
2019-10-14T14:10:00.000Z,2
2019-10-09T11:32:50.000Z,1
2019-10-09T11:47:39.000Z,1
2019-10-09T11:51:41.000Z,1
2019-10-09T11:53:11.000Z,1
2019-10-09T12:39:22.000Z,1
2019-10-09T12:55:58.000Z,1
2019-10-09T13:05:40.000Z,1
2019-10-09T13:25:50.000Z,1
2019-10-09T15:50:22.000Z,1
2019-10-09T16:05:19.000Z,1
2019-10-09T16:05:37.000Z,1
2019-10-09T16:16:03.000Z,1
2019-10-09T16:23:21.000Z,1
2019-10-09T16:26:12.000Z,1
2019-10-09T16:30:56.000Z,2
2019-10-09T17:32:08.000Z,2
2019-10-09T18:00:58.000Z,1
2019-10-09T18:17:39.000Z,1
2019-10-09T21:27:15.000Z,1
2019-10-09T12:55:25.000Z,1
2019-10-09T14:32:07.000Z,1
2019-10-09T15:11:12.000Z,1
2019-10-09T15:12:23.000Z,1
2019-10-09T16:19:37.000Z,1
2019-10-09T16:33:22.000Z,3
2019-10-09T16:39:37.000Z,1
2019-10-09T17:32:58.000Z,2
2019-10-09T17:41:42.000Z,1
2019-10-09T17:42:57.000Z,1
2019-10-09T17:45:16.000Z,2
2019-10-09T18:15:12.000Z,1
2019-10-09T18:37:06.000Z,1
2019-10-09T18:42:14.000Z,1
2019-10-09T19:03:51.000Z,1
2019-10-09T19:07:56.000Z,1
2019-10-09T19:37:02.000Z,1
2019-10-09T19:48:47.000Z,1
2019-10-09T20:01:39.000Z,1
2019-10-09T20:01:46.000Z,1
2019-10-09T20:22:14.000Z,1
2019-10-09T20:33:04.000Z,1
2019-10-09T20:51:38.000Z,1
2019-10-09T20:55:51.000Z,1
2019-10-09T22:27:30.000Z,1
2019-10-10T05:58:43.000Z,1
2019-10-10T06:12:06.000Z,1
2019-10-10T06:46:27.000Z,1
2019-10-10T07:21:44.000Z,1
2019-10-10T07:38:36.000Z,1
2019-10-10T07:43:51.000Z,1
2019-10-10T07:48:55.000Z,1
2019-10-10T08:02:27.000Z,1
2019-10-10T08:21:35.000Z,2
2019-10-10T08:23:22.000Z,1
2019-10-10T08:25:08.000Z,1
2019-10-10T08:25:41.000Z,1
2019-10-10T08:33:59.000Z,2
2019-10-10T08:53:55.000Z,1
2019-10-10T08:55:38.000Z,1
2019-10-10T09:29:35.000Z,1
2019-10-10T09:33:49.000Z,1
2019-10-10T09:48:34.000Z,1
2019-10-10T10:29:14.000Z,1
2019-10-10T11:10:07.000Z,1
2019-10-10T11:40:17.000Z,1
2019-10-10T11:58:31.000Z,1
2019-10-10T12:36:50.000Z,1
2019-10-10T12:49:12.000Z,1
2019-10-10T12:56:31.000Z,1
2019-10-10T13:26:16.000Z,1
2019-10-10T13:33:35.000Z,1
2019-10-10T13:42:58.000Z,1
2019-10-10T13:54:35.000Z,1
2019-10-10T14:23:07.000Z,1
2019-10-10T14:30:05.000Z,1
2019-10-10T14:32:58.000Z,1
2019-10-10T14:52:08.000Z,1
2019-10-10T15:15:06.000Z,1
2019-10-10T15:26:04.000Z,1
2019-10-10T15:37:29.000Z,1
2019-10-10T15:44:23.000Z,1
2019-10-10T15:49:38.000Z,1
2019-10-10T15:57:43.000Z,1
2019-10-10T15:58:14.000Z,1
2019-10-10T16:10:17.000Z,2
2019-10-10T16:22:44.000Z,1
2019-10-10T16:26:32.000Z,1
2019-10-10T16:33:51.000Z,1
2019-10-10T16:40:57.000Z,1
2019-10-10T16:46:24.000Z,2
2019-10-10T17:02:06.000Z,1
2019-10-10T17:09:05.000Z,1
2019-10-10T17:09:10.000Z,1
2019-10-10T17:10:30.000Z,1
2019-10-10T17:22:40.000Z,1
2019-10-10T17:51:24.000Z,1
2019-10-10T18:02:06.000Z,2
2019-10-10T18:10:32.000Z,1
2019-10-10T18:26:31.000Z,1
2019-10-10T18:50:56.000Z,1
2019-10-10T18:53:01.000Z,1
2019-10-10T19:18:51.000Z,1
2019-10-10T19:25:09.000Z,1
2019-10-10T20:01:44.000Z,1
2019-10-10T20:47:56.000Z,1
2019-10-10T20:52:34.000Z,1
2019-10-10T21:31:13.000Z,1
2019-10-10T21:41:59.000Z,1
2019-10-10T22:29:19.000Z,1
2019-10-10T22:32:36.000Z,1
2019-10-10T22:45:46.000Z,1
2019-10-10T23:06:41.000Z,1
2019-10-11T05:53:40.000Z,1
2019-10-11T06:05:18.000Z,1
2019-10-11T06:32:45.000Z,1
2019-10-11T06:34:30.000Z,1
2019-10-11T06:42:18.000Z,1
2019-10-11T07:33:59.000Z,2
2019-10-11T07:34:04.000Z,1
2019-10-11T07:43:52.000Z,1
2019-10-11T07:59:11.000Z,1
2019-10-11T08:24:42.000Z,1
2019-10-11T08:33:48.000Z,1
2019-10-11T08:46:05.000Z,1
2019-10-11T09:37:51.000Z,1
2019-10-11T11:24:12.000Z,1
2019-10-11T12:25:58.000Z,1
2019-10-11T13:29:10.000Z,1
2019-10-11T14:26:18.000Z,1
2019-10-11T15:02:41.000Z,1
2019-10-11T15:38:40.000Z,1
2019-10-11T15:44:39.000Z,1
2019-10-11T16:07:54.000Z,1
2019-10-11T16:45:54.000Z,1
2019-10-11T16:46:37.000Z,2
2019-10-11T16:55:04.000Z,1
2019-10-11T17:02:27.000Z,1
2019-10-11T17:22:14.000Z,1
2019-10-11T17:37:20.000Z,1
2019-10-11T18:07:42.000Z,1
2019-10-11T18:19:43.000Z,1
2019-10-11T18:20:27.000Z,1
2019-10-11T18:56:05.000Z,1
2019-10-11T19:01:32.000Z,1
2019-10-11T19:03:17.000Z,2
2019-10-11T19:16:14.000Z,1
2019-10-11T19:25:13.000Z,1
2019-10-11T22:03:35.000Z,1
2019-10-11T22:26:06.000Z,1
2019-10-12T01:07:35.000Z,1
2019-10-12T09:11:50.000Z,1
2019-10-12T09:14:12.000Z,1
2019-10-12T09:17:46.000Z,1
2019-10-12T09:19:46.000Z,1
2019-10-12T09:27:35.000Z,1
2019-10-12T10:00:13.000Z,1
2019-10-12T10:27:03.000Z,1
2019-10-12T10:45:56.000Z,1
2019-10-12T12:01:31.000Z,1
2019-10-12T12:15:16.000Z,1
2019-10-12T12:32:33.000Z,1
2019-10-12T12:40:59.000Z,2
2019-10-12T12:45:27.000Z,1
2019-10-12T12:50:15.000Z,1
2019-10-12T12:55:59.000Z,1
2019-10-12T12:59:41.000Z,1
2019-10-12T13:01:11.000Z,1
2019-10-12T13:02:00.000Z,1
2019-10-12T13:43:29.000Z,1
2019-10-12T14:01:22.000Z,1
2019-10-12T14:05:26.000Z,1
2019-10-12T14:13:34.000Z,1
2019-10-12T14:34:40.000Z,2
2019-10-12T14:35:19.000Z,1
2019-10-12T14:57:46.000Z,1
2019-10-12T15:00:32.000Z,1
2019-10-12T15:16:25.000Z,1
2019-10-12T15:31:03.000Z,1
2019-10-12T15:34:12.000Z,1
2019-10-12T15:58:19.000Z,1
2019-10-12T16:06:26.000Z,1
2019-10-12T17:11:08.000Z,1
2019-10-12T17:13:38.000Z,1
2019-10-12T17:26:29.000Z,2
2019-10-12T17:27:12.000Z,1
2019-10-12T17:37:51.000Z,1
2019-10-12T17:46:28.000Z,1
2019-10-12T18:17:56.000Z,1
2019-10-12T19:49:42.000Z,1
2019-10-12T20:43:29.000Z,3
2019-10-12T20:45:27.000Z,1
2019-10-12T21:24:53.000Z,1
2019-10-12T21:54:48.000Z,1
2019-10-12T22:22:22.000Z,1
2019-10-12T22:51:11.000Z,1
2019-10-13T06:46:23.000Z,1
2019-10-13T07:58:37.000Z,1
2019-10-13T07:58:47.000Z,1
2019-10-13T08:16:40.000Z,1
2019-10-13T08:39:29.000Z,1
2019-10-13T09:25:41.000Z,1
2019-10-13T10:24:57.000Z,1
2019-10-13T11:01:59.000Z,2
2019-10-13T11:31:27.000Z,1
2019-10-13T11:39:07.000Z,1
2019-10-13T11:40:24.000Z,1
2019-10-13T12:01:59.000Z,1
2019-10-13T12:03:23.000Z,1
2019-10-13T12:20:16.000Z,1
2019-10-13T12:29:44.000Z,1
2019-10-13T12:40:30.000Z,1
2019-10-13T12:50:43.000Z,1
2019-10-13T13:13:20.000Z,1
2019-10-13T13:36:25.000Z,1
2019-10-13T14:13:18.000Z,1
2019-10-13T14:26:43.000Z,1
2019-10-13T14:26:54.000Z,1
2019-10-13T14:45:49.000Z,1
2019-10-13T14:56:57.000Z,1
2019-10-13T15:36:59.000Z,1
2019-10-13T15:49:10.000Z,1
2019-10-13T16:25:47.000Z,1
2019-10-13T16:34:43.000Z,1
2019-10-13T17:26:01.000Z,1
2019-10-13T17:50:42.000Z,1
2019-10-13T18:35:08.000Z,1
2019-10-13T18:38:27.000Z,1
2019-10-13T19:07:31.000Z,1
2019-10-13T19:20:32.000Z,1
2019-10-13T19:59:15.000Z,1
2019-10-13T20:41:42.000Z,1
2019-10-13T21:17:29.000Z,1
2019-10-13T22:26:39.000Z,1
2019-10-14T01:33:29.000Z,1
2019-10-14T05:48:51.000Z,1
2019-10-14T07:27:43.000Z,1
2019-10-14T07:32:39.000Z,1
2019-10-14T07:33:25.000Z,1
2019-10-14T07:44:34.000Z,1
2019-10-14T07:50:26.000Z,1
2019-10-14T07:51:50.000Z,1
2019-10-14T07:55:05.000Z,1
2019-10-14T08:14:48.000Z,3
2019-10-14T08:23:11.000Z,1
2019-10-14T08:25:55.000Z,1
2019-10-14T08:29:28.000Z,1
2019-10-14T08:31:48.000Z,1
2019-10-14T08:35:40.000Z,2
2019-10-14T08:38:01.000Z,1
2019-10-14T08:45:21.000Z,1
2019-10-14T08:47:14.000Z,1
2019-10-14T09:02:22.000Z,1
2019-10-14T09:07:13.000Z,2
2019-10-14T09:12:41.000Z,1
2019-10-14T09:28:58.000Z,1
2019-10-14T10:59:50.000Z,2
2019-10-14T11:23:41.000Z,1
2019-10-14T11:27:15.000Z,1
2019-10-14T12:03:54.000Z,1
2019-10-14T12:06:50.000Z,1
2019-10-14T12:19:35.000Z,1
2019-10-14T12:40:33.000Z,1
2019-10-14T12:40:54.000Z,1
2019-10-14T13:04:13.000Z,1
2019-10-14T13:11:41.000Z,1
2019-10-14T13:44:07.000Z,2
2019-10-14T13:46:18.000Z,1
2019-10-14T13:51:16.000Z,1
2019-10-14T14:04:25.000Z,1
2019-10-09T12:01:42.000Z,1
2019-10-09T12:07:33.000Z,1
2019-10-09T12:30:18.000Z,1
2019-10-09T12:54:49.000Z,1
2019-10-09T13:06:43.000Z,2
2019-10-09T13:09:32.000Z,1
2019-10-09T13:12:56.000Z,1
2019-10-09T13:25:46.000Z,1
2019-10-09T13:37:12.000Z,3
2019-10-09T13:37:35.000Z,1
2019-10-09T14:54:44.000Z,1
2019-10-09T14:59:20.000Z,1
2019-10-09T15:05:36.000Z,1
2019-10-09T16:01:23.000Z,2
2019-10-09T16:06:27.000Z,1
2019-10-09T16:54:02.000Z,1
2019-10-09T17:06:29.000Z,2
2019-10-09T17:38:07.000Z,1
2019-10-09T14:20:01.000Z,1
2019-10-09T15:36:50.000Z,1
2019-10-09T15:49:57.000Z,1
2019-10-09T16:01:51.000Z,1
2019-10-09T16:10:57.000Z,2
2019-10-09T16:38:47.000Z,2
2019-10-09T16:48:16.000Z,1
2019-10-09T17:00:47.000Z,2
2019-10-09T17:05:17.000Z,1
2019-10-09T17:24:04.000Z,1
2019-10-09T17:30:45.000Z,1
2019-10-09T17:31:05.000Z,1
2019-10-09T17:32:06.000Z,1
2019-10-09T17:43:41.000Z,1
2019-10-09T17:44:37.000Z,2
2019-10-09T18:15:10.000Z,2
2019-10-09T18:41:10.000Z,1
2019-10-09T18:56:08.000Z,1
2019-10-09T19:34:11.000Z,1
2019-10-09T21:07:38.000Z,1
2019-10-09T21:08:34.000Z,2
2019-10-09T21:20:41.000Z,1
2019-10-09T21:36:24.000Z,1
2019-10-09T21:37:38.000Z,1
2019-10-09T22:07:09.000Z,1
2019-10-09T23:21:28.000Z,2
2019-10-09T23:26:03.000Z,1
2019-10-09T23:44:20.000Z,1
2019-10-10T05:27:03.000Z,2
2019-10-10T05:28:00.000Z,1
2019-10-10T05:32:14.000Z,1
2019-10-10T06:06:33.000Z,1
2019-10-10T06:07:09.000Z,1
2019-10-10T07:20:01.000Z,2
2019-10-10T07:39:58.000Z,1
2019-10-10T07:44:26.000Z,2
2019-10-10T07:49:04.000Z,1
2019-10-10T07:52:02.000Z,1
2019-10-10T08:02:42.000Z,1
2019-10-10T08:10:13.000Z,1
2019-10-10T08:18:10.000Z,1
2019-10-10T08:20:36.000Z,1
2019-10-10T08:20:34.000Z,2
2019-10-10T08:36:48.000Z,1
2019-10-10T08:51:55.000Z,2
2019-10-10T08:59:25.000Z,1
2019-10-10T08:59:59.000Z,1
2019-10-10T09:10:26.000Z,1
2019-10-10T09:10:36.000Z,1
2019-10-10T09:59:43.000Z,1
2019-10-10T10:46:59.000Z,1
2019-10-10T11:12:13.000Z,1
2019-10-10T12:33:00.000Z,1
2019-10-10T12:45:12.000Z,1
2019-10-10T13:02:37.000Z,1
2019-10-10T13:12:53.000Z,1
2019-10-10T14:07:01.000Z,1
2019-10-10T14:09:04.000Z,1
2019-10-10T14:32:37.000Z,1
2019-10-10T14:53:31.000Z,1
2019-10-10T15:01:49.000Z,1
2019-10-10T15:06:43.000Z,1
2019-10-10T15:50:54.000Z,1
2019-10-10T16:06:01.000Z,1
2019-10-10T16:25:27.000Z,2
2019-10-10T16:46:11.000Z,1
2019-10-10T16:53:20.000Z,1
2019-10-10T16:53:32.000Z,1
2019-10-10T16:56:56.000Z,2
2019-10-10T17:03:43.000Z,2
2019-10-10T17:17:58.000Z,1
2019-10-10T17:22:49.000Z,1
2019-10-10T17:23:34.000Z,1
2019-10-10T17:27:09.000Z,1
2019-10-10T17:40:15.000Z,1
2019-10-10T17:41:27.000Z,2
2019-10-10T17:52:41.000Z,1
2019-10-10T18:09:01.000Z,1
2019-10-10T18:16:38.000Z,1
2019-10-10T18:17:44.000Z,1
2019-10-10T18:30:30.000Z,1
2019-10-10T18:44:31.000Z,1
2019-10-10T18:45:44.000Z,1
2019-10-10T18:49:02.000Z,1
2019-10-10T19:12:56.000Z,1
2019-10-10T19:17:44.000Z,1
2019-10-10T19:52:03.000Z,1
2019-10-10T19:53:14.000Z,1
2019-10-10T20:25:33.000Z,1
2019-10-10T20:35:52.000Z,1
2019-10-10T21:50:30.000Z,1
2019-10-10T22:19:55.000Z,1
2019-10-10T22:48:22.000Z,1
2019-10-11T00:41:16.000Z,1
2019-10-11T05:39:17.000Z,1
2019-10-11T06:45:55.000Z,1
2019-10-11T07:21:30.000Z,1
2019-10-11T07:38:24.000Z,1
2019-10-11T07:41:09.000Z,1
2019-10-11T07:54:00.000Z,1
2019-10-11T08:09:03.000Z,1
2019-10-11T08:09:55.000Z,1
2019-10-11T08:22:02.000Z,2
2019-10-11T08:37:13.000Z,1
2019-10-11T08:41:44.000Z,1
2019-10-11T08:57:47.000Z,1
2019-10-11T09:00:48.000Z,1
2019-10-11T09:41:49.000Z,1
2019-10-11T11:01:13.000Z,1
2019-10-11T12:06:33.000Z,1
2019-10-11T12:47:09.000Z,1
2019-10-11T13:05:59.000Z,1
2019-10-11T13:50:17.000Z,1
2019-10-11T14:32:36.000Z,1
2019-10-11T14:58:13.000Z,1
2019-10-11T15:03:05.000Z,1
2019-10-11T15:14:03.000Z,1
2019-10-11T15:17:40.000Z,1
2019-10-11T16:33:55.000Z,1
2019-10-11T16:37:10.000Z,1
2019-10-11T16:39:19.000Z,2
2019-10-11T16:47:44.000Z,1
2019-10-11T16:52:37.000Z,1
2019-10-11T16:53:12.000Z,1
2019-10-11T17:08:46.000Z,1
2019-10-11T17:47:18.000Z,1
2019-10-11T17:56:29.000Z,1
2019-10-11T18:02:23.000Z,1
2019-10-11T18:57:05.000Z,2
2019-10-11T20:10:32.000Z,1
2019-10-11T22:20:45.000Z,1
2019-10-12T00:09:43.000Z,1
2019-10-12T00:34:44.000Z,1
2019-10-12T02:25:53.000Z,1
2019-10-12T04:31:22.000Z,1
2019-10-12T07:47:04.000Z,1
2019-10-12T08:07:39.000Z,1
2019-10-12T08:11:47.000Z,1
2019-10-12T08:39:10.000Z,1
2019-10-12T09:01:53.000Z,1
2019-10-12T09:20:11.000Z,1
2019-10-12T09:29:46.000Z,1
2019-10-12T09:39:44.000Z,1
2019-10-12T10:23:33.000Z,1
2019-10-12T10:27:48.000Z,1
2019-10-12T10:59:51.000Z,1
2019-10-12T11:02:57.000Z,1
2019-10-12T11:05:00.000Z,1
2019-10-12T11:05:38.000Z,1
2019-10-12T11:07:02.000Z,1
2019-10-12T11:07:06.000Z,1
2019-10-12T11:42:02.000Z,1
2019-10-12T11:55:36.000Z,1
2019-10-12T12:20:19.000Z,1
2019-10-12T12:52:49.000Z,1
2019-10-12T13:11:58.000Z,1
2019-10-12T13:13:08.000Z,2
2019-10-12T13:50:51.000Z,1
2019-10-12T13:55:29.000Z,1
2019-10-12T14:25:06.000Z,1
2019-10-12T15:21:05.000Z,2
2019-10-12T15:22:46.000Z,1
2019-10-12T16:05:43.000Z,1
2019-10-12T16:06:08.000Z,2
2019-10-12T16:16:41.000Z,1
2019-10-12T17:24:28.000Z,1
2019-10-12T17:26:57.000Z,2
2019-10-12T17:37:22.000Z,2
2019-10-12T17:46:10.000Z,1
2019-10-12T18:00:04.000Z,1
2019-10-12T20:52:13.000Z,1
2019-10-12T21:06:50.000Z,1
2019-10-12T21:47:12.000Z,1
2019-10-12T22:34:07.000Z,1
2019-10-12T23:03:44.000Z,1
2019-10-12T23:10:41.000Z,1
2019-10-12T23:28:21.000Z,1
2019-10-13T03:45:50.000Z,1
2019-10-13T07:19:59.000Z,1
2019-10-13T07:39:05.000Z,1
2019-10-13T08:13:28.000Z,1
2019-10-13T08:23:20.000Z,1
2019-10-13T08:26:23.000Z,1
2019-10-13T09:19:16.000Z,1
2019-10-13T10:01:18.000Z,1
2019-10-13T10:05:05.000Z,1
2019-10-13T10:19:09.000Z,1
2019-10-13T10:35:47.000Z,1
2019-10-13T10:47:59.000Z,1
2019-10-13T10:50:44.000Z,1
2019-10-13T11:08:06.000Z,1
2019-10-13T11:31:20.000Z,1
2019-10-13T12:03:38.000Z,1
2019-10-13T12:06:19.000Z,1
2019-10-13T12:27:19.000Z,1
2019-10-13T12:33:37.000Z,1
2019-10-13T12:36:02.000Z,2
2019-10-13T12:43:10.000Z,1
2019-10-13T12:48:47.000Z,1
2019-10-13T12:54:25.000Z,2
2019-10-13T12:59:01.000Z,1
2019-10-13T14:15:20.000Z,1
2019-10-13T14:33:19.000Z,1
2019-10-13T14:34:44.000Z,1
2019-10-13T14:36:34.000Z,1
2019-10-13T14:57:33.000Z,1
2019-10-13T15:05:04.000Z,1
2019-10-13T15:05:40.000Z,1
2019-10-13T15:16:40.000Z,1
2019-10-13T16:11:07.000Z,1
2019-10-13T16:38:40.000Z,1
2019-10-13T16:42:24.000Z,1
2019-10-13T16:50:10.000Z,1
2019-10-13T16:59:12.000Z,1
2019-10-13T17:44:35.000Z,1
2019-10-13T18:00:27.000Z,1
2019-10-13T18:04:08.000Z,1
2019-10-13T18:26:45.000Z,1
2019-10-13T18:34:43.000Z,1
2019-10-13T18:41:11.000Z,1
2019-10-13T19:25:22.000Z,1
2019-10-13T20:26:04.000Z,1
2019-10-13T21:10:15.000Z,1
2019-10-14T06:13:28.000Z,1
2019-10-14T06:56:55.000Z,1
2019-10-14T07:09:19.000Z,1
2019-10-14T07:29:55.000Z,1
2019-10-14T07:53:08.000Z,1
2019-10-14T08:08:33.000Z,1
2019-10-14T08:35:27.000Z,1
2019-10-14T08:36:08.000Z,1
2019-10-14T08:41:55.000Z,1
2019-10-14T09:08:26.000Z,1
2019-10-14T09:27:22.000Z,1
2019-10-14T09:49:12.000Z,1
2019-10-14T09:53:51.000Z,2
2019-10-14T09:57:45.000Z,1
2019-10-14T10:01:24.000Z,1
2019-10-14T10:21:18.000Z,1
2019-10-14T10:40:23.000Z,1
2019-10-14T10:52:02.000Z,1
2019-10-14T11:00:38.000Z,1
2019-10-14T11:15:57.000Z,1
2019-10-14T11:51:43.000Z,1
2019-10-14T11:52:02.000Z,1
2019-10-14T12:37:11.000Z,1
2019-10-14T13:15:54.000Z,1
2019-10-14T13:20:44.000Z,2
2019-10-14T14:02:50.000Z,1
2019-10-14T14:25:34.000Z,1
2019-10-14T14:28:37.000Z,1
2019-10-14T14:35:39.000Z,1
2019-10-09T10:44:07.000Z,2
2019-10-09T11:00:39.000Z,1
2019-10-09T11:25:58.000Z,1
2019-10-09T11:43:14.000Z,1
2019-10-09T11:48:45.000Z,1
2019-10-09T11:51:03.000Z,1
2019-10-09T11:57:52.000Z,1
2019-10-09T12:05:01.000Z,2
2019-10-09T12:24:43.000Z,1
2019-10-09T13:02:24.000Z,1
2019-10-09T13:33:35.000Z,2
2019-10-09T14:00:31.000Z,1
2019-10-09T14:11:41.000Z,1
2019-10-09T14:15:23.000Z,1
2019-10-09T14:56:20.000Z,2
2019-10-09T15:23:59.000Z,1
2019-10-09T15:34:09.000Z,2
2019-10-09T15:39:55.000Z,1
2019-10-09T15:46:22.000Z,1
2019-10-09T15:50:44.000Z,1
2019-10-09T15:56:47.000Z,1
2019-10-09T16:00:42.000Z,2
2019-10-09T16:26:41.000Z,1
2019-10-09T17:18:01.000Z,1
2019-10-09T17:26:01.000Z,2
2019-10-09T15:27:36.000Z,2
2019-10-09T15:29:03.000Z,1
2019-10-09T16:04:45.000Z,1
2019-10-09T16:41:27.000Z,2
2019-10-09T17:06:37.000Z,1
2019-10-09T17:13:17.000Z,2
2019-10-09T17:14:22.000Z,1
2019-10-09T17:18:05.000Z,1
2019-10-09T17:25:56.000Z,1
2019-10-09T17:30:07.000Z,1
2019-10-09T17:37:52.000Z,1
2019-10-09T17:40:01.000Z,1
2019-10-09T17:44:48.000Z,1
2019-10-09T18:08:49.000Z,1
2019-10-09T18:11:33.000Z,1
2019-10-09T18:18:03.000Z,1
2019-10-09T18:20:02.000Z,1
2019-10-09T18:28:15.000Z,2
2019-10-09T18:48:13.000Z,2
2019-10-09T18:49:03.000Z,3
2019-10-09T19:10:00.000Z,1
2019-10-09T19:30:58.000Z,1
2019-10-09T19:52:21.000Z,1
2019-10-09T19:54:40.000Z,1
2019-10-09T19:56:40.000Z,1
2019-10-09T20:08:12.000Z,1
2019-10-09T20:12:20.000Z,1
2019-10-09T20:15:38.000Z,1
2019-10-09T21:27:22.000Z,1
2019-10-09T21:33:17.000Z,1
2019-10-09T22:39:52.000Z,1
2019-10-09T23:07:03.000Z,1
2019-10-10T05:15:00.000Z,1
2019-10-10T05:37:38.000Z,1
2019-10-10T06:36:39.000Z,1
2019-10-10T06:54:59.000Z,1
2019-10-10T06:55:13.000Z,2
2019-10-10T06:59:40.000Z,2
2019-10-10T07:04:49.000Z,1
2019-10-10T07:41:50.000Z,1
2019-10-10T07:41:52.000Z,1
2019-10-10T07:42:16.000Z,1
2019-10-10T07:42:51.000Z,1
2019-10-10T07:53:53.000Z,1
2019-10-10T07:54:31.000Z,1
2019-10-10T08:00:09.000Z,1
2019-10-10T08:07:50.000Z,1
2019-10-10T08:17:36.000Z,2
2019-10-10T08:22:19.000Z,2
2019-10-10T08:37:04.000Z,1
2019-10-10T08:54:46.000Z,1
2019-10-10T09:13:02.000Z,1
2019-10-10T09:17:52.000Z,1
2019-10-10T09:22:44.000Z,1
2019-10-10T09:53:51.000Z,1
2019-10-10T10:25:36.000Z,1
2019-10-10T10:26:35.000Z,1
2019-10-10T10:27:05.000Z,1
2019-10-10T10:32:49.000Z,1
2019-10-10T10:36:28.000Z,2
2019-10-10T10:41:17.000Z,1
2019-10-10T10:41:26.000Z,2
2019-10-10T10:44:27.000Z,2
2019-10-10T11:11:19.000Z,1
2019-10-10T12:06:04.000Z,1
2019-10-10T12:09:17.000Z,1
2019-10-10T12:56:12.000Z,2
2019-10-10T13:00:49.000Z,1
2019-10-10T13:36:27.000Z,1
2019-10-10T14:00:00.000Z,1
2019-10-10T14:03:57.000Z,1
2019-10-10T14:16:07.000Z,2
2019-10-10T14:36:47.000Z,1
2019-10-10T14:42:37.000Z,1
2019-10-10T14:51:41.000Z,1
2019-10-10T14:52:20.000Z,1
2019-10-10T15:11:45.000Z,1
2019-10-10T15:13:26.000Z,1
2019-10-10T15:21:56.000Z,2
2019-10-10T15:32:07.000Z,1
2019-10-10T15:39:02.000Z,1
2019-10-10T15:56:28.000Z,1
2019-10-10T16:03:56.000Z,1
2019-10-10T16:06:40.000Z,1
2019-10-10T16:06:57.000Z,1
2019-10-10T16:42:56.000Z,1
2019-10-10T16:50:52.000Z,2
2019-10-10T16:51:49.000Z,1
2019-10-10T17:08:07.000Z,1
2019-10-10T17:08:53.000Z,2
2019-10-10T17:12:23.000Z,1
2019-10-10T17:18:16.000Z,1
2019-10-10T17:18:39.000Z,1
2019-10-10T17:24:28.000Z,2
2019-10-10T17:28:47.000Z,2
2019-10-10T17:32:00.000Z,2
2019-10-10T17:36:21.000Z,2
2019-10-10T17:49:41.000Z,1
2019-10-10T18:09:03.000Z,1
2019-10-10T18:15:06.000Z,1
2019-10-10T18:23:26.000Z,1
2019-10-10T19:24:24.000Z,1
2019-10-10T19:25:16.000Z,1
2019-10-10T19:54:21.000Z,1
2019-10-10T20:18:18.000Z,1
2019-10-10T20:39:27.000Z,1
2019-10-10T20:44:02.000Z,1
2019-10-10T21:25:45.000Z,1
2019-10-10T21:48:15.000Z,1
2019-10-10T21:50:48.000Z,1
2019-10-10T23:27:23.000Z,1
2019-10-10T23:34:45.000Z,1
2019-10-11T00:41:17.000Z,1
2019-10-11T01:54:04.000Z,1
2019-10-11T03:15:47.000Z,1
2019-10-11T05:23:44.000Z,1
2019-10-11T05:55:03.000Z,1
2019-10-11T06:47:33.000Z,1
2019-10-11T06:48:54.000Z,1
2019-10-11T07:20:28.000Z,1
2019-10-11T07:56:44.000Z,2
2019-10-11T08:02:04.000Z,1
2019-10-11T08:10:45.000Z,1
2019-10-11T08:19:42.000Z,2
2019-10-11T08:29:47.000Z,2
2019-10-11T08:46:32.000Z,1
2019-10-11T08:58:05.000Z,1
2019-10-11T10:30:48.000Z,1
2019-10-11T11:08:43.000Z,1
2019-10-11T11:39:46.000Z,1
2019-10-11T12:31:58.000Z,1
2019-10-11T13:40:20.000Z,1
2019-10-11T13:44:38.000Z,1
2019-10-11T13:45:19.000Z,2
2019-10-11T15:11:37.000Z,1
2019-10-11T15:29:56.000Z,1
2019-10-11T16:22:52.000Z,2
2019-10-11T16:33:37.000Z,1
2019-10-11T16:38:49.000Z,1
2019-10-11T17:03:32.000Z,1
2019-10-11T17:04:43.000Z,1
2019-10-11T17:05:28.000Z,1
2019-10-11T18:00:06.000Z,1
2019-10-11T18:13:07.000Z,1
2019-10-11T18:20:55.000Z,1
2019-10-11T19:04:15.000Z,1
2019-10-11T21:21:32.000Z,1
2019-10-11T22:11:54.000Z,1
2019-10-11T23:23:59.000Z,1
2019-10-12T00:59:33.000Z,1
2019-10-12T00:59:42.000Z,1
2019-10-12T01:06:33.000Z,1
2019-10-12T07:29:04.000Z,1
2019-10-12T09:25:36.000Z,1
2019-10-12T09:37:51.000Z,1
2019-10-12T09:47:05.000Z,2
2019-10-12T10:00:57.000Z,1
2019-10-12T10:57:34.000Z,1
2019-10-12T10:59:14.000Z,1
2019-10-12T11:14:36.000Z,1
2019-10-12T11:51:07.000Z,1
2019-10-12T11:56:49.000Z,1
2019-10-12T11:57:44.000Z,1
2019-10-12T12:00:12.000Z,1
2019-10-12T12:11:40.000Z,1
2019-10-12T12:42:24.000Z,1
2019-10-12T12:43:30.000Z,1
2019-10-12T13:26:18.000Z,1
2019-10-12T13:47:52.000Z,1
2019-10-12T13:58:30.000Z,1
2019-10-12T14:38:46.000Z,1
2019-10-12T14:51:09.000Z,2
2019-10-12T14:57:27.000Z,1
2019-10-12T15:38:33.000Z,1
2019-10-12T15:50:32.000Z,1
2019-10-12T17:13:39.000Z,1
2019-10-12T17:13:44.000Z,1
2019-10-12T17:34:05.000Z,1
2019-10-12T17:47:46.000Z,1
2019-10-12T18:02:11.000Z,1
2019-10-12T18:29:28.000Z,1
2019-10-12T19:23:04.000Z,1
2019-10-12T21:25:46.000Z,1
2019-10-13T01:45:00.000Z,1
2019-10-13T06:12:53.000Z,1
2019-10-13T07:56:32.000Z,1
2019-10-13T08:16:27.000Z,1
2019-10-13T08:51:48.000Z,1
2019-10-13T08:52:27.000Z,1
2019-10-13T09:01:09.000Z,1
2019-10-13T09:36:00.000Z,1
2019-10-13T09:38:05.000Z,1
2019-10-13T09:49:24.000Z,1
2019-10-13T10:29:20.000Z,1
2019-10-13T11:01:41.000Z,1
2019-10-13T11:16:26.000Z,2
2019-10-13T11:16:37.000Z,1
2019-10-13T11:38:23.000Z,2
2019-10-13T11:39:12.000Z,2
2019-10-13T11:45:28.000Z,1
2019-10-13T11:48:46.000Z,1
2019-10-13T11:54:05.000Z,1
2019-10-13T11:54:19.000Z,1
2019-10-13T12:09:19.000Z,1
2019-10-13T12:20:38.000Z,1
2019-10-13T12:56:41.000Z,1
2019-10-13T12:59:43.000Z,1
2019-10-13T13:13:49.000Z,2
2019-10-13T13:24:23.000Z,1
2019-10-13T13:26:01.000Z,1
2019-10-13T13:37:05.000Z,1
2019-10-13T13:40:32.000Z,1
2019-10-13T14:42:25.000Z,1
2019-10-13T14:54:29.000Z,2
2019-10-13T15:06:41.000Z,1
2019-10-13T15:23:08.000Z,1
2019-10-13T15:28:30.000Z,1
2019-10-13T15:33:16.000Z,1
2019-10-13T15:33:22.000Z,1
2019-10-13T16:19:05.000Z,1
2019-10-13T16:21:46.000Z,1
2019-10-13T16:27:08.000Z,1
2019-10-13T17:47:02.000Z,1
2019-10-13T19:44:54.000Z,1
2019-10-13T20:11:25.000Z,1
2019-10-13T20:25:07.000Z,1
2019-10-13T20:44:57.000Z,1
2019-10-13T21:39:40.000Z,1
2019-10-13T23:08:40.000Z,1
2019-10-14T04:42:50.000Z,1
2019-10-14T06:24:34.000Z,1
2019-10-14T06:37:15.000Z,1
2019-10-14T07:06:39.000Z,1
2019-10-14T07:07:21.000Z,1
2019-10-14T07:19:30.000Z,1
2019-10-14T07:23:58.000Z,2
2019-10-14T07:28:14.000Z,1
2019-10-14T07:32:55.000Z,1
2019-10-14T07:38:15.000Z,1
2019-10-14T07:50:11.000Z,1
2019-10-14T08:15:37.000Z,1
2019-10-14T08:31:18.000Z,1
2019-10-14T08:51:50.000Z,1
2019-10-14T10:03:34.000Z,1
2019-10-14T10:42:54.000Z,1
2019-10-14T10:47:42.000Z,1
2019-10-14T10:49:16.000Z,1
2019-10-14T11:14:17.000Z,2
2019-10-14T11:20:42.000Z,1
2019-10-14T11:55:17.000Z,1
2019-10-14T11:57:06.000Z,1
2019-10-14T12:11:42.000Z,1
2019-10-14T12:24:07.000Z,1
2019-10-14T12:25:34.000Z,1
2019-10-14T12:26:24.000Z,1
2019-10-14T13:17:54.000Z,1
2019-10-14T13:24:27.000Z,1
2019-10-14T13:28:13.000Z,2
2019-10-14T13:28:29.000Z,1
2019-10-14T13:44:35.000Z,2
2019-10-14T13:56:15.000Z,1
2019-10-14T14:17:05.000Z,1
2019-10-14T14:22:09.000Z,1
2019-10-09T10:46:16.000Z,1
2019-10-09T12:05:48.000Z,1
2019-10-09T12:18:32.000Z,1
2019-10-09T12:38:40.000Z,1
2019-10-09T13:13:15.000Z,1
2019-10-09T13:30:03.000Z,1
2019-10-09T13:36:29.000Z,2
2019-10-09T15:37:55.000Z,1
2019-10-09T15:50:06.000Z,1
2019-10-09T16:11:57.000Z,3
2019-10-09T16:46:44.000Z,1
2019-10-09T23:01:41.000Z,1
2019-10-09T11:57:29.000Z,1
2019-10-09T15:18:01.000Z,1
2019-10-09T15:23:39.000Z,1
2019-10-09T15:29:25.000Z,1
2019-10-09T16:04:06.000Z,2
2019-10-09T16:14:18.000Z,1
2019-10-09T16:17:42.000Z,2
2019-10-09T16:21:26.000Z,2
2019-10-09T16:27:26.000Z,1
2019-10-09T16:27:47.000Z,1
2019-10-09T16:49:37.000Z,2
2019-10-09T16:55:26.000Z,1
2019-10-09T16:58:38.000Z,1
2019-10-09T17:10:31.000Z,1
2019-10-09T17:13:49.000Z,1
2019-10-09T17:39:14.000Z,2
2019-10-09T18:06:44.000Z,1
2019-10-09T18:18:57.000Z,2
2019-10-09T18:22:27.000Z,1
2019-10-09T18:51:14.000Z,1
2019-10-09T19:12:07.000Z,1
2019-10-09T19:32:12.000Z,2
2019-10-09T20:06:44.000Z,1
2019-10-09T20:15:56.000Z,1
2019-10-09T20:37:44.000Z,1
2019-10-09T20:50:05.000Z,1
2019-10-09T22:48:02.000Z,1
2019-10-10T04:16:59.000Z,1
2019-10-10T04:37:08.000Z,1
2019-10-10T06:10:34.000Z,1
2019-10-10T06:41:25.000Z,1
2019-10-10T07:21:28.000Z,1
2019-10-10T07:32:58.000Z,1
2019-10-10T07:40:52.000Z,2
2019-10-10T07:51:35.000Z,2
2019-10-10T07:54:13.000Z,1
2019-10-10T07:55:21.000Z,1
2019-10-10T08:04:42.000Z,1
2019-10-10T08:09:17.000Z,1
2019-10-10T08:20:35.000Z,1
2019-10-10T08:25:01.000Z,2
2019-10-10T08:26:22.000Z,1
2019-10-10T08:30:34.000Z,1
2019-10-10T08:42:54.000Z,1
2019-10-10T08:50:06.000Z,1
2019-10-10T09:04:15.000Z,2
2019-10-10T10:06:15.000Z,1
2019-10-10T10:17:23.000Z,1
2019-10-10T10:20:37.000Z,1
2019-10-10T10:59:40.000Z,1
2019-10-10T11:41:03.000Z,1
2019-10-10T12:08:20.000Z,1
2019-10-10T12:19:03.000Z,1
2019-10-10T12:23:51.000Z,1
2019-10-10T12:43:32.000Z,3
2019-10-10T12:53:26.000Z,1
2019-10-10T13:08:06.000Z,1
2019-10-10T13:15:06.000Z,1
2019-10-10T13:21:29.000Z,1
2019-10-10T13:23:14.000Z,1
2019-10-10T14:04:00.000Z,1
2019-10-10T14:21:43.000Z,1
2019-10-10T14:21:54.000Z,1
2019-10-10T14:32:30.000Z,1
2019-10-10T15:30:06.000Z,1
2019-10-10T15:34:00.000Z,3
2019-10-10T15:38:27.000Z,1
2019-10-10T15:39:40.000Z,1
2019-10-10T15:53:37.000Z,2
2019-10-10T15:54:25.000Z,1
2019-10-10T16:25:36.000Z,2
2019-10-10T16:29:34.000Z,1
2019-10-10T16:41:54.000Z,1
2019-10-10T16:42:42.000Z,1
2019-10-10T16:50:55.000Z,1
2019-10-10T16:54:35.000Z,1
2019-10-10T17:28:26.000Z,2
2019-10-10T17:33:24.000Z,2
2019-10-10T17:45:59.000Z,2
2019-10-10T18:01:42.000Z,1
2019-10-10T18:09:37.000Z,1
2019-10-10T18:16:25.000Z,1
2019-10-10T18:29:08.000Z,1
2019-10-10T18:48:26.000Z,1
2019-10-10T18:49:37.000Z,1
2019-10-10T19:01:49.000Z,3
2019-10-10T19:05:42.000Z,1
2019-10-10T19:06:41.000Z,1
2019-10-10T19:11:06.000Z,1
2019-10-10T19:16:56.000Z,1
2019-10-10T19:18:18.000Z,1
2019-10-10T19:55:30.000Z,1
2019-10-10T20:00:53.000Z,1
2019-10-10T20:55:29.000Z,1
2019-10-10T21:07:08.000Z,1
2019-10-10T21:26:37.000Z,1
2019-10-10T22:05:09.000Z,1
2019-10-10T22:43:15.000Z,1
2019-10-10T22:52:28.000Z,1
2019-10-11T06:00:17.000Z,1
2019-10-11T06:10:38.000Z,1
2019-10-11T06:36:23.000Z,1
2019-10-11T07:13:51.000Z,1
2019-10-11T07:23:06.000Z,1
2019-10-11T07:29:49.000Z,1
2019-10-11T07:59:49.000Z,1
2019-10-11T08:05:56.000Z,1
2019-10-11T08:34:37.000Z,1
2019-10-11T09:12:19.000Z,1
2019-10-11T11:05:34.000Z,1
2019-10-11T11:22:46.000Z,2
2019-10-11T14:08:52.000Z,1
2019-10-11T14:18:29.000Z,1
2019-10-11T14:33:32.000Z,1
2019-10-11T14:49:14.000Z,1
2019-10-11T15:10:54.000Z,1
2019-10-11T15:15:33.000Z,1
2019-10-11T15:32:42.000Z,1
2019-10-11T16:13:47.000Z,1
2019-10-11T16:35:59.000Z,1
2019-10-11T16:43:27.000Z,1
2019-10-11T16:54:19.000Z,1
2019-10-11T16:55:49.000Z,1
2019-10-11T17:07:13.000Z,1
2019-10-11T18:29:48.000Z,1
2019-10-11T19:37:24.000Z,1
2019-10-11T19:57:37.000Z,1
2019-10-11T22:27:43.000Z,1
2019-10-12T06:58:17.000Z,1
2019-10-12T09:11:03.000Z,1
2019-10-12T10:03:47.000Z,2
2019-10-12T10:10:31.000Z,1
2019-10-12T10:27:24.000Z,1
2019-10-12T10:36:07.000Z,1
2019-10-12T10:40:47.000Z,1
2019-10-12T10:51:49.000Z,1
2019-10-12T11:22:12.000Z,1
2019-10-12T11:26:07.000Z,1
2019-10-12T11:31:26.000Z,1
2019-10-12T11:33:07.000Z,1
2019-10-12T11:54:03.000Z,1
2019-10-12T12:03:42.000Z,1
2019-10-12T12:12:30.000Z,1
2019-10-12T12:42:08.000Z,1
2019-10-12T12:47:01.000Z,1
2019-10-12T13:11:53.000Z,2
2019-10-12T13:17:12.000Z,1
2019-10-12T13:27:30.000Z,1
2019-10-12T13:48:54.000Z,2
2019-10-12T13:49:11.000Z,2
2019-10-12T14:15:46.000Z,1
2019-10-12T14:37:10.000Z,1
2019-10-12T14:49:35.000Z,1
2019-10-12T14:59:02.000Z,1
2019-10-12T15:08:03.000Z,1
2019-10-12T15:21:22.000Z,1
2019-10-12T15:28:57.000Z,1
2019-10-12T15:31:45.000Z,1
2019-10-12T15:35:30.000Z,1
2019-10-12T15:58:29.000Z,1
2019-10-12T15:59:26.000Z,1
2019-10-12T16:19:03.000Z,1
2019-10-12T16:23:45.000Z,1
2019-10-12T16:31:35.000Z,1
2019-10-12T17:28:57.000Z,1
2019-10-12T17:34:33.000Z,1
2019-10-12T17:39:56.000Z,1
2019-10-12T18:24:21.000Z,1
2019-10-12T18:29:05.000Z,1
2019-10-12T18:30:55.000Z,1
2019-10-12T19:03:33.000Z,1
2019-10-12T19:17:49.000Z,1
2019-10-12T19:19:05.000Z,1
2019-10-12T20:33:42.000Z,1
2019-10-12T21:22:15.000Z,1
2019-10-12T21:45:21.000Z,1
2019-10-12T22:09:08.000Z,1
2019-10-12T22:14:59.000Z,1
2019-10-12T23:19:01.000Z,1
2019-10-13T07:21:24.000Z,1
2019-10-13T07:53:58.000Z,1
2019-10-13T08:51:36.000Z,1
2019-10-13T09:06:11.000Z,1
2019-10-13T09:25:46.000Z,1
2019-10-13T09:42:26.000Z,1
2019-10-13T09:45:14.000Z,1
2019-10-13T09:48:35.000Z,1
2019-10-13T09:56:09.000Z,1
2019-10-13T10:00:29.000Z,3
2019-10-13T10:11:21.000Z,3
2019-10-13T10:33:19.000Z,1
2019-10-13T10:41:21.000Z,1
2019-10-13T10:47:26.000Z,1
2019-10-13T10:49:51.000Z,1
2019-10-13T10:52:48.000Z,1
2019-10-13T10:58:06.000Z,1
2019-10-13T10:58:56.000Z,2
2019-10-13T11:16:40.000Z,2
2019-10-13T11:19:40.000Z,1
2019-10-13T11:52:06.000Z,1
2019-10-13T11:54:39.000Z,1
2019-10-13T12:09:41.000Z,1
2019-10-13T12:14:42.000Z,2
2019-10-13T12:28:10.000Z,2
2019-10-13T12:31:07.000Z,1
2019-10-13T12:34:21.000Z,1
2019-10-13T12:37:19.000Z,1
2019-10-13T12:42:10.000Z,1
2019-10-13T12:43:38.000Z,1
2019-10-13T12:47:54.000Z,1
2019-10-13T13:15:54.000Z,1
2019-10-13T13:17:53.000Z,1
2019-10-13T13:19:29.000Z,2
2019-10-13T13:35:20.000Z,1
2019-10-13T13:35:47.000Z,1
2019-10-13T14:10:57.000Z,1
2019-10-13T14:34:52.000Z,1
2019-10-13T14:35:14.000Z,1
2019-10-13T15:24:30.000Z,1
2019-10-13T15:32:08.000Z,1
2019-10-13T15:34:23.000Z,1
2019-10-13T15:55:52.000Z,1
2019-10-13T16:14:48.000Z,2
2019-10-13T16:25:51.000Z,1
2019-10-13T16:39:19.000Z,1
2019-10-13T16:53:47.000Z,1
2019-10-13T17:19:21.000Z,1
2019-10-13T18:19:28.000Z,1
2019-10-13T19:44:57.000Z,1
2019-10-13T23:19:45.000Z,1
2019-10-14T06:00:22.000Z,1
2019-10-14T06:12:12.000Z,1
2019-10-14T07:12:34.000Z,1
2019-10-14T07:29:40.000Z,1
2019-10-14T07:29:54.000Z,1
2019-10-14T07:41:51.000Z,1
2019-10-14T07:44:38.000Z,1
2019-10-14T07:47:30.000Z,1
2019-10-14T07:47:52.000Z,2
2019-10-14T07:57:46.000Z,1
2019-10-14T08:03:22.000Z,1
2019-10-14T08:19:12.000Z,1
2019-10-14T08:27:08.000Z,1
2019-10-14T08:32:41.000Z,1
2019-10-14T08:43:22.000Z,1
2019-10-14T08:48:40.000Z,1
2019-10-14T09:28:43.000Z,1
2019-10-14T09:44:00.000Z,1
2019-10-14T09:54:37.000Z,1
2019-10-14T09:57:47.000Z,1
2019-10-14T10:50:36.000Z,1
2019-10-14T10:58:38.000Z,1
2019-10-14T11:17:43.000Z,1
2019-10-14T11:29:49.000Z,3
2019-10-14T11:39:49.000Z,1
2019-10-14T11:54:07.000Z,1
2019-10-14T12:14:03.000Z,1
2019-10-14T12:55:13.000Z,1
2019-10-14T13:07:58.000Z,1
2019-10-14T13:09:58.000Z,1
2019-10-14T13:29:00.000Z,1
2019-10-09T10:40:42.000Z,1
2019-10-09T10:44:51.000Z,1
2019-10-09T10:47:29.000Z,1
2019-10-09T11:17:51.000Z,1
2019-10-09T12:24:34.000Z,1
2019-10-09T12:24:46.000Z,1
2019-10-09T12:43:46.000Z,1
2019-10-09T13:20:41.000Z,2
2019-10-09T13:21:21.000Z,1
2019-10-09T15:05:11.000Z,1
2019-10-09T16:11:45.000Z,1
2019-10-09T16:48:50.000Z,1
2019-10-09T17:04:22.000Z,2
2019-10-09T17:05:21.000Z,1
2019-10-09T18:36:46.000Z,1
2019-10-09T18:39:55.000Z,1
2019-10-09T13:32:36.000Z,2
2019-10-09T14:53:28.000Z,1
2019-10-09T15:48:01.000Z,1
2019-10-09T16:07:57.000Z,1
2019-10-09T16:42:57.000Z,1
2019-10-09T16:59:14.000Z,1
2019-10-09T17:02:49.000Z,2
2019-10-09T17:05:00.000Z,1
2019-10-09T17:06:27.000Z,1
2019-10-09T17:14:51.000Z,1
2019-10-09T17:31:33.000Z,1
2019-10-09T17:32:41.000Z,1
2019-10-09T17:41:02.000Z,2
2019-10-09T17:52:36.000Z,1
2019-10-09T17:57:01.000Z,2
2019-10-09T18:09:17.000Z,2
2019-10-09T18:12:34.000Z,1
2019-10-09T18:24:26.000Z,1
2019-10-09T18:25:57.000Z,1
2019-10-09T18:34:07.000Z,1
2019-10-09T19:02:47.000Z,2
2019-10-09T19:37:45.000Z,1
2019-10-09T19:38:47.000Z,1
2019-10-09T19:42:33.000Z,1
2019-10-09T19:58:00.000Z,1
2019-10-09T20:05:17.000Z,1
2019-10-09T20:30:37.000Z,1
2019-10-09T20:34:59.000Z,2
2019-10-09T20:35:05.000Z,1
2019-10-09T20:35:50.000Z,1
2019-10-09T20:39:57.000Z,1
2019-10-09T21:12:10.000Z,1
2019-10-09T21:22:56.000Z,1
2019-10-09T21:26:23.000Z,1
2019-10-09T21:57:54.000Z,1
2019-10-09T22:39:57.000Z,1
2019-10-09T23:00:32.000Z,2
2019-10-09T23:06:06.000Z,1
2019-10-09T23:23:43.000Z,1
2019-10-10T01:13:08.000Z,1
2019-10-10T04:50:16.000Z,1
2019-10-10T05:38:31.000Z,1
2019-10-10T06:05:58.000Z,1
2019-10-10T06:38:10.000Z,1
2019-10-10T06:53:22.000Z,1
2019-10-10T06:54:03.000Z,1
2019-10-10T07:02:49.000Z,1
2019-10-10T07:04:14.000Z,1
2019-10-10T07:13:36.000Z,2
2019-10-10T07:30:41.000Z,1
2019-10-10T07:46:15.000Z,1
2019-10-10T07:51:08.000Z,1
2019-10-10T07:54:16.000Z,2
2019-10-10T07:56:55.000Z,1
2019-10-10T08:02:12.000Z,1
2019-10-10T08:04:58.000Z,1
2019-10-10T08:07:28.000Z,1
2019-10-10T08:09:08.000Z,1
2019-10-10T08:10:47.000Z,1
2019-10-10T08:17:34.000Z,2
2019-10-10T08:23:24.000Z,2
2019-10-10T08:23:44.000Z,1
2019-10-10T08:39:43.000Z,1
2019-10-10T08:40:04.000Z,1
2019-10-10T08:43:26.000Z,2
2019-10-10T08:44:08.000Z,1
2019-10-10T08:49:17.000Z,3
2019-10-10T09:03:41.000Z,1
2019-10-10T09:36:10.000Z,1
2019-10-10T10:14:11.000Z,1
2019-10-10T10:51:50.000Z,1
2019-10-10T11:41:11.000Z,1
2019-10-10T11:51:51.000Z,1
2019-10-10T11:54:11.000Z,1
2019-10-10T11:58:14.000Z,1
2019-10-10T12:36:40.000Z,1
2019-10-10T12:38:22.000Z,1
2019-10-10T12:42:19.000Z,1
2019-10-10T12:52:15.000Z,1
2019-10-10T13:01:03.000Z,1
2019-10-10T13:06:56.000Z,1
2019-10-10T13:16:00.000Z,1
2019-10-10T13:20:17.000Z,2
2019-10-10T13:23:21.000Z,1
2019-10-10T13:37:10.000Z,1
2019-10-10T13:47:27.000Z,1
2019-10-10T14:06:57.000Z,1
2019-10-10T14:08:03.000Z,1
2019-10-10T14:41:48.000Z,1
2019-10-10T14:56:26.000Z,1
2019-10-10T15:04:03.000Z,1
2019-10-10T15:04:47.000Z,1
2019-10-10T15:07:40.000Z,1
2019-10-10T15:31:51.000Z,1
2019-10-10T15:41:35.000Z,1
2019-10-10T16:03:29.000Z,1
2019-10-10T16:27:40.000Z,1
2019-10-10T16:54:20.000Z,1
2019-10-10T17:03:35.000Z,1
2019-10-10T17:07:30.000Z,1
2019-10-10T17:28:14.000Z,1
2019-10-10T17:29:28.000Z,1
2019-10-10T17:30:11.000Z,1
2019-10-10T17:48:56.000Z,1
2019-10-10T17:52:39.000Z,1
2019-10-10T18:02:11.000Z,2
2019-10-10T18:15:35.000Z,3
2019-10-10T18:16:23.000Z,1
2019-10-10T18:19:50.000Z,1
2019-10-10T18:55:37.000Z,1
2019-10-10T18:58:57.000Z,1
2019-10-10T19:30:57.000Z,1
2019-10-10T20:29:03.000Z,1
2019-10-10T20:46:53.000Z,1
2019-10-10T21:20:32.000Z,1
2019-10-10T21:21:31.000Z,1
2019-10-10T22:43:35.000Z,1
2019-10-10T22:55:19.000Z,1
2019-10-10T23:24:54.000Z,1
2019-10-11T06:08:26.000Z,1
2019-10-11T07:37:09.000Z,1
2019-10-11T07:45:22.000Z,1
2019-10-11T07:56:48.000Z,1
2019-10-11T07:57:29.000Z,1
2019-10-11T09:18:01.000Z,1
2019-10-11T12:19:48.000Z,1
2019-10-11T12:42:09.000Z,2
2019-10-11T12:52:36.000Z,1
2019-10-11T13:32:02.000Z,1
2019-10-11T15:42:59.000Z,1
2019-10-11T16:16:18.000Z,1
2019-10-11T16:22:31.000Z,1
2019-10-11T16:28:56.000Z,1
2019-10-11T16:58:22.000Z,2
2019-10-11T17:26:19.000Z,1
2019-10-11T17:40:40.000Z,1
2019-10-11T17:49:08.000Z,1
2019-10-11T17:56:30.000Z,1
2019-10-11T18:27:11.000Z,1
2019-10-11T19:04:34.000Z,1
2019-10-11T19:26:41.000Z,1
2019-10-11T19:29:29.000Z,1
2019-10-11T21:05:13.000Z,1
2019-10-11T22:04:50.000Z,1
2019-10-11T23:28:17.000Z,1
2019-10-11T23:52:23.000Z,1
2019-10-12T01:45:50.000Z,1
2019-10-12T04:37:58.000Z,1
2019-10-12T07:13:19.000Z,1
2019-10-12T07:58:40.000Z,1
2019-10-12T07:58:54.000Z,1
2019-10-12T09:46:00.000Z,1
2019-10-12T09:47:41.000Z,1
2019-10-12T10:07:33.000Z,1
2019-10-12T11:05:46.000Z,1
2019-10-12T11:20:23.000Z,1
2019-10-12T11:20:30.000Z,1
2019-10-12T11:26:53.000Z,1
2019-10-12T11:43:56.000Z,1
2019-10-12T11:51:21.000Z,1
2019-10-12T11:57:53.000Z,1
2019-10-12T12:23:13.000Z,1
2019-10-12T12:57:30.000Z,1
2019-10-12T13:15:27.000Z,2
2019-10-12T14:17:24.000Z,1
2019-10-12T14:27:41.000Z,1
2019-10-12T14:32:23.000Z,1
2019-10-12T14:33:55.000Z,1
2019-10-12T14:37:21.000Z,1
2019-10-12T14:40:42.000Z,1
2019-10-12T15:16:22.000Z,1
2019-10-12T15:20:32.000Z,1
2019-10-12T15:23:08.000Z,1
2019-10-12T15:29:00.000Z,1
2019-10-12T15:30:30.000Z,1
2019-10-12T15:40:35.000Z,1
2019-10-12T15:42:01.000Z,1
2019-10-12T16:01:02.000Z,1
2019-10-12T16:01:16.000Z,1
2019-10-12T16:05:54.000Z,1
2019-10-12T16:33:57.000Z,1
2019-10-12T16:36:41.000Z,1
2019-10-12T16:48:16.000Z,2
2019-10-12T17:18:46.000Z,1
2019-10-12T17:24:15.000Z,1
2019-10-12T17:32:39.000Z,1
2019-10-12T17:32:55.000Z,1
2019-10-12T17:52:56.000Z,1
2019-10-12T18:08:51.000Z,1
2019-10-12T18:20:01.000Z,1
2019-10-12T18:29:47.000Z,1
2019-10-12T19:27:21.000Z,1
2019-10-12T19:28:38.000Z,1
2019-10-12T19:34:34.000Z,2
2019-10-12T19:38:19.000Z,1
2019-10-12T21:54:51.000Z,1
2019-10-12T22:09:20.000Z,1
2019-10-12T22:09:24.000Z,1
2019-10-12T22:13:22.000Z,1
2019-10-12T22:14:01.000Z,1
2019-10-12T22:21:10.000Z,1
2019-10-12T23:42:46.000Z,1
2019-10-13T00:13:50.000Z,1
2019-10-13T00:26:40.000Z,1
2019-10-13T01:04:33.000Z,1
2019-10-13T02:43:10.000Z,1
2019-10-13T06:24:27.000Z,1
2019-10-13T07:59:40.000Z,2
2019-10-13T09:38:19.000Z,1
2019-10-13T09:41:26.000Z,1
2019-10-13T10:00:30.000Z,1
2019-10-13T10:07:03.000Z,4
2019-10-13T10:35:30.000Z,1
2019-10-13T10:42:38.000Z,1
2019-10-13T10:56:34.000Z,1
2019-10-13T11:07:37.000Z,1
2019-10-13T11:47:11.000Z,1
2019-10-13T11:53:55.000Z,1
2019-10-13T11:54:42.000Z,2
2019-10-13T11:55:12.000Z,1
2019-10-13T12:02:15.000Z,1
2019-10-13T12:23:20.000Z,1
2019-10-13T12:24:32.000Z,1
2019-10-13T12:38:11.000Z,1
2019-10-13T13:07:51.000Z,1
2019-10-13T13:17:41.000Z,1
2019-10-13T13:27:41.000Z,1
2019-10-13T13:30:47.000Z,1
2019-10-13T14:57:37.000Z,1
2019-10-13T15:12:34.000Z,1
2019-10-13T15:13:34.000Z,1
2019-10-13T15:14:28.000Z,1
2019-10-13T15:26:06.000Z,1
2019-10-13T16:15:52.000Z,1
2019-10-13T16:47:46.000Z,1
2019-10-13T17:13:48.000Z,1
2019-10-13T17:16:34.000Z,1
2019-10-13T17:27:25.000Z,1
2019-10-13T17:37:27.000Z,1
2019-10-13T17:54:15.000Z,1
2019-10-13T18:26:48.000Z,1
2019-10-13T18:28:46.000Z,1
2019-10-13T18:58:16.000Z,1
2019-10-13T19:07:52.000Z,1
2019-10-13T19:21:42.000Z,1
2019-10-13T20:16:00.000Z,1
2019-10-13T20:33:44.000Z,1
2019-10-13T21:56:49.000Z,1
2019-10-14T06:09:44.000Z,1
2019-10-14T06:25:59.000Z,1
2019-10-14T06:42:08.000Z,1
2019-10-14T06:52:59.000Z,1
2019-10-14T07:24:50.000Z,1
2019-10-14T07:48:10.000Z,1
2019-10-14T07:50:05.000Z,1
2019-10-14T08:14:18.000Z,1
2019-10-14T08:18:27.000Z,1
2019-10-14T08:19:38.000Z,1
2019-10-14T09:00:29.000Z,1
2019-10-14T09:19:31.000Z,1
2019-10-14T09:21:03.000Z,1
2019-10-14T09:25:16.000Z,1
2019-10-14T10:05:02.000Z,1
2019-10-14T10:40:11.000Z,1
2019-10-14T10:51:35.000Z,1
2019-10-14T11:12:57.000Z,1
2019-10-14T11:16:18.000Z,1
2019-10-14T11:17:32.000Z,1
2019-10-14T11:35:35.000Z,1
2019-10-14T11:41:17.000Z,1
2019-10-14T12:15:51.000Z,2
2019-10-14T12:45:45.000Z,1
2019-10-14T13:02:56.000Z,1
2019-10-14T13:18:55.000Z,1
2019-10-14T13:21:32.000Z,1
2019-10-14T13:26:02.000Z,1
2019-10-14T13:29:37.000Z,1
2019-10-14T13:35:21.000Z,1
2019-10-14T13:55:05.000Z,1
2019-10-14T14:06:38.000Z,1
2019-10-14T14:21:02.000Z,1
2019-10-14T14:22:18.000Z,1
2019-10-09T11:09:46.000Z,1
2019-10-09T11:49:16.000Z,1
2019-10-09T11:52:32.000Z,1
2019-10-09T11:52:51.000Z,1
2019-10-09T12:04:51.000Z,1
2019-10-09T12:22:52.000Z,1
2019-10-09T12:47:27.000Z,2
2019-10-09T12:47:36.000Z,1
2019-10-09T12:57:35.000Z,1
2019-10-09T13:10:29.000Z,1
2019-10-09T13:23:46.000Z,1
2019-10-09T13:32:12.000Z,1
2019-10-09T13:37:38.000Z,2
2019-10-09T13:44:16.000Z,1
2019-10-09T14:13:18.000Z,1
2019-10-09T14:29:48.000Z,1
2019-10-09T14:41:46.000Z,1
2019-10-09T14:45:00.000Z,3
2019-10-09T15:38:09.000Z,1
2019-10-09T16:35:44.000Z,1
2019-10-09T17:04:46.000Z,1
2019-10-09T17:09:57.000Z,1
2019-10-09T17:14:41.000Z,2
2019-10-09T17:23:04.000Z,2
2019-10-09T17:36:42.000Z,1
2019-10-09T13:57:59.000Z,1
2019-10-09T14:52:30.000Z,1
2019-10-09T16:10:51.000Z,1
2019-10-09T16:34:44.000Z,1
2019-10-09T16:47:39.000Z,1
2019-10-09T16:57:54.000Z,2
2019-10-09T16:58:36.000Z,2
2019-10-09T17:00:12.000Z,1
2019-10-09T17:08:29.000Z,1
2019-10-09T17:18:22.000Z,2
2019-10-09T17:23:56.000Z,2
2019-10-09T17:41:19.000Z,1
2019-10-09T17:43:57.000Z,1
2019-10-09T18:10:44.000Z,1
2019-10-09T18:13:54.000Z,2
2019-10-09T18:21:02.000Z,2
2019-10-09T18:25:21.000Z,1
2019-10-09T18:26:05.000Z,1
2019-10-09T18:27:24.000Z,2
2019-10-09T18:34:20.000Z,1
2019-10-09T18:49:19.000Z,1
2019-10-09T19:13:18.000Z,1
2019-10-09T19:21:43.000Z,1
2019-10-09T21:11:30.000Z,1
2019-10-09T21:49:43.000Z,1
2019-10-09T22:05:13.000Z,2
2019-10-09T22:28:17.000Z,1
2019-10-09T22:35:36.000Z,1
2019-10-09T23:37:39.000Z,1
2019-10-09T23:45:08.000Z,1
2019-10-10T05:08:52.000Z,1
2019-10-10T05:29:38.000Z,1
2019-10-10T06:23:12.000Z,1
2019-10-10T07:18:54.000Z,1
2019-10-10T07:26:52.000Z,1
2019-10-10T07:27:08.000Z,1
2019-10-10T07:31:06.000Z,1
2019-10-10T07:59:26.000Z,1
2019-10-10T08:02:55.000Z,1
2019-10-10T08:04:55.000Z,1
2019-10-10T08:09:32.000Z,1
2019-10-10T08:10:27.000Z,1
2019-10-10T08:12:01.000Z,1
2019-10-10T08:23:33.000Z,1
2019-10-10T08:34:06.000Z,1
2019-10-10T08:50:51.000Z,2
2019-10-10T10:08:26.000Z,1
2019-10-10T10:11:12.000Z,1
2019-10-10T10:21:57.000Z,1
2019-10-10T10:43:43.000Z,1
2019-10-10T10:48:55.000Z,1
2019-10-10T12:28:43.000Z,1
2019-10-10T12:56:59.000Z,1
2019-10-10T13:17:52.000Z,1
2019-10-10T13:21:50.000Z,1
2019-10-10T13:23:32.000Z,1
2019-10-10T13:44:37.000Z,1
2019-10-10T14:04:58.000Z,1
2019-10-10T14:12:47.000Z,1
2019-10-10T14:54:25.000Z,1
2019-10-10T15:17:08.000Z,2
2019-10-10T15:24:55.000Z,3
2019-10-10T15:37:07.000Z,1
2019-10-10T16:24:34.000Z,1
2019-10-10T16:43:15.000Z,1
2019-10-10T17:00:20.000Z,1
2019-10-10T17:02:26.000Z,2
2019-10-10T17:03:49.000Z,2
2019-10-10T17:05:41.000Z,1
2019-10-10T17:06:46.000Z,2
2019-10-10T17:15:28.000Z,1
2019-10-10T17:16:43.000Z,1
2019-10-10T17:28:32.000Z,1
2019-10-10T17:32:32.000Z,3
2019-10-10T17:34:27.000Z,1
2019-10-10T17:38:24.000Z,2
2019-10-10T17:41:56.000Z,2
2019-10-10T17:44:01.000Z,2
2019-10-10T17:56:51.000Z,1
2019-10-10T18:06:19.000Z,2
2019-10-10T18:32:32.000Z,1
2019-10-10T18:52:52.000Z,1
2019-10-10T18:56:30.000Z,1
2019-10-10T19:26:55.000Z,1
2019-10-10T19:56:35.000Z,1
2019-10-10T20:35:11.000Z,1
2019-10-10T20:52:29.000Z,1
2019-10-10T21:08:14.000Z,1
2019-10-11T00:58:45.000Z,1
2019-10-11T06:53:47.000Z,1
2019-10-11T06:56:05.000Z,1
2019-10-11T07:44:17.000Z,1
2019-10-11T07:47:12.000Z,1
2019-10-11T07:50:52.000Z,1
2019-10-11T07:54:59.000Z,1
2019-10-11T07:57:05.000Z,1
2019-10-11T08:32:17.000Z,1
2019-10-11T08:58:19.000Z,1
2019-10-11T09:14:26.000Z,1
2019-10-11T09:22:27.000Z,1
2019-10-11T11:15:11.000Z,1
2019-10-11T11:47:56.000Z,1
2019-10-11T12:03:13.000Z,1
2019-10-11T13:01:03.000Z,1
2019-10-11T13:09:44.000Z,1
2019-10-11T13:12:40.000Z,1
2019-10-11T13:53:37.000Z,1
2019-10-11T14:46:43.000Z,1
2019-10-11T15:27:51.000Z,1
2019-10-11T15:44:19.000Z,1
2019-10-11T15:58:00.000Z,1
2019-10-11T16:29:18.000Z,1
2019-10-11T17:18:07.000Z,1
2019-10-11T18:09:40.000Z,1
2019-10-11T18:27:21.000Z,1
2019-10-11T19:32:36.000Z,1
2019-10-11T20:49:11.000Z,1
2019-10-11T23:17:35.000Z,1
2019-10-12T09:06:06.000Z,1
2019-10-12T10:03:57.000Z,1
2019-10-12T10:22:53.000Z,1
2019-10-12T11:37:40.000Z,1
2019-10-12T12:10:38.000Z,1
2019-10-12T12:18:03.000Z,1
2019-10-12T13:19:51.000Z,1
2019-10-12T13:47:03.000Z,1
2019-10-12T14:56:44.000Z,1
2019-10-12T14:58:17.000Z,2
2019-10-12T15:09:45.000Z,2
2019-10-12T15:25:19.000Z,1
2019-10-12T15:55:23.000Z,1
2019-10-12T15:56:34.000Z,1
2019-10-12T16:12:09.000Z,1
2019-10-12T16:18:34.000Z,1
2019-10-12T16:33:46.000Z,1
2019-10-12T16:44:57.000Z,1
2019-10-12T16:44:58.000Z,1
2019-10-12T16:48:05.000Z,1
2019-10-12T16:55:00.000Z,1
2019-10-12T16:57:58.000Z,1
2019-10-12T17:41:09.000Z,1
2019-10-12T17:43:08.000Z,1
2019-10-12T18:16:27.000Z,1
2019-10-12T18:34:57.000Z,1
2019-10-12T18:55:11.000Z,1
2019-10-12T20:11:15.000Z,1
2019-10-12T21:31:35.000Z,1
2019-10-12T21:50:22.000Z,1
2019-10-13T00:03:23.000Z,1
2019-10-13T00:58:24.000Z,1
2019-10-13T04:41:38.000Z,1
2019-10-13T05:45:48.000Z,1
2019-10-13T07:43:51.000Z,1
2019-10-13T07:54:19.000Z,1
2019-10-13T07:56:46.000Z,1
2019-10-13T08:32:26.000Z,1
2019-10-13T08:45:11.000Z,1
2019-10-13T09:00:30.000Z,1
2019-10-13T09:02:12.000Z,1
2019-10-13T09:57:37.000Z,1
2019-10-13T10:28:45.000Z,1
2019-10-13T11:05:06.000Z,1
2019-10-13T11:23:56.000Z,1
2019-10-13T11:31:32.000Z,1
2019-10-13T11:47:48.000Z,1
2019-10-13T11:48:36.000Z,1
2019-10-13T12:19:12.000Z,1
2019-10-13T12:35:28.000Z,1
2019-10-13T12:48:22.000Z,1
2019-10-13T12:48:38.000Z,1
2019-10-13T12:49:44.000Z,1
2019-10-13T12:51:24.000Z,1
2019-10-13T13:00:23.000Z,1
2019-10-13T13:11:54.000Z,1
2019-10-13T13:18:45.000Z,1
2019-10-13T13:20:01.000Z,1
2019-10-13T14:10:49.000Z,1
2019-10-13T14:16:33.000Z,1
2019-10-13T14:36:14.000Z,1
2019-10-13T14:42:44.000Z,1
2019-10-13T14:56:11.000Z,1
2019-10-13T15:38:55.000Z,1
2019-10-13T15:46:23.000Z,1
2019-10-13T15:56:59.000Z,1
2019-10-13T16:00:24.000Z,1
2019-10-13T16:06:32.000Z,1
2019-10-13T16:19:17.000Z,1
2019-10-13T16:45:11.000Z,1
2019-10-13T16:47:10.000Z,1
2019-10-13T18:02:06.000Z,1
2019-10-13T18:03:13.000Z,1
2019-10-13T18:26:29.000Z,1
2019-10-13T19:22:58.000Z,1
2019-10-13T20:33:25.000Z,1
2019-10-13T22:38:01.000Z,1
2019-10-14T04:58:49.000Z,1
2019-10-14T06:05:45.000Z,1
2019-10-14T07:13:28.000Z,1
2019-10-14T07:26:47.000Z,1
2019-10-14T07:27:01.000Z,1
2019-10-14T07:49:21.000Z,1
2019-10-14T07:58:09.000Z,1
2019-10-14T07:58:40.000Z,1
2019-10-14T08:12:53.000Z,1
2019-10-14T08:16:13.000Z,3
2019-10-14T08:31:25.000Z,1
2019-10-14T08:34:31.000Z,1
2019-10-14T08:50:35.000Z,1
2019-10-14T09:06:08.000Z,1
2019-10-14T09:32:11.000Z,1
2019-10-14T10:03:18.000Z,2
2019-10-14T10:59:31.000Z,1
2019-10-14T11:21:02.000Z,1
2019-10-14T11:39:02.000Z,1
2019-10-14T12:12:10.000Z,2
2019-10-14T12:20:21.000Z,1
2019-10-14T12:43:42.000Z,2
2019-10-14T13:26:12.000Z,1
2019-10-14T13:40:34.000Z,1
2019-10-14T13:44:01.000Z,1
2019-10-14T13:48:26.000Z,1
2019-10-14T14:02:45.000Z,1
2019-10-14T14:29:10.000Z,2
2019-10-09T10:42:09.000Z,1
2019-10-09T10:45:11.000Z,1
2019-10-09T11:04:43.000Z,1
2019-10-09T11:55:06.000Z,1
2019-10-09T12:07:12.000Z,1
2019-10-09T12:16:48.000Z,1
2019-10-09T12:25:13.000Z,1
2019-10-09T12:48:48.000Z,1
2019-10-09T12:49:34.000Z,1
2019-10-09T13:10:20.000Z,1
2019-10-09T13:19:32.000Z,1
2019-10-09T14:15:50.000Z,1
2019-10-09T14:17:22.000Z,2
2019-10-09T14:23:45.000Z,1
2019-10-09T14:32:51.000Z,1
2019-10-09T14:45:03.000Z,1
2019-10-09T15:08:45.000Z,1
2019-10-09T15:20:45.000Z,2
2019-10-09T16:16:04.000Z,1
2019-10-09T16:33:11.000Z,1
2019-10-09T17:01:25.000Z,2
2019-10-09T17:01:32.000Z,1
2019-10-09T17:18:04.000Z,1
2019-10-09T17:59:12.000Z,1
2019-10-09T13:12:40.000Z,1
2019-10-09T15:54:41.000Z,1
2019-10-09T16:07:54.000Z,1
2019-10-09T16:12:42.000Z,2
2019-10-09T16:19:38.000Z,1
2019-10-09T16:28:49.000Z,2
2019-10-09T16:32:55.000Z,1
2019-10-09T16:48:01.000Z,1
2019-10-09T16:51:08.000Z,3
2019-10-09T16:57:35.000Z,1
2019-10-09T17:17:29.000Z,2
2019-10-09T17:26:58.000Z,2
2019-10-09T17:27:21.000Z,2
2019-10-09T17:34:06.000Z,1
2019-10-09T17:45:53.000Z,1
2019-10-09T17:52:35.000Z,1
2019-10-09T17:54:17.000Z,1
2019-10-09T17:56:16.000Z,1
2019-10-09T18:18:06.000Z,1
2019-10-09T18:22:03.000Z,1
2019-10-09T18:25:12.000Z,1
2019-10-09T18:36:40.000Z,1
2019-10-09T18:42:17.000Z,1
2019-10-09T18:52:38.000Z,3
2019-10-09T19:17:05.000Z,1
2019-10-09T20:16:14.000Z,1
2019-10-09T22:04:43.000Z,1
2019-10-10T05:49:41.000Z,1
2019-10-10T05:50:24.000Z,1
2019-10-10T06:32:45.000Z,1
2019-10-10T06:36:25.000Z,1
2019-10-10T06:44:34.000Z,2
2019-10-10T06:45:25.000Z,1
2019-10-10T06:56:30.000Z,1
2019-10-10T06:57:14.000Z,1
2019-10-10T07:25:08.000Z,1
2019-10-10T07:27:30.000Z,1
2019-10-10T07:30:34.000Z,1
2019-10-10T07:41:03.000Z,1
2019-10-10T07:59:12.000Z,1
2019-10-10T07:59:19.000Z,1
2019-10-10T08:20:23.000Z,1
2019-10-10T08:26:06.000Z,1
2019-10-10T08:32:50.000Z,1
2019-10-10T08:34:11.000Z,2
2019-10-10T08:34:42.000Z,1
2019-10-10T08:36:47.000Z,2
2019-10-10T08:42:55.000Z,1
2019-10-10T08:50:11.000Z,2
2019-10-10T09:04:57.000Z,2
2019-10-10T09:15:29.000Z,1
2019-10-10T09:18:25.000Z,1
2019-10-10T09:36:38.000Z,1
2019-10-10T09:53:24.000Z,1
2019-10-10T10:07:18.000Z,1
2019-10-10T10:14:32.000Z,1
2019-10-10T10:49:23.000Z,1
2019-10-10T10:54:19.000Z,2
2019-10-10T11:13:50.000Z,1
2019-10-10T11:37:29.000Z,1
2019-10-10T11:37:41.000Z,1
2019-10-10T11:39:16.000Z,1
2019-10-10T11:54:56.000Z,1
2019-10-10T11:57:32.000Z,1
2019-10-10T12:20:47.000Z,1
2019-10-10T12:23:40.000Z,1
2019-10-10T13:15:21.000Z,1
2019-10-10T14:22:20.000Z,1
2019-10-10T15:23:58.000Z,1
2019-10-10T15:34:42.000Z,1
2019-10-10T15:36:12.000Z,1
2019-10-10T15:45:26.000Z,1
2019-10-10T15:45:31.000Z,1
2019-10-10T15:57:23.000Z,1
2019-10-10T16:04:31.000Z,2
2019-10-10T16:28:26.000Z,1
2019-10-10T16:36:25.000Z,2
2019-10-10T16:38:55.000Z,1
2019-10-10T16:42:55.000Z,1
2019-10-10T16:54:40.000Z,1
2019-10-10T16:54:52.000Z,2
2019-10-10T16:58:08.000Z,1
2019-10-10T16:58:24.000Z,2
2019-10-10T17:05:12.000Z,1
2019-10-10T17:08:08.000Z,1
2019-10-10T17:16:54.000Z,1
2019-10-10T17:17:03.000Z,1
2019-10-10T17:18:58.000Z,2
2019-10-10T17:19:55.000Z,1
2019-10-10T17:40:07.000Z,2
2019-10-10T18:02:57.000Z,1
2019-10-10T18:25:54.000Z,1
2019-10-10T18:47:15.000Z,1
2019-10-10T18:48:25.000Z,1
2019-10-10T19:05:33.000Z,1
2019-10-10T19:08:59.000Z,1
2019-10-10T19:30:30.000Z,1
2019-10-10T19:39:35.000Z,1
2019-10-10T20:06:35.000Z,1
2019-10-10T21:35:12.000Z,2
2019-10-10T22:03:51.000Z,1
2019-10-10T22:18:13.000Z,1
2019-10-11T04:07:44.000Z,1
2019-10-11T04:35:01.000Z,1
2019-10-11T05:52:41.000Z,1
2019-10-11T06:09:56.000Z,1
2019-10-11T06:17:52.000Z,1
2019-10-11T07:06:42.000Z,1
2019-10-11T07:23:44.000Z,1
2019-10-11T07:24:01.000Z,1
2019-10-11T07:28:59.000Z,2
2019-10-11T07:36:34.000Z,1
2019-10-11T07:38:23.000Z,1
2019-10-11T08:03:41.000Z,1
2019-10-11T08:21:05.000Z,1
2019-10-11T08:29:05.000Z,1
2019-10-11T08:33:42.000Z,1
2019-10-11T08:35:31.000Z,1
2019-10-11T08:45:27.000Z,1
2019-10-11T09:01:18.000Z,2
2019-10-11T09:14:50.000Z,1
2019-10-11T13:58:08.000Z,1
2019-10-11T15:37:22.000Z,1
2019-10-11T15:56:06.000Z,1
2019-10-11T16:59:33.000Z,1
2019-10-11T17:05:38.000Z,1
2019-10-11T17:21:33.000Z,1
2019-10-11T17:24:57.000Z,1
2019-10-11T17:27:34.000Z,1
2019-10-11T17:31:39.000Z,1
2019-10-11T17:36:40.000Z,1
2019-10-11T17:42:29.000Z,1
2019-10-11T17:42:38.000Z,1
2019-10-11T18:08:16.000Z,1
2019-10-11T18:34:28.000Z,1
2019-10-11T18:59:07.000Z,1
2019-10-11T19:18:02.000Z,1
2019-10-11T19:42:53.000Z,1
2019-10-11T20:53:41.000Z,1
2019-10-11T23:33:01.000Z,1
2019-10-12T07:27:39.000Z,1
2019-10-12T09:12:55.000Z,1
2019-10-12T09:36:06.000Z,2
2019-10-12T09:50:04.000Z,1
2019-10-12T09:56:53.000Z,1
2019-10-12T10:19:22.000Z,1
2019-10-12T10:31:22.000Z,2
2019-10-12T10:46:27.000Z,1
2019-10-12T10:47:04.000Z,1
2019-10-12T10:47:26.000Z,2
2019-10-12T11:14:58.000Z,1
2019-10-12T11:17:20.000Z,2
2019-10-12T11:18:36.000Z,1
2019-10-12T11:46:47.000Z,1
2019-10-12T11:49:16.000Z,1
2019-10-12T11:56:35.000Z,1
2019-10-12T12:01:48.000Z,1
2019-10-12T12:05:58.000Z,1
2019-10-12T12:09:01.000Z,1
2019-10-12T12:21:39.000Z,1
2019-10-12T12:21:54.000Z,1
2019-10-12T12:29:13.000Z,1
2019-10-12T12:30:33.000Z,2
2019-10-12T12:33:25.000Z,1
2019-10-12T12:37:20.000Z,1
2019-10-12T12:45:07.000Z,1
2019-10-12T13:18:07.000Z,1
2019-10-12T13:38:58.000Z,1
2019-10-12T13:44:39.000Z,1
2019-10-12T14:17:33.000Z,1
2019-10-12T14:56:06.000Z,1
2019-10-12T15:02:41.000Z,1
2019-10-12T15:09:08.000Z,1
2019-10-12T15:19:28.000Z,1
2019-10-12T15:38:43.000Z,1
2019-10-12T15:51:28.000Z,1
2019-10-12T16:07:13.000Z,1
2019-10-12T16:10:21.000Z,1
2019-10-12T16:32:26.000Z,1
2019-10-12T16:49:06.000Z,1
2019-10-12T17:12:28.000Z,1
2019-10-12T17:15:23.000Z,1
2019-10-12T17:46:50.000Z,2
2019-10-12T18:05:19.000Z,1
2019-10-12T18:55:27.000Z,1
2019-10-12T18:57:23.000Z,1
2019-10-12T19:11:41.000Z,1
2019-10-12T19:22:20.000Z,1
2019-10-12T19:34:02.000Z,1
2019-10-12T21:08:14.000Z,1
2019-10-12T21:44:52.000Z,1
2019-10-13T00:25:03.000Z,1
2019-10-13T05:29:02.000Z,1
2019-10-13T08:36:13.000Z,1
2019-10-13T09:11:36.000Z,1
2019-10-13T09:23:09.000Z,2
2019-10-13T10:20:07.000Z,1
2019-10-13T10:21:12.000Z,1
2019-10-13T10:34:04.000Z,1
2019-10-13T10:54:28.000Z,1
2019-10-13T11:09:28.000Z,1
2019-10-13T11:16:16.000Z,1
2019-10-13T11:22:26.000Z,1
2019-10-13T11:29:36.000Z,1
2019-10-13T11:45:40.000Z,1
2019-10-13T12:15:52.000Z,1
2019-10-13T12:21:34.000Z,1
2019-10-13T12:46:04.000Z,1
2019-10-13T12:56:29.000Z,1
2019-10-13T13:44:15.000Z,1
2019-10-13T13:57:37.000Z,1
2019-10-13T14:06:22.000Z,1
2019-10-13T14:17:56.000Z,1
2019-10-13T14:31:04.000Z,1
2019-10-13T14:38:33.000Z,1
2019-10-13T14:45:02.000Z,1
2019-10-13T14:54:22.000Z,1
2019-10-13T15:02:11.000Z,1
2019-10-13T15:12:44.000Z,1
2019-10-13T15:45:20.000Z,1
2019-10-13T16:09:46.000Z,1
2019-10-13T16:10:48.000Z,1
2019-10-13T16:15:24.000Z,1
2019-10-13T16:36:14.000Z,1
2019-10-13T17:57:09.000Z,1
2019-10-13T18:38:37.000Z,1
2019-10-13T18:39:27.000Z,1
2019-10-13T18:43:34.000Z,1
2019-10-13T19:59:29.000Z,1
2019-10-13T20:37:37.000Z,1
2019-10-13T23:19:20.000Z,1
2019-10-14T06:02:13.000Z,1
2019-10-14T07:24:21.000Z,1
2019-10-14T07:31:10.000Z,2
2019-10-14T07:32:00.000Z,1
2019-10-14T08:02:55.000Z,1
2019-10-14T08:20:43.000Z,1
2019-10-14T08:27:37.000Z,1
2019-10-14T08:41:45.000Z,2
2019-10-14T08:52:59.000Z,1
2019-10-14T08:53:13.000Z,1
2019-10-14T08:59:07.000Z,1
2019-10-14T09:04:56.000Z,1
2019-10-14T09:09:45.000Z,1
2019-10-14T09:11:10.000Z,1
2019-10-14T09:12:21.000Z,1
2019-10-14T09:56:55.000Z,1
2019-10-14T10:50:42.000Z,2
2019-10-14T11:22:14.000Z,1
2019-10-14T11:22:20.000Z,3
2019-10-14T11:30:06.000Z,1
2019-10-14T11:49:07.000Z,1
2019-10-14T12:00:26.000Z,1
2019-10-14T12:40:28.000Z,1
2019-10-14T12:50:06.000Z,1
2019-10-14T12:51:36.000Z,1
2019-10-14T12:53:21.000Z,1
2019-10-14T13:30:15.000Z,1
2019-10-09T11:24:32.000Z,1
2019-10-09T11:38:50.000Z,1
2019-10-09T11:59:14.000Z,1
2019-10-09T13:00:45.000Z,1
2019-10-09T13:19:47.000Z,1
2019-10-09T13:22:05.000Z,1
2019-10-09T13:27:20.000Z,1
2019-10-09T13:43:17.000Z,1
2019-10-09T13:46:44.000Z,1
2019-10-09T14:15:58.000Z,1
2019-10-09T14:27:13.000Z,1
2019-10-09T14:30:39.000Z,1
2019-10-09T14:31:15.000Z,1
2019-10-09T14:31:33.000Z,1
2019-10-09T14:32:49.000Z,1
2019-10-09T14:50:19.000Z,1
2019-10-09T15:18:22.000Z,1
2019-10-09T15:51:20.000Z,1
2019-10-09T15:54:36.000Z,1
2019-10-09T16:04:25.000Z,2
2019-10-09T16:23:17.000Z,2
2019-10-09T16:35:14.000Z,1
2019-10-09T16:35:54.000Z,1
2019-10-09T16:48:43.000Z,1
2019-10-09T17:03:37.000Z,4
2019-10-09T17:06:50.000Z,2
2019-10-09T17:13:35.000Z,2
2019-10-09T18:07:39.000Z,2
2019-10-09T13:35:33.000Z,1
2019-10-09T14:58:25.000Z,1
2019-10-09T15:08:27.000Z,1
2019-10-09T15:32:33.000Z,1
2019-10-09T16:05:46.000Z,1
2019-10-09T16:09:17.000Z,1
2019-10-09T16:55:07.000Z,2
2019-10-09T16:56:57.000Z,1
2019-10-09T17:00:08.000Z,1
2019-10-09T17:15:12.000Z,1
2019-10-09T17:28:12.000Z,1
2019-10-09T17:30:59.000Z,2
2019-10-09T17:40:33.000Z,2
2019-10-09T17:40:54.000Z,1
2019-10-09T18:02:05.000Z,1
2019-10-09T18:08:31.000Z,1
2019-10-09T18:41:32.000Z,1
2019-10-09T18:42:13.000Z,1
2019-10-09T18:46:45.000Z,1
2019-10-09T19:02:43.000Z,1
2019-10-09T19:18:46.000Z,1
2019-10-09T19:19:47.000Z,1
2019-10-09T19:20:06.000Z,2
2019-10-09T19:20:38.000Z,1
2019-10-09T19:34:37.000Z,1
2019-10-09T20:20:09.000Z,1
2019-10-09T20:38:02.000Z,1
2019-10-09T20:49:56.000Z,1
2019-10-09T21:26:48.000Z,1
2019-10-09T21:49:53.000Z,1
2019-10-09T22:14:10.000Z,1
2019-10-10T07:13:09.000Z,1
2019-10-10T07:23:36.000Z,1
2019-10-10T07:28:02.000Z,1
2019-10-10T07:33:04.000Z,1
2019-10-10T07:34:53.000Z,1
2019-10-10T07:38:58.000Z,2
2019-10-10T07:50:02.000Z,1
2019-10-10T08:06:28.000Z,1
2019-10-10T08:14:53.000Z,2
2019-10-10T08:17:59.000Z,1
2019-10-10T08:18:28.000Z,2
2019-10-10T08:29:12.000Z,3
2019-10-10T08:31:04.000Z,1
2019-10-10T08:36:39.000Z,3
2019-10-10T08:58:59.000Z,2
2019-10-10T09:02:38.000Z,1
2019-10-10T09:15:27.000Z,1
2019-10-10T09:18:39.000Z,1
2019-10-10T09:31:09.000Z,1
2019-10-10T09:37:14.000Z,1
2019-10-10T09:41:59.000Z,1
2019-10-10T09:46:24.000Z,1
2019-10-10T09:49:34.000Z,1
2019-10-10T09:53:49.000Z,1
2019-10-10T10:23:40.000Z,1
2019-10-10T10:28:37.000Z,1
2019-10-10T11:05:19.000Z,1
2019-10-10T11:27:49.000Z,1
2019-10-10T11:29:05.000Z,1
2019-10-10T12:21:25.000Z,1
2019-10-10T12:27:53.000Z,1
2019-10-10T12:32:06.000Z,1
2019-10-10T13:01:55.000Z,1
2019-10-10T13:42:27.000Z,1
2019-10-10T13:43:41.000Z,1
2019-10-10T14:21:39.000Z,1
2019-10-10T14:49:29.000Z,1
2019-10-10T15:03:20.000Z,1
2019-10-10T15:57:59.000Z,1
2019-10-10T16:39:12.000Z,1
2019-10-10T16:40:02.000Z,1
2019-10-10T17:39:09.000Z,1
2019-10-10T17:39:20.000Z,1
2019-10-10T17:39:43.000Z,1
2019-10-10T17:45:49.000Z,1
2019-10-10T17:52:58.000Z,1
2019-10-10T18:01:04.000Z,1
2019-10-10T18:03:52.000Z,2
2019-10-10T18:04:06.000Z,2
2019-10-10T18:05:15.000Z,1
2019-10-10T18:09:23.000Z,1
2019-10-10T18:13:27.000Z,2
2019-10-10T18:16:04.000Z,3
2019-10-10T18:22:49.000Z,1
2019-10-10T18:31:47.000Z,2
2019-10-10T19:17:15.000Z,1
2019-10-10T19:24:23.000Z,2
2019-10-10T20:23:44.000Z,1
2019-10-10T20:41:36.000Z,1
2019-10-10T21:07:25.000Z,1
2019-10-10T21:08:35.000Z,1
2019-10-10T22:43:45.000Z,1
2019-10-11T00:50:24.000Z,1
2019-10-11T01:42:13.000Z,1
2019-10-11T02:29:18.000Z,1
2019-10-11T04:10:55.000Z,1
2019-10-11T04:12:17.000Z,1
2019-10-11T06:37:11.000Z,1
2019-10-11T06:39:34.000Z,1
2019-10-11T07:42:47.000Z,2
2019-10-11T07:44:51.000Z,1
2019-10-11T07:47:40.000Z,1
2019-10-11T08:01:42.000Z,1
2019-10-11T08:03:13.000Z,2
2019-10-11T08:14:39.000Z,1
2019-10-11T09:06:57.000Z,1
2019-10-11T09:45:50.000Z,1
2019-10-11T12:47:24.000Z,1
2019-10-11T13:03:09.000Z,1
2019-10-11T13:25:09.000Z,1
2019-10-11T13:48:15.000Z,1
2019-10-11T13:51:29.000Z,1
2019-10-11T14:09:13.000Z,1
2019-10-11T14:48:08.000Z,1
2019-10-11T15:03:02.000Z,1
2019-10-11T15:14:24.000Z,1
2019-10-11T15:27:47.000Z,1
2019-10-11T15:33:06.000Z,1
2019-10-11T16:10:16.000Z,1
2019-10-11T16:31:30.000Z,2
2019-10-11T16:44:56.000Z,1
2019-10-11T19:08:19.000Z,1
2019-10-11T19:19:05.000Z,1
2019-10-11T19:21:30.000Z,1
2019-10-11T19:56:33.000Z,1
2019-10-11T20:09:02.000Z,1
2019-10-11T21:07:23.000Z,1
2019-10-11T22:03:40.000Z,1
2019-10-11T22:34:12.000Z,1
2019-10-12T00:04:33.000Z,1
2019-10-12T08:46:43.000Z,1
2019-10-12T09:16:56.000Z,1
2019-10-12T09:46:46.000Z,1
2019-10-12T10:15:56.000Z,2
2019-10-12T11:06:10.000Z,1
2019-10-12T11:43:02.000Z,1
2019-10-12T11:54:14.000Z,2
2019-10-12T11:56:44.000Z,1
2019-10-12T12:12:50.000Z,1
2019-10-12T12:16:52.000Z,2
2019-10-12T12:55:06.000Z,1
2019-10-12T13:25:38.000Z,1
2019-10-12T13:26:19.000Z,1
2019-10-12T13:33:51.000Z,1
2019-10-12T14:08:12.000Z,1
2019-10-12T14:08:40.000Z,1
2019-10-12T14:19:27.000Z,1
2019-10-12T14:31:41.000Z,1
2019-10-12T14:42:10.000Z,1
2019-10-12T14:47:42.000Z,1
2019-10-12T15:01:12.000Z,1
2019-10-12T15:01:39.000Z,1
2019-10-12T15:03:19.000Z,1
2019-10-12T15:12:26.000Z,2
2019-10-12T15:12:44.000Z,1
2019-10-12T15:25:04.000Z,1
2019-10-12T15:32:06.000Z,1
2019-10-12T15:36:45.000Z,1
2019-10-12T16:02:56.000Z,1
2019-10-12T16:16:58.000Z,1
2019-10-12T16:37:51.000Z,1
2019-10-12T16:50:17.000Z,1
2019-10-12T17:25:45.000Z,2
2019-10-12T17:39:29.000Z,1
2019-10-12T18:09:39.000Z,1
2019-10-12T18:13:35.000Z,1
2019-10-12T19:48:37.000Z,1
2019-10-12T21:48:08.000Z,1
2019-10-13T02:46:50.000Z,1
2019-10-13T06:51:57.000Z,1
2019-10-13T06:58:26.000Z,1
2019-10-13T07:23:04.000Z,1
2019-10-13T07:32:03.000Z,1
2019-10-13T07:40:47.000Z,1
2019-10-13T08:18:51.000Z,1
2019-10-13T10:15:15.000Z,1
2019-10-13T10:27:26.000Z,1
2019-10-13T11:00:05.000Z,1
2019-10-13T11:02:57.000Z,2
2019-10-13T11:10:24.000Z,1
2019-10-13T11:22:19.000Z,1
2019-10-13T11:27:14.000Z,1
2019-10-13T11:27:40.000Z,1
2019-10-13T11:39:06.000Z,1
2019-10-13T11:48:51.000Z,3
2019-10-13T12:20:34.000Z,1
2019-10-13T12:48:08.000Z,1
2019-10-13T13:29:48.000Z,1
2019-10-13T13:30:04.000Z,1
2019-10-13T13:53:24.000Z,1
2019-10-13T14:03:38.000Z,1
2019-10-13T14:15:37.000Z,1
2019-10-13T16:18:46.000Z,1
2019-10-13T16:29:26.000Z,1
2019-10-13T16:48:24.000Z,1
2019-10-13T16:53:35.000Z,1
2019-10-13T16:57:44.000Z,1
2019-10-13T16:59:28.000Z,1
2019-10-13T17:01:19.000Z,1
2019-10-13T17:14:48.000Z,1
2019-10-13T17:42:22.000Z,1
2019-10-13T17:45:11.000Z,1
2019-10-13T18:17:57.000Z,1
2019-10-13T18:20:07.000Z,1
2019-10-13T19:02:37.000Z,1
2019-10-13T20:23:54.000Z,1
2019-10-13T21:03:48.000Z,1
2019-10-13T22:02:15.000Z,1
2019-10-14T06:20:32.000Z,1
2019-10-14T06:28:01.000Z,2
2019-10-14T06:43:52.000Z,1
2019-10-14T07:12:41.000Z,1
2019-10-14T08:13:46.000Z,1
2019-10-14T08:24:27.000Z,1
2019-10-14T08:32:26.000Z,1
2019-10-14T08:37:13.000Z,1
2019-10-14T08:37:28.000Z,2
2019-10-14T09:08:35.000Z,1
2019-10-14T09:10:43.000Z,1
2019-10-14T09:20:07.000Z,1
2019-10-14T09:38:41.000Z,1
2019-10-14T09:48:15.000Z,1
2019-10-14T10:01:40.000Z,1
2019-10-14T10:13:47.000Z,1
2019-10-14T11:25:43.000Z,1
2019-10-14T12:32:55.000Z,1
2019-10-14T12:35:36.000Z,1
2019-10-14T12:43:56.000Z,2
2019-10-14T12:52:03.000Z,1
2019-10-14T13:10:57.000Z,1
2019-10-14T13:51:52.000Z,1
2019-10-09T11:00:44.000Z,1
2019-10-09T11:04:35.000Z,1
2019-10-09T11:36:01.000Z,1
2019-10-09T12:46:08.000Z,2
2019-10-09T14:18:26.000Z,1
2019-10-09T14:47:51.000Z,2
2019-10-09T15:21:29.000Z,1
2019-10-09T17:21:59.000Z,1
2019-10-09T21:51:45.000Z,1
2019-10-09T12:54:47.000Z,1
2019-10-09T15:04:08.000Z,1
2019-10-09T15:17:30.000Z,1
2019-10-09T15:58:47.000Z,1
2019-10-09T16:07:07.000Z,1
2019-10-09T16:33:53.000Z,1
2019-10-09T16:35:11.000Z,2
2019-10-09T16:43:24.000Z,1
2019-10-09T16:45:36.000Z,1
2019-10-09T17:15:58.000Z,1
2019-10-09T17:21:31.000Z,2
2019-10-09T17:26:18.000Z,1
2019-10-09T17:32:02.000Z,1
2019-10-09T17:34:10.000Z,1
2019-10-09T17:41:09.000Z,4
2019-10-09T17:48:50.000Z,1
2019-10-09T17:53:20.000Z,1
2019-10-09T18:03:32.000Z,2
2019-10-09T18:15:56.000Z,1
2019-10-09T18:24:52.000Z,2
2019-10-09T18:28:00.000Z,1
2019-10-09T18:59:54.000Z,1
2019-10-09T19:09:58.000Z,1
2019-10-09T19:15:41.000Z,1
2019-10-09T19:47:07.000Z,2
2019-10-09T19:55:15.000Z,1
2019-10-09T20:27:30.000Z,1
2019-10-09T20:30:23.000Z,1
2019-10-09T20:48:40.000Z,1
2019-10-09T21:09:29.000Z,1
2019-10-10T06:11:19.000Z,1
2019-10-10T06:29:15.000Z,1
2019-10-10T06:48:33.000Z,1
2019-10-10T06:58:28.000Z,1
2019-10-10T07:21:13.000Z,1
2019-10-10T07:34:27.000Z,2
2019-10-10T08:07:11.000Z,1
2019-10-10T08:09:15.000Z,1
2019-10-10T08:10:32.000Z,2
2019-10-10T08:15:57.000Z,1
2019-10-10T08:20:08.000Z,1
2019-10-10T08:23:38.000Z,1
2019-10-10T08:25:18.000Z,1
2019-10-10T08:41:23.000Z,1
2019-10-10T08:42:34.000Z,1
2019-10-10T08:59:36.000Z,1
2019-10-10T09:08:09.000Z,1
2019-10-10T09:09:59.000Z,1
2019-10-10T09:11:06.000Z,1
2019-10-10T09:23:33.000Z,1
2019-10-10T09:25:58.000Z,1
2019-10-10T09:44:10.000Z,1
2019-10-10T10:42:36.000Z,1
2019-10-10T10:56:32.000Z,1
2019-10-10T11:54:52.000Z,1
2019-10-10T12:23:07.000Z,1
2019-10-10T12:26:03.000Z,1
2019-10-10T12:49:17.000Z,1
2019-10-10T13:01:36.000Z,1
2019-10-10T13:35:57.000Z,1
2019-10-10T13:41:29.000Z,2
2019-10-10T14:23:20.000Z,1
2019-10-10T14:43:08.000Z,1
2019-10-10T14:45:32.000Z,1
2019-10-10T14:45:50.000Z,1
2019-10-10T14:52:49.000Z,2
2019-10-10T15:01:25.000Z,1
2019-10-10T15:04:21.000Z,1
2019-10-10T15:30:09.000Z,1
2019-10-10T15:31:10.000Z,1
2019-10-10T15:34:47.000Z,1
2019-10-10T16:00:47.000Z,1
2019-10-10T16:29:00.000Z,2
2019-10-10T16:33:39.000Z,2
2019-10-10T16:39:24.000Z,1
2019-10-10T16:49:10.000Z,1
2019-10-10T16:55:47.000Z,1
2019-10-10T17:00:18.000Z,1
2019-10-10T17:14:02.000Z,1
2019-10-10T17:16:31.000Z,1
2019-10-10T17:35:57.000Z,1
2019-10-10T17:36:58.000Z,1
2019-10-10T17:49:52.000Z,2
2019-10-10T17:51:11.000Z,1
2019-10-10T18:09:18.000Z,2
2019-10-10T18:11:41.000Z,1
2019-10-10T18:17:22.000Z,1
2019-10-10T18:29:32.000Z,1
2019-10-10T18:37:49.000Z,1
2019-10-10T18:42:00.000Z,1
2019-10-10T18:44:24.000Z,1
2019-10-10T19:27:35.000Z,1
2019-10-10T19:35:27.000Z,1
2019-10-10T19:42:32.000Z,1
2019-10-10T20:13:47.000Z,1
2019-10-10T20:40:02.000Z,1
2019-10-10T21:36:09.000Z,1
2019-10-10T21:51:02.000Z,2
2019-10-10T22:25:15.000Z,1
2019-10-10T22:53:49.000Z,2
2019-10-10T23:49:12.000Z,1
2019-10-11T06:42:33.000Z,1
2019-10-11T06:55:39.000Z,2
2019-10-11T08:18:55.000Z,1
2019-10-11T08:22:14.000Z,1
2019-10-11T08:42:27.000Z,1
2019-10-11T08:57:13.000Z,1
2019-10-11T09:13:29.000Z,1
2019-10-11T09:15:19.000Z,1
2019-10-11T10:17:17.000Z,1
2019-10-11T11:46:12.000Z,1
2019-10-11T12:22:58.000Z,1
2019-10-11T13:32:29.000Z,1
2019-10-11T13:36:12.000Z,1
2019-10-11T13:43:26.000Z,1
2019-10-11T13:47:53.000Z,1
2019-10-11T14:20:33.000Z,1
2019-10-11T14:31:27.000Z,1
2019-10-11T15:14:59.000Z,1
2019-10-11T15:26:14.000Z,1
2019-10-11T16:52:16.000Z,1
2019-10-11T17:03:16.000Z,2
2019-10-11T17:33:17.000Z,1
2019-10-11T17:50:27.000Z,1
2019-10-11T17:55:53.000Z,2
2019-10-11T18:37:47.000Z,1
2019-10-11T19:11:42.000Z,1
2019-10-11T19:31:33.000Z,1
2019-10-11T19:39:32.000Z,1
2019-10-11T19:59:29.000Z,1
2019-10-11T20:52:39.000Z,1
2019-10-12T06:46:23.000Z,1
2019-10-12T08:28:55.000Z,1
2019-10-12T09:07:40.000Z,1
2019-10-12T09:26:20.000Z,1
2019-10-12T10:14:03.000Z,1
2019-10-12T10:33:18.000Z,1
2019-10-12T10:38:20.000Z,1
2019-10-12T10:57:57.000Z,1
2019-10-12T11:13:05.000Z,1
2019-10-12T11:20:37.000Z,2
2019-10-12T11:32:10.000Z,1
2019-10-12T11:42:46.000Z,1
2019-10-12T11:47:21.000Z,1
2019-10-12T11:49:26.000Z,1
2019-10-12T12:01:11.000Z,1
2019-10-12T12:10:32.000Z,1
2019-10-12T12:12:17.000Z,1
2019-10-12T12:17:57.000Z,1
2019-10-12T12:32:23.000Z,1
2019-10-12T12:32:59.000Z,1
2019-10-12T12:44:43.000Z,1
2019-10-12T13:02:43.000Z,1
2019-10-12T13:30:26.000Z,2
2019-10-12T13:43:01.000Z,1
2019-10-12T13:47:22.000Z,1
2019-10-12T14:16:06.000Z,1
2019-10-12T14:36:01.000Z,1
2019-10-12T14:48:04.000Z,1
2019-10-12T14:58:19.000Z,1
2019-10-12T15:58:44.000Z,1
2019-10-12T16:56:09.000Z,1
2019-10-12T17:19:28.000Z,3
2019-10-12T17:54:46.000Z,1
2019-10-12T18:01:01.000Z,1
2019-10-12T21:02:24.000Z,1
2019-10-12T22:45:16.000Z,1
2019-10-12T22:59:20.000Z,1
2019-10-12T23:15:08.000Z,1
2019-10-13T00:15:52.000Z,1
2019-10-13T06:01:00.000Z,1
2019-10-13T06:21:49.000Z,1
2019-10-13T07:41:45.000Z,1
2019-10-13T08:36:53.000Z,1
2019-10-13T08:43:37.000Z,1
2019-10-13T08:48:49.000Z,2
2019-10-13T09:41:37.000Z,1
2019-10-13T09:42:49.000Z,1
2019-10-13T10:12:20.000Z,1
2019-10-13T10:45:28.000Z,1
2019-10-13T10:49:55.000Z,1
2019-10-13T10:54:00.000Z,1
2019-10-13T11:17:42.000Z,1
2019-10-13T11:23:22.000Z,1
2019-10-13T11:24:33.000Z,1
2019-10-13T11:43:43.000Z,1
2019-10-13T12:08:31.000Z,1
2019-10-13T12:10:31.000Z,1
2019-10-13T12:26:26.000Z,1
2019-10-13T12:26:41.000Z,1
2019-10-13T12:47:12.000Z,1
2019-10-13T12:56:46.000Z,1
2019-10-13T13:17:20.000Z,1
2019-10-13T13:36:38.000Z,1
2019-10-13T13:42:35.000Z,1
2019-10-13T14:22:00.000Z,1
2019-10-13T14:22:03.000Z,1
2019-10-13T14:48:32.000Z,1
2019-10-13T15:00:46.000Z,1
2019-10-13T15:15:31.000Z,1
2019-10-13T15:37:12.000Z,1
2019-10-13T15:50:04.000Z,1
2019-10-13T15:52:04.000Z,1
2019-10-13T16:17:36.000Z,1
2019-10-13T16:28:34.000Z,1
2019-10-13T16:43:55.000Z,1
2019-10-13T17:11:06.000Z,1
2019-10-13T17:11:41.000Z,1
2019-10-13T17:13:43.000Z,1
2019-10-13T18:02:02.000Z,1
2019-10-13T18:45:19.000Z,1
2019-10-13T18:59:17.000Z,1
2019-10-13T19:39:22.000Z,1
2019-10-13T19:52:00.000Z,1
2019-10-13T20:15:46.000Z,1
2019-10-13T21:01:04.000Z,1
2019-10-14T04:48:59.000Z,1
2019-10-14T07:22:22.000Z,1
2019-10-14T07:24:11.000Z,1
2019-10-14T07:28:03.000Z,1
2019-10-14T07:40:40.000Z,1
2019-10-14T07:58:21.000Z,1
2019-10-14T08:04:51.000Z,1
2019-10-14T08:28:48.000Z,1
2019-10-14T08:40:45.000Z,1
2019-10-14T08:43:35.000Z,1
2019-10-14T08:55:20.000Z,1
2019-10-14T09:18:10.000Z,2
2019-10-14T10:17:55.000Z,1
2019-10-14T10:44:09.000Z,1
2019-10-14T11:12:15.000Z,1
2019-10-14T12:11:24.000Z,1
2019-10-14T12:38:17.000Z,1
2019-10-14T13:28:30.000Z,1
2019-10-14T13:34:50.000Z,1
2019-10-09T10:41:56.000Z,1
2019-10-09T11:27:43.000Z,1
2019-10-09T11:56:35.000Z,1
2019-10-09T12:03:06.000Z,1
2019-10-09T12:17:51.000Z,1
2019-10-09T12:31:54.000Z,1
2019-10-09T12:34:20.000Z,3
2019-10-09T12:55:18.000Z,1
2019-10-09T13:01:04.000Z,1
2019-10-09T13:09:13.000Z,1
2019-10-09T13:28:52.000Z,1
2019-10-09T13:30:52.000Z,1
2019-10-09T13:34:40.000Z,1
2019-10-09T13:39:40.000Z,1
2019-10-09T14:04:34.000Z,1
2019-10-09T14:23:15.000Z,2
2019-10-09T14:23:53.000Z,1
2019-10-09T14:57:53.000Z,1
2019-10-09T15:19:32.000Z,1
2019-10-09T16:10:18.000Z,1
2019-10-09T16:10:43.000Z,1
2019-10-09T16:15:31.000Z,1
2019-10-09T16:32:00.000Z,2
2019-10-09T16:38:10.000Z,1
2019-10-09T17:21:05.000Z,4
2019-10-09T18:09:44.000Z,1
2019-10-09T18:51:55.000Z,1
2019-10-09T19:11:28.000Z,1
2019-10-09T20:27:15.000Z,1
2019-10-09T13:17:51.000Z,1
2019-10-09T15:43:19.000Z,2
2019-10-09T16:11:53.000Z,1
2019-10-09T16:35:25.000Z,2
2019-10-09T16:36:21.000Z,1
2019-10-09T16:43:46.000Z,1
2019-10-09T17:28:23.000Z,1
2019-10-09T17:32:34.000Z,2
2019-10-09T17:36:49.000Z,1
2019-10-09T17:42:17.000Z,1
2019-10-09T17:50:04.000Z,2
2019-10-09T17:52:03.000Z,2
2019-10-09T17:59:40.000Z,1
2019-10-09T18:05:49.000Z,1
2019-10-09T18:32:46.000Z,1
2019-10-09T19:17:51.000Z,1
2019-10-09T19:40:13.000Z,1
2019-10-09T20:22:23.000Z,1
2019-10-09T20:48:22.000Z,1
2019-10-09T20:58:10.000Z,1
2019-10-09T21:08:59.000Z,1
2019-10-09T21:20:28.000Z,1
2019-10-09T21:25:40.000Z,1
2019-10-09T21:30:14.000Z,1
2019-10-09T21:41:28.000Z,1
2019-10-09T22:04:09.000Z,2
2019-10-09T22:32:48.000Z,1
2019-10-09T23:03:00.000Z,1
2019-10-10T05:41:00.000Z,1
2019-10-10T06:10:45.000Z,1
2019-10-10T06:12:17.000Z,1
2019-10-10T06:27:07.000Z,1
2019-10-10T06:42:47.000Z,1
2019-10-10T07:25:20.000Z,1
2019-10-10T07:28:31.000Z,1
2019-10-10T07:31:07.000Z,1
2019-10-10T07:45:17.000Z,1
2019-10-10T07:50:31.000Z,2
2019-10-10T07:58:54.000Z,1
2019-10-10T08:04:07.000Z,2
2019-10-10T08:04:30.000Z,1
2019-10-10T08:18:20.000Z,1
2019-10-10T08:27:19.000Z,1
2019-10-10T08:58:42.000Z,1
2019-10-10T09:32:57.000Z,1
2019-10-10T09:50:06.000Z,1
2019-10-10T10:22:20.000Z,1
2019-10-10T10:53:49.000Z,1
2019-10-10T10:58:41.000Z,1
2019-10-10T11:09:01.000Z,1
2019-10-10T11:23:02.000Z,1
2019-10-10T11:50:40.000Z,1
2019-10-10T12:31:19.000Z,2
2019-10-10T12:32:57.000Z,1
2019-10-10T13:10:02.000Z,1
2019-10-10T13:11:24.000Z,1
2019-10-10T13:18:37.000Z,3
2019-10-10T13:33:13.000Z,1
2019-10-10T14:01:07.000Z,1
2019-10-10T14:03:44.000Z,1
2019-10-10T14:08:42.000Z,1
2019-10-10T14:43:38.000Z,1
2019-10-10T14:44:04.000Z,1
2019-10-10T14:49:10.000Z,1
2019-10-10T14:52:23.000Z,1
2019-10-10T14:58:16.000Z,1
2019-10-10T15:15:51.000Z,1
2019-10-10T15:20:37.000Z,1
2019-10-10T15:49:25.000Z,2
2019-10-10T16:19:01.000Z,1
2019-10-10T16:21:27.000Z,1
2019-10-10T16:48:34.000Z,1
2019-10-10T16:54:53.000Z,1
2019-10-10T17:03:12.000Z,2
2019-10-10T17:15:13.000Z,1
2019-10-10T17:18:04.000Z,1
2019-10-10T17:27:11.000Z,1
2019-10-10T17:40:12.000Z,1
2019-10-10T17:45:10.000Z,1
2019-10-10T17:54:59.000Z,1
2019-10-10T18:00:29.000Z,2
2019-10-10T18:17:52.000Z,1
2019-10-10T18:32:30.000Z,1
2019-10-10T18:32:34.000Z,1
2019-10-10T18:51:48.000Z,2
2019-10-10T19:08:17.000Z,1
2019-10-10T19:27:28.000Z,1
2019-10-10T21:07:55.000Z,1
2019-10-10T21:12:06.000Z,1
2019-10-10T21:16:42.000Z,1
2019-10-10T21:29:12.000Z,2
2019-10-10T21:46:22.000Z,1
2019-10-10T22:57:24.000Z,1
2019-10-10T23:45:34.000Z,1
2019-10-11T00:45:06.000Z,1
2019-10-11T05:53:09.000Z,1
2019-10-11T06:18:35.000Z,1
2019-10-11T06:20:25.000Z,1
2019-10-11T07:18:24.000Z,1
2019-10-11T07:47:15.000Z,2
2019-10-11T07:52:01.000Z,1
2019-10-11T07:54:54.000Z,3
2019-10-11T08:03:47.000Z,1
2019-10-11T08:09:56.000Z,1
2019-10-11T08:10:06.000Z,1
2019-10-11T09:03:56.000Z,1
2019-10-11T09:47:47.000Z,1
2019-10-11T11:00:38.000Z,1
2019-10-11T11:22:54.000Z,1
2019-10-11T12:01:10.000Z,1
2019-10-11T12:32:53.000Z,1
2019-10-11T13:22:00.000Z,1
2019-10-11T13:43:27.000Z,1
2019-10-11T13:53:14.000Z,1
2019-10-11T14:10:58.000Z,1
2019-10-11T14:18:19.000Z,1
2019-10-11T14:49:33.000Z,1
2019-10-11T14:54:11.000Z,1
2019-10-11T15:01:07.000Z,1
2019-10-11T15:12:35.000Z,1
2019-10-11T16:10:35.000Z,1
2019-10-11T16:17:27.000Z,2
2019-10-11T16:22:33.000Z,1
2019-10-11T16:40:57.000Z,1
2019-10-11T17:01:43.000Z,1
2019-10-11T17:19:36.000Z,1
2019-10-11T17:48:16.000Z,1
2019-10-11T17:51:40.000Z,1
2019-10-11T20:31:04.000Z,1
2019-10-11T21:56:31.000Z,1
2019-10-11T22:39:23.000Z,1
2019-10-11T22:53:40.000Z,1
2019-10-12T01:20:29.000Z,1
2019-10-12T07:35:55.000Z,1
2019-10-12T09:03:52.000Z,1
2019-10-12T09:09:37.000Z,1
2019-10-12T09:45:55.000Z,1
2019-10-12T10:06:39.000Z,1
2019-10-12T10:25:11.000Z,1
2019-10-12T10:27:59.000Z,1
2019-10-12T10:57:41.000Z,1
2019-10-12T11:09:23.000Z,1
2019-10-12T11:22:59.000Z,1
2019-10-12T11:36:03.000Z,1
2019-10-12T11:36:23.000Z,1
2019-10-12T11:42:35.000Z,1
2019-10-12T11:43:22.000Z,1
2019-10-12T12:04:38.000Z,1
2019-10-12T12:11:13.000Z,1
2019-10-12T13:01:04.000Z,1
2019-10-12T13:01:29.000Z,1
2019-10-12T13:20:09.000Z,1
2019-10-12T13:26:09.000Z,1
2019-10-12T14:49:39.000Z,1
2019-10-12T14:52:54.000Z,1
2019-10-12T15:04:06.000Z,1
2019-10-12T15:20:08.000Z,1
2019-10-12T15:28:22.000Z,1
2019-10-12T15:38:49.000Z,2
2019-10-12T16:11:20.000Z,1
2019-10-12T16:17:13.000Z,1
2019-10-12T16:25:27.000Z,1
2019-10-12T16:55:09.000Z,1
2019-10-12T16:57:47.000Z,1
2019-10-12T17:12:23.000Z,1
2019-10-12T17:12:33.000Z,1
2019-10-12T17:42:06.000Z,3
2019-10-12T17:44:39.000Z,1
2019-10-12T17:45:21.000Z,1
2019-10-12T18:08:23.000Z,1
2019-10-12T20:10:57.000Z,1
2019-10-12T21:49:45.000Z,1
2019-10-12T22:57:59.000Z,1
2019-10-12T23:03:55.000Z,1
2019-10-12T23:32:13.000Z,1
2019-10-12T23:58:52.000Z,1
2019-10-13T00:48:17.000Z,2
2019-10-13T06:53:14.000Z,1
2019-10-13T07:27:39.000Z,1
2019-10-13T08:25:07.000Z,1
2019-10-13T09:32:15.000Z,1
2019-10-13T09:38:33.000Z,1
2019-10-13T09:49:44.000Z,1
2019-10-13T09:55:18.000Z,1
2019-10-13T10:03:29.000Z,1
2019-10-13T10:03:33.000Z,1
2019-10-13T10:28:55.000Z,1
2019-10-13T11:21:24.000Z,1
2019-10-13T11:26:08.000Z,1
2019-10-13T11:27:26.000Z,1
2019-10-13T11:35:19.000Z,1
2019-10-13T12:02:56.000Z,1
2019-10-13T12:16:35.000Z,1
2019-10-13T12:39:25.000Z,1
2019-10-13T12:42:14.000Z,1
2019-10-13T12:45:42.000Z,1
2019-10-13T12:53:15.000Z,1
2019-10-13T12:55:33.000Z,1
2019-10-13T13:12:57.000Z,1
2019-10-13T13:24:28.000Z,1
2019-10-13T13:43:15.000Z,1
2019-10-13T13:51:23.000Z,1
2019-10-13T14:00:14.000Z,1
2019-10-13T14:03:30.000Z,1
2019-10-13T14:04:58.000Z,3
2019-10-13T14:09:39.000Z,1
2019-10-13T14:11:26.000Z,1
2019-10-13T14:15:38.000Z,1
2019-10-13T15:53:31.000Z,1
2019-10-13T16:18:57.000Z,1
2019-10-13T16:33:27.000Z,1
2019-10-13T16:35:24.000Z,1
2019-10-13T16:40:13.000Z,2
2019-10-13T16:40:45.000Z,1
2019-10-13T16:53:48.000Z,1
2019-10-13T16:54:56.000Z,1
2019-10-13T17:13:45.000Z,1
2019-10-13T17:21:12.000Z,1
2019-10-13T17:23:18.000Z,1
2019-10-13T17:53:22.000Z,1
2019-10-13T18:13:31.000Z,1
2019-10-13T18:19:29.000Z,2
2019-10-13T18:26:58.000Z,1
2019-10-13T19:34:46.000Z,1
2019-10-13T21:32:55.000Z,1
2019-10-13T22:19:15.000Z,1
2019-10-14T01:33:16.000Z,1
2019-10-14T05:25:52.000Z,2
2019-10-14T05:46:34.000Z,1
2019-10-14T06:25:28.000Z,1
2019-10-14T06:32:49.000Z,1
2019-10-14T06:34:07.000Z,1
2019-10-14T07:06:24.000Z,1
2019-10-14T07:23:51.000Z,1
2019-10-14T07:27:12.000Z,1
2019-10-14T07:31:39.000Z,2
2019-10-14T07:36:40.000Z,2
2019-10-14T07:54:31.000Z,1
2019-10-14T08:24:39.000Z,1
2019-10-14T08:28:15.000Z,1
2019-10-14T08:46:43.000Z,1
2019-10-14T09:08:18.000Z,1
2019-10-14T09:33:50.000Z,1
2019-10-14T10:14:38.000Z,1
2019-10-14T11:17:03.000Z,1
2019-10-14T12:03:56.000Z,1
2019-10-14T12:17:47.000Z,1
2019-10-14T12:22:03.000Z,1
2019-10-14T12:41:41.000Z,1
2019-10-14T12:44:49.000Z,1
2019-10-14T13:33:47.000Z,1
2019-10-14T13:37:45.000Z,1
2019-10-14T13:53:24.000Z,1
2019-10-09T10:50:47.000Z,1
2019-10-09T10:51:44.000Z,1
2019-10-09T12:03:02.000Z,1
2019-10-09T12:18:50.000Z,1
2019-10-09T12:31:18.000Z,1
2019-10-09T12:36:34.000Z,1
2019-10-09T12:45:18.000Z,1
2019-10-09T13:10:40.000Z,1
2019-10-09T13:23:58.000Z,1
2019-10-09T13:25:40.000Z,1
2019-10-09T13:28:30.000Z,1
2019-10-09T13:36:31.000Z,1
2019-10-09T13:37:19.000Z,1
2019-10-09T13:57:37.000Z,1
2019-10-09T14:01:17.000Z,1
2019-10-09T16:11:58.000Z,1
2019-10-09T16:12:01.000Z,1
2019-10-09T16:19:33.000Z,1
2019-10-09T16:32:04.000Z,1
2019-10-09T16:42:47.000Z,1
2019-10-09T16:58:06.000Z,4
2019-10-09T17:24:23.000Z,1
2019-10-09T17:52:21.000Z,1
2019-10-09T15:18:46.000Z,1
2019-10-09T15:24:45.000Z,2
2019-10-09T15:27:21.000Z,1
2019-10-09T15:41:36.000Z,2
2019-10-09T15:52:59.000Z,1
2019-10-09T15:59:56.000Z,1
2019-10-09T16:04:49.000Z,1
2019-10-09T16:18:24.000Z,1
2019-10-09T16:44:37.000Z,2
2019-10-09T17:18:24.000Z,1
2019-10-09T17:28:53.000Z,1
2019-10-09T17:37:36.000Z,1
2019-10-09T17:38:38.000Z,1
2019-10-09T17:46:06.000Z,2
2019-10-09T17:52:43.000Z,1
2019-10-09T17:53:43.000Z,2
2019-10-09T18:05:26.000Z,1
2019-10-09T18:06:23.000Z,1
2019-10-09T18:17:22.000Z,1
2019-10-09T18:25:15.000Z,1
2019-10-09T18:53:26.000Z,1
2019-10-09T18:55:28.000Z,1
2019-10-09T19:38:36.000Z,1
2019-10-09T21:01:34.000Z,1
2019-10-09T21:14:05.000Z,2
2019-10-09T21:26:35.000Z,1
2019-10-09T23:39:01.000Z,1
2019-10-09T23:44:45.000Z,1
2019-10-10T00:35:43.000Z,1
2019-10-10T05:14:23.000Z,1
2019-10-10T05:46:09.000Z,1
2019-10-10T06:03:15.000Z,1
2019-10-10T06:08:59.000Z,2
2019-10-10T06:11:16.000Z,1
2019-10-10T06:53:47.000Z,2
2019-10-10T07:22:41.000Z,1
2019-10-10T08:53:25.000Z,1
2019-10-10T09:10:13.000Z,1
2019-10-10T09:11:33.000Z,1
2019-10-10T09:20:47.000Z,1
2019-10-10T09:26:21.000Z,1
2019-10-10T09:40:37.000Z,1
2019-10-10T10:07:52.000Z,1
2019-10-10T10:28:45.000Z,1
2019-10-10T10:37:33.000Z,1
2019-10-10T11:29:46.000Z,1
2019-10-10T11:56:39.000Z,1
2019-10-10T12:06:34.000Z,1
2019-10-10T12:27:16.000Z,1
2019-10-10T12:45:54.000Z,1
2019-10-10T13:11:14.000Z,1
2019-10-10T13:39:27.000Z,2
2019-10-10T13:56:19.000Z,1
2019-10-10T14:19:36.000Z,1
2019-10-10T14:23:13.000Z,1
2019-10-10T14:58:06.000Z,1
2019-10-10T15:28:07.000Z,1
2019-10-10T15:48:50.000Z,1
2019-10-10T16:02:54.000Z,1
2019-10-10T16:28:12.000Z,1
2019-10-10T16:30:56.000Z,1
2019-10-10T16:40:58.000Z,1
2019-10-10T16:46:39.000Z,1
2019-10-10T17:04:35.000Z,1
2019-10-10T17:20:29.000Z,1
2019-10-10T17:22:30.000Z,2
2019-10-10T17:44:34.000Z,1
2019-10-10T17:47:31.000Z,1
2019-10-10T17:53:48.000Z,1
2019-10-10T17:55:01.000Z,1
2019-10-10T17:59:35.000Z,1
2019-10-10T18:00:32.000Z,1
2019-10-10T18:11:49.000Z,1
2019-10-10T18:28:16.000Z,2
2019-10-10T18:35:35.000Z,1
2019-10-10T18:37:31.000Z,2
2019-10-10T18:40:33.000Z,1
2019-10-10T18:52:17.000Z,1
2019-10-10T19:05:55.000Z,1
2019-10-10T20:43:25.000Z,1
2019-10-10T20:46:49.000Z,1
2019-10-10T22:15:55.000Z,1
2019-10-10T22:21:18.000Z,1
2019-10-10T22:46:39.000Z,1
2019-10-10T23:09:47.000Z,1
2019-10-10T23:27:49.000Z,1
2019-10-11T01:56:30.000Z,1
2019-10-11T06:14:53.000Z,1
2019-10-11T07:03:17.000Z,1
2019-10-11T07:18:04.000Z,1
2019-10-11T07:53:54.000Z,1
2019-10-11T07:58:35.000Z,1
2019-10-11T08:24:44.000Z,1
2019-10-11T08:26:32.000Z,1
2019-10-11T08:36:20.000Z,1
2019-10-11T08:40:46.000Z,1
2019-10-11T08:52:22.000Z,1
2019-10-11T09:13:41.000Z,1
2019-10-11T13:53:13.000Z,1
2019-10-11T14:16:10.000Z,1
2019-10-11T14:17:34.000Z,1
2019-10-11T14:50:54.000Z,1
2019-10-11T14:59:52.000Z,1
2019-10-11T15:01:32.000Z,1
2019-10-11T15:03:12.000Z,1
2019-10-11T15:08:58.000Z,1
2019-10-11T15:25:05.000Z,1
2019-10-11T15:29:59.000Z,1
2019-10-11T16:29:27.000Z,1
2019-10-11T16:37:49.000Z,1
2019-10-11T16:59:18.000Z,1
2019-10-11T17:17:11.000Z,1
2019-10-11T17:26:36.000Z,1
2019-10-11T17:26:39.000Z,1
2019-10-11T17:34:33.000Z,1
2019-10-11T19:18:37.000Z,2
2019-10-11T19:32:14.000Z,1
2019-10-11T19:56:48.000Z,1
2019-10-11T20:07:52.000Z,1
2019-10-11T20:49:31.000Z,1
2019-10-12T06:07:13.000Z,1
2019-10-12T07:25:48.000Z,1
2019-10-12T08:09:56.000Z,1
2019-10-12T08:31:54.000Z,1
2019-10-12T09:06:46.000Z,1
2019-10-12T09:40:41.000Z,1
2019-10-12T09:54:08.000Z,1
2019-10-12T10:01:25.000Z,1
2019-10-12T10:03:34.000Z,1
2019-10-12T10:04:32.000Z,1
2019-10-12T10:11:43.000Z,1
2019-10-12T10:39:00.000Z,1
2019-10-12T11:02:15.000Z,1
2019-10-12T11:05:22.000Z,1
2019-10-12T12:06:16.000Z,1
2019-10-12T12:58:34.000Z,1
2019-10-12T13:18:35.000Z,1
2019-10-12T13:50:11.000Z,1
2019-10-12T13:52:39.000Z,2
2019-10-12T14:15:33.000Z,1
2019-10-12T14:39:28.000Z,1
2019-10-12T15:07:27.000Z,1
2019-10-12T15:35:11.000Z,1
2019-10-12T15:37:22.000Z,2
2019-10-12T15:38:02.000Z,2
2019-10-12T15:58:04.000Z,1
2019-10-12T16:05:29.000Z,1
2019-10-12T16:22:39.000Z,1
2019-10-12T16:28:02.000Z,1
2019-10-12T16:55:41.000Z,1
2019-10-12T17:12:21.000Z,1
2019-10-12T17:14:10.000Z,1
2019-10-12T17:18:47.000Z,1
2019-10-12T17:20:44.000Z,1
2019-10-12T17:25:31.000Z,2
2019-10-12T17:33:04.000Z,1
2019-10-12T17:45:18.000Z,1
2019-10-12T18:13:25.000Z,1
2019-10-12T18:13:44.000Z,1
2019-10-12T18:23:27.000Z,1
2019-10-12T19:07:08.000Z,1
2019-10-12T19:15:23.000Z,1
2019-10-12T22:59:37.000Z,1
2019-10-12T23:22:19.000Z,1
2019-10-12T23:53:25.000Z,1
2019-10-13T00:27:04.000Z,1
2019-10-13T02:49:31.000Z,2
2019-10-13T04:21:40.000Z,1
2019-10-13T05:56:41.000Z,1
2019-10-13T07:39:01.000Z,1
2019-10-13T08:03:17.000Z,1
2019-10-13T08:25:30.000Z,1
2019-10-13T08:28:57.000Z,1
2019-10-13T08:56:45.000Z,1
2019-10-13T09:42:41.000Z,3
2019-10-13T09:50:05.000Z,3
2019-10-13T09:52:33.000Z,1
2019-10-13T10:06:38.000Z,1
2019-10-13T10:32:49.000Z,2
2019-10-13T10:43:51.000Z,1
2019-10-13T10:44:22.000Z,1
2019-10-13T10:53:59.000Z,1
2019-10-13T11:01:55.000Z,1
2019-10-13T11:02:42.000Z,2
2019-10-13T11:14:32.000Z,1
2019-10-13T11:44:24.000Z,1
2019-10-13T12:08:17.000Z,2
2019-10-13T12:16:48.000Z,1
2019-10-13T12:45:09.000Z,1
2019-10-13T12:46:40.000Z,1
2019-10-13T13:02:43.000Z,1
2019-10-13T13:18:55.000Z,1
2019-10-13T13:23:28.000Z,1
2019-10-13T13:24:18.000Z,1
2019-10-13T13:40:06.000Z,1
2019-10-13T13:43:34.000Z,1
2019-10-13T13:50:42.000Z,1
2019-10-13T13:54:46.000Z,2
2019-10-13T13:58:32.000Z,1
2019-10-13T14:15:32.000Z,1
2019-10-13T14:24:53.000Z,1
2019-10-13T14:35:55.000Z,1
2019-10-13T14:39:28.000Z,1
2019-10-13T15:05:57.000Z,1
2019-10-13T15:40:21.000Z,1
2019-10-13T15:47:31.000Z,1
2019-10-13T15:56:31.000Z,2
2019-10-13T16:00:34.000Z,1
2019-10-13T16:07:59.000Z,1
2019-10-13T16:38:04.000Z,1
2019-10-13T16:55:17.000Z,2
2019-10-13T17:38:00.000Z,1
2019-10-13T18:08:51.000Z,1
2019-10-13T18:18:11.000Z,1
2019-10-13T18:22:58.000Z,1
2019-10-13T18:51:51.000Z,2
2019-10-13T21:18:21.000Z,1
2019-10-13T23:32:48.000Z,1
2019-10-14T07:21:46.000Z,1
2019-10-14T07:28:50.000Z,1
2019-10-14T07:38:50.000Z,1
2019-10-14T08:04:39.000Z,1
2019-10-14T08:12:20.000Z,1
2019-10-14T08:54:26.000Z,1
2019-10-14T09:26:55.000Z,1
2019-10-14T10:09:37.000Z,1
2019-10-14T10:37:11.000Z,1
2019-10-14T11:20:49.000Z,1
2019-10-14T11:36:28.000Z,2
2019-10-14T11:48:14.000Z,1
2019-10-14T11:52:30.000Z,1
2019-10-14T12:07:00.000Z,1
2019-10-14T12:43:13.000Z,1
2019-10-14T12:43:40.000Z,1
2019-10-14T13:22:18.000Z,1
2019-10-14T13:53:36.000Z,1
2019-10-14T14:28:04.000Z,1
2019-10-09T11:02:16.000Z,1
2019-10-09T11:10:32.000Z,1
2019-10-09T11:33:14.000Z,1
2019-10-09T11:41:09.000Z,1
2019-10-09T12:05:57.000Z,2
2019-10-09T13:03:06.000Z,1
2019-10-09T13:18:32.000Z,1
2019-10-09T13:48:00.000Z,1
2019-10-09T13:58:14.000Z,1
2019-10-09T15:13:06.000Z,1
2019-10-09T15:19:55.000Z,1
2019-10-09T15:57:42.000Z,2
2019-10-09T16:05:12.000Z,1
2019-10-09T17:12:20.000Z,1
2019-10-09T17:15:14.000Z,1
2019-10-09T19:06:08.000Z,2
2019-10-10T08:38:53.000Z,1
2019-10-09T12:37:16.000Z,1
2019-10-09T15:00:39.000Z,1
2019-10-09T15:30:25.000Z,2
2019-10-09T16:37:36.000Z,2
2019-10-09T16:51:09.000Z,1
2019-10-09T17:08:26.000Z,2
2019-10-09T17:10:35.000Z,2
2019-10-09T17:14:48.000Z,1
2019-10-09T17:28:41.000Z,1
2019-10-09T17:30:31.000Z,1
2019-10-09T17:59:35.000Z,2
2019-10-09T18:05:37.000Z,1
2019-10-09T18:11:00.000Z,1
2019-10-09T18:11:18.000Z,1
2019-10-09T18:15:30.000Z,1
2019-10-09T18:38:09.000Z,3
2019-10-09T18:44:26.000Z,1
2019-10-09T18:54:18.000Z,1
2019-10-09T19:32:22.000Z,1
2019-10-09T19:59:26.000Z,1
2019-10-09T20:11:51.000Z,2
2019-10-09T20:14:48.000Z,1
2019-10-09T21:20:17.000Z,1
2019-10-09T21:44:43.000Z,1
2019-10-09T22:38:46.000Z,1
2019-10-10T05:24:48.000Z,1
2019-10-10T05:44:03.000Z,1
2019-10-10T06:12:05.000Z,1
2019-10-10T06:37:48.000Z,1
2019-10-10T06:50:52.000Z,1
2019-10-10T07:06:44.000Z,1
2019-10-10T07:35:30.000Z,1
2019-10-10T07:43:35.000Z,1
2019-10-10T07:44:43.000Z,1
2019-10-10T07:51:46.000Z,1
2019-10-10T07:53:13.000Z,1
2019-10-10T07:59:01.000Z,1
2019-10-10T08:00:16.000Z,1
2019-10-10T08:07:14.000Z,1
2019-10-10T08:13:50.000Z,3
2019-10-10T08:19:49.000Z,2
2019-10-10T08:26:02.000Z,1
2019-10-10T08:45:19.000Z,1
2019-10-10T08:52:43.000Z,1
2019-10-10T09:03:54.000Z,1
2019-10-10T09:07:55.000Z,1
2019-10-10T09:08:12.000Z,1
2019-10-10T09:54:52.000Z,1
2019-10-10T10:45:53.000Z,1
2019-10-10T11:07:40.000Z,1
2019-10-10T11:37:47.000Z,1
2019-10-10T11:41:34.000Z,1
2019-10-10T12:02:49.000Z,1
2019-10-10T12:10:15.000Z,1
2019-10-10T12:24:12.000Z,1
2019-10-10T12:54:14.000Z,1
2019-10-10T13:47:24.000Z,1
2019-10-10T14:29:11.000Z,1
2019-10-10T14:32:54.000Z,1
2019-10-10T14:41:08.000Z,1
2019-10-10T14:47:14.000Z,3
2019-10-10T14:57:58.000Z,1
2019-10-10T15:16:39.000Z,1
2019-10-10T15:19:58.000Z,1
2019-10-10T15:35:44.000Z,2
2019-10-10T15:40:05.000Z,1
2019-10-10T15:41:44.000Z,1
2019-10-10T16:18:06.000Z,1
2019-10-10T16:28:37.000Z,1
2019-10-10T16:30:06.000Z,1
2019-10-10T16:47:30.000Z,1
2019-10-10T16:54:19.000Z,1
2019-10-10T16:56:57.000Z,1
2019-10-10T17:05:47.000Z,1
2019-10-10T17:15:54.000Z,3
2019-10-10T17:31:26.000Z,1
2019-10-10T17:40:05.000Z,1
2019-10-10T17:44:00.000Z,1
2019-10-10T18:08:13.000Z,2
2019-10-10T18:08:27.000Z,1
2019-10-10T18:24:44.000Z,1
2019-10-10T18:28:47.000Z,1
2019-10-10T18:56:45.000Z,1
2019-10-10T18:59:07.000Z,1
2019-10-10T19:03:42.000Z,1
2019-10-10T19:14:05.000Z,1
2019-10-10T19:17:34.000Z,2
2019-10-10T19:58:08.000Z,1
2019-10-10T19:59:02.000Z,1
2019-10-10T20:51:44.000Z,1
2019-10-10T21:16:59.000Z,1
2019-10-10T21:38:08.000Z,1
2019-10-10T21:55:31.000Z,1
2019-10-10T22:16:44.000Z,1
2019-10-10T22:48:13.000Z,1
2019-10-11T06:24:37.000Z,1
2019-10-11T06:35:43.000Z,1
2019-10-11T07:27:10.000Z,1
2019-10-11T07:43:09.000Z,1
2019-10-11T07:55:19.000Z,1
2019-10-11T08:38:57.000Z,1
2019-10-11T08:56:13.000Z,1
2019-10-11T13:15:26.000Z,1
2019-10-11T14:28:14.000Z,1
2019-10-11T15:05:16.000Z,1
2019-10-11T15:39:31.000Z,1
2019-10-11T16:01:05.000Z,1
2019-10-11T16:13:11.000Z,1
2019-10-11T16:17:52.000Z,1
2019-10-11T16:41:33.000Z,1
2019-10-11T16:48:53.000Z,1
2019-10-11T17:14:01.000Z,1
2019-10-11T17:14:20.000Z,1
2019-10-11T17:50:48.000Z,1
2019-10-11T17:58:16.000Z,1
2019-10-11T17:58:34.000Z,1
2019-10-11T20:14:47.000Z,1
2019-10-12T00:35:01.000Z,1
2019-10-12T05:38:54.000Z,1
2019-10-12T07:23:05.000Z,1
2019-10-12T07:40:32.000Z,1
2019-10-12T08:14:54.000Z,1
2019-10-12T09:09:59.000Z,1
2019-10-12T09:26:26.000Z,1
2019-10-12T09:53:42.000Z,1
2019-10-12T09:54:04.000Z,1
2019-10-12T10:35:24.000Z,1
2019-10-12T10:51:27.000Z,1
2019-10-12T10:56:57.000Z,1
2019-10-12T11:12:40.000Z,1
2019-10-12T11:19:15.000Z,1
2019-10-12T11:24:48.000Z,1
2019-10-12T11:40:04.000Z,2
2019-10-12T11:58:08.000Z,1
2019-10-12T12:04:50.000Z,1
2019-10-12T12:09:39.000Z,1
2019-10-12T12:21:42.000Z,1
2019-10-12T12:45:25.000Z,1
2019-10-12T12:49:40.000Z,1
2019-10-12T12:53:39.000Z,1
2019-10-12T13:15:30.000Z,1
2019-10-12T13:26:30.000Z,1
2019-10-12T13:47:31.000Z,1
2019-10-12T13:54:25.000Z,1
2019-10-12T14:15:41.000Z,1
2019-10-12T14:34:32.000Z,1
2019-10-12T15:00:01.000Z,1
2019-10-12T15:18:16.000Z,2
2019-10-12T16:10:41.000Z,1
2019-10-12T16:13:58.000Z,1
2019-10-12T16:41:41.000Z,1
2019-10-12T16:51:10.000Z,1
2019-10-12T16:59:12.000Z,2
2019-10-12T17:00:54.000Z,1
2019-10-12T17:33:32.000Z,2
2019-10-12T17:43:50.000Z,1
2019-10-12T18:11:15.000Z,1
2019-10-12T18:29:37.000Z,2
2019-10-12T21:22:30.000Z,1
2019-10-12T23:25:53.000Z,1
2019-10-13T07:40:14.000Z,1
2019-10-13T07:51:30.000Z,2
2019-10-13T08:00:34.000Z,1
2019-10-13T08:09:12.000Z,1
2019-10-13T08:47:29.000Z,1
2019-10-13T08:59:10.000Z,1
2019-10-13T09:03:34.000Z,1
2019-10-13T09:05:46.000Z,1
2019-10-13T09:09:51.000Z,1
2019-10-13T09:31:07.000Z,1
2019-10-13T09:42:33.000Z,1
2019-10-13T09:43:46.000Z,1
2019-10-13T09:48:32.000Z,1
2019-10-13T09:53:22.000Z,1
2019-10-13T09:57:46.000Z,1
2019-10-13T10:03:54.000Z,1
2019-10-13T10:26:54.000Z,1
2019-10-13T10:28:22.000Z,1
2019-10-13T10:28:54.000Z,1
2019-10-13T10:35:56.000Z,1
2019-10-13T11:29:30.000Z,1
2019-10-13T11:55:50.000Z,1
2019-10-13T12:03:21.000Z,2
2019-10-13T12:08:34.000Z,1
2019-10-13T12:22:22.000Z,1
2019-10-13T12:34:41.000Z,2
2019-10-13T12:36:11.000Z,1
2019-10-13T12:37:04.000Z,1
2019-10-13T12:41:41.000Z,1
2019-10-13T12:43:51.000Z,1
2019-10-13T13:27:47.000Z,2
2019-10-13T13:55:15.000Z,1
2019-10-13T14:06:32.000Z,1
2019-10-13T14:16:10.000Z,1
2019-10-13T14:25:42.000Z,1
2019-10-13T14:36:03.000Z,1
2019-10-13T14:43:10.000Z,1
2019-10-13T14:57:12.000Z,1
2019-10-13T14:58:30.000Z,1
2019-10-13T15:07:22.000Z,1
2019-10-13T15:50:30.000Z,1
2019-10-13T15:54:47.000Z,1
2019-10-13T16:26:08.000Z,1
2019-10-13T16:32:55.000Z,1
2019-10-13T16:50:37.000Z,2
2019-10-13T17:01:30.000Z,1
2019-10-13T17:06:15.000Z,1
2019-10-13T17:09:46.000Z,1
2019-10-13T18:52:34.000Z,1
2019-10-13T19:20:10.000Z,1
2019-10-13T20:06:37.000Z,1
2019-10-13T21:19:46.000Z,1
2019-10-13T21:50:36.000Z,1
2019-10-14T06:57:11.000Z,1
2019-10-14T07:13:01.000Z,2
2019-10-14T07:45:42.000Z,1
2019-10-14T08:00:47.000Z,1
2019-10-14T08:16:33.000Z,1
2019-10-14T08:34:15.000Z,1
2019-10-14T08:44:47.000Z,1
2019-10-14T09:01:50.000Z,1
2019-10-14T09:38:42.000Z,1
2019-10-14T10:19:25.000Z,1
2019-10-14T10:54:44.000Z,1
2019-10-14T11:25:57.000Z,1
2019-10-14T11:42:15.000Z,1
2019-10-14T11:50:04.000Z,1
2019-10-14T12:08:48.000Z,1
2019-10-14T12:26:51.000Z,1
2019-10-14T12:29:13.000Z,1
2019-10-14T12:54:47.000Z,1
2019-10-14T13:11:37.000Z,1
2019-10-14T13:57:17.000Z,1
2019-10-14T14:28:10.000Z,1
2019-10-09T11:14:54.000Z,2
2019-10-09T11:30:33.000Z,1
2019-10-09T11:39:17.000Z,1
2019-10-09T11:47:41.000Z,1
2019-10-09T12:26:38.000Z,1
2019-10-09T12:29:20.000Z,1
2019-10-09T13:05:55.000Z,1
2019-10-09T13:14:54.000Z,1
2019-10-09T13:41:01.000Z,1
2019-10-09T13:58:28.000Z,1
2019-10-09T14:01:32.000Z,1
2019-10-09T14:09:53.000Z,1
2019-10-09T14:16:09.000Z,1
2019-10-09T14:22:32.000Z,1
2019-10-09T14:25:08.000Z,1
2019-10-09T15:01:23.000Z,1
2019-10-09T15:09:51.000Z,1
2019-10-09T16:09:36.000Z,1
2019-10-09T16:32:35.000Z,1
2019-10-09T16:49:40.000Z,1
2019-10-09T17:01:16.000Z,2
2019-10-09T13:41:27.000Z,1
2019-10-09T15:09:09.000Z,1
2019-10-09T15:15:43.000Z,1
2019-10-09T15:18:20.000Z,1
2019-10-09T16:08:48.000Z,1
2019-10-09T16:13:00.000Z,1
2019-10-09T16:42:34.000Z,1
2019-10-09T16:58:07.000Z,2
2019-10-09T17:01:37.000Z,2
2019-10-09T17:14:56.000Z,1
2019-10-09T17:40:32.000Z,1
2019-10-09T17:57:29.000Z,2
2019-10-09T18:20:55.000Z,1
2019-10-09T18:34:59.000Z,1
2019-10-09T18:56:31.000Z,1
2019-10-09T19:02:08.000Z,1
2019-10-09T19:04:19.000Z,1
2019-10-09T19:07:21.000Z,1
2019-10-09T19:33:21.000Z,1
2019-10-09T19:35:12.000Z,1
2019-10-09T19:36:00.000Z,1
2019-10-09T19:55:08.000Z,1
2019-10-09T20:00:12.000Z,1
2019-10-09T20:02:34.000Z,2
2019-10-09T20:11:30.000Z,1
2019-10-09T22:15:06.000Z,1
2019-10-09T22:58:50.000Z,1
2019-10-10T05:49:06.000Z,1
2019-10-10T05:58:56.000Z,1
2019-10-10T06:29:44.000Z,1
2019-10-10T06:41:50.000Z,1
2019-10-10T07:02:54.000Z,1
2019-10-10T07:51:22.000Z,1
2019-10-10T08:06:24.000Z,1
2019-10-10T08:09:26.000Z,2
2019-10-10T08:14:55.000Z,1
2019-10-10T08:14:54.000Z,1
2019-10-10T08:21:55.000Z,1
2019-10-10T08:22:24.000Z,2
2019-10-10T08:33:54.000Z,1
2019-10-10T08:56:22.000Z,1
2019-10-10T09:01:37.000Z,1
2019-10-10T09:03:35.000Z,1
2019-10-10T09:35:18.000Z,1
2019-10-10T09:59:08.000Z,1
2019-10-10T10:29:01.000Z,1
2019-10-10T11:00:50.000Z,1
2019-10-10T12:06:38.000Z,1
2019-10-10T12:42:26.000Z,1
2019-10-10T12:50:35.000Z,1
2019-10-10T12:52:54.000Z,1
2019-10-10T13:02:56.000Z,1
2019-10-10T13:24:28.000Z,1
2019-10-10T14:05:10.000Z,1
2019-10-10T14:31:17.000Z,1
2019-10-10T14:49:00.000Z,1
2019-10-10T14:53:04.000Z,2
2019-10-10T14:53:28.000Z,1
2019-10-10T15:00:37.000Z,1
2019-10-10T15:19:57.000Z,1
2019-10-10T15:26:54.000Z,2
2019-10-10T15:28:26.000Z,1
2019-10-10T15:55:26.000Z,2
2019-10-10T16:05:04.000Z,1
2019-10-10T16:06:37.000Z,1
2019-10-10T16:22:24.000Z,1
2019-10-10T16:50:57.000Z,1
2019-10-10T17:24:35.000Z,1
2019-10-10T17:37:49.000Z,2
2019-10-10T17:50:24.000Z,2
2019-10-10T17:53:35.000Z,1
2019-10-10T18:12:22.000Z,1
2019-10-10T18:16:59.000Z,1
2019-10-10T18:17:14.000Z,1
2019-10-10T18:32:57.000Z,1
2019-10-10T18:51:05.000Z,1
2019-10-10T18:54:18.000Z,1
2019-10-10T19:02:11.000Z,1
2019-10-10T19:07:20.000Z,1
2019-10-10T19:20:27.000Z,1
2019-10-10T19:43:09.000Z,1
2019-10-10T20:26:33.000Z,1
2019-10-10T21:09:16.000Z,1
2019-10-11T05:23:00.000Z,1
2019-10-11T06:58:22.000Z,1
2019-10-11T07:00:53.000Z,1
2019-10-11T07:05:46.000Z,1
2019-10-11T07:12:14.000Z,1
2019-10-11T07:42:53.000Z,1
2019-10-11T08:00:10.000Z,2
2019-10-11T08:08:43.000Z,2
2019-10-11T08:16:42.000Z,1
2019-10-11T08:26:29.000Z,1
2019-10-11T08:38:33.000Z,1
2019-10-11T08:54:48.000Z,1
2019-10-11T09:31:04.000Z,1
2019-10-11T10:50:02.000Z,1
2019-10-11T11:03:11.000Z,1
2019-10-11T13:11:04.000Z,1
2019-10-11T13:58:07.000Z,1
2019-10-11T14:07:16.000Z,1
2019-10-11T14:13:45.000Z,1
2019-10-11T14:23:08.000Z,1
2019-10-11T14:56:09.000Z,1
2019-10-11T14:58:46.000Z,1
2019-10-11T15:02:37.000Z,1
2019-10-11T15:31:55.000Z,1
2019-10-11T15:45:13.000Z,1
2019-10-11T16:55:25.000Z,1
2019-10-11T17:04:37.000Z,1
2019-10-11T17:17:57.000Z,1
2019-10-11T17:26:24.000Z,1
2019-10-11T17:27:47.000Z,1
2019-10-11T17:32:09.000Z,1
2019-10-11T17:38:33.000Z,1
2019-10-11T17:39:59.000Z,1
2019-10-11T17:41:04.000Z,1
2019-10-11T17:42:14.000Z,1
2019-10-11T17:58:21.000Z,1
2019-10-11T18:01:31.000Z,1
2019-10-11T18:13:04.000Z,1
2019-10-11T18:30:18.000Z,1
2019-10-11T18:48:22.000Z,2
2019-10-11T18:53:26.000Z,1
2019-10-11T19:10:55.000Z,1
2019-10-11T20:25:24.000Z,1
2019-10-11T22:05:10.000Z,1
2019-10-11T22:13:23.000Z,1
2019-10-11T23:11:35.000Z,1
2019-10-12T02:39:01.000Z,1
2019-10-12T04:06:02.000Z,1
2019-10-12T08:06:43.000Z,1
2019-10-12T08:46:45.000Z,1
2019-10-12T09:28:26.000Z,1
2019-10-12T10:16:36.000Z,1
2019-10-12T10:56:52.000Z,1
2019-10-12T11:36:58.000Z,1
2019-10-12T11:41:28.000Z,1
2019-10-12T11:54:16.000Z,1
2019-10-12T12:06:40.000Z,1
2019-10-12T12:25:06.000Z,2
2019-10-12T12:41:35.000Z,1
2019-10-12T12:46:04.000Z,1
2019-10-12T12:49:28.000Z,1
2019-10-12T12:52:35.000Z,1
2019-10-12T13:03:03.000Z,1
2019-10-12T13:47:00.000Z,1
2019-10-12T14:11:03.000Z,1
2019-10-12T14:14:56.000Z,1
2019-10-12T14:24:11.000Z,1
2019-10-12T14:49:52.000Z,1
2019-10-12T14:55:27.000Z,1
2019-10-12T15:12:51.000Z,1
2019-10-12T15:34:57.000Z,1
2019-10-12T15:39:32.000Z,1
2019-10-12T16:11:49.000Z,1
2019-10-12T16:24:03.000Z,1
2019-10-12T16:36:37.000Z,2
2019-10-12T16:58:17.000Z,1
2019-10-12T17:03:52.000Z,1
2019-10-12T17:13:32.000Z,1
2019-10-12T17:15:17.000Z,1
2019-10-12T17:40:05.000Z,1
2019-10-12T17:50:49.000Z,1
2019-10-12T17:53:23.000Z,1
2019-10-12T18:21:25.000Z,1
2019-10-12T18:39:12.000Z,1
2019-10-12T19:39:07.000Z,1
2019-10-13T07:11:25.000Z,1
2019-10-13T08:02:29.000Z,1
2019-10-13T08:25:37.000Z,1
2019-10-13T08:26:45.000Z,1
2019-10-13T08:37:17.000Z,1
2019-10-13T08:55:02.000Z,1
2019-10-13T09:07:43.000Z,1
2019-10-13T09:12:55.000Z,1
2019-10-13T09:32:02.000Z,1
2019-10-13T09:39:27.000Z,1
2019-10-13T10:11:05.000Z,2
2019-10-13T10:32:13.000Z,1
2019-10-13T11:06:34.000Z,2
2019-10-13T11:14:49.000Z,1
2019-10-13T11:20:56.000Z,1
2019-10-13T11:40:27.000Z,1
2019-10-13T11:59:59.000Z,1
2019-10-13T12:03:44.000Z,3
2019-10-13T12:28:07.000Z,1
2019-10-13T12:29:30.000Z,1
2019-10-13T12:32:07.000Z,1
2019-10-13T12:41:22.000Z,1
2019-10-13T12:48:02.000Z,1
2019-10-13T12:50:29.000Z,2
2019-10-13T12:51:25.000Z,1
2019-10-13T12:55:16.000Z,1
2019-10-13T12:55:38.000Z,1
2019-10-13T13:28:35.000Z,1
2019-10-13T13:29:57.000Z,1
2019-10-13T13:50:41.000Z,1
2019-10-13T13:55:05.000Z,1
2019-10-13T14:00:05.000Z,1
2019-10-13T14:17:52.000Z,1
2019-10-13T14:25:33.000Z,1
2019-10-13T14:39:33.000Z,1
2019-10-13T14:43:44.000Z,1
2019-10-13T14:51:30.000Z,1
2019-10-13T15:17:48.000Z,1
2019-10-13T15:38:35.000Z,2
2019-10-13T15:41:00.000Z,1
2019-10-13T16:19:45.000Z,1
2019-10-13T16:51:51.000Z,1
2019-10-13T18:31:15.000Z,1
2019-10-13T18:47:55.000Z,1
2019-10-13T19:11:34.000Z,1
2019-10-13T19:36:00.000Z,1
2019-10-13T22:46:59.000Z,1
2019-10-14T06:44:53.000Z,2
2019-10-14T06:56:54.000Z,1
2019-10-14T07:49:44.000Z,2
2019-10-14T07:58:54.000Z,2
2019-10-14T07:59:05.000Z,2
2019-10-14T08:14:20.000Z,3
2019-10-14T08:41:46.000Z,2
2019-10-14T08:45:25.000Z,2
2019-10-14T08:46:58.000Z,1
2019-10-14T08:53:42.000Z,1
2019-10-14T09:13:12.000Z,1
2019-10-14T10:57:50.000Z,1
2019-10-14T11:21:55.000Z,1
2019-10-14T11:28:46.000Z,1
2019-10-14T11:33:49.000Z,1
2019-10-14T12:14:20.000Z,1
2019-10-14T12:21:55.000Z,1
2019-10-14T12:26:48.000Z,1
2019-10-14T12:29:34.000Z,1
2019-10-14T13:06:20.000Z,1
2019-10-14T13:12:42.000Z,1
2019-10-14T13:19:37.000Z,1
2019-10-14T13:31:26.000Z,2
2019-10-14T13:55:44.000Z,1
2019-10-14T14:12:53.000Z,1
2019-10-14T14:19:25.000Z,1
2019-10-14T14:32:18.000Z,1
2019-10-09T11:33:04.000Z,1
2019-10-09T12:02:39.000Z,1
2019-10-09T12:09:53.000Z,1
2019-10-09T12:19:03.000Z,1
2019-10-09T12:33:50.000Z,1
2019-10-09T12:35:34.000Z,1
2019-10-09T13:01:13.000Z,1
2019-10-09T13:39:46.000Z,3
2019-10-09T14:07:45.000Z,2
2019-10-09T14:16:51.000Z,1
2019-10-09T15:00:57.000Z,1
2019-10-09T15:24:13.000Z,1
2019-10-09T15:28:02.000Z,1
2019-10-09T15:55:33.000Z,1
2019-10-09T16:19:40.000Z,1
2019-10-09T16:19:48.000Z,1
2019-10-09T16:56:18.000Z,1
2019-10-09T17:08:04.000Z,1
2019-10-09T17:09:37.000Z,3
2019-10-09T19:05:38.000Z,1
2019-10-09T14:04:24.000Z,1
2019-10-09T16:04:38.000Z,1
2019-10-09T16:05:41.000Z,1
2019-10-09T16:14:34.000Z,1
2019-10-09T16:28:03.000Z,1
2019-10-09T16:38:50.000Z,1
2019-10-09T16:52:37.000Z,2
2019-10-09T16:58:49.000Z,1
2019-10-09T17:11:25.000Z,1
2019-10-09T17:34:00.000Z,2
2019-10-09T17:46:23.000Z,1
2019-10-09T17:52:59.000Z,1
2019-10-09T18:00:38.000Z,1
2019-10-09T18:03:45.000Z,1
2019-10-09T18:13:02.000Z,1
2019-10-09T18:23:25.000Z,1
2019-10-09T18:26:48.000Z,1
2019-10-09T18:28:10.000Z,2
2019-10-09T18:42:47.000Z,1
2019-10-09T18:48:02.000Z,1
2019-10-09T19:08:29.000Z,1
2019-10-09T19:23:12.000Z,1
2019-10-09T19:32:53.000Z,1
2019-10-09T19:40:07.000Z,1
2019-10-09T20:32:18.000Z,1
2019-10-09T20:41:59.000Z,1
2019-10-09T21:04:34.000Z,1
2019-10-09T21:15:26.000Z,1
2019-10-09T21:59:48.000Z,1
2019-10-09T22:06:44.000Z,1
2019-10-09T23:41:16.000Z,1
2019-10-10T05:47:17.000Z,1
2019-10-10T06:16:12.000Z,1
2019-10-10T06:46:15.000Z,2
2019-10-10T07:04:32.000Z,1
2019-10-10T07:24:45.000Z,2
2019-10-10T07:24:50.000Z,1
2019-10-10T07:28:58.000Z,2
2019-10-10T07:29:26.000Z,1
2019-10-10T07:43:30.000Z,1
2019-10-10T07:49:58.000Z,1
2019-10-10T07:59:33.000Z,1
2019-10-10T08:02:34.000Z,1
2019-10-10T08:04:33.000Z,1
2019-10-10T08:08:05.000Z,1
2019-10-10T08:13:04.000Z,1
2019-10-10T08:33:56.000Z,1
2019-10-10T08:35:01.000Z,1
2019-10-10T09:02:45.000Z,2
2019-10-10T09:05:37.000Z,1
2019-10-10T09:18:01.000Z,2
2019-10-10T09:18:38.000Z,1
2019-10-10T09:21:37.000Z,1
2019-10-10T09:26:17.000Z,1
2019-10-10T10:12:52.000Z,1
2019-10-10T10:30:04.000Z,1
2019-10-10T10:36:39.000Z,1
2019-10-10T10:44:26.000Z,1
2019-10-10T10:46:42.000Z,1
2019-10-10T11:22:04.000Z,1
2019-10-10T11:51:33.000Z,1
2019-10-10T12:24:44.000Z,1
2019-10-10T12:33:45.000Z,1
2019-10-10T12:51:51.000Z,1
2019-10-10T12:54:04.000Z,1
2019-10-10T13:11:26.000Z,1
2019-10-10T13:24:24.000Z,1
2019-10-10T13:39:32.000Z,1
2019-10-10T13:48:35.000Z,1
2019-10-10T14:00:41.000Z,1
2019-10-10T14:34:22.000Z,1
2019-10-10T14:34:47.000Z,1
2019-10-10T15:28:51.000Z,3
2019-10-10T15:57:32.000Z,1
2019-10-10T16:21:49.000Z,1
2019-10-10T16:26:35.000Z,1
2019-10-10T17:01:19.000Z,1
2019-10-10T17:09:59.000Z,2
2019-10-10T17:15:46.000Z,1
2019-10-10T17:25:54.000Z,1
2019-10-10T17:31:55.000Z,1
2019-10-10T17:32:18.000Z,1
2019-10-10T17:43:19.000Z,2
2019-10-10T17:50:08.000Z,1
2019-10-10T18:53:07.000Z,1
2019-10-10T19:05:28.000Z,1
2019-10-10T20:12:26.000Z,1
2019-10-10T20:58:07.000Z,1
2019-10-10T20:58:15.000Z,1
2019-10-10T21:02:25.000Z,1
2019-10-10T21:11:13.000Z,1
2019-10-10T21:48:17.000Z,1
2019-10-10T22:08:28.000Z,1
2019-10-10T22:12:15.000Z,1
2019-10-11T04:03:43.000Z,1
2019-10-11T06:43:37.000Z,1
2019-10-11T06:59:47.000Z,1
2019-10-11T07:08:47.000Z,1
2019-10-11T07:26:52.000Z,1
2019-10-11T08:00:55.000Z,1
2019-10-11T08:10:15.000Z,1
2019-10-11T08:24:54.000Z,1
2019-10-11T08:28:53.000Z,1
2019-10-11T08:38:45.000Z,1
2019-10-11T08:57:11.000Z,2
2019-10-11T09:12:52.000Z,1
2019-10-11T11:21:39.000Z,1
2019-10-11T12:04:19.000Z,2
2019-10-11T12:09:53.000Z,1
2019-10-11T12:23:38.000Z,1
2019-10-11T12:46:27.000Z,1
2019-10-11T13:20:07.000Z,1
2019-10-11T13:52:16.000Z,1
2019-10-11T13:57:58.000Z,1
2019-10-11T14:22:15.000Z,1
2019-10-11T15:12:48.000Z,1
2019-10-11T15:13:00.000Z,1
2019-10-11T15:15:49.000Z,1
2019-10-11T15:37:03.000Z,1
2019-10-11T17:23:55.000Z,1
2019-10-11T18:01:28.000Z,1
2019-10-11T18:30:55.000Z,1
2019-10-11T18:38:28.000Z,1
2019-10-11T19:33:19.000Z,1
2019-10-11T19:46:23.000Z,1
2019-10-11T23:38:02.000Z,1
2019-10-12T00:40:31.000Z,1
2019-10-12T02:19:56.000Z,1
2019-10-12T07:47:45.000Z,1
2019-10-12T08:20:21.000Z,1
2019-10-12T08:24:20.000Z,1
2019-10-12T09:53:39.000Z,1
2019-10-12T09:56:01.000Z,1
2019-10-12T10:30:15.000Z,1
2019-10-12T10:40:30.000Z,1
2019-10-12T10:49:58.000Z,1
2019-10-12T11:00:18.000Z,1
2019-10-12T11:02:56.000Z,1
2019-10-12T11:40:31.000Z,1
2019-10-12T12:30:51.000Z,1
2019-10-12T12:53:10.000Z,2
2019-10-12T13:09:55.000Z,1
2019-10-12T13:20:51.000Z,1
2019-10-12T13:25:41.000Z,1
2019-10-12T13:41:08.000Z,1
2019-10-12T13:43:00.000Z,1
2019-10-12T14:00:48.000Z,1
2019-10-12T14:25:07.000Z,1
2019-10-12T15:07:02.000Z,1
2019-10-12T15:08:20.000Z,1
2019-10-12T16:02:08.000Z,1
2019-10-12T16:27:18.000Z,1
2019-10-12T16:51:12.000Z,1
2019-10-12T17:22:34.000Z,1
2019-10-12T17:24:23.000Z,1
2019-10-12T17:26:41.000Z,1
2019-10-12T17:56:21.000Z,1
2019-10-12T17:59:23.000Z,1
2019-10-12T18:21:55.000Z,1
2019-10-12T18:26:48.000Z,1
2019-10-12T18:29:10.000Z,2
2019-10-12T18:35:37.000Z,2
2019-10-12T18:36:50.000Z,1
2019-10-12T18:42:08.000Z,1
2019-10-12T18:47:37.000Z,2
2019-10-12T18:55:15.000Z,1
2019-10-12T19:27:42.000Z,1
2019-10-12T19:37:09.000Z,1
2019-10-12T19:48:05.000Z,1
2019-10-12T20:17:40.000Z,1
2019-10-12T21:10:24.000Z,1
2019-10-13T07:56:52.000Z,1
2019-10-13T08:14:26.000Z,1
2019-10-13T08:45:24.000Z,1
2019-10-13T09:38:35.000Z,1
2019-10-13T09:40:02.000Z,1
2019-10-13T10:14:47.000Z,1
2019-10-13T10:38:32.000Z,1
2019-10-13T11:05:43.000Z,1
2019-10-13T11:06:27.000Z,1
2019-10-13T11:18:49.000Z,2
2019-10-13T11:24:57.000Z,1
2019-10-13T11:24:55.000Z,1
2019-10-13T11:39:23.000Z,3
2019-10-13T11:39:45.000Z,2
2019-10-13T11:40:16.000Z,1
2019-10-13T12:12:13.000Z,2
2019-10-13T12:24:21.000Z,1
2019-10-13T12:32:30.000Z,1
2019-10-13T12:33:52.000Z,1
2019-10-13T12:37:05.000Z,1
2019-10-13T13:26:20.000Z,1
2019-10-13T14:31:46.000Z,1
2019-10-13T14:41:57.000Z,1
2019-10-13T14:43:32.000Z,1
2019-10-13T15:19:19.000Z,1
2019-10-13T15:23:12.000Z,1
2019-10-13T16:50:36.000Z,1
2019-10-13T16:54:49.000Z,1
2019-10-13T17:13:02.000Z,1
2019-10-13T17:20:15.000Z,1
2019-10-13T17:32:47.000Z,1
2019-10-13T17:35:48.000Z,1
2019-10-13T17:56:24.000Z,1
2019-10-13T17:57:22.000Z,1
2019-10-13T18:05:42.000Z,1
2019-10-13T18:09:52.000Z,1
2019-10-13T18:40:40.000Z,1
2019-10-13T20:06:13.000Z,1
2019-10-13T20:18:42.000Z,1
2019-10-13T20:31:10.000Z,1
2019-10-13T21:18:24.000Z,1
2019-10-13T21:43:22.000Z,1
2019-10-13T22:27:32.000Z,1
2019-10-14T00:15:12.000Z,1
2019-10-14T00:32:59.000Z,1
2019-10-14T05:51:39.000Z,1
2019-10-14T06:07:42.000Z,1
2019-10-14T06:49:48.000Z,1
2019-10-14T06:50:09.000Z,1
2019-10-14T07:32:49.000Z,1
2019-10-14T07:42:16.000Z,1
2019-10-14T07:44:49.000Z,1
2019-10-14T07:49:58.000Z,1
2019-10-14T07:53:47.000Z,2
2019-10-14T07:56:30.000Z,2
2019-10-14T08:11:44.000Z,1
2019-10-14T08:39:16.000Z,1
2019-10-14T08:47:56.000Z,1
2019-10-14T08:50:17.000Z,1
2019-10-14T10:04:29.000Z,1
2019-10-14T10:13:33.000Z,1
2019-10-14T10:38:31.000Z,1
2019-10-14T11:16:23.000Z,1
2019-10-14T11:25:15.000Z,1
2019-10-14T12:01:23.000Z,1
2019-10-14T12:05:49.000Z,2
2019-10-14T12:14:02.000Z,1
2019-10-14T12:21:21.000Z,1
2019-10-14T12:50:29.000Z,2
2019-10-14T13:35:53.000Z,1
2019-10-14T13:49:15.000Z,1
2019-10-14T13:56:33.000Z,1
2019-10-14T14:18:23.000Z,1
2019-10-14T14:24:27.000Z,1
2019-10-09T10:44:37.000Z,1
2019-10-09T10:55:59.000Z,1
2019-10-09T11:34:15.000Z,2
2019-10-09T11:48:52.000Z,1
2019-10-09T12:02:03.000Z,1
2019-10-09T12:16:22.000Z,1
2019-10-09T12:37:12.000Z,1
2019-10-09T12:55:20.000Z,1
2019-10-09T13:05:24.000Z,1
2019-10-09T13:47:57.000Z,1
2019-10-09T14:00:06.000Z,1
2019-10-09T14:21:50.000Z,2
2019-10-09T14:32:19.000Z,1
2019-10-09T14:47:29.000Z,1
2019-10-09T14:57:40.000Z,1
2019-10-09T15:00:20.000Z,1
2019-10-09T15:14:45.000Z,1
2019-10-09T15:17:43.000Z,1
2019-10-09T15:35:42.000Z,1
2019-10-09T15:48:54.000Z,2
2019-10-09T15:57:55.000Z,1
2019-10-09T16:02:56.000Z,1
2019-10-09T16:48:41.000Z,3
2019-10-09T20:28:15.000Z,1
2019-10-09T15:42:49.000Z,1
2019-10-09T15:48:19.000Z,1
2019-10-09T16:16:43.000Z,1
2019-10-09T16:32:06.000Z,1
2019-10-09T16:40:05.000Z,1
2019-10-09T16:40:45.000Z,1
2019-10-09T16:41:52.000Z,1
2019-10-09T16:59:56.000Z,1
2019-10-09T17:00:25.000Z,1
2019-10-09T17:17:55.000Z,1
2019-10-09T17:44:31.000Z,1
2019-10-09T18:05:38.000Z,1
2019-10-09T18:07:09.000Z,1
2019-10-09T18:19:30.000Z,1
2019-10-09T18:30:28.000Z,1
2019-10-09T18:41:17.000Z,1
2019-10-09T18:52:45.000Z,1
2019-10-09T19:00:27.000Z,2
2019-10-09T19:35:10.000Z,1
2019-10-09T19:40:54.000Z,1
2019-10-09T19:52:18.000Z,1
2019-10-09T19:57:07.000Z,1
2019-10-09T20:27:00.000Z,1
2019-10-09T21:01:17.000Z,1
2019-10-09T21:07:04.000Z,1
2019-10-09T21:09:16.000Z,1
2019-10-09T21:20:15.000Z,1
2019-10-09T21:42:36.000Z,1
2019-10-09T21:57:23.000Z,1
2019-10-09T22:30:54.000Z,1
2019-10-09T22:56:23.000Z,1
2019-10-09T22:56:57.000Z,1
2019-10-10T00:37:52.000Z,1
2019-10-10T05:51:25.000Z,1
2019-10-10T05:57:54.000Z,1
2019-10-10T06:06:53.000Z,1
2019-10-10T06:50:17.000Z,1
2019-10-10T07:00:13.000Z,2
2019-10-10T07:01:44.000Z,1
2019-10-10T07:14:07.000Z,1
2019-10-10T07:18:31.000Z,1
2019-10-10T07:39:37.000Z,1
2019-10-10T07:42:45.000Z,1
2019-10-10T08:19:07.000Z,1
2019-10-10T08:19:50.000Z,1
2019-10-10T08:24:05.000Z,1
2019-10-10T08:30:20.000Z,2
2019-10-10T08:41:19.000Z,2
2019-10-10T08:43:59.000Z,1
2019-10-10T08:52:14.000Z,2
2019-10-10T09:07:45.000Z,1
2019-10-10T09:13:01.000Z,1
2019-10-10T10:03:12.000Z,1
2019-10-10T10:10:51.000Z,1
2019-10-10T10:18:53.000Z,1
2019-10-10T11:45:34.000Z,1
2019-10-10T11:51:58.000Z,1
2019-10-10T11:59:24.000Z,1
2019-10-10T12:05:12.000Z,1
2019-10-10T12:07:15.000Z,1
2019-10-10T12:20:05.000Z,1
2019-10-10T12:30:52.000Z,1
2019-10-10T12:37:48.000Z,1
2019-10-10T12:54:09.000Z,1
2019-10-10T13:03:20.000Z,1
2019-10-10T13:24:53.000Z,1
2019-10-10T13:35:07.000Z,1
2019-10-10T14:42:15.000Z,1
2019-10-10T15:09:42.000Z,1
2019-10-10T15:22:02.000Z,1
2019-10-10T15:58:06.000Z,1
2019-10-10T16:28:56.000Z,1
2019-10-10T16:35:38.000Z,1
2019-10-10T16:45:23.000Z,1
2019-10-10T16:56:22.000Z,2
2019-10-10T16:56:59.000Z,1
2019-10-10T17:00:46.000Z,1
2019-10-10T17:14:17.000Z,1
2019-10-10T17:21:01.000Z,1
2019-10-10T17:22:27.000Z,1
2019-10-10T17:23:31.000Z,1
2019-10-10T17:45:02.000Z,1
2019-10-10T18:04:42.000Z,2
2019-10-10T18:27:58.000Z,1
2019-10-10T18:30:06.000Z,1
2019-10-10T18:32:53.000Z,1
2019-10-10T18:41:37.000Z,1
2019-10-10T18:43:43.000Z,2
2019-10-10T19:13:21.000Z,1
2019-10-10T19:16:05.000Z,1
2019-10-10T19:41:20.000Z,1
2019-10-10T19:43:58.000Z,2
2019-10-10T20:12:11.000Z,1
2019-10-10T21:08:45.000Z,1
2019-10-10T22:38:02.000Z,1
2019-10-10T23:21:11.000Z,1
2019-10-11T05:24:04.000Z,1
2019-10-11T05:58:54.000Z,1
2019-10-11T07:15:21.000Z,1
2019-10-11T07:29:19.000Z,1
2019-10-11T07:49:56.000Z,1
2019-10-11T07:53:45.000Z,1
2019-10-11T08:11:13.000Z,1
2019-10-11T08:22:03.000Z,1
2019-10-11T08:35:55.000Z,1
2019-10-11T08:42:00.000Z,1
2019-10-11T08:47:06.000Z,1
2019-10-11T10:54:58.000Z,1
2019-10-11T10:56:45.000Z,1
2019-10-11T11:22:02.000Z,1
2019-10-11T11:47:14.000Z,1
2019-10-11T12:07:43.000Z,1
2019-10-11T12:41:12.000Z,1
2019-10-11T13:08:58.000Z,1
2019-10-11T13:13:37.000Z,1
2019-10-11T13:28:07.000Z,1
2019-10-11T13:40:09.000Z,1
2019-10-11T14:39:31.000Z,1
2019-10-11T16:07:21.000Z,1
2019-10-11T16:15:13.000Z,1
2019-10-11T16:27:27.000Z,1
2019-10-11T17:14:00.000Z,1
2019-10-11T17:26:47.000Z,1
2019-10-11T18:50:42.000Z,1
2019-10-11T20:04:59.000Z,1
2019-10-11T23:07:08.000Z,1
2019-10-12T06:33:48.000Z,1
2019-10-12T08:14:00.000Z,1
2019-10-12T08:59:02.000Z,1
2019-10-12T09:29:13.000Z,1
2019-10-12T11:19:38.000Z,1
2019-10-12T11:21:32.000Z,1
2019-10-12T11:31:24.000Z,1
2019-10-12T12:10:17.000Z,1
2019-10-12T12:21:32.000Z,1
2019-10-12T12:44:48.000Z,1
2019-10-12T12:45:52.000Z,1
2019-10-12T12:47:42.000Z,1
2019-10-12T12:48:35.000Z,1
2019-10-12T14:21:32.000Z,1
2019-10-12T14:26:55.000Z,1
2019-10-12T15:13:33.000Z,2
2019-10-12T15:28:44.000Z,1
2019-10-12T15:33:24.000Z,1
2019-10-12T15:46:45.000Z,1
2019-10-12T15:52:15.000Z,2
2019-10-12T16:09:24.000Z,1
2019-10-12T16:16:49.000Z,1
2019-10-12T16:38:48.000Z,1
2019-10-12T17:10:09.000Z,1
2019-10-12T17:22:14.000Z,1
2019-10-12T17:37:15.000Z,1
2019-10-12T17:42:25.000Z,1
2019-10-12T17:49:46.000Z,1
2019-10-12T19:08:29.000Z,1
2019-10-12T19:15:15.000Z,1
2019-10-12T19:35:23.000Z,1
2019-10-12T20:41:02.000Z,1
2019-10-12T20:48:25.000Z,1
2019-10-12T22:24:40.000Z,1
2019-10-12T22:40:25.000Z,1
2019-10-12T23:10:16.000Z,1
2019-10-13T03:43:50.000Z,1
2019-10-13T07:23:44.000Z,1
2019-10-13T07:30:20.000Z,1
2019-10-13T07:40:39.000Z,1
2019-10-13T09:16:51.000Z,1
2019-10-13T09:18:11.000Z,1
2019-10-13T10:07:08.000Z,1
2019-10-13T10:16:08.000Z,1
2019-10-13T10:19:22.000Z,1
2019-10-13T10:40:05.000Z,2
2019-10-13T10:59:56.000Z,2
2019-10-13T11:05:32.000Z,2
2019-10-13T11:23:19.000Z,1
2019-10-13T11:53:45.000Z,1
2019-10-13T11:56:08.000Z,1
2019-10-13T12:03:17.000Z,1
2019-10-13T12:24:40.000Z,2
2019-10-13T12:53:11.000Z,2
2019-10-13T13:00:48.000Z,1
2019-10-13T13:13:36.000Z,1
2019-10-13T13:15:45.000Z,1
2019-10-13T13:27:19.000Z,1
2019-10-13T13:39:00.000Z,1
2019-10-13T13:45:16.000Z,1
2019-10-13T13:54:26.000Z,1
2019-10-13T14:09:48.000Z,1
2019-10-13T14:25:19.000Z,1
2019-10-13T14:30:01.000Z,1
2019-10-13T14:42:47.000Z,1
2019-10-13T14:46:20.000Z,1
2019-10-13T14:51:14.000Z,1
2019-10-13T15:22:48.000Z,1
2019-10-13T15:30:02.000Z,1
2019-10-13T15:40:02.000Z,1
2019-10-13T15:51:53.000Z,1
2019-10-13T16:02:46.000Z,1
2019-10-13T16:17:28.000Z,1
2019-10-13T16:24:01.000Z,1
2019-10-13T16:55:03.000Z,1
2019-10-13T16:55:26.000Z,1
2019-10-13T18:16:17.000Z,1
2019-10-13T18:24:46.000Z,1
2019-10-13T22:27:56.000Z,1
2019-10-13T23:03:52.000Z,1
2019-10-13T23:10:13.000Z,1
2019-10-14T02:08:20.000Z,1
2019-10-14T03:54:34.000Z,1
2019-10-14T06:10:25.000Z,1
2019-10-14T06:30:01.000Z,1
2019-10-14T07:08:35.000Z,1
2019-10-14T07:14:46.000Z,1
2019-10-14T07:23:43.000Z,1
2019-10-14T07:38:58.000Z,1
2019-10-14T07:44:27.000Z,1
2019-10-14T08:00:09.000Z,2
2019-10-14T08:02:11.000Z,1
2019-10-14T08:15:53.000Z,1
2019-10-14T08:18:45.000Z,2
2019-10-14T08:18:58.000Z,1
2019-10-14T08:29:02.000Z,3
2019-10-14T08:34:46.000Z,1
2019-10-14T08:48:19.000Z,2
2019-10-14T10:30:56.000Z,1
2019-10-14T10:46:48.000Z,1
2019-10-14T10:50:59.000Z,1
2019-10-14T11:16:40.000Z,1
2019-10-14T11:19:54.000Z,1
2019-10-14T11:56:51.000Z,1
2019-10-14T13:58:38.000Z,1
2019-10-14T14:22:13.000Z,1
2019-10-09T10:57:54.000Z,1
2019-10-09T11:12:00.000Z,1
2019-10-09T11:25:24.000Z,1
2019-10-09T12:11:28.000Z,2
2019-10-09T12:50:12.000Z,1
2019-10-09T12:58:21.000Z,1
2019-10-09T13:01:06.000Z,2
2019-10-09T13:25:45.000Z,1
2019-10-09T13:42:04.000Z,1
2019-10-09T14:04:57.000Z,1
2019-10-09T14:21:22.000Z,2
2019-10-09T15:20:43.000Z,1
2019-10-09T15:22:02.000Z,1
2019-10-09T15:34:05.000Z,1
2019-10-09T15:57:10.000Z,1
2019-10-09T16:18:16.000Z,1
2019-10-09T16:41:53.000Z,1
2019-10-09T16:42:31.000Z,1
2019-10-09T16:46:43.000Z,2
2019-10-09T18:38:37.000Z,1
2019-10-09T23:16:09.000Z,1
2019-10-09T16:35:42.000Z,1
2019-10-09T16:53:53.000Z,3
2019-10-09T17:06:46.000Z,1
2019-10-09T17:08:43.000Z,1
2019-10-09T17:12:49.000Z,1
2019-10-09T17:15:17.000Z,1
2019-10-09T17:23:50.000Z,3
2019-10-09T17:26:23.000Z,3
2019-10-09T17:26:35.000Z,2
2019-10-09T17:30:14.000Z,1
2019-10-09T17:31:49.000Z,1
2019-10-09T17:41:39.000Z,1
2019-10-09T17:48:14.000Z,1
2019-10-09T18:21:37.000Z,2
2019-10-09T18:23:59.000Z,1
2019-10-09T18:26:38.000Z,1
2019-10-09T18:32:56.000Z,1
2019-10-09T18:40:52.000Z,1
2019-10-09T18:45:36.000Z,1
2019-10-09T19:01:15.000Z,1
2019-10-09T19:32:49.000Z,2
2019-10-09T19:34:42.000Z,1
2019-10-09T20:02:31.000Z,1
2019-10-09T20:19:05.000Z,1
2019-10-09T20:19:20.000Z,1
2019-10-09T20:21:39.000Z,1
2019-10-09T21:11:41.000Z,1
2019-10-09T21:29:58.000Z,1
2019-10-09T21:38:58.000Z,1
2019-10-09T21:50:26.000Z,1
2019-10-09T21:53:55.000Z,1
2019-10-09T22:30:40.000Z,1
2019-10-09T22:54:02.000Z,1
2019-10-09T22:57:32.000Z,1
2019-10-09T23:32:15.000Z,1
2019-10-10T05:36:03.000Z,1
2019-10-10T06:01:54.000Z,1
2019-10-10T06:32:34.000Z,1
2019-10-10T07:22:36.000Z,2
2019-10-10T08:00:49.000Z,1
2019-10-10T08:05:55.000Z,1
2019-10-10T08:21:39.000Z,1
2019-10-10T08:30:52.000Z,2
2019-10-10T08:35:13.000Z,1
2019-10-10T08:36:40.000Z,3
2019-10-10T09:07:14.000Z,1
2019-10-10T09:07:32.000Z,1
2019-10-10T09:25:43.000Z,1
2019-10-10T09:32:46.000Z,1
2019-10-10T10:05:07.000Z,1
2019-10-10T10:29:34.000Z,1
2019-10-10T10:30:25.000Z,1
2019-10-10T10:34:39.000Z,1
2019-10-10T10:36:06.000Z,2
2019-10-10T10:53:56.000Z,1
2019-10-10T10:57:43.000Z,1
2019-10-10T11:10:31.000Z,1
2019-10-10T11:17:37.000Z,1
2019-10-10T11:43:15.000Z,1
2019-10-10T12:44:54.000Z,1
2019-10-10T12:46:50.000Z,1
2019-10-10T13:16:23.000Z,1
2019-10-10T13:22:57.000Z,1
2019-10-10T13:52:55.000Z,1
2019-10-10T14:26:49.000Z,1
2019-10-10T14:39:55.000Z,1
2019-10-10T15:14:15.000Z,1
2019-10-10T15:18:05.000Z,1
2019-10-10T15:27:06.000Z,1
2019-10-10T15:31:26.000Z,1
2019-10-10T15:34:13.000Z,1
2019-10-10T15:59:17.000Z,1
2019-10-10T16:23:40.000Z,1
2019-10-10T16:35:11.000Z,1
2019-10-10T16:47:01.000Z,1
2019-10-10T16:49:24.000Z,1
2019-10-10T16:56:28.000Z,1
2019-10-10T17:06:19.000Z,1
2019-10-10T17:15:31.000Z,1
2019-10-10T17:35:16.000Z,1
2019-10-10T17:46:14.000Z,1
2019-10-10T17:48:30.000Z,1
2019-10-10T17:54:04.000Z,3
2019-10-10T18:04:08.000Z,1
2019-10-10T18:17:27.000Z,1
2019-10-10T18:28:40.000Z,2
2019-10-10T18:35:37.000Z,2
2019-10-10T18:36:28.000Z,1
2019-10-10T18:41:45.000Z,1
2019-10-10T19:28:04.000Z,1
2019-10-10T19:39:55.000Z,1
2019-10-10T19:47:02.000Z,1
2019-10-10T21:30:52.000Z,1
2019-10-10T22:38:58.000Z,1
2019-10-10T23:09:29.000Z,1
2019-10-10T23:22:48.000Z,1
2019-10-11T06:49:44.000Z,1
2019-10-11T07:34:19.000Z,1
2019-10-11T07:39:53.000Z,1
2019-10-11T07:50:27.000Z,2
2019-10-11T08:05:42.000Z,1
2019-10-11T08:07:47.000Z,1
2019-10-11T08:29:33.000Z,1
2019-10-11T08:35:39.000Z,1
2019-10-11T09:08:17.000Z,1
2019-10-11T09:10:31.000Z,1
2019-10-11T09:27:03.000Z,1
2019-10-11T09:47:55.000Z,1
2019-10-11T10:11:28.000Z,1
2019-10-11T11:43:52.000Z,1
2019-10-11T12:46:48.000Z,1
2019-10-11T13:07:27.000Z,1
2019-10-11T13:39:44.000Z,1
2019-10-11T14:21:35.000Z,1
2019-10-11T16:32:49.000Z,1
2019-10-11T16:33:14.000Z,1
2019-10-11T16:52:40.000Z,1
2019-10-11T17:58:25.000Z,1
2019-10-11T17:58:54.000Z,1
2019-10-11T18:03:59.000Z,1
2019-10-11T18:25:43.000Z,1
2019-10-11T18:55:21.000Z,1
2019-10-11T18:56:31.000Z,1
2019-10-11T19:14:12.000Z,1
2019-10-11T19:46:20.000Z,1
2019-10-11T20:27:52.000Z,1
2019-10-11T21:35:43.000Z,1
2019-10-11T22:29:08.000Z,1
2019-10-12T01:06:12.000Z,1
2019-10-12T06:57:53.000Z,1
2019-10-12T08:40:02.000Z,1
2019-10-12T09:19:47.000Z,1
2019-10-12T09:23:39.000Z,1
2019-10-12T10:13:42.000Z,1
2019-10-12T10:17:47.000Z,1
2019-10-12T10:37:22.000Z,1
2019-10-12T10:58:02.000Z,1
2019-10-12T11:11:28.000Z,1
2019-10-12T11:13:43.000Z,1
2019-10-12T11:16:19.000Z,1
2019-10-12T11:42:39.000Z,1
2019-10-12T11:55:09.000Z,1
2019-10-12T12:04:55.000Z,1
2019-10-12T12:16:57.000Z,1
2019-10-12T12:26:53.000Z,1
2019-10-12T12:47:09.000Z,1
2019-10-12T12:49:21.000Z,1
2019-10-12T13:05:59.000Z,1
2019-10-12T13:09:03.000Z,1
2019-10-12T13:12:54.000Z,1
2019-10-12T13:43:09.000Z,2
2019-10-12T14:20:00.000Z,2
2019-10-12T14:20:11.000Z,1
2019-10-12T14:28:20.000Z,1
2019-10-12T14:34:06.000Z,1
2019-10-12T15:14:31.000Z,3
2019-10-12T15:24:15.000Z,1
2019-10-12T15:30:08.000Z,1
2019-10-12T15:43:07.000Z,1
2019-10-12T15:43:39.000Z,1
2019-10-12T16:19:00.000Z,2
2019-10-12T16:22:38.000Z,1
2019-10-12T16:34:35.000Z,1
2019-10-12T16:41:33.000Z,1
2019-10-12T16:54:00.000Z,1
2019-10-12T16:55:51.000Z,1
2019-10-12T17:13:54.000Z,1
2019-10-12T17:21:21.000Z,1
2019-10-12T17:32:27.000Z,1
2019-10-12T17:33:38.000Z,2
2019-10-12T18:06:09.000Z,1
2019-10-12T18:27:07.000Z,1
2019-10-12T19:55:11.000Z,1
2019-10-12T20:04:00.000Z,1
2019-10-12T21:02:46.000Z,1
2019-10-12T22:19:05.000Z,1
2019-10-12T22:58:35.000Z,1
2019-10-12T23:30:16.000Z,1
2019-10-13T01:44:48.000Z,1
2019-10-13T06:19:19.000Z,1
2019-10-13T06:51:53.000Z,1
2019-10-13T07:37:19.000Z,1
2019-10-13T07:42:03.000Z,1
2019-10-13T07:59:31.000Z,1
2019-10-13T08:59:20.000Z,1
2019-10-13T09:13:32.000Z,2
2019-10-13T09:45:58.000Z,1
2019-10-13T09:51:53.000Z,1
2019-10-13T09:52:28.000Z,1
2019-10-13T09:56:44.000Z,1
2019-10-13T10:04:26.000Z,1
2019-10-13T10:07:17.000Z,1
2019-10-13T10:08:08.000Z,1
2019-10-13T10:09:14.000Z,1
2019-10-13T10:38:16.000Z,1
2019-10-13T10:58:24.000Z,1
2019-10-13T10:58:44.000Z,1
2019-10-13T11:08:37.000Z,1
2019-10-13T11:22:15.000Z,1
2019-10-13T11:34:53.000Z,1
2019-10-13T11:36:33.000Z,1
2019-10-13T11:40:48.000Z,1
2019-10-13T12:00:06.000Z,1
2019-10-13T12:20:00.000Z,1
2019-10-13T12:20:32.000Z,1
2019-10-13T12:32:00.000Z,1
2019-10-13T12:33:12.000Z,1
2019-10-13T12:43:11.000Z,1
2019-10-13T12:55:15.000Z,2
2019-10-13T12:55:48.000Z,1
2019-10-13T13:10:52.000Z,1
2019-10-13T13:11:51.000Z,1
2019-10-13T13:11:55.000Z,1
2019-10-13T13:40:03.000Z,2
2019-10-13T14:05:47.000Z,1
2019-10-13T14:11:22.000Z,1
2019-10-13T14:19:50.000Z,1
2019-10-13T14:24:01.000Z,1
2019-10-13T14:39:40.000Z,1
2019-10-13T14:58:14.000Z,1
2019-10-13T15:04:31.000Z,1
2019-10-13T15:15:01.000Z,1
2019-10-13T15:49:22.000Z,2
2019-10-13T15:54:41.000Z,1
2019-10-13T16:15:42.000Z,1
2019-10-13T16:21:47.000Z,1
2019-10-13T16:28:29.000Z,1
2019-10-13T16:54:07.000Z,1
2019-10-13T16:58:12.000Z,1
2019-10-13T17:23:56.000Z,1
2019-10-13T19:51:16.000Z,1
2019-10-14T05:49:17.000Z,1
2019-10-14T07:06:49.000Z,1
2019-10-14T07:16:55.000Z,2
2019-10-14T07:25:32.000Z,1
2019-10-14T07:25:37.000Z,1
2019-10-14T07:48:43.000Z,1
2019-10-14T08:16:07.000Z,1
2019-10-14T08:17:08.000Z,1
2019-10-14T08:18:02.000Z,2
2019-10-14T08:25:23.000Z,1
2019-10-14T08:30:27.000Z,1
2019-10-14T08:37:01.000Z,1
2019-10-14T08:39:22.000Z,1
2019-10-14T08:47:38.000Z,1
2019-10-14T08:53:32.000Z,1
2019-10-14T08:58:55.000Z,1
2019-10-14T09:15:23.000Z,1
2019-10-14T09:36:45.000Z,1
2019-10-14T09:42:33.000Z,1
2019-10-14T10:05:03.000Z,1
2019-10-14T10:21:51.000Z,1
2019-10-14T11:04:13.000Z,1
2019-10-14T11:14:11.000Z,1
2019-10-14T11:25:02.000Z,1
2019-10-14T11:43:16.000Z,1
2019-10-14T12:34:59.000Z,2
2019-10-14T12:39:54.000Z,1
2019-10-14T12:42:46.000Z,1
2019-10-14T12:48:42.000Z,2
2019-10-14T13:11:33.000Z,1
2019-10-14T13:51:24.000Z,1
2019-10-14T13:59:47.000Z,1
2019-10-14T14:09:31.000Z,1
2019-10-09T10:43:21.000Z,1
2019-10-09T10:52:40.000Z,1
2019-10-09T10:54:26.000Z,1
2019-10-09T11:08:17.000Z,1
2019-10-09T11:49:46.000Z,1
2019-10-09T11:53:46.000Z,1
2019-10-09T12:00:10.000Z,1
2019-10-09T12:20:50.000Z,2
2019-10-09T12:50:49.000Z,1
2019-10-09T12:57:05.000Z,1
2019-10-09T13:22:31.000Z,1
2019-10-09T13:43:15.000Z,2
2019-10-09T14:43:46.000Z,1
2019-10-09T14:57:44.000Z,1
2019-10-09T15:46:19.000Z,1
2019-10-09T15:47:49.000Z,1
2019-10-09T16:18:32.000Z,1
2019-10-09T16:39:55.000Z,1
2019-10-09T16:49:35.000Z,2
2019-10-09T16:56:44.000Z,1
2019-10-09T17:19:43.000Z,1
2019-10-09T17:24:47.000Z,1
2019-10-09T17:55:54.000Z,1
2019-10-09T18:20:45.000Z,1
2019-10-09T14:03:32.000Z,1
2019-10-09T14:06:28.000Z,1
2019-10-09T15:21:09.000Z,1
2019-10-09T15:31:41.000Z,1
2019-10-09T15:42:05.000Z,1
2019-10-09T16:13:11.000Z,1
2019-10-09T16:17:27.000Z,1
2019-10-09T16:22:01.000Z,1
2019-10-09T16:50:55.000Z,3
2019-10-09T16:51:52.000Z,1
2019-10-09T17:25:05.000Z,1
2019-10-09T17:27:31.000Z,3
2019-10-09T17:27:42.000Z,1
2019-10-09T17:30:57.000Z,2
2019-10-09T17:34:24.000Z,1
2019-10-09T17:49:42.000Z,2
2019-10-09T17:56:44.000Z,1
2019-10-09T18:00:05.000Z,2
2019-10-09T18:02:03.000Z,3
2019-10-09T18:13:28.000Z,1
2019-10-09T18:17:14.000Z,1
2019-10-09T18:24:00.000Z,2
2019-10-09T18:50:26.000Z,1
2019-10-09T18:51:59.000Z,2
2019-10-09T19:03:36.000Z,1
2019-10-09T19:47:05.000Z,1
2019-10-09T19:50:13.000Z,1
2019-10-09T20:11:11.000Z,2
2019-10-09T20:36:30.000Z,1
2019-10-09T20:42:18.000Z,1
2019-10-09T20:50:13.000Z,1
2019-10-09T21:17:58.000Z,1
2019-10-09T21:27:56.000Z,1
2019-10-09T22:22:26.000Z,1
2019-10-10T00:02:49.000Z,1
2019-10-10T00:11:40.000Z,1
2019-10-10T00:22:45.000Z,1
2019-10-10T01:08:54.000Z,1
2019-10-10T02:29:07.000Z,1
2019-10-10T05:35:12.000Z,1
2019-10-10T06:43:32.000Z,1
2019-10-10T06:46:28.000Z,1
2019-10-10T06:50:23.000Z,1
2019-10-10T06:51:00.000Z,1
2019-10-10T07:12:08.000Z,2
2019-10-10T07:12:30.000Z,2
2019-10-10T07:17:54.000Z,2
2019-10-10T07:18:34.000Z,1
2019-10-10T07:22:33.000Z,1
2019-10-10T07:27:29.000Z,1
2019-10-10T07:30:55.000Z,1
2019-10-10T07:41:27.000Z,2
2019-10-10T07:48:21.000Z,1
2019-10-10T08:03:28.000Z,1
2019-10-10T08:12:04.000Z,1
2019-10-10T08:22:02.000Z,1
2019-10-10T08:40:56.000Z,2
2019-10-10T08:41:20.000Z,1
2019-10-10T08:47:15.000Z,1
2019-10-10T08:50:09.000Z,1
2019-10-10T09:00:22.000Z,1
2019-10-10T09:06:07.000Z,1
2019-10-10T09:09:19.000Z,1
2019-10-10T09:11:03.000Z,1
2019-10-10T09:13:48.000Z,1
2019-10-10T09:17:31.000Z,1
2019-10-10T09:32:10.000Z,1
2019-10-10T10:02:11.000Z,1
2019-10-10T10:02:18.000Z,1
2019-10-10T10:38:30.000Z,1
2019-10-10T11:22:53.000Z,2
2019-10-10T11:23:17.000Z,1
2019-10-10T11:27:46.000Z,1
2019-10-10T11:48:07.000Z,2
2019-10-10T11:53:19.000Z,1
2019-10-10T11:54:17.000Z,1
2019-10-10T12:07:29.000Z,2
2019-10-10T12:33:27.000Z,2
2019-10-10T13:36:43.000Z,1
2019-10-10T14:47:42.000Z,1
2019-10-10T15:08:58.000Z,2
2019-10-10T15:13:06.000Z,1
2019-10-10T15:25:24.000Z,1
2019-10-10T15:48:23.000Z,1
2019-10-10T15:48:24.000Z,1
2019-10-10T16:00:40.000Z,1
2019-10-10T16:27:15.000Z,1
2019-10-10T16:48:31.000Z,1
2019-10-10T16:53:00.000Z,1
2019-10-10T16:59:02.000Z,1
2019-10-10T17:03:44.000Z,1
2019-10-10T17:11:38.000Z,1
2019-10-10T17:12:12.000Z,1
2019-10-10T17:17:29.000Z,1
2019-10-10T17:31:02.000Z,1
2019-10-10T17:38:53.000Z,2
2019-10-10T18:02:13.000Z,1
2019-10-10T18:02:48.000Z,3
2019-10-10T18:08:40.000Z,2
2019-10-10T18:27:02.000Z,1
2019-10-10T18:31:04.000Z,1
2019-10-10T18:39:43.000Z,1
2019-10-10T18:46:38.000Z,2
2019-10-10T18:47:07.000Z,1
2019-10-10T18:56:04.000Z,1
2019-10-10T19:07:39.000Z,1
2019-10-10T19:13:31.000Z,1
2019-10-10T19:25:04.000Z,1
2019-10-10T19:28:54.000Z,1
2019-10-10T22:34:27.000Z,1
2019-10-10T22:40:02.000Z,1
2019-10-10T23:46:51.000Z,1
2019-10-11T06:04:59.000Z,1
2019-10-11T06:13:32.000Z,1
2019-10-11T06:45:27.000Z,1
2019-10-11T06:52:07.000Z,1
2019-10-11T07:24:19.000Z,1
2019-10-11T07:44:41.000Z,1
2019-10-11T07:49:57.000Z,1
2019-10-11T07:51:51.000Z,1
2019-10-11T08:14:07.000Z,1
2019-10-11T08:31:13.000Z,1
2019-10-11T08:36:37.000Z,1
2019-10-11T08:44:35.000Z,2
2019-10-11T08:45:05.000Z,2
2019-10-11T08:49:38.000Z,1
2019-10-11T09:07:28.000Z,1
2019-10-11T09:19:36.000Z,1
2019-10-11T09:20:54.000Z,1
2019-10-11T11:51:42.000Z,1
2019-10-11T12:26:12.000Z,1
2019-10-11T12:44:52.000Z,1
2019-10-11T12:56:35.000Z,1
2019-10-11T13:22:43.000Z,1
2019-10-11T14:00:36.000Z,1
2019-10-11T15:07:26.000Z,1
2019-10-11T15:28:55.000Z,1
2019-10-11T15:35:50.000Z,1
2019-10-11T16:10:36.000Z,2
2019-10-11T16:19:53.000Z,1
2019-10-11T17:06:21.000Z,1
2019-10-11T17:07:21.000Z,1
2019-10-11T17:25:38.000Z,1
2019-10-11T17:30:05.000Z,1
2019-10-11T18:22:02.000Z,1
2019-10-11T18:29:47.000Z,1
2019-10-11T18:40:57.000Z,1
2019-10-11T18:45:09.000Z,1
2019-10-11T18:47:03.000Z,1
2019-10-11T19:12:30.000Z,1
2019-10-11T19:56:26.000Z,2
2019-10-11T19:57:59.000Z,1
2019-10-11T20:27:16.000Z,1
2019-10-11T21:07:52.000Z,1
2019-10-11T21:28:32.000Z,1
2019-10-12T08:48:09.000Z,2
2019-10-12T08:58:47.000Z,1
2019-10-12T09:24:10.000Z,1
2019-10-12T09:44:32.000Z,1
2019-10-12T09:59:39.000Z,1
2019-10-12T10:03:05.000Z,1
2019-10-12T10:28:19.000Z,1
2019-10-12T11:04:57.000Z,2
2019-10-12T11:09:20.000Z,1
2019-10-12T11:09:16.000Z,1
2019-10-12T11:11:24.000Z,1
2019-10-12T11:31:45.000Z,1
2019-10-12T11:36:18.000Z,1
2019-10-12T11:41:08.000Z,1
2019-10-12T11:55:50.000Z,1
2019-10-12T11:57:50.000Z,1
2019-10-12T12:31:18.000Z,2
2019-10-12T12:59:45.000Z,1
2019-10-12T13:36:18.000Z,1
2019-10-12T13:44:26.000Z,1
2019-10-12T14:03:35.000Z,1
2019-10-12T14:04:34.000Z,2
2019-10-12T14:32:00.000Z,1
2019-10-12T15:03:44.000Z,1
2019-10-12T15:48:42.000Z,1
2019-10-12T16:03:00.000Z,1
2019-10-12T16:07:03.000Z,1
2019-10-12T16:23:43.000Z,1
2019-10-12T16:28:36.000Z,1
2019-10-12T16:29:59.000Z,1
2019-10-12T16:30:06.000Z,1
2019-10-12T16:59:27.000Z,1
2019-10-12T17:07:48.000Z,1
2019-10-12T17:50:19.000Z,1
2019-10-12T18:33:01.000Z,1
2019-10-12T19:47:08.000Z,1
2019-10-12T20:31:47.000Z,1
2019-10-13T00:02:27.000Z,1
2019-10-13T00:19:42.000Z,1
2019-10-13T00:36:57.000Z,1
2019-10-13T01:28:51.000Z,1
2019-10-13T05:19:03.000Z,1
2019-10-13T05:41:55.000Z,1
2019-10-13T06:24:30.000Z,1
2019-10-13T08:04:06.000Z,1
2019-10-13T08:12:04.000Z,1
2019-10-13T08:56:19.000Z,1
2019-10-13T09:09:44.000Z,1
2019-10-13T09:40:03.000Z,1
2019-10-13T09:52:48.000Z,1
2019-10-13T10:05:52.000Z,1
2019-10-13T10:10:19.000Z,2
2019-10-13T10:18:15.000Z,1
2019-10-13T10:28:07.000Z,1
2019-10-13T10:31:38.000Z,1
2019-10-13T10:35:27.000Z,1
2019-10-13T11:05:46.000Z,1
2019-10-13T11:22:30.000Z,1
2019-10-13T11:30:55.000Z,2
2019-10-13T11:39:25.000Z,1
2019-10-13T11:45:38.000Z,2
2019-10-13T12:00:27.000Z,1
2019-10-13T12:12:48.000Z,1
2019-10-13T12:26:03.000Z,1
2019-10-13T12:27:41.000Z,2
2019-10-13T12:34:01.000Z,1
2019-10-13T12:47:57.000Z,1
2019-10-13T13:00:51.000Z,1
2019-10-13T13:08:19.000Z,1
2019-10-13T13:55:34.000Z,2
2019-10-13T14:01:31.000Z,3
2019-10-13T14:06:56.000Z,1
2019-10-13T14:11:39.000Z,1
2019-10-13T14:14:43.000Z,1
2019-10-13T14:34:43.000Z,1
2019-10-13T14:35:05.000Z,1
2019-10-13T14:38:16.000Z,1
2019-10-13T14:43:34.000Z,1
2019-10-13T15:03:07.000Z,1
2019-10-13T15:14:06.000Z,1
2019-10-13T15:16:23.000Z,1
2019-10-13T15:21:45.000Z,1
2019-10-13T15:54:26.000Z,1
2019-10-13T15:55:04.000Z,1
2019-10-13T15:59:03.000Z,1
2019-10-13T16:17:34.000Z,1
2019-10-13T16:21:45.000Z,1
2019-10-13T16:23:05.000Z,1
2019-10-13T18:03:08.000Z,1
2019-10-13T18:45:24.000Z,1
2019-10-13T18:48:02.000Z,1
2019-10-13T18:48:47.000Z,1
2019-10-13T19:04:20.000Z,1
2019-10-13T19:57:09.000Z,1
2019-10-13T22:17:29.000Z,1
2019-10-13T23:35:06.000Z,1
2019-10-14T06:29:23.000Z,1
2019-10-14T06:36:06.000Z,1
2019-10-14T06:58:29.000Z,1
2019-10-14T06:58:56.000Z,1
2019-10-14T08:15:01.000Z,1
2019-10-14T08:24:01.000Z,1
2019-10-14T08:26:10.000Z,2
2019-10-14T08:36:51.000Z,1
2019-10-14T08:53:26.000Z,1
2019-10-14T09:33:58.000Z,2
2019-10-14T09:34:51.000Z,1
2019-10-14T10:50:21.000Z,1
2019-10-14T11:09:05.000Z,1
2019-10-14T11:27:42.000Z,1
2019-10-14T11:28:17.000Z,1
2019-10-14T11:40:40.000Z,1
2019-10-14T12:04:18.000Z,1
2019-10-14T12:24:57.000Z,1
2019-10-14T12:29:29.000Z,1
2019-10-14T13:17:02.000Z,1
2019-10-14T13:20:24.000Z,1
2019-10-14T13:30:35.000Z,1
2019-10-14T13:34:33.000Z,1
2019-10-14T14:06:33.000Z,1
2019-10-09T11:38:00.000Z,1
2019-10-09T11:42:36.000Z,1
2019-10-09T11:45:46.000Z,1
2019-10-09T11:58:39.000Z,1
2019-10-09T12:14:57.000Z,2
2019-10-09T12:24:19.000Z,1
2019-10-09T12:32:07.000Z,1
2019-10-09T12:59:09.000Z,1
2019-10-09T12:59:26.000Z,1
2019-10-09T13:58:54.000Z,1
2019-10-09T15:08:00.000Z,1
2019-10-09T15:10:28.000Z,1
2019-10-09T16:30:54.000Z,1
2019-10-09T17:44:55.000Z,2
2019-10-09T17:57:43.000Z,2
2019-10-09T18:05:32.000Z,1
2019-10-09T12:56:12.000Z,1
2019-10-09T13:47:54.000Z,1
2019-10-09T15:08:41.000Z,2
2019-10-09T15:44:14.000Z,1
2019-10-09T16:24:27.000Z,1
2019-10-09T16:24:47.000Z,1
2019-10-09T16:53:09.000Z,1
2019-10-09T16:53:29.000Z,1
2019-10-09T17:02:41.000Z,1
2019-10-09T17:05:35.000Z,1
2019-10-09T17:07:28.000Z,1
2019-10-09T17:07:42.000Z,1
2019-10-09T17:15:34.000Z,2
2019-10-09T17:18:16.000Z,4
2019-10-09T17:19:04.000Z,3
2019-10-09T17:19:41.000Z,1
2019-10-09T17:20:56.000Z,1
2019-10-09T17:55:48.000Z,1
2019-10-09T18:28:33.000Z,2
2019-10-09T18:33:59.000Z,1
2019-10-09T18:38:43.000Z,1
2019-10-09T19:10:18.000Z,1
2019-10-09T19:22:55.000Z,1
2019-10-09T19:23:46.000Z,2
2019-10-09T19:33:03.000Z,2
2019-10-09T20:22:31.000Z,2
2019-10-09T22:01:31.000Z,1
2019-10-09T22:42:26.000Z,1
2019-10-10T05:27:37.000Z,1
2019-10-10T06:58:50.000Z,1
2019-10-10T07:21:21.000Z,2
2019-10-10T07:26:04.000Z,2
2019-10-10T07:30:14.000Z,1
2019-10-10T08:08:50.000Z,2
2019-10-10T08:09:55.000Z,1
2019-10-10T08:17:01.000Z,2
2019-10-10T08:20:14.000Z,2
2019-10-10T08:29:52.000Z,1
2019-10-10T08:41:15.000Z,1
2019-10-10T08:50:58.000Z,1
2019-10-10T09:42:18.000Z,1
2019-10-10T09:59:01.000Z,1
2019-10-10T11:40:14.000Z,1
2019-10-10T11:51:44.000Z,1
2019-10-10T12:39:46.000Z,1
2019-10-10T13:22:12.000Z,1
2019-10-10T13:33:08.000Z,2
2019-10-10T13:34:38.000Z,1
2019-10-10T13:36:56.000Z,1
2019-10-10T14:12:13.000Z,1
2019-10-10T14:39:44.000Z,1
2019-10-10T14:49:57.000Z,1
2019-10-10T14:51:18.000Z,1
2019-10-10T15:04:27.000Z,1
2019-10-10T15:25:49.000Z,1
2019-10-10T15:46:07.000Z,1
2019-10-10T15:46:54.000Z,1
2019-10-10T15:59:39.000Z,1
2019-10-10T16:05:08.000Z,1
2019-10-10T16:12:15.000Z,1
2019-10-10T16:20:16.000Z,1
2019-10-10T16:23:31.000Z,1
2019-10-10T16:54:47.000Z,2
2019-10-10T16:55:48.000Z,1
2019-10-10T16:56:11.000Z,1
2019-10-10T17:11:32.000Z,1
2019-10-10T17:16:28.000Z,1
2019-10-10T17:23:23.000Z,1
2019-10-10T17:27:24.000Z,1
2019-10-10T17:35:06.000Z,1
2019-10-10T17:43:56.000Z,1
2019-10-10T17:54:55.000Z,1
2019-10-10T18:07:40.000Z,2
2019-10-10T18:15:04.000Z,1
2019-10-10T19:16:33.000Z,1
2019-10-10T19:42:04.000Z,2
2019-10-10T20:58:24.000Z,1
2019-10-10T21:02:10.000Z,1
2019-10-10T21:02:39.000Z,1
2019-10-10T21:08:12.000Z,1
2019-10-11T00:07:48.000Z,1
2019-10-11T03:06:26.000Z,1
2019-10-11T07:27:40.000Z,1
2019-10-11T07:49:15.000Z,1
2019-10-11T07:55:21.000Z,1
2019-10-11T07:57:59.000Z,1
2019-10-11T08:04:50.000Z,1
2019-10-11T08:05:11.000Z,1
2019-10-11T08:06:23.000Z,1
2019-10-11T08:12:21.000Z,2
2019-10-11T08:18:48.000Z,1
2019-10-11T08:28:31.000Z,1
2019-10-11T08:32:50.000Z,1
2019-10-11T08:33:35.000Z,2
2019-10-11T11:57:09.000Z,1
2019-10-11T12:32:51.000Z,1
2019-10-11T12:50:45.000Z,1
2019-10-11T13:03:46.000Z,1
2019-10-11T13:31:32.000Z,1
2019-10-11T14:09:12.000Z,1
2019-10-11T14:32:31.000Z,1
2019-10-11T14:49:00.000Z,1
2019-10-11T14:57:25.000Z,1
2019-10-11T15:47:10.000Z,1
2019-10-11T16:12:04.000Z,1
2019-10-11T16:31:33.000Z,1
2019-10-11T16:43:31.000Z,1
2019-10-11T17:00:58.000Z,3
2019-10-11T17:04:17.000Z,1
2019-10-11T17:15:44.000Z,1
2019-10-11T17:24:52.000Z,1
2019-10-11T17:25:15.000Z,1
2019-10-11T17:34:18.000Z,1
2019-10-11T18:10:10.000Z,1
2019-10-11T18:18:45.000Z,1
2019-10-11T18:43:35.000Z,1
2019-10-11T18:54:12.000Z,1
2019-10-11T20:33:51.000Z,1
2019-10-11T21:17:24.000Z,1
2019-10-12T07:12:09.000Z,1
2019-10-12T07:26:13.000Z,1
2019-10-12T08:45:29.000Z,1
2019-10-12T08:56:36.000Z,1
2019-10-12T09:20:08.000Z,1
2019-10-12T09:48:08.000Z,1
2019-10-12T10:09:16.000Z,1
2019-10-12T10:17:20.000Z,1
2019-10-12T10:18:34.000Z,1
2019-10-12T10:27:40.000Z,1
2019-10-12T10:36:39.000Z,1
2019-10-12T10:44:05.000Z,1
2019-10-12T10:44:50.000Z,1
2019-10-12T11:32:46.000Z,1
2019-10-12T11:43:41.000Z,2
2019-10-12T11:46:53.000Z,1
2019-10-12T11:48:05.000Z,1
2019-10-12T11:53:51.000Z,1
2019-10-12T12:12:57.000Z,2
2019-10-12T12:46:41.000Z,1
2019-10-12T13:00:09.000Z,1
2019-10-12T13:09:56.000Z,1
2019-10-12T13:30:42.000Z,1
2019-10-12T13:49:58.000Z,1
2019-10-12T14:12:39.000Z,1
2019-10-12T14:54:16.000Z,1
2019-10-12T15:32:57.000Z,1
2019-10-12T15:54:20.000Z,1
2019-10-12T16:45:37.000Z,1
2019-10-12T16:57:18.000Z,1
2019-10-12T16:59:05.000Z,2
2019-10-12T17:50:08.000Z,1
2019-10-12T17:50:05.000Z,2
2019-10-12T17:56:11.000Z,2
2019-10-12T18:53:44.000Z,1
2019-10-12T19:06:41.000Z,1
2019-10-12T19:08:58.000Z,1
2019-10-12T20:24:48.000Z,1
2019-10-12T21:09:32.000Z,1
2019-10-12T21:20:42.000Z,1
2019-10-12T23:40:02.000Z,1
2019-10-13T00:58:37.000Z,1
2019-10-13T03:15:54.000Z,1
2019-10-13T05:15:26.000Z,1
2019-10-13T07:20:36.000Z,1
2019-10-13T07:38:09.000Z,1
2019-10-13T07:56:56.000Z,1
2019-10-13T08:11:58.000Z,1
2019-10-13T08:12:47.000Z,1
2019-10-13T09:14:07.000Z,1
2019-10-13T09:24:32.000Z,1
2019-10-13T09:27:27.000Z,1
2019-10-13T09:38:17.000Z,1
2019-10-13T09:38:28.000Z,1
2019-10-13T09:40:19.000Z,1
2019-10-13T10:10:37.000Z,1
2019-10-13T10:24:35.000Z,1
2019-10-13T10:24:55.000Z,1
2019-10-13T10:30:37.000Z,1
2019-10-13T10:39:03.000Z,1
2019-10-13T10:54:57.000Z,1
2019-10-13T10:55:15.000Z,1
2019-10-13T11:13:45.000Z,1
2019-10-13T11:14:20.000Z,1
2019-10-13T11:42:46.000Z,1
2019-10-13T11:55:09.000Z,1
2019-10-13T11:56:25.000Z,1
2019-10-13T12:15:23.000Z,1
2019-10-13T12:30:34.000Z,1
2019-10-13T12:33:28.000Z,1
2019-10-13T12:54:42.000Z,1
2019-10-13T13:01:06.000Z,1
2019-10-13T13:07:25.000Z,3
2019-10-13T13:20:03.000Z,3
2019-10-13T13:42:16.000Z,2
2019-10-13T14:12:44.000Z,1
2019-10-13T14:33:51.000Z,1
2019-10-13T14:52:06.000Z,1
2019-10-13T16:25:15.000Z,1
2019-10-13T16:46:00.000Z,1
2019-10-13T16:56:24.000Z,1
2019-10-13T17:01:11.000Z,1
2019-10-13T17:44:06.000Z,1
2019-10-13T18:40:59.000Z,1
2019-10-13T19:41:48.000Z,1
2019-10-13T20:04:32.000Z,1
2019-10-13T20:35:25.000Z,1
2019-10-13T20:43:14.000Z,1
2019-10-13T21:17:56.000Z,1
2019-10-13T22:10:19.000Z,1
2019-10-14T06:50:39.000Z,1
2019-10-14T07:05:26.000Z,2
2019-10-14T07:20:11.000Z,1
2019-10-14T07:24:01.000Z,2
2019-10-14T07:26:35.000Z,1
2019-10-14T07:45:11.000Z,1
2019-10-14T07:51:37.000Z,1
2019-10-14T07:55:52.000Z,1
2019-10-14T08:00:53.000Z,1
2019-10-14T08:06:04.000Z,1
2019-10-14T08:10:24.000Z,1
2019-10-14T08:31:03.000Z,1
2019-10-14T08:40:56.000Z,1
2019-10-14T08:44:27.000Z,1
2019-10-14T09:01:42.000Z,1
2019-10-14T09:08:23.000Z,1
2019-10-14T09:11:44.000Z,1
2019-10-14T09:12:56.000Z,1
2019-10-14T09:30:49.000Z,1
2019-10-14T10:02:42.000Z,1
2019-10-14T10:19:40.000Z,1
2019-10-14T10:23:09.000Z,1
2019-10-14T10:26:52.000Z,1
2019-10-14T10:43:37.000Z,1
2019-10-14T10:59:20.000Z,1
2019-10-14T10:59:58.000Z,2
2019-10-14T11:46:40.000Z,1
2019-10-14T12:18:34.000Z,1
2019-10-14T12:24:43.000Z,2
2019-10-14T12:50:30.000Z,1
2019-10-14T12:57:49.000Z,1
2019-10-14T13:28:50.000Z,2
2019-10-14T13:36:36.000Z,2
2019-10-14T14:07:59.000Z,1
2019-10-14T14:12:01.000Z,1
2019-10-14T14:35:51.000Z,1
2019-10-14T14:45:11.000Z,1
2019-10-14T15:15:34.000Z,1
2019-10-14T15:19:28.000Z,1
2019-10-14T15:36:35.000Z,1
2019-10-14T15:36:45.000Z,3
2019-10-14T15:40:13.000Z,1
2019-10-14T16:05:12.000Z,1
2019-10-14T16:31:41.000Z,1
2019-10-14T16:32:10.000Z,1
2019-10-14T16:43:31.000Z,1
2019-10-14T16:52:23.000Z,1
2019-10-14T16:52:45.000Z,1
2019-10-14T17:00:16.000Z,1
2019-10-14T17:25:39.000Z,1
2019-10-14T17:26:08.000Z,1
2019-10-14T17:34:24.000Z,1
2019-10-14T17:58:56.000Z,2
2019-10-14T18:11:56.000Z,1
2019-10-14T21:06:45.000Z,1
2019-10-15T05:23:28.000Z,1
2019-10-15T07:32:54.000Z,1
2019-10-15T09:08:51.000Z,1
2019-10-14T17:13:38.000Z,1
2019-10-14T17:19:10.000Z,1
2019-10-14T18:04:21.000Z,1
2019-10-14T18:27:03.000Z,1
2019-10-14T18:46:06.000Z,1
2019-10-14T19:03:58.000Z,2
2019-10-14T19:35:57.000Z,1
2019-10-14T20:40:18.000Z,2
2019-10-14T21:34:41.000Z,1
2019-10-14T23:57:08.000Z,1
2019-10-15T03:24:13.000Z,1
2019-10-15T05:40:38.000Z,1
2019-10-15T06:15:28.000Z,1
2019-10-15T06:16:09.000Z,1
2019-10-15T06:25:50.000Z,1
2019-10-15T06:27:17.000Z,2
2019-10-15T06:44:28.000Z,1
2019-10-15T07:37:59.000Z,2
2019-10-15T07:58:41.000Z,1
2019-10-15T08:08:47.000Z,1
2019-10-15T08:20:06.000Z,1
2019-10-15T08:38:34.000Z,1
2019-10-15T08:39:34.000Z,1
2019-10-15T08:44:18.000Z,2
2019-10-15T08:52:24.000Z,2
2019-10-15T09:32:27.000Z,1
2019-10-15T09:34:05.000Z,1
2019-10-15T09:35:53.000Z,1
2019-10-15T09:56:57.000Z,1
2019-10-15T11:24:37.000Z,1
2019-10-15T11:49:29.000Z,1
2019-10-15T12:30:08.000Z,1
2019-10-15T12:39:41.000Z,1
2019-10-15T12:43:19.000Z,1
2019-10-15T12:45:58.000Z,1
2019-10-15T12:50:39.000Z,1
2019-10-15T12:53:39.000Z,1
2019-10-15T12:57:22.000Z,1
2019-10-15T13:19:32.000Z,1
2019-10-15T13:25:50.000Z,1
2019-10-15T13:52:11.000Z,1
2019-10-15T13:56:31.000Z,1
2019-10-15T14:23:17.000Z,1
2019-10-15T14:56:28.000Z,1
2019-10-15T15:07:42.000Z,1
2019-10-15T15:40:30.000Z,1
2019-10-15T16:32:36.000Z,1
2019-10-15T16:55:21.000Z,2
2019-10-15T17:21:23.000Z,1
2019-10-15T17:25:25.000Z,1
2019-10-15T17:35:01.000Z,1
2019-10-15T17:40:04.000Z,3
2019-10-15T17:40:57.000Z,2
2019-10-15T17:42:11.000Z,2
2019-10-15T17:49:08.000Z,1
2019-10-15T18:04:16.000Z,1
2019-10-15T18:07:45.000Z,1
2019-10-15T18:37:43.000Z,1
2019-10-15T18:40:23.000Z,1
2019-10-15T18:46:43.000Z,1
2019-10-15T19:16:17.000Z,2
2019-10-15T19:16:23.000Z,1
2019-10-15T19:22:30.000Z,1
2019-10-15T20:02:08.000Z,1
2019-10-15T20:08:00.000Z,1
2019-10-15T20:11:21.000Z,1
2019-10-15T20:32:03.000Z,1
2019-10-15T21:41:02.000Z,1
2019-10-15T22:36:59.000Z,1
2019-10-16T00:09:31.000Z,1
2019-10-16T05:54:44.000Z,1
2019-10-16T06:02:15.000Z,1
2019-10-16T06:11:30.000Z,1
2019-10-16T06:39:17.000Z,1
2019-10-16T06:57:31.000Z,1
2019-10-16T07:01:00.000Z,1
2019-10-16T07:15:04.000Z,1
2019-10-16T07:30:29.000Z,1
2019-10-16T07:39:30.000Z,1
2019-10-16T08:14:54.000Z,1
2019-10-16T08:18:03.000Z,1
2019-10-16T08:20:49.000Z,2
2019-10-16T08:21:45.000Z,1
2019-10-16T08:27:04.000Z,1
2019-10-16T08:28:13.000Z,2
2019-10-16T08:34:04.000Z,2
2019-10-16T08:35:31.000Z,1
2019-10-16T08:41:11.000Z,2
2019-10-16T10:06:28.000Z,1
2019-10-16T10:15:06.000Z,1
2019-10-16T10:48:58.000Z,1
2019-10-16T10:50:11.000Z,1
2019-10-16T11:18:21.000Z,1
2019-10-16T11:24:18.000Z,1
2019-10-16T11:48:31.000Z,1
2019-10-16T11:56:11.000Z,1
2019-10-16T12:42:44.000Z,1
2019-10-16T13:29:23.000Z,1
2019-10-16T13:36:52.000Z,1
2019-10-16T13:38:35.000Z,1
2019-10-16T13:58:56.000Z,1
2019-10-16T14:25:02.000Z,1
2019-10-16T14:28:52.000Z,1
2019-10-16T14:38:17.000Z,1
2019-10-16T14:41:49.000Z,1
2019-10-16T15:05:23.000Z,1
2019-10-16T15:08:00.000Z,1
2019-10-16T16:07:10.000Z,1
2019-10-16T16:18:32.000Z,1
2019-10-16T16:43:39.000Z,2
2019-10-16T16:44:13.000Z,1
2019-10-16T16:47:43.000Z,1
2019-10-16T17:18:08.000Z,1
2019-10-16T17:21:18.000Z,1
2019-10-16T17:27:20.000Z,1
2019-10-16T17:27:28.000Z,1
2019-10-16T17:29:13.000Z,1
2019-10-16T17:48:08.000Z,1
2019-10-16T18:00:26.000Z,1
2019-10-16T18:16:05.000Z,1
2019-10-16T18:31:39.000Z,1
2019-10-16T18:49:55.000Z,2
2019-10-16T19:02:46.000Z,1
2019-10-16T19:19:20.000Z,1
2019-10-16T19:32:22.000Z,1
2019-10-16T19:57:53.000Z,1
2019-10-16T20:49:17.000Z,1
2019-10-16T21:07:40.000Z,1
2019-10-16T21:38:37.000Z,1
2019-10-16T22:19:44.000Z,1
2019-10-17T00:27:44.000Z,1
2019-10-17T05:43:11.000Z,1
2019-10-17T06:14:53.000Z,1
2019-10-17T06:36:47.000Z,1
2019-10-17T06:43:07.000Z,1
2019-10-17T06:55:22.000Z,1
2019-10-17T07:06:02.000Z,1
2019-10-17T07:07:27.000Z,1
2019-10-17T07:13:52.000Z,1
2019-10-17T07:26:06.000Z,1
2019-10-17T07:28:41.000Z,1
2019-10-17T07:32:28.000Z,1
2019-10-17T07:51:03.000Z,2
2019-10-17T07:54:04.000Z,3
2019-10-17T08:04:16.000Z,2
2019-10-17T08:05:32.000Z,1
2019-10-17T08:15:12.000Z,2
2019-10-17T08:39:29.000Z,1
2019-10-17T08:58:42.000Z,2
2019-10-17T09:14:23.000Z,1
2019-10-17T09:20:12.000Z,1
2019-10-17T09:46:30.000Z,1
2019-10-17T10:19:14.000Z,1
2019-10-17T11:08:39.000Z,1
2019-10-17T11:49:38.000Z,1
2019-10-17T11:50:35.000Z,1
2019-10-17T12:29:00.000Z,1
2019-10-17T12:45:17.000Z,1
2019-10-17T12:58:56.000Z,1
2019-10-17T13:20:22.000Z,1
2019-10-17T13:36:56.000Z,1
2019-10-17T13:47:11.000Z,1
2019-10-17T14:36:13.000Z,1
2019-10-17T15:00:56.000Z,1
2019-10-17T15:13:44.000Z,1
2019-10-17T15:45:33.000Z,1
2019-10-17T15:52:55.000Z,1
2019-10-17T16:02:04.000Z,1
2019-10-17T16:10:16.000Z,1
2019-10-17T16:23:41.000Z,1
2019-10-17T16:37:25.000Z,1
2019-10-17T16:47:15.000Z,1
2019-10-17T16:48:50.000Z,1
2019-10-17T16:52:55.000Z,1
2019-10-17T16:54:26.000Z,1
2019-10-17T16:55:18.000Z,1
2019-10-17T17:04:25.000Z,1
2019-10-17T17:15:33.000Z,2
2019-10-17T17:15:57.000Z,1
2019-10-17T17:28:24.000Z,1
2019-10-17T17:55:37.000Z,1
2019-10-17T18:02:11.000Z,1
2019-10-17T18:05:57.000Z,1
2019-10-17T18:08:32.000Z,2
2019-10-17T18:09:17.000Z,1
2019-10-17T18:56:58.000Z,1
2019-10-17T19:28:52.000Z,2
2019-10-17T19:32:07.000Z,1
2019-10-17T19:32:32.000Z,1
2019-10-17T19:53:32.000Z,2
2019-10-17T20:25:19.000Z,1
2019-10-17T20:37:59.000Z,1
2019-10-17T20:42:12.000Z,1
2019-10-17T20:42:54.000Z,1
2019-10-17T20:53:06.000Z,1
2019-10-17T21:56:50.000Z,1
2019-10-17T22:00:28.000Z,1
2019-10-17T22:09:31.000Z,1
2019-10-17T23:23:01.000Z,1
2019-10-17T23:31:00.000Z,1
2019-10-18T02:07:52.000Z,1
2019-10-18T06:12:48.000Z,1
2019-10-18T06:15:38.000Z,1
2019-10-18T07:32:36.000Z,1
2019-10-18T08:08:24.000Z,2
2019-10-18T08:35:56.000Z,2
2019-10-18T08:36:44.000Z,2
2019-10-18T08:39:08.000Z,1
2019-10-18T08:54:22.000Z,1
2019-10-18T08:54:37.000Z,1
2019-10-18T09:58:34.000Z,1
2019-10-18T09:59:01.000Z,1
2019-10-18T10:19:22.000Z,1
2019-10-18T10:30:34.000Z,1
2019-10-18T10:50:37.000Z,2
2019-10-18T11:16:59.000Z,1
2019-10-18T11:33:26.000Z,1
2019-10-18T12:09:42.000Z,1
2019-10-18T12:33:53.000Z,1
2019-10-18T12:34:01.000Z,1
2019-10-18T12:47:29.000Z,1
2019-10-18T12:47:33.000Z,2
2019-10-18T12:54:22.000Z,2
2019-10-18T13:06:33.000Z,1
2019-10-18T13:45:07.000Z,1
2019-10-18T15:03:29.000Z,1
2019-10-18T15:17:33.000Z,1
2019-10-18T15:20:29.000Z,1
2019-10-18T15:52:54.000Z,1
2019-10-18T15:57:08.000Z,1
2019-10-18T16:08:25.000Z,2
2019-10-18T16:12:46.000Z,1
2019-10-18T16:20:30.000Z,1
2019-10-18T16:28:50.000Z,1
2019-10-18T16:28:47.000Z,1
2019-10-18T16:35:56.000Z,1
2019-10-18T16:44:41.000Z,3
2019-10-18T17:14:46.000Z,1
2019-10-18T17:28:55.000Z,1
2019-10-18T17:30:20.000Z,1
2019-10-18T17:35:03.000Z,1
2019-10-18T17:49:26.000Z,1
2019-10-18T18:02:26.000Z,1
2019-10-18T18:22:29.000Z,1
2019-10-18T18:59:10.000Z,1
2019-10-18T19:29:28.000Z,1
2019-10-18T20:31:45.000Z,1
2019-10-18T21:43:56.000Z,2
2019-10-18T22:13:58.000Z,1
2019-10-14T15:09:49.000Z,1
2019-10-14T15:40:33.000Z,3
2019-10-14T15:44:33.000Z,2
2019-10-14T15:45:45.000Z,1
2019-10-14T15:47:17.000Z,1
2019-10-14T16:06:58.000Z,1
2019-10-14T16:10:34.000Z,1
2019-10-14T16:14:18.000Z,2
2019-10-14T16:32:38.000Z,2
2019-10-14T16:42:42.000Z,1
2019-10-14T16:55:51.000Z,1
2019-10-14T16:58:12.000Z,1
2019-10-14T17:24:19.000Z,1
2019-10-14T17:40:20.000Z,1
2019-10-14T18:09:34.000Z,1
2019-10-14T18:14:31.000Z,1
2019-10-14T18:43:35.000Z,1
2019-10-14T18:57:50.000Z,1
2019-10-14T19:08:05.000Z,1
2019-10-14T19:19:23.000Z,1
2019-10-14T19:51:16.000Z,1
2019-10-15T07:54:32.000Z,1
2019-10-14T17:01:05.000Z,1
2019-10-14T17:12:40.000Z,2
2019-10-14T17:19:07.000Z,1
2019-10-14T17:28:30.000Z,1
2019-10-14T17:44:24.000Z,2
2019-10-14T18:02:45.000Z,3
2019-10-14T18:49:30.000Z,2
2019-10-14T18:53:26.000Z,1
2019-10-14T19:08:52.000Z,1
2019-10-14T19:39:45.000Z,1
2019-10-15T05:34:02.000Z,2
2019-10-15T05:46:41.000Z,1
2019-10-15T07:08:41.000Z,1
2019-10-15T07:23:44.000Z,1
2019-10-15T07:24:12.000Z,1
2019-10-15T07:27:26.000Z,1
2019-10-15T07:45:34.000Z,1
2019-10-15T07:49:22.000Z,1
2019-10-15T07:51:43.000Z,2
2019-10-15T08:09:17.000Z,1
2019-10-15T08:09:46.000Z,1
2019-10-15T08:14:04.000Z,1
2019-10-15T08:16:50.000Z,1
2019-10-15T08:18:32.000Z,2
2019-10-15T08:22:53.000Z,3
2019-10-15T08:27:50.000Z,2
2019-10-15T08:28:19.000Z,2
2019-10-15T08:38:03.000Z,2
2019-10-15T08:42:04.000Z,1
2019-10-15T08:54:56.000Z,1
2019-10-15T09:23:16.000Z,1
2019-10-15T09:32:10.000Z,1
2019-10-15T09:44:12.000Z,1
2019-10-15T10:01:18.000Z,2
2019-10-15T10:06:19.000Z,1
2019-10-15T10:12:17.000Z,1
2019-10-15T10:13:33.000Z,1
2019-10-15T10:25:14.000Z,1
2019-10-15T10:29:29.000Z,1
2019-10-15T10:34:37.000Z,1
2019-10-15T10:44:11.000Z,1
2019-10-15T10:54:03.000Z,2
2019-10-15T11:23:35.000Z,1
2019-10-15T12:40:02.000Z,1
2019-10-15T12:56:52.000Z,1
2019-10-15T13:10:18.000Z,1
2019-10-15T13:12:54.000Z,1
2019-10-15T13:20:27.000Z,1
2019-10-15T13:36:20.000Z,1
2019-10-15T13:45:18.000Z,1
2019-10-15T13:51:01.000Z,1
2019-10-15T14:48:12.000Z,1
2019-10-15T14:49:37.000Z,1
2019-10-15T15:11:08.000Z,1
2019-10-15T15:21:29.000Z,1
2019-10-15T15:32:41.000Z,1
2019-10-15T15:37:12.000Z,1
2019-10-15T15:48:50.000Z,1
2019-10-15T15:51:08.000Z,1
2019-10-15T16:09:17.000Z,1
2019-10-15T16:24:58.000Z,1
2019-10-15T16:30:05.000Z,1
2019-10-15T17:33:01.000Z,1
2019-10-15T17:40:22.000Z,2
2019-10-15T17:44:09.000Z,1
2019-10-15T17:45:30.000Z,1
2019-10-15T18:00:00.000Z,2
2019-10-15T18:04:49.000Z,1
2019-10-15T18:14:59.000Z,1
2019-10-15T18:19:18.000Z,1
2019-10-15T19:04:56.000Z,1
2019-10-15T19:27:37.000Z,1
2019-10-15T21:00:20.000Z,1
2019-10-15T22:37:29.000Z,1
2019-10-16T01:00:09.000Z,1
2019-10-16T06:39:37.000Z,2
2019-10-16T07:33:42.000Z,1
2019-10-16T07:39:38.000Z,2
2019-10-16T07:57:37.000Z,1
2019-10-16T08:03:24.000Z,1
2019-10-16T08:06:17.000Z,1
2019-10-16T08:06:59.000Z,1
2019-10-16T08:08:55.000Z,1
2019-10-16T08:16:53.000Z,1
2019-10-16T08:24:39.000Z,2
2019-10-16T08:39:24.000Z,1
2019-10-16T08:42:28.000Z,2
2019-10-16T09:31:23.000Z,1
2019-10-16T11:34:14.000Z,1
2019-10-16T11:59:02.000Z,1
2019-10-16T12:05:40.000Z,1
2019-10-16T12:07:29.000Z,1
2019-10-16T12:17:19.000Z,1
2019-10-16T12:30:31.000Z,1
2019-10-16T13:06:12.000Z,1
2019-10-16T13:06:21.000Z,2
2019-10-16T14:51:22.000Z,1
2019-10-16T15:23:10.000Z,1
2019-10-16T15:43:03.000Z,1
2019-10-16T15:48:38.000Z,1
2019-10-16T15:56:15.000Z,1
2019-10-16T16:11:26.000Z,2
2019-10-16T16:28:43.000Z,1
2019-10-16T16:28:58.000Z,2
2019-10-16T16:28:57.000Z,1
2019-10-16T16:34:24.000Z,2
2019-10-16T16:42:38.000Z,1
2019-10-16T16:58:56.000Z,1
2019-10-16T17:03:46.000Z,1
2019-10-16T17:08:37.000Z,4
2019-10-16T17:15:56.000Z,1
2019-10-16T17:45:18.000Z,1
2019-10-16T17:46:54.000Z,1
2019-10-16T18:00:07.000Z,1
2019-10-16T18:10:16.000Z,2
2019-10-16T18:14:20.000Z,1
2019-10-16T18:17:55.000Z,2
2019-10-16T18:53:36.000Z,1
2019-10-16T19:00:41.000Z,1
2019-10-16T19:06:00.000Z,1
2019-10-16T19:13:38.000Z,1
2019-10-16T21:09:23.000Z,1
2019-10-16T21:24:05.000Z,1
2019-10-16T21:37:59.000Z,1
2019-10-16T21:49:53.000Z,1
2019-10-17T05:45:50.000Z,1
2019-10-17T06:22:01.000Z,1
2019-10-17T06:24:39.000Z,1
2019-10-17T06:39:48.000Z,1
2019-10-17T06:43:25.000Z,1
2019-10-17T07:04:37.000Z,1
2019-10-17T07:05:45.000Z,1
2019-10-17T07:26:22.000Z,1
2019-10-17T07:46:17.000Z,1
2019-10-17T07:50:29.000Z,2
2019-10-17T08:13:54.000Z,1
2019-10-17T08:20:56.000Z,1
2019-10-17T08:21:02.000Z,1
2019-10-17T08:22:06.000Z,1
2019-10-17T08:33:51.000Z,1
2019-10-17T08:35:00.000Z,1
2019-10-17T08:43:33.000Z,1
2019-10-17T08:44:17.000Z,1
2019-10-17T08:52:09.000Z,1
2019-10-17T09:01:43.000Z,1
2019-10-17T09:13:47.000Z,2
2019-10-17T10:37:56.000Z,1
2019-10-17T10:39:53.000Z,1
2019-10-17T10:40:07.000Z,1
2019-10-17T11:04:18.000Z,1
2019-10-17T11:15:30.000Z,1
2019-10-17T11:16:45.000Z,1
2019-10-17T11:18:26.000Z,2
2019-10-17T11:21:38.000Z,1
2019-10-17T11:54:20.000Z,1
2019-10-17T12:11:14.000Z,2
2019-10-17T12:11:50.000Z,1
2019-10-17T12:37:58.000Z,2
2019-10-17T12:39:05.000Z,1
2019-10-17T12:46:56.000Z,1
2019-10-17T13:20:08.000Z,1
2019-10-17T13:43:32.000Z,1
2019-10-17T13:57:32.000Z,1
2019-10-17T14:26:57.000Z,2
2019-10-17T14:55:59.000Z,1
2019-10-17T15:19:09.000Z,1
2019-10-17T15:21:17.000Z,1
2019-10-17T15:50:14.000Z,1
2019-10-17T15:59:58.000Z,1
2019-10-17T16:06:31.000Z,1
2019-10-17T16:14:58.000Z,1
2019-10-17T16:18:22.000Z,1
2019-10-17T16:36:01.000Z,1
2019-10-17T16:45:41.000Z,1
2019-10-17T16:47:25.000Z,1
2019-10-17T16:53:49.000Z,2
2019-10-17T16:57:15.000Z,1
2019-10-17T17:08:48.000Z,3
2019-10-17T17:10:56.000Z,1
2019-10-17T17:37:06.000Z,1
2019-10-17T17:46:51.000Z,1
2019-10-17T17:51:51.000Z,1
2019-10-17T17:53:05.000Z,1
2019-10-17T17:56:11.000Z,1
2019-10-17T17:56:34.000Z,1
2019-10-17T18:06:36.000Z,1
2019-10-17T18:18:59.000Z,1
2019-10-17T18:22:57.000Z,1
2019-10-17T18:31:58.000Z,1
2019-10-17T18:38:14.000Z,1
2019-10-17T18:39:27.000Z,2
2019-10-17T18:53:02.000Z,1
2019-10-17T18:56:36.000Z,1
2019-10-17T19:23:00.000Z,1
2019-10-17T20:11:15.000Z,1
2019-10-17T20:14:22.000Z,1
2019-10-17T20:47:19.000Z,1
2019-10-17T21:40:49.000Z,1
2019-10-17T21:43:14.000Z,1
2019-10-17T22:03:27.000Z,1
2019-10-17T22:54:44.000Z,1
2019-10-17T23:47:18.000Z,1
2019-10-18T00:31:48.000Z,1
2019-10-18T03:32:38.000Z,1
2019-10-18T06:58:17.000Z,1
2019-10-18T07:27:57.000Z,2
2019-10-18T07:33:05.000Z,1
2019-10-18T08:05:30.000Z,1
2019-10-18T08:06:49.000Z,1
2019-10-18T08:10:23.000Z,1
2019-10-18T08:23:20.000Z,1
2019-10-18T08:29:16.000Z,2
2019-10-18T09:06:02.000Z,1
2019-10-18T09:33:58.000Z,1
2019-10-18T09:40:02.000Z,1
2019-10-18T10:05:42.000Z,1
2019-10-18T10:27:53.000Z,1
2019-10-18T10:35:19.000Z,1
2019-10-18T11:08:00.000Z,1
2019-10-18T12:08:19.000Z,1
2019-10-18T12:15:55.000Z,1
2019-10-18T12:17:58.000Z,1
2019-10-18T13:05:41.000Z,1
2019-10-18T13:18:37.000Z,1
2019-10-18T13:32:34.000Z,1
2019-10-18T13:51:15.000Z,1
2019-10-18T14:07:02.000Z,1
2019-10-18T14:22:25.000Z,1
2019-10-18T14:48:08.000Z,1
2019-10-18T15:03:44.000Z,1
2019-10-18T15:22:21.000Z,1
2019-10-18T15:26:18.000Z,1
2019-10-18T15:31:18.000Z,1
2019-10-18T15:36:43.000Z,1
2019-10-18T15:43:55.000Z,1
2019-10-18T15:46:30.000Z,2
2019-10-18T16:11:24.000Z,1
2019-10-18T16:32:33.000Z,1
2019-10-18T16:40:13.000Z,1
2019-10-18T16:56:24.000Z,1
2019-10-18T17:06:24.000Z,1
2019-10-18T17:08:26.000Z,1
2019-10-18T17:11:22.000Z,1
2019-10-18T17:12:11.000Z,1
2019-10-18T17:12:56.000Z,2
2019-10-18T17:28:44.000Z,1
2019-10-18T17:52:02.000Z,1
2019-10-18T18:03:24.000Z,1
2019-10-18T18:04:19.000Z,1
2019-10-18T18:13:31.000Z,1
2019-10-18T18:14:07.000Z,1
2019-10-18T18:46:44.000Z,1
2019-10-18T18:55:12.000Z,1
2019-10-18T19:44:19.000Z,1
2019-10-18T19:44:15.000Z,1
2019-10-18T20:10:50.000Z,1
2019-10-18T20:12:55.000Z,1
2019-10-18T20:31:18.000Z,2
2019-10-18T21:14:44.000Z,1
2019-10-18T22:41:38.000Z,1
2019-10-18T23:34:11.000Z,1
2019-10-14T14:43:06.000Z,1
2019-10-14T14:55:13.000Z,2
2019-10-14T15:01:35.000Z,1
2019-10-14T15:08:11.000Z,1
2019-10-14T15:25:49.000Z,1
2019-10-14T15:30:59.000Z,1
2019-10-14T15:47:11.000Z,1
2019-10-14T15:49:16.000Z,1
2019-10-14T16:00:45.000Z,1
2019-10-14T16:24:34.000Z,1
2019-10-14T16:33:22.000Z,1
2019-10-14T16:36:28.000Z,2
2019-10-14T17:00:34.000Z,1
2019-10-14T17:19:23.000Z,2
2019-10-14T17:25:06.000Z,1
2019-10-14T17:35:09.000Z,1
2019-10-14T17:49:01.000Z,2
2019-10-14T17:53:46.000Z,2
2019-10-14T23:03:55.000Z,1
2019-10-15T05:34:06.000Z,2
2019-10-15T07:31:43.000Z,1
2019-10-15T12:03:27.000Z,2
2019-10-14T17:05:37.000Z,1
2019-10-14T17:24:58.000Z,1
2019-10-14T17:36:01.000Z,1
2019-10-14T17:45:56.000Z,1
2019-10-14T18:13:56.000Z,1
2019-10-14T18:39:03.000Z,1
2019-10-14T18:51:47.000Z,2
2019-10-14T18:58:39.000Z,1
2019-10-14T21:00:33.000Z,1
2019-10-14T21:44:14.000Z,1
2019-10-14T22:55:04.000Z,1
2019-10-15T05:29:53.000Z,1
2019-10-15T06:21:56.000Z,1
2019-10-15T06:30:55.000Z,1
2019-10-15T06:33:37.000Z,1
2019-10-15T06:55:15.000Z,1
2019-10-15T06:56:22.000Z,1
2019-10-15T07:00:42.000Z,1
2019-10-15T07:14:52.000Z,1
2019-10-15T07:16:55.000Z,1
2019-10-15T07:23:13.000Z,1
2019-10-15T07:37:38.000Z,1
2019-10-15T07:47:48.000Z,1
2019-10-15T08:00:05.000Z,2
2019-10-15T08:05:05.000Z,1
2019-10-15T08:06:39.000Z,3
2019-10-15T08:10:31.000Z,1
2019-10-15T08:11:13.000Z,1
2019-10-15T08:14:01.000Z,1
2019-10-15T08:19:01.000Z,1
2019-10-15T08:24:13.000Z,2
2019-10-15T08:25:44.000Z,2
2019-10-15T08:34:21.000Z,2
2019-10-15T08:55:45.000Z,1
2019-10-15T09:07:17.000Z,1
2019-10-15T09:19:51.000Z,1
2019-10-15T09:34:16.000Z,1
2019-10-15T10:16:02.000Z,1
2019-10-15T10:21:00.000Z,2
2019-10-15T10:44:18.000Z,1
2019-10-15T11:32:11.000Z,1
2019-10-15T11:47:53.000Z,1
2019-10-15T12:08:05.000Z,1
2019-10-15T12:34:15.000Z,1
2019-10-15T12:52:25.000Z,1
2019-10-15T12:53:24.000Z,1
2019-10-15T13:37:05.000Z,1
2019-10-15T14:01:53.000Z,1
2019-10-15T15:32:10.000Z,1
2019-10-15T15:49:55.000Z,1
2019-10-15T15:56:27.000Z,1
2019-10-15T16:16:57.000Z,1
2019-10-15T16:32:53.000Z,2
2019-10-15T16:35:33.000Z,1
2019-10-15T16:36:42.000Z,1
2019-10-15T16:46:52.000Z,1
2019-10-15T16:51:06.000Z,1
2019-10-15T17:05:54.000Z,1
2019-10-15T17:20:45.000Z,2
2019-10-15T17:34:05.000Z,2
2019-10-15T17:37:03.000Z,2
2019-10-15T17:42:44.000Z,2
2019-10-15T17:47:20.000Z,2
2019-10-15T18:02:55.000Z,1
2019-10-15T18:04:04.000Z,1
2019-10-15T18:21:50.000Z,1
2019-10-15T19:10:59.000Z,1
2019-10-15T19:12:31.000Z,1
2019-10-15T19:16:42.000Z,1
2019-10-15T19:24:33.000Z,1
2019-10-15T21:01:11.000Z,1
2019-10-15T22:04:31.000Z,1
2019-10-16T05:37:51.000Z,1
2019-10-16T06:13:19.000Z,1
2019-10-16T06:33:18.000Z,1
2019-10-16T06:42:26.000Z,1
2019-10-16T06:44:56.000Z,1
2019-10-16T07:12:39.000Z,1
2019-10-16T07:25:29.000Z,1
2019-10-16T07:31:53.000Z,2
2019-10-16T07:36:02.000Z,1
2019-10-16T07:47:32.000Z,1
2019-10-16T08:00:41.000Z,1
2019-10-16T08:14:20.000Z,1
2019-10-16T08:26:38.000Z,1
2019-10-16T08:32:04.000Z,1
2019-10-16T08:32:49.000Z,1
2019-10-16T08:38:35.000Z,1
2019-10-16T08:48:46.000Z,1
2019-10-16T08:52:02.000Z,1
2019-10-16T08:52:29.000Z,1
2019-10-16T09:03:32.000Z,1
2019-10-16T09:26:14.000Z,1
2019-10-16T10:12:25.000Z,1
2019-10-16T10:30:23.000Z,1
2019-10-16T11:32:43.000Z,1
2019-10-16T11:49:08.000Z,1
2019-10-16T11:56:14.000Z,1
2019-10-16T12:17:35.000Z,1
2019-10-16T12:19:37.000Z,1
2019-10-16T13:28:00.000Z,1
2019-10-16T13:31:28.000Z,1
2019-10-16T13:35:26.000Z,1
2019-10-16T13:56:42.000Z,1
2019-10-16T14:07:27.000Z,1
2019-10-16T15:41:09.000Z,1
2019-10-16T15:41:57.000Z,2
2019-10-16T15:44:03.000Z,1
2019-10-16T15:51:15.000Z,1
2019-10-16T16:03:11.000Z,1
2019-10-16T16:14:58.000Z,2
2019-10-16T16:25:22.000Z,1
2019-10-16T16:54:18.000Z,1
2019-10-16T16:56:34.000Z,2
2019-10-16T17:23:32.000Z,1
2019-10-16T17:25:30.000Z,2
2019-10-16T17:38:33.000Z,1
2019-10-16T17:41:33.000Z,1
2019-10-16T17:48:30.000Z,1
2019-10-16T18:09:37.000Z,1
2019-10-16T18:14:17.000Z,1
2019-10-16T18:28:43.000Z,1
2019-10-16T18:28:41.000Z,1
2019-10-16T18:49:13.000Z,1
2019-10-16T19:05:06.000Z,1
2019-10-16T19:34:57.000Z,1
2019-10-16T19:43:33.000Z,1
2019-10-16T19:48:26.000Z,1
2019-10-16T20:07:01.000Z,1
2019-10-16T20:50:55.000Z,1
2019-10-16T21:08:52.000Z,1
2019-10-16T22:11:25.000Z,1
2019-10-16T23:21:05.000Z,1
2019-10-17T06:16:37.000Z,1
2019-10-17T06:21:50.000Z,2
2019-10-17T06:26:43.000Z,1
2019-10-17T06:44:29.000Z,1
2019-10-17T06:54:37.000Z,1
2019-10-17T07:04:07.000Z,1
2019-10-17T07:05:23.000Z,1
2019-10-17T07:15:38.000Z,2
2019-10-17T07:16:54.000Z,1
2019-10-17T07:23:06.000Z,1
2019-10-17T07:25:31.000Z,1
2019-10-17T07:43:11.000Z,2
2019-10-17T07:55:57.000Z,2
2019-10-17T07:56:11.000Z,1
2019-10-17T08:00:58.000Z,1
2019-10-17T08:03:59.000Z,1
2019-10-17T08:04:27.000Z,1
2019-10-17T08:18:27.000Z,2
2019-10-17T08:44:40.000Z,1
2019-10-17T09:24:09.000Z,1
2019-10-17T09:51:59.000Z,1
2019-10-17T09:54:07.000Z,1
2019-10-17T10:55:40.000Z,1
2019-10-17T11:55:55.000Z,1
2019-10-17T12:12:26.000Z,1
2019-10-17T12:24:36.000Z,1
2019-10-17T12:42:54.000Z,1
2019-10-17T13:04:32.000Z,1
2019-10-17T14:03:52.000Z,1
2019-10-17T14:29:17.000Z,1
2019-10-17T15:25:10.000Z,1
2019-10-17T16:15:31.000Z,1
2019-10-17T16:28:12.000Z,1
2019-10-17T16:38:00.000Z,2
2019-10-17T16:38:41.000Z,1
2019-10-17T16:51:40.000Z,1
2019-10-17T16:52:37.000Z,3
2019-10-17T17:03:00.000Z,1
2019-10-17T17:12:13.000Z,4
2019-10-17T17:13:02.000Z,1
2019-10-17T17:28:17.000Z,1
2019-10-17T17:40:45.000Z,1
2019-10-17T18:25:03.000Z,1
2019-10-17T18:40:56.000Z,1
2019-10-17T18:52:13.000Z,1
2019-10-17T18:55:29.000Z,1
2019-10-17T19:23:06.000Z,2
2019-10-17T19:42:30.000Z,1
2019-10-17T19:43:43.000Z,1
2019-10-17T19:44:05.000Z,1
2019-10-17T19:46:42.000Z,1
2019-10-17T20:00:58.000Z,1
2019-10-17T20:12:44.000Z,1
2019-10-17T20:49:19.000Z,1
2019-10-17T21:07:43.000Z,1
2019-10-17T22:37:48.000Z,1
2019-10-18T05:22:31.000Z,1
2019-10-18T06:18:56.000Z,1
2019-10-18T06:44:25.000Z,1
2019-10-18T07:00:42.000Z,1
2019-10-18T07:21:29.000Z,1
2019-10-18T07:23:44.000Z,1
2019-10-18T08:04:15.000Z,1
2019-10-18T08:10:47.000Z,1
2019-10-18T08:12:45.000Z,1
2019-10-18T08:13:51.000Z,2
2019-10-18T08:19:11.000Z,1
2019-10-18T08:24:06.000Z,1
2019-10-18T08:47:30.000Z,1
2019-10-18T08:55:36.000Z,1
2019-10-18T09:22:14.000Z,2
2019-10-18T09:29:16.000Z,1
2019-10-18T09:45:21.000Z,1
2019-10-18T09:57:21.000Z,1
2019-10-18T11:06:29.000Z,1
2019-10-18T11:09:08.000Z,1
2019-10-18T11:30:38.000Z,1
2019-10-18T11:41:44.000Z,1
2019-10-18T11:50:20.000Z,1
2019-10-18T12:21:33.000Z,1
2019-10-18T12:51:03.000Z,1
2019-10-18T13:21:41.000Z,1
2019-10-18T13:24:06.000Z,1
2019-10-18T14:47:44.000Z,1
2019-10-18T15:07:46.000Z,1
2019-10-18T15:34:07.000Z,1
2019-10-18T15:47:04.000Z,1
2019-10-18T15:52:13.000Z,1
2019-10-18T15:57:59.000Z,1
2019-10-18T16:00:38.000Z,1
2019-10-18T16:04:10.000Z,1
2019-10-18T16:16:58.000Z,1
2019-10-18T16:19:56.000Z,2
2019-10-18T16:32:51.000Z,1
2019-10-18T16:39:32.000Z,1
2019-10-18T16:43:49.000Z,1
2019-10-18T16:47:12.000Z,1
2019-10-18T17:02:10.000Z,1
2019-10-18T17:05:19.000Z,1
2019-10-18T17:36:53.000Z,1
2019-10-18T17:53:08.000Z,1
2019-10-18T17:55:13.000Z,1
2019-10-18T17:55:38.000Z,1
2019-10-18T17:58:38.000Z,1
2019-10-18T18:03:25.000Z,1
2019-10-18T18:11:00.000Z,1
2019-10-18T18:11:31.000Z,1
2019-10-18T18:11:38.000Z,1
2019-10-18T18:18:05.000Z,2
2019-10-18T18:21:07.000Z,1
2019-10-18T18:42:10.000Z,1
2019-10-18T18:45:30.000Z,1
2019-10-18T18:51:32.000Z,1
2019-10-18T19:14:36.000Z,1
2019-10-18T20:02:57.000Z,1
2019-10-18T20:14:29.000Z,1
2019-10-18T20:53:50.000Z,1
2019-10-18T22:06:37.000Z,1
2019-10-18T22:14:43.000Z,1
2019-10-18T23:12:25.000Z,1
2019-10-18T23:14:25.000Z,1
2019-10-18T23:25:27.000Z,1
2019-10-14T14:49:07.000Z,1
2019-10-14T15:00:30.000Z,1
2019-10-14T15:20:02.000Z,1
2019-10-14T15:28:44.000Z,1
2019-10-14T16:08:25.000Z,1
2019-10-14T16:41:49.000Z,1
2019-10-14T16:42:47.000Z,2
2019-10-14T16:48:37.000Z,1
2019-10-14T17:00:30.000Z,1
2019-10-14T17:14:47.000Z,1
2019-10-14T17:35:43.000Z,1
2019-10-14T17:40:16.000Z,2
2019-10-14T17:47:50.000Z,2
2019-10-14T18:19:26.000Z,1
2019-10-14T18:48:08.000Z,1
2019-10-14T18:59:28.000Z,2
2019-10-15T05:56:43.000Z,1
2019-10-14T18:41:05.000Z,1
2019-10-14T20:44:24.000Z,1
2019-10-14T21:14:43.000Z,1
2019-10-14T21:20:53.000Z,1
2019-10-15T05:18:58.000Z,1
2019-10-15T06:30:19.000Z,1
2019-10-15T07:41:35.000Z,1
2019-10-15T07:44:14.000Z,1
2019-10-15T07:46:14.000Z,1
2019-10-15T07:51:37.000Z,2
2019-10-15T07:54:11.000Z,2
2019-10-15T07:55:57.000Z,2
2019-10-15T07:57:23.000Z,2
2019-10-15T08:07:46.000Z,1
2019-10-15T08:17:21.000Z,2
2019-10-15T08:18:27.000Z,1
2019-10-15T08:23:34.000Z,1
2019-10-15T08:28:21.000Z,1
2019-10-15T08:29:04.000Z,1
2019-10-15T08:36:47.000Z,3
2019-10-15T08:39:19.000Z,2
2019-10-15T08:43:49.000Z,2
2019-10-15T09:31:14.000Z,1
2019-10-15T10:37:50.000Z,1
2019-10-15T10:51:28.000Z,1
2019-10-15T11:20:16.000Z,1
2019-10-15T11:23:58.000Z,1
2019-10-15T11:50:49.000Z,1
2019-10-15T12:18:09.000Z,1
2019-10-15T12:23:25.000Z,1
2019-10-15T12:42:30.000Z,1
2019-10-15T12:46:45.000Z,2
2019-10-15T12:49:58.000Z,1
2019-10-15T13:08:50.000Z,1
2019-10-15T13:34:15.000Z,1
2019-10-15T13:38:47.000Z,1
2019-10-15T13:50:48.000Z,1
2019-10-15T14:08:02.000Z,1
2019-10-15T14:09:51.000Z,1
2019-10-15T14:38:30.000Z,1
2019-10-15T14:51:32.000Z,2
2019-10-15T14:52:41.000Z,2
2019-10-15T14:53:34.000Z,1
2019-10-15T15:20:00.000Z,1
2019-10-15T15:40:03.000Z,1
2019-10-15T15:50:14.000Z,1
2019-10-15T16:05:18.000Z,1
2019-10-15T16:08:49.000Z,1
2019-10-15T16:17:16.000Z,1
2019-10-15T16:19:28.000Z,1
2019-10-15T16:25:30.000Z,1
2019-10-15T16:49:47.000Z,1
2019-10-15T16:52:05.000Z,1
2019-10-15T16:55:55.000Z,1
2019-10-15T17:05:25.000Z,1
2019-10-15T17:29:07.000Z,1
2019-10-15T17:43:55.000Z,1
2019-10-15T17:48:19.000Z,2
2019-10-15T17:49:37.000Z,1
2019-10-15T18:10:14.000Z,1
2019-10-15T18:36:03.000Z,2
2019-10-15T18:43:33.000Z,1
2019-10-15T18:50:43.000Z,1
2019-10-15T19:16:07.000Z,1
2019-10-15T21:00:36.000Z,1
2019-10-15T22:10:28.000Z,1
2019-10-16T04:45:42.000Z,1
2019-10-16T06:32:07.000Z,1
2019-10-16T06:43:33.000Z,1
2019-10-16T06:52:37.000Z,1
2019-10-16T06:58:29.000Z,1
2019-10-16T07:00:54.000Z,2
2019-10-16T07:09:45.000Z,1
2019-10-16T07:40:16.000Z,1
2019-10-16T07:40:44.000Z,1
2019-10-16T07:42:03.000Z,1
2019-10-16T07:47:16.000Z,2
2019-10-16T07:55:15.000Z,2
2019-10-16T08:17:59.000Z,1
2019-10-16T08:24:43.000Z,2
2019-10-16T08:30:11.000Z,1
2019-10-16T10:34:32.000Z,1
2019-10-16T12:45:57.000Z,1
2019-10-16T13:34:12.000Z,1
2019-10-16T14:01:12.000Z,1
2019-10-16T14:01:30.000Z,1
2019-10-16T14:45:33.000Z,1
2019-10-16T15:36:44.000Z,1
2019-10-16T15:36:47.000Z,1
2019-10-16T15:42:17.000Z,1
2019-10-16T15:45:06.000Z,1
2019-10-16T16:00:11.000Z,1
2019-10-16T16:17:16.000Z,1
2019-10-16T16:34:11.000Z,1
2019-10-16T16:38:44.000Z,2
2019-10-16T17:28:16.000Z,1
2019-10-16T17:31:06.000Z,1
2019-10-16T17:35:48.000Z,4
2019-10-16T17:40:05.000Z,2
2019-10-16T17:59:17.000Z,1
2019-10-16T18:03:59.000Z,1
2019-10-16T18:06:47.000Z,1
2019-10-16T18:07:31.000Z,1
2019-10-16T18:12:14.000Z,1
2019-10-16T18:13:57.000Z,1
2019-10-16T18:31:30.000Z,1
2019-10-16T18:34:53.000Z,2
2019-10-16T18:38:58.000Z,1
2019-10-16T19:17:28.000Z,1
2019-10-16T19:25:27.000Z,1
2019-10-16T19:31:28.000Z,1
2019-10-16T20:03:45.000Z,1
2019-10-16T21:00:23.000Z,1
2019-10-16T21:06:40.000Z,1
2019-10-16T21:28:44.000Z,1
2019-10-16T21:59:38.000Z,1
2019-10-16T22:21:42.000Z,1
2019-10-17T00:52:19.000Z,1
2019-10-17T06:48:34.000Z,1
2019-10-17T06:51:28.000Z,1
2019-10-17T07:25:55.000Z,1
2019-10-17T07:31:16.000Z,1
2019-10-17T07:33:40.000Z,1
2019-10-17T07:44:25.000Z,1
2019-10-17T07:46:49.000Z,1
2019-10-17T07:46:56.000Z,2
2019-10-17T07:52:39.000Z,2
2019-10-17T07:54:39.000Z,1
2019-10-17T08:00:02.000Z,2
2019-10-17T08:11:08.000Z,1
2019-10-17T08:11:43.000Z,2
2019-10-17T08:35:56.000Z,1
2019-10-17T08:48:19.000Z,2
2019-10-17T09:07:59.000Z,1
2019-10-17T09:15:02.000Z,1
2019-10-17T09:22:33.000Z,1
2019-10-17T09:47:33.000Z,1
2019-10-17T09:55:13.000Z,2
2019-10-17T10:07:18.000Z,1
2019-10-17T10:37:15.000Z,1
2019-10-17T10:47:45.000Z,1
2019-10-17T11:23:16.000Z,1
2019-10-17T12:24:03.000Z,1
2019-10-17T12:37:06.000Z,1
2019-10-17T12:37:55.000Z,1
2019-10-17T12:56:18.000Z,1
2019-10-17T12:58:59.000Z,1
2019-10-17T13:03:10.000Z,1
2019-10-17T13:33:46.000Z,1
2019-10-17T13:56:22.000Z,1
2019-10-17T14:01:50.000Z,1
2019-10-17T14:32:25.000Z,1
2019-10-17T15:05:06.000Z,1
2019-10-17T15:25:45.000Z,1
2019-10-17T15:42:25.000Z,1
2019-10-17T16:11:42.000Z,2
2019-10-17T16:31:51.000Z,1
2019-10-17T16:45:33.000Z,2
2019-10-17T16:55:31.000Z,1
2019-10-17T17:03:02.000Z,1
2019-10-17T17:07:41.000Z,1
2019-10-17T17:11:43.000Z,2
2019-10-17T17:12:31.000Z,2
2019-10-17T17:34:05.000Z,3
2019-10-17T17:35:09.000Z,1
2019-10-17T17:39:18.000Z,1
2019-10-17T17:47:23.000Z,1
2019-10-17T18:03:47.000Z,1
2019-10-17T18:16:45.000Z,1
2019-10-17T18:26:33.000Z,1
2019-10-17T18:28:22.000Z,1
2019-10-17T20:33:13.000Z,1
2019-10-17T22:36:40.000Z,1
2019-10-17T23:23:36.000Z,1
2019-10-17T23:34:10.000Z,1
2019-10-17T23:36:40.000Z,1
2019-10-18T00:01:22.000Z,1
2019-10-18T00:15:27.000Z,1
2019-10-18T05:47:46.000Z,1
2019-10-18T06:33:31.000Z,1
2019-10-18T06:40:15.000Z,1
2019-10-18T07:09:22.000Z,1
2019-10-18T07:20:38.000Z,1
2019-10-18T07:55:12.000Z,1
2019-10-18T08:18:57.000Z,1
2019-10-18T08:31:15.000Z,1
2019-10-18T08:33:25.000Z,1
2019-10-18T08:34:33.000Z,1
2019-10-18T08:50:00.000Z,1
2019-10-18T08:58:24.000Z,1
2019-10-18T09:04:26.000Z,1
2019-10-18T09:10:14.000Z,1
2019-10-18T09:20:57.000Z,1
2019-10-18T09:33:11.000Z,1
2019-10-18T09:51:44.000Z,1
2019-10-18T10:03:30.000Z,1
2019-10-18T10:16:21.000Z,1
2019-10-18T10:45:31.000Z,1
2019-10-18T11:01:06.000Z,1
2019-10-18T11:04:20.000Z,1
2019-10-18T11:07:18.000Z,1
2019-10-18T12:29:07.000Z,1
2019-10-18T12:39:33.000Z,1
2019-10-18T12:41:57.000Z,2
2019-10-18T12:44:10.000Z,1
2019-10-18T13:21:52.000Z,1
2019-10-18T14:46:06.000Z,1
2019-10-18T15:38:33.000Z,1
2019-10-18T15:45:40.000Z,2
2019-10-18T15:47:10.000Z,1
2019-10-18T16:14:42.000Z,1
2019-10-18T16:22:57.000Z,1
2019-10-18T16:36:32.000Z,1
2019-10-18T16:37:13.000Z,2
2019-10-18T16:40:31.000Z,1
2019-10-18T16:47:32.000Z,1
2019-10-18T17:16:54.000Z,1
2019-10-18T17:32:48.000Z,1
2019-10-18T17:57:48.000Z,1
2019-10-18T18:08:52.000Z,1
2019-10-18T18:19:55.000Z,1
2019-10-18T19:03:58.000Z,1
2019-10-18T19:14:57.000Z,1
2019-10-18T19:18:40.000Z,1
2019-10-18T19:19:39.000Z,1
2019-10-18T20:09:02.000Z,1
2019-10-14T15:11:56.000Z,1
2019-10-14T15:12:58.000Z,1
2019-10-14T15:24:49.000Z,1
2019-10-14T15:37:29.000Z,1
2019-10-14T15:53:55.000Z,1
2019-10-14T16:03:16.000Z,1
2019-10-14T16:04:47.000Z,1
2019-10-14T16:06:50.000Z,1
2019-10-14T16:17:11.000Z,1
2019-10-14T16:17:33.000Z,1
2019-10-14T16:27:34.000Z,1
2019-10-14T16:38:17.000Z,1
2019-10-14T16:39:20.000Z,1
2019-10-14T16:39:24.000Z,2
2019-10-14T16:50:47.000Z,2
2019-10-14T16:51:08.000Z,1
2019-10-14T16:57:14.000Z,1
2019-10-14T16:59:26.000Z,1
2019-10-14T17:03:35.000Z,1
2019-10-14T17:04:26.000Z,1
2019-10-14T17:09:35.000Z,1
2019-10-14T17:26:04.000Z,1
2019-10-14T17:33:43.000Z,1
2019-10-14T17:35:45.000Z,1
2019-10-14T17:53:03.000Z,1
2019-10-14T18:15:50.000Z,1
2019-10-15T10:07:05.000Z,1
2019-10-14T16:55:33.000Z,5
2019-10-14T17:28:38.000Z,1
2019-10-14T17:29:30.000Z,1
2019-10-14T17:30:14.000Z,1
2019-10-14T17:34:51.000Z,2
2019-10-14T17:53:57.000Z,1
2019-10-14T18:09:05.000Z,1
2019-10-14T18:11:46.000Z,1
2019-10-14T18:20:49.000Z,1
2019-10-14T18:33:03.000Z,1
2019-10-14T18:44:37.000Z,1
2019-10-14T18:54:56.000Z,1
2019-10-14T19:39:43.000Z,1
2019-10-14T19:42:57.000Z,1
2019-10-14T19:54:35.000Z,2
2019-10-14T20:35:37.000Z,1
2019-10-14T22:07:24.000Z,1
2019-10-15T05:39:38.000Z,1
2019-10-15T06:28:21.000Z,1
2019-10-15T06:31:59.000Z,1
2019-10-15T07:27:33.000Z,1
2019-10-15T07:28:16.000Z,2
2019-10-15T07:54:00.000Z,1
2019-10-15T07:56:17.000Z,1
2019-10-15T08:06:23.000Z,1
2019-10-15T08:09:01.000Z,1
2019-10-15T08:21:03.000Z,1
2019-10-15T08:26:28.000Z,2
2019-10-15T08:27:55.000Z,2
2019-10-15T08:28:59.000Z,2
2019-10-15T08:43:39.000Z,1
2019-10-15T08:49:56.000Z,1
2019-10-15T08:55:26.000Z,2
2019-10-15T09:01:55.000Z,1
2019-10-15T09:05:54.000Z,1
2019-10-15T09:25:07.000Z,1
2019-10-15T09:27:41.000Z,1
2019-10-15T09:30:58.000Z,1
2019-10-15T09:34:10.000Z,1
2019-10-15T10:41:38.000Z,1
2019-10-15T12:50:50.000Z,1
2019-10-15T13:22:47.000Z,1
2019-10-15T13:27:11.000Z,1
2019-10-15T13:30:28.000Z,2
2019-10-15T13:48:23.000Z,1
2019-10-15T14:21:22.000Z,1
2019-10-15T15:41:18.000Z,1
2019-10-15T15:58:43.000Z,1
2019-10-15T15:58:49.000Z,1
2019-10-15T16:18:36.000Z,1
2019-10-15T16:45:32.000Z,1
2019-10-15T16:45:47.000Z,2
2019-10-15T16:56:33.000Z,2
2019-10-15T17:11:27.000Z,1
2019-10-15T17:12:20.000Z,1
2019-10-15T17:40:34.000Z,2
2019-10-15T17:48:20.000Z,2
2019-10-15T17:58:06.000Z,1
2019-10-15T18:08:32.000Z,1
2019-10-15T18:17:36.000Z,1
2019-10-15T18:29:00.000Z,1
2019-10-15T18:41:13.000Z,1
2019-10-15T18:46:40.000Z,2
2019-10-15T18:47:22.000Z,1
2019-10-15T18:51:24.000Z,1
2019-10-15T19:06:28.000Z,1
2019-10-15T20:11:31.000Z,1
2019-10-15T21:03:04.000Z,1
2019-10-15T21:06:56.000Z,1
2019-10-15T21:33:53.000Z,1
2019-10-15T21:48:23.000Z,1
2019-10-15T22:14:37.000Z,1
2019-10-15T22:16:17.000Z,1
2019-10-16T07:06:21.000Z,1
2019-10-16T07:16:04.000Z,1
2019-10-16T07:50:38.000Z,2
2019-10-16T08:04:55.000Z,1
2019-10-16T08:29:01.000Z,1
2019-10-16T08:44:36.000Z,1
2019-10-16T09:39:55.000Z,1
2019-10-16T09:56:16.000Z,1
2019-10-16T10:14:21.000Z,1
2019-10-16T10:15:24.000Z,1
2019-10-16T11:34:24.000Z,1
2019-10-16T11:37:14.000Z,1
2019-10-16T12:27:41.000Z,1
2019-10-16T12:47:40.000Z,1
2019-10-16T13:29:56.000Z,1
2019-10-16T13:55:57.000Z,1
2019-10-16T14:34:55.000Z,1
2019-10-16T15:25:54.000Z,1
2019-10-16T15:29:00.000Z,1
2019-10-16T15:31:35.000Z,1
2019-10-16T15:44:09.000Z,1
2019-10-16T16:31:33.000Z,2
2019-10-16T16:47:29.000Z,1
2019-10-16T17:12:29.000Z,2
2019-10-16T17:22:34.000Z,1
2019-10-16T17:26:15.000Z,2
2019-10-16T17:26:16.000Z,1
2019-10-16T17:39:53.000Z,1
2019-10-16T17:39:55.000Z,1
2019-10-16T17:42:17.000Z,1
2019-10-16T17:44:03.000Z,1
2019-10-16T17:52:17.000Z,1
2019-10-16T18:07:05.000Z,1
2019-10-16T18:08:33.000Z,1
2019-10-16T18:09:26.000Z,1
2019-10-16T18:12:22.000Z,1
2019-10-16T19:02:58.000Z,1
2019-10-16T19:24:34.000Z,1
2019-10-16T19:27:54.000Z,1
2019-10-16T19:40:33.000Z,1
2019-10-16T19:57:29.000Z,1
2019-10-16T20:00:10.000Z,1
2019-10-16T20:19:40.000Z,1
2019-10-16T20:30:21.000Z,1
2019-10-16T20:30:40.000Z,1
2019-10-16T21:49:31.000Z,1
2019-10-16T22:01:07.000Z,1
2019-10-16T23:54:00.000Z,1
2019-10-17T00:33:48.000Z,1
2019-10-17T00:33:58.000Z,1
2019-10-17T06:01:05.000Z,1
2019-10-17T06:07:41.000Z,1
2019-10-17T06:19:42.000Z,1
2019-10-17T06:20:04.000Z,1
2019-10-17T07:25:53.000Z,1
2019-10-17T07:27:24.000Z,1
2019-10-17T07:36:53.000Z,1
2019-10-17T07:39:17.000Z,1
2019-10-17T07:49:34.000Z,2
2019-10-17T07:50:13.000Z,1
2019-10-17T07:51:19.000Z,2
2019-10-17T07:51:50.000Z,1
2019-10-17T07:57:50.000Z,1
2019-10-17T08:12:58.000Z,1
2019-10-17T08:27:28.000Z,1
2019-10-17T08:47:38.000Z,1
2019-10-17T08:57:48.000Z,1
2019-10-17T09:13:12.000Z,1
2019-10-17T09:13:15.000Z,1
2019-10-17T09:26:36.000Z,1
2019-10-17T11:03:07.000Z,1
2019-10-17T11:16:27.000Z,1
2019-10-17T12:37:24.000Z,1
2019-10-17T13:05:35.000Z,1
2019-10-17T14:05:17.000Z,1
2019-10-17T14:06:02.000Z,1
2019-10-17T14:15:09.000Z,1
2019-10-17T15:27:30.000Z,1
2019-10-17T16:05:27.000Z,1
2019-10-17T16:10:48.000Z,2
2019-10-17T16:20:40.000Z,2
2019-10-17T16:32:14.000Z,1
2019-10-17T16:45:02.000Z,1
2019-10-17T16:47:38.000Z,1
2019-10-17T16:47:47.000Z,1
2019-10-17T16:53:02.000Z,1
2019-10-17T16:54:54.000Z,2
2019-10-17T16:55:27.000Z,1
2019-10-17T17:12:02.000Z,1
2019-10-17T17:16:59.000Z,1
2019-10-17T17:25:42.000Z,2
2019-10-17T17:32:46.000Z,1
2019-10-17T17:33:15.000Z,1
2019-10-17T17:37:18.000Z,1
2019-10-17T17:41:41.000Z,2
2019-10-17T18:11:32.000Z,1
2019-10-17T18:18:21.000Z,1
2019-10-17T18:23:37.000Z,1
2019-10-17T18:26:49.000Z,1
2019-10-17T18:31:05.000Z,1
2019-10-17T18:34:52.000Z,1
2019-10-17T19:01:30.000Z,1
2019-10-17T19:08:02.000Z,1
2019-10-17T19:13:42.000Z,1
2019-10-17T19:16:27.000Z,2
2019-10-17T19:21:49.000Z,1
2019-10-17T19:47:52.000Z,4
2019-10-17T19:49:24.000Z,1
2019-10-17T19:50:10.000Z,1
2019-10-17T19:54:23.000Z,1
2019-10-17T20:12:35.000Z,1
2019-10-17T20:42:09.000Z,1
2019-10-17T20:42:47.000Z,1
2019-10-17T20:54:38.000Z,1
2019-10-17T21:17:37.000Z,1
2019-10-17T21:54:46.000Z,1
2019-10-18T00:57:34.000Z,1
2019-10-18T01:00:53.000Z,1
2019-10-18T05:45:38.000Z,2
2019-10-18T06:07:14.000Z,1
2019-10-18T06:20:27.000Z,1
2019-10-18T07:13:57.000Z,1
2019-10-18T07:45:50.000Z,1
2019-10-18T07:50:53.000Z,1
2019-10-18T08:24:37.000Z,2
2019-10-18T08:40:08.000Z,1
2019-10-18T09:32:59.000Z,1
2019-10-18T10:01:46.000Z,1
2019-10-18T10:31:27.000Z,1
2019-10-18T11:11:54.000Z,1
2019-10-18T11:31:09.000Z,1
2019-10-18T12:38:03.000Z,1
2019-10-18T13:47:30.000Z,1
2019-10-18T13:56:52.000Z,1
2019-10-18T14:51:22.000Z,1
2019-10-18T15:45:15.000Z,1
2019-10-18T15:54:48.000Z,1
2019-10-18T15:57:45.000Z,2
2019-10-18T16:10:07.000Z,1
2019-10-18T16:19:41.000Z,1
2019-10-18T16:28:04.000Z,1
2019-10-18T16:36:17.000Z,1
2019-10-18T17:03:59.000Z,2
2019-10-18T17:06:09.000Z,1
2019-10-18T17:11:54.000Z,1
2019-10-18T17:14:27.000Z,2
2019-10-18T17:30:57.000Z,1
2019-10-18T17:45:00.000Z,1
2019-10-18T17:50:34.000Z,1
2019-10-18T18:10:52.000Z,1
2019-10-18T18:13:17.000Z,1
2019-10-18T18:18:33.000Z,2
2019-10-18T18:20:15.000Z,1
2019-10-18T18:38:27.000Z,1
2019-10-18T18:46:57.000Z,1
2019-10-18T18:56:47.000Z,2
2019-10-18T19:08:20.000Z,1
2019-10-18T19:18:25.000Z,1
2019-10-18T19:42:09.000Z,1
2019-10-18T19:45:51.000Z,1
2019-10-18T20:09:13.000Z,1
2019-10-18T20:09:52.000Z,1
2019-10-18T20:31:39.000Z,1
2019-10-18T20:36:06.000Z,1
2019-10-18T20:45:11.000Z,1
2019-10-18T21:15:55.000Z,1
2019-10-18T22:02:18.000Z,1
2019-10-14T15:18:59.000Z,1
2019-10-14T15:36:29.000Z,1
2019-10-14T15:40:45.000Z,1
2019-10-14T15:47:52.000Z,1
2019-10-14T16:05:23.000Z,1
2019-10-14T16:09:36.000Z,1
2019-10-14T16:22:50.000Z,1
2019-10-14T16:28:15.000Z,1
2019-10-14T16:31:56.000Z,1
2019-10-14T16:45:24.000Z,1
2019-10-14T16:58:53.000Z,1
2019-10-14T17:28:10.000Z,1
2019-10-14T17:38:04.000Z,1
2019-10-14T17:49:02.000Z,1
2019-10-14T17:56:52.000Z,1
2019-10-14T17:57:42.000Z,2
2019-10-14T18:04:05.000Z,1
2019-10-14T18:12:14.000Z,1
2019-10-14T18:16:23.000Z,1
2019-10-14T18:39:04.000Z,1
2019-10-14T19:02:02.000Z,1
2019-10-14T19:20:58.000Z,1
2019-10-15T07:23:19.000Z,2
2019-10-15T09:09:48.000Z,1
2019-10-14T16:01:18.000Z,1
2019-10-14T16:19:23.000Z,1
2019-10-14T17:31:42.000Z,2
2019-10-14T17:44:26.000Z,1
2019-10-14T18:04:01.000Z,2
2019-10-14T18:20:47.000Z,1
2019-10-14T18:21:14.000Z,1
2019-10-14T18:25:36.000Z,1
2019-10-14T19:23:52.000Z,2
2019-10-14T19:47:13.000Z,1
2019-10-14T19:49:21.000Z,1
2019-10-14T21:37:56.000Z,1
2019-10-14T21:58:06.000Z,1
2019-10-15T06:07:23.000Z,1
2019-10-15T06:13:28.000Z,1
2019-10-15T06:32:39.000Z,1
2019-10-15T06:37:05.000Z,1
2019-10-15T06:42:04.000Z,1
2019-10-15T07:25:59.000Z,1
2019-10-15T07:28:12.000Z,1
2019-10-15T08:12:16.000Z,1
2019-10-15T08:18:40.000Z,1
2019-10-15T08:20:04.000Z,2
2019-10-15T08:25:55.000Z,1
2019-10-15T08:40:43.000Z,3
2019-10-15T08:51:24.000Z,1
2019-10-15T09:12:09.000Z,1
2019-10-15T09:18:27.000Z,1
2019-10-15T09:34:46.000Z,1
2019-10-15T10:44:24.000Z,1
2019-10-15T11:12:16.000Z,1
2019-10-15T11:28:58.000Z,1
2019-10-15T11:37:39.000Z,2
2019-10-15T11:42:17.000Z,1
2019-10-15T12:54:24.000Z,1
2019-10-15T13:34:33.000Z,1
2019-10-15T14:06:02.000Z,1
2019-10-15T14:10:29.000Z,1
2019-10-15T14:16:42.000Z,1
2019-10-15T14:35:51.000Z,2
2019-10-15T14:46:54.000Z,1
2019-10-15T15:31:26.000Z,1
2019-10-15T15:33:59.000Z,1
2019-10-15T15:37:59.000Z,1
2019-10-15T15:43:25.000Z,1
2019-10-15T16:30:20.000Z,1
2019-10-15T16:34:06.000Z,1
2019-10-15T16:58:17.000Z,1
2019-10-15T16:59:05.000Z,1
2019-10-15T17:01:58.000Z,4
2019-10-15T17:02:19.000Z,1
2019-10-15T17:09:38.000Z,1
2019-10-15T17:17:23.000Z,4
2019-10-15T17:18:24.000Z,1
2019-10-15T17:36:52.000Z,2
2019-10-15T17:47:31.000Z,1
2019-10-15T17:59:05.000Z,1
2019-10-15T18:17:18.000Z,1
2019-10-15T18:25:28.000Z,1
2019-10-15T18:40:08.000Z,2
2019-10-15T18:41:02.000Z,1
2019-10-15T20:25:17.000Z,1
2019-10-15T20:31:21.000Z,1
2019-10-15T20:31:25.000Z,1
2019-10-15T21:14:59.000Z,1
2019-10-15T21:35:49.000Z,1
2019-10-15T21:40:01.000Z,1
2019-10-15T22:55:06.000Z,1
2019-10-16T00:37:31.000Z,1
2019-10-16T05:39:26.000Z,1
2019-10-16T06:44:41.000Z,1
2019-10-16T06:56:49.000Z,1
2019-10-16T07:00:24.000Z,1
2019-10-16T07:01:38.000Z,1
2019-10-16T07:12:18.000Z,2
2019-10-16T07:20:39.000Z,1
2019-10-16T07:36:20.000Z,2
2019-10-16T07:37:28.000Z,1
2019-10-16T07:45:59.000Z,1
2019-10-16T07:50:34.000Z,1
2019-10-16T07:56:55.000Z,2
2019-10-16T08:16:13.000Z,1
2019-10-16T08:21:05.000Z,1
2019-10-16T08:30:03.000Z,1
2019-10-16T08:31:03.000Z,1
2019-10-16T09:04:52.000Z,2
2019-10-16T09:30:38.000Z,1
2019-10-16T10:26:27.000Z,1
2019-10-16T11:45:07.000Z,1
2019-10-16T11:57:47.000Z,1
2019-10-16T12:03:44.000Z,1
2019-10-16T12:15:21.000Z,1
2019-10-16T13:49:04.000Z,1
2019-10-16T13:52:23.000Z,1
2019-10-16T13:57:18.000Z,1
2019-10-16T14:35:13.000Z,1
2019-10-16T14:40:43.000Z,1
2019-10-16T14:40:57.000Z,1
2019-10-16T15:01:59.000Z,1
2019-10-16T15:07:09.000Z,1
2019-10-16T15:13:34.000Z,1
2019-10-16T15:27:26.000Z,1
2019-10-16T15:34:12.000Z,1
2019-10-16T16:14:15.000Z,1
2019-10-16T16:30:59.000Z,1
2019-10-16T16:33:35.000Z,1
2019-10-16T17:11:16.000Z,3
2019-10-16T17:14:25.000Z,3
2019-10-16T17:15:29.000Z,1
2019-10-16T17:18:09.000Z,1
2019-10-16T17:31:26.000Z,1
2019-10-16T17:39:25.000Z,2
2019-10-16T18:00:30.000Z,1
2019-10-16T18:06:17.000Z,1
2019-10-16T18:20:32.000Z,2
2019-10-16T18:23:40.000Z,1
2019-10-16T18:25:57.000Z,1
2019-10-16T18:30:11.000Z,1
2019-10-16T18:34:05.000Z,1
2019-10-16T18:48:10.000Z,1
2019-10-16T18:52:31.000Z,1
2019-10-16T19:04:42.000Z,3
2019-10-16T19:08:20.000Z,1
2019-10-16T19:23:40.000Z,1
2019-10-16T19:35:17.000Z,1
2019-10-16T19:41:18.000Z,1
2019-10-16T19:53:19.000Z,1
2019-10-16T19:55:43.000Z,1
2019-10-16T20:01:03.000Z,1
2019-10-16T20:15:17.000Z,1
2019-10-16T20:23:06.000Z,1
2019-10-16T22:19:23.000Z,1
2019-10-17T05:16:41.000Z,1
2019-10-17T05:41:56.000Z,1
2019-10-17T06:38:23.000Z,1
2019-10-17T07:18:48.000Z,1
2019-10-17T07:37:09.000Z,1
2019-10-17T07:53:53.000Z,1
2019-10-17T07:59:25.000Z,3
2019-10-17T08:01:36.000Z,1
2019-10-17T08:12:06.000Z,2
2019-10-17T08:22:37.000Z,1
2019-10-17T08:25:29.000Z,1
2019-10-17T08:38:32.000Z,1
2019-10-17T08:41:38.000Z,1
2019-10-17T08:50:40.000Z,3
2019-10-17T08:53:24.000Z,1
2019-10-17T09:07:36.000Z,2
2019-10-17T10:11:46.000Z,1
2019-10-17T10:42:30.000Z,1
2019-10-17T10:54:34.000Z,1
2019-10-17T10:58:16.000Z,1
2019-10-17T11:29:25.000Z,1
2019-10-17T12:00:56.000Z,2
2019-10-17T12:01:50.000Z,1
2019-10-17T12:14:30.000Z,1
2019-10-17T12:17:06.000Z,1
2019-10-17T12:53:03.000Z,1
2019-10-17T13:06:19.000Z,1
2019-10-17T13:16:34.000Z,1
2019-10-17T13:24:13.000Z,1
2019-10-17T13:28:07.000Z,1
2019-10-17T13:52:07.000Z,1
2019-10-17T14:01:36.000Z,1
2019-10-17T14:07:05.000Z,1
2019-10-17T14:38:49.000Z,1
2019-10-17T14:46:41.000Z,1
2019-10-17T14:51:20.000Z,1
2019-10-17T15:21:14.000Z,1
2019-10-17T15:22:17.000Z,1
2019-10-17T16:07:49.000Z,1
2019-10-17T16:09:54.000Z,1
2019-10-17T16:13:34.000Z,1
2019-10-17T16:32:28.000Z,1
2019-10-17T16:47:51.000Z,1
2019-10-17T17:00:17.000Z,1
2019-10-17T17:12:41.000Z,2
2019-10-17T17:20:38.000Z,1
2019-10-17T17:31:52.000Z,2
2019-10-17T17:33:50.000Z,1
2019-10-17T17:43:40.000Z,1
2019-10-17T17:48:31.000Z,1
2019-10-17T17:57:26.000Z,1
2019-10-17T18:09:12.000Z,1
2019-10-17T18:35:34.000Z,1
2019-10-17T18:41:53.000Z,1
2019-10-17T19:12:41.000Z,1
2019-10-17T19:21:57.000Z,1
2019-10-17T20:29:11.000Z,1
2019-10-17T21:21:16.000Z,1
2019-10-17T21:23:43.000Z,1
2019-10-17T23:22:46.000Z,1
2019-10-18T01:25:53.000Z,1
2019-10-18T04:59:50.000Z,1
2019-10-18T05:32:30.000Z,1
2019-10-18T05:37:57.000Z,1
2019-10-18T05:42:32.000Z,1
2019-10-18T06:17:39.000Z,1
2019-10-18T06:59:17.000Z,1
2019-10-18T07:08:44.000Z,1
2019-10-18T07:12:17.000Z,1
2019-10-18T07:20:42.000Z,1
2019-10-18T07:23:36.000Z,1
2019-10-18T07:48:10.000Z,1
2019-10-18T07:48:32.000Z,1
2019-10-18T07:59:21.000Z,1
2019-10-18T08:04:26.000Z,1
2019-10-18T08:05:43.000Z,1
2019-10-18T08:24:01.000Z,1
2019-10-18T08:44:25.000Z,1
2019-10-18T08:48:00.000Z,2
2019-10-18T09:02:39.000Z,1
2019-10-18T09:27:25.000Z,1
2019-10-18T09:59:37.000Z,1
2019-10-18T10:48:45.000Z,1
2019-10-18T10:53:29.000Z,1
2019-10-18T11:23:59.000Z,1
2019-10-18T12:24:06.000Z,1
2019-10-18T12:24:32.000Z,2
2019-10-18T12:49:14.000Z,1
2019-10-18T13:37:29.000Z,1
2019-10-18T13:42:32.000Z,1
2019-10-18T14:13:01.000Z,1
2019-10-18T14:48:32.000Z,1
2019-10-18T15:24:07.000Z,1
2019-10-18T15:26:47.000Z,1
2019-10-18T15:39:29.000Z,1
2019-10-18T15:49:42.000Z,1
2019-10-18T15:51:41.000Z,1
2019-10-18T15:55:58.000Z,1
2019-10-18T15:56:15.000Z,1
2019-10-18T15:58:03.000Z,2
2019-10-18T16:10:16.000Z,2
2019-10-18T16:12:54.000Z,1
2019-10-18T16:13:41.000Z,1
2019-10-18T16:25:53.000Z,1
2019-10-18T16:27:02.000Z,1
2019-10-18T16:40:10.000Z,5
2019-10-18T16:46:32.000Z,1
2019-10-18T16:59:22.000Z,1
2019-10-18T17:01:54.000Z,1
2019-10-18T17:09:32.000Z,1
2019-10-18T17:32:03.000Z,1
2019-10-18T17:34:27.000Z,1
2019-10-18T17:34:23.000Z,2
2019-10-18T17:46:11.000Z,2
2019-10-18T17:48:55.000Z,1
2019-10-18T17:58:10.000Z,1
2019-10-18T17:59:54.000Z,3
2019-10-18T18:14:36.000Z,1
2019-10-18T18:25:29.000Z,1
2019-10-18T18:38:47.000Z,1
2019-10-18T18:41:11.000Z,1
2019-10-18T18:48:13.000Z,1
2019-10-18T19:21:21.000Z,1
2019-10-18T19:26:08.000Z,1
2019-10-18T19:31:10.000Z,1
2019-10-18T19:36:32.000Z,1
2019-10-18T20:09:05.000Z,1
2019-10-18T20:59:13.000Z,1
2019-10-18T21:21:49.000Z,1
2019-10-18T23:02:39.000Z,1
2019-10-18T23:47:09.000Z,1
2019-10-18T23:48:50.000Z,1
2019-10-14T15:40:27.000Z,1
2019-10-14T16:08:49.000Z,2
2019-10-14T16:16:40.000Z,1
2019-10-14T16:16:54.000Z,1
2019-10-14T16:18:31.000Z,1
2019-10-14T16:24:22.000Z,1
2019-10-14T16:39:19.000Z,1
2019-10-14T16:45:18.000Z,1
2019-10-14T16:50:15.000Z,1
2019-10-14T16:50:58.000Z,1
2019-10-14T17:12:52.000Z,1
2019-10-14T17:22:48.000Z,2
2019-10-14T17:31:08.000Z,1
2019-10-14T18:09:43.000Z,3
2019-10-14T18:49:54.000Z,1
2019-10-14T19:26:02.000Z,1
2019-10-14T19:30:58.000Z,1
2019-10-15T07:49:02.000Z,2
2019-10-15T09:18:10.000Z,1
2019-10-15T13:27:09.000Z,1
2019-10-14T17:33:50.000Z,2
2019-10-14T17:42:51.000Z,2
2019-10-14T17:58:51.000Z,1
2019-10-14T18:16:54.000Z,1
2019-10-14T18:37:34.000Z,1
2019-10-14T18:56:23.000Z,1
2019-10-14T19:15:33.000Z,1
2019-10-14T19:16:27.000Z,1
2019-10-14T19:40:58.000Z,1
2019-10-14T19:45:50.000Z,1
2019-10-14T20:00:03.000Z,1
2019-10-14T20:52:41.000Z,1
2019-10-14T21:18:17.000Z,1
2019-10-14T22:01:28.000Z,1
2019-10-15T05:12:36.000Z,1
2019-10-15T05:59:15.000Z,1
2019-10-15T06:28:12.000Z,1
2019-10-15T06:36:46.000Z,1
2019-10-15T06:48:49.000Z,1
2019-10-15T06:57:17.000Z,1
2019-10-15T07:45:52.000Z,1
2019-10-15T07:50:24.000Z,2
2019-10-15T07:51:26.000Z,1
2019-10-15T07:58:55.000Z,1
2019-10-15T08:13:45.000Z,1
2019-10-15T08:17:35.000Z,1
2019-10-15T08:44:42.000Z,2
2019-10-15T08:58:06.000Z,1
2019-10-15T09:01:51.000Z,1
2019-10-15T09:05:17.000Z,1
2019-10-15T09:24:06.000Z,1
2019-10-15T10:15:39.000Z,2
2019-10-15T12:25:24.000Z,1
2019-10-15T13:18:12.000Z,1
2019-10-15T13:24:36.000Z,1
2019-10-15T13:48:07.000Z,1
2019-10-15T14:01:52.000Z,1
2019-10-15T14:17:46.000Z,1
2019-10-15T14:43:51.000Z,1
2019-10-15T14:46:38.000Z,1
2019-10-15T15:33:15.000Z,1
2019-10-15T15:43:09.000Z,1
2019-10-15T15:49:43.000Z,1
2019-10-15T15:54:22.000Z,1
2019-10-15T15:58:08.000Z,1
2019-10-15T15:59:53.000Z,1
2019-10-15T16:06:36.000Z,2
2019-10-15T16:12:04.000Z,1
2019-10-15T16:16:13.000Z,1
2019-10-15T16:38:30.000Z,1
2019-10-15T16:42:04.000Z,1
2019-10-15T17:34:53.000Z,3
2019-10-15T17:38:12.000Z,1
2019-10-15T17:42:20.000Z,2
2019-10-15T17:48:38.000Z,1
2019-10-15T18:03:46.000Z,1
2019-10-15T18:19:32.000Z,1
2019-10-15T18:36:22.000Z,1
2019-10-15T18:41:33.000Z,1
2019-10-15T18:51:36.000Z,1
2019-10-15T18:54:07.000Z,1
2019-10-15T19:23:45.000Z,1
2019-10-15T19:59:22.000Z,1
2019-10-15T20:13:42.000Z,1
2019-10-15T20:41:26.000Z,1
2019-10-15T20:41:36.000Z,1
2019-10-15T20:44:34.000Z,1
2019-10-15T21:10:35.000Z,1
2019-10-15T22:41:14.000Z,1
2019-10-16T06:32:16.000Z,1
2019-10-16T06:39:44.000Z,1
2019-10-16T06:49:50.000Z,1
2019-10-16T07:21:06.000Z,1
2019-10-16T07:28:08.000Z,1
2019-10-16T07:38:03.000Z,1
2019-10-16T08:17:32.000Z,1
2019-10-16T08:20:01.000Z,2
2019-10-16T08:21:53.000Z,1
2019-10-16T08:34:17.000Z,2
2019-10-16T08:35:26.000Z,1
2019-10-16T08:40:05.000Z,1
2019-10-16T08:52:12.000Z,1
2019-10-16T09:01:36.000Z,1
2019-10-16T09:02:00.000Z,1
2019-10-16T09:03:05.000Z,1
2019-10-16T09:04:39.000Z,1
2019-10-16T09:10:34.000Z,1
2019-10-16T09:14:02.000Z,1
2019-10-16T09:15:25.000Z,1
2019-10-16T09:16:48.000Z,1
2019-10-16T09:19:00.000Z,1
2019-10-16T09:24:32.000Z,1
2019-10-16T10:13:25.000Z,1
2019-10-16T10:14:36.000Z,2
2019-10-16T10:19:18.000Z,1
2019-10-16T10:22:05.000Z,2
2019-10-16T11:15:38.000Z,1
2019-10-16T12:18:41.000Z,1
2019-10-16T12:21:21.000Z,2
2019-10-16T12:31:53.000Z,1
2019-10-16T13:03:29.000Z,1
2019-10-16T13:15:55.000Z,1
2019-10-16T13:24:46.000Z,1
2019-10-16T15:20:25.000Z,1
2019-10-16T15:22:33.000Z,1
2019-10-16T15:38:20.000Z,1
2019-10-16T15:50:45.000Z,1
2019-10-16T16:03:41.000Z,1
2019-10-16T16:07:27.000Z,1
2019-10-16T17:08:42.000Z,2
2019-10-16T17:35:32.000Z,2
2019-10-16T17:55:26.000Z,1
2019-10-16T18:06:00.000Z,2
2019-10-16T18:07:57.000Z,1
2019-10-16T18:09:18.000Z,1
2019-10-16T18:20:37.000Z,1
2019-10-16T18:23:24.000Z,1
2019-10-16T18:43:39.000Z,1
2019-10-16T18:46:31.000Z,1
2019-10-16T19:21:29.000Z,1
2019-10-16T19:23:18.000Z,1
2019-10-16T19:34:04.000Z,1
2019-10-16T19:36:56.000Z,1
2019-10-16T19:37:05.000Z,1
2019-10-16T19:38:13.000Z,1
2019-10-16T21:25:15.000Z,1
2019-10-16T21:54:19.000Z,1
2019-10-16T22:05:45.000Z,1
2019-10-16T22:49:22.000Z,1
2019-10-16T23:33:09.000Z,1
2019-10-17T04:59:30.000Z,1
2019-10-17T06:08:23.000Z,1
2019-10-17T06:26:18.000Z,1
2019-10-17T06:29:15.000Z,1
2019-10-17T06:54:57.000Z,1
2019-10-17T06:59:50.000Z,1
2019-10-17T07:10:22.000Z,1
2019-10-17T07:12:21.000Z,1
2019-10-17T07:30:11.000Z,1
2019-10-17T07:38:04.000Z,1
2019-10-17T07:57:08.000Z,1
2019-10-17T08:01:59.000Z,2
2019-10-17T08:09:31.000Z,1
2019-10-17T08:11:49.000Z,1
2019-10-17T08:34:00.000Z,1
2019-10-17T08:46:13.000Z,1
2019-10-17T08:50:20.000Z,2
2019-10-17T08:54:58.000Z,1
2019-10-17T08:56:35.000Z,2
2019-10-17T09:01:24.000Z,1
2019-10-17T09:13:37.000Z,1
2019-10-17T09:13:48.000Z,1
2019-10-17T09:18:22.000Z,1
2019-10-17T09:52:35.000Z,1
2019-10-17T10:06:07.000Z,1
2019-10-17T10:07:47.000Z,1
2019-10-17T10:10:29.000Z,1
2019-10-17T10:15:38.000Z,2
2019-10-17T11:55:13.000Z,1
2019-10-17T12:47:11.000Z,1
2019-10-17T14:00:32.000Z,1
2019-10-17T14:30:14.000Z,2
2019-10-17T14:39:42.000Z,1
2019-10-17T14:52:03.000Z,1
2019-10-17T14:52:17.000Z,1
2019-10-17T15:06:39.000Z,1
2019-10-17T15:13:23.000Z,2
2019-10-17T15:13:21.000Z,2
2019-10-17T15:20:09.000Z,1
2019-10-17T15:41:28.000Z,1
2019-10-17T16:18:04.000Z,1
2019-10-17T16:22:01.000Z,1
2019-10-17T16:27:30.000Z,1
2019-10-17T16:29:05.000Z,1
2019-10-17T16:38:49.000Z,1
2019-10-17T16:43:40.000Z,1
2019-10-17T16:52:04.000Z,1
2019-10-17T17:00:54.000Z,1
2019-10-17T17:05:13.000Z,1
2019-10-17T17:12:56.000Z,2
2019-10-17T17:16:31.000Z,1
2019-10-17T17:21:13.000Z,1
2019-10-17T17:31:20.000Z,1
2019-10-17T17:32:30.000Z,1
2019-10-17T17:36:03.000Z,1
2019-10-17T17:47:48.000Z,1
2019-10-17T17:51:23.000Z,1
2019-10-17T17:54:17.000Z,1
2019-10-17T18:04:03.000Z,1
2019-10-17T18:17:18.000Z,2
2019-10-17T18:24:22.000Z,1
2019-10-17T18:26:27.000Z,1
2019-10-17T18:32:31.000Z,1
2019-10-17T18:40:53.000Z,1
2019-10-17T18:44:58.000Z,1
2019-10-17T18:45:14.000Z,1
2019-10-17T18:55:32.000Z,2
2019-10-17T19:34:03.000Z,2
2019-10-17T19:53:59.000Z,1
2019-10-17T20:01:32.000Z,1
2019-10-17T20:23:56.000Z,1
2019-10-17T20:49:07.000Z,1
2019-10-17T22:23:12.000Z,1
2019-10-18T00:28:18.000Z,1
2019-10-18T05:42:12.000Z,1
2019-10-18T05:47:12.000Z,1
2019-10-18T06:05:33.000Z,1
2019-10-18T06:56:31.000Z,1
2019-10-18T07:00:06.000Z,1
2019-10-18T07:16:46.000Z,1
2019-10-18T07:18:06.000Z,1
2019-10-18T07:18:12.000Z,1
2019-10-18T07:41:41.000Z,1
2019-10-18T07:56:49.000Z,1
2019-10-18T08:02:18.000Z,2
2019-10-18T08:03:44.000Z,1
2019-10-18T08:04:13.000Z,1
2019-10-18T08:12:28.000Z,1
2019-10-18T08:12:51.000Z,1
2019-10-18T08:35:05.000Z,2
2019-10-18T08:38:55.000Z,2
2019-10-18T08:44:24.000Z,1
2019-10-18T09:21:42.000Z,1
2019-10-18T10:06:00.000Z,1
2019-10-18T11:06:51.000Z,2
2019-10-18T11:17:28.000Z,2
2019-10-18T12:11:28.000Z,1
2019-10-18T12:20:04.000Z,1
2019-10-18T12:52:24.000Z,1
2019-10-18T13:04:10.000Z,1
2019-10-18T14:02:21.000Z,1
2019-10-18T14:10:23.000Z,1
2019-10-18T14:16:26.000Z,2
2019-10-18T14:18:10.000Z,1
2019-10-18T14:51:44.000Z,1
2019-10-18T14:57:44.000Z,1
2019-10-18T15:22:48.000Z,1
2019-10-18T15:31:52.000Z,1
2019-10-18T15:37:48.000Z,1
2019-10-18T16:52:06.000Z,2
2019-10-18T17:01:26.000Z,1
2019-10-18T17:05:46.000Z,1
2019-10-18T17:09:01.000Z,2
2019-10-18T17:14:02.000Z,1
2019-10-18T17:16:31.000Z,2
2019-10-18T17:28:16.000Z,1
2019-10-18T17:34:44.000Z,1
2019-10-18T17:35:14.000Z,1
2019-10-18T17:39:29.000Z,1
2019-10-18T17:55:33.000Z,1
2019-10-18T17:56:44.000Z,1
2019-10-18T18:04:58.000Z,2
2019-10-18T18:10:44.000Z,1
2019-10-18T18:12:26.000Z,1
2019-10-18T18:13:20.000Z,1
2019-10-18T18:15:05.000Z,1
2019-10-18T18:23:28.000Z,1
2019-10-18T18:26:07.000Z,1
2019-10-18T18:31:24.000Z,1
2019-10-18T18:37:38.000Z,1
2019-10-18T18:59:40.000Z,1
2019-10-18T19:01:26.000Z,2
2019-10-18T19:14:29.000Z,1
2019-10-18T19:14:40.000Z,1
2019-10-18T19:53:02.000Z,1
2019-10-18T20:10:33.000Z,1
2019-10-18T20:12:00.000Z,1
2019-10-18T20:15:06.000Z,1
2019-10-18T20:30:37.000Z,1
2019-10-18T20:58:08.000Z,1
2019-10-18T22:47:57.000Z,1
2019-10-18T23:12:19.000Z,1
2019-10-18T23:44:47.000Z,1
2019-10-14T14:42:07.000Z,1
2019-10-14T14:53:43.000Z,1
2019-10-14T15:25:37.000Z,1
2019-10-14T16:04:57.000Z,2
2019-10-14T16:17:47.000Z,1
2019-10-14T16:19:40.000Z,1
2019-10-14T16:27:15.000Z,1
2019-10-14T16:34:35.000Z,2
2019-10-14T16:43:11.000Z,1
2019-10-14T17:31:22.000Z,1
2019-10-14T17:39:16.000Z,1
2019-10-14T17:54:17.000Z,1
2019-10-14T17:59:46.000Z,2
2019-10-14T18:09:00.000Z,1
2019-10-14T17:32:31.000Z,1
2019-10-14T17:52:09.000Z,1
2019-10-14T17:54:13.000Z,2
2019-10-14T18:11:51.000Z,1
2019-10-14T18:49:17.000Z,1
2019-10-14T19:48:34.000Z,1
2019-10-14T20:08:05.000Z,2
2019-10-14T20:27:57.000Z,1
2019-10-14T20:56:14.000Z,1
2019-10-14T21:46:43.000Z,1
2019-10-15T04:54:35.000Z,1
2019-10-15T06:05:48.000Z,1
2019-10-15T06:39:48.000Z,1
2019-10-15T06:51:54.000Z,1
2019-10-15T07:37:17.000Z,1
2019-10-15T07:54:23.000Z,1
2019-10-15T08:00:04.000Z,1
2019-10-15T08:05:55.000Z,2
2019-10-15T08:11:09.000Z,1
2019-10-15T08:11:18.000Z,1
2019-10-15T08:34:32.000Z,1
2019-10-15T08:35:24.000Z,2
2019-10-15T08:38:10.000Z,1
2019-10-15T08:47:55.000Z,1
2019-10-15T08:47:53.000Z,2
2019-10-15T08:51:43.000Z,2
2019-10-15T09:04:01.000Z,1
2019-10-15T09:06:26.000Z,1
2019-10-15T09:32:05.000Z,1
2019-10-15T10:08:03.000Z,2
2019-10-15T11:25:10.000Z,1
2019-10-15T11:36:07.000Z,1
2019-10-15T11:38:37.000Z,1
2019-10-15T12:29:54.000Z,1
2019-10-15T13:08:57.000Z,1
2019-10-15T13:10:36.000Z,1
2019-10-15T13:55:45.000Z,1
2019-10-15T14:13:12.000Z,2
2019-10-15T14:21:24.000Z,1
2019-10-15T14:41:03.000Z,1
2019-10-15T14:59:47.000Z,1
2019-10-15T15:13:25.000Z,1
2019-10-15T15:20:17.000Z,1
2019-10-15T15:20:42.000Z,2
2019-10-15T15:26:49.000Z,2
2019-10-15T16:03:00.000Z,1
2019-10-15T16:21:07.000Z,1
2019-10-15T16:25:01.000Z,1
2019-10-15T16:43:48.000Z,1
2019-10-15T16:51:03.000Z,1
2019-10-15T17:04:39.000Z,1
2019-10-15T17:30:18.000Z,1
2019-10-15T17:43:27.000Z,1
2019-10-15T18:04:13.000Z,2
2019-10-15T18:21:04.000Z,1
2019-10-15T18:35:56.000Z,1
2019-10-15T18:41:49.000Z,1
2019-10-15T18:43:35.000Z,1
2019-10-15T18:45:11.000Z,1
2019-10-15T19:07:04.000Z,1
2019-10-15T19:07:01.000Z,1
2019-10-15T19:17:11.000Z,1
2019-10-15T19:21:48.000Z,1
2019-10-15T20:07:34.000Z,2
2019-10-15T20:11:17.000Z,1
2019-10-15T20:19:03.000Z,1
2019-10-16T05:42:55.000Z,1
2019-10-16T07:06:17.000Z,1
2019-10-16T07:16:57.000Z,1
2019-10-16T07:28:49.000Z,1
2019-10-16T07:38:52.000Z,1
2019-10-16T08:37:00.000Z,2
2019-10-16T08:49:05.000Z,1
2019-10-16T09:06:39.000Z,2
2019-10-16T11:26:36.000Z,1
2019-10-16T13:00:27.000Z,1
2019-10-16T13:19:03.000Z,1
2019-10-16T13:28:51.000Z,1
2019-10-16T13:29:41.000Z,1
2019-10-16T14:11:10.000Z,1
2019-10-16T14:31:42.000Z,1
2019-10-16T14:44:36.000Z,2
2019-10-16T15:09:10.000Z,1
2019-10-16T15:33:13.000Z,1
2019-10-16T15:53:01.000Z,1
2019-10-16T15:58:57.000Z,1
2019-10-16T16:03:15.000Z,1
2019-10-16T16:03:46.000Z,1
2019-10-16T16:13:47.000Z,1
2019-10-16T16:27:16.000Z,1
2019-10-16T16:32:04.000Z,1
2019-10-16T16:39:57.000Z,1
2019-10-16T17:09:02.000Z,1
2019-10-16T17:09:34.000Z,1
2019-10-16T17:43:38.000Z,1
2019-10-16T17:47:56.000Z,1
2019-10-16T17:52:29.000Z,1
2019-10-16T18:03:16.000Z,1
2019-10-16T18:08:28.000Z,3
2019-10-16T18:15:38.000Z,1
2019-10-16T18:23:35.000Z,4
2019-10-16T18:23:43.000Z,1
2019-10-16T18:32:19.000Z,1
2019-10-16T18:32:58.000Z,1
2019-10-16T18:49:15.000Z,1
2019-10-16T19:07:34.000Z,1
2019-10-16T19:08:21.000Z,1
2019-10-16T19:11:06.000Z,1
2019-10-16T19:20:30.000Z,1
2019-10-16T19:23:41.000Z,1
2019-10-16T19:31:07.000Z,1
2019-10-16T20:06:08.000Z,1
2019-10-16T20:50:34.000Z,1
2019-10-16T21:08:43.000Z,1
2019-10-17T00:25:00.000Z,1
2019-10-17T06:33:16.000Z,1
2019-10-17T06:47:02.000Z,1
2019-10-17T07:04:39.000Z,1
2019-10-17T07:20:00.000Z,1
2019-10-17T07:31:32.000Z,1
2019-10-17T07:36:34.000Z,1
2019-10-17T07:45:22.000Z,1
2019-10-17T07:45:49.000Z,1
2019-10-17T07:46:43.000Z,3
2019-10-17T08:06:34.000Z,2
2019-10-17T08:22:52.000Z,1
2019-10-17T08:28:29.000Z,1
2019-10-17T08:32:14.000Z,1
2019-10-17T08:33:42.000Z,1
2019-10-17T08:43:55.000Z,1
2019-10-17T09:13:14.000Z,1
2019-10-17T10:18:08.000Z,1
2019-10-17T11:19:33.000Z,1
2019-10-17T11:35:34.000Z,1
2019-10-17T12:34:28.000Z,1
2019-10-17T12:35:37.000Z,1
2019-10-17T12:43:24.000Z,1
2019-10-17T12:43:51.000Z,1
2019-10-17T12:53:00.000Z,1
2019-10-17T13:40:45.000Z,1
2019-10-17T13:48:48.000Z,1
2019-10-17T13:57:52.000Z,1
2019-10-17T14:58:41.000Z,2
2019-10-17T15:14:59.000Z,1
2019-10-17T15:21:53.000Z,1
2019-10-17T15:29:33.000Z,1
2019-10-17T15:42:57.000Z,1
2019-10-17T15:50:10.000Z,1
2019-10-17T16:04:10.000Z,1
2019-10-17T16:14:39.000Z,1
2019-10-17T16:21:44.000Z,2
2019-10-17T16:37:44.000Z,1
2019-10-17T16:47:48.000Z,1
2019-10-17T17:00:19.000Z,1
2019-10-17T17:03:03.000Z,1
2019-10-17T17:04:53.000Z,2
2019-10-17T17:19:35.000Z,1
2019-10-17T17:26:47.000Z,1
2019-10-17T17:35:54.000Z,2
2019-10-17T17:39:31.000Z,4
2019-10-17T17:46:15.000Z,1
2019-10-17T17:50:22.000Z,2
2019-10-17T17:52:09.000Z,1
2019-10-17T18:19:10.000Z,1
2019-10-17T18:36:14.000Z,1
2019-10-17T18:38:56.000Z,1
2019-10-17T18:44:51.000Z,1
2019-10-17T19:26:27.000Z,1
2019-10-17T20:05:02.000Z,1
2019-10-17T21:01:14.000Z,1
2019-10-17T21:12:39.000Z,1
2019-10-17T21:54:32.000Z,1
2019-10-17T21:57:23.000Z,1
2019-10-17T22:48:57.000Z,1
2019-10-17T23:03:20.000Z,1
2019-10-17T23:07:12.000Z,1
2019-10-18T05:42:29.000Z,1
2019-10-18T06:08:02.000Z,1
2019-10-18T06:14:55.000Z,1
2019-10-18T06:25:47.000Z,1
2019-10-18T06:39:23.000Z,1
2019-10-18T06:51:09.000Z,1
2019-10-18T06:53:56.000Z,1
2019-10-18T07:06:32.000Z,1
2019-10-18T07:07:02.000Z,1
2019-10-18T07:10:58.000Z,1
2019-10-18T07:45:44.000Z,1
2019-10-18T07:51:48.000Z,1
2019-10-18T07:56:50.000Z,2
2019-10-18T07:57:48.000Z,2
2019-10-18T08:00:49.000Z,2
2019-10-18T08:19:12.000Z,1
2019-10-18T08:23:53.000Z,2
2019-10-18T08:23:51.000Z,1
2019-10-18T08:39:57.000Z,2
2019-10-18T08:45:07.000Z,1
2019-10-18T09:28:11.000Z,1
2019-10-18T09:29:49.000Z,1
2019-10-18T09:45:14.000Z,2
2019-10-18T10:07:48.000Z,1
2019-10-18T10:48:33.000Z,1
2019-10-18T11:00:39.000Z,1
2019-10-18T11:03:07.000Z,1
2019-10-18T11:25:08.000Z,1
2019-10-18T11:53:17.000Z,1
2019-10-18T11:59:29.000Z,1
2019-10-18T12:08:58.000Z,1
2019-10-18T12:41:15.000Z,1
2019-10-18T13:06:55.000Z,3
2019-10-18T13:11:10.000Z,1
2019-10-18T13:13:57.000Z,2
2019-10-18T14:04:03.000Z,1
2019-10-18T14:15:51.000Z,1
2019-10-18T14:46:44.000Z,1
2019-10-18T14:53:30.000Z,1
2019-10-18T14:53:35.000Z,1
2019-10-18T14:54:02.000Z,2
2019-10-18T14:59:59.000Z,1
2019-10-18T15:28:40.000Z,3
2019-10-18T15:32:42.000Z,1
2019-10-18T15:40:58.000Z,1
2019-10-18T15:48:13.000Z,1
2019-10-18T15:54:00.000Z,1
2019-10-18T15:54:14.000Z,1
2019-10-18T15:59:17.000Z,1
2019-10-18T16:36:35.000Z,2
2019-10-18T16:45:23.000Z,1
2019-10-18T16:56:40.000Z,1
2019-10-18T16:57:01.000Z,2
2019-10-18T17:07:00.000Z,1
2019-10-18T17:08:33.000Z,1
2019-10-18T17:11:32.000Z,1
2019-10-18T17:11:47.000Z,1
2019-10-18T17:20:16.000Z,1
2019-10-18T17:28:10.000Z,1
2019-10-18T17:29:23.000Z,1
2019-10-18T17:37:38.000Z,1
2019-10-18T17:38:43.000Z,2
2019-10-18T17:45:17.000Z,1
2019-10-18T17:48:56.000Z,1
2019-10-18T17:50:12.000Z,1
2019-10-18T17:59:33.000Z,2
2019-10-18T18:06:30.000Z,1
2019-10-18T18:16:03.000Z,2
2019-10-18T18:34:05.000Z,1
2019-10-18T19:07:16.000Z,1
2019-10-18T19:22:42.000Z,1
2019-10-18T20:07:01.000Z,1
2019-10-18T20:11:38.000Z,1
2019-10-18T20:20:51.000Z,1
2019-10-18T20:40:28.000Z,1
2019-10-18T20:56:48.000Z,1
2019-10-18T21:18:06.000Z,1
2019-10-18T21:38:38.000Z,1
2019-10-18T22:21:30.000Z,1
2019-10-14T14:45:43.000Z,1
2019-10-14T14:55:46.000Z,2
2019-10-14T15:11:31.000Z,1
2019-10-14T15:18:02.000Z,1
2019-10-14T15:25:28.000Z,1
2019-10-14T16:01:37.000Z,1
2019-10-14T16:13:39.000Z,1
2019-10-14T16:20:56.000Z,1
2019-10-14T16:26:20.000Z,1
2019-10-14T16:28:49.000Z,3
2019-10-14T16:50:49.000Z,2
2019-10-14T16:58:59.000Z,1
2019-10-14T16:59:41.000Z,1
2019-10-14T17:08:43.000Z,1
2019-10-14T17:13:01.000Z,3
2019-10-14T17:17:46.000Z,1
2019-10-14T17:25:44.000Z,3
2019-10-14T17:40:09.000Z,2
2019-10-14T17:46:09.000Z,1
2019-10-14T17:49:40.000Z,1
2019-10-14T17:50:03.000Z,1
2019-10-14T18:55:35.000Z,1
2019-10-15T13:11:02.000Z,1
2019-10-14T17:07:44.000Z,1
2019-10-14T17:13:52.000Z,1
2019-10-14T17:23:46.000Z,1
2019-10-14T17:36:26.000Z,2
2019-10-14T18:39:29.000Z,1
2019-10-14T19:02:52.000Z,1
2019-10-14T19:34:08.000Z,2
2019-10-14T20:13:22.000Z,1
2019-10-14T21:04:32.000Z,1
2019-10-14T22:11:58.000Z,1
2019-10-14T23:03:48.000Z,1
2019-10-14T23:25:43.000Z,1
2019-10-15T06:30:00.000Z,1
2019-10-15T06:33:39.000Z,1
2019-10-15T06:47:55.000Z,1
2019-10-15T07:06:58.000Z,1
2019-10-15T07:33:24.000Z,1
2019-10-15T07:37:07.000Z,1
2019-10-15T07:44:33.000Z,1
2019-10-15T07:51:02.000Z,1
2019-10-15T08:10:13.000Z,1
2019-10-15T08:10:39.000Z,1
2019-10-15T08:12:50.000Z,2
2019-10-15T08:14:11.000Z,2
2019-10-15T08:14:34.000Z,1
2019-10-15T08:18:02.000Z,2
2019-10-15T08:50:26.000Z,1
2019-10-15T08:55:30.000Z,1
2019-10-15T08:57:55.000Z,1
2019-10-15T09:03:11.000Z,1
2019-10-15T09:31:21.000Z,2
2019-10-15T09:38:04.000Z,1
2019-10-15T10:27:34.000Z,1
2019-10-15T10:51:49.000Z,1
2019-10-15T11:45:23.000Z,1
2019-10-15T11:45:39.000Z,2
2019-10-15T11:47:10.000Z,1
2019-10-15T11:56:35.000Z,1
2019-10-15T12:55:26.000Z,1
2019-10-15T13:13:22.000Z,1
2019-10-15T13:22:36.000Z,1
2019-10-15T14:24:12.000Z,1
2019-10-15T15:28:08.000Z,1
2019-10-15T15:44:44.000Z,1
2019-10-15T15:49:03.000Z,1
2019-10-15T15:54:53.000Z,1
2019-10-15T16:26:20.000Z,1
2019-10-15T16:39:57.000Z,2
2019-10-15T16:54:16.000Z,1
2019-10-15T16:59:21.000Z,1
2019-10-15T17:03:13.000Z,1
2019-10-15T17:21:33.000Z,4
2019-10-15T17:25:40.000Z,2
2019-10-15T17:29:22.000Z,1
2019-10-15T17:34:07.000Z,1
2019-10-15T17:46:46.000Z,1
2019-10-15T17:53:03.000Z,1
2019-10-15T17:54:57.000Z,2
2019-10-15T18:03:18.000Z,1
2019-10-15T18:04:44.000Z,1
2019-10-15T18:09:58.000Z,2
2019-10-15T18:22:44.000Z,1
2019-10-15T18:23:12.000Z,1
2019-10-15T18:38:59.000Z,1
2019-10-15T18:53:47.000Z,1
2019-10-15T19:14:08.000Z,1
2019-10-15T19:17:43.000Z,1
2019-10-15T19:32:36.000Z,1
2019-10-15T19:33:32.000Z,1
2019-10-15T19:36:53.000Z,1
2019-10-15T20:39:18.000Z,1
2019-10-15T20:55:29.000Z,1
2019-10-15T21:45:43.000Z,1
2019-10-15T22:12:00.000Z,1
2019-10-15T22:33:51.000Z,1
2019-10-15T23:01:39.000Z,1
2019-10-16T01:05:53.000Z,1
2019-10-16T06:10:10.000Z,1
2019-10-16T06:18:56.000Z,1
2019-10-16T06:53:20.000Z,1
2019-10-16T07:12:48.000Z,1
2019-10-16T07:13:58.000Z,1
2019-10-16T07:20:11.000Z,2
2019-10-16T07:38:29.000Z,1
2019-10-16T07:43:54.000Z,2
2019-10-16T08:10:21.000Z,1
2019-10-16T08:18:50.000Z,1
2019-10-16T08:38:19.000Z,1
2019-10-16T08:44:21.000Z,1
2019-10-16T08:46:40.000Z,1
2019-10-16T08:56:33.000Z,1
2019-10-16T09:12:30.000Z,1
2019-10-16T09:25:36.000Z,1
2019-10-16T10:57:53.000Z,1
2019-10-16T11:10:20.000Z,1
2019-10-16T11:14:07.000Z,1
2019-10-16T11:54:07.000Z,1
2019-10-16T11:56:57.000Z,1
2019-10-16T12:41:50.000Z,1
2019-10-16T13:22:27.000Z,1
2019-10-16T13:38:26.000Z,1
2019-10-16T14:44:47.000Z,1
2019-10-16T14:45:36.000Z,1
2019-10-16T14:49:08.000Z,1
2019-10-16T14:58:22.000Z,1
2019-10-16T15:05:17.000Z,1
2019-10-16T16:04:31.000Z,2
2019-10-16T16:08:54.000Z,1
2019-10-16T16:34:51.000Z,1
2019-10-16T16:42:41.000Z,2
2019-10-16T16:46:55.000Z,1
2019-10-16T17:01:38.000Z,1
2019-10-16T17:09:55.000Z,2
2019-10-16T17:18:42.000Z,1
2019-10-16T17:30:17.000Z,1
2019-10-16T17:32:31.000Z,4
2019-10-16T17:36:21.000Z,1
2019-10-16T18:02:26.000Z,2
2019-10-16T18:34:28.000Z,1
2019-10-16T19:06:26.000Z,1
2019-10-16T19:15:38.000Z,1
2019-10-16T19:24:59.000Z,1
2019-10-16T19:30:56.000Z,1
2019-10-16T19:43:09.000Z,1
2019-10-16T19:44:07.000Z,2
2019-10-16T19:48:51.000Z,1
2019-10-16T19:55:28.000Z,2
2019-10-16T20:06:14.000Z,1
2019-10-16T20:11:48.000Z,1
2019-10-16T21:08:48.000Z,1
2019-10-16T22:56:54.000Z,1
2019-10-17T04:09:14.000Z,1
2019-10-17T06:25:15.000Z,2
2019-10-17T07:25:56.000Z,1
2019-10-17T07:53:58.000Z,1
2019-10-17T07:54:47.000Z,1
2019-10-17T07:57:04.000Z,1
2019-10-17T08:18:10.000Z,1
2019-10-17T08:29:29.000Z,1
2019-10-17T08:58:39.000Z,1
2019-10-17T09:20:08.000Z,2
2019-10-17T10:07:33.000Z,2
2019-10-17T10:16:40.000Z,1
2019-10-17T10:25:56.000Z,1
2019-10-17T10:44:19.000Z,1
2019-10-17T10:59:48.000Z,1
2019-10-17T11:22:54.000Z,1
2019-10-17T11:23:02.000Z,1
2019-10-17T11:40:09.000Z,1
2019-10-17T12:23:44.000Z,1
2019-10-17T12:33:51.000Z,1
2019-10-17T12:36:53.000Z,1
2019-10-17T13:40:15.000Z,1
2019-10-17T13:45:29.000Z,2
2019-10-17T14:19:54.000Z,1
2019-10-17T14:43:03.000Z,2
2019-10-17T14:51:32.000Z,1
2019-10-17T14:53:40.000Z,1
2019-10-17T15:26:46.000Z,2
2019-10-17T15:31:35.000Z,1
2019-10-17T15:33:46.000Z,1
2019-10-17T15:33:52.000Z,1
2019-10-17T15:37:46.000Z,1
2019-10-17T15:39:03.000Z,1
2019-10-17T16:22:40.000Z,1
2019-10-17T16:23:29.000Z,1
2019-10-17T16:25:44.000Z,1
2019-10-17T16:32:32.000Z,1
2019-10-17T16:35:20.000Z,1
2019-10-17T16:39:18.000Z,1
2019-10-17T17:04:09.000Z,1
2019-10-17T17:12:22.000Z,1
2019-10-17T17:39:54.000Z,1
2019-10-17T17:46:43.000Z,2
2019-10-17T17:51:03.000Z,1
2019-10-17T18:05:46.000Z,1
2019-10-17T18:08:17.000Z,1
2019-10-17T18:09:48.000Z,1
2019-10-17T18:10:35.000Z,1
2019-10-17T18:22:41.000Z,1
2019-10-17T18:23:12.000Z,2
2019-10-17T18:29:37.000Z,2
2019-10-17T18:35:08.000Z,1
2019-10-17T18:58:10.000Z,1
2019-10-17T19:10:55.000Z,1
2019-10-17T19:23:13.000Z,1
2019-10-17T19:59:15.000Z,1
2019-10-17T23:21:24.000Z,1
2019-10-18T05:54:28.000Z,1
2019-10-18T06:41:44.000Z,1
2019-10-18T06:47:33.000Z,1
2019-10-18T07:00:50.000Z,1
2019-10-18T07:57:39.000Z,2
2019-10-18T08:01:30.000Z,1
2019-10-18T08:27:25.000Z,1
2019-10-18T08:53:47.000Z,2
2019-10-18T09:07:10.000Z,1
2019-10-18T09:11:12.000Z,2
2019-10-18T09:13:22.000Z,1
2019-10-18T09:23:02.000Z,2
2019-10-18T09:51:48.000Z,2
2019-10-18T10:21:04.000Z,1
2019-10-18T10:38:32.000Z,1
2019-10-18T11:46:35.000Z,1
2019-10-18T12:12:45.000Z,2
2019-10-18T12:24:01.000Z,1
2019-10-18T12:27:06.000Z,1
2019-10-18T12:29:51.000Z,2
2019-10-18T13:07:06.000Z,1
2019-10-18T13:08:17.000Z,2
2019-10-18T14:09:38.000Z,1
2019-10-18T14:20:31.000Z,1
2019-10-18T14:34:38.000Z,1
2019-10-18T14:54:00.000Z,1
2019-10-18T15:05:20.000Z,1
2019-10-18T15:08:30.000Z,1
2019-10-18T15:34:55.000Z,1
2019-10-18T15:39:49.000Z,1
2019-10-18T16:04:43.000Z,1
2019-10-18T16:05:45.000Z,1
2019-10-18T16:10:53.000Z,1
2019-10-18T16:24:53.000Z,1
2019-10-18T16:24:51.000Z,1
2019-10-18T16:28:32.000Z,3
2019-10-18T16:28:37.000Z,1
2019-10-18T16:34:44.000Z,1
2019-10-18T16:38:32.000Z,1
2019-10-18T16:51:20.000Z,1
2019-10-18T17:01:51.000Z,1
2019-10-18T17:03:33.000Z,1
2019-10-18T17:08:45.000Z,3
2019-10-18T17:12:42.000Z,1
2019-10-18T17:30:58.000Z,1
2019-10-18T17:33:08.000Z,1
2019-10-18T17:34:22.000Z,1
2019-10-18T17:41:21.000Z,1
2019-10-18T18:02:09.000Z,1
2019-10-18T18:10:54.000Z,2
2019-10-18T18:16:40.000Z,1
2019-10-18T18:19:13.000Z,1
2019-10-18T18:26:13.000Z,1
2019-10-18T18:30:00.000Z,1
2019-10-18T18:41:12.000Z,2
2019-10-18T19:15:48.000Z,2
2019-10-18T20:34:40.000Z,1
2019-10-18T20:46:42.000Z,1
2019-10-18T21:34:00.000Z,1
2019-10-18T21:52:45.000Z,1
2019-10-18T22:05:31.000Z,2
2019-10-18T22:15:50.000Z,1
2019-10-14T14:43:30.000Z,1
2019-10-14T14:56:32.000Z,1
2019-10-14T15:23:31.000Z,1
2019-10-14T15:51:05.000Z,2
2019-10-14T16:06:18.000Z,1
2019-10-14T16:19:56.000Z,1
2019-10-14T16:55:36.000Z,1
2019-10-14T16:59:13.000Z,1
2019-10-14T17:00:06.000Z,1
2019-10-14T17:40:29.000Z,1
2019-10-14T17:52:37.000Z,1
2019-10-14T17:55:13.000Z,1
2019-10-14T18:00:46.000Z,1
2019-10-14T18:24:09.000Z,1
2019-10-14T18:53:03.000Z,1
2019-10-15T07:05:44.000Z,2
2019-10-15T08:55:07.000Z,1
2019-10-14T17:10:03.000Z,2
2019-10-14T17:11:33.000Z,2
2019-10-14T17:16:03.000Z,1
2019-10-14T17:55:12.000Z,1
2019-10-14T18:30:47.000Z,1
2019-10-14T18:43:54.000Z,2
2019-10-14T19:49:26.000Z,1
2019-10-14T21:07:41.000Z,1
2019-10-14T21:15:21.000Z,1
2019-10-14T23:22:24.000Z,1
2019-10-15T05:53:09.000Z,1
2019-10-15T07:32:10.000Z,1
2019-10-15T07:39:08.000Z,1
2019-10-15T07:45:22.000Z,1
2019-10-15T07:45:32.000Z,1
2019-10-15T07:47:03.000Z,1
2019-10-15T07:57:51.000Z,1
2019-10-15T07:58:36.000Z,1
2019-10-15T08:05:53.000Z,2
2019-10-15T08:14:10.000Z,1
2019-10-15T08:33:59.000Z,1
2019-10-15T08:40:24.000Z,2
2019-10-15T08:52:13.000Z,1
2019-10-15T08:57:15.000Z,1
2019-10-15T09:14:16.000Z,1
2019-10-15T09:17:48.000Z,1
2019-10-15T09:27:44.000Z,1
2019-10-15T10:02:13.000Z,1
2019-10-15T10:08:00.000Z,1
2019-10-15T10:27:53.000Z,1
2019-10-15T11:56:51.000Z,1
2019-10-15T12:13:48.000Z,1
2019-10-15T12:23:35.000Z,1
2019-10-15T12:46:06.000Z,1
2019-10-15T13:11:53.000Z,1
2019-10-15T13:12:24.000Z,1
2019-10-15T14:05:28.000Z,1
2019-10-15T14:43:45.000Z,1
2019-10-15T15:05:11.000Z,1
2019-10-15T15:19:38.000Z,1
2019-10-15T15:29:26.000Z,1
2019-10-15T15:45:49.000Z,2
2019-10-15T15:55:13.000Z,1
2019-10-15T16:05:30.000Z,1
2019-10-15T16:18:16.000Z,1
2019-10-15T16:26:19.000Z,1
2019-10-15T16:32:42.000Z,1
2019-10-15T16:36:48.000Z,1
2019-10-15T16:55:34.000Z,1
2019-10-15T17:08:25.000Z,1
2019-10-15T17:09:35.000Z,2
2019-10-15T17:28:48.000Z,1
2019-10-15T17:57:35.000Z,1
2019-10-15T17:58:13.000Z,1
2019-10-15T17:59:58.000Z,1
2019-10-15T18:27:28.000Z,1
2019-10-15T18:29:43.000Z,1
2019-10-15T18:57:13.000Z,1
2019-10-15T19:04:03.000Z,1
2019-10-15T19:11:15.000Z,1
2019-10-15T19:12:29.000Z,1
2019-10-15T19:38:13.000Z,2
2019-10-15T19:44:16.000Z,1
2019-10-15T20:26:08.000Z,1
2019-10-15T20:42:20.000Z,1
2019-10-15T21:15:20.000Z,1
2019-10-15T21:29:41.000Z,1
2019-10-16T07:35:16.000Z,1
2019-10-16T07:40:05.000Z,1
2019-10-16T07:44:44.000Z,1
2019-10-16T08:00:25.000Z,2
2019-10-16T08:04:30.000Z,1
2019-10-16T08:20:45.000Z,2
2019-10-16T09:00:39.000Z,1
2019-10-16T09:02:33.000Z,1
2019-10-16T09:04:41.000Z,2
2019-10-16T09:21:52.000Z,1
2019-10-16T09:23:24.000Z,1
2019-10-16T09:57:19.000Z,1
2019-10-16T10:10:52.000Z,1
2019-10-16T10:13:12.000Z,2
2019-10-16T10:20:18.000Z,1
2019-10-16T11:09:26.000Z,1
2019-10-16T12:37:12.000Z,1
2019-10-16T12:40:52.000Z,1
2019-10-16T13:41:19.000Z,1
2019-10-16T14:12:08.000Z,1
2019-10-16T15:24:30.000Z,1
2019-10-16T15:24:47.000Z,1
2019-10-16T16:00:56.000Z,1
2019-10-16T16:09:27.000Z,1
2019-10-16T16:10:56.000Z,1
2019-10-16T16:22:30.000Z,2
2019-10-16T16:33:05.000Z,2
2019-10-16T16:52:56.000Z,1
2019-10-16T16:55:31.000Z,1
2019-10-16T17:20:40.000Z,1
2019-10-16T17:24:32.000Z,1
2019-10-16T17:26:41.000Z,2
2019-10-16T17:42:15.000Z,1
2019-10-16T18:07:45.000Z,1
2019-10-16T18:12:01.000Z,2
2019-10-16T18:31:24.000Z,1
2019-10-16T18:36:39.000Z,1
2019-10-16T18:44:02.000Z,2
2019-10-16T19:05:41.000Z,1
2019-10-16T19:25:26.000Z,1
2019-10-16T19:40:39.000Z,1
2019-10-16T19:46:34.000Z,1
2019-10-16T20:33:56.000Z,1
2019-10-16T21:09:29.000Z,1
2019-10-16T21:17:22.000Z,1
2019-10-16T21:20:14.000Z,1
2019-10-16T21:25:36.000Z,1
2019-10-16T22:11:36.000Z,1
2019-10-16T23:01:31.000Z,1
2019-10-17T01:05:43.000Z,1
2019-10-17T01:59:37.000Z,1
2019-10-17T05:04:28.000Z,1
2019-10-17T05:48:03.000Z,1
2019-10-17T05:48:12.000Z,1
2019-10-17T06:30:20.000Z,1
2019-10-17T06:33:30.000Z,1
2019-10-17T07:21:36.000Z,1
2019-10-17T07:32:07.000Z,1
2019-10-17T07:51:59.000Z,2
2019-10-17T08:29:21.000Z,1
2019-10-17T08:40:53.000Z,1
2019-10-17T08:56:48.000Z,1
2019-10-17T08:57:55.000Z,1
2019-10-17T09:01:38.000Z,1
2019-10-17T09:04:21.000Z,1
2019-10-17T09:36:23.000Z,1
2019-10-17T10:18:13.000Z,2
2019-10-17T10:33:11.000Z,1
2019-10-17T10:47:32.000Z,1
2019-10-17T11:05:50.000Z,1
2019-10-17T11:40:45.000Z,1
2019-10-17T12:17:42.000Z,1
2019-10-17T12:45:19.000Z,1
2019-10-17T12:48:18.000Z,1
2019-10-17T13:26:35.000Z,1
2019-10-17T13:43:56.000Z,1
2019-10-17T13:44:24.000Z,2
2019-10-17T14:23:56.000Z,1
2019-10-17T15:07:03.000Z,1
2019-10-17T15:50:47.000Z,1
2019-10-17T15:51:20.000Z,1
2019-10-17T16:24:19.000Z,1
2019-10-17T16:46:05.000Z,2
2019-10-17T17:07:48.000Z,2
2019-10-17T17:42:26.000Z,2
2019-10-17T17:42:58.000Z,3
2019-10-17T17:52:10.000Z,2
2019-10-17T17:52:35.000Z,1
2019-10-17T18:06:50.000Z,3
2019-10-17T18:41:21.000Z,1
2019-10-17T18:59:30.000Z,1
2019-10-17T19:02:03.000Z,1
2019-10-17T19:06:04.000Z,1
2019-10-17T19:12:57.000Z,1
2019-10-17T20:19:44.000Z,1
2019-10-17T20:21:56.000Z,1
2019-10-17T21:14:56.000Z,1
2019-10-18T01:10:27.000Z,1
2019-10-18T01:37:08.000Z,1
2019-10-18T06:35:31.000Z,1
2019-10-18T07:28:37.000Z,2
2019-10-18T07:31:31.000Z,1
2019-10-18T07:34:26.000Z,1
2019-10-18T07:37:56.000Z,2
2019-10-18T07:58:30.000Z,1
2019-10-18T07:59:06.000Z,1
2019-10-18T08:07:49.000Z,1
2019-10-18T08:25:55.000Z,1
2019-10-18T08:29:54.000Z,1
2019-10-18T08:40:07.000Z,1
2019-10-18T08:51:34.000Z,1
2019-10-18T08:52:28.000Z,1
2019-10-18T08:59:13.000Z,1
2019-10-18T09:02:48.000Z,1
2019-10-18T09:09:34.000Z,1
2019-10-18T09:34:59.000Z,1
2019-10-18T09:47:11.000Z,1
2019-10-18T10:47:03.000Z,1
2019-10-18T10:47:49.000Z,1
2019-10-18T10:56:20.000Z,1
2019-10-18T11:40:11.000Z,1
2019-10-18T11:43:17.000Z,1
2019-10-18T12:49:47.000Z,1
2019-10-18T12:56:40.000Z,1
2019-10-18T12:57:09.000Z,2
2019-10-18T13:40:01.000Z,1
2019-10-18T13:45:05.000Z,1
2019-10-18T14:44:18.000Z,1
2019-10-18T14:47:59.000Z,1
2019-10-18T15:11:33.000Z,1
2019-10-18T15:19:39.000Z,1
2019-10-18T15:31:37.000Z,1
2019-10-18T15:34:32.000Z,1
2019-10-18T15:35:36.000Z,1
2019-10-18T15:45:26.000Z,1
2019-10-18T15:47:40.000Z,1
2019-10-18T16:01:31.000Z,1
2019-10-18T16:03:35.000Z,1
2019-10-18T16:05:11.000Z,1
2019-10-18T16:13:21.000Z,2
2019-10-18T16:17:15.000Z,1
2019-10-18T16:26:17.000Z,1
2019-10-18T16:31:09.000Z,3
2019-10-18T16:32:22.000Z,1
2019-10-18T16:33:18.000Z,1
2019-10-18T16:34:14.000Z,1
2019-10-18T16:43:35.000Z,1
2019-10-18T16:58:03.000Z,1
2019-10-18T17:02:22.000Z,1
2019-10-18T17:10:41.000Z,2
2019-10-18T17:17:22.000Z,1
2019-10-18T17:23:56.000Z,1
2019-10-18T17:40:49.000Z,2
2019-10-18T17:40:59.000Z,1
2019-10-18T18:03:29.000Z,1
2019-10-18T18:41:35.000Z,1
2019-10-18T18:44:01.000Z,1
2019-10-18T18:45:21.000Z,1
2019-10-18T19:02:36.000Z,1
2019-10-18T19:04:04.000Z,2
2019-10-18T19:10:33.000Z,1
2019-10-18T19:13:00.000Z,1
2019-10-18T19:31:13.000Z,1
2019-10-18T19:31:17.000Z,1
2019-10-18T20:16:47.000Z,1
2019-10-18T20:45:35.000Z,1
2019-10-18T20:51:48.000Z,1
2019-10-18T22:23:27.000Z,1
2019-10-18T22:35:06.000Z,1
2019-10-18T22:42:33.000Z,1
2019-10-14T14:42:38.000Z,1
2019-10-14T16:21:29.000Z,1
2019-10-14T16:23:56.000Z,2
2019-10-14T16:31:29.000Z,1
2019-10-14T17:00:23.000Z,1
2019-10-14T17:11:26.000Z,1
2019-10-14T17:19:45.000Z,1
2019-10-14T17:25:23.000Z,1
2019-10-14T17:39:53.000Z,1
2019-10-14T17:49:34.000Z,1
2019-10-14T18:15:23.000Z,1
2019-10-14T19:24:25.000Z,1
2019-10-14T18:25:01.000Z,1
2019-10-14T18:32:25.000Z,1
2019-10-14T18:41:16.000Z,1
2019-10-14T18:54:44.000Z,1
2019-10-14T18:56:45.000Z,1
2019-10-14T20:01:51.000Z,1
2019-10-14T21:07:39.000Z,1
2019-10-14T21:12:18.000Z,1
2019-10-14T21:34:03.000Z,2
2019-10-14T22:20:43.000Z,1
2019-10-15T00:59:50.000Z,1
2019-10-15T06:57:51.000Z,1
2019-10-15T07:37:52.000Z,1
2019-10-15T07:54:48.000Z,2
2019-10-15T07:57:13.000Z,1
2019-10-15T08:04:21.000Z,2
2019-10-15T08:13:12.000Z,1
2019-10-15T08:20:31.000Z,1
2019-10-15T08:31:14.000Z,1
2019-10-15T08:34:13.000Z,1
2019-10-15T08:47:24.000Z,1
2019-10-15T08:56:44.000Z,1
2019-10-15T08:57:22.000Z,1
2019-10-15T08:58:04.000Z,2
2019-10-15T09:27:33.000Z,1
2019-10-15T10:23:34.000Z,1
2019-10-15T10:25:00.000Z,1
2019-10-15T10:41:19.000Z,1
2019-10-15T10:55:20.000Z,2
2019-10-15T12:05:36.000Z,1
2019-10-15T12:31:31.000Z,2
2019-10-15T13:14:16.000Z,1
2019-10-15T14:15:36.000Z,1
2019-10-15T14:33:30.000Z,1
2019-10-15T14:39:23.000Z,2
2019-10-15T15:01:16.000Z,1
2019-10-15T15:02:50.000Z,1
2019-10-15T15:06:24.000Z,1
2019-10-15T15:21:11.000Z,1
2019-10-15T15:28:31.000Z,1
2019-10-15T15:32:40.000Z,1
2019-10-15T15:36:21.000Z,1
2019-10-15T15:43:12.000Z,2
2019-10-15T16:00:42.000Z,1
2019-10-15T16:09:11.000Z,2
2019-10-15T16:38:27.000Z,1
2019-10-15T17:02:15.000Z,1
2019-10-15T17:21:48.000Z,3
2019-10-15T17:38:46.000Z,1
2019-10-15T17:53:17.000Z,2
2019-10-15T17:59:14.000Z,1
2019-10-15T18:04:03.000Z,1
2019-10-15T18:09:13.000Z,1
2019-10-15T18:29:57.000Z,1
2019-10-15T19:17:01.000Z,1
2019-10-15T19:56:20.000Z,1
2019-10-15T20:11:57.000Z,1
2019-10-15T20:16:19.000Z,1
2019-10-15T20:36:41.000Z,1
2019-10-15T20:38:47.000Z,2
2019-10-15T21:18:07.000Z,1
2019-10-15T22:02:23.000Z,1
2019-10-15T23:10:21.000Z,1
2019-10-15T23:52:08.000Z,1
2019-10-16T05:44:58.000Z,1
2019-10-16T06:31:50.000Z,1
2019-10-16T07:01:34.000Z,1
2019-10-16T07:02:36.000Z,1
2019-10-16T07:08:38.000Z,2
2019-10-16T07:13:29.000Z,1
2019-10-16T07:17:38.000Z,1
2019-10-16T07:25:04.000Z,2
2019-10-16T07:31:50.000Z,1
2019-10-16T07:39:34.000Z,1
2019-10-16T07:41:49.000Z,1
2019-10-16T07:56:21.000Z,2
2019-10-16T08:03:29.000Z,1
2019-10-16T08:34:28.000Z,2
2019-10-16T08:37:07.000Z,1
2019-10-16T08:39:27.000Z,1
2019-10-16T08:41:37.000Z,1
2019-10-16T08:43:39.000Z,1
2019-10-16T08:44:45.000Z,1
2019-10-16T09:58:47.000Z,1
2019-10-16T10:42:57.000Z,1
2019-10-16T10:48:48.000Z,1
2019-10-16T11:41:31.000Z,1
2019-10-16T12:13:31.000Z,1
2019-10-16T12:22:16.000Z,1
2019-10-16T12:25:35.000Z,1
2019-10-16T12:52:04.000Z,1
2019-10-16T12:58:05.000Z,1
2019-10-16T13:07:03.000Z,1
2019-10-16T13:17:51.000Z,1
2019-10-16T13:39:55.000Z,1
2019-10-16T13:48:21.000Z,1
2019-10-16T14:05:51.000Z,1
2019-10-16T14:37:36.000Z,1
2019-10-16T15:08:38.000Z,1
2019-10-16T15:32:11.000Z,1
2019-10-16T15:55:03.000Z,1
2019-10-16T16:30:08.000Z,1
2019-10-16T16:40:05.000Z,3
2019-10-16T17:25:21.000Z,1
2019-10-16T17:32:38.000Z,2
2019-10-16T17:39:19.000Z,2
2019-10-16T18:11:19.000Z,1
2019-10-16T18:44:22.000Z,1
2019-10-16T18:55:27.000Z,1
2019-10-16T19:03:53.000Z,1
2019-10-16T19:04:56.000Z,1
2019-10-16T19:19:35.000Z,1
2019-10-16T19:21:22.000Z,1
2019-10-16T19:30:21.000Z,1
2019-10-16T19:51:53.000Z,1
2019-10-16T20:53:13.000Z,1
2019-10-16T21:15:56.000Z,1
2019-10-16T23:06:15.000Z,1
2019-10-16T23:09:02.000Z,1
2019-10-17T05:29:53.000Z,1
2019-10-17T06:24:29.000Z,1
2019-10-17T07:39:28.000Z,2
2019-10-17T07:48:35.000Z,2
2019-10-17T07:49:58.000Z,1
2019-10-17T07:51:22.000Z,1
2019-10-17T07:53:12.000Z,2
2019-10-17T08:03:19.000Z,1
2019-10-17T08:04:18.000Z,1
2019-10-17T08:12:21.000Z,1
2019-10-17T08:24:45.000Z,1
2019-10-17T08:53:31.000Z,2
2019-10-17T09:22:29.000Z,1
2019-10-17T09:23:10.000Z,1
2019-10-17T09:55:26.000Z,1
2019-10-17T10:57:27.000Z,1
2019-10-17T11:37:08.000Z,1
2019-10-17T12:38:16.000Z,1
2019-10-17T12:40:59.000Z,1
2019-10-17T12:44:14.000Z,1
2019-10-17T13:04:28.000Z,1
2019-10-17T13:21:47.000Z,1
2019-10-17T14:19:17.000Z,1
2019-10-17T14:52:02.000Z,1
2019-10-17T14:55:23.000Z,2
2019-10-17T15:36:06.000Z,1
2019-10-17T16:36:21.000Z,1
2019-10-17T16:39:33.000Z,2
2019-10-17T16:48:01.000Z,1
2019-10-17T16:49:00.000Z,1
2019-10-17T16:50:19.000Z,1
2019-10-17T17:19:12.000Z,1
2019-10-17T17:27:02.000Z,1
2019-10-17T17:31:16.000Z,1
2019-10-17T17:34:09.000Z,1
2019-10-17T17:47:37.000Z,1
2019-10-17T17:51:24.000Z,1
2019-10-17T17:54:47.000Z,2
2019-10-17T18:00:15.000Z,1
2019-10-17T18:03:48.000Z,1
2019-10-17T18:13:58.000Z,2
2019-10-17T18:14:13.000Z,2
2019-10-17T18:26:16.000Z,1
2019-10-17T18:42:36.000Z,1
2019-10-17T18:43:43.000Z,1
2019-10-17T18:59:10.000Z,1
2019-10-17T18:59:29.000Z,1
2019-10-17T19:15:34.000Z,2
2019-10-17T20:20:26.000Z,1
2019-10-17T20:25:17.000Z,1
2019-10-17T20:39:36.000Z,1
2019-10-17T20:42:46.000Z,1
2019-10-17T22:00:53.000Z,1
2019-10-17T22:21:19.000Z,1
2019-10-17T22:37:39.000Z,1
2019-10-17T22:41:02.000Z,1
2019-10-17T22:59:52.000Z,1
2019-10-17T23:42:09.000Z,1
2019-10-18T06:04:23.000Z,1
2019-10-18T06:09:45.000Z,1
2019-10-18T06:44:56.000Z,1
2019-10-18T07:05:52.000Z,1
2019-10-18T07:06:53.000Z,1
2019-10-18T07:09:42.000Z,1
2019-10-18T07:11:14.000Z,1
2019-10-18T07:17:18.000Z,1
2019-10-18T07:34:29.000Z,1
2019-10-18T07:36:36.000Z,1
2019-10-18T07:59:00.000Z,1
2019-10-18T08:06:04.000Z,2
2019-10-18T08:16:11.000Z,1
2019-10-18T08:18:50.000Z,1
2019-10-18T08:41:36.000Z,1
2019-10-18T08:51:02.000Z,1
2019-10-18T08:58:11.000Z,1
2019-10-18T09:36:48.000Z,1
2019-10-18T10:21:59.000Z,1
2019-10-18T10:35:23.000Z,1
2019-10-18T11:14:31.000Z,1
2019-10-18T11:33:31.000Z,1
2019-10-18T11:58:05.000Z,1
2019-10-18T12:27:22.000Z,1
2019-10-18T12:38:57.000Z,1
2019-10-18T12:47:18.000Z,1
2019-10-18T12:52:05.000Z,1
2019-10-18T13:35:07.000Z,1
2019-10-18T14:02:34.000Z,1
2019-10-18T14:06:54.000Z,1
2019-10-18T14:06:51.000Z,1
2019-10-18T14:27:22.000Z,2
2019-10-18T14:41:59.000Z,1
2019-10-18T15:19:18.000Z,1
2019-10-18T15:26:00.000Z,1
2019-10-18T15:52:51.000Z,1
2019-10-18T15:56:12.000Z,1
2019-10-18T16:10:33.000Z,1
2019-10-18T16:23:08.000Z,1
2019-10-18T16:34:10.000Z,1
2019-10-18T16:34:40.000Z,2
2019-10-18T16:44:19.000Z,1
2019-10-18T16:44:57.000Z,1
2019-10-18T16:52:18.000Z,1
2019-10-18T16:56:22.000Z,3
2019-10-18T16:56:38.000Z,1
2019-10-18T17:01:58.000Z,1
2019-10-18T17:18:20.000Z,1
2019-10-18T17:33:50.000Z,1
2019-10-18T17:35:11.000Z,1
2019-10-18T18:01:09.000Z,2
2019-10-18T18:06:23.000Z,1
2019-10-18T18:12:53.000Z,1
2019-10-18T19:07:02.000Z,1
2019-10-18T19:22:14.000Z,1
2019-10-18T19:33:17.000Z,1
2019-10-18T19:43:04.000Z,1
2019-10-18T19:52:33.000Z,1
2019-10-18T19:58:21.000Z,1
2019-10-18T21:25:02.000Z,1
2019-10-18T22:41:28.000Z,1
2019-10-18T22:46:23.000Z,2
2019-10-18T23:03:47.000Z,1
2019-10-14T15:43:30.000Z,1
2019-10-14T15:55:09.000Z,1
2019-10-14T16:01:40.000Z,1
2019-10-14T16:14:39.000Z,1
2019-10-14T16:21:46.000Z,1
2019-10-14T16:30:49.000Z,1
2019-10-14T16:37:44.000Z,2
2019-10-14T16:40:31.000Z,2
2019-10-14T16:47:44.000Z,1
2019-10-14T16:55:26.000Z,1
2019-10-14T16:59:21.000Z,1
2019-10-14T17:09:52.000Z,1
2019-10-14T17:30:09.000Z,1
2019-10-14T18:07:43.000Z,1
2019-10-14T18:35:56.000Z,1
2019-10-14T18:50:40.000Z,1
2019-10-14T20:54:52.000Z,1
2019-10-14T21:03:00.000Z,1
2019-10-15T08:30:23.000Z,1
2019-10-15T12:07:33.000Z,1
2019-10-14T17:22:57.000Z,5
2019-10-14T17:45:58.000Z,1
2019-10-14T17:48:19.000Z,1
2019-10-14T17:50:43.000Z,1
2019-10-14T17:52:18.000Z,1
2019-10-14T17:52:38.000Z,1
2019-10-14T18:13:55.000Z,1
2019-10-14T19:18:57.000Z,1
2019-10-14T19:53:42.000Z,1
2019-10-14T19:59:24.000Z,1
2019-10-14T20:24:56.000Z,1
2019-10-15T05:37:07.000Z,1
2019-10-15T06:07:52.000Z,1
2019-10-15T06:39:52.000Z,1
2019-10-15T07:03:51.000Z,1
2019-10-15T07:16:04.000Z,1
2019-10-15T07:17:48.000Z,1
2019-10-15T07:20:17.000Z,1
2019-10-15T07:23:58.000Z,1
2019-10-15T07:38:00.000Z,1
2019-10-15T07:39:00.000Z,2
2019-10-15T07:46:02.000Z,1
2019-10-15T07:55:58.000Z,1
2019-10-15T08:01:11.000Z,3
2019-10-15T08:04:32.000Z,1
2019-10-15T08:10:25.000Z,2
2019-10-15T08:23:21.000Z,1
2019-10-15T08:31:49.000Z,1
2019-10-15T08:35:16.000Z,1
2019-10-15T08:40:04.000Z,1
2019-10-15T08:41:51.000Z,1
2019-10-15T08:50:43.000Z,3
2019-10-15T09:00:11.000Z,1
2019-10-15T09:06:29.000Z,1
2019-10-15T09:17:15.000Z,1
2019-10-15T09:51:36.000Z,1
2019-10-15T11:11:46.000Z,1
2019-10-15T11:55:23.000Z,1
2019-10-15T12:07:17.000Z,1
2019-10-15T12:55:17.000Z,1
2019-10-15T13:15:23.000Z,2
2019-10-15T13:17:56.000Z,1
2019-10-15T15:03:27.000Z,1
2019-10-15T15:29:19.000Z,1
2019-10-15T15:58:05.000Z,1
2019-10-15T15:58:28.000Z,2
2019-10-15T16:03:28.000Z,1
2019-10-15T16:05:49.000Z,1
2019-10-15T16:13:37.000Z,1
2019-10-15T16:14:22.000Z,1
2019-10-15T16:46:47.000Z,1
2019-10-15T16:56:56.000Z,1
2019-10-15T17:06:58.000Z,2
2019-10-15T17:11:34.000Z,1
2019-10-15T17:19:58.000Z,1
2019-10-15T17:26:06.000Z,1
2019-10-15T17:26:47.000Z,2
2019-10-15T17:28:38.000Z,1
2019-10-15T17:47:23.000Z,1
2019-10-15T17:57:51.000Z,1
2019-10-15T18:04:27.000Z,1
2019-10-15T18:17:08.000Z,1
2019-10-15T18:17:42.000Z,1
2019-10-15T18:33:51.000Z,2
2019-10-15T19:08:19.000Z,1
2019-10-15T19:17:50.000Z,1
2019-10-15T19:29:10.000Z,1
2019-10-15T20:21:51.000Z,1
2019-10-15T20:25:34.000Z,1
2019-10-15T20:30:44.000Z,1
2019-10-15T23:04:30.000Z,1
2019-10-15T23:04:37.000Z,1
2019-10-16T06:31:49.000Z,1
2019-10-16T06:39:49.000Z,1
2019-10-16T07:15:18.000Z,1
2019-10-16T07:28:23.000Z,1
2019-10-16T07:37:33.000Z,1
2019-10-16T07:42:47.000Z,1
2019-10-16T07:44:16.000Z,1
2019-10-16T07:50:01.000Z,1
2019-10-16T08:07:11.000Z,1
2019-10-16T08:09:10.000Z,1
2019-10-16T08:09:26.000Z,2
2019-10-16T08:10:06.000Z,3
2019-10-16T08:10:07.000Z,1
2019-10-16T08:14:17.000Z,1
2019-10-16T08:22:27.000Z,3
2019-10-16T08:27:28.000Z,1
2019-10-16T08:46:50.000Z,1
2019-10-16T08:53:25.000Z,1
2019-10-16T09:16:16.000Z,1
2019-10-16T10:15:14.000Z,1
2019-10-16T10:22:31.000Z,1
2019-10-16T10:28:36.000Z,1
2019-10-16T11:28:42.000Z,1
2019-10-16T11:29:37.000Z,1
2019-10-16T11:41:11.000Z,1
2019-10-16T12:54:07.000Z,1
2019-10-16T13:05:34.000Z,1
2019-10-16T14:18:38.000Z,1
2019-10-16T14:39:46.000Z,1
2019-10-16T14:54:28.000Z,1
2019-10-16T15:01:35.000Z,1
2019-10-16T15:33:58.000Z,1
2019-10-16T16:11:58.000Z,1
2019-10-16T16:42:22.000Z,1
2019-10-16T17:02:20.000Z,1
2019-10-16T17:04:50.000Z,1
2019-10-16T17:06:11.000Z,1
2019-10-16T17:13:32.000Z,3
2019-10-16T17:15:38.000Z,1
2019-10-16T17:23:40.000Z,2
2019-10-16T17:28:17.000Z,1
2019-10-16T17:39:44.000Z,1
2019-10-16T17:51:46.000Z,1
2019-10-16T17:56:09.000Z,1
2019-10-16T17:56:11.000Z,1
2019-10-16T18:08:19.000Z,1
2019-10-16T18:16:19.000Z,1
2019-10-16T18:19:04.000Z,1
2019-10-16T18:28:38.000Z,1
2019-10-16T19:08:56.000Z,2
2019-10-16T20:35:33.000Z,1
2019-10-16T20:59:46.000Z,1
2019-10-16T21:53:18.000Z,1
2019-10-16T23:04:32.000Z,1
2019-10-17T05:18:10.000Z,1
2019-10-17T06:21:52.000Z,1
2019-10-17T07:04:59.000Z,1
2019-10-17T07:21:52.000Z,1
2019-10-17T07:22:21.000Z,1
2019-10-17T07:36:24.000Z,1
2019-10-17T07:41:51.000Z,1
2019-10-17T07:44:04.000Z,1
2019-10-17T07:48:33.000Z,1
2019-10-17T07:51:41.000Z,1
2019-10-17T07:53:06.000Z,1
2019-10-17T08:00:16.000Z,1
2019-10-17T08:14:21.000Z,1
2019-10-17T08:23:19.000Z,1
2019-10-17T08:32:21.000Z,1
2019-10-17T08:32:50.000Z,1
2019-10-17T08:40:59.000Z,1
2019-10-17T08:44:31.000Z,1
2019-10-17T08:47:08.000Z,1
2019-10-17T09:14:19.000Z,1
2019-10-17T09:17:11.000Z,1
2019-10-17T09:20:18.000Z,1
2019-10-17T09:30:41.000Z,1
2019-10-17T09:38:03.000Z,1
2019-10-17T10:36:34.000Z,1
2019-10-17T11:18:09.000Z,1
2019-10-17T12:29:12.000Z,1
2019-10-17T12:55:14.000Z,1
2019-10-17T12:55:18.000Z,1
2019-10-17T13:12:33.000Z,1
2019-10-17T13:35:12.000Z,1
2019-10-17T15:21:40.000Z,1
2019-10-17T15:37:55.000Z,1
2019-10-17T15:56:15.000Z,1
2019-10-17T15:57:39.000Z,1
2019-10-17T16:00:05.000Z,1
2019-10-17T16:11:16.000Z,1
2019-10-17T16:14:51.000Z,1
2019-10-17T16:30:05.000Z,1
2019-10-17T16:32:05.000Z,1
2019-10-17T16:35:53.000Z,2
2019-10-17T17:07:45.000Z,2
2019-10-17T17:29:13.000Z,2
2019-10-17T17:33:55.000Z,1
2019-10-17T17:34:18.000Z,1
2019-10-17T17:51:11.000Z,1
2019-10-17T18:03:51.000Z,2
2019-10-17T18:05:37.000Z,1
2019-10-17T18:21:44.000Z,1
2019-10-17T18:35:05.000Z,1
2019-10-17T18:48:17.000Z,2
2019-10-17T18:51:06.000Z,1
2019-10-17T19:26:29.000Z,1
2019-10-17T20:26:44.000Z,1
2019-10-17T21:06:05.000Z,1
2019-10-17T21:47:48.000Z,1
2019-10-17T21:54:53.000Z,1
2019-10-17T23:15:25.000Z,1
2019-10-17T23:26:20.000Z,1
2019-10-18T05:17:26.000Z,1
2019-10-18T05:53:02.000Z,1
2019-10-18T06:14:15.000Z,1
2019-10-18T06:48:51.000Z,1
2019-10-18T06:52:45.000Z,1
2019-10-18T07:33:42.000Z,1
2019-10-18T07:53:58.000Z,1
2019-10-18T07:55:44.000Z,1
2019-10-18T08:05:39.000Z,2
2019-10-18T08:16:04.000Z,1
2019-10-18T08:24:57.000Z,1
2019-10-18T08:33:28.000Z,1
2019-10-18T09:03:31.000Z,1
2019-10-18T09:05:02.000Z,1
2019-10-18T09:11:18.000Z,1
2019-10-18T09:23:19.000Z,1
2019-10-18T09:53:38.000Z,1
2019-10-18T09:56:13.000Z,1
2019-10-18T09:58:18.000Z,1
2019-10-18T10:14:35.000Z,1
2019-10-18T11:44:37.000Z,1
2019-10-18T12:04:27.000Z,1
2019-10-18T12:06:06.000Z,1
2019-10-18T13:46:08.000Z,1
2019-10-18T13:49:33.000Z,1
2019-10-18T13:55:15.000Z,1
2019-10-18T14:20:34.000Z,1
2019-10-18T14:39:35.000Z,1
2019-10-18T14:48:04.000Z,1
2019-10-18T14:48:05.000Z,1
2019-10-18T15:03:10.000Z,1
2019-10-18T15:24:25.000Z,1
2019-10-18T15:25:42.000Z,1
2019-10-18T15:28:14.000Z,1
2019-10-18T15:49:22.000Z,1
2019-10-18T16:40:07.000Z,1
2019-10-18T16:46:14.000Z,1
2019-10-18T16:50:47.000Z,1
2019-10-18T17:07:22.000Z,1
2019-10-18T17:10:36.000Z,1
2019-10-18T17:16:52.000Z,1
2019-10-18T17:25:34.000Z,1
2019-10-18T17:47:47.000Z,2
2019-10-18T18:04:08.000Z,1
2019-10-18T18:04:39.000Z,1
2019-10-18T18:22:14.000Z,1
2019-10-18T18:28:59.000Z,1
2019-10-18T18:29:04.000Z,1
2019-10-18T18:30:33.000Z,1
2019-10-18T18:37:54.000Z,1
2019-10-18T18:49:30.000Z,2
2019-10-18T18:52:31.000Z,1
2019-10-18T19:28:59.000Z,1
2019-10-18T19:41:23.000Z,1
2019-10-18T20:31:29.000Z,1
2019-10-18T21:13:16.000Z,1
2019-10-18T21:16:32.000Z,1
2019-10-18T21:28:03.000Z,1
2019-10-18T21:53:23.000Z,1
2019-10-18T22:13:53.000Z,1
2019-10-18T22:14:04.000Z,1
2019-10-18T22:53:15.000Z,1
2019-10-18T22:58:02.000Z,1
2019-10-18T23:04:02.000Z,1
2019-10-14T14:57:06.000Z,1
2019-10-14T15:17:59.000Z,1
2019-10-14T15:32:43.000Z,2
2019-10-14T16:10:19.000Z,1
2019-10-14T16:14:14.000Z,1
2019-10-14T16:20:14.000Z,1
2019-10-14T16:21:07.000Z,1
2019-10-14T16:22:41.000Z,1
2019-10-14T16:23:39.000Z,1
2019-10-14T16:40:09.000Z,2
2019-10-14T16:57:44.000Z,1
2019-10-14T17:23:15.000Z,1
2019-10-14T17:28:40.000Z,1
2019-10-14T17:38:35.000Z,1
2019-10-14T17:44:45.000Z,2
2019-10-14T17:57:44.000Z,1
2019-10-14T18:06:09.000Z,1
2019-10-14T18:26:55.000Z,1
2019-10-14T19:00:29.000Z,1
2019-10-14T20:43:33.000Z,1
2019-10-15T07:05:34.000Z,1
2019-10-15T10:20:11.000Z,1
2019-10-15T11:33:40.000Z,1
2019-10-14T16:57:07.000Z,1
2019-10-14T17:20:21.000Z,1
2019-10-14T18:00:59.000Z,1
2019-10-14T18:01:17.000Z,1
2019-10-14T18:12:58.000Z,1
2019-10-14T18:55:50.000Z,1
2019-10-14T19:19:31.000Z,1
2019-10-14T19:25:28.000Z,1
2019-10-14T19:27:30.000Z,1
2019-10-14T19:41:49.000Z,1
2019-10-14T20:07:52.000Z,1
2019-10-14T21:09:23.000Z,1
2019-10-14T21:32:34.000Z,1
2019-10-14T21:39:37.000Z,1
2019-10-14T21:41:15.000Z,1
2019-10-14T22:01:51.000Z,1
2019-10-14T22:27:50.000Z,1
2019-10-15T06:48:31.000Z,1
2019-10-15T07:20:16.000Z,1
2019-10-15T07:28:29.000Z,1
2019-10-15T07:38:43.000Z,1
2019-10-15T08:08:01.000Z,1
2019-10-15T08:10:54.000Z,1
2019-10-15T08:23:36.000Z,2
2019-10-15T08:25:04.000Z,2
2019-10-15T08:28:40.000Z,1
2019-10-15T08:34:14.000Z,1
2019-10-15T08:35:52.000Z,1
2019-10-15T08:36:09.000Z,1
2019-10-15T08:38:32.000Z,1
2019-10-15T08:39:12.000Z,1
2019-10-15T09:54:02.000Z,1
2019-10-15T10:07:21.000Z,1
2019-10-15T10:08:45.000Z,1
2019-10-15T10:33:49.000Z,1
2019-10-15T10:39:04.000Z,1
2019-10-15T10:47:23.000Z,1
2019-10-15T11:50:11.000Z,1
2019-10-15T11:50:48.000Z,1
2019-10-15T12:28:05.000Z,1
2019-10-15T12:46:16.000Z,1
2019-10-15T12:47:06.000Z,1
2019-10-15T12:51:59.000Z,2
2019-10-15T12:54:03.000Z,1
2019-10-15T13:01:55.000Z,1
2019-10-15T13:18:14.000Z,1
2019-10-15T13:22:26.000Z,1
2019-10-15T13:33:15.000Z,1
2019-10-15T13:43:50.000Z,1
2019-10-15T14:00:25.000Z,1
2019-10-15T14:17:45.000Z,1
2019-10-15T15:14:14.000Z,2
2019-10-15T15:52:38.000Z,1
2019-10-15T15:53:38.000Z,1
2019-10-15T16:14:50.000Z,1
2019-10-15T16:32:17.000Z,1
2019-10-15T16:58:41.000Z,2
2019-10-15T17:04:46.000Z,2
2019-10-15T17:08:44.000Z,1
2019-10-15T17:18:56.000Z,2
2019-10-15T17:24:31.000Z,1
2019-10-15T17:27:47.000Z,1
2019-10-15T17:32:21.000Z,1
2019-10-15T17:36:10.000Z,1
2019-10-15T17:40:11.000Z,1
2019-10-15T18:23:01.000Z,1
2019-10-15T18:41:30.000Z,1
2019-10-15T18:42:05.000Z,1
2019-10-15T18:52:51.000Z,1
2019-10-15T19:40:36.000Z,1
2019-10-15T19:58:01.000Z,1
2019-10-15T20:05:32.000Z,1
2019-10-15T21:03:06.000Z,1
2019-10-15T23:00:47.000Z,1
2019-10-15T23:18:05.000Z,1
2019-10-16T01:19:01.000Z,1
2019-10-16T02:46:46.000Z,1
2019-10-16T05:33:48.000Z,1
2019-10-16T05:57:31.000Z,1
2019-10-16T06:49:07.000Z,2
2019-10-16T07:20:53.000Z,1
2019-10-16T07:28:46.000Z,1
2019-10-16T07:33:49.000Z,1
2019-10-16T07:40:35.000Z,1
2019-10-16T07:49:35.000Z,1
2019-10-16T07:50:04.000Z,1
2019-10-16T08:00:42.000Z,1
2019-10-16T08:07:48.000Z,2
2019-10-16T08:26:30.000Z,1
2019-10-16T08:30:56.000Z,1
2019-10-16T08:42:39.000Z,2
2019-10-16T08:42:56.000Z,1
2019-10-16T08:47:30.000Z,1
2019-10-16T08:47:28.000Z,1
2019-10-16T08:58:06.000Z,1
2019-10-16T09:04:56.000Z,1
2019-10-16T09:14:28.000Z,1
2019-10-16T09:35:35.000Z,1
2019-10-16T10:03:11.000Z,1
2019-10-16T10:37:34.000Z,1
2019-10-16T12:01:39.000Z,1
2019-10-16T12:33:36.000Z,2
2019-10-16T12:56:59.000Z,1
2019-10-16T13:10:41.000Z,1
2019-10-16T13:45:02.000Z,1
2019-10-16T14:15:14.000Z,1
2019-10-16T15:12:34.000Z,1
2019-10-16T15:21:20.000Z,1
2019-10-16T15:25:25.000Z,1
2019-10-16T16:59:50.000Z,1
2019-10-16T17:06:23.000Z,1
2019-10-16T17:14:26.000Z,2
2019-10-16T17:17:49.000Z,2
2019-10-16T17:22:45.000Z,1
2019-10-16T18:25:29.000Z,1
2019-10-16T18:30:50.000Z,1
2019-10-16T18:56:51.000Z,1
2019-10-16T19:02:04.000Z,1
2019-10-16T19:19:06.000Z,1
2019-10-16T19:24:42.000Z,1
2019-10-16T20:02:54.000Z,1
2019-10-16T20:25:04.000Z,1
2019-10-16T20:44:10.000Z,1
2019-10-16T21:01:13.000Z,1
2019-10-17T04:50:35.000Z,1
2019-10-17T06:09:19.000Z,1
2019-10-17T06:26:00.000Z,1
2019-10-17T06:45:13.000Z,1
2019-10-17T06:55:09.000Z,1
2019-10-17T07:09:44.000Z,1
2019-10-17T07:16:03.000Z,1
2019-10-17T07:34:42.000Z,1
2019-10-17T07:40:51.000Z,1
2019-10-17T07:41:57.000Z,2
2019-10-17T07:43:42.000Z,2
2019-10-17T07:45:34.000Z,1
2019-10-17T08:03:08.000Z,1
2019-10-17T08:09:37.000Z,1
2019-10-17T08:13:52.000Z,1
2019-10-17T09:00:13.000Z,1
2019-10-17T10:55:42.000Z,1
2019-10-17T12:05:25.000Z,1
2019-10-17T12:20:16.000Z,1
2019-10-17T14:42:52.000Z,2
2019-10-17T15:26:34.000Z,1
2019-10-17T15:50:11.000Z,1
2019-10-17T15:51:39.000Z,1
2019-10-17T15:52:32.000Z,1
2019-10-17T16:39:22.000Z,1
2019-10-17T17:04:49.000Z,1
2019-10-17T17:23:48.000Z,2
2019-10-17T17:24:51.000Z,1
2019-10-17T17:29:06.000Z,1
2019-10-17T17:35:20.000Z,1
2019-10-17T17:40:17.000Z,1
2019-10-17T17:41:22.000Z,1
2019-10-17T17:52:33.000Z,1
2019-10-17T18:01:08.000Z,2
2019-10-17T18:06:05.000Z,1
2019-10-17T18:22:42.000Z,1
2019-10-17T18:31:10.000Z,2
2019-10-17T18:51:16.000Z,1
2019-10-17T19:11:48.000Z,1
2019-10-17T19:14:41.000Z,2
2019-10-17T20:01:14.000Z,1
2019-10-17T20:38:10.000Z,2
2019-10-17T21:29:57.000Z,1
2019-10-17T21:30:14.000Z,1
2019-10-17T22:16:17.000Z,1
2019-10-17T22:21:24.000Z,1
2019-10-17T22:36:59.000Z,1
2019-10-17T23:29:29.000Z,1
2019-10-18T01:03:06.000Z,1
2019-10-18T06:03:19.000Z,1
2019-10-18T06:25:46.000Z,1
2019-10-18T06:31:48.000Z,1
2019-10-18T06:49:26.000Z,1
2019-10-18T06:50:26.000Z,1
2019-10-18T06:54:22.000Z,1
2019-10-18T06:59:19.000Z,1
2019-10-18T07:00:17.000Z,1
2019-10-18T07:20:59.000Z,1
2019-10-18T07:21:02.000Z,1
2019-10-18T07:29:08.000Z,1
2019-10-18T07:36:13.000Z,1
2019-10-18T07:39:09.000Z,1
2019-10-18T07:53:53.000Z,1
2019-10-18T08:07:36.000Z,1
2019-10-18T08:08:06.000Z,1
2019-10-18T08:10:02.000Z,1
2019-10-18T08:11:20.000Z,1
2019-10-18T08:15:56.000Z,1
2019-10-18T08:40:50.000Z,1
2019-10-18T09:15:26.000Z,1
2019-10-18T09:42:25.000Z,1
2019-10-18T10:32:58.000Z,1
2019-10-18T10:34:45.000Z,1
2019-10-18T10:54:56.000Z,1
2019-10-18T11:18:38.000Z,1
2019-10-18T11:41:55.000Z,1
2019-10-18T12:07:08.000Z,1
2019-10-18T12:20:01.000Z,1
2019-10-18T12:38:37.000Z,1
2019-10-18T12:44:08.000Z,1
2019-10-18T12:59:35.000Z,1
2019-10-18T13:21:05.000Z,1
2019-10-18T13:23:09.000Z,1
2019-10-18T13:26:34.000Z,1
2019-10-18T13:29:09.000Z,2
2019-10-18T13:42:14.000Z,1
2019-10-18T13:56:59.000Z,1
2019-10-18T14:47:45.000Z,1
2019-10-18T14:58:10.000Z,1
2019-10-18T15:26:59.000Z,1
2019-10-18T15:31:00.000Z,1
2019-10-18T15:43:05.000Z,1
2019-10-18T15:46:44.000Z,1
2019-10-18T16:07:15.000Z,1
2019-10-18T16:12:33.000Z,1
2019-10-18T16:18:19.000Z,1
2019-10-18T16:23:28.000Z,1
2019-10-18T16:30:37.000Z,1
2019-10-18T16:35:47.000Z,1
2019-10-18T18:15:39.000Z,2
2019-10-18T18:18:43.000Z,2
2019-10-18T18:19:15.000Z,2
2019-10-18T18:29:35.000Z,1
2019-10-18T19:08:15.000Z,1
2019-10-18T19:39:37.000Z,1
2019-10-18T20:11:06.000Z,1
2019-10-18T20:41:10.000Z,1
2019-10-18T20:43:45.000Z,3
2019-10-18T21:01:23.000Z,1
2019-10-18T21:31:33.000Z,1
2019-10-18T21:34:41.000Z,1
2019-10-18T23:27:37.000Z,1
2019-10-18T23:32:57.000Z,1
2019-10-14T14:40:47.000Z,2
2019-10-14T15:07:16.000Z,1
2019-10-14T15:13:15.000Z,2
2019-10-14T15:33:44.000Z,2
2019-10-14T15:49:29.000Z,1
2019-10-14T15:58:31.000Z,1
2019-10-14T16:05:00.000Z,1
2019-10-14T16:06:12.000Z,1
2019-10-14T16:25:47.000Z,1
2019-10-14T16:40:48.000Z,2
2019-10-14T16:41:25.000Z,1
2019-10-14T17:03:26.000Z,1
2019-10-14T17:40:57.000Z,1
2019-10-14T18:22:23.000Z,2
2019-10-14T19:14:32.000Z,2
2019-10-14T19:56:36.000Z,1
2019-10-14T20:08:27.000Z,2
2019-10-15T08:41:52.000Z,1
2019-10-15T11:26:14.000Z,1
2019-10-14T16:22:31.000Z,3
2019-10-14T17:14:56.000Z,1
2019-10-14T17:28:55.000Z,1
2019-10-14T17:31:36.000Z,3
2019-10-14T17:42:34.000Z,1
2019-10-14T17:42:47.000Z,2
2019-10-14T17:52:35.000Z,1
2019-10-14T18:32:13.000Z,1
2019-10-14T18:52:52.000Z,1
2019-10-14T20:18:28.000Z,1
2019-10-14T20:18:46.000Z,1
2019-10-14T22:09:09.000Z,1
2019-10-14T22:38:11.000Z,1
2019-10-14T23:07:32.000Z,1
2019-10-15T05:48:51.000Z,1
2019-10-15T06:16:32.000Z,1
2019-10-15T06:44:22.000Z,1
2019-10-15T07:11:52.000Z,1
2019-10-15T07:18:57.000Z,1
2019-10-15T07:21:07.000Z,2
2019-10-15T07:44:15.000Z,1
2019-10-15T07:44:47.000Z,2
2019-10-15T07:48:42.000Z,2
2019-10-15T07:50:36.000Z,2
2019-10-15T07:54:02.000Z,1
2019-10-15T08:07:19.000Z,2
2019-10-15T08:18:07.000Z,1
2019-10-15T08:39:01.000Z,1
2019-10-15T09:03:54.000Z,1
2019-10-15T09:06:51.000Z,1
2019-10-15T09:09:51.000Z,1
2019-10-15T09:25:17.000Z,1
2019-10-15T09:47:29.000Z,1
2019-10-15T10:43:21.000Z,3
2019-10-15T11:27:47.000Z,1
2019-10-15T11:28:19.000Z,1
2019-10-15T11:57:22.000Z,1
2019-10-15T11:58:31.000Z,1
2019-10-15T12:24:53.000Z,1
2019-10-15T12:28:19.000Z,1
2019-10-15T12:45:17.000Z,1
2019-10-15T13:06:35.000Z,1
2019-10-15T13:10:54.000Z,1
2019-10-15T13:57:02.000Z,1
2019-10-15T13:58:32.000Z,1
2019-10-15T14:17:32.000Z,1
2019-10-15T14:41:15.000Z,1
2019-10-15T14:45:02.000Z,1
2019-10-15T15:20:33.000Z,1
2019-10-15T15:30:41.000Z,1
2019-10-15T15:34:47.000Z,1
2019-10-15T15:51:18.000Z,1
2019-10-15T16:10:30.000Z,1
2019-10-15T16:43:49.000Z,1
2019-10-15T16:50:01.000Z,1
2019-10-15T17:00:56.000Z,2
2019-10-15T17:04:01.000Z,2
2019-10-15T17:05:15.000Z,1
2019-10-15T17:06:08.000Z,1
2019-10-15T17:10:13.000Z,1
2019-10-15T17:11:07.000Z,1
2019-10-15T17:48:12.000Z,1
2019-10-15T18:16:47.000Z,1
2019-10-15T18:21:16.000Z,1
2019-10-15T18:21:45.000Z,1
2019-10-15T19:08:12.000Z,1
2019-10-15T19:38:32.000Z,1
2019-10-15T19:51:08.000Z,2
2019-10-15T19:55:17.000Z,1
2019-10-15T20:22:30.000Z,1
2019-10-15T20:44:48.000Z,1
2019-10-15T21:12:01.000Z,1
2019-10-15T21:22:38.000Z,1
2019-10-15T21:48:53.000Z,1
2019-10-15T21:50:01.000Z,1
2019-10-15T22:34:38.000Z,1
2019-10-15T23:18:47.000Z,1
2019-10-16T06:12:01.000Z,1
2019-10-16T06:49:16.000Z,1
2019-10-16T07:16:09.000Z,1
2019-10-16T07:22:03.000Z,1
2019-10-16T07:33:55.000Z,1
2019-10-16T07:35:27.000Z,1
2019-10-16T07:36:28.000Z,1
2019-10-16T07:39:15.000Z,1
2019-10-16T07:51:21.000Z,1
2019-10-16T08:01:04.000Z,1
2019-10-16T08:11:25.000Z,1
2019-10-16T08:14:25.000Z,1
2019-10-16T08:35:24.000Z,1
2019-10-16T08:37:56.000Z,1
2019-10-16T08:39:51.000Z,1
2019-10-16T08:50:25.000Z,1
2019-10-16T08:56:12.000Z,1
2019-10-16T09:25:10.000Z,1
2019-10-16T09:57:45.000Z,1
2019-10-16T09:59:42.000Z,1
2019-10-16T12:51:26.000Z,1
2019-10-16T13:30:49.000Z,1
2019-10-16T13:57:24.000Z,1
2019-10-16T14:56:51.000Z,1
2019-10-16T15:19:36.000Z,1
2019-10-16T15:21:06.000Z,1
2019-10-16T15:38:18.000Z,1
2019-10-16T15:41:35.000Z,1
2019-10-16T15:56:12.000Z,1
2019-10-16T15:57:50.000Z,1
2019-10-16T15:58:13.000Z,1
2019-10-16T16:15:38.000Z,1
2019-10-16T16:19:38.000Z,1
2019-10-16T16:22:12.000Z,1
2019-10-16T16:33:10.000Z,1
2019-10-16T16:33:21.000Z,2
2019-10-16T16:34:16.000Z,2
2019-10-16T16:45:13.000Z,1
2019-10-16T16:49:43.000Z,1
2019-10-16T16:52:07.000Z,1
2019-10-16T16:54:39.000Z,2
2019-10-16T16:54:47.000Z,1
2019-10-16T17:00:45.000Z,1
2019-10-16T17:07:33.000Z,1
2019-10-16T17:12:36.000Z,1
2019-10-16T17:19:21.000Z,1
2019-10-16T17:20:17.000Z,2
2019-10-16T17:21:50.000Z,1
2019-10-16T17:22:00.000Z,1
2019-10-16T17:54:48.000Z,1
2019-10-16T17:58:01.000Z,1
2019-10-16T18:05:54.000Z,1
2019-10-16T18:16:21.000Z,1
2019-10-16T18:18:01.000Z,1
2019-10-16T18:19:17.000Z,2
2019-10-16T18:44:53.000Z,1
2019-10-16T19:34:21.000Z,1
2019-10-16T20:22:23.000Z,1
2019-10-16T20:50:35.000Z,1
2019-10-16T21:13:04.000Z,1
2019-10-16T21:13:21.000Z,1
2019-10-16T21:26:22.000Z,1
2019-10-16T21:30:23.000Z,1
2019-10-16T22:53:26.000Z,1
2019-10-17T02:34:19.000Z,1
2019-10-17T03:24:32.000Z,1
2019-10-17T07:45:41.000Z,1
2019-10-17T07:55:36.000Z,1
2019-10-17T08:01:13.000Z,1
2019-10-17T08:06:51.000Z,2
2019-10-17T08:29:58.000Z,1
2019-10-17T08:30:42.000Z,1
2019-10-17T08:32:22.000Z,1
2019-10-17T08:33:12.000Z,1
2019-10-17T08:33:30.000Z,2
2019-10-17T08:41:20.000Z,3
2019-10-17T08:44:49.000Z,2
2019-10-17T09:12:53.000Z,1
2019-10-17T09:30:57.000Z,2
2019-10-17T09:59:36.000Z,1
2019-10-17T10:11:49.000Z,1
2019-10-17T11:24:52.000Z,1
2019-10-17T13:03:26.000Z,1
2019-10-17T13:10:15.000Z,1
2019-10-17T13:28:31.000Z,1
2019-10-17T13:46:26.000Z,1
2019-10-17T13:47:12.000Z,1
2019-10-17T14:11:08.000Z,1
2019-10-17T14:16:57.000Z,1
2019-10-17T14:21:00.000Z,1
2019-10-17T15:04:24.000Z,1
2019-10-17T15:10:08.000Z,1
2019-10-17T15:21:13.000Z,1
2019-10-17T15:36:28.000Z,1
2019-10-17T16:00:20.000Z,1
2019-10-17T16:17:40.000Z,1
2019-10-17T16:30:15.000Z,1
2019-10-17T16:37:41.000Z,1
2019-10-17T16:46:37.000Z,2
2019-10-17T17:03:32.000Z,1
2019-10-17T17:05:15.000Z,2
2019-10-17T17:08:52.000Z,2
2019-10-17T17:10:45.000Z,1
2019-10-17T17:33:03.000Z,2
2019-10-17T17:35:47.000Z,1
2019-10-17T17:44:53.000Z,1
2019-10-17T18:09:31.000Z,1
2019-10-17T18:13:47.000Z,1
2019-10-17T18:17:38.000Z,1
2019-10-17T18:26:46.000Z,1
2019-10-17T18:37:52.000Z,1
2019-10-17T19:06:17.000Z,1
2019-10-17T19:43:21.000Z,1
2019-10-17T20:06:59.000Z,1
2019-10-17T20:14:31.000Z,1
2019-10-17T20:16:54.000Z,1
2019-10-17T21:03:35.000Z,2
2019-10-17T21:07:18.000Z,1
2019-10-17T22:01:56.000Z,1
2019-10-17T23:29:22.000Z,1
2019-10-18T05:25:28.000Z,1
2019-10-18T06:14:20.000Z,1
2019-10-18T06:46:37.000Z,1
2019-10-18T06:53:21.000Z,1
2019-10-18T06:54:49.000Z,1
2019-10-18T07:06:30.000Z,1
2019-10-18T07:12:37.000Z,1
2019-10-18T07:13:07.000Z,1
2019-10-18T07:47:32.000Z,1
2019-10-18T07:53:40.000Z,1
2019-10-18T07:58:23.000Z,1
2019-10-18T08:01:16.000Z,1
2019-10-18T08:07:14.000Z,1
2019-10-18T08:14:03.000Z,1
2019-10-18T08:25:57.000Z,1
2019-10-18T08:39:39.000Z,1
2019-10-18T08:54:00.000Z,1
2019-10-18T09:12:11.000Z,1
2019-10-18T09:29:12.000Z,1
2019-10-18T09:37:02.000Z,1
2019-10-18T09:47:34.000Z,1
2019-10-18T09:51:36.000Z,1
2019-10-18T09:59:33.000Z,1
2019-10-18T10:24:50.000Z,1
2019-10-18T10:37:03.000Z,1
2019-10-18T10:42:48.000Z,1
2019-10-18T11:13:40.000Z,1
2019-10-18T12:15:49.000Z,1
2019-10-18T12:32:14.000Z,1
2019-10-18T12:33:55.000Z,1
2019-10-18T12:51:39.000Z,2
2019-10-18T12:56:15.000Z,1
2019-10-18T13:20:41.000Z,1
2019-10-18T13:32:32.000Z,1
2019-10-18T14:14:16.000Z,1
2019-10-18T14:15:20.000Z,2
2019-10-18T14:36:28.000Z,1
2019-10-18T14:59:15.000Z,2
2019-10-18T15:15:40.000Z,1
2019-10-18T15:18:07.000Z,1
2019-10-18T15:22:04.000Z,1
2019-10-18T15:23:28.000Z,1
2019-10-18T15:41:32.000Z,2
2019-10-18T16:00:04.000Z,1
2019-10-18T16:17:18.000Z,1
2019-10-18T16:23:47.000Z,1
2019-10-18T16:31:18.000Z,1
2019-10-18T16:31:53.000Z,2
2019-10-18T17:01:48.000Z,1
2019-10-18T17:41:04.000Z,1
2019-10-18T17:57:54.000Z,1
2019-10-18T18:01:43.000Z,1
2019-10-18T18:05:56.000Z,1
2019-10-18T18:09:50.000Z,2
2019-10-18T18:10:27.000Z,2
2019-10-18T18:23:15.000Z,1
2019-10-18T18:23:35.000Z,1
2019-10-18T18:26:08.000Z,1
2019-10-18T18:34:18.000Z,1
2019-10-18T18:50:53.000Z,2
2019-10-18T18:57:31.000Z,1
2019-10-18T19:01:33.000Z,1
2019-10-18T19:08:51.000Z,1
2019-10-18T19:18:58.000Z,2
2019-10-18T20:44:00.000Z,1
2019-10-18T21:01:14.000Z,1
2019-10-18T21:43:37.000Z,1
2019-10-18T22:09:37.000Z,1
2019-10-18T22:28:03.000Z,1
2019-10-18T22:33:17.000Z,1
2019-10-18T22:52:34.000Z,1
2019-10-18T23:18:18.000Z,1
2019-10-14T14:44:11.000Z,1
2019-10-14T15:11:00.000Z,1
2019-10-14T16:11:32.000Z,1
2019-10-14T16:15:49.000Z,1
2019-10-14T16:20:51.000Z,1
2019-10-14T16:27:06.000Z,1
2019-10-14T16:28:25.000Z,1
2019-10-14T16:36:51.000Z,1
2019-10-14T16:40:34.000Z,3
2019-10-14T16:52:21.000Z,3
2019-10-14T16:59:23.000Z,1
2019-10-14T16:59:51.000Z,1
2019-10-14T17:12:03.000Z,1
2019-10-14T17:27:34.000Z,2
2019-10-14T17:54:59.000Z,2
2019-10-14T18:06:06.000Z,1
2019-10-14T18:08:36.000Z,1
2019-10-14T18:19:11.000Z,1
2019-10-14T19:07:47.000Z,2
2019-10-14T16:28:28.000Z,1
2019-10-14T16:41:34.000Z,3
2019-10-14T17:08:33.000Z,1
2019-10-14T17:12:23.000Z,1
2019-10-14T17:15:57.000Z,2
2019-10-14T17:23:29.000Z,1
2019-10-14T17:32:26.000Z,1
2019-10-14T17:42:41.000Z,1
2019-10-14T17:57:13.000Z,1
2019-10-14T18:03:29.000Z,2
2019-10-14T18:13:03.000Z,1
2019-10-14T18:21:51.000Z,1
2019-10-14T18:33:46.000Z,2
2019-10-14T18:42:08.000Z,1
2019-10-14T19:03:37.000Z,1
2019-10-14T19:10:24.000Z,1
2019-10-14T21:04:06.000Z,1
2019-10-14T21:39:25.000Z,1
2019-10-14T22:50:31.000Z,1
2019-10-15T00:10:28.000Z,1
2019-10-15T02:31:59.000Z,1
2019-10-15T05:38:42.000Z,1
2019-10-15T06:30:59.000Z,1
2019-10-15T06:33:25.000Z,1
2019-10-15T07:03:41.000Z,1
2019-10-15T07:48:52.000Z,1
2019-10-15T07:55:55.000Z,2
2019-10-15T07:56:05.000Z,2
2019-10-15T08:03:20.000Z,1
2019-10-15T08:20:48.000Z,1
2019-10-15T08:28:09.000Z,1
2019-10-15T08:46:10.000Z,2
2019-10-15T08:50:06.000Z,1
2019-10-15T09:13:53.000Z,1
2019-10-15T10:05:14.000Z,1
2019-10-15T10:36:55.000Z,1
2019-10-15T10:48:04.000Z,1
2019-10-15T11:39:34.000Z,1
2019-10-15T11:39:56.000Z,1
2019-10-15T12:01:12.000Z,2
2019-10-15T12:01:45.000Z,1
2019-10-15T12:11:33.000Z,1
2019-10-15T13:12:29.000Z,1
2019-10-15T13:15:27.000Z,1
2019-10-15T13:51:29.000Z,1
2019-10-15T14:26:32.000Z,1
2019-10-15T14:54:03.000Z,1
2019-10-15T15:07:16.000Z,1
2019-10-15T15:26:07.000Z,1
2019-10-15T15:27:58.000Z,1
2019-10-15T15:37:01.000Z,1
2019-10-15T15:51:43.000Z,1
2019-10-15T15:54:34.000Z,1
2019-10-15T15:58:00.000Z,2
2019-10-15T15:58:44.000Z,2
2019-10-15T16:03:57.000Z,1
2019-10-15T16:06:54.000Z,3
2019-10-15T16:13:39.000Z,2
2019-10-15T16:30:47.000Z,1
2019-10-15T16:35:35.000Z,1
2019-10-15T16:42:09.000Z,1
2019-10-15T16:48:16.000Z,1
2019-10-15T17:11:20.000Z,1
2019-10-15T17:11:31.000Z,1
2019-10-15T17:14:45.000Z,1
2019-10-15T17:16:47.000Z,1
2019-10-15T17:23:27.000Z,1
2019-10-15T17:34:19.000Z,1
2019-10-15T17:34:49.000Z,1
2019-10-15T17:37:58.000Z,2
2019-10-15T17:39:56.000Z,2
2019-10-15T17:50:44.000Z,1
2019-10-15T18:11:51.000Z,1
2019-10-15T18:11:45.000Z,1
2019-10-15T18:13:13.000Z,2
2019-10-15T18:18:35.000Z,1
2019-10-15T18:27:19.000Z,1
2019-10-15T18:42:09.000Z,1
2019-10-15T18:58:18.000Z,1
2019-10-15T18:59:03.000Z,1
2019-10-15T19:40:03.000Z,1
2019-10-15T19:55:06.000Z,1
2019-10-15T20:47:20.000Z,1
2019-10-15T20:48:07.000Z,1
2019-10-15T21:17:57.000Z,1
2019-10-15T22:32:29.000Z,1
2019-10-15T22:33:54.000Z,2
2019-10-15T22:42:33.000Z,1
2019-10-15T23:24:07.000Z,1
2019-10-16T05:03:12.000Z,1
2019-10-16T05:37:26.000Z,1
2019-10-16T05:47:13.000Z,1
2019-10-16T06:06:05.000Z,1
2019-10-16T06:30:33.000Z,1
2019-10-16T06:52:01.000Z,1
2019-10-16T07:14:08.000Z,1
2019-10-16T07:50:47.000Z,2
2019-10-16T08:27:39.000Z,1
2019-10-16T08:33:36.000Z,2
2019-10-16T08:42:35.000Z,1
2019-10-16T08:45:45.000Z,1
2019-10-16T09:04:22.000Z,1
2019-10-16T09:31:26.000Z,1
2019-10-16T10:02:39.000Z,1
2019-10-16T10:04:39.000Z,1
2019-10-16T11:23:24.000Z,1
2019-10-16T12:33:46.000Z,1
2019-10-16T12:45:53.000Z,1
2019-10-16T12:57:37.000Z,1
2019-10-16T14:17:32.000Z,1
2019-10-16T14:50:10.000Z,1
2019-10-16T14:56:58.000Z,1
2019-10-16T15:21:02.000Z,1
2019-10-16T15:23:00.000Z,1
2019-10-16T15:29:35.000Z,1
2019-10-16T15:31:00.000Z,1
2019-10-16T16:56:04.000Z,1
2019-10-16T17:11:28.000Z,1
2019-10-16T17:25:27.000Z,1
2019-10-16T17:55:35.000Z,1
2019-10-16T17:58:34.000Z,1
2019-10-16T18:06:43.000Z,1
2019-10-16T18:35:52.000Z,1
2019-10-16T18:37:54.000Z,1
2019-10-16T18:40:26.000Z,1
2019-10-16T19:26:05.000Z,1
2019-10-16T19:26:45.000Z,1
2019-10-16T19:38:55.000Z,1
2019-10-16T20:21:51.000Z,1
2019-10-16T20:30:07.000Z,1
2019-10-16T20:37:15.000Z,1
2019-10-16T20:50:57.000Z,1
2019-10-16T21:04:00.000Z,1
2019-10-16T21:27:04.000Z,1
2019-10-16T22:12:48.000Z,1
2019-10-17T05:01:45.000Z,1
2019-10-17T05:05:25.000Z,1
2019-10-17T06:42:08.000Z,2
2019-10-17T06:48:49.000Z,1
2019-10-17T06:54:49.000Z,1
2019-10-17T07:05:27.000Z,1
2019-10-17T07:11:43.000Z,1
2019-10-17T07:44:21.000Z,1
2019-10-17T07:49:19.000Z,2
2019-10-17T08:09:47.000Z,2
2019-10-17T08:11:29.000Z,1
2019-10-17T08:39:22.000Z,1
2019-10-17T08:40:47.000Z,1
2019-10-17T08:45:14.000Z,1
2019-10-17T08:52:08.000Z,1
2019-10-17T09:17:52.000Z,1
2019-10-17T10:09:36.000Z,1
2019-10-17T10:37:41.000Z,1
2019-10-17T10:50:12.000Z,1
2019-10-17T10:58:49.000Z,1
2019-10-17T11:21:57.000Z,1
2019-10-17T11:51:27.000Z,1
2019-10-17T12:40:53.000Z,1
2019-10-17T13:26:03.000Z,1
2019-10-17T13:30:44.000Z,1
2019-10-17T14:09:48.000Z,1
2019-10-17T14:18:34.000Z,1
2019-10-17T15:00:10.000Z,1
2019-10-17T15:34:44.000Z,1
2019-10-17T15:42:13.000Z,1
2019-10-17T16:03:52.000Z,1
2019-10-17T16:08:37.000Z,1
2019-10-17T16:19:17.000Z,1
2019-10-17T16:26:26.000Z,1
2019-10-17T16:27:15.000Z,2
2019-10-17T16:27:27.000Z,1
2019-10-17T16:30:27.000Z,2
2019-10-17T16:34:11.000Z,2
2019-10-17T16:39:45.000Z,1
2019-10-17T16:50:43.000Z,1
2019-10-17T16:59:04.000Z,1
2019-10-17T17:13:10.000Z,1
2019-10-17T17:44:28.000Z,1
2019-10-17T17:48:15.000Z,1
2019-10-17T17:56:57.000Z,1
2019-10-17T18:09:41.000Z,1
2019-10-17T18:50:43.000Z,1
2019-10-17T18:52:21.000Z,1
2019-10-17T19:01:01.000Z,1
2019-10-17T19:08:45.000Z,1
2019-10-17T19:12:45.000Z,1
2019-10-17T19:50:16.000Z,1
2019-10-17T20:18:30.000Z,1
2019-10-17T20:58:29.000Z,1
2019-10-17T21:45:38.000Z,1
2019-10-17T22:33:24.000Z,1
2019-10-18T00:36:15.000Z,1
2019-10-18T01:52:14.000Z,1
2019-10-18T02:15:11.000Z,1
2019-10-18T05:18:34.000Z,1
2019-10-18T05:48:12.000Z,1
2019-10-18T06:55:51.000Z,1
2019-10-18T07:50:40.000Z,1
2019-10-18T07:53:08.000Z,1
2019-10-18T07:56:59.000Z,1
2019-10-18T08:02:08.000Z,1
2019-10-18T08:27:48.000Z,1
2019-10-18T08:29:50.000Z,1
2019-10-18T08:48:55.000Z,1
2019-10-18T08:49:24.000Z,1
2019-10-18T08:51:57.000Z,1
2019-10-18T08:55:14.000Z,1
2019-10-18T08:56:58.000Z,1
2019-10-18T09:12:02.000Z,1
2019-10-18T09:12:16.000Z,1
2019-10-18T09:18:59.000Z,1
2019-10-18T09:26:26.000Z,1
2019-10-18T09:36:39.000Z,1
2019-10-18T09:51:02.000Z,1
2019-10-18T10:40:20.000Z,3
2019-10-18T10:45:08.000Z,2
2019-10-18T10:46:34.000Z,1
2019-10-18T10:56:41.000Z,1
2019-10-18T11:20:10.000Z,1
2019-10-18T11:27:48.000Z,1
2019-10-18T11:52:47.000Z,1
2019-10-18T12:45:08.000Z,1
2019-10-18T12:56:27.000Z,1
2019-10-18T12:56:45.000Z,1
2019-10-18T13:05:17.000Z,1
2019-10-18T13:12:09.000Z,1
2019-10-18T13:48:37.000Z,1
2019-10-18T14:45:47.000Z,1
2019-10-18T15:04:19.000Z,1
2019-10-18T15:10:19.000Z,1
2019-10-18T15:13:23.000Z,1
2019-10-18T15:14:43.000Z,1
2019-10-18T15:16:54.000Z,2
2019-10-18T16:02:37.000Z,1
2019-10-18T16:33:32.000Z,1
2019-10-18T16:48:03.000Z,1
2019-10-18T17:04:57.000Z,1
2019-10-18T17:39:01.000Z,1
2019-10-18T17:45:02.000Z,1
2019-10-18T17:48:25.000Z,1
2019-10-18T17:55:55.000Z,1
2019-10-18T18:03:52.000Z,1
2019-10-18T18:21:30.000Z,1
2019-10-18T18:51:22.000Z,1
2019-10-18T18:55:07.000Z,2
2019-10-18T19:04:14.000Z,1
2019-10-18T19:10:15.000Z,1
2019-10-18T19:51:36.000Z,1
2019-10-18T20:45:26.000Z,1
2019-10-18T21:45:43.000Z,1
2019-10-18T21:59:29.000Z,1
2019-10-14T14:46:40.000Z,1
2019-10-14T14:46:57.000Z,1
2019-10-14T15:03:30.000Z,1
2019-10-14T15:12:25.000Z,1
2019-10-14T15:16:42.000Z,2
2019-10-14T15:21:08.000Z,1
2019-10-14T15:39:53.000Z,1
2019-10-14T15:50:39.000Z,1
2019-10-14T16:02:19.000Z,1
2019-10-14T16:12:05.000Z,1
2019-10-14T16:12:48.000Z,1
2019-10-14T16:13:03.000Z,1
2019-10-14T16:15:07.000Z,2
2019-10-14T16:18:10.000Z,1
2019-10-14T16:22:08.000Z,3
2019-10-14T16:22:34.000Z,1
2019-10-14T16:24:52.000Z,1
2019-10-14T16:38:39.000Z,1
2019-10-14T16:45:03.000Z,1
2019-10-14T16:56:35.000Z,1
2019-10-14T17:03:31.000Z,2
2019-10-14T17:12:13.000Z,1
2019-10-14T17:48:31.000Z,1
2019-10-14T18:48:23.000Z,1
2019-10-14T18:48:56.000Z,2
2019-10-14T19:09:56.000Z,2
2019-10-14T20:06:34.000Z,1
2019-10-15T07:30:18.000Z,1
2019-10-15T14:38:06.000Z,1
2019-10-14T16:41:29.000Z,1
2019-10-14T16:49:12.000Z,1
2019-10-14T17:32:06.000Z,1
2019-10-14T17:34:22.000Z,1
2019-10-14T17:51:57.000Z,2
2019-10-14T19:54:20.000Z,1
2019-10-14T21:22:24.000Z,1
2019-10-14T21:58:32.000Z,1
2019-10-14T22:09:44.000Z,1
2019-10-14T22:28:42.000Z,1
2019-10-15T06:19:56.000Z,1
2019-10-15T06:48:01.000Z,1
2019-10-15T06:56:05.000Z,1
2019-10-15T07:18:22.000Z,2
2019-10-15T07:32:32.000Z,1
2019-10-15T07:40:52.000Z,1
2019-10-15T08:10:48.000Z,1
2019-10-15T08:13:51.000Z,1
2019-10-15T08:24:55.000Z,1
2019-10-15T08:38:11.000Z,1
2019-10-15T08:53:14.000Z,1
2019-10-15T08:54:42.000Z,1
2019-10-15T09:14:08.000Z,1
2019-10-15T09:17:26.000Z,1
2019-10-15T09:18:56.000Z,1
2019-10-15T09:33:36.000Z,1
2019-10-15T09:46:35.000Z,1
2019-10-15T09:59:33.000Z,1
2019-10-15T10:49:05.000Z,1
2019-10-15T10:59:26.000Z,1
2019-10-15T11:29:03.000Z,1
2019-10-15T11:48:07.000Z,1
2019-10-15T13:12:33.000Z,1
2019-10-15T13:44:05.000Z,1
2019-10-15T13:45:44.000Z,1
2019-10-15T13:58:02.000Z,1
2019-10-15T14:17:33.000Z,2
2019-10-15T14:23:11.000Z,1
2019-10-15T14:48:39.000Z,1
2019-10-15T14:59:13.000Z,1
2019-10-15T15:43:03.000Z,1
2019-10-15T15:52:01.000Z,1
2019-10-15T15:54:17.000Z,1
2019-10-15T15:59:56.000Z,1
2019-10-15T16:05:12.000Z,1
2019-10-15T16:11:53.000Z,1
2019-10-15T16:14:49.000Z,2
2019-10-15T16:40:49.000Z,1
2019-10-15T16:59:02.000Z,1
2019-10-15T17:13:21.000Z,1
2019-10-15T17:22:37.000Z,1
2019-10-15T17:30:15.000Z,1
2019-10-15T17:44:44.000Z,2
2019-10-15T17:53:36.000Z,2
2019-10-15T17:57:19.000Z,1
2019-10-15T18:08:06.000Z,1
2019-10-15T18:19:52.000Z,1
2019-10-15T18:55:50.000Z,1
2019-10-15T18:56:23.000Z,2
2019-10-15T19:00:35.000Z,2
2019-10-15T19:21:12.000Z,1
2019-10-15T19:30:35.000Z,1
2019-10-15T20:05:09.000Z,1
2019-10-15T20:17:39.000Z,2
2019-10-15T21:12:05.000Z,1
2019-10-15T21:25:47.000Z,1
2019-10-15T21:51:28.000Z,1
2019-10-15T22:12:11.000Z,1
2019-10-15T22:13:03.000Z,1
2019-10-16T06:57:21.000Z,1
2019-10-16T07:14:35.000Z,2
2019-10-16T07:16:18.000Z,1
2019-10-16T07:36:19.000Z,1
2019-10-16T07:41:37.000Z,2
2019-10-16T07:42:32.000Z,2
2019-10-16T07:44:00.000Z,1
2019-10-16T07:44:40.000Z,1
2019-10-16T07:52:24.000Z,2
2019-10-16T07:59:43.000Z,1
2019-10-16T08:05:03.000Z,1
2019-10-16T08:16:20.000Z,1
2019-10-16T08:19:33.000Z,1
2019-10-16T08:23:20.000Z,1
2019-10-16T08:27:06.000Z,1
2019-10-16T08:39:47.000Z,1
2019-10-16T08:45:02.000Z,1
2019-10-16T08:54:06.000Z,2
2019-10-16T08:58:36.000Z,1
2019-10-16T09:12:12.000Z,1
2019-10-16T09:14:46.000Z,1
2019-10-16T09:34:34.000Z,1
2019-10-16T09:54:51.000Z,1
2019-10-16T10:08:09.000Z,1
2019-10-16T11:07:22.000Z,1
2019-10-16T11:55:25.000Z,1
2019-10-16T11:56:20.000Z,1
2019-10-16T12:01:28.000Z,1
2019-10-16T12:30:03.000Z,1
2019-10-16T13:00:21.000Z,1
2019-10-16T13:53:58.000Z,1
2019-10-16T14:47:25.000Z,1
2019-10-16T14:48:35.000Z,1
2019-10-16T15:22:34.000Z,1
2019-10-16T15:40:23.000Z,1
2019-10-16T15:45:57.000Z,1
2019-10-16T15:54:50.000Z,1
2019-10-16T16:27:42.000Z,1
2019-10-16T16:40:59.000Z,1
2019-10-16T17:00:09.000Z,3
2019-10-16T17:00:57.000Z,1
2019-10-16T17:04:41.000Z,1
2019-10-16T17:05:03.000Z,1
2019-10-16T17:22:32.000Z,1
2019-10-16T17:44:34.000Z,1
2019-10-16T17:58:30.000Z,1
2019-10-16T18:16:45.000Z,1
2019-10-16T18:23:06.000Z,1
2019-10-16T18:25:39.000Z,1
2019-10-16T19:08:23.000Z,1
2019-10-16T19:43:42.000Z,1
2019-10-16T20:25:13.000Z,1
2019-10-17T01:31:53.000Z,1
2019-10-17T05:23:11.000Z,1
2019-10-17T06:08:13.000Z,1
2019-10-17T06:33:38.000Z,1
2019-10-17T07:00:29.000Z,1
2019-10-17T07:09:26.000Z,1
2019-10-17T07:22:20.000Z,2
2019-10-17T07:26:42.000Z,1
2019-10-17T08:05:34.000Z,1
2019-10-17T08:05:46.000Z,1
2019-10-17T08:12:19.000Z,1
2019-10-17T08:29:01.000Z,2
2019-10-17T08:38:34.000Z,2
2019-10-17T09:17:29.000Z,1
2019-10-17T09:20:45.000Z,1
2019-10-17T09:31:51.000Z,1
2019-10-17T09:42:08.000Z,1
2019-10-17T09:49:47.000Z,1
2019-10-17T10:06:39.000Z,1
2019-10-17T10:21:27.000Z,1
2019-10-17T10:23:15.000Z,1
2019-10-17T10:28:53.000Z,1
2019-10-17T11:07:00.000Z,1
2019-10-17T11:27:22.000Z,1
2019-10-17T11:32:14.000Z,1
2019-10-17T11:33:12.000Z,1
2019-10-17T12:05:33.000Z,1
2019-10-17T13:23:07.000Z,1
2019-10-17T13:31:30.000Z,1
2019-10-17T13:55:43.000Z,1
2019-10-17T14:23:31.000Z,1
2019-10-17T14:28:43.000Z,1
2019-10-17T15:02:51.000Z,1
2019-10-17T15:06:48.000Z,1
2019-10-17T15:09:41.000Z,1
2019-10-17T15:17:16.000Z,1
2019-10-17T15:25:31.000Z,1
2019-10-17T15:31:15.000Z,1
2019-10-17T16:13:46.000Z,2
2019-10-17T16:15:24.000Z,1
2019-10-17T16:29:17.000Z,1
2019-10-17T16:44:29.000Z,1
2019-10-17T16:49:33.000Z,1
2019-10-17T17:23:39.000Z,1
2019-10-17T17:31:31.000Z,2
2019-10-17T17:39:11.000Z,1
2019-10-17T17:42:40.000Z,1
2019-10-17T17:46:12.000Z,1
2019-10-17T17:51:18.000Z,1
2019-10-17T18:04:24.000Z,1
2019-10-17T18:05:55.000Z,1
2019-10-17T18:09:21.000Z,1
2019-10-17T18:10:31.000Z,1
2019-10-17T18:29:32.000Z,1
2019-10-17T19:11:17.000Z,1
2019-10-17T19:11:36.000Z,2
2019-10-17T19:53:33.000Z,2
2019-10-17T20:49:44.000Z,1
2019-10-17T20:50:31.000Z,1
2019-10-17T21:37:46.000Z,1
2019-10-17T21:40:09.000Z,1
2019-10-17T21:52:47.000Z,1
2019-10-17T21:52:56.000Z,2
2019-10-18T00:33:36.000Z,1
2019-10-18T00:54:49.000Z,1
2019-10-18T05:06:33.000Z,1
2019-10-18T06:14:59.000Z,1
2019-10-18T06:24:03.000Z,1
2019-10-18T06:48:11.000Z,1
2019-10-18T06:56:09.000Z,2
2019-10-18T07:06:35.000Z,1
2019-10-18T07:19:16.000Z,1
2019-10-18T07:30:31.000Z,1
2019-10-18T07:56:44.000Z,1
2019-10-18T08:19:25.000Z,1
2019-10-18T08:32:11.000Z,1
2019-10-18T08:34:22.000Z,1
2019-10-18T08:34:47.000Z,2
2019-10-18T08:42:47.000Z,1
2019-10-18T08:45:15.000Z,1
2019-10-18T08:54:07.000Z,1
2019-10-18T08:58:27.000Z,1
2019-10-18T09:05:38.000Z,1
2019-10-18T09:13:01.000Z,1
2019-10-18T09:50:56.000Z,1
2019-10-18T10:06:09.000Z,1
2019-10-18T10:20:50.000Z,1
2019-10-18T10:52:38.000Z,1
2019-10-18T11:42:12.000Z,2
2019-10-18T12:18:59.000Z,1
2019-10-18T12:26:56.000Z,1
2019-10-18T12:28:09.000Z,1
2019-10-18T12:41:54.000Z,1
2019-10-18T13:09:32.000Z,1
2019-10-18T13:20:09.000Z,1
2019-10-18T14:10:43.000Z,1
2019-10-18T14:30:27.000Z,1
2019-10-18T14:50:08.000Z,1
2019-10-18T15:16:38.000Z,2
2019-10-18T15:19:53.000Z,1
2019-10-18T15:50:53.000Z,1
2019-10-18T16:17:31.000Z,1
2019-10-18T16:25:40.000Z,1
2019-10-18T16:33:50.000Z,1
2019-10-18T16:58:12.000Z,1
2019-10-18T17:02:52.000Z,1
2019-10-18T17:08:40.000Z,1
2019-10-18T17:18:22.000Z,1
2019-10-18T17:24:30.000Z,1
2019-10-18T17:27:26.000Z,1
2019-10-18T17:35:50.000Z,1
2019-10-18T17:40:51.000Z,1
2019-10-18T17:44:34.000Z,1
2019-10-18T17:46:20.000Z,1
2019-10-18T17:50:05.000Z,1
2019-10-18T17:52:33.000Z,1
2019-10-18T17:55:22.000Z,1
2019-10-18T18:10:48.000Z,1
2019-10-18T18:19:11.000Z,1
2019-10-18T18:28:09.000Z,1
2019-10-18T18:47:50.000Z,1
2019-10-18T19:03:39.000Z,1
2019-10-18T19:48:04.000Z,1
2019-10-18T19:49:32.000Z,1
2019-10-18T20:12:08.000Z,2
2019-10-18T20:39:37.000Z,1
2019-10-18T21:35:32.000Z,1
2019-10-18T21:45:56.000Z,1
2019-10-18T23:05:05.000Z,1
2019-10-18T23:12:15.000Z,1
2019-10-18T23:17:51.000Z,1
2019-10-14T14:37:55.000Z,1
2019-10-14T14:47:41.000Z,1
2019-10-14T15:02:30.000Z,1
2019-10-14T15:20:16.000Z,1
2019-10-14T15:42:36.000Z,1
2019-10-14T16:03:08.000Z,1
2019-10-14T16:13:01.000Z,1
2019-10-14T16:14:16.000Z,1
2019-10-14T16:15:25.000Z,1
2019-10-14T16:16:24.000Z,1
2019-10-14T16:46:57.000Z,1
2019-10-14T16:48:35.000Z,1
2019-10-14T16:48:50.000Z,1
2019-10-14T16:50:22.000Z,1
2019-10-14T16:52:41.000Z,1
2019-10-14T17:03:02.000Z,1
2019-10-14T17:11:14.000Z,2
2019-10-14T17:20:37.000Z,2
2019-10-14T17:21:59.000Z,1
2019-10-14T17:22:28.000Z,3
2019-10-14T17:36:03.000Z,1
2019-10-14T17:48:55.000Z,1
2019-10-14T17:53:43.000Z,1
2019-10-14T18:08:33.000Z,1
2019-10-14T18:25:42.000Z,1
2019-10-14T18:39:28.000Z,1
2019-10-14T19:10:14.000Z,1
2019-10-14T19:32:57.000Z,1
2019-10-14T19:57:37.000Z,1
2019-10-15T04:27:54.000Z,1
2019-10-14T16:58:33.000Z,1
2019-10-14T19:01:27.000Z,1
2019-10-14T19:09:09.000Z,1
2019-10-14T19:56:05.000Z,1
2019-10-14T20:47:20.000Z,1
2019-10-15T00:47:57.000Z,1
2019-10-15T02:21:39.000Z,1
2019-10-15T05:36:46.000Z,1
2019-10-15T06:40:18.000Z,1
2019-10-15T06:51:19.000Z,1
2019-10-15T07:05:48.000Z,1
2019-10-15T07:44:59.000Z,2
2019-10-15T08:07:40.000Z,1
2019-10-15T08:21:22.000Z,1
2019-10-15T08:37:18.000Z,1
2019-10-15T08:43:27.000Z,1
2019-10-15T09:01:52.000Z,1
2019-10-15T09:11:29.000Z,1
2019-10-15T09:39:39.000Z,1
2019-10-15T10:02:07.000Z,1
2019-10-15T10:47:55.000Z,1
2019-10-15T11:04:12.000Z,1
2019-10-15T11:16:21.000Z,1
2019-10-15T11:25:34.000Z,1
2019-10-15T11:35:19.000Z,1
2019-10-15T11:46:50.000Z,1
2019-10-15T12:06:06.000Z,2
2019-10-15T12:15:21.000Z,1
2019-10-15T12:21:05.000Z,1
2019-10-15T12:51:54.000Z,2
2019-10-15T13:55:43.000Z,1
2019-10-15T14:26:01.000Z,1
2019-10-15T14:33:12.000Z,1
2019-10-15T15:24:23.000Z,1
2019-10-15T15:32:25.000Z,1
2019-10-15T15:53:42.000Z,1
2019-10-15T16:01:54.000Z,1
2019-10-15T16:54:00.000Z,1
2019-10-15T17:41:49.000Z,1
2019-10-15T18:02:11.000Z,1
2019-10-15T18:15:05.000Z,1
2019-10-15T18:41:08.000Z,1
2019-10-15T19:03:23.000Z,1
2019-10-15T19:09:35.000Z,2
2019-10-15T20:14:34.000Z,1
2019-10-15T20:19:46.000Z,1
2019-10-15T20:35:53.000Z,1
2019-10-15T21:10:36.000Z,1
2019-10-15T21:16:14.000Z,1
2019-10-15T22:12:09.000Z,1
2019-10-16T06:08:46.000Z,1
2019-10-16T06:42:28.000Z,2
2019-10-16T07:22:14.000Z,1
2019-10-16T07:24:35.000Z,2
2019-10-16T07:56:43.000Z,1
2019-10-16T07:59:27.000Z,1
2019-10-16T08:01:23.000Z,1
2019-10-16T08:14:13.000Z,1
2019-10-16T08:23:58.000Z,1
2019-10-16T08:38:31.000Z,2
2019-10-16T08:46:39.000Z,2
2019-10-16T08:54:33.000Z,1
2019-10-16T09:13:26.000Z,1
2019-10-16T09:48:07.000Z,1
2019-10-16T09:55:10.000Z,1
2019-10-16T10:20:02.000Z,2
2019-10-16T10:58:24.000Z,1
2019-10-16T11:05:08.000Z,1
2019-10-16T11:22:05.000Z,1
2019-10-16T11:54:45.000Z,1
2019-10-16T12:35:16.000Z,2
2019-10-16T12:36:56.000Z,1
2019-10-16T13:11:12.000Z,1
2019-10-16T13:18:06.000Z,1
2019-10-16T13:28:26.000Z,1
2019-10-16T13:39:25.000Z,1
2019-10-16T14:18:58.000Z,1
2019-10-16T15:31:55.000Z,1
2019-10-16T15:42:24.000Z,1
2019-10-16T15:55:32.000Z,1
2019-10-16T16:15:19.000Z,1
2019-10-16T16:28:40.000Z,1
2019-10-16T16:31:52.000Z,2
2019-10-16T16:49:16.000Z,1
2019-10-16T17:11:36.000Z,1
2019-10-16T17:12:55.000Z,2
2019-10-16T17:20:00.000Z,1
2019-10-16T17:20:26.000Z,1
2019-10-16T17:30:56.000Z,1
2019-10-16T17:36:43.000Z,2
2019-10-16T17:57:03.000Z,1
2019-10-16T17:57:06.000Z,1
2019-10-16T18:05:03.000Z,2
2019-10-16T18:08:40.000Z,1
2019-10-16T18:10:40.000Z,1
2019-10-16T18:13:15.000Z,1
2019-10-16T18:39:08.000Z,2
2019-10-16T18:39:25.000Z,1
2019-10-16T18:59:54.000Z,1
2019-10-16T19:27:35.000Z,1
2019-10-16T19:28:41.000Z,1
2019-10-16T19:29:13.000Z,2
2019-10-16T19:43:39.000Z,2
2019-10-16T19:43:40.000Z,1
2019-10-16T20:07:31.000Z,1
2019-10-16T20:20:44.000Z,1
2019-10-16T21:06:38.000Z,1
2019-10-16T21:07:02.000Z,1
2019-10-16T21:36:52.000Z,1
2019-10-16T22:23:32.000Z,1
2019-10-16T23:24:47.000Z,1
2019-10-16T23:43:42.000Z,1
2019-10-16T23:54:30.000Z,1
2019-10-17T04:52:44.000Z,1
2019-10-17T05:03:57.000Z,1
2019-10-17T05:36:17.000Z,1
2019-10-17T06:46:52.000Z,1
2019-10-17T06:55:32.000Z,1
2019-10-17T06:57:28.000Z,1
2019-10-17T07:11:58.000Z,4
2019-10-17T07:29:04.000Z,1
2019-10-17T07:31:35.000Z,1
2019-10-17T07:51:45.000Z,1
2019-10-17T07:58:59.000Z,1
2019-10-17T08:03:18.000Z,1
2019-10-17T08:33:26.000Z,1
2019-10-17T08:40:38.000Z,1
2019-10-17T08:41:33.000Z,1
2019-10-17T08:45:49.000Z,1
2019-10-17T08:46:46.000Z,1
2019-10-17T08:52:17.000Z,2
2019-10-17T09:11:17.000Z,1
2019-10-17T09:35:04.000Z,1
2019-10-17T09:53:04.000Z,1
2019-10-17T09:53:25.000Z,1
2019-10-17T10:03:43.000Z,1
2019-10-17T11:55:40.000Z,2
2019-10-17T11:57:41.000Z,1
2019-10-17T12:44:19.000Z,1
2019-10-17T12:46:44.000Z,1
2019-10-17T12:59:40.000Z,1
2019-10-17T13:05:55.000Z,1
2019-10-17T13:10:17.000Z,1
2019-10-17T13:15:14.000Z,1
2019-10-17T13:28:47.000Z,1
2019-10-17T14:03:40.000Z,1
2019-10-17T14:10:01.000Z,1
2019-10-17T14:33:09.000Z,1
2019-10-17T15:32:54.000Z,1
2019-10-17T15:42:53.000Z,1
2019-10-17T16:37:12.000Z,1
2019-10-17T16:41:17.000Z,2
2019-10-17T16:50:13.000Z,1
2019-10-17T16:52:54.000Z,1
2019-10-17T16:57:59.000Z,2
2019-10-17T16:59:26.000Z,2
2019-10-17T17:08:16.000Z,1
2019-10-17T17:08:44.000Z,2
2019-10-17T17:12:46.000Z,2
2019-10-17T17:23:32.000Z,2
2019-10-17T17:34:28.000Z,1
2019-10-17T17:40:33.000Z,1
2019-10-17T17:54:43.000Z,1
2019-10-17T18:03:03.000Z,1
2019-10-17T18:03:26.000Z,1
2019-10-17T18:04:28.000Z,1
2019-10-17T18:14:45.000Z,2
2019-10-17T18:29:39.000Z,1
2019-10-17T18:30:45.000Z,1
2019-10-17T18:37:41.000Z,1
2019-10-17T19:57:17.000Z,2
2019-10-17T20:15:15.000Z,1
2019-10-17T21:29:44.000Z,1
2019-10-17T22:12:16.000Z,1
2019-10-17T22:47:11.000Z,1
2019-10-17T22:54:03.000Z,1
2019-10-18T06:28:12.000Z,1
2019-10-18T06:36:16.000Z,1
2019-10-18T07:06:12.000Z,1
2019-10-18T07:14:07.000Z,1
2019-10-18T07:14:25.000Z,1
2019-10-18T07:14:26.000Z,2
2019-10-18T07:14:46.000Z,1
2019-10-18T07:32:09.000Z,2
2019-10-18T07:51:27.000Z,1
2019-10-18T07:52:56.000Z,1
2019-10-18T08:32:38.000Z,1
2019-10-18T08:35:40.000Z,2
2019-10-18T08:53:22.000Z,1
2019-10-18T09:28:12.000Z,1
2019-10-18T09:55:55.000Z,1
2019-10-18T10:20:26.000Z,1
2019-10-18T10:36:39.000Z,1
2019-10-18T10:50:29.000Z,1
2019-10-18T11:16:34.000Z,1
2019-10-18T11:18:14.000Z,1
2019-10-18T11:27:11.000Z,1
2019-10-18T11:28:22.000Z,1
2019-10-18T11:39:49.000Z,1
2019-10-18T12:09:27.000Z,1
2019-10-18T12:18:09.000Z,1
2019-10-18T12:46:23.000Z,1
2019-10-18T13:02:04.000Z,1
2019-10-18T13:04:16.000Z,1
2019-10-18T13:22:46.000Z,1
2019-10-18T14:05:26.000Z,1
2019-10-18T14:27:24.000Z,1
2019-10-18T14:30:09.000Z,2
2019-10-18T14:50:24.000Z,1
2019-10-18T14:59:06.000Z,1
2019-10-18T15:18:09.000Z,2
2019-10-18T15:18:52.000Z,1
2019-10-18T15:28:46.000Z,1
2019-10-18T15:51:35.000Z,1
2019-10-18T16:16:28.000Z,1
2019-10-18T16:17:45.000Z,1
2019-10-18T16:31:04.000Z,1
2019-10-18T16:35:44.000Z,1
2019-10-18T16:59:00.000Z,1
2019-10-18T17:15:01.000Z,2
2019-10-18T17:48:12.000Z,1
2019-10-18T17:50:17.000Z,2
2019-10-18T17:57:59.000Z,2
2019-10-18T18:20:10.000Z,1
2019-10-18T18:26:11.000Z,1
2019-10-18T19:04:13.000Z,1
2019-10-18T19:06:52.000Z,1
2019-10-18T19:26:03.000Z,1
2019-10-18T19:49:07.000Z,1
2019-10-18T19:53:48.000Z,1
2019-10-18T20:04:38.000Z,1
2019-10-18T20:13:51.000Z,1
2019-10-18T20:36:23.000Z,1
2019-10-18T20:39:31.000Z,1
2019-10-18T23:13:17.000Z,1
2019-10-18T23:35:29.000Z,1
2019-10-18T23:37:35.000Z,1
2019-10-14T15:52:49.000Z,2
2019-10-14T15:55:10.000Z,1
2019-10-14T16:08:35.000Z,1
2019-10-14T16:09:01.000Z,1
2019-10-14T16:23:53.000Z,1
2019-10-14T16:27:10.000Z,1
2019-10-14T16:37:31.000Z,1
2019-10-14T16:50:50.000Z,1
2019-10-14T20:12:11.000Z,2
2019-10-14T16:48:22.000Z,1
2019-10-14T17:29:47.000Z,1
2019-10-14T17:55:54.000Z,2
2019-10-14T18:20:52.000Z,2
2019-10-14T18:25:28.000Z,1
2019-10-14T18:33:32.000Z,1
2019-10-14T20:06:44.000Z,1
2019-10-14T20:19:37.000Z,1
2019-10-14T21:39:27.000Z,1
2019-10-14T21:51:30.000Z,1
2019-10-14T22:22:57.000Z,1
2019-10-14T22:43:49.000Z,1
2019-10-15T05:37:55.000Z,1
2019-10-15T05:40:51.000Z,1
2019-10-15T06:00:34.000Z,1
2019-10-15T06:02:45.000Z,1
2019-10-15T07:25:31.000Z,1
2019-10-15T07:27:29.000Z,1
2019-10-15T07:38:27.000Z,1
2019-10-15T07:41:22.000Z,1
2019-10-15T07:49:30.000Z,1
2019-10-15T07:51:44.000Z,2
2019-10-15T07:54:39.000Z,1
2019-10-15T07:55:01.000Z,1
2019-10-15T07:56:56.000Z,2
2019-10-15T08:04:00.000Z,1
2019-10-15T08:04:16.000Z,1
2019-10-15T08:09:20.000Z,1
2019-10-15T08:09:23.000Z,1
2019-10-15T08:16:56.000Z,1
2019-10-15T08:20:46.000Z,1
2019-10-15T08:30:07.000Z,1
2019-10-15T09:39:34.000Z,1
2019-10-15T09:42:03.000Z,1
2019-10-15T10:05:31.000Z,1
2019-10-15T10:46:56.000Z,1
2019-10-15T10:48:58.000Z,2
2019-10-15T10:59:00.000Z,1
2019-10-15T11:28:16.000Z,1
2019-10-15T11:49:12.000Z,1
2019-10-15T12:16:10.000Z,1
2019-10-15T12:31:35.000Z,1
2019-10-15T12:35:18.000Z,1
2019-10-15T13:36:48.000Z,2
2019-10-15T13:47:22.000Z,1
2019-10-15T13:50:07.000Z,1
2019-10-15T14:15:11.000Z,1
2019-10-15T14:44:19.000Z,1
2019-10-15T15:06:38.000Z,1
2019-10-15T15:07:41.000Z,1
2019-10-15T15:28:09.000Z,1
2019-10-15T16:04:49.000Z,1
2019-10-15T16:06:23.000Z,2
2019-10-15T17:19:18.000Z,1
2019-10-15T17:40:45.000Z,1
2019-10-15T17:41:29.000Z,1
2019-10-15T17:56:31.000Z,1
2019-10-15T17:57:01.000Z,1
2019-10-15T18:03:23.000Z,1
2019-10-15T18:04:30.000Z,1
2019-10-15T18:20:45.000Z,1
2019-10-15T18:31:54.000Z,1
2019-10-15T18:41:05.000Z,2
2019-10-15T19:12:26.000Z,1
2019-10-15T20:55:51.000Z,1
2019-10-16T02:44:43.000Z,1
2019-10-16T05:07:23.000Z,1
2019-10-16T06:49:33.000Z,1
2019-10-16T06:50:05.000Z,1
2019-10-16T07:14:40.000Z,1
2019-10-16T07:35:53.000Z,2
2019-10-16T07:48:04.000Z,2
2019-10-16T08:12:16.000Z,1
2019-10-16T08:22:58.000Z,1
2019-10-16T08:24:53.000Z,1
2019-10-16T08:25:21.000Z,1
2019-10-16T08:35:02.000Z,1
2019-10-16T08:57:43.000Z,1
2019-10-16T09:07:43.000Z,1
2019-10-16T09:08:17.000Z,1
2019-10-16T09:15:42.000Z,1
2019-10-16T09:29:18.000Z,1
2019-10-16T11:00:24.000Z,1
2019-10-16T11:26:18.000Z,1
2019-10-16T12:19:32.000Z,2
2019-10-16T14:05:33.000Z,1
2019-10-16T14:18:09.000Z,1
2019-10-16T14:30:35.000Z,1
2019-10-16T14:59:38.000Z,1
2019-10-16T15:04:05.000Z,1
2019-10-16T15:08:59.000Z,1
2019-10-16T15:18:12.000Z,1
2019-10-16T15:25:28.000Z,1
2019-10-16T15:30:39.000Z,1
2019-10-16T15:37:09.000Z,1
2019-10-16T16:45:12.000Z,1
2019-10-16T16:49:28.000Z,1
2019-10-16T17:00:19.000Z,2
2019-10-16T17:01:35.000Z,1
2019-10-16T17:13:08.000Z,1
2019-10-16T17:14:53.000Z,1
2019-10-16T17:14:50.000Z,1
2019-10-16T17:16:22.000Z,3
2019-10-16T17:21:27.000Z,1
2019-10-16T17:29:58.000Z,1
2019-10-16T17:37:05.000Z,1
2019-10-16T17:40:39.000Z,1
2019-10-16T17:43:51.000Z,3
2019-10-16T18:09:36.000Z,2
2019-10-16T18:17:35.000Z,1
2019-10-16T18:20:15.000Z,1
2019-10-16T18:30:53.000Z,1
2019-10-16T18:33:31.000Z,2
2019-10-16T18:34:26.000Z,1
2019-10-16T18:39:51.000Z,1
2019-10-16T18:59:50.000Z,1
2019-10-16T19:22:00.000Z,1
2019-10-16T19:30:24.000Z,1
2019-10-16T20:40:44.000Z,1
2019-10-16T20:43:52.000Z,1
2019-10-16T21:07:41.000Z,1
2019-10-16T22:02:29.000Z,1
2019-10-16T22:42:56.000Z,1
2019-10-17T00:21:11.000Z,1
2019-10-17T06:49:38.000Z,1
2019-10-17T07:05:38.000Z,1
2019-10-17T07:37:50.000Z,1
2019-10-17T07:55:38.000Z,1
2019-10-17T07:58:07.000Z,1
2019-10-17T07:58:55.000Z,1
2019-10-17T08:03:23.000Z,1
2019-10-17T08:07:39.000Z,1
2019-10-17T08:12:00.000Z,1
2019-10-17T08:20:17.000Z,1
2019-10-17T08:21:59.000Z,1
2019-10-17T08:34:21.000Z,1
2019-10-17T08:35:45.000Z,1
2019-10-17T08:44:48.000Z,2
2019-10-17T11:27:24.000Z,1
2019-10-17T12:15:22.000Z,1
2019-10-17T12:38:52.000Z,2
2019-10-17T12:41:59.000Z,1
2019-10-17T12:53:07.000Z,1
2019-10-17T13:12:10.000Z,1
2019-10-17T13:47:38.000Z,1
2019-10-17T14:09:03.000Z,1
2019-10-17T14:26:42.000Z,1
2019-10-17T14:37:34.000Z,1
2019-10-17T15:06:49.000Z,1
2019-10-17T15:10:26.000Z,1
2019-10-17T15:13:36.000Z,1
2019-10-17T15:29:58.000Z,1
2019-10-17T15:33:09.000Z,1
2019-10-17T15:37:43.000Z,1
2019-10-17T15:49:32.000Z,1
2019-10-17T16:28:16.000Z,1
2019-10-17T16:37:42.000Z,1
2019-10-17T16:38:25.000Z,1
2019-10-17T16:45:45.000Z,1
2019-10-17T16:55:24.000Z,1
2019-10-17T16:57:07.000Z,2
2019-10-17T16:58:33.000Z,3
2019-10-17T17:01:07.000Z,1
2019-10-17T17:01:27.000Z,1
2019-10-17T17:06:38.000Z,1
2019-10-17T17:12:11.000Z,1
2019-10-17T17:17:13.000Z,1
2019-10-17T17:50:29.000Z,1
2019-10-17T18:02:36.000Z,1
2019-10-17T18:08:04.000Z,1
2019-10-17T18:49:02.000Z,1
2019-10-17T19:14:23.000Z,2
2019-10-17T19:17:43.000Z,1
2019-10-17T19:35:50.000Z,1
2019-10-17T19:36:07.000Z,1
2019-10-17T19:56:03.000Z,1
2019-10-17T19:58:05.000Z,1
2019-10-17T20:03:58.000Z,1
2019-10-17T21:03:04.000Z,2
2019-10-17T21:50:51.000Z,1
2019-10-17T23:19:14.000Z,1
2019-10-18T01:23:54.000Z,1
2019-10-18T03:53:10.000Z,1
2019-10-18T05:33:45.000Z,1
2019-10-18T05:52:28.000Z,1
2019-10-18T06:51:58.000Z,1
2019-10-18T07:04:16.000Z,2
2019-10-18T07:13:40.000Z,2
2019-10-18T07:19:35.000Z,1
2019-10-18T07:24:41.000Z,1
2019-10-18T07:30:02.000Z,1
2019-10-18T07:30:10.000Z,1
2019-10-18T07:43:25.000Z,2
2019-10-18T07:43:28.000Z,2
2019-10-18T07:48:02.000Z,1
2019-10-18T08:06:35.000Z,1
2019-10-18T08:15:24.000Z,1
2019-10-18T08:23:25.000Z,1
2019-10-18T08:25:24.000Z,1
2019-10-18T08:29:51.000Z,1
2019-10-18T08:39:33.000Z,1
2019-10-18T08:45:08.000Z,1
2019-10-18T08:47:01.000Z,1
2019-10-18T09:00:08.000Z,1
2019-10-18T09:00:37.000Z,1
2019-10-18T09:02:14.000Z,1
2019-10-18T09:09:58.000Z,1
2019-10-18T09:22:15.000Z,1
2019-10-18T10:57:33.000Z,1
2019-10-18T11:13:35.000Z,1
2019-10-18T11:18:50.000Z,1
2019-10-18T11:29:26.000Z,1
2019-10-18T11:42:14.000Z,1
2019-10-18T12:07:59.000Z,1
2019-10-18T12:11:06.000Z,1
2019-10-18T12:25:44.000Z,1
2019-10-18T12:29:32.000Z,1
2019-10-18T12:44:43.000Z,1
2019-10-18T12:47:36.000Z,1
2019-10-18T13:11:39.000Z,1
2019-10-18T13:12:58.000Z,1
2019-10-18T13:17:41.000Z,1
2019-10-18T13:22:59.000Z,1
2019-10-18T13:29:03.000Z,1
2019-10-18T13:32:40.000Z,1
2019-10-18T13:36:06.000Z,2
2019-10-18T13:44:55.000Z,1
2019-10-18T14:39:58.000Z,1
2019-10-18T15:08:27.000Z,1
2019-10-18T15:39:59.000Z,1
2019-10-18T15:40:16.000Z,1
2019-10-18T16:10:59.000Z,2
2019-10-18T16:26:52.000Z,1
2019-10-18T16:46:17.000Z,1
2019-10-18T16:53:59.000Z,1
2019-10-18T17:00:56.000Z,2
2019-10-18T17:04:53.000Z,1
2019-10-18T17:14:13.000Z,2
2019-10-18T17:14:41.000Z,3
2019-10-18T17:24:42.000Z,1
2019-10-18T17:31:17.000Z,1
2019-10-18T17:32:20.000Z,1
2019-10-18T17:34:17.000Z,1
2019-10-18T17:36:22.000Z,1
2019-10-18T17:45:51.000Z,1
2019-10-18T17:57:43.000Z,1
2019-10-18T18:11:59.000Z,1
2019-10-18T18:13:40.000Z,1
2019-10-18T18:20:06.000Z,2
2019-10-18T18:30:36.000Z,3
2019-10-18T18:36:17.000Z,1
2019-10-18T18:43:25.000Z,1
2019-10-18T19:41:32.000Z,2
2019-10-18T20:10:57.000Z,1
2019-10-18T20:11:54.000Z,1
2019-10-18T21:02:04.000Z,2
2019-10-18T21:26:19.000Z,1
2019-10-18T21:53:41.000Z,1
2019-10-18T22:32:10.000Z,1
2019-10-18T22:46:25.000Z,1
2019-10-14T14:48:33.000Z,1
2019-10-14T14:55:33.000Z,1
2019-10-14T15:05:21.000Z,2
2019-10-14T15:09:18.000Z,1
2019-10-14T15:42:50.000Z,1
2019-10-14T15:47:58.000Z,1
2019-10-14T15:59:00.000Z,1
2019-10-14T16:03:40.000Z,1
2019-10-14T16:08:42.000Z,1
2019-10-14T16:46:28.000Z,1
2019-10-14T17:00:33.000Z,1
2019-10-14T17:04:50.000Z,2
2019-10-14T17:07:19.000Z,2
2019-10-14T17:16:44.000Z,1
2019-10-14T17:29:45.000Z,2
2019-10-14T17:39:40.000Z,1
2019-10-14T17:41:30.000Z,1
2019-10-14T17:44:20.000Z,1
2019-10-14T18:30:32.000Z,1
2019-10-14T19:04:34.000Z,1
2019-10-15T06:57:27.000Z,1
2019-10-14T17:38:50.000Z,1
2019-10-14T17:51:02.000Z,1
2019-10-14T18:01:21.000Z,1
2019-10-14T19:03:01.000Z,1
2019-10-14T19:11:19.000Z,1
2019-10-14T19:37:00.000Z,1
2019-10-14T20:56:00.000Z,1
2019-10-14T21:07:34.000Z,1
2019-10-14T21:51:51.000Z,2
2019-10-14T22:15:16.000Z,1
2019-10-14T22:27:56.000Z,1
2019-10-15T03:56:43.000Z,1
2019-10-15T06:10:50.000Z,1
2019-10-15T06:15:45.000Z,1
2019-10-15T06:36:20.000Z,1
2019-10-15T07:28:01.000Z,1
2019-10-15T07:53:44.000Z,1
2019-10-15T07:57:19.000Z,1
2019-10-15T08:04:06.000Z,3
2019-10-15T08:04:41.000Z,1
2019-10-15T08:29:08.000Z,1
2019-10-15T08:31:24.000Z,1
2019-10-15T08:33:25.000Z,1
2019-10-15T09:23:07.000Z,1
2019-10-15T09:44:41.000Z,1
2019-10-15T10:12:50.000Z,1
2019-10-15T10:20:46.000Z,1
2019-10-15T10:31:21.000Z,1
2019-10-15T11:09:27.000Z,1
2019-10-15T11:26:18.000Z,1
2019-10-15T11:29:35.000Z,1
2019-10-15T12:30:55.000Z,1
2019-10-15T12:43:17.000Z,2
2019-10-15T12:57:51.000Z,1
2019-10-15T13:07:55.000Z,1
2019-10-15T13:11:33.000Z,1
2019-10-15T13:31:21.000Z,1
2019-10-15T13:34:32.000Z,1
2019-10-15T13:35:40.000Z,1
2019-10-15T14:39:36.000Z,1
2019-10-15T14:44:29.000Z,1
2019-10-15T15:45:24.000Z,1
2019-10-15T15:58:54.000Z,2
2019-10-15T16:21:42.000Z,1
2019-10-15T16:30:36.000Z,1
2019-10-15T17:05:37.000Z,1
2019-10-15T17:11:32.000Z,1
2019-10-15T17:22:47.000Z,1
2019-10-15T17:48:04.000Z,1
2019-10-15T18:12:44.000Z,1
2019-10-15T18:49:42.000Z,1
2019-10-15T18:54:33.000Z,1
2019-10-15T19:14:44.000Z,1
2019-10-15T19:48:25.000Z,1
2019-10-15T20:08:41.000Z,1
2019-10-15T20:25:45.000Z,1
2019-10-15T21:03:30.000Z,1
2019-10-15T21:07:46.000Z,1
2019-10-15T21:26:14.000Z,1
2019-10-15T21:45:04.000Z,1
2019-10-15T22:38:36.000Z,2
2019-10-15T23:16:24.000Z,1
2019-10-16T05:51:51.000Z,1
2019-10-16T05:57:18.000Z,1
2019-10-16T06:53:36.000Z,1
2019-10-16T07:14:21.000Z,1
2019-10-16T07:37:27.000Z,2
2019-10-16T08:04:15.000Z,1
2019-10-16T08:08:59.000Z,2
2019-10-16T08:19:16.000Z,1
2019-10-16T08:37:21.000Z,1
2019-10-16T08:43:02.000Z,2
2019-10-16T08:43:13.000Z,1
2019-10-16T09:06:20.000Z,1
2019-10-16T09:32:08.000Z,1
2019-10-16T09:39:12.000Z,1
2019-10-16T10:51:43.000Z,1
2019-10-16T11:44:13.000Z,1
2019-10-16T11:46:40.000Z,1
2019-10-16T12:18:40.000Z,1
2019-10-16T13:11:45.000Z,1
2019-10-16T13:32:29.000Z,1
2019-10-16T13:52:53.000Z,1
2019-10-16T14:00:05.000Z,1
2019-10-16T14:32:46.000Z,1
2019-10-16T14:54:16.000Z,1
2019-10-16T15:39:28.000Z,1
2019-10-16T15:39:39.000Z,1
2019-10-16T16:54:00.000Z,1
2019-10-16T16:56:59.000Z,1
2019-10-16T17:07:19.000Z,1
2019-10-16T17:07:54.000Z,1
2019-10-16T17:11:01.000Z,1
2019-10-16T17:17:03.000Z,1
2019-10-16T17:31:07.000Z,1
2019-10-16T17:45:03.000Z,1
2019-10-16T17:53:19.000Z,1
2019-10-16T17:57:23.000Z,1
2019-10-16T17:58:04.000Z,1
2019-10-16T17:58:16.000Z,1
2019-10-16T18:44:36.000Z,2
2019-10-16T19:09:01.000Z,1
2019-10-16T19:24:09.000Z,1
2019-10-16T19:36:06.000Z,1
2019-10-16T19:36:48.000Z,1
2019-10-16T19:37:12.000Z,1
2019-10-16T19:55:57.000Z,1
2019-10-16T19:57:54.000Z,1
2019-10-16T20:15:13.000Z,1
2019-10-16T20:31:12.000Z,1
2019-10-16T21:11:55.000Z,1
2019-10-16T21:12:01.000Z,1
2019-10-16T22:11:18.000Z,1
2019-10-17T05:39:48.000Z,1
2019-10-17T05:49:54.000Z,1
2019-10-17T07:08:05.000Z,1
2019-10-17T07:19:15.000Z,1
2019-10-17T07:37:57.000Z,1
2019-10-17T07:38:56.000Z,1
2019-10-17T07:39:25.000Z,1
2019-10-17T07:43:35.000Z,1
2019-10-17T08:11:58.000Z,1
2019-10-17T08:18:52.000Z,2
2019-10-17T08:19:18.000Z,3
2019-10-17T08:55:02.000Z,1
2019-10-17T09:01:54.000Z,1
2019-10-17T09:06:24.000Z,2
2019-10-17T09:40:58.000Z,1
2019-10-17T09:45:43.000Z,1
2019-10-17T10:36:06.000Z,1
2019-10-17T10:45:16.000Z,1
2019-10-17T11:31:37.000Z,1
2019-10-17T11:58:50.000Z,2
2019-10-17T12:05:26.000Z,1
2019-10-17T12:12:54.000Z,1
2019-10-17T12:52:52.000Z,1
2019-10-17T13:07:57.000Z,1
2019-10-17T13:30:45.000Z,1
2019-10-17T16:03:00.000Z,1
2019-10-17T16:03:13.000Z,1
2019-10-17T16:14:26.000Z,1
2019-10-17T16:39:55.000Z,1
2019-10-17T16:50:49.000Z,2
2019-10-17T17:06:59.000Z,1
2019-10-17T17:08:53.000Z,1
2019-10-17T17:15:40.000Z,2
2019-10-17T17:18:37.000Z,2
2019-10-17T17:42:57.000Z,1
2019-10-17T18:00:11.000Z,2
2019-10-17T18:00:34.000Z,2
2019-10-17T18:28:00.000Z,2
2019-10-17T18:46:19.000Z,1
2019-10-17T18:57:23.000Z,1
2019-10-17T19:09:29.000Z,1
2019-10-17T19:21:45.000Z,1
2019-10-17T19:33:55.000Z,1
2019-10-17T19:42:11.000Z,1
2019-10-17T20:24:24.000Z,1
2019-10-17T20:46:08.000Z,1
2019-10-17T21:53:22.000Z,1
2019-10-17T22:19:29.000Z,1
2019-10-17T23:48:49.000Z,1
2019-10-18T06:15:51.000Z,1
2019-10-18T06:23:07.000Z,1
2019-10-18T06:31:07.000Z,1
2019-10-18T07:21:41.000Z,1
2019-10-18T07:29:20.000Z,1
2019-10-18T07:33:52.000Z,1
2019-10-18T07:38:17.000Z,1
2019-10-18T08:03:25.000Z,1
2019-10-18T08:51:29.000Z,1
2019-10-18T08:58:32.000Z,2
2019-10-18T09:19:08.000Z,1
2019-10-18T09:19:44.000Z,1
2019-10-18T09:50:07.000Z,1
2019-10-18T10:09:48.000Z,1
2019-10-18T10:27:49.000Z,1
2019-10-18T10:37:45.000Z,1
2019-10-18T10:38:42.000Z,1
2019-10-18T11:16:11.000Z,1
2019-10-18T11:22:14.000Z,1
2019-10-18T11:22:26.000Z,2
2019-10-18T11:23:54.000Z,1
2019-10-18T11:47:15.000Z,1
2019-10-18T11:53:21.000Z,1
2019-10-18T12:03:06.000Z,1
2019-10-18T12:17:42.000Z,2
2019-10-18T12:17:48.000Z,1
2019-10-18T12:42:31.000Z,1
2019-10-18T12:48:27.000Z,1
2019-10-18T12:53:25.000Z,1
2019-10-18T13:33:38.000Z,1
2019-10-18T13:38:25.000Z,1
2019-10-18T14:11:15.000Z,1
2019-10-18T14:24:20.000Z,1
2019-10-18T14:43:59.000Z,1
2019-10-18T15:20:22.000Z,1
2019-10-18T15:24:00.000Z,1
2019-10-18T15:38:29.000Z,1
2019-10-18T15:45:39.000Z,1
2019-10-18T15:45:41.000Z,1
2019-10-18T15:51:11.000Z,1
2019-10-18T15:59:45.000Z,1
2019-10-18T16:06:06.000Z,1
2019-10-18T16:26:42.000Z,2
2019-10-18T16:52:45.000Z,1
2019-10-18T17:04:31.000Z,1
2019-10-18T17:49:45.000Z,1
2019-10-18T17:56:25.000Z,1
2019-10-18T17:58:52.000Z,2
2019-10-18T18:13:43.000Z,2
2019-10-18T18:48:21.000Z,1
2019-10-18T21:47:23.000Z,1
2019-10-18T21:50:53.000Z,1
2019-10-18T23:11:52.000Z,1
2019-10-18T23:38:42.000Z,1
2019-10-14T15:02:16.000Z,1
2019-10-14T15:02:26.000Z,1
2019-10-14T15:09:30.000Z,2
2019-10-14T15:41:05.000Z,1
2019-10-14T16:12:58.000Z,1
2019-10-14T16:35:25.000Z,1
2019-10-14T17:19:33.000Z,3
2019-10-14T17:27:01.000Z,1
2019-10-14T17:31:55.000Z,1
2019-10-14T17:39:18.000Z,1
2019-10-14T18:39:57.000Z,1
2019-10-15T05:52:25.000Z,1
2019-10-15T06:54:51.000Z,1
2019-10-15T07:58:48.000Z,1
2019-10-15T08:18:38.000Z,1
2019-10-14T16:58:01.000Z,1
2019-10-14T17:20:04.000Z,1
2019-10-14T17:58:29.000Z,2
2019-10-14T18:02:25.000Z,1
2019-10-14T18:08:59.000Z,1
2019-10-14T18:12:52.000Z,1
2019-10-14T18:26:43.000Z,1
2019-10-14T20:41:20.000Z,1
2019-10-14T21:33:58.000Z,1
2019-10-14T21:47:28.000Z,1
2019-10-15T01:57:48.000Z,1
2019-10-15T05:34:42.000Z,1
2019-10-15T05:40:48.000Z,2
2019-10-15T05:43:30.000Z,1
2019-10-15T06:21:02.000Z,1
2019-10-15T06:23:16.000Z,1
2019-10-15T06:48:59.000Z,1
2019-10-15T07:15:39.000Z,1
2019-10-15T07:33:58.000Z,1
2019-10-15T07:52:35.000Z,2
2019-10-15T07:52:41.000Z,1
2019-10-15T07:55:14.000Z,1
2019-10-15T07:58:18.000Z,1
2019-10-15T08:12:30.000Z,1
2019-10-15T08:20:28.000Z,1
2019-10-15T08:24:10.000Z,2
2019-10-15T08:30:02.000Z,1
2019-10-15T08:34:15.000Z,1
2019-10-15T08:37:44.000Z,2
2019-10-15T08:44:41.000Z,2
2019-10-15T08:45:42.000Z,1
2019-10-15T08:53:56.000Z,1
2019-10-15T09:00:39.000Z,1
2019-10-15T09:14:39.000Z,2
2019-10-15T09:15:52.000Z,2
2019-10-15T09:29:31.000Z,1
2019-10-15T10:47:54.000Z,1
2019-10-15T11:01:30.000Z,1
2019-10-15T11:05:24.000Z,1
2019-10-15T11:36:23.000Z,1
2019-10-15T11:43:45.000Z,1
2019-10-15T12:01:24.000Z,1
2019-10-15T12:12:39.000Z,1
2019-10-15T13:26:00.000Z,1
2019-10-15T15:18:17.000Z,1
2019-10-15T15:42:56.000Z,1
2019-10-15T16:02:52.000Z,1
2019-10-15T16:19:49.000Z,1
2019-10-15T16:24:46.000Z,1
2019-10-15T16:29:53.000Z,1
2019-10-15T16:38:12.000Z,2
2019-10-15T16:42:58.000Z,1
2019-10-15T16:52:50.000Z,1
2019-10-15T17:00:43.000Z,1
2019-10-15T17:11:09.000Z,2
2019-10-15T17:14:38.000Z,3
2019-10-15T17:21:31.000Z,1
2019-10-15T17:23:13.000Z,1
2019-10-15T17:27:58.000Z,1
2019-10-15T17:33:52.000Z,1
2019-10-15T17:41:41.000Z,2
2019-10-15T17:44:17.000Z,1
2019-10-15T18:14:54.000Z,1
2019-10-15T18:15:43.000Z,1
2019-10-15T18:41:48.000Z,2
2019-10-15T18:51:22.000Z,1
2019-10-15T19:02:20.000Z,1
2019-10-15T19:19:41.000Z,1
2019-10-15T19:29:54.000Z,1
2019-10-15T19:47:11.000Z,1
2019-10-15T20:04:54.000Z,1
2019-10-15T20:30:31.000Z,1
2019-10-15T20:54:18.000Z,1
2019-10-15T21:15:37.000Z,1
2019-10-15T21:30:50.000Z,1
2019-10-15T21:50:36.000Z,1
2019-10-15T23:00:10.000Z,1
2019-10-16T05:38:25.000Z,1
2019-10-16T06:20:11.000Z,1
2019-10-16T06:31:21.000Z,1
2019-10-16T06:38:27.000Z,2
2019-10-16T06:45:05.000Z,2
2019-10-16T06:53:04.000Z,1
2019-10-16T07:01:15.000Z,1
2019-10-16T07:08:00.000Z,1
2019-10-16T07:17:07.000Z,1
2019-10-16T07:34:22.000Z,1
2019-10-16T07:44:42.000Z,1
2019-10-16T07:48:53.000Z,1
2019-10-16T07:53:34.000Z,1
2019-10-16T08:23:27.000Z,2
2019-10-16T08:27:52.000Z,1
2019-10-16T08:35:50.000Z,1
2019-10-16T08:40:58.000Z,1
2019-10-16T08:55:41.000Z,1
2019-10-16T09:32:52.000Z,1
2019-10-16T09:46:11.000Z,1
2019-10-16T09:50:19.000Z,1
2019-10-16T10:28:53.000Z,1
2019-10-16T10:57:27.000Z,2
2019-10-16T11:47:16.000Z,1
2019-10-16T11:51:41.000Z,1
2019-10-16T12:02:31.000Z,1
2019-10-16T12:08:21.000Z,1
2019-10-16T12:57:43.000Z,1
2019-10-16T13:20:07.000Z,1
2019-10-16T13:48:08.000Z,1
2019-10-16T14:09:50.000Z,1
2019-10-16T14:44:14.000Z,1
2019-10-16T15:28:23.000Z,1
2019-10-16T15:45:08.000Z,1
2019-10-16T15:47:36.000Z,1
2019-10-16T15:51:44.000Z,1
2019-10-16T16:07:38.000Z,1
2019-10-16T16:10:08.000Z,1
2019-10-16T16:12:27.000Z,1
2019-10-16T16:19:40.000Z,1
2019-10-16T16:31:10.000Z,1
2019-10-16T16:38:42.000Z,1
2019-10-16T16:48:14.000Z,2
2019-10-16T16:48:41.000Z,1
2019-10-16T17:03:45.000Z,1
2019-10-16T17:04:03.000Z,1
2019-10-16T17:05:45.000Z,1
2019-10-16T17:11:42.000Z,1
2019-10-16T17:13:17.000Z,1
2019-10-16T17:13:39.000Z,1
2019-10-16T17:25:26.000Z,1
2019-10-16T17:47:00.000Z,1
2019-10-16T17:50:48.000Z,1
2019-10-16T17:53:31.000Z,1
2019-10-16T17:55:10.000Z,1
2019-10-16T18:00:34.000Z,1
2019-10-16T18:09:28.000Z,1
2019-10-16T18:15:58.000Z,1
2019-10-16T18:23:51.000Z,2
2019-10-16T18:31:57.000Z,1
2019-10-16T18:38:15.000Z,1
2019-10-16T18:56:13.000Z,1
2019-10-16T18:57:57.000Z,1
2019-10-16T19:07:32.000Z,2
2019-10-16T19:07:50.000Z,1
2019-10-16T19:38:50.000Z,1
2019-10-16T23:33:18.000Z,1
2019-10-16T23:34:17.000Z,1
2019-10-17T02:36:56.000Z,1
2019-10-17T05:36:10.000Z,1
2019-10-17T05:50:48.000Z,1
2019-10-17T05:53:55.000Z,1
2019-10-17T07:27:47.000Z,1
2019-10-17T07:40:08.000Z,1
2019-10-17T07:47:32.000Z,2
2019-10-17T07:56:14.000Z,1
2019-10-17T08:07:51.000Z,1
2019-10-17T08:08:51.000Z,1
2019-10-17T08:12:18.000Z,1
2019-10-17T08:13:35.000Z,1
2019-10-17T08:25:10.000Z,1
2019-10-17T08:29:53.000Z,2
2019-10-17T08:45:03.000Z,1
2019-10-17T08:47:41.000Z,1
2019-10-17T08:48:46.000Z,1
2019-10-17T09:16:27.000Z,1
2019-10-17T09:37:40.000Z,1
2019-10-17T10:10:00.000Z,1
2019-10-17T10:34:57.000Z,2
2019-10-17T11:40:14.000Z,1
2019-10-17T12:17:56.000Z,1
2019-10-17T12:40:57.000Z,1
2019-10-17T12:57:14.000Z,1
2019-10-17T13:44:19.000Z,1
2019-10-17T13:59:33.000Z,1
2019-10-17T15:28:16.000Z,1
2019-10-17T15:28:34.000Z,1
2019-10-17T15:42:21.000Z,1
2019-10-17T16:18:54.000Z,1
2019-10-17T16:37:40.000Z,1
2019-10-17T16:42:47.000Z,1
2019-10-17T16:44:34.000Z,1
2019-10-17T17:09:09.000Z,1
2019-10-17T17:32:45.000Z,1
2019-10-17T17:38:47.000Z,1
2019-10-17T17:41:30.000Z,1
2019-10-17T17:45:18.000Z,1
2019-10-17T17:49:27.000Z,2
2019-10-17T18:05:24.000Z,1
2019-10-17T18:06:26.000Z,1
2019-10-17T18:29:35.000Z,2
2019-10-17T18:32:32.000Z,1
2019-10-17T18:39:01.000Z,1
2019-10-17T18:56:22.000Z,1
2019-10-17T19:01:40.000Z,1
2019-10-17T19:34:49.000Z,1
2019-10-17T20:47:05.000Z,1
2019-10-17T20:52:06.000Z,2
2019-10-17T22:18:12.000Z,1
2019-10-18T05:34:53.000Z,1
2019-10-18T05:37:36.000Z,1
2019-10-18T06:25:13.000Z,1
2019-10-18T07:43:03.000Z,1
2019-10-18T07:55:22.000Z,1
2019-10-18T07:59:02.000Z,1
2019-10-18T08:00:06.000Z,1
2019-10-18T08:20:30.000Z,1
2019-10-18T08:37:08.000Z,1
2019-10-18T08:43:56.000Z,1
2019-10-18T09:47:23.000Z,1
2019-10-18T09:56:28.000Z,2
2019-10-18T10:04:26.000Z,1
2019-10-18T10:31:47.000Z,1
2019-10-18T10:57:00.000Z,1
2019-10-18T11:27:44.000Z,1
2019-10-18T11:29:33.000Z,1
2019-10-18T11:47:39.000Z,1
2019-10-18T12:20:25.000Z,1
2019-10-18T12:33:41.000Z,1
2019-10-18T12:35:34.000Z,1
2019-10-18T13:00:18.000Z,2
2019-10-18T13:06:18.000Z,1
2019-10-18T13:24:17.000Z,1
2019-10-18T13:53:02.000Z,1
2019-10-18T14:02:36.000Z,3
2019-10-18T14:17:44.000Z,2
2019-10-18T14:17:43.000Z,2
2019-10-18T14:23:03.000Z,1
2019-10-18T14:25:46.000Z,1
2019-10-18T14:44:14.000Z,1
2019-10-18T14:52:30.000Z,1
2019-10-18T15:26:42.000Z,1
2019-10-18T15:45:08.000Z,1
2019-10-18T16:19:19.000Z,1
2019-10-18T16:24:30.000Z,2
2019-10-18T16:28:35.000Z,2
2019-10-18T16:33:31.000Z,1
2019-10-18T16:34:39.000Z,1
2019-10-18T16:35:32.000Z,2
2019-10-18T16:42:19.000Z,1
2019-10-18T16:45:46.000Z,1
2019-10-18T16:53:22.000Z,1
2019-10-18T16:54:23.000Z,2
2019-10-18T17:15:39.000Z,1
2019-10-18T17:37:14.000Z,1
2019-10-18T17:38:36.000Z,1
2019-10-18T17:38:51.000Z,1
2019-10-18T17:59:12.000Z,1
2019-10-18T18:18:28.000Z,1
2019-10-18T18:41:02.000Z,1
2019-10-18T18:41:19.000Z,1
2019-10-18T18:42:40.000Z,1
2019-10-18T19:05:32.000Z,1
2019-10-18T19:41:07.000Z,1
2019-10-18T20:27:25.000Z,1
2019-10-18T20:31:20.000Z,1
2019-10-18T20:33:14.000Z,1
2019-10-18T20:52:45.000Z,1
2019-10-18T21:46:35.000Z,1
2019-10-18T23:00:07.000Z,1
2019-10-14T14:39:26.000Z,1
2019-10-14T14:53:08.000Z,1
2019-10-14T15:43:03.000Z,1
2019-10-14T16:18:49.000Z,1
2019-10-14T16:22:51.000Z,3
2019-10-14T16:43:36.000Z,1
2019-10-14T16:57:35.000Z,3
2019-10-14T17:27:03.000Z,3
2019-10-14T17:32:12.000Z,3
2019-10-14T17:47:14.000Z,1
2019-10-14T17:57:39.000Z,2
2019-10-14T18:10:54.000Z,1
2019-10-14T18:18:14.000Z,1
2019-10-14T18:27:52.000Z,2
2019-10-14T19:25:54.000Z,1
2019-10-14T22:36:38.000Z,1
2019-10-15T06:40:46.000Z,1
2019-10-15T06:49:46.000Z,1
2019-10-15T07:19:29.000Z,1
2019-10-14T16:47:49.000Z,1
2019-10-14T17:16:59.000Z,1
2019-10-14T17:25:50.000Z,1
2019-10-14T17:27:05.000Z,1
2019-10-14T17:48:09.000Z,1
2019-10-14T18:00:20.000Z,1
2019-10-14T18:09:28.000Z,1
2019-10-14T18:29:49.000Z,1
2019-10-14T19:10:19.000Z,2
2019-10-14T19:43:07.000Z,1
2019-10-14T19:57:06.000Z,1
2019-10-14T20:52:36.000Z,1
2019-10-14T21:04:21.000Z,2
2019-10-15T05:47:41.000Z,1
2019-10-15T06:55:04.000Z,2
2019-10-15T06:56:30.000Z,1
2019-10-15T07:01:52.000Z,1
2019-10-15T07:10:57.000Z,1
2019-10-15T07:39:09.000Z,1
2019-10-15T08:12:09.000Z,1
2019-10-15T08:19:39.000Z,1
2019-10-15T08:21:32.000Z,1
2019-10-15T08:37:13.000Z,1
2019-10-15T08:44:25.000Z,1
2019-10-15T08:44:28.000Z,1
2019-10-15T08:52:00.000Z,1
2019-10-15T09:04:26.000Z,1
2019-10-15T09:09:35.000Z,1
2019-10-15T09:16:16.000Z,1
2019-10-15T11:14:07.000Z,1
2019-10-15T11:57:17.000Z,1
2019-10-15T12:10:22.000Z,1
2019-10-15T13:06:01.000Z,1
2019-10-15T13:44:36.000Z,1
2019-10-15T14:53:17.000Z,1
2019-10-15T15:07:25.000Z,2
2019-10-15T15:18:12.000Z,1
2019-10-15T16:30:39.000Z,2
2019-10-15T16:47:53.000Z,1
2019-10-15T17:06:42.000Z,1
2019-10-15T17:11:01.000Z,1
2019-10-15T17:24:38.000Z,1
2019-10-15T17:32:47.000Z,3
2019-10-15T17:39:01.000Z,2
2019-10-15T17:42:13.000Z,1
2019-10-15T17:47:24.000Z,1
2019-10-15T18:19:44.000Z,2
2019-10-15T18:21:07.000Z,2
2019-10-15T18:33:20.000Z,1
2019-10-15T19:06:43.000Z,1
2019-10-15T19:21:50.000Z,1
2019-10-15T19:27:07.000Z,1
2019-10-15T20:02:50.000Z,1
2019-10-15T20:31:46.000Z,1
2019-10-15T20:45:08.000Z,1
2019-10-15T22:49:09.000Z,1
2019-10-16T04:51:38.000Z,1
2019-10-16T05:28:13.000Z,1
2019-10-16T06:48:30.000Z,1
2019-10-16T07:27:26.000Z,2
2019-10-16T07:39:20.000Z,2
2019-10-16T07:40:24.000Z,1
2019-10-16T07:42:54.000Z,1
2019-10-16T07:50:09.000Z,1
2019-10-16T07:55:17.000Z,1
2019-10-16T08:02:50.000Z,1
2019-10-16T08:23:06.000Z,2
2019-10-16T08:36:51.000Z,1
2019-10-16T08:43:49.000Z,1
2019-10-16T09:06:06.000Z,1
2019-10-16T09:18:35.000Z,1
2019-10-16T09:36:55.000Z,1
2019-10-16T09:49:44.000Z,1
2019-10-16T12:37:41.000Z,1
2019-10-16T13:11:01.000Z,1
2019-10-16T13:38:52.000Z,1
2019-10-16T13:44:03.000Z,1
2019-10-16T13:46:02.000Z,1
2019-10-16T13:50:07.000Z,1
2019-10-16T13:59:14.000Z,1
2019-10-16T14:15:13.000Z,1
2019-10-16T14:36:09.000Z,1
2019-10-16T15:21:46.000Z,2
2019-10-16T15:46:18.000Z,1
2019-10-16T16:09:04.000Z,1
2019-10-16T16:28:41.000Z,2
2019-10-16T16:29:56.000Z,1
2019-10-16T16:36:16.000Z,1
2019-10-16T16:52:10.000Z,2
2019-10-16T17:03:01.000Z,2
2019-10-16T17:08:25.000Z,1
2019-10-16T17:12:19.000Z,1
2019-10-16T17:21:30.000Z,1
2019-10-16T17:22:04.000Z,1
2019-10-16T17:29:42.000Z,1
2019-10-16T17:38:52.000Z,1
2019-10-16T17:53:36.000Z,1
2019-10-16T18:04:06.000Z,1
2019-10-16T18:07:00.000Z,1
2019-10-16T18:11:57.000Z,1
2019-10-16T18:13:50.000Z,1
2019-10-16T18:22:05.000Z,2
2019-10-16T18:24:48.000Z,1
2019-10-16T18:56:05.000Z,1
2019-10-16T19:07:16.000Z,1
2019-10-16T19:17:16.000Z,1
2019-10-16T19:18:45.000Z,1
2019-10-16T19:24:45.000Z,1
2019-10-16T19:32:42.000Z,1
2019-10-16T19:34:18.000Z,1
2019-10-16T19:38:06.000Z,1
2019-10-16T19:45:36.000Z,1
2019-10-16T20:02:07.000Z,1
2019-10-16T20:09:41.000Z,2
2019-10-16T20:31:40.000Z,1
2019-10-16T21:03:15.000Z,1
2019-10-16T21:03:34.000Z,1
2019-10-16T21:13:38.000Z,1
2019-10-16T22:20:27.000Z,1
2019-10-17T01:31:24.000Z,1
2019-10-17T06:38:22.000Z,1
2019-10-17T07:05:57.000Z,1
2019-10-17T07:10:13.000Z,1
2019-10-17T07:15:34.000Z,1
2019-10-17T07:30:39.000Z,1
2019-10-17T07:42:51.000Z,2
2019-10-17T07:46:05.000Z,1
2019-10-17T07:47:09.000Z,1
2019-10-17T08:09:51.000Z,1
2019-10-17T08:14:27.000Z,1
2019-10-17T08:20:47.000Z,1
2019-10-17T08:20:43.000Z,1
2019-10-17T08:25:43.000Z,1
2019-10-17T08:28:25.000Z,1
2019-10-17T08:28:26.000Z,1
2019-10-17T08:34:27.000Z,1
2019-10-17T08:44:46.000Z,1
2019-10-17T08:49:55.000Z,1
2019-10-17T08:51:39.000Z,1
2019-10-17T09:13:54.000Z,1
2019-10-17T09:22:12.000Z,1
2019-10-17T10:00:20.000Z,1
2019-10-17T10:32:39.000Z,1
2019-10-17T11:16:43.000Z,1
2019-10-17T12:09:51.000Z,1
2019-10-17T12:38:36.000Z,1
2019-10-17T14:16:17.000Z,1
2019-10-17T14:43:04.000Z,1
2019-10-17T14:55:19.000Z,1
2019-10-17T15:07:08.000Z,2
2019-10-17T15:08:30.000Z,1
2019-10-17T15:20:27.000Z,1
2019-10-17T15:30:37.000Z,1
2019-10-17T15:42:31.000Z,1
2019-10-17T16:38:35.000Z,1
2019-10-17T16:55:38.000Z,2
2019-10-17T17:04:42.000Z,1
2019-10-17T17:12:57.000Z,1
2019-10-17T17:15:28.000Z,1
2019-10-17T17:25:19.000Z,1
2019-10-17T17:34:42.000Z,2
2019-10-17T17:51:29.000Z,2
2019-10-17T17:58:51.000Z,1
2019-10-17T18:05:42.000Z,1
2019-10-17T18:17:13.000Z,2
2019-10-17T18:17:21.000Z,1
2019-10-17T18:28:13.000Z,1
2019-10-17T19:02:29.000Z,1
2019-10-17T19:28:10.000Z,1
2019-10-17T19:38:15.000Z,1
2019-10-17T19:58:57.000Z,1
2019-10-17T20:05:52.000Z,1
2019-10-17T20:29:35.000Z,1
2019-10-17T21:02:28.000Z,2
2019-10-17T21:47:13.000Z,1
2019-10-17T21:54:03.000Z,1
2019-10-17T23:18:48.000Z,1
2019-10-18T03:35:36.000Z,1
2019-10-18T05:33:51.000Z,1
2019-10-18T05:48:31.000Z,1
2019-10-18T06:26:26.000Z,1
2019-10-18T07:12:52.000Z,1
2019-10-18T07:13:12.000Z,2
2019-10-18T07:55:11.000Z,1
2019-10-18T08:04:23.000Z,1
2019-10-18T08:11:51.000Z,1
2019-10-18T08:15:30.000Z,1
2019-10-18T08:25:17.000Z,1
2019-10-18T08:35:32.000Z,1
2019-10-18T09:21:47.000Z,1
2019-10-18T10:59:38.000Z,1
2019-10-18T11:01:58.000Z,1
2019-10-18T11:19:34.000Z,1
2019-10-18T11:46:08.000Z,1
2019-10-18T12:02:38.000Z,1
2019-10-18T12:22:02.000Z,1
2019-10-18T12:22:27.000Z,1
2019-10-18T12:33:36.000Z,1
2019-10-18T12:35:19.000Z,2
2019-10-18T13:04:06.000Z,1
2019-10-18T13:52:33.000Z,1
2019-10-18T14:15:42.000Z,1
2019-10-18T14:20:03.000Z,1
2019-10-18T14:32:03.000Z,1
2019-10-18T14:36:33.000Z,1
2019-10-18T15:19:28.000Z,1
2019-10-18T15:28:47.000Z,1
2019-10-18T15:33:29.000Z,1
2019-10-18T15:52:17.000Z,1
2019-10-18T15:52:41.000Z,1
2019-10-18T16:26:29.000Z,2
2019-10-18T16:35:18.000Z,2
2019-10-18T16:37:41.000Z,1
2019-10-18T16:46:07.000Z,1
2019-10-18T17:01:31.000Z,1
2019-10-18T17:11:13.000Z,1
2019-10-18T17:12:05.000Z,1
2019-10-18T17:23:27.000Z,1
2019-10-18T17:27:40.000Z,1
2019-10-18T17:28:09.000Z,1
2019-10-18T17:30:50.000Z,1
2019-10-18T18:01:04.000Z,1
2019-10-18T18:01:41.000Z,1
2019-10-18T18:05:26.000Z,1
2019-10-18T18:12:02.000Z,1
2019-10-18T18:12:47.000Z,1
2019-10-18T18:26:05.000Z,1
2019-10-18T18:28:37.000Z,1
2019-10-18T18:32:02.000Z,1
2019-10-18T18:54:15.000Z,1
2019-10-18T19:08:57.000Z,1
2019-10-18T19:20:43.000Z,2
2019-10-18T19:52:53.000Z,1
2019-10-18T21:22:46.000Z,1
2019-10-18T21:24:12.000Z,1
2019-10-18T21:47:50.000Z,1
2019-10-18T22:06:06.000Z,1
2019-10-18T22:40:03.000Z,1
2019-10-14T15:32:51.000Z,1
2019-10-14T15:58:37.000Z,1
2019-10-14T16:07:33.000Z,1
2019-10-14T16:12:22.000Z,2
2019-10-14T16:14:58.000Z,1
2019-10-14T16:21:03.000Z,1
2019-10-14T16:24:38.000Z,1
2019-10-14T16:28:13.000Z,1
2019-10-14T16:38:19.000Z,1
2019-10-14T16:47:04.000Z,1
2019-10-14T16:51:17.000Z,1
2019-10-14T16:58:16.000Z,1
2019-10-14T17:02:31.000Z,1
2019-10-14T17:19:46.000Z,1
2019-10-14T17:21:18.000Z,2
2019-10-14T17:39:37.000Z,1
2019-10-14T17:55:38.000Z,1
2019-10-14T18:25:25.000Z,2
2019-10-14T18:57:41.000Z,2
2019-10-14T16:58:58.000Z,2
2019-10-14T17:06:07.000Z,3
2019-10-14T17:23:45.000Z,3
2019-10-14T17:56:39.000Z,2
2019-10-14T18:09:24.000Z,1
2019-10-14T18:10:52.000Z,1
2019-10-14T18:31:29.000Z,1
2019-10-14T18:47:10.000Z,2
2019-10-14T19:12:09.000Z,1
2019-10-14T19:18:32.000Z,1
2019-10-14T19:21:19.000Z,1
2019-10-14T19:37:51.000Z,1
2019-10-14T19:57:42.000Z,1
2019-10-14T20:01:39.000Z,1
2019-10-14T20:12:55.000Z,1
2019-10-14T22:59:23.000Z,1
2019-10-14T23:09:41.000Z,1
2019-10-15T06:18:55.000Z,1
2019-10-15T06:22:23.000Z,1
2019-10-15T06:27:44.000Z,1
2019-10-15T06:47:32.000Z,1
2019-10-15T06:57:38.000Z,1
2019-10-15T07:20:56.000Z,1
2019-10-15T07:24:48.000Z,1
2019-10-15T07:29:30.000Z,1
2019-10-15T07:37:12.000Z,1
2019-10-15T07:47:40.000Z,1
2019-10-15T07:54:37.000Z,1
2019-10-15T08:04:36.000Z,1
2019-10-15T08:10:17.000Z,1
2019-10-15T08:19:20.000Z,1
2019-10-15T08:26:34.000Z,1
2019-10-15T09:59:59.000Z,1
2019-10-15T10:10:01.000Z,1
2019-10-15T10:38:47.000Z,1
2019-10-15T10:48:15.000Z,2
2019-10-15T10:57:38.000Z,1
2019-10-15T11:50:22.000Z,1
2019-10-15T12:33:24.000Z,1
2019-10-15T13:56:32.000Z,1
2019-10-15T14:09:35.000Z,1
2019-10-15T15:29:41.000Z,1
2019-10-15T15:35:23.000Z,1
2019-10-15T15:36:39.000Z,1
2019-10-15T15:54:04.000Z,2
2019-10-15T15:54:56.000Z,1
2019-10-15T16:07:39.000Z,2
2019-10-15T16:08:26.000Z,1
2019-10-15T16:47:54.000Z,2
2019-10-15T17:01:52.000Z,1
2019-10-15T17:04:53.000Z,1
2019-10-15T17:12:32.000Z,1
2019-10-15T17:26:34.000Z,1
2019-10-15T17:31:17.000Z,1
2019-10-15T17:31:21.000Z,1
2019-10-15T17:34:17.000Z,1
2019-10-15T17:42:07.000Z,1
2019-10-15T18:05:37.000Z,1
2019-10-15T18:09:22.000Z,1
2019-10-15T18:24:08.000Z,1
2019-10-15T18:49:12.000Z,1
2019-10-15T19:09:58.000Z,1
2019-10-15T19:14:15.000Z,1
2019-10-15T19:29:06.000Z,1
2019-10-15T19:29:52.000Z,1
2019-10-15T19:40:08.000Z,1
2019-10-15T19:54:02.000Z,1
2019-10-15T20:15:17.000Z,1
2019-10-15T20:22:48.000Z,1
2019-10-15T20:41:12.000Z,1
2019-10-15T21:11:16.000Z,1
2019-10-15T21:37:54.000Z,1
2019-10-15T21:52:07.000Z,1
2019-10-15T22:20:05.000Z,1
2019-10-15T22:46:02.000Z,1
2019-10-16T01:12:19.000Z,1
2019-10-16T06:25:18.000Z,1
2019-10-16T07:03:57.000Z,1
2019-10-16T07:39:45.000Z,2
2019-10-16T07:46:11.000Z,2
2019-10-16T07:46:26.000Z,1
2019-10-16T08:08:31.000Z,2
2019-10-16T08:16:57.000Z,2
2019-10-16T08:22:55.000Z,1
2019-10-16T08:30:40.000Z,1
2019-10-16T08:56:34.000Z,1
2019-10-16T09:14:51.000Z,1
2019-10-16T09:37:39.000Z,2
2019-10-16T10:11:20.000Z,1
2019-10-16T10:40:05.000Z,1
2019-10-16T10:56:12.000Z,1
2019-10-16T11:02:28.000Z,1
2019-10-16T11:29:09.000Z,1
2019-10-16T11:51:28.000Z,1
2019-10-16T11:58:47.000Z,1
2019-10-16T12:09:09.000Z,1
2019-10-16T13:40:00.000Z,1
2019-10-16T14:09:40.000Z,1
2019-10-16T15:46:46.000Z,1
2019-10-16T16:06:32.000Z,2
2019-10-16T16:08:27.000Z,1
2019-10-16T16:56:07.000Z,2
2019-10-16T16:59:27.000Z,2
2019-10-16T17:07:38.000Z,2
2019-10-16T17:15:04.000Z,1
2019-10-16T17:21:36.000Z,1
2019-10-16T17:27:05.000Z,1
2019-10-16T17:56:07.000Z,1
2019-10-16T17:56:13.000Z,1
2019-10-16T17:59:30.000Z,1
2019-10-16T18:00:45.000Z,1
2019-10-16T18:02:14.000Z,2
2019-10-16T18:02:33.000Z,1
2019-10-16T18:07:49.000Z,1
2019-10-16T18:13:05.000Z,1
2019-10-16T18:20:27.000Z,1
2019-10-16T18:29:03.000Z,1
2019-10-16T18:56:54.000Z,1
2019-10-16T18:58:27.000Z,1
2019-10-16T19:06:08.000Z,1
2019-10-16T19:15:19.000Z,1
2019-10-16T20:33:17.000Z,1
2019-10-16T21:00:36.000Z,1
2019-10-16T21:51:26.000Z,1
2019-10-16T22:06:30.000Z,1
2019-10-16T22:23:02.000Z,1
2019-10-17T05:39:29.000Z,1
2019-10-17T06:14:50.000Z,1
2019-10-17T06:21:24.000Z,1
2019-10-17T07:31:10.000Z,2
2019-10-17T07:34:53.000Z,1
2019-10-17T07:41:56.000Z,1
2019-10-17T07:57:13.000Z,2
2019-10-17T07:57:40.000Z,1
2019-10-17T08:06:15.000Z,1
2019-10-17T08:09:23.000Z,1
2019-10-17T08:10:24.000Z,1
2019-10-17T08:17:29.000Z,1
2019-10-17T08:33:05.000Z,1
2019-10-17T08:34:17.000Z,1
2019-10-17T08:36:45.000Z,1
2019-10-17T08:41:13.000Z,1
2019-10-17T08:48:51.000Z,2
2019-10-17T09:06:43.000Z,1
2019-10-17T09:36:10.000Z,1
2019-10-17T09:45:16.000Z,1
2019-10-17T09:50:22.000Z,1
2019-10-17T10:48:43.000Z,1
2019-10-17T11:24:44.000Z,1
2019-10-17T11:40:38.000Z,1
2019-10-17T12:01:38.000Z,1
2019-10-17T12:21:54.000Z,2
2019-10-17T12:55:52.000Z,1
2019-10-17T13:30:32.000Z,1
2019-10-17T13:38:31.000Z,1
2019-10-17T13:47:51.000Z,1
2019-10-17T13:49:31.000Z,1
2019-10-17T14:00:15.000Z,1
2019-10-17T14:23:16.000Z,1
2019-10-17T14:44:16.000Z,1
2019-10-17T14:48:17.000Z,1
2019-10-17T14:53:19.000Z,1
2019-10-17T14:58:02.000Z,1
2019-10-17T15:34:00.000Z,1
2019-10-17T15:40:02.000Z,1
2019-10-17T15:48:50.000Z,1
2019-10-17T16:04:23.000Z,1
2019-10-17T16:20:33.000Z,1
2019-10-17T16:23:35.000Z,1
2019-10-17T16:31:13.000Z,1
2019-10-17T16:38:30.000Z,1
2019-10-17T17:06:56.000Z,2
2019-10-17T17:11:47.000Z,1
2019-10-17T17:15:32.000Z,1
2019-10-17T17:16:51.000Z,1
2019-10-17T17:23:34.000Z,1
2019-10-17T17:29:17.000Z,3
2019-10-17T17:46:27.000Z,2
2019-10-17T18:16:21.000Z,1
2019-10-17T18:23:01.000Z,1
2019-10-17T18:42:11.000Z,1
2019-10-17T18:52:50.000Z,1
2019-10-17T19:17:26.000Z,1
2019-10-17T19:38:07.000Z,1
2019-10-17T20:21:13.000Z,1
2019-10-17T20:27:51.000Z,1
2019-10-17T21:11:10.000Z,1
2019-10-17T21:29:35.000Z,1
2019-10-17T22:01:42.000Z,1
2019-10-17T22:12:12.000Z,1
2019-10-17T23:44:00.000Z,1
2019-10-18T00:22:12.000Z,1
2019-10-18T06:10:19.000Z,1
2019-10-18T07:10:26.000Z,1
2019-10-18T07:11:46.000Z,1
2019-10-18T07:21:07.000Z,1
2019-10-18T07:22:36.000Z,1
2019-10-18T07:42:27.000Z,1
2019-10-18T07:44:29.000Z,1
2019-10-18T07:50:41.000Z,1
2019-10-18T07:51:20.000Z,3
2019-10-18T08:04:18.000Z,1
2019-10-18T08:23:01.000Z,1
2019-10-18T08:26:38.000Z,1
2019-10-18T08:40:17.000Z,2
2019-10-18T08:42:44.000Z,2
2019-10-18T08:49:00.000Z,1
2019-10-18T09:50:00.000Z,1
2019-10-18T10:24:34.000Z,1
2019-10-18T10:44:27.000Z,1
2019-10-18T11:20:53.000Z,1
2019-10-18T11:22:55.000Z,1
2019-10-18T11:41:26.000Z,1
2019-10-18T11:57:07.000Z,1
2019-10-18T12:04:41.000Z,1
2019-10-18T13:06:03.000Z,1
2019-10-18T13:06:54.000Z,1
2019-10-18T13:11:54.000Z,1
2019-10-18T13:16:25.000Z,1
2019-10-18T14:32:52.000Z,1
2019-10-18T15:32:34.000Z,1
2019-10-18T15:38:44.000Z,2
2019-10-18T15:45:07.000Z,1
2019-10-18T16:22:00.000Z,1
2019-10-18T16:29:03.000Z,2
2019-10-18T16:32:17.000Z,1
2019-10-18T16:36:54.000Z,1
2019-10-18T17:00:35.000Z,1
2019-10-18T17:05:32.000Z,2
2019-10-18T17:09:08.000Z,1
2019-10-18T17:15:48.000Z,1
2019-10-18T17:21:35.000Z,1
2019-10-18T18:02:47.000Z,1
2019-10-18T18:16:47.000Z,1
2019-10-18T18:47:07.000Z,1
2019-10-18T19:00:55.000Z,1
2019-10-18T19:11:29.000Z,1
2019-10-18T20:42:21.000Z,1
2019-10-18T22:03:18.000Z,1
2019-10-18T22:35:10.000Z,1
2019-10-18T22:57:32.000Z,1
2019-10-18T23:11:47.000Z,1
2019-10-14T14:55:10.000Z,2
2019-10-14T14:59:04.000Z,1
2019-10-14T14:59:56.000Z,1
2019-10-14T15:02:58.000Z,1
2019-10-14T15:12:54.000Z,1
2019-10-14T15:13:39.000Z,1
2019-10-14T15:15:06.000Z,1
2019-10-14T15:35:17.000Z,1
2019-10-14T16:18:21.000Z,1
2019-10-14T16:19:25.000Z,1
2019-10-14T16:49:05.000Z,2
2019-10-14T16:49:34.000Z,1
2019-10-14T17:11:08.000Z,3
2019-10-14T17:21:19.000Z,1
2019-10-14T17:25:46.000Z,1
2019-10-14T17:36:11.000Z,2
2019-10-14T17:37:47.000Z,1
2019-10-15T04:14:17.000Z,1
2019-10-15T07:57:42.000Z,1
2019-10-15T08:50:35.000Z,1
2019-10-14T16:37:45.000Z,1
2019-10-14T16:43:33.000Z,1
2019-10-14T16:55:11.000Z,1
2019-10-14T17:07:16.000Z,1
2019-10-14T17:10:42.000Z,1
2019-10-14T17:30:41.000Z,1
2019-10-14T17:54:11.000Z,1
2019-10-14T17:56:07.000Z,1
2019-10-14T18:14:21.000Z,2
2019-10-14T18:29:11.000Z,1
2019-10-14T19:04:49.000Z,1
2019-10-14T19:57:35.000Z,1
2019-10-14T20:45:06.000Z,1
2019-10-14T21:37:32.000Z,1
2019-10-14T21:43:25.000Z,1
2019-10-15T06:15:24.000Z,2
2019-10-15T06:45:32.000Z,1
2019-10-15T06:48:45.000Z,1
2019-10-15T06:52:39.000Z,1
2019-10-15T06:53:33.000Z,1
2019-10-15T07:04:57.000Z,1
2019-10-15T07:05:23.000Z,1
2019-10-15T07:16:26.000Z,1
2019-10-15T07:40:09.000Z,2
2019-10-15T07:57:11.000Z,1
2019-10-15T07:57:25.000Z,1
2019-10-15T07:59:47.000Z,1
2019-10-15T08:00:40.000Z,3
2019-10-15T08:06:10.000Z,1
2019-10-15T08:21:15.000Z,1
2019-10-15T08:25:11.000Z,1
2019-10-15T08:32:34.000Z,1
2019-10-15T09:00:07.000Z,1
2019-10-15T09:00:59.000Z,1
2019-10-15T09:06:11.000Z,1
2019-10-15T09:07:15.000Z,2
2019-10-15T09:43:28.000Z,1
2019-10-15T09:52:25.000Z,2
2019-10-15T10:13:01.000Z,1
2019-10-15T10:59:43.000Z,1
2019-10-15T11:04:16.000Z,1
2019-10-15T12:17:22.000Z,1
2019-10-15T13:10:38.000Z,1
2019-10-15T13:29:22.000Z,1
2019-10-15T13:42:47.000Z,1
2019-10-15T14:29:04.000Z,1
2019-10-15T14:47:43.000Z,1
2019-10-15T15:02:00.000Z,1
2019-10-15T15:15:57.000Z,1
2019-10-15T15:27:38.000Z,1
2019-10-15T16:10:55.000Z,1
2019-10-15T16:11:13.000Z,1
2019-10-15T16:30:55.000Z,1
2019-10-15T16:51:33.000Z,1
2019-10-15T17:16:38.000Z,1
2019-10-15T17:22:04.000Z,1
2019-10-15T17:33:17.000Z,2
2019-10-15T17:36:03.000Z,1
2019-10-15T17:37:13.000Z,1
2019-10-15T17:50:12.000Z,2
2019-10-15T17:50:32.000Z,2
2019-10-15T17:56:25.000Z,1
2019-10-15T17:57:22.000Z,1
2019-10-15T18:00:33.000Z,1
2019-10-15T18:01:07.000Z,1
2019-10-15T18:07:35.000Z,1
2019-10-15T18:23:46.000Z,1
2019-10-15T18:27:32.000Z,1
2019-10-15T19:33:38.000Z,1
2019-10-15T19:37:20.000Z,1
2019-10-15T19:45:16.000Z,1
2019-10-15T21:10:49.000Z,2
2019-10-15T21:53:26.000Z,1
2019-10-15T22:39:12.000Z,1
2019-10-16T00:14:53.000Z,1
2019-10-16T04:45:22.000Z,1
2019-10-16T06:20:58.000Z,1
2019-10-16T07:13:54.000Z,1
2019-10-16T07:28:26.000Z,2
2019-10-16T07:58:55.000Z,1
2019-10-16T08:45:35.000Z,2
2019-10-16T08:48:43.000Z,1
2019-10-16T08:50:14.000Z,1
2019-10-16T08:52:56.000Z,3
2019-10-16T08:58:56.000Z,1
2019-10-16T09:01:52.000Z,1
2019-10-16T09:11:15.000Z,1
2019-10-16T10:17:24.000Z,1
2019-10-16T11:25:40.000Z,2
2019-10-16T11:33:51.000Z,1
2019-10-16T11:43:52.000Z,1
2019-10-16T12:49:35.000Z,1
2019-10-16T13:38:08.000Z,1
2019-10-16T13:56:07.000Z,2
2019-10-16T14:15:28.000Z,1
2019-10-16T14:22:15.000Z,1
2019-10-16T15:59:25.000Z,2
2019-10-16T16:11:21.000Z,1
2019-10-16T16:23:48.000Z,1
2019-10-16T16:34:15.000Z,1
2019-10-16T16:51:07.000Z,1
2019-10-16T17:05:12.000Z,1
2019-10-16T17:06:26.000Z,1
2019-10-16T17:22:11.000Z,1
2019-10-16T17:22:58.000Z,1
2019-10-16T17:23:13.000Z,1
2019-10-16T17:44:17.000Z,1
2019-10-16T18:01:45.000Z,1
2019-10-16T18:13:47.000Z,1
2019-10-16T18:27:32.000Z,1
2019-10-16T18:29:17.000Z,1
2019-10-16T18:56:35.000Z,1
2019-10-16T19:14:40.000Z,1
2019-10-16T19:32:14.000Z,1
2019-10-16T19:35:04.000Z,1
2019-10-16T19:35:20.000Z,1
2019-10-16T19:39:22.000Z,1
2019-10-16T20:23:53.000Z,1
2019-10-16T21:29:11.000Z,1
2019-10-16T22:30:40.000Z,1
2019-10-16T23:18:26.000Z,1
2019-10-17T05:31:47.000Z,1
2019-10-17T06:47:33.000Z,1
2019-10-17T06:47:43.000Z,1
2019-10-17T07:21:14.000Z,1
2019-10-17T07:25:05.000Z,1
2019-10-17T07:40:12.000Z,1
2019-10-17T07:46:26.000Z,1
2019-10-17T07:50:06.000Z,1
2019-10-17T08:04:04.000Z,1
2019-10-17T08:29:12.000Z,1
2019-10-17T08:39:54.000Z,2
2019-10-17T08:53:47.000Z,1
2019-10-17T08:58:20.000Z,3
2019-10-17T09:26:11.000Z,2
2019-10-17T09:31:02.000Z,1
2019-10-17T09:51:20.000Z,2
2019-10-17T10:28:13.000Z,1
2019-10-17T10:51:19.000Z,1
2019-10-17T11:35:17.000Z,1
2019-10-17T12:14:01.000Z,1
2019-10-17T12:19:29.000Z,1
2019-10-17T12:20:14.000Z,1
2019-10-17T12:23:09.000Z,1
2019-10-17T13:34:18.000Z,1
2019-10-17T13:57:08.000Z,1
2019-10-17T14:10:07.000Z,1
2019-10-17T14:21:55.000Z,1
2019-10-17T15:20:06.000Z,2
2019-10-17T15:27:02.000Z,1
2019-10-17T15:27:56.000Z,1
2019-10-17T15:54:44.000Z,3
2019-10-17T16:16:18.000Z,1
2019-10-17T16:19:24.000Z,1
2019-10-17T16:32:51.000Z,1
2019-10-17T16:35:26.000Z,1
2019-10-17T16:54:55.000Z,1
2019-10-17T16:58:21.000Z,1
2019-10-17T17:01:59.000Z,1
2019-10-17T17:05:06.000Z,2
2019-10-17T17:06:36.000Z,1
2019-10-17T17:20:01.000Z,1
2019-10-17T17:32:19.000Z,1
2019-10-17T17:33:12.000Z,1
2019-10-17T17:40:26.000Z,1
2019-10-17T17:48:52.000Z,2
2019-10-17T17:56:05.000Z,1
2019-10-17T18:06:31.000Z,1
2019-10-17T18:17:50.000Z,1
2019-10-17T18:25:55.000Z,1
2019-10-17T18:38:12.000Z,1
2019-10-17T18:38:21.000Z,1
2019-10-17T18:54:58.000Z,1
2019-10-17T19:15:56.000Z,1
2019-10-17T19:17:49.000Z,2
2019-10-17T19:21:07.000Z,2
2019-10-17T19:28:19.000Z,1
2019-10-17T19:33:28.000Z,1
2019-10-17T20:13:26.000Z,1
2019-10-17T20:31:27.000Z,1
2019-10-17T20:34:22.000Z,2
2019-10-17T20:45:44.000Z,1
2019-10-17T22:21:17.000Z,1
2019-10-17T23:42:36.000Z,1
2019-10-18T00:11:33.000Z,1
2019-10-18T05:17:32.000Z,1
2019-10-18T06:33:02.000Z,1
2019-10-18T07:00:44.000Z,1
2019-10-18T07:01:34.000Z,1
2019-10-18T07:03:43.000Z,2
2019-10-18T07:11:16.000Z,1
2019-10-18T07:11:24.000Z,1
2019-10-18T07:14:45.000Z,1
2019-10-18T07:37:19.000Z,1
2019-10-18T07:39:34.000Z,1
2019-10-18T07:40:00.000Z,2
2019-10-18T07:57:17.000Z,1
2019-10-18T08:03:22.000Z,1
2019-10-18T08:26:37.000Z,1
2019-10-18T08:31:23.000Z,1
2019-10-18T08:53:23.000Z,1
2019-10-18T09:12:26.000Z,1
2019-10-18T11:41:45.000Z,1
2019-10-18T11:42:42.000Z,1
2019-10-18T13:02:36.000Z,1
2019-10-18T13:04:22.000Z,1
2019-10-18T13:26:25.000Z,1
2019-10-18T13:34:59.000Z,1
2019-10-18T13:48:30.000Z,2
2019-10-18T13:49:25.000Z,1
2019-10-18T14:00:46.000Z,1
2019-10-18T14:30:35.000Z,1
2019-10-18T14:35:07.000Z,1
2019-10-18T14:40:10.000Z,1
2019-10-18T14:49:03.000Z,1
2019-10-18T15:22:17.000Z,1
2019-10-18T15:35:10.000Z,1
2019-10-18T15:45:32.000Z,1
2019-10-18T15:59:47.000Z,2
2019-10-18T15:59:43.000Z,1
2019-10-18T16:06:50.000Z,1
2019-10-18T16:11:50.000Z,1
2019-10-18T16:32:34.000Z,1
2019-10-18T16:33:40.000Z,1
2019-10-18T16:34:07.000Z,3
2019-10-18T16:35:57.000Z,1
2019-10-18T17:05:35.000Z,3
2019-10-18T17:22:37.000Z,1
2019-10-18T17:36:55.000Z,1
2019-10-18T17:41:24.000Z,1
2019-10-18T17:54:44.000Z,1
2019-10-18T18:09:36.000Z,1
2019-10-18T18:27:41.000Z,1
2019-10-18T18:33:04.000Z,1
2019-10-18T18:33:39.000Z,2
2019-10-18T18:44:20.000Z,2
2019-10-18T19:04:46.000Z,1
2019-10-18T19:27:40.000Z,2
2019-10-18T20:27:26.000Z,1
2019-10-18T20:41:20.000Z,1
2019-10-18T20:41:31.000Z,1
2019-10-18T22:46:01.000Z,1
2019-10-18T23:08:26.000Z,1
2019-10-14T14:46:04.000Z,1
2019-10-14T14:57:01.000Z,1
2019-10-14T15:01:40.000Z,1
2019-10-14T15:11:27.000Z,1
2019-10-14T15:26:54.000Z,1
2019-10-14T16:33:52.000Z,1
2019-10-14T16:36:30.000Z,1
2019-10-14T16:37:50.000Z,1
2019-10-14T16:41:01.000Z,1
2019-10-14T16:44:32.000Z,1
2019-10-14T16:50:33.000Z,2
2019-10-14T16:55:19.000Z,2
2019-10-14T17:40:39.000Z,1
2019-10-14T19:27:32.000Z,1
2019-10-14T20:05:29.000Z,1
2019-10-14T23:18:08.000Z,1
2019-10-15T07:45:54.000Z,1
2019-10-14T17:38:21.000Z,1
2019-10-14T17:46:08.000Z,1
2019-10-14T18:12:28.000Z,1
2019-10-14T18:39:47.000Z,1
2019-10-14T18:54:03.000Z,1
2019-10-14T20:00:25.000Z,1
2019-10-14T22:22:30.000Z,2
2019-10-14T23:06:43.000Z,1
2019-10-15T05:06:07.000Z,1
2019-10-15T06:45:27.000Z,1
2019-10-15T06:56:26.000Z,1
2019-10-15T07:15:27.000Z,1
2019-10-15T07:42:27.000Z,1
2019-10-15T07:53:51.000Z,1
2019-10-15T07:57:43.000Z,1
2019-10-15T08:03:00.000Z,2
2019-10-15T08:07:38.000Z,1
2019-10-15T08:17:06.000Z,1
2019-10-15T08:41:38.000Z,1
2019-10-15T08:51:30.000Z,1
2019-10-15T08:53:19.000Z,3
2019-10-15T09:29:04.000Z,1
2019-10-15T11:01:48.000Z,1
2019-10-15T11:14:27.000Z,1
2019-10-15T11:36:53.000Z,1
2019-10-15T11:49:35.000Z,1
2019-10-15T11:53:08.000Z,1
2019-10-15T12:11:34.000Z,1
2019-10-15T12:37:15.000Z,1
2019-10-15T12:58:10.000Z,1
2019-10-15T13:11:31.000Z,1
2019-10-15T14:10:54.000Z,1
2019-10-15T15:02:07.000Z,1
2019-10-15T15:53:31.000Z,1
2019-10-15T16:07:51.000Z,1
2019-10-15T16:10:25.000Z,2
2019-10-15T16:14:37.000Z,1
2019-10-15T16:21:35.000Z,3
2019-10-15T16:22:42.000Z,1
2019-10-15T16:37:20.000Z,1
2019-10-15T16:43:09.000Z,3
2019-10-15T16:58:58.000Z,1
2019-10-15T17:02:08.000Z,1
2019-10-15T17:03:18.000Z,1
2019-10-15T17:10:09.000Z,1
2019-10-15T17:11:26.000Z,2
2019-10-15T17:14:15.000Z,1
2019-10-15T17:17:05.000Z,1
2019-10-15T17:29:14.000Z,1
2019-10-15T17:57:59.000Z,1
2019-10-15T18:03:16.000Z,1
2019-10-15T18:06:49.000Z,1
2019-10-15T18:11:30.000Z,1
2019-10-15T18:14:01.000Z,1
2019-10-15T18:44:39.000Z,1
2019-10-15T18:50:13.000Z,1
2019-10-15T19:12:21.000Z,1
2019-10-15T19:14:27.000Z,1
2019-10-15T20:09:50.000Z,1
2019-10-15T20:53:47.000Z,1
2019-10-15T22:01:53.000Z,1
2019-10-16T05:30:53.000Z,1
2019-10-16T06:06:58.000Z,1
2019-10-16T06:28:39.000Z,1
2019-10-16T07:33:16.000Z,1
2019-10-16T08:00:55.000Z,2
2019-10-16T08:08:39.000Z,2
2019-10-16T08:11:59.000Z,1
2019-10-16T08:12:42.000Z,1
2019-10-16T08:23:38.000Z,1
2019-10-16T08:26:07.000Z,1
2019-10-16T08:32:39.000Z,1
2019-10-16T08:46:34.000Z,1
2019-10-16T08:59:53.000Z,1
2019-10-16T09:05:21.000Z,1
2019-10-16T09:25:33.000Z,1
2019-10-16T09:44:53.000Z,1
2019-10-16T10:25:33.000Z,1
2019-10-16T11:23:17.000Z,1
2019-10-16T11:36:19.000Z,1
2019-10-16T11:51:58.000Z,1
2019-10-16T12:48:06.000Z,1
2019-10-16T12:56:57.000Z,1
2019-10-16T13:08:43.000Z,1
2019-10-16T13:31:46.000Z,1
2019-10-16T13:41:18.000Z,1
2019-10-16T14:12:21.000Z,1
2019-10-16T14:15:48.000Z,1
2019-10-16T14:16:00.000Z,1
2019-10-16T14:35:59.000Z,1
2019-10-16T14:48:14.000Z,1
2019-10-16T14:55:54.000Z,2
2019-10-16T14:56:53.000Z,1
2019-10-16T14:59:01.000Z,1
2019-10-16T15:02:06.000Z,1
2019-10-16T15:17:40.000Z,1
2019-10-16T15:47:21.000Z,1
2019-10-16T16:20:51.000Z,1
2019-10-16T16:23:09.000Z,1
2019-10-16T16:34:39.000Z,1
2019-10-16T16:40:54.000Z,3
2019-10-16T16:46:15.000Z,1
2019-10-16T16:46:45.000Z,2
2019-10-16T16:54:42.000Z,1
2019-10-16T16:59:48.000Z,2
2019-10-16T17:13:57.000Z,3
2019-10-16T17:16:06.000Z,1
2019-10-16T17:17:20.000Z,1
2019-10-16T17:22:24.000Z,2
2019-10-16T17:26:59.000Z,1
2019-10-16T17:28:55.000Z,1
2019-10-16T17:30:11.000Z,2
2019-10-16T17:31:24.000Z,2
2019-10-16T17:37:32.000Z,1
2019-10-16T17:39:05.000Z,1
2019-10-16T17:46:19.000Z,1
2019-10-16T17:59:12.000Z,1
2019-10-16T18:00:13.000Z,1
2019-10-16T18:16:44.000Z,2
2019-10-16T18:17:57.000Z,1
2019-10-16T18:42:55.000Z,2
2019-10-16T18:43:38.000Z,1
2019-10-16T18:46:16.000Z,1
2019-10-16T18:53:21.000Z,1
2019-10-16T18:55:34.000Z,1
2019-10-16T19:02:53.000Z,1
2019-10-16T19:24:47.000Z,1
2019-10-16T19:32:43.000Z,1
2019-10-16T20:37:13.000Z,2
2019-10-16T21:01:35.000Z,1
2019-10-16T21:02:33.000Z,1
2019-10-16T21:06:20.000Z,1
2019-10-17T05:07:08.000Z,1
2019-10-17T05:26:53.000Z,1
2019-10-17T06:09:56.000Z,1
2019-10-17T06:30:32.000Z,1
2019-10-17T07:12:41.000Z,1
2019-10-17T07:23:40.000Z,1
2019-10-17T07:39:53.000Z,1
2019-10-17T07:41:29.000Z,1
2019-10-17T07:42:46.000Z,1
2019-10-17T08:00:04.000Z,1
2019-10-17T08:01:58.000Z,2
2019-10-17T08:02:58.000Z,2
2019-10-17T08:11:28.000Z,1
2019-10-17T08:13:25.000Z,1
2019-10-17T08:22:46.000Z,1
2019-10-17T08:54:51.000Z,1
2019-10-17T09:21:58.000Z,1
2019-10-17T09:30:03.000Z,1
2019-10-17T09:41:37.000Z,2
2019-10-17T10:35:12.000Z,1
2019-10-17T10:41:42.000Z,2
2019-10-17T11:27:21.000Z,1
2019-10-17T11:47:55.000Z,1
2019-10-17T12:16:14.000Z,1
2019-10-17T12:20:33.000Z,1
2019-10-17T12:30:54.000Z,1
2019-10-17T12:36:34.000Z,1
2019-10-17T13:58:44.000Z,1
2019-10-17T14:04:46.000Z,1
2019-10-17T14:06:12.000Z,1
2019-10-17T14:15:28.000Z,1
2019-10-17T14:36:58.000Z,1
2019-10-17T14:47:36.000Z,1
2019-10-17T15:03:28.000Z,1
2019-10-17T15:03:46.000Z,1
2019-10-17T15:05:35.000Z,1
2019-10-17T15:09:59.000Z,1
2019-10-17T15:23:27.000Z,1
2019-10-17T15:25:18.000Z,1
2019-10-17T16:18:43.000Z,1
2019-10-17T16:23:20.000Z,2
2019-10-17T16:48:49.000Z,1
2019-10-17T16:50:47.000Z,1
2019-10-17T16:53:47.000Z,1
2019-10-17T17:02:56.000Z,2
2019-10-17T17:03:57.000Z,2
2019-10-17T17:12:38.000Z,2
2019-10-17T17:22:27.000Z,1
2019-10-17T17:23:00.000Z,1
2019-10-17T17:33:43.000Z,2
2019-10-17T17:34:03.000Z,1
2019-10-17T17:35:58.000Z,1
2019-10-17T17:39:47.000Z,1
2019-10-17T17:44:27.000Z,1
2019-10-17T18:02:58.000Z,1
2019-10-17T18:17:32.000Z,2
2019-10-17T18:29:21.000Z,1
2019-10-17T18:43:10.000Z,1
2019-10-17T19:16:43.000Z,1
2019-10-17T19:30:32.000Z,1
2019-10-17T20:02:40.000Z,1
2019-10-17T20:27:13.000Z,1
2019-10-17T21:12:49.000Z,1
2019-10-18T02:29:05.000Z,1
2019-10-18T03:40:03.000Z,1
2019-10-18T04:23:11.000Z,1
2019-10-18T05:11:55.000Z,1
2019-10-18T06:09:58.000Z,1
2019-10-18T07:05:42.000Z,1
2019-10-18T07:14:06.000Z,2
2019-10-18T07:31:36.000Z,2
2019-10-18T07:32:27.000Z,1
2019-10-18T07:43:13.000Z,1
2019-10-18T07:52:18.000Z,2
2019-10-18T07:53:09.000Z,2
2019-10-18T07:53:12.000Z,1
2019-10-18T07:59:43.000Z,1
2019-10-18T08:01:22.000Z,1
2019-10-18T08:06:05.000Z,1
2019-10-18T08:08:08.000Z,1
2019-10-18T08:08:42.000Z,1
2019-10-18T08:10:19.000Z,1
2019-10-18T08:10:54.000Z,1
2019-10-18T08:24:03.000Z,1
2019-10-18T08:41:47.000Z,1
2019-10-18T08:42:20.000Z,1
2019-10-18T09:07:36.000Z,1
2019-10-18T09:24:18.000Z,1
2019-10-18T09:25:06.000Z,1
2019-10-18T09:34:46.000Z,1
2019-10-18T10:10:56.000Z,1
2019-10-18T10:14:08.000Z,1
2019-10-18T10:23:30.000Z,1
2019-10-18T11:16:51.000Z,1
2019-10-18T11:45:04.000Z,1
2019-10-18T12:02:31.000Z,1
2019-10-18T12:28:14.000Z,1
2019-10-18T12:38:33.000Z,1
2019-10-18T13:41:24.000Z,1
2019-10-18T13:52:52.000Z,1
2019-10-18T13:57:17.000Z,1
2019-10-18T14:26:29.000Z,2
2019-10-18T14:29:34.000Z,1
2019-10-18T14:30:26.000Z,1
2019-10-18T15:15:58.000Z,1
2019-10-18T15:39:47.000Z,1
2019-10-18T15:40:12.000Z,3
2019-10-18T15:52:45.000Z,1
2019-10-18T15:58:10.000Z,1
2019-10-18T16:01:10.000Z,1
2019-10-18T16:20:42.000Z,1
2019-10-18T16:23:01.000Z,1
2019-10-18T16:27:12.000Z,2
2019-10-18T16:29:54.000Z,1
2019-10-18T16:40:46.000Z,1
2019-10-18T16:49:53.000Z,1
2019-10-18T16:58:09.000Z,1
2019-10-18T17:07:30.000Z,3
2019-10-18T17:43:31.000Z,1
2019-10-18T17:55:36.000Z,1
2019-10-18T17:58:31.000Z,2
2019-10-18T18:00:43.000Z,1
2019-10-18T18:03:55.000Z,1
2019-10-18T18:05:58.000Z,1
2019-10-18T18:15:14.000Z,1
2019-10-18T18:20:31.000Z,1
2019-10-18T18:36:22.000Z,1
2019-10-18T18:36:24.000Z,1
2019-10-18T18:41:14.000Z,1
2019-10-18T18:43:21.000Z,2
2019-10-18T19:10:37.000Z,1
2019-10-18T20:37:09.000Z,1
2019-10-18T23:05:35.000Z,1
2019-10-14T14:46:15.000Z,1
2019-10-14T16:00:55.000Z,1
2019-10-14T16:04:43.000Z,1
2019-10-14T16:15:26.000Z,2
2019-10-14T16:27:13.000Z,1
2019-10-14T17:00:27.000Z,1
2019-10-14T17:02:09.000Z,2
2019-10-14T17:09:18.000Z,1
2019-10-14T17:20:47.000Z,1
2019-10-14T17:21:27.000Z,1
2019-10-14T17:43:08.000Z,2
2019-10-14T18:14:22.000Z,1
2019-10-14T18:34:54.000Z,1
2019-10-14T19:21:27.000Z,1
2019-10-14T20:18:47.000Z,1
2019-10-14T20:56:09.000Z,1
2019-10-14T21:17:12.000Z,1
2019-10-15T08:17:30.000Z,1
2019-10-15T09:52:54.000Z,1
2019-10-15T18:35:11.000Z,1
2019-10-14T16:11:47.000Z,3
2019-10-14T16:44:29.000Z,1
2019-10-14T17:10:36.000Z,1
2019-10-14T17:11:29.000Z,1
2019-10-14T17:14:32.000Z,1
2019-10-14T18:07:02.000Z,1
2019-10-14T18:51:28.000Z,1
2019-10-14T18:57:49.000Z,1
2019-10-14T19:06:31.000Z,1
2019-10-14T19:18:56.000Z,1
2019-10-14T19:38:07.000Z,1
2019-10-14T19:47:43.000Z,1
2019-10-14T20:34:39.000Z,1
2019-10-15T03:26:28.000Z,1
2019-10-15T04:26:38.000Z,1
2019-10-15T05:47:44.000Z,1
2019-10-15T06:33:29.000Z,1
2019-10-15T06:49:28.000Z,1
2019-10-15T07:07:12.000Z,1
2019-10-15T07:42:39.000Z,1
2019-10-15T07:47:36.000Z,2
2019-10-15T07:56:38.000Z,1
2019-10-15T08:04:49.000Z,4
2019-10-15T08:11:58.000Z,1
2019-10-15T08:14:53.000Z,1
2019-10-15T08:27:11.000Z,1
2019-10-15T08:30:57.000Z,1
2019-10-15T08:33:45.000Z,1
2019-10-15T08:36:19.000Z,1
2019-10-15T08:41:17.000Z,2
2019-10-15T08:41:24.000Z,1
2019-10-15T09:14:03.000Z,1
2019-10-15T09:27:22.000Z,1
2019-10-15T09:29:33.000Z,2
2019-10-15T09:48:43.000Z,1
2019-10-15T09:55:39.000Z,1
2019-10-15T09:59:06.000Z,1
2019-10-15T10:27:51.000Z,1
2019-10-15T10:57:22.000Z,1
2019-10-15T11:08:16.000Z,1
2019-10-15T11:32:19.000Z,1
2019-10-15T11:55:39.000Z,1
2019-10-15T12:00:11.000Z,1
2019-10-15T12:15:58.000Z,1
2019-10-15T12:31:36.000Z,1
2019-10-15T12:36:26.000Z,1
2019-10-15T13:03:43.000Z,1
2019-10-15T13:20:07.000Z,1
2019-10-15T13:20:22.000Z,1
2019-10-15T14:34:55.000Z,1
2019-10-15T14:52:55.000Z,1
2019-10-15T14:54:20.000Z,1
2019-10-15T14:54:25.000Z,1
2019-10-15T15:11:49.000Z,1
2019-10-15T15:25:00.000Z,1
2019-10-15T15:44:29.000Z,1
2019-10-15T15:48:38.000Z,1
2019-10-15T16:11:40.000Z,1
2019-10-15T16:14:38.000Z,1
2019-10-15T16:24:35.000Z,1
2019-10-15T16:30:46.000Z,1
2019-10-15T16:38:20.000Z,1
2019-10-15T17:04:59.000Z,1
2019-10-15T17:12:25.000Z,1
2019-10-15T17:26:30.000Z,1
2019-10-15T17:28:50.000Z,1
2019-10-15T17:30:32.000Z,1
2019-10-15T17:31:26.000Z,1
2019-10-15T17:41:22.000Z,2
2019-10-15T17:42:28.000Z,1
2019-10-15T17:47:35.000Z,1
2019-10-15T17:50:53.000Z,1
2019-10-15T17:57:48.000Z,1
2019-10-15T18:09:39.000Z,1
2019-10-15T18:14:58.000Z,1
2019-10-15T18:19:23.000Z,1
2019-10-15T18:23:06.000Z,1
2019-10-15T18:42:06.000Z,1
2019-10-15T19:12:34.000Z,1
2019-10-15T19:30:28.000Z,2
2019-10-15T20:01:01.000Z,1
2019-10-15T20:05:33.000Z,1
2019-10-15T21:19:51.000Z,1
2019-10-16T05:46:42.000Z,1
2019-10-16T06:37:53.000Z,1
2019-10-16T06:45:38.000Z,1
2019-10-16T07:07:35.000Z,2
2019-10-16T07:14:29.000Z,1
2019-10-16T07:33:22.000Z,1
2019-10-16T07:33:47.000Z,1
2019-10-16T07:50:12.000Z,1
2019-10-16T07:52:18.000Z,2
2019-10-16T08:00:10.000Z,1
2019-10-16T08:08:07.000Z,1
2019-10-16T08:13:39.000Z,1
2019-10-16T08:31:30.000Z,1
2019-10-16T08:53:43.000Z,1
2019-10-16T09:13:34.000Z,2
2019-10-16T10:03:21.000Z,1
2019-10-16T10:27:08.000Z,1
2019-10-16T10:47:24.000Z,1
2019-10-16T11:48:32.000Z,1
2019-10-16T12:18:10.000Z,1
2019-10-16T12:38:26.000Z,1
2019-10-16T12:59:08.000Z,1
2019-10-16T13:17:37.000Z,1
2019-10-16T13:20:33.000Z,3
2019-10-16T14:11:51.000Z,1
2019-10-16T14:25:34.000Z,1
2019-10-16T15:01:56.000Z,1
2019-10-16T15:07:54.000Z,1
2019-10-16T16:05:16.000Z,1
2019-10-16T16:14:34.000Z,1
2019-10-16T16:20:38.000Z,1
2019-10-16T16:24:32.000Z,2
2019-10-16T16:39:10.000Z,1
2019-10-16T16:57:50.000Z,1
2019-10-16T17:11:19.000Z,1
2019-10-16T17:27:02.000Z,1
2019-10-16T17:31:45.000Z,1
2019-10-16T17:34:29.000Z,1
2019-10-16T17:37:36.000Z,1
2019-10-16T17:37:51.000Z,1
2019-10-16T17:48:32.000Z,2
2019-10-16T17:52:04.000Z,1
2019-10-16T18:02:02.000Z,1
2019-10-16T18:16:23.000Z,1
2019-10-16T18:28:56.000Z,1
2019-10-16T18:59:48.000Z,1
2019-10-16T19:02:06.000Z,1
2019-10-16T20:09:39.000Z,1
2019-10-16T20:09:57.000Z,1
2019-10-16T20:33:36.000Z,1
2019-10-16T20:44:17.000Z,1
2019-10-16T21:25:56.000Z,1
2019-10-16T21:44:43.000Z,1
2019-10-16T21:51:43.000Z,1
2019-10-16T22:30:03.000Z,1
2019-10-16T22:38:42.000Z,1
2019-10-17T01:40:46.000Z,1
2019-10-17T06:07:08.000Z,1
2019-10-17T06:52:26.000Z,1
2019-10-17T07:10:49.000Z,2
2019-10-17T07:28:03.000Z,1
2019-10-17T07:47:47.000Z,1
2019-10-17T08:02:10.000Z,2
2019-10-17T08:05:49.000Z,2
2019-10-17T08:05:57.000Z,1
2019-10-17T08:06:28.000Z,1
2019-10-17T08:12:45.000Z,2
2019-10-17T08:21:30.000Z,1
2019-10-17T08:26:10.000Z,2
2019-10-17T08:52:41.000Z,1
2019-10-17T08:52:58.000Z,1
2019-10-17T09:09:26.000Z,2
2019-10-17T09:25:23.000Z,1
2019-10-17T09:41:10.000Z,1
2019-10-17T09:46:18.000Z,1
2019-10-17T10:10:51.000Z,1
2019-10-17T10:24:01.000Z,1
2019-10-17T11:00:52.000Z,1
2019-10-17T11:02:14.000Z,1
2019-10-17T11:09:23.000Z,1
2019-10-17T11:20:41.000Z,1
2019-10-17T11:38:16.000Z,1
2019-10-17T12:07:27.000Z,1
2019-10-17T12:30:58.000Z,1
2019-10-17T12:59:59.000Z,1
2019-10-17T13:04:00.000Z,2
2019-10-17T13:07:46.000Z,1
2019-10-17T13:10:39.000Z,1
2019-10-17T13:15:35.000Z,1
2019-10-17T15:09:18.000Z,1
2019-10-17T15:11:35.000Z,3
2019-10-17T15:14:48.000Z,1
2019-10-17T15:18:46.000Z,1
2019-10-17T15:22:32.000Z,1
2019-10-17T15:58:31.000Z,2
2019-10-17T16:13:11.000Z,1
2019-10-17T16:29:51.000Z,1
2019-10-17T16:56:02.000Z,1
2019-10-17T17:10:36.000Z,1
2019-10-17T17:13:44.000Z,4
2019-10-17T17:43:35.000Z,1
2019-10-17T17:48:54.000Z,1
2019-10-17T17:53:06.000Z,1
2019-10-17T18:11:10.000Z,1
2019-10-17T18:29:27.000Z,1
2019-10-17T18:48:32.000Z,1
2019-10-17T19:35:01.000Z,1
2019-10-17T20:00:44.000Z,1
2019-10-17T21:39:56.000Z,1
2019-10-17T21:49:45.000Z,1
2019-10-17T21:58:05.000Z,1
2019-10-17T22:25:57.000Z,1
2019-10-17T22:26:25.000Z,1
2019-10-17T22:35:27.000Z,1
2019-10-17T23:10:22.000Z,1
2019-10-17T23:16:25.000Z,1
2019-10-18T05:13:34.000Z,1
2019-10-18T07:09:05.000Z,1
2019-10-18T07:15:52.000Z,1
2019-10-18T07:18:15.000Z,1
2019-10-18T07:46:37.000Z,1
2019-10-18T07:50:49.000Z,1
2019-10-18T07:53:35.000Z,1
2019-10-18T08:10:51.000Z,1
2019-10-18T08:16:33.000Z,1
2019-10-18T08:20:35.000Z,1
2019-10-18T08:24:16.000Z,1
2019-10-18T08:25:53.000Z,1
2019-10-18T08:36:07.000Z,1
2019-10-18T08:44:22.000Z,1
2019-10-18T08:47:43.000Z,1
2019-10-18T08:50:42.000Z,1
2019-10-18T09:10:31.000Z,1
2019-10-18T09:12:52.000Z,2
2019-10-18T09:15:36.000Z,1
2019-10-18T09:40:20.000Z,1
2019-10-18T09:42:42.000Z,1
2019-10-18T10:31:54.000Z,1
2019-10-18T11:37:14.000Z,2
2019-10-18T11:55:45.000Z,1
2019-10-18T11:57:12.000Z,2
2019-10-18T12:25:02.000Z,1
2019-10-18T13:02:56.000Z,1
2019-10-18T13:59:01.000Z,1
2019-10-18T14:25:24.000Z,3
2019-10-18T14:25:45.000Z,1
2019-10-18T14:49:17.000Z,1
2019-10-18T15:15:03.000Z,1
2019-10-18T15:22:24.000Z,2
2019-10-18T15:36:29.000Z,1
2019-10-18T15:36:53.000Z,1
2019-10-18T15:41:21.000Z,1
2019-10-18T15:42:46.000Z,1
2019-10-18T15:44:37.000Z,1
2019-10-18T16:00:11.000Z,1
2019-10-18T16:06:48.000Z,1
2019-10-18T16:29:20.000Z,1
2019-10-18T16:29:43.000Z,1
2019-10-18T16:59:13.000Z,1
2019-10-18T17:02:32.000Z,1
2019-10-18T17:06:23.000Z,1
2019-10-18T17:14:47.000Z,2
2019-10-18T17:19:23.000Z,1
2019-10-18T17:36:02.000Z,2
2019-10-18T17:43:40.000Z,1
2019-10-18T18:03:38.000Z,1
2019-10-18T19:26:50.000Z,1
2019-10-18T19:33:02.000Z,1
2019-10-18T19:40:10.000Z,1
2019-10-18T19:40:43.000Z,1
2019-10-18T20:26:08.000Z,1
2019-10-18T20:27:54.000Z,1
2019-10-18T20:27:59.000Z,1
2019-10-18T20:50:07.000Z,1
2019-10-18T21:58:46.000Z,1
2019-10-18T22:17:46.000Z,1
2019-10-18T22:32:07.000Z,1
2019-10-18T22:35:57.000Z,1
2019-10-18T22:53:52.000Z,1
2019-10-14T14:40:56.000Z,1
2019-10-14T15:16:37.000Z,1
2019-10-14T15:59:12.000Z,1
2019-10-14T16:07:21.000Z,1
2019-10-14T16:20:36.000Z,2
2019-10-14T16:23:23.000Z,2
2019-10-14T16:24:43.000Z,1
2019-10-14T16:48:05.000Z,1
2019-10-14T16:54:46.000Z,1
2019-10-14T17:06:09.000Z,1
2019-10-14T17:17:18.000Z,1
2019-10-14T17:21:13.000Z,2
2019-10-14T17:23:19.000Z,1
2019-10-14T17:25:21.000Z,2
2019-10-14T17:35:05.000Z,1
2019-10-14T17:54:51.000Z,1
2019-10-14T18:48:50.000Z,1
2019-10-14T18:57:04.000Z,1
2019-10-14T18:58:51.000Z,1
2019-10-14T21:29:45.000Z,1
2019-10-15T07:05:49.000Z,1
2019-10-15T07:28:18.000Z,1
2019-10-15T08:23:09.000Z,1
2019-10-14T17:52:55.000Z,1
2019-10-14T17:54:40.000Z,1
2019-10-14T17:57:03.000Z,2
2019-10-14T18:20:45.000Z,1
2019-10-14T18:48:40.000Z,1
2019-10-14T19:08:48.000Z,1
2019-10-14T19:41:30.000Z,1
2019-10-14T20:11:26.000Z,1
2019-10-14T21:02:48.000Z,1
2019-10-14T21:16:35.000Z,1
2019-10-14T23:17:20.000Z,1
2019-10-15T05:26:56.000Z,1
2019-10-15T06:37:52.000Z,1
2019-10-15T06:48:37.000Z,1
2019-10-15T07:32:33.000Z,1
2019-10-15T07:35:00.000Z,1
2019-10-15T07:44:49.000Z,1
2019-10-15T07:45:01.000Z,1
2019-10-15T07:52:01.000Z,1
2019-10-15T08:10:33.000Z,1
2019-10-15T08:12:05.000Z,1
2019-10-15T08:35:44.000Z,1
2019-10-15T09:02:21.000Z,1
2019-10-15T09:09:54.000Z,1
2019-10-15T09:13:21.000Z,1
2019-10-15T09:45:39.000Z,1
2019-10-15T10:10:56.000Z,1
2019-10-15T10:41:09.000Z,1
2019-10-15T11:13:16.000Z,1
2019-10-15T11:55:35.000Z,2
2019-10-15T12:35:01.000Z,1
2019-10-15T12:35:29.000Z,2
2019-10-15T12:59:04.000Z,1
2019-10-15T13:52:24.000Z,1
2019-10-15T13:53:35.000Z,1
2019-10-15T14:05:24.000Z,1
2019-10-15T15:28:25.000Z,1
2019-10-15T16:22:10.000Z,1
2019-10-15T16:22:54.000Z,1
2019-10-15T16:57:08.000Z,1
2019-10-15T17:18:14.000Z,1
2019-10-15T17:36:33.000Z,1
2019-10-15T17:38:26.000Z,1
2019-10-15T17:43:33.000Z,1
2019-10-15T17:45:15.000Z,2
2019-10-15T17:48:00.000Z,1
2019-10-15T17:53:58.000Z,2
2019-10-15T18:07:08.000Z,1
2019-10-15T18:10:51.000Z,3
2019-10-15T18:25:26.000Z,2
2019-10-15T18:45:22.000Z,1
2019-10-15T18:49:38.000Z,1
2019-10-15T19:13:41.000Z,2
2019-10-15T19:16:53.000Z,1
2019-10-15T19:23:47.000Z,1
2019-10-15T19:34:13.000Z,1
2019-10-15T19:39:11.000Z,1
2019-10-15T19:40:11.000Z,1
2019-10-15T19:49:38.000Z,1
2019-10-15T20:19:30.000Z,1
2019-10-15T20:49:47.000Z,1
2019-10-15T22:04:03.000Z,1
2019-10-15T22:23:30.000Z,1
2019-10-16T01:35:19.000Z,1
2019-10-16T05:32:36.000Z,1
2019-10-16T05:58:23.000Z,1
2019-10-16T06:33:05.000Z,1
2019-10-16T06:40:13.000Z,1
2019-10-16T07:08:45.000Z,1
2019-10-16T07:08:48.000Z,1
2019-10-16T07:32:57.000Z,1
2019-10-16T07:47:10.000Z,1
2019-10-16T07:50:49.000Z,1
2019-10-16T08:06:09.000Z,1
2019-10-16T08:17:22.000Z,1
2019-10-16T08:25:15.000Z,1
2019-10-16T09:00:52.000Z,1
2019-10-16T09:00:59.000Z,1
2019-10-16T09:21:58.000Z,1
2019-10-16T09:46:03.000Z,1
2019-10-16T09:47:15.000Z,2
2019-10-16T09:55:25.000Z,1
2019-10-16T10:43:45.000Z,1
2019-10-16T11:12:33.000Z,1
2019-10-16T12:00:27.000Z,1
2019-10-16T12:34:15.000Z,1
2019-10-16T12:36:36.000Z,1
2019-10-16T13:06:04.000Z,1
2019-10-16T14:30:28.000Z,1
2019-10-16T14:43:47.000Z,1
2019-10-16T14:45:07.000Z,1
2019-10-16T15:11:50.000Z,1
2019-10-16T15:16:07.000Z,1
2019-10-16T15:43:31.000Z,1
2019-10-16T15:53:50.000Z,1
2019-10-16T15:55:12.000Z,1
2019-10-16T16:00:57.000Z,1
2019-10-16T16:03:32.000Z,1
2019-10-16T16:34:28.000Z,1
2019-10-16T16:42:53.000Z,1
2019-10-16T16:48:09.000Z,1
2019-10-16T17:00:22.000Z,1
2019-10-16T17:05:46.000Z,1
2019-10-16T17:07:39.000Z,1
2019-10-16T17:14:32.000Z,1
2019-10-16T17:14:47.000Z,3
2019-10-16T17:34:31.000Z,1
2019-10-16T17:43:25.000Z,1
2019-10-16T18:10:14.000Z,1
2019-10-16T18:28:18.000Z,1
2019-10-16T18:35:47.000Z,1
2019-10-16T18:47:54.000Z,1
2019-10-16T19:22:09.000Z,1
2019-10-16T19:36:29.000Z,1
2019-10-16T20:38:54.000Z,1
2019-10-16T20:43:09.000Z,1
2019-10-16T20:56:49.000Z,1
2019-10-16T21:35:48.000Z,1
2019-10-16T21:42:06.000Z,1
2019-10-16T23:35:34.000Z,1
2019-10-17T01:56:03.000Z,1
2019-10-17T05:23:34.000Z,1
2019-10-17T06:16:28.000Z,2
2019-10-17T06:41:06.000Z,1
2019-10-17T06:46:13.000Z,1
2019-10-17T06:49:14.000Z,1
2019-10-17T07:15:36.000Z,2
2019-10-17T07:20:05.000Z,1
2019-10-17T07:23:25.000Z,1
2019-10-17T07:38:11.000Z,1
2019-10-17T07:58:03.000Z,1
2019-10-17T08:00:59.000Z,1
2019-10-17T08:02:40.000Z,1
2019-10-17T08:23:02.000Z,1
2019-10-17T08:23:55.000Z,1
2019-10-17T08:25:25.000Z,2
2019-10-17T08:25:54.000Z,1
2019-10-17T08:50:28.000Z,1
2019-10-17T10:21:36.000Z,2
2019-10-17T12:18:13.000Z,1
2019-10-17T12:45:36.000Z,1
2019-10-17T13:13:17.000Z,1
2019-10-17T14:15:40.000Z,1
2019-10-17T14:42:59.000Z,1
2019-10-17T14:45:18.000Z,1
2019-10-17T15:03:07.000Z,1
2019-10-17T15:13:37.000Z,1
2019-10-17T16:01:52.000Z,1
2019-10-17T16:07:35.000Z,1
2019-10-17T16:09:39.000Z,2
2019-10-17T16:16:42.000Z,1
2019-10-17T16:20:55.000Z,1
2019-10-17T16:40:27.000Z,1
2019-10-17T16:44:09.000Z,1
2019-10-17T16:51:19.000Z,1
2019-10-17T16:52:39.000Z,1
2019-10-17T17:02:11.000Z,1
2019-10-17T17:11:50.000Z,1
2019-10-17T17:20:25.000Z,1
2019-10-17T17:24:41.000Z,1
2019-10-17T17:25:31.000Z,1
2019-10-17T17:31:43.000Z,1
2019-10-17T17:35:52.000Z,1
2019-10-17T17:39:06.000Z,2
2019-10-17T17:44:02.000Z,3
2019-10-17T17:50:26.000Z,1
2019-10-17T17:57:41.000Z,1
2019-10-17T18:02:00.000Z,3
2019-10-17T18:03:32.000Z,1
2019-10-17T18:10:13.000Z,1
2019-10-17T18:12:59.000Z,1
2019-10-17T18:18:18.000Z,1
2019-10-17T18:52:11.000Z,1
2019-10-17T18:55:41.000Z,1
2019-10-17T19:14:48.000Z,1
2019-10-17T19:15:43.000Z,1
2019-10-17T20:37:21.000Z,1
2019-10-17T22:02:44.000Z,1
2019-10-17T23:18:35.000Z,1
2019-10-18T01:47:57.000Z,1
2019-10-18T05:32:52.000Z,1
2019-10-18T05:36:03.000Z,1
2019-10-18T06:06:46.000Z,1
2019-10-18T06:10:22.000Z,1
2019-10-18T06:13:24.000Z,1
2019-10-18T07:16:08.000Z,2
2019-10-18T07:22:38.000Z,1
2019-10-18T07:27:17.000Z,1
2019-10-18T07:47:38.000Z,1
2019-10-18T07:48:56.000Z,1
2019-10-18T07:49:30.000Z,1
2019-10-18T08:01:31.000Z,1
2019-10-18T08:18:31.000Z,1
2019-10-18T08:25:06.000Z,1
2019-10-18T08:49:09.000Z,1
2019-10-18T09:34:11.000Z,1
2019-10-18T09:58:38.000Z,2
2019-10-18T10:14:03.000Z,1
2019-10-18T10:32:47.000Z,1
2019-10-18T11:12:19.000Z,1
2019-10-18T11:20:48.000Z,1
2019-10-18T12:01:04.000Z,1
2019-10-18T12:08:52.000Z,1
2019-10-18T12:11:34.000Z,1
2019-10-18T12:22:25.000Z,1
2019-10-18T12:29:46.000Z,1
2019-10-18T12:39:30.000Z,1
2019-10-18T13:40:31.000Z,2
2019-10-18T13:53:18.000Z,1
2019-10-18T13:55:31.000Z,1
2019-10-18T14:19:11.000Z,1
2019-10-18T14:21:53.000Z,1
2019-10-18T14:47:50.000Z,1
2019-10-18T15:00:22.000Z,1
2019-10-18T15:03:45.000Z,1
2019-10-18T15:10:58.000Z,1
2019-10-18T15:39:42.000Z,3
2019-10-18T15:40:45.000Z,1
2019-10-18T15:51:54.000Z,1
2019-10-18T16:06:38.000Z,1
2019-10-18T16:14:31.000Z,1
2019-10-18T16:29:45.000Z,1
2019-10-18T16:47:27.000Z,1
2019-10-18T16:58:53.000Z,2
2019-10-18T17:01:19.000Z,1
2019-10-18T17:04:28.000Z,1
2019-10-18T17:10:35.000Z,1
2019-10-18T17:10:58.000Z,2
2019-10-18T17:13:03.000Z,3
2019-10-18T17:25:15.000Z,2
2019-10-18T17:25:41.000Z,1
2019-10-18T17:26:03.000Z,1
2019-10-18T17:26:22.000Z,1
2019-10-18T17:32:09.000Z,2
2019-10-18T17:35:44.000Z,3
2019-10-18T17:39:36.000Z,1
2019-10-18T18:05:32.000Z,1
2019-10-18T18:19:51.000Z,1
2019-10-18T18:26:37.000Z,1
2019-10-18T18:27:54.000Z,1
2019-10-18T18:33:26.000Z,1
2019-10-18T19:26:26.000Z,1
2019-10-18T19:28:54.000Z,1
2019-10-18T19:32:51.000Z,1
2019-10-18T20:02:12.000Z,1
2019-10-18T20:04:30.000Z,1
2019-10-18T20:49:19.000Z,1
2019-10-18T21:07:09.000Z,1
2019-10-18T22:12:51.000Z,1
2019-10-18T22:45:12.000Z,1
2019-10-18T22:48:08.000Z,1
2019-10-18T22:54:49.000Z,1
2019-10-14T14:48:15.000Z,1
2019-10-14T14:51:59.000Z,2
2019-10-14T15:07:22.000Z,1
2019-10-14T15:25:57.000Z,2
2019-10-14T15:29:33.000Z,1
2019-10-14T15:50:50.000Z,1
2019-10-14T16:09:44.000Z,2
2019-10-14T16:18:29.000Z,1
2019-10-14T16:40:24.000Z,2
2019-10-14T16:58:14.000Z,1
2019-10-14T17:15:11.000Z,1
2019-10-14T17:15:19.000Z,3
2019-10-14T17:41:49.000Z,1
2019-10-14T18:13:00.000Z,1
2019-10-14T18:30:20.000Z,1
2019-10-14T18:44:43.000Z,1
2019-10-14T18:49:31.000Z,1
2019-10-14T19:08:10.000Z,1
2019-10-14T19:42:07.000Z,1
2019-10-14T20:53:32.000Z,1
2019-10-15T07:44:39.000Z,1
2019-10-15T08:13:59.000Z,1
2019-10-14T17:25:40.000Z,1
2019-10-14T17:29:12.000Z,1
2019-10-14T17:43:32.000Z,1
2019-10-14T17:56:40.000Z,2
2019-10-14T18:00:54.000Z,1
2019-10-14T18:05:17.000Z,1
2019-10-14T19:05:38.000Z,1
2019-10-14T19:38:11.000Z,1
2019-10-14T23:51:40.000Z,1
2019-10-15T05:49:07.000Z,1
2019-10-15T06:49:30.000Z,1
2019-10-15T07:09:32.000Z,1
2019-10-15T07:22:24.000Z,1
2019-10-15T07:40:41.000Z,1
2019-10-15T07:41:28.000Z,1
2019-10-15T08:00:41.000Z,1
2019-10-15T08:03:44.000Z,1
2019-10-15T08:05:15.000Z,1
2019-10-15T08:11:32.000Z,1
2019-10-15T08:16:52.000Z,2
2019-10-15T08:19:07.000Z,3
2019-10-15T08:22:55.000Z,1
2019-10-15T08:29:46.000Z,1
2019-10-15T08:34:00.000Z,2
2019-10-15T08:42:51.000Z,1
2019-10-15T08:51:36.000Z,1
2019-10-15T08:54:23.000Z,1
2019-10-15T08:58:41.000Z,1
2019-10-15T09:16:21.000Z,1
2019-10-15T09:16:47.000Z,1
2019-10-15T09:23:43.000Z,1
2019-10-15T10:17:55.000Z,1
2019-10-15T11:14:26.000Z,2
2019-10-15T11:52:25.000Z,1
2019-10-15T12:10:33.000Z,1
2019-10-15T12:12:45.000Z,1
2019-10-15T12:41:19.000Z,1
2019-10-15T12:51:40.000Z,1
2019-10-15T13:44:24.000Z,1
2019-10-15T14:02:50.000Z,1
2019-10-15T15:02:54.000Z,1
2019-10-15T15:14:42.000Z,1
2019-10-15T15:23:41.000Z,1
2019-10-15T15:32:15.000Z,1
2019-10-15T15:48:53.000Z,1
2019-10-15T16:18:14.000Z,1
2019-10-15T16:38:03.000Z,1
2019-10-15T16:39:06.000Z,2
2019-10-15T16:40:00.000Z,1
2019-10-15T16:46:05.000Z,1
2019-10-15T16:55:18.000Z,1
2019-10-15T16:56:50.000Z,2
2019-10-15T17:10:34.000Z,1
2019-10-15T17:10:50.000Z,1
2019-10-15T17:13:13.000Z,1
2019-10-15T17:17:01.000Z,1
2019-10-15T17:19:01.000Z,1
2019-10-15T17:21:04.000Z,1
2019-10-15T17:30:13.000Z,1
2019-10-15T17:36:41.000Z,3
2019-10-15T17:40:32.000Z,1
2019-10-15T17:51:36.000Z,1
2019-10-15T17:55:48.000Z,1
2019-10-15T18:04:23.000Z,1
2019-10-15T18:05:44.000Z,1
2019-10-15T18:44:20.000Z,1
2019-10-15T18:46:47.000Z,1
2019-10-15T18:49:49.000Z,2
2019-10-15T19:02:02.000Z,1
2019-10-15T19:34:49.000Z,1
2019-10-15T20:01:11.000Z,1
2019-10-15T21:56:01.000Z,1
2019-10-15T22:05:37.000Z,1
2019-10-16T06:01:10.000Z,1
2019-10-16T06:06:28.000Z,1
2019-10-16T07:18:02.000Z,2
2019-10-16T07:42:05.000Z,1
2019-10-16T07:49:48.000Z,1
2019-10-16T07:50:41.000Z,1
2019-10-16T07:52:08.000Z,1
2019-10-16T07:54:05.000Z,1
2019-10-16T08:02:49.000Z,1
2019-10-16T08:10:25.000Z,1
2019-10-16T08:30:10.000Z,1
2019-10-16T08:40:50.000Z,1
2019-10-16T08:46:38.000Z,1
2019-10-16T08:50:17.000Z,1
2019-10-16T08:58:19.000Z,1
2019-10-16T09:06:59.000Z,1
2019-10-16T09:20:58.000Z,1
2019-10-16T09:29:14.000Z,1
2019-10-16T09:32:35.000Z,1
2019-10-16T10:00:31.000Z,1
2019-10-16T10:23:19.000Z,2
2019-10-16T10:37:31.000Z,1
2019-10-16T11:35:45.000Z,2
2019-10-16T11:42:33.000Z,1
2019-10-16T12:05:53.000Z,1
2019-10-16T12:36:45.000Z,1
2019-10-16T13:20:46.000Z,1
2019-10-16T13:28:50.000Z,1
2019-10-16T13:35:08.000Z,1
2019-10-16T14:16:23.000Z,1
2019-10-16T15:39:21.000Z,1
2019-10-16T15:52:34.000Z,2
2019-10-16T16:15:06.000Z,1
2019-10-16T16:15:53.000Z,1
2019-10-16T16:19:39.000Z,1
2019-10-16T16:32:08.000Z,1
2019-10-16T16:53:10.000Z,1
2019-10-16T16:57:15.000Z,3
2019-10-16T16:59:17.000Z,1
2019-10-16T17:00:06.000Z,1
2019-10-16T17:02:15.000Z,1
2019-10-16T17:14:19.000Z,2
2019-10-16T17:16:58.000Z,1
2019-10-16T17:30:24.000Z,1
2019-10-16T17:32:48.000Z,1
2019-10-16T17:40:14.000Z,1
2019-10-16T18:12:42.000Z,1
2019-10-16T18:26:13.000Z,1
2019-10-16T18:38:39.000Z,1
2019-10-16T18:57:08.000Z,2
2019-10-16T19:10:13.000Z,1
2019-10-16T19:14:21.000Z,1
2019-10-16T19:28:35.000Z,1
2019-10-16T19:34:31.000Z,1
2019-10-16T19:58:34.000Z,1
2019-10-16T20:07:45.000Z,2
2019-10-16T21:44:24.000Z,1
2019-10-17T00:01:59.000Z,1
2019-10-17T05:40:16.000Z,1
2019-10-17T06:46:44.000Z,1
2019-10-17T07:08:43.000Z,1
2019-10-17T07:14:41.000Z,1
2019-10-17T07:24:29.000Z,1
2019-10-17T07:28:48.000Z,1
2019-10-17T07:35:44.000Z,1
2019-10-17T07:38:15.000Z,1
2019-10-17T07:46:12.000Z,1
2019-10-17T07:49:48.000Z,1
2019-10-17T08:02:00.000Z,1
2019-10-17T08:03:03.000Z,1
2019-10-17T08:15:05.000Z,2
2019-10-17T08:15:09.000Z,1
2019-10-17T08:18:09.000Z,2
2019-10-17T08:29:27.000Z,1
2019-10-17T08:31:07.000Z,2
2019-10-17T08:32:34.000Z,1
2019-10-17T08:42:10.000Z,1
2019-10-17T08:43:28.000Z,1
2019-10-17T08:58:36.000Z,2
2019-10-17T09:06:23.000Z,1
2019-10-17T09:48:29.000Z,1
2019-10-17T10:16:36.000Z,1
2019-10-17T10:41:58.000Z,1
2019-10-17T11:18:03.000Z,1
2019-10-17T11:18:13.000Z,1
2019-10-17T11:29:27.000Z,1
2019-10-17T11:43:19.000Z,2
2019-10-17T11:48:13.000Z,1
2019-10-17T12:05:07.000Z,1
2019-10-17T12:50:57.000Z,1
2019-10-17T13:05:02.000Z,1
2019-10-17T13:26:04.000Z,1
2019-10-17T14:51:58.000Z,1
2019-10-17T15:19:54.000Z,1
2019-10-17T15:35:46.000Z,1
2019-10-17T15:37:18.000Z,1
2019-10-17T15:42:56.000Z,1
2019-10-17T16:05:45.000Z,1
2019-10-17T16:12:54.000Z,1
2019-10-17T16:18:00.000Z,1
2019-10-17T16:19:15.000Z,1
2019-10-17T16:21:12.000Z,1
2019-10-17T16:26:16.000Z,1
2019-10-17T16:37:09.000Z,2
2019-10-17T16:43:59.000Z,1
2019-10-17T16:54:46.000Z,1
2019-10-17T16:56:45.000Z,1
2019-10-17T17:04:02.000Z,1
2019-10-17T17:07:26.000Z,1
2019-10-17T17:26:39.000Z,1
2019-10-17T17:36:01.000Z,1
2019-10-17T17:47:33.000Z,2
2019-10-17T17:56:41.000Z,1
2019-10-17T17:58:34.000Z,1
2019-10-17T18:00:55.000Z,1
2019-10-17T18:01:14.000Z,1
2019-10-17T18:14:19.000Z,2
2019-10-17T18:18:41.000Z,1
2019-10-17T18:26:03.000Z,1
2019-10-17T18:28:26.000Z,1
2019-10-17T18:58:52.000Z,1
2019-10-17T19:06:47.000Z,1
2019-10-17T19:22:20.000Z,1
2019-10-17T20:07:41.000Z,1
2019-10-17T20:26:12.000Z,1
2019-10-17T20:35:13.000Z,1
2019-10-17T21:11:49.000Z,1
2019-10-17T23:14:57.000Z,1
2019-10-17T23:57:00.000Z,1
2019-10-18T06:14:11.000Z,1
2019-10-18T06:14:26.000Z,1
2019-10-18T06:35:35.000Z,1
2019-10-18T06:53:15.000Z,1
2019-10-18T07:26:34.000Z,1
2019-10-18T07:28:39.000Z,1
2019-10-18T07:42:03.000Z,1
2019-10-18T07:42:17.000Z,2
2019-10-18T07:45:15.000Z,1
2019-10-18T07:57:06.000Z,1
2019-10-18T08:08:22.000Z,1
2019-10-18T08:16:02.000Z,1
2019-10-18T08:25:32.000Z,1
2019-10-18T08:26:48.000Z,1
2019-10-18T08:32:59.000Z,1
2019-10-18T08:38:39.000Z,1
2019-10-18T08:55:23.000Z,1
2019-10-18T09:01:07.000Z,1
2019-10-18T09:21:45.000Z,1
2019-10-18T10:28:15.000Z,1
2019-10-18T10:42:40.000Z,1
2019-10-18T10:42:56.000Z,1
2019-10-18T11:14:56.000Z,1
2019-10-18T11:19:36.000Z,1
2019-10-18T11:20:40.000Z,1
2019-10-18T11:55:12.000Z,1
2019-10-18T12:19:32.000Z,1
2019-10-18T12:41:11.000Z,2
2019-10-18T12:49:50.000Z,1
2019-10-18T12:52:15.000Z,1
2019-10-18T13:47:08.000Z,1
2019-10-18T14:35:35.000Z,1
2019-10-18T14:49:10.000Z,1
2019-10-18T14:59:48.000Z,1
2019-10-18T15:21:59.000Z,1
2019-10-18T15:35:15.000Z,3
2019-10-18T15:35:58.000Z,1
2019-10-18T15:40:35.000Z,1
2019-10-18T15:40:34.000Z,1
2019-10-18T15:48:21.000Z,1
2019-10-18T15:57:10.000Z,1
2019-10-18T16:02:47.000Z,1
2019-10-18T16:07:45.000Z,1
2019-10-18T16:17:54.000Z,1
2019-10-18T16:21:08.000Z,1
2019-10-18T16:23:14.000Z,3
2019-10-18T16:39:08.000Z,2
2019-10-18T16:44:01.000Z,1
2019-10-18T16:46:50.000Z,1
2019-10-18T16:47:25.000Z,1
2019-10-18T16:53:27.000Z,1
2019-10-18T16:57:26.000Z,2
2019-10-18T16:58:16.000Z,1
2019-10-18T17:04:33.000Z,1
2019-10-18T17:17:11.000Z,1
2019-10-18T17:19:47.000Z,1
2019-10-18T17:24:40.000Z,2
2019-10-18T17:57:47.000Z,1
2019-10-18T18:04:30.000Z,1
2019-10-18T18:40:50.000Z,1
2019-10-18T18:41:36.000Z,1
2019-10-18T19:21:44.000Z,1
2019-10-18T19:23:01.000Z,1
2019-10-18T20:09:03.000Z,1
2019-10-18T22:16:50.000Z,1
2019-10-18T22:20:07.000Z,1
2019-10-18T23:02:27.000Z,1
2019-10-14T14:36:59.000Z,2
2019-10-14T14:51:57.000Z,1
2019-10-14T15:02:22.000Z,1
2019-10-14T15:28:08.000Z,1
2019-10-14T15:31:42.000Z,1
2019-10-14T15:36:30.000Z,1
2019-10-14T16:05:10.000Z,1
2019-10-14T16:13:55.000Z,2
2019-10-14T16:32:48.000Z,1
2019-10-14T16:35:57.000Z,1
2019-10-14T16:45:09.000Z,1
2019-10-14T16:54:30.000Z,2
2019-10-14T17:02:49.000Z,1
2019-10-14T17:09:14.000Z,1
2019-10-14T17:23:08.000Z,2
2019-10-14T17:30:45.000Z,3
2019-10-14T17:31:54.000Z,1
2019-10-14T17:52:44.000Z,2
2019-10-14T19:53:03.000Z,1
2019-10-14T20:13:19.000Z,1
2019-10-14T21:01:26.000Z,1
2019-10-15T08:24:56.000Z,1
2019-10-15T10:46:42.000Z,1
2019-10-14T16:46:16.000Z,1
2019-10-14T17:12:05.000Z,1
2019-10-14T17:44:31.000Z,1
2019-10-14T17:57:31.000Z,1
2019-10-14T18:05:32.000Z,1
2019-10-14T18:12:12.000Z,1
2019-10-14T18:26:16.000Z,2
2019-10-14T19:46:08.000Z,1
2019-10-14T22:05:05.000Z,1
2019-10-15T05:50:39.000Z,1
2019-10-15T06:40:40.000Z,1
2019-10-15T06:42:06.000Z,1
2019-10-15T06:49:49.000Z,1
2019-10-15T07:18:13.000Z,2
2019-10-15T07:24:04.000Z,2
2019-10-15T07:31:36.000Z,1
2019-10-15T07:45:40.000Z,1
2019-10-15T07:57:22.000Z,1
2019-10-15T07:58:08.000Z,1
2019-10-15T08:19:12.000Z,2
2019-10-15T08:22:06.000Z,1
2019-10-15T08:38:19.000Z,1
2019-10-15T08:40:03.000Z,1
2019-10-15T09:02:12.000Z,1
2019-10-15T09:38:12.000Z,1
2019-10-15T11:26:43.000Z,1
2019-10-15T11:42:32.000Z,2
2019-10-15T12:05:29.000Z,2
2019-10-15T12:28:13.000Z,1
2019-10-15T12:44:51.000Z,1
2019-10-15T12:48:24.000Z,1
2019-10-15T13:25:58.000Z,1
2019-10-15T13:55:00.000Z,1
2019-10-15T14:00:34.000Z,1
2019-10-15T14:44:40.000Z,1
2019-10-15T15:08:41.000Z,1
2019-10-15T15:26:43.000Z,1
2019-10-15T15:52:02.000Z,1
2019-10-15T16:15:48.000Z,1
2019-10-15T16:42:25.000Z,1
2019-10-15T16:47:44.000Z,1
2019-10-15T16:54:19.000Z,1
2019-10-15T17:06:46.000Z,1
2019-10-15T17:07:13.000Z,1
2019-10-15T17:17:10.000Z,1
2019-10-15T17:23:22.000Z,1
2019-10-15T17:30:41.000Z,1
2019-10-15T17:40:48.000Z,1
2019-10-15T17:49:50.000Z,2
2019-10-15T17:58:54.000Z,1
2019-10-15T18:07:55.000Z,1
2019-10-15T18:24:23.000Z,1
2019-10-15T18:35:09.000Z,2
2019-10-15T18:37:35.000Z,1
2019-10-15T18:40:16.000Z,1
2019-10-15T18:43:34.000Z,1
2019-10-15T19:02:30.000Z,1
2019-10-15T19:18:57.000Z,1
2019-10-15T21:16:15.000Z,1
2019-10-16T00:23:27.000Z,1
2019-10-16T06:05:36.000Z,1
2019-10-16T06:30:27.000Z,1
2019-10-16T06:52:35.000Z,1
2019-10-16T06:57:37.000Z,1
2019-10-16T07:05:16.000Z,1
2019-10-16T07:12:37.000Z,1
2019-10-16T07:14:43.000Z,1
2019-10-16T07:20:49.000Z,1
2019-10-16T08:05:51.000Z,3
2019-10-16T08:07:45.000Z,1
2019-10-16T08:09:08.000Z,1
2019-10-16T08:11:41.000Z,2
2019-10-16T08:12:13.000Z,2
2019-10-16T08:21:38.000Z,1
2019-10-16T08:22:11.000Z,1
2019-10-16T08:26:08.000Z,4
2019-10-16T08:38:25.000Z,1
2019-10-16T08:39:01.000Z,2
2019-10-16T09:31:08.000Z,1
2019-10-16T09:42:21.000Z,1
2019-10-16T10:22:32.000Z,1
2019-10-16T10:25:16.000Z,1
2019-10-16T10:49:09.000Z,1
2019-10-16T11:09:39.000Z,1
2019-10-16T11:55:34.000Z,1
2019-10-16T12:36:41.000Z,1
2019-10-16T12:48:33.000Z,1
2019-10-16T12:49:42.000Z,1
2019-10-16T13:04:36.000Z,1
2019-10-16T14:46:13.000Z,1
2019-10-16T14:50:34.000Z,1
2019-10-16T15:07:28.000Z,1
2019-10-16T15:18:10.000Z,1
2019-10-16T15:41:46.000Z,1
2019-10-16T15:54:15.000Z,1
2019-10-16T15:56:57.000Z,1
2019-10-16T16:12:55.000Z,1
2019-10-16T16:22:47.000Z,1
2019-10-16T16:29:04.000Z,1
2019-10-16T16:31:05.000Z,2
2019-10-16T16:44:21.000Z,1
2019-10-16T16:55:25.000Z,1
2019-10-16T17:03:51.000Z,1
2019-10-16T17:09:26.000Z,1
2019-10-16T17:29:07.000Z,1
2019-10-16T17:33:14.000Z,1
2019-10-16T17:49:58.000Z,1
2019-10-16T17:50:16.000Z,1
2019-10-16T17:58:40.000Z,1
2019-10-16T18:18:15.000Z,1
2019-10-16T18:23:50.000Z,1
2019-10-16T18:32:39.000Z,1
2019-10-16T19:05:26.000Z,1
2019-10-16T19:10:32.000Z,1
2019-10-16T19:13:13.000Z,1
2019-10-16T19:42:13.000Z,1
2019-10-16T19:43:07.000Z,1
2019-10-17T00:00:23.000Z,1
2019-10-17T06:22:31.000Z,2
2019-10-17T06:36:29.000Z,1
2019-10-17T07:07:11.000Z,1
2019-10-17T07:08:06.000Z,1
2019-10-17T07:31:00.000Z,1
2019-10-17T07:53:20.000Z,1
2019-10-17T07:55:39.000Z,1
2019-10-17T07:56:37.000Z,1
2019-10-17T07:57:42.000Z,1
2019-10-17T07:59:51.000Z,1
2019-10-17T08:16:03.000Z,1
2019-10-17T08:17:00.000Z,1
2019-10-17T08:21:55.000Z,1
2019-10-17T08:24:38.000Z,1
2019-10-17T09:05:48.000Z,1
2019-10-17T09:42:51.000Z,2
2019-10-17T10:10:43.000Z,1
2019-10-17T11:26:54.000Z,1
2019-10-17T11:32:30.000Z,1
2019-10-17T11:39:17.000Z,1
2019-10-17T11:55:25.000Z,1
2019-10-17T12:16:42.000Z,1
2019-10-17T12:38:29.000Z,1
2019-10-17T12:43:00.000Z,1
2019-10-17T13:08:25.000Z,1
2019-10-17T13:09:37.000Z,1
2019-10-17T13:45:01.000Z,1
2019-10-17T14:41:35.000Z,1
2019-10-17T14:51:42.000Z,1
2019-10-17T15:48:25.000Z,1
2019-10-17T16:09:38.000Z,1
2019-10-17T16:20:05.000Z,1
2019-10-17T16:40:31.000Z,3
2019-10-17T16:43:09.000Z,1
2019-10-17T17:06:28.000Z,1
2019-10-17T17:18:30.000Z,1
2019-10-17T17:30:55.000Z,2
2019-10-17T17:45:54.000Z,1
2019-10-17T18:00:19.000Z,1
2019-10-17T18:12:45.000Z,1
2019-10-17T18:15:06.000Z,1
2019-10-17T18:18:17.000Z,1
2019-10-17T18:20:00.000Z,1
2019-10-17T18:28:15.000Z,1
2019-10-17T18:29:57.000Z,1
2019-10-17T18:49:32.000Z,1
2019-10-17T18:56:54.000Z,1
2019-10-17T21:15:48.000Z,1
2019-10-18T05:08:11.000Z,1
2019-10-18T06:17:17.000Z,1
2019-10-18T07:25:20.000Z,1
2019-10-18T07:36:10.000Z,1
2019-10-18T07:37:00.000Z,1
2019-10-18T07:54:42.000Z,1
2019-10-18T07:59:58.000Z,1
2019-10-18T08:15:35.000Z,1
2019-10-18T08:26:34.000Z,1
2019-10-18T08:33:43.000Z,2
2019-10-18T08:36:01.000Z,1
2019-10-18T08:44:26.000Z,2
2019-10-18T08:56:32.000Z,1
2019-10-18T09:01:01.000Z,1
2019-10-18T09:04:04.000Z,1
2019-10-18T10:07:15.000Z,1
2019-10-18T10:38:37.000Z,2
2019-10-18T11:17:26.000Z,1
2019-10-18T11:32:45.000Z,1
2019-10-18T11:39:05.000Z,1
2019-10-18T11:45:50.000Z,1
2019-10-18T11:49:39.000Z,1
2019-10-18T12:02:34.000Z,1
2019-10-18T12:24:50.000Z,2
2019-10-18T12:39:37.000Z,1
2019-10-18T12:51:36.000Z,1
2019-10-18T13:01:02.000Z,1
2019-10-18T13:11:44.000Z,1
2019-10-18T13:16:09.000Z,1
2019-10-18T13:16:15.000Z,1
2019-10-18T13:30:51.000Z,1
2019-10-18T14:46:46.000Z,1
2019-10-18T14:57:00.000Z,1
2019-10-18T15:02:07.000Z,1
2019-10-18T15:06:20.000Z,1
2019-10-18T15:28:08.000Z,1
2019-10-18T15:30:47.000Z,2
2019-10-18T16:11:40.000Z,1
2019-10-18T16:13:06.000Z,3
2019-10-18T16:31:22.000Z,1
2019-10-18T16:42:23.000Z,1
2019-10-18T17:06:18.000Z,3
2019-10-18T17:06:29.000Z,1
2019-10-18T17:36:14.000Z,2
2019-10-18T17:37:47.000Z,1
2019-10-18T17:41:10.000Z,2
2019-10-18T18:33:41.000Z,1
2019-10-18T18:35:52.000Z,1
2019-10-18T19:28:30.000Z,1
2019-10-18T20:12:38.000Z,1
2019-10-18T22:10:45.000Z,1
2019-10-18T22:37:16.000Z,1
2019-10-18T22:46:27.000Z,1
2019-10-18T22:56:49.000Z,1
2019-10-18T23:14:43.000Z,1
2019-10-18T23:36:13.000Z,1
2019-10-18T23:45:09.000Z,1
2019-10-14T14:43:24.000Z,1
2019-10-14T14:45:10.000Z,1
2019-10-14T15:03:25.000Z,1
2019-10-14T15:07:30.000Z,1
2019-10-14T15:20:19.000Z,1
2019-10-14T15:49:18.000Z,1
2019-10-14T15:59:39.000Z,1
2019-10-14T16:04:16.000Z,1
2019-10-14T16:19:07.000Z,1
2019-10-14T16:25:14.000Z,2
2019-10-14T16:46:25.000Z,1
2019-10-14T17:01:51.000Z,2
2019-10-14T17:21:41.000Z,1
2019-10-14T17:37:56.000Z,1
2019-10-14T17:40:47.000Z,1
2019-10-14T18:05:55.000Z,2
2019-10-14T18:10:36.000Z,1
2019-10-15T00:11:34.000Z,1
2019-10-15T08:19:56.000Z,3
2019-10-15T10:51:05.000Z,1
2019-10-14T16:37:13.000Z,2
2019-10-14T17:07:59.000Z,2
2019-10-14T17:27:15.000Z,1
2019-10-14T18:40:06.000Z,1
2019-10-14T18:46:53.000Z,1
2019-10-14T18:56:16.000Z,1
2019-10-14T19:06:22.000Z,1
2019-10-14T20:39:20.000Z,1
2019-10-14T20:48:52.000Z,1
2019-10-14T21:05:10.000Z,1
2019-10-14T21:45:37.000Z,1
2019-10-14T23:11:29.000Z,1
2019-10-15T05:44:01.000Z,1
2019-10-15T06:43:38.000Z,1
2019-10-15T07:17:46.000Z,1
2019-10-15T07:35:37.000Z,2
2019-10-15T07:51:32.000Z,1
2019-10-15T07:57:09.000Z,1
2019-10-15T07:57:30.000Z,2
2019-10-15T07:59:00.000Z,1
2019-10-15T08:05:35.000Z,2
2019-10-15T08:15:38.000Z,1
2019-10-15T08:33:43.000Z,2
2019-10-15T08:37:22.000Z,3
2019-10-15T08:40:36.000Z,1
2019-10-15T09:16:36.000Z,1
2019-10-15T09:26:40.000Z,1
2019-10-15T09:31:12.000Z,1
2019-10-15T10:35:58.000Z,1
2019-10-15T10:45:04.000Z,1
2019-10-15T11:47:08.000Z,1
2019-10-15T12:11:45.000Z,1
2019-10-15T12:16:22.000Z,1
2019-10-15T13:00:10.000Z,1
2019-10-15T13:19:10.000Z,1
2019-10-15T13:23:27.000Z,1
2019-10-15T13:55:34.000Z,1
2019-10-15T14:33:46.000Z,1
2019-10-15T14:46:23.000Z,1
2019-10-15T15:25:44.000Z,1
2019-10-15T15:45:36.000Z,1
2019-10-15T15:47:37.000Z,1
2019-10-15T16:09:04.000Z,1
2019-10-15T16:16:24.000Z,1
2019-10-15T16:24:41.000Z,1
2019-10-15T16:39:46.000Z,1
2019-10-15T17:04:30.000Z,1
2019-10-15T17:08:32.000Z,1
2019-10-15T17:17:21.000Z,1
2019-10-15T17:18:03.000Z,1
2019-10-15T17:25:10.000Z,1
2019-10-15T17:31:33.000Z,1
2019-10-15T17:33:21.000Z,2
2019-10-15T17:35:16.000Z,1
2019-10-15T17:39:41.000Z,1
2019-10-15T18:03:43.000Z,2
2019-10-15T18:20:02.000Z,1
2019-10-15T18:51:01.000Z,1
2019-10-15T19:44:52.000Z,1
2019-10-15T19:49:44.000Z,1
2019-10-15T19:50:08.000Z,1
2019-10-15T20:47:51.000Z,1
2019-10-15T20:53:05.000Z,1
2019-10-15T22:06:13.000Z,1
2019-10-15T22:28:16.000Z,1
2019-10-15T22:59:03.000Z,1
2019-10-16T05:22:33.000Z,1
2019-10-16T05:56:41.000Z,1
2019-10-16T06:49:44.000Z,2
2019-10-16T06:51:09.000Z,1
2019-10-16T06:53:35.000Z,1
2019-10-16T07:15:30.000Z,1
2019-10-16T07:15:40.000Z,1
2019-10-16T07:15:45.000Z,1
2019-10-16T07:17:17.000Z,1
2019-10-16T07:37:30.000Z,1
2019-10-16T07:57:31.000Z,1
2019-10-16T08:19:28.000Z,1
2019-10-16T08:27:22.000Z,2
2019-10-16T08:43:42.000Z,2
2019-10-16T08:49:49.000Z,1
2019-10-16T08:52:30.000Z,1
2019-10-16T08:57:27.000Z,1
2019-10-16T09:02:55.000Z,1
2019-10-16T09:16:04.000Z,1
2019-10-16T10:19:47.000Z,1
2019-10-16T11:35:00.000Z,1
2019-10-16T12:31:04.000Z,1
2019-10-16T12:41:55.000Z,1
2019-10-16T13:09:24.000Z,1
2019-10-16T13:25:30.000Z,1
2019-10-16T14:09:22.000Z,2
2019-10-16T14:13:12.000Z,1
2019-10-16T14:47:23.000Z,1
2019-10-16T14:48:51.000Z,1
2019-10-16T15:04:59.000Z,1
2019-10-16T16:08:15.000Z,1
2019-10-16T16:08:40.000Z,1
2019-10-16T16:19:18.000Z,1
2019-10-16T16:20:59.000Z,1
2019-10-16T16:27:27.000Z,1
2019-10-16T16:49:39.000Z,1
2019-10-16T17:06:30.000Z,2
2019-10-16T17:10:36.000Z,3
2019-10-16T17:11:02.000Z,2
2019-10-16T17:11:09.000Z,1
2019-10-16T17:20:57.000Z,1
2019-10-16T17:26:00.000Z,1
2019-10-16T17:51:52.000Z,1
2019-10-16T17:53:55.000Z,1
2019-10-16T18:04:16.000Z,2
2019-10-16T18:14:28.000Z,2
2019-10-16T18:24:23.000Z,1
2019-10-16T18:36:08.000Z,2
2019-10-16T18:57:30.000Z,1
2019-10-16T19:05:22.000Z,1
2019-10-16T19:11:19.000Z,1
2019-10-16T19:20:45.000Z,1
2019-10-16T19:31:53.000Z,1
2019-10-16T19:34:35.000Z,1
2019-10-16T19:36:34.000Z,1
2019-10-16T19:41:55.000Z,1
2019-10-16T19:53:53.000Z,1
2019-10-16T20:14:09.000Z,1
2019-10-16T20:26:13.000Z,1
2019-10-16T20:57:39.000Z,2
2019-10-16T22:39:49.000Z,1
2019-10-17T05:33:35.000Z,1
2019-10-17T06:08:11.000Z,1
2019-10-17T06:40:22.000Z,1
2019-10-17T06:44:06.000Z,1
2019-10-17T07:17:03.000Z,1
2019-10-17T07:41:01.000Z,1
2019-10-17T07:42:55.000Z,2
2019-10-17T07:46:03.000Z,1
2019-10-17T08:06:53.000Z,1
2019-10-17T08:07:15.000Z,1
2019-10-17T08:25:38.000Z,1
2019-10-17T09:39:39.000Z,1
2019-10-17T10:43:47.000Z,1
2019-10-17T11:06:57.000Z,1
2019-10-17T11:07:16.000Z,1
2019-10-17T12:09:22.000Z,2
2019-10-17T12:16:39.000Z,1
2019-10-17T12:46:10.000Z,1
2019-10-17T13:15:01.000Z,1
2019-10-17T13:19:39.000Z,2
2019-10-17T13:36:28.000Z,1
2019-10-17T13:43:54.000Z,1
2019-10-17T13:54:36.000Z,1
2019-10-17T13:57:39.000Z,1
2019-10-17T14:07:39.000Z,1
2019-10-17T14:31:18.000Z,1
2019-10-17T14:58:30.000Z,1
2019-10-17T15:59:52.000Z,1
2019-10-17T16:06:54.000Z,2
2019-10-17T16:06:52.000Z,1
2019-10-17T16:07:04.000Z,1
2019-10-17T16:14:53.000Z,1
2019-10-17T16:18:28.000Z,2
2019-10-17T16:39:03.000Z,2
2019-10-17T16:42:06.000Z,1
2019-10-17T16:42:53.000Z,1
2019-10-17T16:57:26.000Z,1
2019-10-17T17:04:59.000Z,1
2019-10-17T17:45:23.000Z,1
2019-10-17T17:54:16.000Z,1
2019-10-17T17:55:26.000Z,1
2019-10-17T18:05:44.000Z,2
2019-10-17T18:31:00.000Z,1
2019-10-17T18:36:47.000Z,2
2019-10-17T18:40:44.000Z,1
2019-10-17T18:58:27.000Z,1
2019-10-17T19:46:08.000Z,1
2019-10-17T20:13:20.000Z,1
2019-10-17T21:27:01.000Z,1
2019-10-17T21:27:12.000Z,1
2019-10-17T22:51:36.000Z,1
2019-10-17T23:07:10.000Z,1
2019-10-18T05:48:16.000Z,1
2019-10-18T06:26:28.000Z,1
2019-10-18T07:12:47.000Z,1
2019-10-18T07:24:42.000Z,2
2019-10-18T07:36:40.000Z,2
2019-10-18T08:27:26.000Z,1
2019-10-18T08:30:46.000Z,1
2019-10-18T08:35:58.000Z,1
2019-10-18T08:39:30.000Z,1
2019-10-18T08:45:27.000Z,1
2019-10-18T08:46:52.000Z,1
2019-10-18T08:50:53.000Z,1
2019-10-18T08:56:54.000Z,1
2019-10-18T08:57:35.000Z,1
2019-10-18T09:04:43.000Z,1
2019-10-18T09:11:40.000Z,1
2019-10-18T09:23:35.000Z,2
2019-10-18T09:27:10.000Z,1
2019-10-18T09:39:58.000Z,1
2019-10-18T10:46:11.000Z,1
2019-10-18T11:05:55.000Z,1
2019-10-18T11:20:37.000Z,1
2019-10-18T11:42:26.000Z,1
2019-10-18T12:43:12.000Z,1
2019-10-18T13:08:02.000Z,1
2019-10-18T13:26:08.000Z,1
2019-10-18T13:37:41.000Z,2
2019-10-18T14:05:56.000Z,1
2019-10-18T14:19:18.000Z,1
2019-10-18T14:21:30.000Z,1
2019-10-18T14:25:20.000Z,1
2019-10-18T14:45:33.000Z,1
2019-10-18T14:52:13.000Z,1
2019-10-18T15:04:06.000Z,1
2019-10-18T15:38:06.000Z,1
2019-10-18T15:38:01.000Z,1
2019-10-18T15:48:31.000Z,1
2019-10-18T15:51:32.000Z,1
2019-10-18T16:14:53.000Z,1
2019-10-18T16:24:18.000Z,1
2019-10-18T16:27:09.000Z,1
2019-10-18T16:41:28.000Z,1
2019-10-18T16:42:47.000Z,1
2019-10-18T17:06:13.000Z,2
2019-10-18T17:16:57.000Z,1
2019-10-18T17:18:16.000Z,2
2019-10-18T17:20:14.000Z,1
2019-10-18T17:32:56.000Z,1
2019-10-18T17:58:06.000Z,1
2019-10-18T18:32:08.000Z,2
2019-10-18T18:50:12.000Z,1
2019-10-18T18:54:58.000Z,1
2019-10-18T18:57:58.000Z,1
2019-10-18T19:09:34.000Z,1
2019-10-18T19:16:35.000Z,1
2019-10-18T20:03:00.000Z,1
2019-10-18T20:23:25.000Z,1
2019-10-18T20:36:02.000Z,1
2019-10-18T21:00:56.000Z,1
2019-10-18T22:22:00.000Z,1
2019-10-18T23:49:04.000Z,1
2019-10-14T14:36:44.000Z,1
2019-10-14T14:57:27.000Z,1
2019-10-14T15:03:50.000Z,1
2019-10-14T15:39:15.000Z,2
2019-10-14T15:43:01.000Z,1
2019-10-14T15:45:33.000Z,1
2019-10-14T16:12:04.000Z,1
2019-10-14T16:17:04.000Z,1
2019-10-14T16:32:46.000Z,1
2019-10-14T16:41:59.000Z,1
2019-10-14T16:57:54.000Z,2
2019-10-14T17:05:25.000Z,1
2019-10-14T17:59:16.000Z,1
2019-10-14T18:18:23.000Z,1
2019-10-14T16:40:58.000Z,1
2019-10-14T16:54:04.000Z,1
2019-10-14T17:08:01.000Z,2
2019-10-14T17:40:58.000Z,1
2019-10-14T18:03:49.000Z,3
2019-10-14T18:36:19.000Z,1
2019-10-14T18:40:09.000Z,1
2019-10-14T19:01:06.000Z,1
2019-10-14T19:22:22.000Z,1
2019-10-14T19:23:30.000Z,1
2019-10-14T20:02:12.000Z,1
2019-10-14T20:28:56.000Z,1
2019-10-14T21:22:49.000Z,1
2019-10-14T21:52:57.000Z,1
2019-10-14T22:02:01.000Z,1
2019-10-15T06:05:26.000Z,1
2019-10-15T07:00:31.000Z,2
2019-10-15T07:22:13.000Z,1
2019-10-15T07:25:46.000Z,1
2019-10-15T07:28:31.000Z,1
2019-10-15T07:45:25.000Z,2
2019-10-15T07:49:38.000Z,1
2019-10-15T07:51:06.000Z,1
2019-10-15T08:00:38.000Z,1
2019-10-15T08:06:37.000Z,1
2019-10-15T08:08:58.000Z,2
2019-10-15T08:21:49.000Z,1
2019-10-15T08:22:09.000Z,1
2019-10-15T08:22:35.000Z,2
2019-10-15T08:36:15.000Z,2
2019-10-15T08:47:59.000Z,1
2019-10-15T09:06:46.000Z,1
2019-10-15T09:14:56.000Z,1
2019-10-15T09:52:32.000Z,1
2019-10-15T10:36:07.000Z,1
2019-10-15T11:42:10.000Z,1
2019-10-15T11:43:59.000Z,1
2019-10-15T11:48:23.000Z,1
2019-10-15T12:25:50.000Z,1
2019-10-15T13:01:52.000Z,1
2019-10-15T13:03:05.000Z,1
2019-10-15T13:21:08.000Z,1
2019-10-15T13:28:20.000Z,1
2019-10-15T13:40:35.000Z,1
2019-10-15T14:03:08.000Z,1
2019-10-15T14:18:07.000Z,1
2019-10-15T14:57:47.000Z,2
2019-10-15T15:07:26.000Z,1
2019-10-15T15:11:27.000Z,1
2019-10-15T15:59:46.000Z,1
2019-10-15T16:08:50.000Z,1
2019-10-15T16:15:59.000Z,1
2019-10-15T16:21:59.000Z,1
2019-10-15T16:27:03.000Z,2
2019-10-15T16:50:54.000Z,1
2019-10-15T16:59:51.000Z,2
2019-10-15T17:04:40.000Z,2
2019-10-15T17:29:37.000Z,1
2019-10-15T17:51:37.000Z,1
2019-10-15T18:16:28.000Z,1
2019-10-15T18:18:50.000Z,1
2019-10-15T18:35:06.000Z,1
2019-10-15T18:36:52.000Z,1
2019-10-15T18:38:34.000Z,3
2019-10-15T18:55:45.000Z,1
2019-10-15T19:12:50.000Z,2
2019-10-15T19:14:43.000Z,1
2019-10-15T19:26:01.000Z,2
2019-10-15T20:15:57.000Z,1
2019-10-15T20:53:00.000Z,1
2019-10-15T21:38:55.000Z,1
2019-10-15T22:16:54.000Z,1
2019-10-16T00:19:13.000Z,1
2019-10-16T05:52:24.000Z,1
2019-10-16T06:15:50.000Z,2
2019-10-16T06:57:16.000Z,1
2019-10-16T07:12:43.000Z,2
2019-10-16T08:13:45.000Z,1
2019-10-16T08:33:07.000Z,2
2019-10-16T08:53:21.000Z,1
2019-10-16T08:55:22.000Z,1
2019-10-16T09:02:44.000Z,1
2019-10-16T09:05:57.000Z,1
2019-10-16T09:17:16.000Z,1
2019-10-16T09:22:42.000Z,1
2019-10-16T10:36:49.000Z,1
2019-10-16T10:54:39.000Z,1
2019-10-16T11:06:53.000Z,1
2019-10-16T11:23:46.000Z,1
2019-10-16T11:31:32.000Z,1
2019-10-16T11:43:29.000Z,1
2019-10-16T12:03:12.000Z,1
2019-10-16T12:13:51.000Z,1
2019-10-16T12:18:52.000Z,1
2019-10-16T12:24:36.000Z,1
2019-10-16T12:27:55.000Z,1
2019-10-16T13:41:32.000Z,1
2019-10-16T13:46:54.000Z,1
2019-10-16T14:24:35.000Z,1
2019-10-16T14:40:01.000Z,1
2019-10-16T15:05:27.000Z,1
2019-10-16T15:41:32.000Z,1
2019-10-16T15:59:35.000Z,1
2019-10-16T16:13:39.000Z,1
2019-10-16T16:16:18.000Z,1
2019-10-16T16:44:24.000Z,2
2019-10-16T16:45:53.000Z,1
2019-10-16T16:46:25.000Z,1
2019-10-16T16:47:59.000Z,1
2019-10-16T17:05:01.000Z,2
2019-10-16T17:10:06.000Z,2
2019-10-16T17:10:30.000Z,1
2019-10-16T17:12:52.000Z,1
2019-10-16T17:21:20.000Z,1
2019-10-16T17:33:32.000Z,1
2019-10-16T17:48:53.000Z,1
2019-10-16T17:56:51.000Z,1
2019-10-16T18:02:16.000Z,1
2019-10-16T18:16:52.000Z,1
2019-10-16T18:38:31.000Z,3
2019-10-16T18:43:46.000Z,1
2019-10-16T19:12:09.000Z,1
2019-10-16T19:12:15.000Z,1
2019-10-16T19:37:53.000Z,1
2019-10-16T20:12:54.000Z,1
2019-10-16T20:19:19.000Z,1
2019-10-16T20:55:30.000Z,1
2019-10-16T21:34:25.000Z,1
2019-10-16T22:03:02.000Z,1
2019-10-17T03:28:35.000Z,1
2019-10-17T06:44:54.000Z,1
2019-10-17T07:09:59.000Z,1
2019-10-17T07:16:51.000Z,1
2019-10-17T07:32:54.000Z,1
2019-10-17T08:07:46.000Z,1
2019-10-17T08:08:05.000Z,1
2019-10-17T08:08:04.000Z,1
2019-10-17T08:08:22.000Z,1
2019-10-17T08:09:48.000Z,2
2019-10-17T08:28:22.000Z,1
2019-10-17T08:29:38.000Z,1
2019-10-17T08:31:03.000Z,1
2019-10-17T08:45:18.000Z,1
2019-10-17T08:50:32.000Z,1
2019-10-17T09:22:17.000Z,1
2019-10-17T09:32:16.000Z,1
2019-10-17T10:42:26.000Z,2
2019-10-17T11:39:52.000Z,1
2019-10-17T11:48:44.000Z,1
2019-10-17T12:24:40.000Z,1
2019-10-17T12:43:17.000Z,1
2019-10-17T12:58:45.000Z,1
2019-10-17T13:13:38.000Z,1
2019-10-17T13:38:56.000Z,1
2019-10-17T13:48:03.000Z,1
2019-10-17T14:32:45.000Z,1
2019-10-17T14:52:25.000Z,1
2019-10-17T15:13:58.000Z,1
2019-10-17T15:38:01.000Z,1
2019-10-17T16:08:34.000Z,1
2019-10-17T16:30:13.000Z,2
2019-10-17T16:34:14.000Z,1
2019-10-17T16:37:19.000Z,3
2019-10-17T16:49:17.000Z,1
2019-10-17T16:57:58.000Z,1
2019-10-17T16:58:36.000Z,1
2019-10-17T17:08:26.000Z,1
2019-10-17T17:16:15.000Z,1
2019-10-17T17:21:01.000Z,1
2019-10-17T17:23:03.000Z,1
2019-10-17T17:25:09.000Z,1
2019-10-17T17:31:04.000Z,1
2019-10-17T17:42:45.000Z,1
2019-10-17T17:44:13.000Z,1
2019-10-17T17:49:50.000Z,3
2019-10-17T17:53:22.000Z,1
2019-10-17T18:07:07.000Z,2
2019-10-17T18:24:32.000Z,1
2019-10-17T18:30:26.000Z,1
2019-10-17T18:32:35.000Z,1
2019-10-17T18:52:46.000Z,1
2019-10-17T18:58:34.000Z,1
2019-10-17T19:21:01.000Z,1
2019-10-17T20:06:29.000Z,1
2019-10-17T20:27:44.000Z,1
2019-10-17T20:34:55.000Z,1
2019-10-17T21:18:01.000Z,1
2019-10-17T21:47:22.000Z,1
2019-10-18T00:24:28.000Z,1
2019-10-18T04:37:20.000Z,1
2019-10-18T06:19:31.000Z,2
2019-10-18T06:39:16.000Z,1
2019-10-18T06:46:15.000Z,1
2019-10-18T06:50:36.000Z,1
2019-10-18T07:12:14.000Z,1
2019-10-18T07:30:47.000Z,1
2019-10-18T07:38:35.000Z,1
2019-10-18T07:38:57.000Z,3
2019-10-18T07:42:42.000Z,1
2019-10-18T08:00:57.000Z,1
2019-10-18T08:05:13.000Z,1
2019-10-18T08:06:16.000Z,1
2019-10-18T08:11:34.000Z,1
2019-10-18T08:33:55.000Z,2
2019-10-18T08:45:59.000Z,1
2019-10-18T08:46:57.000Z,1
2019-10-18T08:57:01.000Z,1
2019-10-18T09:19:56.000Z,2
2019-10-18T09:34:27.000Z,1
2019-10-18T09:43:57.000Z,1
2019-10-18T10:30:58.000Z,1
2019-10-18T11:09:44.000Z,1
2019-10-18T11:20:17.000Z,1
2019-10-18T11:53:25.000Z,2
2019-10-18T12:03:31.000Z,1
2019-10-18T12:08:14.000Z,1
2019-10-18T12:18:31.000Z,1
2019-10-18T12:52:57.000Z,1
2019-10-18T12:55:09.000Z,1
2019-10-18T12:56:59.000Z,1
2019-10-18T13:35:29.000Z,1
2019-10-18T13:40:55.000Z,1
2019-10-18T13:48:47.000Z,1
2019-10-18T13:57:13.000Z,1
2019-10-18T14:47:29.000Z,1
2019-10-18T15:19:56.000Z,1
2019-10-18T15:28:25.000Z,1
2019-10-18T15:28:28.000Z,1
2019-10-18T15:34:04.000Z,3
2019-10-18T15:35:28.000Z,1
2019-10-18T15:40:51.000Z,1
2019-10-18T16:16:24.000Z,1
2019-10-18T16:22:26.000Z,2
2019-10-18T16:27:21.000Z,1
2019-10-18T16:28:53.000Z,1
2019-10-18T16:39:58.000Z,2
2019-10-18T16:50:42.000Z,2
2019-10-18T17:01:05.000Z,1
2019-10-18T17:14:18.000Z,2
2019-10-18T17:17:28.000Z,1
2019-10-18T17:18:07.000Z,2
2019-10-18T17:19:19.000Z,1
2019-10-18T17:24:32.000Z,1
2019-10-18T17:24:45.000Z,2
2019-10-18T17:28:36.000Z,1
2019-10-18T17:46:52.000Z,1
2019-10-18T17:50:23.000Z,1
2019-10-18T18:01:00.000Z,1
2019-10-18T18:05:07.000Z,1
2019-10-18T18:17:37.000Z,1
2019-10-18T18:36:47.000Z,1
2019-10-18T18:37:05.000Z,2
2019-10-18T18:45:51.000Z,1
2019-10-18T19:18:15.000Z,2
2019-10-18T19:53:59.000Z,1
2019-10-18T22:08:34.000Z,1
2019-10-18T22:57:55.000Z,1
2019-10-14T14:38:38.000Z,1
2019-10-14T14:49:03.000Z,2
2019-10-14T15:27:26.000Z,1
2019-10-14T15:41:29.000Z,1
2019-10-14T15:51:34.000Z,1
2019-10-14T16:00:17.000Z,1
2019-10-14T16:23:37.000Z,1
2019-10-14T16:24:46.000Z,2
2019-10-14T16:39:59.000Z,3
2019-10-14T16:42:52.000Z,1
2019-10-14T17:04:59.000Z,1
2019-10-14T17:06:59.000Z,2
2019-10-14T17:08:56.000Z,1
2019-10-14T17:18:33.000Z,2
2019-10-14T17:24:24.000Z,1
2019-10-14T18:12:59.000Z,2
2019-10-14T19:00:14.000Z,1
2019-10-14T21:57:19.000Z,1
2019-10-14T23:38:44.000Z,1
2019-10-14T16:10:08.000Z,1
2019-10-14T17:36:32.000Z,2
2019-10-14T17:39:04.000Z,2
2019-10-14T17:51:07.000Z,1
2019-10-14T17:57:01.000Z,2
2019-10-14T18:23:13.000Z,1
2019-10-14T18:36:00.000Z,1
2019-10-14T18:56:12.000Z,1
2019-10-14T19:25:30.000Z,1
2019-10-14T19:42:16.000Z,1
2019-10-14T21:04:35.000Z,1
2019-10-14T21:06:29.000Z,1
2019-10-14T21:09:32.000Z,1
2019-10-14T21:25:06.000Z,1
2019-10-14T22:43:12.000Z,1
2019-10-15T02:17:21.000Z,1
2019-10-15T06:19:50.000Z,1
2019-10-15T06:30:36.000Z,1
2019-10-15T06:41:36.000Z,1
2019-10-15T07:23:51.000Z,1
2019-10-15T07:27:58.000Z,2
2019-10-15T07:29:00.000Z,1
2019-10-15T07:41:04.000Z,1
2019-10-15T07:52:24.000Z,2
2019-10-15T07:57:37.000Z,1
2019-10-15T08:10:01.000Z,2
2019-10-15T08:18:41.000Z,1
2019-10-15T08:38:08.000Z,2
2019-10-15T08:44:26.000Z,1
2019-10-15T08:50:53.000Z,2
2019-10-15T08:55:38.000Z,2
2019-10-15T08:56:01.000Z,1
2019-10-15T08:58:24.000Z,1
2019-10-15T11:49:50.000Z,1
2019-10-15T12:06:23.000Z,1
2019-10-15T12:27:50.000Z,1
2019-10-15T12:55:55.000Z,1
2019-10-15T13:00:36.000Z,1
2019-10-15T13:14:32.000Z,1
2019-10-15T13:40:30.000Z,1
2019-10-15T14:01:40.000Z,1
2019-10-15T14:10:13.000Z,1
2019-10-15T15:42:00.000Z,1
2019-10-15T15:45:42.000Z,1
2019-10-15T15:48:36.000Z,1
2019-10-15T15:55:23.000Z,1
2019-10-15T15:58:09.000Z,2
2019-10-15T16:00:29.000Z,1
2019-10-15T16:21:38.000Z,1
2019-10-15T16:28:26.000Z,1
2019-10-15T16:29:48.000Z,1
2019-10-15T16:34:46.000Z,1
2019-10-15T16:38:57.000Z,2
2019-10-15T16:45:52.000Z,1
2019-10-15T17:08:10.000Z,1
2019-10-15T17:11:16.000Z,1
2019-10-15T17:19:50.000Z,1
2019-10-15T17:41:12.000Z,1
2019-10-15T17:41:42.000Z,1
2019-10-15T17:48:16.000Z,2
2019-10-15T17:48:10.000Z,1
2019-10-15T17:53:30.000Z,1
2019-10-15T18:49:02.000Z,1
2019-10-15T18:55:01.000Z,1
2019-10-15T19:09:57.000Z,1
2019-10-15T19:23:35.000Z,1
2019-10-15T19:28:23.000Z,1
2019-10-15T20:18:15.000Z,1
2019-10-15T20:28:29.000Z,1
2019-10-15T20:32:27.000Z,1
2019-10-15T21:06:08.000Z,1
2019-10-15T21:36:04.000Z,1
2019-10-15T23:16:39.000Z,1
2019-10-16T03:45:46.000Z,1
2019-10-16T05:17:37.000Z,1
2019-10-16T05:34:24.000Z,1
2019-10-16T06:13:41.000Z,1
2019-10-16T06:17:07.000Z,1
2019-10-16T06:24:00.000Z,1
2019-10-16T07:06:39.000Z,1
2019-10-16T07:49:51.000Z,1
2019-10-16T07:51:52.000Z,1
2019-10-16T08:04:46.000Z,1
2019-10-16T08:18:39.000Z,1
2019-10-16T08:20:54.000Z,1
2019-10-16T08:23:08.000Z,1
2019-10-16T08:57:30.000Z,1
2019-10-16T09:15:41.000Z,1
2019-10-16T09:23:56.000Z,1
2019-10-16T09:29:46.000Z,1
2019-10-16T09:35:51.000Z,1
2019-10-16T09:48:17.000Z,1
2019-10-16T09:57:58.000Z,1
2019-10-16T10:51:53.000Z,1
2019-10-16T11:25:39.000Z,1
2019-10-16T11:49:26.000Z,1
2019-10-16T11:50:33.000Z,1
2019-10-16T12:38:10.000Z,1
2019-10-16T14:04:33.000Z,1
2019-10-16T15:32:19.000Z,1
2019-10-16T15:35:09.000Z,2
2019-10-16T16:09:42.000Z,1
2019-10-16T16:23:21.000Z,1
2019-10-16T16:36:29.000Z,2
2019-10-16T16:50:50.000Z,1
2019-10-16T16:51:23.000Z,1
2019-10-16T16:57:48.000Z,1
2019-10-16T17:06:20.000Z,1
2019-10-16T17:22:33.000Z,1
2019-10-16T17:31:04.000Z,1
2019-10-16T17:34:08.000Z,1
2019-10-16T17:53:30.000Z,1
2019-10-16T18:34:50.000Z,1
2019-10-16T18:35:01.000Z,1
2019-10-16T18:52:49.000Z,2
2019-10-16T19:29:26.000Z,1
2019-10-16T19:31:12.000Z,1
2019-10-16T19:42:02.000Z,1
2019-10-16T20:04:34.000Z,1
2019-10-16T21:42:50.000Z,1
2019-10-17T04:56:18.000Z,1
2019-10-17T05:53:07.000Z,2
2019-10-17T06:12:50.000Z,1
2019-10-17T06:45:05.000Z,1
2019-10-17T06:48:28.000Z,1
2019-10-17T06:52:43.000Z,1
2019-10-17T06:57:04.000Z,1
2019-10-17T06:57:13.000Z,1
2019-10-17T07:08:53.000Z,1
2019-10-17T07:28:10.000Z,1
2019-10-17T07:32:35.000Z,1
2019-10-17T07:40:24.000Z,1
2019-10-17T07:43:05.000Z,1
2019-10-17T07:52:46.000Z,1
2019-10-17T07:53:44.000Z,1
2019-10-17T07:56:30.000Z,1
2019-10-17T08:04:14.000Z,2
2019-10-17T08:05:15.000Z,2
2019-10-17T08:14:41.000Z,1
2019-10-17T08:17:08.000Z,2
2019-10-17T08:24:28.000Z,1
2019-10-17T08:47:43.000Z,1
2019-10-17T08:55:13.000Z,1
2019-10-17T09:16:26.000Z,1
2019-10-17T09:16:37.000Z,1
2019-10-17T09:34:11.000Z,1
2019-10-17T09:37:37.000Z,1
2019-10-17T09:54:32.000Z,1
2019-10-17T10:06:04.000Z,1
2019-10-17T10:10:02.000Z,1
2019-10-17T10:31:53.000Z,1
2019-10-17T10:36:32.000Z,1
2019-10-17T11:20:14.000Z,1
2019-10-17T12:04:00.000Z,1
2019-10-17T12:18:24.000Z,1
2019-10-17T13:05:43.000Z,1
2019-10-17T13:43:29.000Z,1
2019-10-17T14:06:25.000Z,1
2019-10-17T14:15:25.000Z,1
2019-10-17T14:59:04.000Z,2
2019-10-17T15:22:48.000Z,1
2019-10-17T15:42:05.000Z,1
2019-10-17T16:05:30.000Z,1
2019-10-17T16:18:36.000Z,1
2019-10-17T16:40:18.000Z,1
2019-10-17T16:59:25.000Z,1
2019-10-17T17:08:39.000Z,1
2019-10-17T17:11:27.000Z,2
2019-10-17T17:18:27.000Z,1
2019-10-17T17:19:57.000Z,1
2019-10-17T17:50:15.000Z,1
2019-10-17T18:03:40.000Z,4
2019-10-17T18:21:55.000Z,1
2019-10-17T18:25:13.000Z,3
2019-10-17T18:56:00.000Z,2
2019-10-17T19:36:15.000Z,1
2019-10-17T20:10:09.000Z,1
2019-10-17T20:34:30.000Z,1
2019-10-17T20:47:02.000Z,1
2019-10-17T20:55:14.000Z,1
2019-10-17T22:42:17.000Z,1
2019-10-17T22:58:38.000Z,1
2019-10-18T00:22:26.000Z,1
2019-10-18T06:34:52.000Z,1
2019-10-18T06:43:50.000Z,2
2019-10-18T06:44:33.000Z,1
2019-10-18T07:26:54.000Z,1
2019-10-18T07:35:48.000Z,1
2019-10-18T07:39:59.000Z,1
2019-10-18T07:42:01.000Z,1
2019-10-18T07:46:58.000Z,1
2019-10-18T07:54:00.000Z,1
2019-10-18T08:12:37.000Z,3
2019-10-18T08:16:56.000Z,1
2019-10-18T08:43:42.000Z,1
2019-10-18T08:47:29.000Z,1
2019-10-18T09:12:00.000Z,1
2019-10-18T09:12:14.000Z,1
2019-10-18T10:01:09.000Z,2
2019-10-18T10:56:57.000Z,1
2019-10-18T10:57:03.000Z,1
2019-10-18T11:15:03.000Z,1
2019-10-18T11:30:47.000Z,2
2019-10-18T12:00:14.000Z,2
2019-10-18T12:07:33.000Z,1
2019-10-18T12:16:17.000Z,1
2019-10-18T12:16:34.000Z,1
2019-10-18T12:20:47.000Z,1
2019-10-18T12:44:07.000Z,1
2019-10-18T12:45:06.000Z,1
2019-10-18T12:54:44.000Z,1
2019-10-18T13:16:05.000Z,1
2019-10-18T13:32:30.000Z,1
2019-10-18T13:32:44.000Z,1
2019-10-18T13:33:18.000Z,1
2019-10-18T13:49:15.000Z,1
2019-10-18T13:57:40.000Z,1
2019-10-18T14:04:45.000Z,1
2019-10-18T14:06:50.000Z,1
2019-10-18T14:07:48.000Z,2
2019-10-18T14:09:41.000Z,1
2019-10-18T14:19:34.000Z,1
2019-10-18T14:23:30.000Z,1
2019-10-18T14:28:43.000Z,2
2019-10-18T14:41:20.000Z,1
2019-10-18T14:56:43.000Z,1
2019-10-18T15:01:18.000Z,1
2019-10-18T16:04:54.000Z,1
2019-10-18T16:14:17.000Z,1
2019-10-18T16:25:54.000Z,2
2019-10-18T16:34:04.000Z,2
2019-10-18T16:39:11.000Z,1
2019-10-18T16:46:24.000Z,2
2019-10-18T16:49:16.000Z,1
2019-10-18T16:50:51.000Z,1
2019-10-18T17:00:32.000Z,1
2019-10-18T17:15:32.000Z,3
2019-10-18T17:22:35.000Z,1
2019-10-18T17:39:12.000Z,1
2019-10-18T18:33:13.000Z,1
2019-10-18T18:43:53.000Z,1
2019-10-18T18:48:20.000Z,1
2019-10-18T19:08:28.000Z,1
2019-10-18T20:20:32.000Z,1
2019-10-18T20:54:46.000Z,1
2019-10-18T22:34:39.000Z,1
2019-10-14T14:53:52.000Z,1
2019-10-14T14:54:43.000Z,1
2019-10-14T15:04:40.000Z,1
2019-10-14T15:27:05.000Z,1
2019-10-14T15:29:41.000Z,1
2019-10-14T16:04:03.000Z,1
2019-10-14T16:24:48.000Z,1
2019-10-14T17:22:02.000Z,2
2019-10-14T17:24:29.000Z,2
2019-10-14T17:29:40.000Z,1
2019-10-14T17:43:34.000Z,1
2019-10-14T18:53:15.000Z,1
2019-10-14T22:28:35.000Z,1
2019-10-15T05:35:28.000Z,1
2019-10-15T06:32:56.000Z,2
2019-10-15T13:43:23.000Z,1
2019-10-14T18:14:05.000Z,1
2019-10-14T18:55:38.000Z,1
2019-10-14T19:03:08.000Z,1
2019-10-14T19:42:10.000Z,1
2019-10-14T19:44:40.000Z,1
2019-10-14T20:22:54.000Z,1
2019-10-14T20:48:39.000Z,1
2019-10-14T20:54:38.000Z,1
2019-10-14T22:41:32.000Z,2
2019-10-15T07:13:10.000Z,2
2019-10-15T07:20:27.000Z,1
2019-10-15T07:44:11.000Z,2
2019-10-15T07:47:53.000Z,1
2019-10-15T08:10:45.000Z,1
2019-10-15T08:21:47.000Z,3
2019-10-15T08:40:06.000Z,1
2019-10-15T09:12:59.000Z,1
2019-10-15T09:17:36.000Z,2
2019-10-15T09:17:44.000Z,2
2019-10-15T09:42:19.000Z,1
2019-10-15T09:48:56.000Z,1
2019-10-15T09:50:10.000Z,1
2019-10-15T10:23:44.000Z,1
2019-10-15T10:23:58.000Z,1
2019-10-15T10:58:23.000Z,1
2019-10-15T11:07:42.000Z,1
2019-10-15T11:20:56.000Z,1
2019-10-15T11:33:20.000Z,1
2019-10-15T11:56:02.000Z,1
2019-10-15T12:12:31.000Z,1
2019-10-15T13:23:25.000Z,2
2019-10-15T14:05:06.000Z,2
2019-10-15T14:31:50.000Z,1
2019-10-15T14:37:51.000Z,1
2019-10-15T14:44:47.000Z,1
2019-10-15T14:47:56.000Z,1
2019-10-15T15:00:59.000Z,1
2019-10-15T15:07:30.000Z,1
2019-10-15T15:22:14.000Z,1
2019-10-15T15:34:17.000Z,1
2019-10-15T15:35:53.000Z,1
2019-10-15T15:37:02.000Z,1
2019-10-15T15:45:19.000Z,1
2019-10-15T16:03:47.000Z,1
2019-10-15T16:05:50.000Z,1
2019-10-15T16:05:55.000Z,2
2019-10-15T16:13:03.000Z,1
2019-10-15T16:17:44.000Z,1
2019-10-15T16:28:33.000Z,1
2019-10-15T16:41:46.000Z,1
2019-10-15T17:04:38.000Z,1
2019-10-15T17:16:28.000Z,1
2019-10-15T17:18:04.000Z,1
2019-10-15T17:19:22.000Z,1
2019-10-15T17:39:30.000Z,1
2019-10-15T17:42:04.000Z,1
2019-10-15T17:49:55.000Z,1
2019-10-15T18:05:21.000Z,1
2019-10-15T18:16:06.000Z,1
2019-10-15T18:17:57.000Z,1
2019-10-15T18:22:49.000Z,1
2019-10-15T18:50:47.000Z,1
2019-10-15T19:32:24.000Z,1
2019-10-15T19:42:32.000Z,1
2019-10-15T19:47:18.000Z,1
2019-10-15T20:35:58.000Z,1
2019-10-15T22:06:15.000Z,1
2019-10-15T22:58:44.000Z,1
2019-10-16T03:03:53.000Z,1
2019-10-16T06:21:34.000Z,1
2019-10-16T06:47:12.000Z,1
2019-10-16T07:19:45.000Z,1
2019-10-16T07:40:14.000Z,2
2019-10-16T07:41:15.000Z,2
2019-10-16T07:41:47.000Z,1
2019-10-16T07:44:08.000Z,1
2019-10-16T07:50:31.000Z,1
2019-10-16T08:27:20.000Z,1
2019-10-16T08:36:49.000Z,1
2019-10-16T08:42:49.000Z,1
2019-10-16T09:55:11.000Z,1
2019-10-16T10:06:35.000Z,1
2019-10-16T10:41:59.000Z,1
2019-10-16T11:29:05.000Z,1
2019-10-16T11:37:26.000Z,1
2019-10-16T12:58:16.000Z,1
2019-10-16T13:32:46.000Z,1
2019-10-16T13:40:31.000Z,1
2019-10-16T15:17:59.000Z,1
2019-10-16T15:37:26.000Z,1
2019-10-16T15:50:52.000Z,1
2019-10-16T15:59:46.000Z,1
2019-10-16T16:14:08.000Z,1
2019-10-16T16:50:53.000Z,1
2019-10-16T17:18:54.000Z,1
2019-10-16T17:22:37.000Z,1
2019-10-16T17:24:40.000Z,1
2019-10-16T17:36:11.000Z,2
2019-10-16T17:59:18.000Z,1
2019-10-16T18:12:03.000Z,1
2019-10-16T19:03:15.000Z,1
2019-10-16T19:24:58.000Z,1
2019-10-16T19:39:40.000Z,1
2019-10-16T19:57:56.000Z,1
2019-10-16T20:22:11.000Z,1
2019-10-16T21:13:34.000Z,1
2019-10-17T05:32:12.000Z,1
2019-10-17T05:48:42.000Z,1
2019-10-17T05:54:49.000Z,1
2019-10-17T05:56:31.000Z,1
2019-10-17T05:59:52.000Z,1
2019-10-17T07:14:31.000Z,1
2019-10-17T07:47:16.000Z,1
2019-10-17T07:49:11.000Z,2
2019-10-17T07:50:57.000Z,1
2019-10-17T07:53:45.000Z,1
2019-10-17T08:08:17.000Z,2
2019-10-17T08:47:16.000Z,1
2019-10-17T08:48:16.000Z,1
2019-10-17T08:56:47.000Z,2
2019-10-17T09:06:35.000Z,2
2019-10-17T09:06:57.000Z,1
2019-10-17T09:35:14.000Z,1
2019-10-17T10:41:48.000Z,1
2019-10-17T10:46:59.000Z,1
2019-10-17T11:45:25.000Z,1
2019-10-17T13:38:55.000Z,1
2019-10-17T13:39:30.000Z,1
2019-10-17T14:14:42.000Z,2
2019-10-17T14:17:41.000Z,1
2019-10-17T14:37:29.000Z,1
2019-10-17T14:37:52.000Z,1
2019-10-17T15:12:17.000Z,1
2019-10-17T15:31:41.000Z,1
2019-10-17T15:43:56.000Z,1
2019-10-17T15:50:05.000Z,1
2019-10-17T15:50:51.000Z,1
2019-10-17T16:05:15.000Z,1
2019-10-17T16:12:57.000Z,1
2019-10-17T16:22:28.000Z,1
2019-10-17T16:40:38.000Z,1
2019-10-17T16:50:33.000Z,2
2019-10-17T17:02:58.000Z,1
2019-10-17T17:11:41.000Z,1
2019-10-17T17:17:45.000Z,1
2019-10-17T17:25:33.000Z,1
2019-10-17T18:00:23.000Z,1
2019-10-17T18:07:36.000Z,1
2019-10-17T18:14:35.000Z,1
2019-10-17T18:22:33.000Z,3
2019-10-17T18:24:00.000Z,1
2019-10-17T18:27:42.000Z,1
2019-10-17T21:32:39.000Z,1
2019-10-17T21:54:42.000Z,1
2019-10-18T05:47:26.000Z,1
2019-10-18T06:44:31.000Z,1
2019-10-18T06:47:23.000Z,2
2019-10-18T07:13:11.000Z,1
2019-10-18T07:28:06.000Z,1
2019-10-18T08:04:07.000Z,1
2019-10-18T08:15:23.000Z,2
2019-10-18T08:41:07.000Z,1
2019-10-18T08:48:11.000Z,1
2019-10-18T08:50:13.000Z,2
2019-10-18T09:40:35.000Z,1
2019-10-18T09:46:59.000Z,1
2019-10-18T10:18:51.000Z,1
2019-10-18T10:57:29.000Z,1
2019-10-18T12:03:56.000Z,1
2019-10-18T12:09:18.000Z,1
2019-10-18T12:19:01.000Z,1
2019-10-18T12:28:20.000Z,1
2019-10-18T12:42:33.000Z,1
2019-10-18T12:48:02.000Z,3
2019-10-18T13:49:52.000Z,1
2019-10-18T13:55:36.000Z,1
2019-10-18T14:11:58.000Z,1
2019-10-18T14:19:35.000Z,1
2019-10-18T14:39:12.000Z,2
2019-10-18T14:54:32.000Z,1
2019-10-18T14:55:57.000Z,2
2019-10-18T15:10:16.000Z,1
2019-10-18T15:12:11.000Z,1
2019-10-18T15:36:23.000Z,1
2019-10-18T15:38:09.000Z,1
2019-10-18T15:45:42.000Z,2
2019-10-18T15:54:05.000Z,1
2019-10-18T16:45:20.000Z,1
2019-10-18T16:49:48.000Z,2
2019-10-18T16:59:36.000Z,1
2019-10-18T17:03:17.000Z,1
2019-10-18T17:03:31.000Z,1
2019-10-18T17:15:42.000Z,2
2019-10-18T17:27:59.000Z,2
2019-10-18T17:52:15.000Z,2
2019-10-18T17:55:57.000Z,1
2019-10-18T18:03:36.000Z,1
2019-10-18T18:10:49.000Z,1
2019-10-18T18:57:02.000Z,1
2019-10-18T19:02:48.000Z,3
2019-10-18T19:26:46.000Z,1
2019-10-18T19:43:50.000Z,1
2019-10-18T19:57:23.000Z,1
2019-10-18T20:03:46.000Z,1
2019-10-18T20:59:39.000Z,1
2019-10-18T21:15:03.000Z,1
2019-10-18T22:51:22.000Z,1
2019-10-18T23:19:26.000Z,1
2019-10-14T14:58:18.000Z,1
2019-10-14T15:42:54.000Z,1
2019-10-14T15:47:34.000Z,1
2019-10-14T15:50:17.000Z,1
2019-10-14T15:52:40.000Z,1
2019-10-14T16:24:10.000Z,2
2019-10-14T16:28:16.000Z,1
2019-10-14T16:34:21.000Z,3
2019-10-14T16:49:41.000Z,1
2019-10-14T16:50:56.000Z,1
2019-10-14T17:17:14.000Z,2
2019-10-14T17:18:14.000Z,2
2019-10-14T17:23:10.000Z,1
2019-10-14T17:23:25.000Z,1
2019-10-14T17:30:30.000Z,2
2019-10-14T17:37:03.000Z,2
2019-10-14T17:42:12.000Z,1
2019-10-14T18:21:16.000Z,1
2019-10-14T19:40:43.000Z,1
2019-10-15T07:02:15.000Z,1
2019-10-15T08:27:39.000Z,2
2019-10-15T16:38:59.000Z,1
2019-10-14T17:01:46.000Z,1
2019-10-14T17:27:57.000Z,2
2019-10-14T17:34:53.000Z,2
2019-10-14T17:53:29.000Z,2
2019-10-14T18:42:52.000Z,1
2019-10-14T19:55:10.000Z,1
2019-10-14T20:13:33.000Z,1
2019-10-14T20:22:31.000Z,1
2019-10-14T20:36:15.000Z,1
2019-10-14T21:29:51.000Z,1
2019-10-14T21:29:54.000Z,1
2019-10-14T21:57:47.000Z,1
2019-10-15T06:27:59.000Z,1
2019-10-15T07:15:52.000Z,1
2019-10-15T07:17:09.000Z,1
2019-10-15T07:34:00.000Z,1
2019-10-15T07:49:39.000Z,1
2019-10-15T07:50:28.000Z,3
2019-10-15T07:55:31.000Z,2
2019-10-15T08:19:14.000Z,2
2019-10-15T08:34:39.000Z,1
2019-10-15T08:54:09.000Z,1
2019-10-15T09:05:57.000Z,1
2019-10-15T09:55:52.000Z,2
2019-10-15T10:45:20.000Z,1
2019-10-15T11:06:09.000Z,1
2019-10-15T11:34:52.000Z,1
2019-10-15T11:56:59.000Z,1
2019-10-15T12:07:22.000Z,1
2019-10-15T12:53:56.000Z,1
2019-10-15T14:34:49.000Z,1
2019-10-15T15:18:11.000Z,1
2019-10-15T16:11:29.000Z,1
2019-10-15T16:44:31.000Z,1
2019-10-15T16:47:48.000Z,1
2019-10-15T16:53:08.000Z,2
2019-10-15T17:00:54.000Z,1
2019-10-15T17:02:40.000Z,1
2019-10-15T17:17:22.000Z,1
2019-10-15T17:20:36.000Z,1
2019-10-15T17:18:47.000Z,1
2019-10-15T18:04:25.000Z,1
2019-10-15T18:24:54.000Z,1
2019-10-15T18:40:28.000Z,1
2019-10-15T18:56:16.000Z,1
2019-10-15T19:13:06.000Z,1
2019-10-15T19:13:44.000Z,1
2019-10-15T20:12:14.000Z,1
2019-10-15T20:23:41.000Z,1
2019-10-15T20:31:28.000Z,1
2019-10-15T21:19:46.000Z,1
2019-10-15T21:20:49.000Z,1
2019-10-15T21:35:10.000Z,1
2019-10-15T22:06:31.000Z,1
2019-10-15T22:40:23.000Z,1
2019-10-16T05:31:19.000Z,1
2019-10-16T05:51:20.000Z,1
2019-10-16T06:11:05.000Z,1
2019-10-16T06:40:24.000Z,1
2019-10-16T06:44:46.000Z,2
2019-10-16T06:46:55.000Z,1
2019-10-16T06:48:10.000Z,1
2019-10-16T06:49:15.000Z,1
2019-10-16T07:00:52.000Z,1
2019-10-16T07:12:51.000Z,1
2019-10-16T07:24:14.000Z,1
2019-10-16T07:26:03.000Z,1
2019-10-16T07:33:44.000Z,2
2019-10-16T07:39:32.000Z,1
2019-10-16T07:46:15.000Z,1
2019-10-16T07:47:27.000Z,2
2019-10-16T07:58:34.000Z,2
2019-10-16T07:59:05.000Z,2
2019-10-16T08:10:02.000Z,2
2019-10-16T08:12:15.000Z,2
2019-10-16T08:29:47.000Z,1
2019-10-16T09:06:10.000Z,1
2019-10-16T09:18:21.000Z,1
2019-10-16T11:55:12.000Z,1
2019-10-16T12:01:35.000Z,2
2019-10-16T12:20:03.000Z,1
2019-10-16T12:29:29.000Z,1
2019-10-16T12:33:31.000Z,1
2019-10-16T12:41:16.000Z,1
2019-10-16T12:47:52.000Z,1
2019-10-16T13:33:32.000Z,1
2019-10-16T14:12:36.000Z,1
2019-10-16T14:13:21.000Z,1
2019-10-16T14:29:19.000Z,1
2019-10-16T15:20:47.000Z,1
2019-10-16T15:34:15.000Z,1
2019-10-16T15:35:48.000Z,1
2019-10-16T15:50:00.000Z,1
2019-10-16T15:58:10.000Z,1
2019-10-16T15:59:41.000Z,1
2019-10-16T16:00:27.000Z,3
2019-10-16T16:08:19.000Z,1
2019-10-16T16:15:49.000Z,1
2019-10-16T16:18:11.000Z,1
2019-10-16T16:18:41.000Z,1
2019-10-16T16:20:00.000Z,1
2019-10-16T16:35:41.000Z,1
2019-10-16T16:37:45.000Z,2
2019-10-16T16:38:53.000Z,1
2019-10-16T16:56:39.000Z,2
2019-10-16T16:56:44.000Z,2
2019-10-16T17:20:22.000Z,3
2019-10-16T17:29:28.000Z,2
2019-10-16T18:33:32.000Z,1
2019-10-16T18:34:57.000Z,2
2019-10-16T18:43:10.000Z,2
2019-10-16T18:58:08.000Z,1
2019-10-16T19:07:57.000Z,1
2019-10-16T19:10:59.000Z,1
2019-10-16T19:11:37.000Z,2
2019-10-16T21:17:06.000Z,1
2019-10-16T22:03:41.000Z,1
2019-10-17T04:35:26.000Z,1
2019-10-17T06:25:27.000Z,1
2019-10-17T06:37:49.000Z,1
2019-10-17T07:03:50.000Z,2
2019-10-17T07:05:34.000Z,1
2019-10-17T07:08:07.000Z,1
2019-10-17T07:31:48.000Z,1
2019-10-17T07:52:37.000Z,1
2019-10-17T08:07:49.000Z,1
2019-10-17T08:19:12.000Z,1
2019-10-17T08:22:41.000Z,3
2019-10-17T08:45:43.000Z,1
2019-10-17T08:54:28.000Z,1
2019-10-17T09:04:43.000Z,1
2019-10-17T09:39:18.000Z,1
2019-10-17T09:51:12.000Z,1
2019-10-17T10:07:39.000Z,1
2019-10-17T10:38:04.000Z,1
2019-10-17T10:43:19.000Z,1
2019-10-17T11:05:37.000Z,1
2019-10-17T11:26:43.000Z,1
2019-10-17T12:48:35.000Z,1
2019-10-17T14:06:14.000Z,1
2019-10-17T14:10:00.000Z,1
2019-10-17T14:47:02.000Z,1
2019-10-17T15:17:46.000Z,1
2019-10-17T15:28:36.000Z,1
2019-10-17T16:27:05.000Z,1
2019-10-17T16:30:55.000Z,2
2019-10-17T16:32:57.000Z,1
2019-10-17T16:42:30.000Z,1
2019-10-17T16:44:02.000Z,2
2019-10-17T17:14:58.000Z,2
2019-10-17T17:16:01.000Z,1
2019-10-17T17:46:40.000Z,1
2019-10-17T17:49:53.000Z,2
2019-10-17T18:12:43.000Z,1
2019-10-17T18:25:17.000Z,1
2019-10-17T18:49:13.000Z,1
2019-10-17T18:53:24.000Z,2
2019-10-17T19:22:54.000Z,1
2019-10-17T19:42:32.000Z,1
2019-10-17T19:46:43.000Z,1
2019-10-17T21:19:44.000Z,1
2019-10-17T21:34:22.000Z,1
2019-10-17T21:39:59.000Z,1
2019-10-17T21:59:36.000Z,1
2019-10-17T22:15:47.000Z,1
2019-10-17T22:37:54.000Z,1
2019-10-17T23:02:21.000Z,1
2019-10-18T00:03:24.000Z,1
2019-10-18T06:16:47.000Z,1
2019-10-18T06:33:01.000Z,1
2019-10-18T07:20:19.000Z,1
2019-10-18T08:01:44.000Z,2
2019-10-18T08:01:46.000Z,3
2019-10-18T08:13:43.000Z,2
2019-10-18T08:20:47.000Z,1
2019-10-18T08:28:03.000Z,1
2019-10-18T08:28:20.000Z,2
2019-10-18T08:30:57.000Z,1
2019-10-18T08:34:48.000Z,2
2019-10-18T08:37:59.000Z,1
2019-10-18T09:47:55.000Z,1
2019-10-18T09:53:42.000Z,1
2019-10-18T10:24:24.000Z,1
2019-10-18T10:52:14.000Z,1
2019-10-18T11:07:57.000Z,1
2019-10-18T11:39:46.000Z,1
2019-10-18T12:13:58.000Z,1
2019-10-18T12:18:21.000Z,1
2019-10-18T13:25:13.000Z,1
2019-10-18T13:55:23.000Z,1
2019-10-18T14:01:32.000Z,1
2019-10-18T14:09:18.000Z,1
2019-10-18T14:17:41.000Z,2
2019-10-18T14:39:25.000Z,1
2019-10-18T14:47:03.000Z,1
2019-10-18T14:50:10.000Z,1
2019-10-18T15:00:53.000Z,1
2019-10-18T16:04:24.000Z,1
2019-10-18T16:05:19.000Z,1
2019-10-18T16:05:42.000Z,1
2019-10-18T16:12:08.000Z,1
2019-10-18T16:21:37.000Z,1
2019-10-18T16:32:02.000Z,2
2019-10-18T16:45:40.000Z,1
2019-10-18T16:46:56.000Z,2
2019-10-18T16:53:42.000Z,2
2019-10-18T17:00:31.000Z,1
2019-10-18T17:04:47.000Z,2
2019-10-18T17:06:32.000Z,1
2019-10-18T17:18:45.000Z,1
2019-10-18T17:20:53.000Z,2
2019-10-18T17:31:35.000Z,2
2019-10-18T17:48:32.000Z,1
2019-10-18T17:49:31.000Z,1
2019-10-18T17:57:58.000Z,1
2019-10-18T18:14:37.000Z,1
2019-10-18T18:23:32.000Z,2
2019-10-18T18:49:38.000Z,1
2019-10-18T19:09:57.000Z,1
2019-10-18T19:46:03.000Z,1
2019-10-18T19:54:28.000Z,1
2019-10-18T21:38:11.000Z,1
2019-10-18T22:10:20.000Z,1
2019-10-18T22:43:04.000Z,1
2019-10-18T23:18:27.000Z,1
2019-10-14T15:10:37.000Z,2
2019-10-14T16:09:25.000Z,1
2019-10-14T16:13:37.000Z,1
2019-10-14T16:14:19.000Z,1
2019-10-14T16:24:16.000Z,1
2019-10-14T16:30:42.000Z,1
2019-10-14T16:46:47.000Z,2
2019-10-14T16:55:06.000Z,1
2019-10-14T17:01:31.000Z,1
2019-10-14T17:04:20.000Z,1
2019-10-14T17:07:51.000Z,2
2019-10-14T17:11:35.000Z,1
2019-10-14T17:48:49.000Z,1
2019-10-14T18:19:34.000Z,1
2019-10-14T18:24:40.000Z,1
2019-10-14T19:32:16.000Z,1
2019-10-14T20:08:57.000Z,1
2019-10-14T22:41:27.000Z,1
2019-10-15T06:39:32.000Z,1
2019-10-15T07:01:06.000Z,1
2019-10-15T11:06:24.000Z,1
2019-10-14T16:18:27.000Z,1
2019-10-14T17:32:14.000Z,2
2019-10-14T17:33:56.000Z,1
2019-10-14T18:15:59.000Z,1
2019-10-14T18:20:56.000Z,1
2019-10-14T18:30:48.000Z,1
2019-10-14T18:50:42.000Z,1
2019-10-14T18:56:06.000Z,1
2019-10-14T19:04:24.000Z,2
2019-10-14T19:32:34.000Z,2
2019-10-14T21:20:47.000Z,1
2019-10-14T21:49:49.000Z,1
2019-10-15T05:23:07.000Z,1
2019-10-15T06:56:43.000Z,1
2019-10-15T07:12:34.000Z,1
2019-10-15T07:23:07.000Z,1
2019-10-15T07:32:36.000Z,1
2019-10-15T07:44:01.000Z,1
2019-10-15T07:46:30.000Z,1
2019-10-15T07:47:22.000Z,3
2019-10-15T07:55:03.000Z,1
2019-10-15T08:04:10.000Z,1
2019-10-15T08:11:53.000Z,1
2019-10-15T08:21:35.000Z,1
2019-10-15T08:40:26.000Z,1
2019-10-15T08:46:53.000Z,1
2019-10-15T08:55:50.000Z,1
2019-10-15T09:12:33.000Z,1
2019-10-15T10:46:11.000Z,1
2019-10-15T10:57:08.000Z,1
2019-10-15T12:07:38.000Z,1
2019-10-15T12:12:07.000Z,1
2019-10-15T12:56:40.000Z,1
2019-10-15T13:48:16.000Z,1
2019-10-15T14:50:33.000Z,1
2019-10-15T15:05:10.000Z,1
2019-10-15T15:07:06.000Z,2
2019-10-15T15:17:10.000Z,1
2019-10-15T15:30:05.000Z,1
2019-10-15T15:35:33.000Z,3
2019-10-15T16:13:47.000Z,1
2019-10-15T16:26:14.000Z,1
2019-10-15T16:39:25.000Z,1
2019-10-15T16:46:10.000Z,1
2019-10-15T16:49:24.000Z,1
2019-10-15T16:54:47.000Z,3
2019-10-15T17:07:00.000Z,1
2019-10-15T17:07:16.000Z,1
2019-10-15T17:13:02.000Z,1
2019-10-15T17:19:21.000Z,1
2019-10-15T17:28:56.000Z,1
2019-10-15T17:34:22.000Z,1
2019-10-15T17:49:48.000Z,1
2019-10-15T17:53:02.000Z,2
2019-10-15T18:16:39.000Z,2
2019-10-15T18:29:38.000Z,3
2019-10-15T18:55:33.000Z,2
2019-10-15T19:41:26.000Z,1
2019-10-15T19:50:42.000Z,1
2019-10-15T20:15:46.000Z,1
2019-10-15T20:20:40.000Z,1
2019-10-15T21:49:35.000Z,1
2019-10-15T21:50:07.000Z,2
2019-10-15T22:53:02.000Z,1
2019-10-15T23:25:38.000Z,1
2019-10-16T03:34:48.000Z,1
2019-10-16T06:50:06.000Z,2
2019-10-16T06:56:42.000Z,1
2019-10-16T07:32:06.000Z,1
2019-10-16T07:36:22.000Z,1
2019-10-16T07:44:24.000Z,1
2019-10-16T07:49:11.000Z,2
2019-10-16T07:55:32.000Z,1
2019-10-16T07:55:50.000Z,1
2019-10-16T08:13:23.000Z,1
2019-10-16T08:31:18.000Z,1
2019-10-16T08:35:06.000Z,3
2019-10-16T08:47:14.000Z,1
2019-10-16T08:47:23.000Z,1
2019-10-16T09:04:23.000Z,1
2019-10-16T10:35:01.000Z,1
2019-10-16T10:47:11.000Z,1
2019-10-16T10:51:18.000Z,1
2019-10-16T11:23:10.000Z,1
2019-10-16T11:44:27.000Z,1
2019-10-16T13:29:55.000Z,1
2019-10-16T13:43:38.000Z,1
2019-10-16T13:56:44.000Z,1
2019-10-16T14:03:38.000Z,2
2019-10-16T14:30:33.000Z,1
2019-10-16T14:41:31.000Z,1
2019-10-16T15:06:56.000Z,1
2019-10-16T15:35:23.000Z,1
2019-10-16T15:53:11.000Z,1
2019-10-16T16:01:36.000Z,1
2019-10-16T16:11:03.000Z,1
2019-10-16T16:17:20.000Z,2
2019-10-16T16:34:40.000Z,2
2019-10-16T16:37:11.000Z,1
2019-10-16T16:44:54.000Z,2
2019-10-16T16:47:57.000Z,1
2019-10-16T16:49:12.000Z,1
2019-10-16T16:55:11.000Z,1
2019-10-16T16:56:51.000Z,1
2019-10-16T17:12:50.000Z,1
2019-10-16T17:18:03.000Z,1
2019-10-16T17:31:22.000Z,2
2019-10-16T18:10:48.000Z,1
2019-10-16T18:25:35.000Z,1
2019-10-16T18:28:32.000Z,1
2019-10-16T18:39:56.000Z,2
2019-10-16T18:48:28.000Z,1
2019-10-16T18:48:31.000Z,1
2019-10-16T18:55:17.000Z,1
2019-10-16T19:17:15.000Z,2
2019-10-16T20:09:45.000Z,1
2019-10-16T20:12:53.000Z,1
2019-10-16T20:20:04.000Z,2
2019-10-16T20:43:49.000Z,1
2019-10-17T00:07:13.000Z,1
2019-10-17T05:39:37.000Z,1
2019-10-17T06:13:28.000Z,1
2019-10-17T06:16:53.000Z,1
2019-10-17T06:33:49.000Z,1
2019-10-17T07:00:11.000Z,1
2019-10-17T07:26:59.000Z,1
2019-10-17T07:31:46.000Z,2
2019-10-17T07:36:23.000Z,1
2019-10-17T07:40:36.000Z,1
2019-10-17T08:05:05.000Z,1
2019-10-17T08:13:18.000Z,1
2019-10-17T08:14:31.000Z,1
2019-10-17T08:28:59.000Z,2
2019-10-17T08:30:46.000Z,1
2019-10-17T08:35:35.000Z,1
2019-10-17T08:49:18.000Z,1
2019-10-17T08:49:29.000Z,1
2019-10-17T08:59:08.000Z,2
2019-10-17T09:04:39.000Z,1
2019-10-17T09:14:05.000Z,2
2019-10-17T09:16:41.000Z,1
2019-10-17T09:20:52.000Z,1
2019-10-17T10:35:18.000Z,1
2019-10-17T10:57:28.000Z,1
2019-10-17T11:01:21.000Z,1
2019-10-17T12:09:19.000Z,1
2019-10-17T13:25:20.000Z,1
2019-10-17T14:02:23.000Z,1
2019-10-17T14:36:08.000Z,1
2019-10-17T14:39:15.000Z,1
2019-10-17T15:10:32.000Z,1
2019-10-17T15:13:34.000Z,1
2019-10-17T15:21:36.000Z,2
2019-10-17T15:36:45.000Z,1
2019-10-17T16:03:57.000Z,1
2019-10-17T16:21:57.000Z,1
2019-10-17T16:26:42.000Z,2
2019-10-17T16:47:29.000Z,1
2019-10-17T16:49:08.000Z,1
2019-10-17T16:50:17.000Z,1
2019-10-17T16:50:23.000Z,1
2019-10-17T16:52:42.000Z,1
2019-10-17T16:55:25.000Z,1
2019-10-17T17:06:03.000Z,1
2019-10-17T17:09:46.000Z,1
2019-10-17T17:11:17.000Z,1
2019-10-17T17:12:33.000Z,2
2019-10-17T17:19:07.000Z,2
2019-10-17T17:38:17.000Z,1
2019-10-17T17:40:29.000Z,1
2019-10-17T18:12:22.000Z,2
2019-10-17T18:34:03.000Z,1
2019-10-17T19:13:52.000Z,1
2019-10-17T19:17:38.000Z,1
2019-10-17T19:23:45.000Z,1
2019-10-17T19:29:19.000Z,2
2019-10-17T19:57:54.000Z,1
2019-10-17T20:17:18.000Z,1
2019-10-17T20:29:33.000Z,1
2019-10-17T22:05:04.000Z,1
2019-10-17T22:31:41.000Z,1
2019-10-17T23:24:46.000Z,1
2019-10-18T00:48:22.000Z,1
2019-10-18T05:29:12.000Z,1
2019-10-18T05:37:18.000Z,1
2019-10-18T06:03:04.000Z,1
2019-10-18T06:34:30.000Z,1
2019-10-18T06:37:44.000Z,1
2019-10-18T06:50:43.000Z,1
2019-10-18T07:45:20.000Z,1
2019-10-18T07:54:54.000Z,1
2019-10-18T08:06:17.000Z,1
2019-10-18T08:06:33.000Z,1
2019-10-18T08:21:29.000Z,1
2019-10-18T08:26:49.000Z,3
2019-10-18T08:44:27.000Z,1
2019-10-18T08:46:05.000Z,1
2019-10-18T09:30:53.000Z,2
2019-10-18T09:32:26.000Z,1
2019-10-18T10:35:50.000Z,1
2019-10-18T10:54:42.000Z,1
2019-10-18T11:07:20.000Z,1
2019-10-18T11:22:42.000Z,1
2019-10-18T11:27:24.000Z,1
2019-10-18T12:00:35.000Z,2
2019-10-18T12:29:06.000Z,1
2019-10-18T12:38:47.000Z,1
2019-10-18T12:54:12.000Z,1
2019-10-18T13:01:29.000Z,1
2019-10-18T13:07:37.000Z,1
2019-10-18T13:21:48.000Z,1
2019-10-18T13:24:47.000Z,1
2019-10-18T13:32:22.000Z,1
2019-10-18T13:33:27.000Z,2
2019-10-18T13:38:23.000Z,1
2019-10-18T13:53:57.000Z,1
2019-10-18T14:42:27.000Z,1
2019-10-18T14:58:06.000Z,1
2019-10-18T15:07:39.000Z,1
2019-10-18T15:15:04.000Z,1
2019-10-18T15:20:35.000Z,1
2019-10-18T16:20:05.000Z,1
2019-10-18T16:27:29.000Z,1
2019-10-18T16:27:59.000Z,1
2019-10-18T16:39:05.000Z,2
2019-10-18T16:50:41.000Z,1
2019-10-18T16:53:17.000Z,1
2019-10-18T16:54:14.000Z,1
2019-10-18T16:58:20.000Z,1
2019-10-18T17:03:28.000Z,1
2019-10-18T17:12:12.000Z,1
2019-10-18T17:13:51.000Z,3
2019-10-18T17:18:13.000Z,1
2019-10-18T17:18:32.000Z,4
2019-10-18T17:35:08.000Z,1
2019-10-18T17:35:20.000Z,1
2019-10-18T17:53:47.000Z,1
2019-10-18T18:11:26.000Z,2
2019-10-18T18:27:58.000Z,1
2019-10-18T18:31:42.000Z,1
2019-10-18T18:32:47.000Z,1
2019-10-18T18:45:57.000Z,1
2019-10-18T19:54:45.000Z,2
2019-10-18T21:59:25.000Z,2
2019-10-18T23:21:41.000Z,1
2019-10-14T14:52:18.000Z,1
2019-10-14T15:05:09.000Z,1
2019-10-14T15:22:56.000Z,1
2019-10-14T15:27:07.000Z,1
2019-10-14T15:27:25.000Z,1
2019-10-14T15:27:27.000Z,1
2019-10-14T15:39:32.000Z,1
2019-10-14T16:12:40.000Z,1
2019-10-14T16:20:47.000Z,1
2019-10-14T16:38:57.000Z,1
2019-10-14T16:52:16.000Z,2
2019-10-14T17:08:14.000Z,2
2019-10-14T17:14:02.000Z,1
2019-10-14T17:16:30.000Z,1
2019-10-14T17:23:06.000Z,1
2019-10-14T17:31:02.000Z,2
2019-10-14T17:31:56.000Z,1
2019-10-14T17:41:17.000Z,1
2019-10-14T18:01:56.000Z,1
2019-10-14T18:04:04.000Z,2
2019-10-14T18:10:16.000Z,1
2019-10-14T18:28:10.000Z,1
2019-10-14T18:28:52.000Z,1
2019-10-14T20:12:27.000Z,1
2019-10-14T21:04:04.000Z,1
2019-10-15T07:33:16.000Z,2
2019-10-15T16:53:55.000Z,1
2019-10-14T16:41:22.000Z,1
2019-10-14T17:33:33.000Z,1
2019-10-14T17:39:19.000Z,1
2019-10-14T17:45:36.000Z,1
2019-10-14T17:47:38.000Z,1
2019-10-14T18:28:48.000Z,1
2019-10-14T18:35:26.000Z,1
2019-10-14T19:22:42.000Z,2
2019-10-14T20:09:53.000Z,1
2019-10-14T20:14:17.000Z,1
2019-10-14T20:48:40.000Z,1
2019-10-14T21:24:13.000Z,1
2019-10-14T22:44:26.000Z,1
2019-10-14T22:50:49.000Z,1
2019-10-15T02:41:13.000Z,1
2019-10-15T05:34:04.000Z,1
2019-10-15T05:55:09.000Z,1
2019-10-15T06:43:58.000Z,1
2019-10-15T07:06:59.000Z,1
2019-10-15T07:10:52.000Z,1
2019-10-15T07:19:04.000Z,1
2019-10-15T07:29:25.000Z,1
2019-10-15T07:37:13.000Z,1
2019-10-15T07:54:01.000Z,2
2019-10-15T07:59:13.000Z,1
2019-10-15T08:01:01.000Z,2
2019-10-15T08:07:05.000Z,1
2019-10-15T08:12:32.000Z,2
2019-10-15T08:18:20.000Z,1
2019-10-15T08:33:44.000Z,1
2019-10-15T08:37:59.000Z,2
2019-10-15T08:39:23.000Z,1
2019-10-15T08:43:37.000Z,1
2019-10-15T08:48:31.000Z,1
2019-10-15T08:53:03.000Z,1
2019-10-15T08:57:35.000Z,1
2019-10-15T09:40:38.000Z,1
2019-10-15T10:21:38.000Z,1
2019-10-15T10:23:09.000Z,1
2019-10-15T10:42:06.000Z,1
2019-10-15T12:11:01.000Z,1
2019-10-15T12:14:49.000Z,2
2019-10-15T12:32:12.000Z,1
2019-10-15T13:10:26.000Z,1
2019-10-15T13:17:20.000Z,1
2019-10-15T13:21:33.000Z,1
2019-10-15T14:34:05.000Z,1
2019-10-15T15:28:20.000Z,1
2019-10-15T15:33:18.000Z,2
2019-10-15T15:35:48.000Z,1
2019-10-15T15:58:35.000Z,1
2019-10-15T16:11:58.000Z,1
2019-10-15T16:24:15.000Z,1
2019-10-15T17:01:14.000Z,1
2019-10-15T17:02:11.000Z,1
2019-10-15T17:06:54.000Z,1
2019-10-15T17:08:39.000Z,1
2019-10-15T17:23:00.000Z,2
2019-10-15T17:39:09.000Z,2
2019-10-15T17:47:56.000Z,1
2019-10-15T17:49:56.000Z,1
2019-10-15T18:12:48.000Z,1
2019-10-15T18:22:35.000Z,2
2019-10-15T18:48:56.000Z,1
2019-10-15T18:56:00.000Z,1
2019-10-15T18:56:07.000Z,1
2019-10-15T18:56:25.000Z,1
2019-10-15T19:12:11.000Z,1
2019-10-15T19:20:21.000Z,1
2019-10-15T19:35:56.000Z,1
2019-10-15T19:55:07.000Z,1
2019-10-15T21:12:25.000Z,1
2019-10-15T21:45:06.000Z,1
2019-10-15T22:19:32.000Z,1
2019-10-15T23:33:03.000Z,1
2019-10-15T23:50:41.000Z,1
2019-10-16T02:44:33.000Z,1
2019-10-16T06:13:48.000Z,1
2019-10-16T06:19:43.000Z,1
2019-10-16T06:34:29.000Z,1
2019-10-16T06:55:17.000Z,1
2019-10-16T07:02:17.000Z,1
2019-10-16T07:29:09.000Z,1
2019-10-16T07:35:03.000Z,2
2019-10-16T07:41:18.000Z,1
2019-10-16T07:58:17.000Z,2
2019-10-16T08:02:11.000Z,1
2019-10-16T08:04:32.000Z,1
2019-10-16T08:05:37.000Z,1
2019-10-16T08:11:42.000Z,1
2019-10-16T08:13:12.000Z,1
2019-10-16T08:40:24.000Z,1
2019-10-16T08:49:04.000Z,1
2019-10-16T08:49:51.000Z,1
2019-10-16T08:54:02.000Z,1
2019-10-16T09:56:09.000Z,1
2019-10-16T10:35:55.000Z,1
2019-10-16T10:38:21.000Z,1
2019-10-16T11:30:06.000Z,1
2019-10-16T11:52:45.000Z,1
2019-10-16T11:53:44.000Z,1
2019-10-16T12:08:11.000Z,2
2019-10-16T12:35:34.000Z,1
2019-10-16T13:36:50.000Z,1
2019-10-16T14:10:14.000Z,1
2019-10-16T14:46:11.000Z,1
2019-10-16T14:56:41.000Z,1
2019-10-16T15:25:31.000Z,1
2019-10-16T15:49:47.000Z,1
2019-10-16T15:51:38.000Z,1
2019-10-16T15:55:00.000Z,1
2019-10-16T15:59:39.000Z,1
2019-10-16T16:00:46.000Z,1
2019-10-16T16:15:05.000Z,2
2019-10-16T16:22:11.000Z,1
2019-10-16T16:43:18.000Z,1
2019-10-16T16:53:03.000Z,1
2019-10-16T17:03:02.000Z,1
2019-10-16T17:05:42.000Z,2
2019-10-16T17:23:54.000Z,1
2019-10-16T17:27:38.000Z,1
2019-10-16T17:31:38.000Z,2
2019-10-16T17:36:02.000Z,1
2019-10-16T17:41:04.000Z,2
2019-10-16T17:54:09.000Z,1
2019-10-16T17:55:02.000Z,1
2019-10-16T18:02:44.000Z,1
2019-10-16T18:03:19.000Z,1
2019-10-16T18:12:48.000Z,1
2019-10-16T18:38:37.000Z,1
2019-10-16T18:43:32.000Z,1
2019-10-16T18:46:54.000Z,2
2019-10-16T19:33:15.000Z,1
2019-10-16T20:04:48.000Z,1
2019-10-16T20:36:15.000Z,1
2019-10-16T20:52:16.000Z,1
2019-10-16T21:18:14.000Z,1
2019-10-16T21:33:52.000Z,1
2019-10-16T21:40:41.000Z,1
2019-10-16T22:05:51.000Z,1
2019-10-16T22:07:33.000Z,1
2019-10-16T22:20:59.000Z,1
2019-10-17T07:19:00.000Z,1
2019-10-17T07:26:19.000Z,3
2019-10-17T07:29:30.000Z,1
2019-10-17T08:01:12.000Z,2
2019-10-17T08:05:52.000Z,2
2019-10-17T08:16:44.000Z,2
2019-10-17T08:30:19.000Z,1
2019-10-17T08:30:40.000Z,1
2019-10-17T08:31:50.000Z,2
2019-10-17T08:45:39.000Z,1
2019-10-17T08:46:01.000Z,1
2019-10-17T08:50:14.000Z,1
2019-10-17T09:02:59.000Z,1
2019-10-17T09:03:40.000Z,1
2019-10-17T09:10:57.000Z,1
2019-10-17T09:16:31.000Z,1
2019-10-17T09:18:38.000Z,1
2019-10-17T09:26:48.000Z,1
2019-10-17T09:42:46.000Z,1
2019-10-17T09:52:49.000Z,1
2019-10-17T09:56:47.000Z,1
2019-10-17T09:57:50.000Z,1
2019-10-17T10:09:18.000Z,1
2019-10-17T11:41:11.000Z,1
2019-10-17T12:47:35.000Z,1
2019-10-17T12:51:02.000Z,1
2019-10-17T13:20:32.000Z,1
2019-10-17T13:28:38.000Z,1
2019-10-17T14:01:38.000Z,1
2019-10-17T14:21:23.000Z,1
2019-10-17T15:03:57.000Z,1
2019-10-17T15:32:04.000Z,1
2019-10-17T15:36:20.000Z,1
2019-10-17T15:52:34.000Z,1
2019-10-17T15:56:57.000Z,1
2019-10-17T15:57:26.000Z,1
2019-10-17T16:26:33.000Z,2
2019-10-17T16:52:17.000Z,1
2019-10-17T16:52:48.000Z,1
2019-10-17T17:07:42.000Z,1
2019-10-17T17:13:58.000Z,1
2019-10-17T17:21:42.000Z,1
2019-10-17T17:36:06.000Z,2
2019-10-17T17:36:12.000Z,1
2019-10-17T17:36:25.000Z,1
2019-10-17T17:37:09.000Z,1
2019-10-17T17:49:51.000Z,1
2019-10-17T17:50:18.000Z,1
2019-10-17T18:04:27.000Z,2
2019-10-17T18:10:11.000Z,1
2019-10-17T18:51:03.000Z,1
2019-10-17T18:53:26.000Z,1
2019-10-17T20:30:01.000Z,2
2019-10-17T21:00:03.000Z,1
2019-10-17T21:03:08.000Z,1
2019-10-17T21:12:22.000Z,1
2019-10-17T21:25:30.000Z,1
2019-10-17T21:30:08.000Z,1
2019-10-17T21:33:28.000Z,1
2019-10-17T22:08:57.000Z,1
2019-10-17T22:32:11.000Z,1
2019-10-18T01:50:28.000Z,1
2019-10-18T05:13:56.000Z,1
2019-10-18T05:45:32.000Z,1
2019-10-18T06:37:02.000Z,1
2019-10-18T06:51:01.000Z,1
2019-10-18T07:20:30.000Z,1
2019-10-18T07:33:40.000Z,1
2019-10-18T08:05:26.000Z,1
2019-10-18T08:07:42.000Z,1
2019-10-18T08:37:45.000Z,1
2019-10-18T08:53:48.000Z,2
2019-10-18T09:01:54.000Z,1
2019-10-18T09:05:40.000Z,1
2019-10-18T09:09:47.000Z,1
2019-10-18T09:27:22.000Z,1
2019-10-18T09:34:41.000Z,1
2019-10-18T10:20:08.000Z,1
2019-10-18T11:01:32.000Z,1
2019-10-18T11:02:17.000Z,1
2019-10-18T11:23:17.000Z,1
2019-10-18T11:32:34.000Z,2
2019-10-18T11:35:57.000Z,1
2019-10-18T11:38:22.000Z,1
2019-10-18T12:01:49.000Z,1
2019-10-18T12:07:07.000Z,1
2019-10-18T12:22:35.000Z,1
2019-10-18T13:00:46.000Z,1
2019-10-18T14:19:17.000Z,1
2019-10-18T15:06:44.000Z,2
2019-10-18T15:14:32.000Z,1
2019-10-18T15:25:02.000Z,1
2019-10-18T15:48:58.000Z,1
2019-10-18T15:50:45.000Z,1
2019-10-18T16:02:24.000Z,1
2019-10-18T16:03:38.000Z,1
2019-10-18T16:04:37.000Z,1
2019-10-18T16:18:47.000Z,1
2019-10-18T16:26:31.000Z,1
2019-10-18T16:29:51.000Z,1
2019-10-18T16:38:07.000Z,1
2019-10-18T16:39:40.000Z,1
2019-10-18T16:45:21.000Z,1
2019-10-18T16:51:52.000Z,2
2019-10-18T16:52:22.000Z,1
2019-10-18T16:53:57.000Z,2
2019-10-18T16:56:12.000Z,1
2019-10-18T17:05:58.000Z,1
2019-10-18T17:10:51.000Z,1
2019-10-18T17:32:43.000Z,1
2019-10-18T17:37:28.000Z,1
2019-10-18T17:44:57.000Z,3
2019-10-18T18:19:45.000Z,1
2019-10-18T18:32:19.000Z,1
2019-10-18T18:33:15.000Z,1
2019-10-18T18:41:04.000Z,1
2019-10-18T18:49:31.000Z,1
2019-10-18T19:25:22.000Z,1
2019-10-18T19:26:11.000Z,1
2019-10-18T19:42:40.000Z,2
2019-10-18T19:54:18.000Z,1
2019-10-18T20:11:52.000Z,1
2019-10-18T20:50:26.000Z,1
2019-10-18T21:54:18.000Z,1
2019-10-18T22:14:35.000Z,1
2019-10-18T22:45:05.000Z,1
2019-10-14T14:43:26.000Z,1
2019-10-14T15:13:33.000Z,1
2019-10-14T15:35:47.000Z,1
2019-10-14T15:51:31.000Z,1
2019-10-14T15:52:52.000Z,1
2019-10-14T15:55:08.000Z,1
2019-10-14T16:08:31.000Z,1
2019-10-14T16:09:53.000Z,1
2019-10-14T16:34:47.000Z,1
2019-10-14T16:34:57.000Z,1
2019-10-14T16:39:39.000Z,1
2019-10-14T16:47:24.000Z,1
2019-10-14T16:54:26.000Z,1
2019-10-14T17:17:56.000Z,1
2019-10-14T17:34:17.000Z,2
2019-10-14T17:40:28.000Z,2
2019-10-14T17:41:41.000Z,1
2019-10-14T17:57:52.000Z,2
2019-10-14T18:01:49.000Z,2
2019-10-14T18:17:47.000Z,1
2019-10-14T18:26:07.000Z,1
2019-10-14T19:12:07.000Z,1
2019-10-14T17:05:03.000Z,1
2019-10-14T17:12:41.000Z,2
2019-10-14T17:47:12.000Z,1
2019-10-14T17:58:14.000Z,1
2019-10-14T18:02:01.000Z,1
2019-10-14T18:58:14.000Z,1
2019-10-14T20:34:09.000Z,1
2019-10-14T21:39:24.000Z,1
2019-10-14T21:45:53.000Z,1
2019-10-15T06:34:25.000Z,1
2019-10-15T07:23:53.000Z,2
2019-10-15T07:35:28.000Z,1
2019-10-15T07:37:00.000Z,1
2019-10-15T07:38:05.000Z,1
2019-10-15T07:41:08.000Z,1
2019-10-15T07:45:09.000Z,1
2019-10-15T07:46:07.000Z,1
2019-10-15T07:55:02.000Z,1
2019-10-15T08:01:15.000Z,1
2019-10-15T08:03:23.000Z,1
2019-10-15T08:16:42.000Z,1
2019-10-15T08:22:08.000Z,1
2019-10-15T08:36:58.000Z,1
2019-10-15T08:39:20.000Z,1
2019-10-15T08:53:22.000Z,1
2019-10-15T08:54:08.000Z,1
2019-10-15T09:10:31.000Z,1
2019-10-15T09:58:14.000Z,1
2019-10-15T10:13:41.000Z,1
2019-10-15T10:34:44.000Z,1
2019-10-15T10:45:28.000Z,1
2019-10-15T11:21:53.000Z,1
2019-10-15T11:37:32.000Z,1
2019-10-15T11:56:10.000Z,1
2019-10-15T12:18:42.000Z,1
2019-10-15T12:20:06.000Z,1
2019-10-15T12:29:43.000Z,1
2019-10-15T12:53:47.000Z,1
2019-10-15T13:06:29.000Z,1
2019-10-15T13:15:05.000Z,1
2019-10-15T14:07:35.000Z,1
2019-10-15T14:20:03.000Z,1
2019-10-15T14:31:12.000Z,1
2019-10-15T14:37:59.000Z,1
2019-10-15T14:38:03.000Z,2
2019-10-15T14:38:32.000Z,2
2019-10-15T14:52:40.000Z,1
2019-10-15T14:53:47.000Z,1
2019-10-15T14:59:55.000Z,1
2019-10-15T15:11:35.000Z,1
2019-10-15T15:45:22.000Z,1
2019-10-15T15:52:46.000Z,1
2019-10-15T15:59:05.000Z,1
2019-10-15T16:09:25.000Z,1
2019-10-15T16:29:23.000Z,1
2019-10-15T17:00:57.000Z,2
2019-10-15T17:02:48.000Z,1
2019-10-15T17:10:12.000Z,2
2019-10-15T17:17:07.000Z,1
2019-10-15T17:30:36.000Z,1
2019-10-15T17:55:32.000Z,1
2019-10-15T18:06:25.000Z,1
2019-10-15T18:15:04.000Z,1
2019-10-15T18:47:26.000Z,1
2019-10-15T18:47:20.000Z,1
2019-10-15T19:54:11.000Z,1
2019-10-15T19:59:59.000Z,2
2019-10-15T20:05:36.000Z,1
2019-10-15T22:09:40.000Z,1
2019-10-15T23:29:09.000Z,1
2019-10-16T06:18:59.000Z,1
2019-10-16T07:52:28.000Z,2
2019-10-16T08:03:50.000Z,1
2019-10-16T08:05:01.000Z,1
2019-10-16T08:05:19.000Z,1
2019-10-16T08:16:06.000Z,1
2019-10-16T08:30:39.000Z,1
2019-10-16T08:42:26.000Z,1
2019-10-16T09:09:46.000Z,1
2019-10-16T09:16:09.000Z,1
2019-10-16T09:43:41.000Z,1
2019-10-16T09:51:29.000Z,1
2019-10-16T10:24:38.000Z,1
2019-10-16T11:11:42.000Z,1
2019-10-16T11:39:40.000Z,1
2019-10-16T11:45:06.000Z,1
2019-10-16T12:16:16.000Z,1
2019-10-16T13:24:42.000Z,1
2019-10-16T13:35:39.000Z,1
2019-10-16T13:56:39.000Z,1
2019-10-16T14:28:03.000Z,1
2019-10-16T14:32:56.000Z,1
2019-10-16T14:51:55.000Z,1
2019-10-16T15:33:45.000Z,1
2019-10-16T15:39:54.000Z,1
2019-10-16T16:10:02.000Z,2
2019-10-16T16:11:36.000Z,1
2019-10-16T16:24:35.000Z,1
2019-10-16T16:24:44.000Z,1
2019-10-16T16:26:55.000Z,1
2019-10-16T16:36:52.000Z,1
2019-10-16T16:37:24.000Z,1
2019-10-16T16:49:27.000Z,1
2019-10-16T17:07:31.000Z,1
2019-10-16T17:23:48.000Z,1
2019-10-16T17:27:37.000Z,2
2019-10-16T17:27:56.000Z,2
2019-10-16T17:34:43.000Z,1
2019-10-16T17:35:18.000Z,1
2019-10-16T17:48:56.000Z,1
2019-10-16T17:49:14.000Z,1
2019-10-16T17:53:06.000Z,4
2019-10-16T18:01:18.000Z,1
2019-10-16T18:28:48.000Z,2
2019-10-16T18:37:30.000Z,1
2019-10-16T18:51:15.000Z,2
2019-10-16T19:32:20.000Z,1
2019-10-16T19:53:16.000Z,1
2019-10-16T21:07:37.000Z,1
2019-10-16T21:23:48.000Z,1
2019-10-16T21:35:36.000Z,1
2019-10-16T22:01:50.000Z,1
2019-10-16T22:10:00.000Z,1
2019-10-16T22:10:07.000Z,1
2019-10-16T22:20:31.000Z,1
2019-10-16T23:50:34.000Z,1
2019-10-17T05:49:16.000Z,1
2019-10-17T07:22:33.000Z,1
2019-10-17T07:42:03.000Z,1
2019-10-17T07:52:52.000Z,1
2019-10-17T08:09:02.000Z,1
2019-10-17T08:09:42.000Z,1
2019-10-17T08:11:44.000Z,1
2019-10-17T08:39:50.000Z,1
2019-10-17T08:54:54.000Z,1
2019-10-17T09:12:10.000Z,1
2019-10-17T09:32:31.000Z,1
2019-10-17T10:39:26.000Z,1
2019-10-17T11:42:40.000Z,1
2019-10-17T11:53:55.000Z,1
2019-10-17T12:16:00.000Z,2
2019-10-17T12:31:50.000Z,1
2019-10-17T12:42:01.000Z,1
2019-10-17T12:49:00.000Z,1
2019-10-17T13:46:00.000Z,1
2019-10-17T14:10:10.000Z,1
2019-10-17T14:20:07.000Z,2
2019-10-17T16:09:43.000Z,1
2019-10-17T16:30:41.000Z,1
2019-10-17T16:34:37.000Z,1
2019-10-17T16:50:58.000Z,1
2019-10-17T16:53:24.000Z,1
2019-10-17T17:03:47.000Z,1
2019-10-17T17:05:23.000Z,1
2019-10-17T17:12:29.000Z,1
2019-10-17T17:15:39.000Z,1
2019-10-17T17:16:14.000Z,1
2019-10-17T17:16:19.000Z,1
2019-10-17T17:23:01.000Z,1
2019-10-17T17:29:41.000Z,1
2019-10-17T17:31:17.000Z,2
2019-10-17T17:34:54.000Z,2
2019-10-17T17:35:33.000Z,1
2019-10-17T17:42:38.000Z,1
2019-10-17T17:43:02.000Z,1
2019-10-17T17:47:52.000Z,1
2019-10-17T17:58:02.000Z,1
2019-10-17T18:01:05.000Z,1
2019-10-17T18:12:58.000Z,1
2019-10-17T18:34:46.000Z,1
2019-10-17T18:55:02.000Z,1
2019-10-17T18:58:01.000Z,1
2019-10-17T18:59:06.000Z,1
2019-10-17T19:13:28.000Z,1
2019-10-17T19:23:40.000Z,1
2019-10-17T20:02:24.000Z,1
2019-10-17T21:00:13.000Z,1
2019-10-17T21:23:54.000Z,1
2019-10-17T21:42:55.000Z,1
2019-10-17T23:43:02.000Z,1
2019-10-18T01:41:36.000Z,1
2019-10-18T05:45:15.000Z,1
2019-10-18T06:03:41.000Z,1
2019-10-18T06:58:41.000Z,1
2019-10-18T07:46:26.000Z,1
2019-10-18T07:53:21.000Z,1
2019-10-18T07:57:27.000Z,1
2019-10-18T08:07:43.000Z,1
2019-10-18T08:16:55.000Z,1
2019-10-18T08:45:06.000Z,2
2019-10-18T09:14:11.000Z,1
2019-10-18T09:17:46.000Z,1
2019-10-18T09:39:19.000Z,1
2019-10-18T10:04:23.000Z,2
2019-10-18T10:07:37.000Z,1
2019-10-18T10:12:17.000Z,1
2019-10-18T10:48:20.000Z,1
2019-10-18T11:17:15.000Z,1
2019-10-18T11:33:43.000Z,1
2019-10-18T12:02:21.000Z,2
2019-10-18T12:03:53.000Z,1
2019-10-18T12:41:07.000Z,2
2019-10-18T13:07:44.000Z,1
2019-10-18T13:10:26.000Z,2
2019-10-18T13:17:06.000Z,1
2019-10-18T13:20:46.000Z,1
2019-10-18T13:20:58.000Z,1
2019-10-18T13:22:52.000Z,1
2019-10-18T13:28:03.000Z,1
2019-10-18T13:49:10.000Z,3
2019-10-18T13:51:57.000Z,1
2019-10-18T14:02:22.000Z,1
2019-10-18T14:27:29.000Z,1
2019-10-18T15:10:10.000Z,1
2019-10-18T15:13:08.000Z,1
2019-10-18T15:15:08.000Z,1
2019-10-18T15:56:18.000Z,1
2019-10-18T16:15:55.000Z,3
2019-10-18T16:17:03.000Z,2
2019-10-18T16:24:54.000Z,1
2019-10-18T16:41:37.000Z,3
2019-10-18T16:49:35.000Z,1
2019-10-18T16:57:21.000Z,1
2019-10-18T17:04:01.000Z,1
2019-10-18T17:06:36.000Z,1
2019-10-18T17:09:34.000Z,1
2019-10-18T17:13:31.000Z,1
2019-10-18T17:14:53.000Z,2
2019-10-18T17:15:58.000Z,1
2019-10-18T17:24:16.000Z,1
2019-10-18T17:30:37.000Z,1
2019-10-18T17:32:31.000Z,2
2019-10-18T17:37:02.000Z,1
2019-10-18T17:52:59.000Z,1
2019-10-18T17:54:57.000Z,2
2019-10-18T18:58:23.000Z,1
2019-10-18T19:00:47.000Z,2
2019-10-18T19:22:47.000Z,1
2019-10-18T19:27:10.000Z,1
2019-10-18T19:27:23.000Z,1
2019-10-18T19:57:33.000Z,1
2019-10-18T20:11:02.000Z,1
2019-10-18T20:30:42.000Z,1
2019-10-18T20:52:02.000Z,1
2019-10-19T06:11:05.000Z,1
2019-10-19T08:16:19.000Z,1
2019-10-19T09:55:21.000Z,1
2019-10-19T09:57:55.000Z,1
2019-10-19T10:13:01.000Z,1
2019-10-19T10:56:15.000Z,1
2019-10-19T11:05:51.000Z,1
2019-10-19T11:32:54.000Z,1
2019-10-19T11:49:15.000Z,1
2019-10-19T12:47:06.000Z,1
2019-10-19T13:35:58.000Z,1
2019-10-19T14:23:27.000Z,1
2019-10-19T15:09:20.000Z,1
2019-10-19T15:55:20.000Z,1
2019-10-19T10:57:47.000Z,2
2019-10-19T11:30:05.000Z,1
2019-10-19T11:46:48.000Z,1
2019-10-19T12:04:47.000Z,1
2019-10-19T12:47:41.000Z,1
2019-10-19T13:39:18.000Z,1
2019-10-19T14:05:34.000Z,2
2019-10-19T14:21:32.000Z,2
2019-10-19T14:36:17.000Z,1
2019-10-19T14:39:51.000Z,2
2019-10-19T14:40:43.000Z,1
2019-10-19T15:14:13.000Z,1
2019-10-19T15:23:48.000Z,1
2019-10-19T15:44:19.000Z,1
2019-10-19T15:51:39.000Z,1
2019-10-19T16:22:30.000Z,2
2019-10-19T17:16:55.000Z,1
2019-10-19T17:56:27.000Z,1
2019-10-19T17:59:15.000Z,1
2019-10-19T18:03:19.000Z,2
2019-10-19T18:15:16.000Z,1
2019-10-19T18:36:31.000Z,1
2019-10-19T18:44:47.000Z,1
2019-10-19T18:51:54.000Z,1
2019-10-19T19:46:20.000Z,1
2019-10-19T20:35:49.000Z,1
2019-10-19T22:03:14.000Z,1
2019-10-19T23:50:56.000Z,1
2019-10-20T00:01:29.000Z,1
2019-10-20T00:47:06.000Z,1
2019-10-20T01:14:57.000Z,1
2019-10-20T01:16:41.000Z,1
2019-10-20T07:44:57.000Z,1
2019-10-20T08:15:15.000Z,1
2019-10-20T08:16:20.000Z,1
2019-10-20T08:43:19.000Z,1
2019-10-20T10:33:11.000Z,1
2019-10-20T10:56:10.000Z,1
2019-10-20T11:02:16.000Z,2
2019-10-20T11:10:38.000Z,1
2019-10-20T11:13:19.000Z,1
2019-10-20T11:15:59.000Z,2
2019-10-20T11:20:12.000Z,1
2019-10-20T11:33:45.000Z,1
2019-10-20T11:40:01.000Z,1
2019-10-20T12:02:53.000Z,1
2019-10-20T12:15:10.000Z,1
2019-10-20T12:17:58.000Z,1
2019-10-20T12:20:45.000Z,1
2019-10-20T12:23:21.000Z,1
2019-10-20T12:46:51.000Z,1
2019-10-20T13:09:42.000Z,1
2019-10-20T13:22:15.000Z,1
2019-10-20T13:38:09.000Z,1
2019-10-20T13:39:34.000Z,1
2019-10-20T13:42:13.000Z,2
2019-10-20T13:50:44.000Z,2
2019-10-20T14:08:58.000Z,1
2019-10-20T14:12:38.000Z,1
2019-10-20T14:26:22.000Z,1
2019-10-20T14:36:34.000Z,1
2019-10-20T14:39:32.000Z,1
2019-10-20T14:39:29.000Z,1
2019-10-20T15:31:03.000Z,1
2019-10-20T15:33:18.000Z,1
2019-10-20T15:49:23.000Z,1
2019-10-20T16:15:10.000Z,1
2019-10-20T16:32:36.000Z,1
2019-10-20T16:53:49.000Z,1
2019-10-20T16:56:26.000Z,1
2019-10-20T18:04:59.000Z,1
2019-10-20T19:02:14.000Z,1
2019-10-20T19:46:17.000Z,1
2019-10-20T20:06:06.000Z,2
2019-10-20T20:54:15.000Z,1
2019-10-21T02:12:09.000Z,1
2019-10-21T05:21:09.000Z,1
2019-10-21T05:48:13.000Z,1
2019-10-21T06:22:06.000Z,1
2019-10-21T06:35:49.000Z,1
2019-10-21T06:48:16.000Z,1
2019-10-21T06:51:54.000Z,1
2019-10-21T07:12:26.000Z,1
2019-10-21T07:19:02.000Z,1
2019-10-21T07:31:16.000Z,1
2019-10-21T07:36:38.000Z,1
2019-10-21T07:50:11.000Z,1
2019-10-21T07:53:43.000Z,2
2019-10-21T08:29:28.000Z,1
2019-10-21T09:39:09.000Z,1
2019-10-21T10:19:43.000Z,1
2019-10-21T10:47:22.000Z,1
2019-10-21T11:15:30.000Z,1
2019-10-21T11:47:03.000Z,1
2019-10-21T11:53:50.000Z,1
2019-10-21T12:00:48.000Z,1
2019-10-21T12:05:09.000Z,1
2019-10-21T12:12:36.000Z,1
2019-10-21T12:12:34.000Z,1
2019-10-21T12:14:18.000Z,1
2019-10-21T13:17:50.000Z,1
2019-10-21T13:29:26.000Z,1
2019-10-21T15:05:17.000Z,2
2019-10-21T15:16:26.000Z,1
2019-10-21T16:10:45.000Z,1
2019-10-21T16:26:56.000Z,1
2019-10-21T16:49:44.000Z,1
2019-10-21T16:57:39.000Z,1
2019-10-21T17:01:03.000Z,1
2019-10-21T17:04:54.000Z,1
2019-10-21T17:12:29.000Z,2
2019-10-21T17:19:30.000Z,1
2019-10-21T17:30:34.000Z,1
2019-10-21T17:31:36.000Z,1
2019-10-21T17:40:30.000Z,1
2019-10-21T18:03:58.000Z,1
2019-10-21T18:16:39.000Z,2
2019-10-21T18:33:16.000Z,1
2019-10-21T18:49:37.000Z,1
2019-10-21T18:52:33.000Z,1
2019-10-21T19:46:27.000Z,1
2019-10-21T22:11:54.000Z,1
2019-10-21T23:14:55.000Z,1
2019-10-22T00:19:29.000Z,1
2019-10-22T06:27:21.000Z,1
2019-10-22T06:48:01.000Z,1
2019-10-22T07:13:33.000Z,1
2019-10-22T07:25:22.000Z,1
2019-10-22T07:30:43.000Z,1
2019-10-22T07:40:45.000Z,1
2019-10-22T07:48:06.000Z,1
2019-10-22T07:48:47.000Z,1
2019-10-22T08:13:16.000Z,1
2019-10-22T08:18:39.000Z,1
2019-10-22T08:44:35.000Z,1
2019-10-22T09:12:54.000Z,1
2019-10-22T09:13:20.000Z,1
2019-10-22T09:36:37.000Z,1
2019-10-22T10:04:49.000Z,1
2019-10-22T10:37:30.000Z,1
2019-10-22T11:23:51.000Z,1
2019-10-22T11:35:25.000Z,1
2019-10-22T12:33:49.000Z,1
2019-10-22T12:34:30.000Z,1
2019-10-22T12:39:03.000Z,1
2019-10-22T12:41:48.000Z,1
2019-10-22T13:59:38.000Z,1
2019-10-22T14:21:15.000Z,1
2019-10-22T15:34:54.000Z,1
2019-10-22T16:01:46.000Z,2
2019-10-22T16:02:31.000Z,1
2019-10-22T16:09:05.000Z,1
2019-10-22T16:23:40.000Z,1
2019-10-22T16:37:19.000Z,1
2019-10-22T16:47:46.000Z,1
2019-10-22T17:10:39.000Z,1
2019-10-22T17:14:06.000Z,3
2019-10-22T17:19:50.000Z,1
2019-10-22T17:24:29.000Z,1
2019-10-22T17:31:54.000Z,1
2019-10-22T17:33:17.000Z,2
2019-10-22T17:36:31.000Z,1
2019-10-22T18:06:56.000Z,1
2019-10-22T18:23:45.000Z,1
2019-10-22T18:30:14.000Z,1
2019-10-22T18:45:31.000Z,1
2019-10-22T18:53:01.000Z,1
2019-10-22T19:09:15.000Z,1
2019-10-22T20:08:12.000Z,1
2019-10-22T20:33:17.000Z,1
2019-10-22T21:40:42.000Z,1
2019-10-22T21:51:23.000Z,1
2019-10-22T21:57:03.000Z,1
2019-10-22T23:02:05.000Z,1
2019-10-22T23:06:00.000Z,1
2019-10-23T02:42:49.000Z,1
2019-10-23T06:39:45.000Z,1
2019-10-23T07:10:09.000Z,2
2019-10-23T07:11:49.000Z,1
2019-10-23T07:14:27.000Z,1
2019-10-23T07:18:07.000Z,1
2019-10-23T07:24:43.000Z,1
2019-10-23T07:47:19.000Z,1
2019-10-23T07:47:45.000Z,1
2019-10-23T08:01:36.000Z,1
2019-10-23T08:03:26.000Z,1
2019-10-23T08:09:18.000Z,1
2019-10-23T08:27:02.000Z,2
2019-10-23T08:32:00.000Z,1
2019-10-23T08:32:25.000Z,2
2019-10-23T08:32:53.000Z,1
2019-10-23T09:07:11.000Z,1
2019-10-23T09:35:32.000Z,1
2019-10-23T09:42:08.000Z,1
2019-10-23T10:24:36.000Z,1
2019-10-23T11:08:17.000Z,1
2019-10-23T11:12:43.000Z,1
2019-10-23T11:31:02.000Z,1
2019-10-23T11:53:29.000Z,1
2019-10-23T11:59:43.000Z,1
2019-10-23T12:05:26.000Z,1
2019-10-23T12:05:55.000Z,1
2019-10-23T12:25:45.000Z,1
2019-10-23T13:00:34.000Z,1
2019-10-23T13:07:35.000Z,1
2019-10-23T14:01:03.000Z,1
2019-10-23T14:17:29.000Z,1
2019-10-23T14:23:00.000Z,1
2019-10-23T15:11:34.000Z,1
2019-10-23T15:12:18.000Z,1
2019-10-23T15:40:09.000Z,1
2019-10-23T16:03:31.000Z,1
2019-10-23T17:00:11.000Z,1
2019-10-23T17:00:20.000Z,1
2019-10-23T17:17:08.000Z,1
2019-10-23T17:23:18.000Z,2
2019-10-23T17:26:22.000Z,1
2019-10-23T17:27:56.000Z,1
2019-10-23T17:38:47.000Z,1
2019-10-23T17:43:01.000Z,2
2019-10-23T17:44:27.000Z,2
2019-10-23T17:52:13.000Z,1
2019-10-23T17:56:51.000Z,1
2019-10-23T18:17:39.000Z,1
2019-10-23T18:39:12.000Z,1
2019-10-23T18:40:17.000Z,1
2019-10-23T18:52:30.000Z,1
2019-10-23T18:58:31.000Z,1
2019-10-23T19:21:20.000Z,2
2019-10-23T19:25:59.000Z,2
2019-10-23T19:36:35.000Z,1
2019-10-23T19:42:55.000Z,2
2019-10-23T19:48:47.000Z,1
2019-10-23T19:52:44.000Z,1
2019-10-23T20:16:38.000Z,1
2019-10-23T20:35:48.000Z,1
2019-10-23T21:01:57.000Z,1
2019-10-23T21:15:19.000Z,1
2019-10-23T21:30:07.000Z,1
2019-10-23T22:01:12.000Z,1
2019-10-23T23:47:41.000Z,1
2019-10-24T06:14:38.000Z,1
2019-10-24T06:43:11.000Z,1
2019-10-24T06:54:01.000Z,1
2019-10-19T01:23:18.000Z,1
2019-10-19T01:23:50.000Z,1
2019-10-19T09:36:37.000Z,1
2019-10-19T09:42:21.000Z,1
2019-10-19T09:45:20.000Z,1
2019-10-19T10:03:45.000Z,1
2019-10-19T10:13:36.000Z,2
2019-10-19T10:27:38.000Z,1
2019-10-19T10:48:21.000Z,1
2019-10-19T10:54:33.000Z,1
2019-10-19T10:58:16.000Z,1
2019-10-19T11:06:01.000Z,1
2019-10-19T11:41:56.000Z,1
2019-10-19T11:50:03.000Z,1
2019-10-19T12:03:13.000Z,1
2019-10-19T13:58:07.000Z,1
2019-10-19T14:27:50.000Z,1
2019-10-19T16:46:27.000Z,1
2019-10-19T10:40:46.000Z,1
2019-10-19T11:03:32.000Z,1
2019-10-19T11:54:08.000Z,1
2019-10-19T12:22:06.000Z,1
2019-10-19T12:39:06.000Z,1
2019-10-19T13:11:55.000Z,1
2019-10-19T13:21:54.000Z,1
2019-10-19T13:28:35.000Z,1
2019-10-19T13:41:46.000Z,1
2019-10-19T13:52:35.000Z,1
2019-10-19T14:00:57.000Z,1
2019-10-19T14:20:00.000Z,1
2019-10-19T14:21:54.000Z,3
2019-10-19T14:29:40.000Z,2
2019-10-19T14:48:30.000Z,1
2019-10-19T14:59:24.000Z,1
2019-10-19T15:18:46.000Z,1
2019-10-19T15:32:53.000Z,1
2019-10-19T15:38:20.000Z,1
2019-10-19T15:55:29.000Z,3
2019-10-19T16:08:46.000Z,1
2019-10-19T16:09:47.000Z,1
2019-10-19T16:36:55.000Z,1
2019-10-19T16:55:59.000Z,1
2019-10-19T17:06:00.000Z,1
2019-10-19T17:06:48.000Z,1
2019-10-19T17:31:40.000Z,1
2019-10-19T17:46:05.000Z,1
2019-10-19T17:49:09.000Z,1
2019-10-19T17:53:10.000Z,1
2019-10-19T18:02:34.000Z,1
2019-10-19T18:09:18.000Z,1
2019-10-19T18:34:30.000Z,1
2019-10-19T19:26:15.000Z,1
2019-10-19T19:46:50.000Z,1
2019-10-19T20:00:26.000Z,1
2019-10-19T20:12:11.000Z,1
2019-10-19T20:30:05.000Z,1
2019-10-19T20:35:16.000Z,1
2019-10-19T20:42:29.000Z,1
2019-10-19T22:29:11.000Z,1
2019-10-19T23:15:28.000Z,1
2019-10-19T23:24:19.000Z,1
2019-10-20T00:33:39.000Z,1
2019-10-20T01:34:12.000Z,1
2019-10-20T08:18:00.000Z,1
2019-10-20T09:22:49.000Z,1
2019-10-20T10:28:36.000Z,2
2019-10-20T10:41:24.000Z,1
2019-10-20T11:32:50.000Z,1
2019-10-20T11:44:53.000Z,1
2019-10-20T12:12:48.000Z,1
2019-10-20T12:24:41.000Z,2
2019-10-20T12:33:01.000Z,1
2019-10-20T12:39:39.000Z,2
2019-10-20T13:02:28.000Z,2
2019-10-20T13:43:45.000Z,1
2019-10-20T13:44:47.000Z,1
2019-10-20T13:46:06.000Z,1
2019-10-20T13:55:33.000Z,1
2019-10-20T13:56:15.000Z,1
2019-10-20T14:18:11.000Z,1
2019-10-20T14:27:08.000Z,1
2019-10-20T14:47:35.000Z,1
2019-10-20T14:58:27.000Z,1
2019-10-20T14:59:54.000Z,1
2019-10-20T16:07:45.000Z,1
2019-10-20T16:56:01.000Z,1
2019-10-20T17:51:33.000Z,1
2019-10-20T18:26:35.000Z,2
2019-10-20T18:49:24.000Z,1
2019-10-20T19:15:57.000Z,2
2019-10-20T19:29:45.000Z,1
2019-10-20T19:45:53.000Z,1
2019-10-20T21:04:44.000Z,1
2019-10-20T21:30:11.000Z,1
2019-10-20T22:12:33.000Z,1
2019-10-20T22:36:38.000Z,1
2019-10-20T23:21:07.000Z,2
2019-10-21T05:38:16.000Z,1
2019-10-21T06:47:34.000Z,1
2019-10-21T06:47:49.000Z,1
2019-10-21T06:56:24.000Z,1
2019-10-21T07:04:10.000Z,1
2019-10-21T07:07:52.000Z,1
2019-10-21T07:09:37.000Z,1
2019-10-21T07:10:28.000Z,1
2019-10-21T07:26:06.000Z,1
2019-10-21T07:35:38.000Z,1
2019-10-21T07:36:33.000Z,2
2019-10-21T07:48:06.000Z,1
2019-10-21T07:54:00.000Z,1
2019-10-21T07:55:05.000Z,1
2019-10-21T08:04:25.000Z,1
2019-10-21T08:11:46.000Z,1
2019-10-21T09:00:22.000Z,1
2019-10-21T09:05:57.000Z,1
2019-10-21T09:12:35.000Z,1
2019-10-21T10:50:30.000Z,1
2019-10-21T10:55:17.000Z,1
2019-10-21T11:09:58.000Z,1
2019-10-21T11:13:30.000Z,1
2019-10-21T11:21:31.000Z,1
2019-10-21T11:32:39.000Z,1
2019-10-21T12:16:44.000Z,1
2019-10-21T14:48:42.000Z,1
2019-10-21T15:05:46.000Z,1
2019-10-21T15:14:11.000Z,1
2019-10-21T15:21:57.000Z,1
2019-10-21T15:28:07.000Z,1
2019-10-21T15:49:00.000Z,1
2019-10-21T15:57:46.000Z,1
2019-10-21T16:07:00.000Z,1
2019-10-21T16:37:21.000Z,2
2019-10-21T16:37:49.000Z,2
2019-10-21T16:39:07.000Z,1
2019-10-21T16:50:09.000Z,2
2019-10-21T17:14:46.000Z,1
2019-10-21T17:33:58.000Z,1
2019-10-21T17:47:16.000Z,2
2019-10-21T17:49:46.000Z,1
2019-10-21T17:50:21.000Z,1
2019-10-21T17:51:38.000Z,3
2019-10-21T18:10:56.000Z,1
2019-10-21T18:16:03.000Z,1
2019-10-21T18:21:50.000Z,2
2019-10-21T18:22:22.000Z,1
2019-10-21T18:28:35.000Z,1
2019-10-21T18:36:02.000Z,1
2019-10-21T18:43:42.000Z,1
2019-10-21T19:04:05.000Z,1
2019-10-21T19:49:34.000Z,1
2019-10-21T20:05:26.000Z,1
2019-10-21T20:33:11.000Z,1
2019-10-21T20:50:13.000Z,1
2019-10-21T21:01:57.000Z,1
2019-10-21T21:03:46.000Z,1
2019-10-21T22:03:32.000Z,1
2019-10-22T05:36:12.000Z,1
2019-10-22T05:47:29.000Z,1
2019-10-22T06:32:53.000Z,1
2019-10-22T06:59:22.000Z,1
2019-10-22T07:04:22.000Z,1
2019-10-22T07:06:35.000Z,1
2019-10-22T07:15:09.000Z,1
2019-10-22T07:15:30.000Z,1
2019-10-22T07:24:18.000Z,1
2019-10-22T07:37:54.000Z,1
2019-10-22T07:48:55.000Z,1
2019-10-22T07:51:47.000Z,1
2019-10-22T08:13:32.000Z,1
2019-10-22T08:21:54.000Z,1
2019-10-22T08:23:10.000Z,1
2019-10-22T08:30:05.000Z,1
2019-10-22T08:32:23.000Z,1
2019-10-22T09:06:20.000Z,1
2019-10-22T09:18:52.000Z,1
2019-10-22T09:35:14.000Z,1
2019-10-22T09:44:38.000Z,1
2019-10-22T10:49:26.000Z,1
2019-10-22T11:57:21.000Z,1
2019-10-22T12:04:50.000Z,1
2019-10-22T12:15:06.000Z,1
2019-10-22T13:23:27.000Z,1
2019-10-22T13:30:13.000Z,1
2019-10-22T14:23:39.000Z,1
2019-10-22T14:25:01.000Z,1
2019-10-22T14:33:26.000Z,1
2019-10-22T15:04:25.000Z,1
2019-10-22T15:36:43.000Z,1
2019-10-22T15:43:37.000Z,1
2019-10-22T16:19:00.000Z,1
2019-10-22T16:40:38.000Z,3
2019-10-22T16:48:48.000Z,1
2019-10-22T16:50:30.000Z,1
2019-10-22T17:03:21.000Z,2
2019-10-22T17:09:05.000Z,1
2019-10-22T17:22:37.000Z,1
2019-10-22T17:27:47.000Z,2
2019-10-22T17:34:00.000Z,1
2019-10-22T17:37:12.000Z,1
2019-10-22T17:45:09.000Z,1
2019-10-22T17:57:01.000Z,1
2019-10-22T18:02:23.000Z,1
2019-10-22T18:16:44.000Z,1
2019-10-22T18:17:11.000Z,2
2019-10-22T18:27:39.000Z,1
2019-10-22T18:33:53.000Z,1
2019-10-22T18:35:09.000Z,1
2019-10-22T18:46:03.000Z,1
2019-10-22T18:51:09.000Z,1
2019-10-22T18:56:02.000Z,1
2019-10-22T18:59:14.000Z,1
2019-10-22T19:07:00.000Z,1
2019-10-22T19:35:49.000Z,1
2019-10-22T19:55:09.000Z,1
2019-10-22T20:14:29.000Z,1
2019-10-22T20:22:44.000Z,1
2019-10-22T21:46:18.000Z,1
2019-10-23T00:12:54.000Z,1
2019-10-23T06:17:28.000Z,1
2019-10-23T06:39:09.000Z,1
2019-10-23T07:09:22.000Z,1
2019-10-23T07:33:05.000Z,1
2019-10-23T07:36:58.000Z,1
2019-10-23T07:59:31.000Z,1
2019-10-23T08:01:42.000Z,1
2019-10-23T08:09:55.000Z,1
2019-10-23T08:33:14.000Z,1
2019-10-23T08:39:27.000Z,1
2019-10-23T08:46:42.000Z,2
2019-10-23T09:12:38.000Z,1
2019-10-23T09:30:29.000Z,1
2019-10-23T09:53:52.000Z,1
2019-10-23T10:22:14.000Z,1
2019-10-23T10:31:51.000Z,1
2019-10-23T10:48:07.000Z,1
2019-10-23T10:59:19.000Z,1
2019-10-23T11:11:27.000Z,1
2019-10-23T11:14:22.000Z,1
2019-10-23T11:33:20.000Z,1
2019-10-23T11:33:42.000Z,1
2019-10-23T11:46:09.000Z,1
2019-10-23T11:57:04.000Z,1
2019-10-23T12:06:58.000Z,1
2019-10-23T13:48:14.000Z,1
2019-10-23T15:17:15.000Z,1
2019-10-23T15:34:16.000Z,1
2019-10-23T15:43:25.000Z,1
2019-10-23T16:09:20.000Z,1
2019-10-23T16:22:50.000Z,1
2019-10-23T16:26:46.000Z,1
2019-10-23T16:35:35.000Z,1
2019-10-23T16:50:27.000Z,2
2019-10-23T16:58:55.000Z,1
2019-10-23T17:00:47.000Z,1
2019-10-23T17:04:14.000Z,2
2019-10-23T17:09:01.000Z,2
2019-10-23T17:11:43.000Z,1
2019-10-23T17:12:38.000Z,1
2019-10-23T17:18:45.000Z,1
2019-10-23T17:22:22.000Z,1
2019-10-23T17:22:26.000Z,2
2019-10-23T17:25:02.000Z,1
2019-10-23T17:26:19.000Z,1
2019-10-23T17:40:23.000Z,1
2019-10-23T17:59:20.000Z,1
2019-10-23T18:00:32.000Z,2
2019-10-23T18:33:59.000Z,2
2019-10-23T18:37:24.000Z,1
2019-10-23T19:22:09.000Z,1
2019-10-23T19:26:39.000Z,1
2019-10-23T20:41:01.000Z,1
2019-10-23T22:06:47.000Z,1
2019-10-24T02:29:02.000Z,1
2019-10-24T05:09:01.000Z,1
2019-10-24T05:34:52.000Z,1
2019-10-24T06:31:42.000Z,1
2019-10-24T06:41:18.000Z,1
2019-10-24T07:00:26.000Z,1
2019-10-24T07:15:33.000Z,1
2019-10-24T07:31:22.000Z,1
2019-10-19T01:04:09.000Z,1
2019-10-19T08:46:15.000Z,1
2019-10-19T08:46:58.000Z,1
2019-10-19T09:16:36.000Z,1
2019-10-19T09:43:26.000Z,1
2019-10-19T09:50:44.000Z,1
2019-10-19T09:58:09.000Z,1
2019-10-19T10:57:26.000Z,1
2019-10-19T11:08:04.000Z,1
2019-10-19T11:26:11.000Z,1
2019-10-19T11:27:57.000Z,1
2019-10-19T11:42:22.000Z,1
2019-10-19T12:50:34.000Z,1
2019-10-19T13:26:30.000Z,2
2019-10-19T13:30:53.000Z,1
2019-10-19T13:34:38.000Z,1
2019-10-19T14:01:57.000Z,1
2019-10-19T14:05:54.000Z,2
2019-10-19T14:17:19.000Z,1
2019-10-19T14:33:15.000Z,1
2019-10-19T18:18:01.000Z,2
2019-10-19T09:30:50.000Z,1
2019-10-19T09:49:45.000Z,1
2019-10-19T09:51:39.000Z,1
2019-10-19T10:02:43.000Z,1
2019-10-19T12:16:54.000Z,1
2019-10-19T12:49:47.000Z,1
2019-10-19T13:19:56.000Z,2
2019-10-19T13:57:43.000Z,1
2019-10-19T14:15:27.000Z,2
2019-10-19T14:15:32.000Z,1
2019-10-19T14:25:14.000Z,2
2019-10-19T14:53:53.000Z,2
2019-10-19T15:04:42.000Z,1
2019-10-19T15:22:24.000Z,1
2019-10-19T15:25:40.000Z,1
2019-10-19T15:30:09.000Z,1
2019-10-19T15:54:35.000Z,1
2019-10-19T16:30:59.000Z,1
2019-10-19T16:46:39.000Z,1
2019-10-19T16:59:11.000Z,1
2019-10-19T17:12:55.000Z,1
2019-10-19T17:18:28.000Z,2
2019-10-19T17:35:42.000Z,1
2019-10-19T17:47:35.000Z,1
2019-10-19T17:49:35.000Z,1
2019-10-19T17:49:55.000Z,1
2019-10-19T18:05:01.000Z,1
2019-10-19T18:36:15.000Z,1
2019-10-19T18:52:05.000Z,1
2019-10-19T18:53:17.000Z,2
2019-10-19T19:03:40.000Z,1
2019-10-19T19:10:49.000Z,1
2019-10-19T19:11:41.000Z,1
2019-10-19T19:29:36.000Z,1
2019-10-19T19:32:36.000Z,1
2019-10-19T20:25:35.000Z,1
2019-10-19T20:54:16.000Z,1
2019-10-19T20:56:22.000Z,1
2019-10-19T21:12:04.000Z,1
2019-10-19T22:12:37.000Z,2
2019-10-19T23:14:22.000Z,2
2019-10-19T23:25:56.000Z,1
2019-10-20T00:01:47.000Z,1
2019-10-20T00:08:12.000Z,1
2019-10-20T00:24:42.000Z,1
2019-10-20T02:09:26.000Z,1
2019-10-20T08:29:27.000Z,1
2019-10-20T08:40:21.000Z,1
2019-10-20T09:07:05.000Z,1
2019-10-20T09:38:58.000Z,1
2019-10-20T10:08:13.000Z,1
2019-10-20T10:37:56.000Z,1
2019-10-20T10:53:06.000Z,1
2019-10-20T11:15:22.000Z,2
2019-10-20T11:31:38.000Z,2
2019-10-20T11:32:18.000Z,3
2019-10-20T11:46:47.000Z,3
2019-10-20T12:15:31.000Z,2
2019-10-20T12:24:06.000Z,1
2019-10-20T12:29:24.000Z,1
2019-10-20T13:01:41.000Z,1
2019-10-20T13:12:17.000Z,1
2019-10-20T13:12:56.000Z,1
2019-10-20T13:24:08.000Z,1
2019-10-20T14:06:22.000Z,1
2019-10-20T14:17:39.000Z,1
2019-10-20T14:32:42.000Z,1
2019-10-20T15:06:49.000Z,2
2019-10-20T15:14:10.000Z,1
2019-10-20T15:18:15.000Z,1
2019-10-20T15:23:43.000Z,1
2019-10-20T15:55:29.000Z,1
2019-10-20T16:18:33.000Z,1
2019-10-20T16:18:41.000Z,1
2019-10-20T16:34:40.000Z,1
2019-10-20T16:49:01.000Z,1
2019-10-20T16:55:26.000Z,1
2019-10-20T17:02:18.000Z,1
2019-10-20T17:42:18.000Z,1
2019-10-20T18:59:15.000Z,2
2019-10-20T20:02:44.000Z,1
2019-10-20T20:49:08.000Z,1
2019-10-20T21:06:07.000Z,1
2019-10-20T21:09:58.000Z,1
2019-10-20T21:32:23.000Z,1
2019-10-20T23:23:00.000Z,1
2019-10-21T05:45:08.000Z,1
2019-10-21T05:50:36.000Z,1
2019-10-21T07:16:10.000Z,1
2019-10-21T07:25:26.000Z,1
2019-10-21T07:43:22.000Z,1
2019-10-21T07:47:33.000Z,1
2019-10-21T07:57:05.000Z,1
2019-10-21T08:17:50.000Z,1
2019-10-21T08:20:15.000Z,2
2019-10-21T08:23:30.000Z,1
2019-10-21T08:31:02.000Z,1
2019-10-21T08:44:46.000Z,1
2019-10-21T09:25:55.000Z,1
2019-10-21T09:39:25.000Z,1
2019-10-21T09:46:11.000Z,1
2019-10-21T11:46:05.000Z,1
2019-10-21T12:12:48.000Z,1
2019-10-21T13:29:33.000Z,1
2019-10-21T14:38:20.000Z,1
2019-10-21T14:58:05.000Z,1
2019-10-21T15:01:21.000Z,1
2019-10-21T15:45:25.000Z,1
2019-10-21T15:50:29.000Z,1
2019-10-21T16:19:17.000Z,2
2019-10-21T16:31:56.000Z,1
2019-10-21T16:35:16.000Z,1
2019-10-21T16:50:03.000Z,1
2019-10-21T16:50:35.000Z,2
2019-10-21T16:59:23.000Z,1
2019-10-21T17:01:39.000Z,1
2019-10-21T17:04:11.000Z,1
2019-10-21T17:11:54.000Z,1
2019-10-21T17:17:36.000Z,2
2019-10-21T17:34:22.000Z,2
2019-10-21T17:35:48.000Z,1
2019-10-21T17:45:49.000Z,1
2019-10-21T17:56:52.000Z,1
2019-10-21T18:03:29.000Z,1
2019-10-21T18:04:07.000Z,1
2019-10-21T18:04:26.000Z,1
2019-10-21T18:10:07.000Z,1
2019-10-21T18:13:33.000Z,2
2019-10-21T18:20:52.000Z,1
2019-10-21T18:23:27.000Z,1
2019-10-21T18:24:09.000Z,1
2019-10-21T18:37:11.000Z,1
2019-10-21T19:10:16.000Z,1
2019-10-21T19:27:26.000Z,1
2019-10-21T19:46:35.000Z,1
2019-10-21T20:12:03.000Z,1
2019-10-21T20:27:11.000Z,1
2019-10-21T23:21:27.000Z,1
2019-10-22T06:05:59.000Z,1
2019-10-22T06:32:46.000Z,1
2019-10-22T06:39:24.000Z,1
2019-10-22T06:47:14.000Z,1
2019-10-22T06:49:08.000Z,2
2019-10-22T07:02:02.000Z,1
2019-10-22T07:19:00.000Z,1
2019-10-22T07:45:01.000Z,1
2019-10-22T08:03:36.000Z,2
2019-10-22T08:03:48.000Z,1
2019-10-22T08:05:25.000Z,1
2019-10-22T08:09:40.000Z,1
2019-10-22T08:12:37.000Z,1
2019-10-22T08:21:50.000Z,1
2019-10-22T08:47:45.000Z,1
2019-10-22T08:52:26.000Z,1
2019-10-22T09:11:13.000Z,1
2019-10-22T09:14:54.000Z,1
2019-10-22T09:36:39.000Z,1
2019-10-22T10:40:12.000Z,1
2019-10-22T10:55:38.000Z,1
2019-10-22T12:20:12.000Z,1
2019-10-22T14:43:44.000Z,1
2019-10-22T14:58:52.000Z,1
2019-10-22T15:01:54.000Z,1
2019-10-22T16:02:45.000Z,1
2019-10-22T16:04:05.000Z,2
2019-10-22T16:27:23.000Z,1
2019-10-22T16:29:25.000Z,1
2019-10-22T17:12:25.000Z,2
2019-10-22T17:12:26.000Z,1
2019-10-22T17:20:34.000Z,1
2019-10-22T17:21:45.000Z,2
2019-10-22T17:21:44.000Z,2
2019-10-22T17:23:36.000Z,1
2019-10-22T17:27:26.000Z,1
2019-10-22T17:34:37.000Z,1
2019-10-22T17:37:35.000Z,1
2019-10-22T18:05:51.000Z,1
2019-10-22T18:23:34.000Z,1
2019-10-22T18:32:32.000Z,1
2019-10-22T18:39:18.000Z,1
2019-10-22T18:43:48.000Z,1
2019-10-22T18:45:49.000Z,1
2019-10-22T18:52:57.000Z,1
2019-10-22T18:53:41.000Z,2
2019-10-22T19:25:22.000Z,1
2019-10-22T19:27:47.000Z,2
2019-10-22T19:30:17.000Z,1
2019-10-22T19:32:36.000Z,1
2019-10-22T20:02:17.000Z,1
2019-10-22T20:40:16.000Z,1
2019-10-22T21:31:16.000Z,1
2019-10-22T21:38:25.000Z,1
2019-10-22T21:57:58.000Z,1
2019-10-22T22:22:11.000Z,1
2019-10-23T00:56:38.000Z,1
2019-10-23T05:32:39.000Z,1
2019-10-23T06:03:52.000Z,1
2019-10-23T06:07:50.000Z,1
2019-10-23T07:04:45.000Z,1
2019-10-23T07:05:54.000Z,2
2019-10-23T07:10:37.000Z,2
2019-10-23T08:07:20.000Z,1
2019-10-23T08:11:50.000Z,1
2019-10-23T08:32:14.000Z,1
2019-10-23T08:57:37.000Z,1
2019-10-23T09:16:55.000Z,1
2019-10-23T09:50:12.000Z,1
2019-10-23T10:01:19.000Z,1
2019-10-23T10:06:36.000Z,1
2019-10-23T10:47:50.000Z,1
2019-10-23T11:00:13.000Z,1
2019-10-23T12:14:45.000Z,1
2019-10-23T13:20:26.000Z,1
2019-10-23T13:40:45.000Z,1
2019-10-23T14:43:59.000Z,1
2019-10-23T14:51:58.000Z,1
2019-10-23T14:54:07.000Z,1
2019-10-23T15:11:35.000Z,1
2019-10-23T15:25:55.000Z,1
2019-10-23T15:28:51.000Z,1
2019-10-23T15:45:48.000Z,1
2019-10-23T15:49:54.000Z,1
2019-10-23T16:06:11.000Z,1
2019-10-23T16:16:56.000Z,1
2019-10-23T17:06:44.000Z,2
2019-10-23T17:22:38.000Z,1
2019-10-23T17:37:25.000Z,1
2019-10-23T17:44:01.000Z,1
2019-10-23T17:59:40.000Z,1
2019-10-23T19:29:02.000Z,1
2019-10-23T19:30:42.000Z,1
2019-10-23T19:40:50.000Z,1
2019-10-23T20:53:34.000Z,1
2019-10-23T22:26:42.000Z,1
2019-10-24T05:26:39.000Z,1
2019-10-24T05:42:12.000Z,1
2019-10-24T06:34:27.000Z,1
2019-10-19T00:52:09.000Z,1
2019-10-19T01:59:45.000Z,1
2019-10-19T07:34:11.000Z,1
2019-10-19T09:17:04.000Z,1
2019-10-19T09:18:48.000Z,1
2019-10-19T09:46:00.000Z,1
2019-10-19T09:52:11.000Z,1
2019-10-19T09:53:45.000Z,1
2019-10-19T11:21:20.000Z,1
2019-10-19T11:28:39.000Z,1
2019-10-19T11:31:53.000Z,2
2019-10-19T11:32:12.000Z,1
2019-10-19T11:46:22.000Z,1
2019-10-19T11:53:20.000Z,1
2019-10-19T11:55:44.000Z,1
2019-10-19T12:03:07.000Z,3
2019-10-19T12:12:24.000Z,1
2019-10-19T13:10:13.000Z,2
2019-10-19T14:51:09.000Z,1
2019-10-19T18:05:17.000Z,1
2019-10-19T09:37:28.000Z,1
2019-10-19T11:07:42.000Z,1
2019-10-19T11:23:43.000Z,2
2019-10-19T11:29:34.000Z,1
2019-10-19T12:00:43.000Z,1
2019-10-19T12:11:22.000Z,1
2019-10-19T12:31:20.000Z,2
2019-10-19T12:42:04.000Z,1
2019-10-19T12:44:19.000Z,1
2019-10-19T12:50:17.000Z,1
2019-10-19T14:02:25.000Z,2
2019-10-19T14:16:32.000Z,2
2019-10-19T14:34:55.000Z,1
2019-10-19T15:15:29.000Z,1
2019-10-19T15:46:05.000Z,1
2019-10-19T15:58:35.000Z,1
2019-10-19T15:58:57.000Z,1
2019-10-19T16:02:04.000Z,1
2019-10-19T16:09:13.000Z,1
2019-10-19T16:25:38.000Z,2
2019-10-19T16:27:25.000Z,1
2019-10-19T16:52:01.000Z,1
2019-10-19T17:11:25.000Z,1
2019-10-19T17:24:10.000Z,1
2019-10-19T17:27:34.000Z,1
2019-10-19T17:52:53.000Z,1
2019-10-19T17:53:16.000Z,1
2019-10-19T17:55:20.000Z,1
2019-10-19T18:09:29.000Z,1
2019-10-19T18:18:25.000Z,1
2019-10-19T18:22:42.000Z,1
2019-10-19T18:37:03.000Z,1
2019-10-19T19:27:39.000Z,2
2019-10-19T20:27:45.000Z,1
2019-10-19T20:52:29.000Z,1
2019-10-19T21:26:06.000Z,1
2019-10-19T23:13:17.000Z,1
2019-10-19T23:49:01.000Z,1
2019-10-20T00:20:08.000Z,1
2019-10-20T00:32:33.000Z,1
2019-10-20T00:43:52.000Z,1
2019-10-20T07:12:25.000Z,1
2019-10-20T08:31:40.000Z,1
2019-10-20T08:40:40.000Z,2
2019-10-20T08:41:42.000Z,1
2019-10-20T09:45:24.000Z,1
2019-10-20T10:29:03.000Z,2
2019-10-20T10:31:00.000Z,1
2019-10-20T11:00:20.000Z,1
2019-10-20T11:00:32.000Z,1
2019-10-20T11:19:51.000Z,1
2019-10-20T11:27:59.000Z,1
2019-10-20T11:29:12.000Z,1
2019-10-20T11:29:32.000Z,1
2019-10-20T11:31:15.000Z,1
2019-10-20T11:49:14.000Z,1
2019-10-20T12:06:31.000Z,1
2019-10-20T12:07:08.000Z,1
2019-10-20T12:08:29.000Z,1
2019-10-20T12:09:48.000Z,1
2019-10-20T12:46:22.000Z,1
2019-10-20T13:23:07.000Z,1
2019-10-20T13:23:26.000Z,1
2019-10-20T14:04:01.000Z,1
2019-10-20T14:09:41.000Z,2
2019-10-20T14:11:20.000Z,1
2019-10-20T14:43:23.000Z,1
2019-10-20T15:01:02.000Z,1
2019-10-20T15:11:52.000Z,1
2019-10-20T15:18:22.000Z,1
2019-10-20T15:22:09.000Z,1
2019-10-20T15:34:25.000Z,1
2019-10-20T15:51:33.000Z,2
2019-10-20T15:53:35.000Z,1
2019-10-20T16:32:06.000Z,1
2019-10-20T16:43:07.000Z,1
2019-10-20T16:44:24.000Z,1
2019-10-20T16:54:14.000Z,1
2019-10-20T17:08:00.000Z,1
2019-10-20T17:10:06.000Z,1
2019-10-20T17:13:46.000Z,1
2019-10-20T17:24:17.000Z,1
2019-10-20T17:35:37.000Z,1
2019-10-20T17:44:28.000Z,1
2019-10-20T17:53:48.000Z,1
2019-10-20T18:37:31.000Z,1
2019-10-20T18:48:22.000Z,1
2019-10-20T19:02:08.000Z,1
2019-10-20T21:12:01.000Z,1
2019-10-20T23:08:34.000Z,1
2019-10-21T00:49:10.000Z,1
2019-10-21T02:11:12.000Z,1
2019-10-21T05:43:09.000Z,1
2019-10-21T06:02:30.000Z,1
2019-10-21T06:58:03.000Z,1
2019-10-21T07:06:10.000Z,2
2019-10-21T07:07:50.000Z,1
2019-10-21T07:42:04.000Z,1
2019-10-21T07:51:35.000Z,1
2019-10-21T07:54:10.000Z,1
2019-10-21T08:06:57.000Z,1
2019-10-21T08:10:32.000Z,1
2019-10-21T08:26:57.000Z,1
2019-10-21T08:40:42.000Z,1
2019-10-21T09:23:11.000Z,1
2019-10-21T10:52:11.000Z,1
2019-10-21T11:05:07.000Z,1
2019-10-21T11:16:03.000Z,2
2019-10-21T11:16:02.000Z,1
2019-10-21T11:42:43.000Z,1
2019-10-21T12:23:15.000Z,1
2019-10-21T12:50:45.000Z,2
2019-10-21T13:06:51.000Z,1
2019-10-21T13:13:30.000Z,1
2019-10-21T13:37:00.000Z,1
2019-10-21T13:44:54.000Z,1
2019-10-21T14:22:50.000Z,1
2019-10-21T14:41:43.000Z,1
2019-10-21T14:47:47.000Z,1
2019-10-21T14:57:35.000Z,1
2019-10-21T15:06:32.000Z,1
2019-10-21T15:58:27.000Z,1
2019-10-21T16:40:10.000Z,1
2019-10-21T16:40:22.000Z,1
2019-10-21T16:44:48.000Z,1
2019-10-21T17:05:49.000Z,1
2019-10-21T17:05:37.000Z,1
2019-10-21T17:13:28.000Z,1
2019-10-21T17:20:20.000Z,1
2019-10-21T17:33:41.000Z,1
2019-10-21T17:52:28.000Z,1
2019-10-21T18:12:06.000Z,1
2019-10-21T18:25:01.000Z,1
2019-10-21T18:35:45.000Z,1
2019-10-21T18:47:06.000Z,1
2019-10-21T19:20:24.000Z,1
2019-10-21T20:54:20.000Z,1
2019-10-21T21:31:49.000Z,1
2019-10-21T21:37:58.000Z,1
2019-10-21T23:21:35.000Z,1
2019-10-22T05:31:04.000Z,1
2019-10-22T06:30:25.000Z,1
2019-10-22T06:41:27.000Z,1
2019-10-22T06:55:51.000Z,1
2019-10-22T07:15:16.000Z,1
2019-10-22T07:43:13.000Z,1
2019-10-22T07:43:18.000Z,1
2019-10-22T07:44:21.000Z,1
2019-10-22T07:57:19.000Z,1
2019-10-22T08:10:37.000Z,1
2019-10-22T08:24:23.000Z,1
2019-10-22T08:33:16.000Z,2
2019-10-22T08:43:09.000Z,1
2019-10-22T08:49:49.000Z,1
2019-10-22T08:54:55.000Z,1
2019-10-22T08:55:09.000Z,1
2019-10-22T09:09:59.000Z,1
2019-10-22T09:29:58.000Z,1
2019-10-22T09:43:15.000Z,1
2019-10-22T10:27:44.000Z,1
2019-10-22T10:32:22.000Z,1
2019-10-22T12:13:14.000Z,1
2019-10-22T13:53:04.000Z,1
2019-10-22T14:05:29.000Z,1
2019-10-22T14:47:31.000Z,2
2019-10-22T15:21:42.000Z,1
2019-10-22T16:04:52.000Z,1
2019-10-22T16:22:24.000Z,1
2019-10-22T16:23:31.000Z,2
2019-10-22T16:25:42.000Z,2
2019-10-22T16:51:53.000Z,2
2019-10-22T16:56:05.000Z,1
2019-10-22T16:56:01.000Z,1
2019-10-22T17:26:41.000Z,2
2019-10-22T17:34:34.000Z,1
2019-10-22T17:48:03.000Z,1
2019-10-22T17:52:02.000Z,2
2019-10-22T18:01:06.000Z,1
2019-10-22T18:11:32.000Z,1
2019-10-22T18:15:57.000Z,1
2019-10-22T18:28:46.000Z,1
2019-10-22T18:30:34.000Z,1
2019-10-22T20:11:39.000Z,1
2019-10-22T20:30:47.000Z,1
2019-10-22T20:34:25.000Z,1
2019-10-22T20:37:33.000Z,1
2019-10-22T22:02:07.000Z,1
2019-10-22T22:22:20.000Z,1
2019-10-23T05:41:55.000Z,1
2019-10-23T06:01:00.000Z,1
2019-10-23T06:40:04.000Z,1
2019-10-23T06:44:36.000Z,1
2019-10-23T06:53:36.000Z,1
2019-10-23T06:59:55.000Z,1
2019-10-23T07:08:05.000Z,1
2019-10-23T07:17:22.000Z,1
2019-10-23T07:19:49.000Z,1
2019-10-23T08:05:20.000Z,3
2019-10-23T08:09:27.000Z,1
2019-10-23T08:21:14.000Z,1
2019-10-23T08:27:46.000Z,1
2019-10-23T08:32:09.000Z,1
2019-10-23T08:39:22.000Z,1
2019-10-23T08:42:21.000Z,1
2019-10-23T08:43:14.000Z,1
2019-10-23T08:43:46.000Z,1
2019-10-23T11:49:12.000Z,1
2019-10-23T12:18:15.000Z,1
2019-10-23T12:20:52.000Z,1
2019-10-23T12:28:13.000Z,1
2019-10-23T12:47:52.000Z,1
2019-10-23T12:56:13.000Z,1
2019-10-23T13:22:51.000Z,1
2019-10-23T13:48:33.000Z,1
2019-10-23T14:02:19.000Z,1
2019-10-23T14:22:44.000Z,1
2019-10-23T14:47:47.000Z,1
2019-10-23T15:03:47.000Z,1
2019-10-23T15:27:17.000Z,1
2019-10-23T15:47:13.000Z,1
2019-10-23T15:49:09.000Z,1
2019-10-23T15:51:04.000Z,2
2019-10-23T15:58:02.000Z,1
2019-10-23T16:00:26.000Z,1
2019-10-23T16:58:21.000Z,1
2019-10-23T17:02:10.000Z,1
2019-10-23T17:21:35.000Z,1
2019-10-23T17:35:31.000Z,1
2019-10-23T17:37:59.000Z,1
2019-10-23T17:40:45.000Z,1
2019-10-23T17:45:25.000Z,1
2019-10-23T17:49:34.000Z,1
2019-10-23T17:52:16.000Z,1
2019-10-23T17:54:05.000Z,1
2019-10-23T18:07:14.000Z,1
2019-10-23T18:25:44.000Z,1
2019-10-23T18:27:35.000Z,1
2019-10-23T18:38:12.000Z,1
2019-10-23T21:55:48.000Z,1
2019-10-24T01:04:57.000Z,1
2019-10-24T05:11:01.000Z,1
2019-10-24T06:26:22.000Z,1
2019-10-24T06:37:35.000Z,1
2019-10-24T07:07:02.000Z,2
2019-10-24T07:17:28.000Z,2
2019-10-24T07:19:08.000Z,1
2019-10-24T07:29:47.000Z,1
2019-10-19T01:38:31.000Z,1
2019-10-19T03:55:38.000Z,1
2019-10-19T06:50:50.000Z,1
2019-10-19T07:49:51.000Z,1
2019-10-19T08:36:10.000Z,1
2019-10-19T09:06:45.000Z,1
2019-10-19T09:26:00.000Z,1
2019-10-19T09:35:37.000Z,1
2019-10-19T09:56:10.000Z,1
2019-10-19T10:51:52.000Z,1
2019-10-19T11:02:37.000Z,1
2019-10-19T11:23:38.000Z,1
2019-10-19T11:29:09.000Z,2
2019-10-19T11:34:08.000Z,1
2019-10-19T12:50:30.000Z,1
2019-10-19T12:58:54.000Z,1
2019-10-19T13:16:43.000Z,1
2019-10-19T11:00:55.000Z,1
2019-10-19T11:24:51.000Z,2
2019-10-19T11:27:46.000Z,1
2019-10-19T11:39:33.000Z,1
2019-10-19T13:24:17.000Z,2
2019-10-19T13:39:43.000Z,1
2019-10-19T13:43:09.000Z,1
2019-10-19T13:44:16.000Z,1
2019-10-19T13:47:04.000Z,2
2019-10-19T14:53:48.000Z,1
2019-10-19T15:00:32.000Z,1
2019-10-19T15:03:18.000Z,1
2019-10-19T15:12:46.000Z,1
2019-10-19T15:26:30.000Z,2
2019-10-19T15:30:06.000Z,1
2019-10-19T15:39:26.000Z,1
2019-10-19T15:56:29.000Z,1
2019-10-19T16:26:42.000Z,2
2019-10-19T16:31:53.000Z,1
2019-10-19T16:33:48.000Z,1
2019-10-19T16:38:35.000Z,2
2019-10-19T16:42:25.000Z,1
2019-10-19T16:43:38.000Z,1
2019-10-19T16:45:23.000Z,1
2019-10-19T17:10:21.000Z,1
2019-10-19T17:28:23.000Z,1
2019-10-19T17:28:43.000Z,1
2019-10-19T17:49:19.000Z,1
2019-10-19T18:05:59.000Z,1
2019-10-19T18:41:10.000Z,1
2019-10-19T18:48:17.000Z,1
2019-10-19T18:58:09.000Z,1
2019-10-19T19:41:35.000Z,1
2019-10-19T19:42:07.000Z,1
2019-10-19T20:47:52.000Z,1
2019-10-19T21:08:05.000Z,1
2019-10-19T21:18:34.000Z,1
2019-10-19T22:51:02.000Z,2
2019-10-19T23:50:44.000Z,1
2019-10-20T01:05:21.000Z,1
2019-10-20T01:22:53.000Z,1
2019-10-20T01:36:21.000Z,1
2019-10-20T05:41:30.000Z,1
2019-10-20T08:21:06.000Z,1
2019-10-20T08:44:33.000Z,1
2019-10-20T09:25:34.000Z,1
2019-10-20T09:54:29.000Z,1
2019-10-20T10:34:11.000Z,1
2019-10-20T10:36:13.000Z,1
2019-10-20T10:42:00.000Z,1
2019-10-20T11:18:46.000Z,1
2019-10-20T11:48:04.000Z,1
2019-10-20T11:50:25.000Z,1
2019-10-20T11:52:45.000Z,1
2019-10-20T12:21:01.000Z,1
2019-10-20T12:22:32.000Z,1
2019-10-20T12:26:01.000Z,1
2019-10-20T13:16:00.000Z,1
2019-10-20T13:19:55.000Z,1
2019-10-20T13:34:44.000Z,1
2019-10-20T13:54:50.000Z,1
2019-10-20T13:55:16.000Z,1
2019-10-20T14:10:43.000Z,1
2019-10-20T14:12:32.000Z,1
2019-10-20T14:33:19.000Z,2
2019-10-20T14:34:41.000Z,1
2019-10-20T14:51:21.000Z,1
2019-10-20T14:52:10.000Z,1
2019-10-20T15:21:54.000Z,1
2019-10-20T15:41:39.000Z,1
2019-10-20T15:54:27.000Z,1
2019-10-20T16:19:39.000Z,1
2019-10-20T16:35:40.000Z,1
2019-10-20T16:40:40.000Z,3
2019-10-20T16:55:54.000Z,1
2019-10-20T17:01:44.000Z,1
2019-10-20T17:14:11.000Z,1
2019-10-20T17:43:56.000Z,1
2019-10-20T18:27:38.000Z,1
2019-10-20T18:57:25.000Z,1
2019-10-20T19:37:07.000Z,1
2019-10-20T20:24:14.000Z,1
2019-10-20T20:32:01.000Z,1
2019-10-20T20:34:13.000Z,1
2019-10-20T22:16:24.000Z,1
2019-10-21T05:46:27.000Z,1
2019-10-21T06:56:27.000Z,1
2019-10-21T07:05:52.000Z,1
2019-10-21T07:23:16.000Z,2
2019-10-21T07:29:28.000Z,1
2019-10-21T07:59:23.000Z,1
2019-10-21T08:00:23.000Z,1
2019-10-21T08:04:32.000Z,1
2019-10-21T08:37:11.000Z,1
2019-10-21T08:54:43.000Z,1
2019-10-21T10:42:51.000Z,1
2019-10-21T11:36:01.000Z,1
2019-10-21T13:03:29.000Z,1
2019-10-21T14:52:49.000Z,1
2019-10-21T14:57:03.000Z,1
2019-10-21T15:35:24.000Z,1
2019-10-21T15:38:13.000Z,1
2019-10-21T16:10:10.000Z,1
2019-10-21T16:10:22.000Z,1
2019-10-21T16:36:45.000Z,1
2019-10-21T16:51:13.000Z,1
2019-10-21T17:05:51.000Z,5
2019-10-21T17:06:04.000Z,2
2019-10-21T17:15:32.000Z,1
2019-10-21T17:22:33.000Z,1
2019-10-21T17:45:18.000Z,1
2019-10-21T17:49:11.000Z,1
2019-10-21T17:58:02.000Z,2
2019-10-21T18:00:24.000Z,1
2019-10-21T18:05:23.000Z,2
2019-10-21T18:10:49.000Z,1
2019-10-21T18:11:45.000Z,1
2019-10-21T18:37:41.000Z,1
2019-10-21T18:42:56.000Z,1
2019-10-21T19:15:25.000Z,1
2019-10-21T19:24:37.000Z,1
2019-10-21T19:26:54.000Z,1
2019-10-21T20:01:24.000Z,1
2019-10-21T22:59:55.000Z,1
2019-10-21T23:57:27.000Z,1
2019-10-22T00:59:03.000Z,1
2019-10-22T02:05:41.000Z,1
2019-10-22T05:32:49.000Z,1
2019-10-22T06:46:39.000Z,1
2019-10-22T06:48:37.000Z,1
2019-10-22T06:59:54.000Z,1
2019-10-22T07:37:28.000Z,1
2019-10-22T08:09:29.000Z,1
2019-10-22T08:22:09.000Z,1
2019-10-22T08:25:34.000Z,1
2019-10-22T08:33:05.000Z,1
2019-10-22T08:36:15.000Z,1
2019-10-22T08:50:22.000Z,1
2019-10-22T09:04:03.000Z,1
2019-10-22T10:33:31.000Z,1
2019-10-22T10:34:06.000Z,1
2019-10-22T11:18:31.000Z,1
2019-10-22T11:23:27.000Z,1
2019-10-22T11:37:48.000Z,1
2019-10-22T12:52:12.000Z,1
2019-10-22T13:05:31.000Z,1
2019-10-22T13:49:28.000Z,1
2019-10-22T14:40:14.000Z,1
2019-10-22T14:56:07.000Z,2
2019-10-22T14:59:34.000Z,1
2019-10-22T15:43:11.000Z,1
2019-10-22T16:11:31.000Z,2
2019-10-22T16:28:40.000Z,1
2019-10-22T17:00:47.000Z,1
2019-10-22T17:25:06.000Z,1
2019-10-22T17:28:17.000Z,1
2019-10-22T17:28:35.000Z,1
2019-10-22T17:32:39.000Z,1
2019-10-22T17:36:15.000Z,2
2019-10-22T17:41:54.000Z,1
2019-10-22T17:49:38.000Z,1
2019-10-22T18:06:45.000Z,1
2019-10-22T18:10:48.000Z,1
2019-10-22T18:39:30.000Z,1
2019-10-22T18:39:57.000Z,1
2019-10-22T18:56:43.000Z,1
2019-10-22T18:58:51.000Z,1
2019-10-22T19:12:06.000Z,1
2019-10-22T19:47:56.000Z,1
2019-10-22T20:12:22.000Z,1
2019-10-22T20:18:57.000Z,1
2019-10-22T21:28:06.000Z,1
2019-10-22T22:27:04.000Z,1
2019-10-22T22:36:56.000Z,1
2019-10-23T06:00:32.000Z,1
2019-10-23T06:47:20.000Z,1
2019-10-23T06:56:09.000Z,1
2019-10-23T06:57:49.000Z,1
2019-10-23T07:02:38.000Z,1
2019-10-23T07:17:49.000Z,1
2019-10-23T07:19:27.000Z,1
2019-10-23T07:31:59.000Z,1
2019-10-23T07:41:13.000Z,1
2019-10-23T07:51:22.000Z,1
2019-10-23T07:59:24.000Z,1
2019-10-23T08:02:39.000Z,1
2019-10-23T08:09:21.000Z,2
2019-10-23T08:12:00.000Z,1
2019-10-23T08:12:22.000Z,1
2019-10-23T08:28:59.000Z,1
2019-10-23T08:32:52.000Z,1
2019-10-23T08:50:25.000Z,1
2019-10-23T08:54:02.000Z,1
2019-10-23T08:59:49.000Z,1
2019-10-23T09:02:39.000Z,2
2019-10-23T09:56:19.000Z,1
2019-10-23T11:15:54.000Z,1
2019-10-23T11:24:08.000Z,1
2019-10-23T11:44:42.000Z,1
2019-10-23T12:24:11.000Z,1
2019-10-23T13:16:52.000Z,1
2019-10-23T13:23:00.000Z,1
2019-10-23T13:48:58.000Z,1
2019-10-23T14:23:30.000Z,1
2019-10-23T15:27:58.000Z,1
2019-10-23T15:44:07.000Z,2
2019-10-23T16:12:03.000Z,1
2019-10-23T16:30:20.000Z,1
2019-10-23T16:30:58.000Z,1
2019-10-23T16:43:07.000Z,1
2019-10-23T16:49:18.000Z,1
2019-10-23T17:06:56.000Z,1
2019-10-23T17:14:06.000Z,2
2019-10-23T17:32:59.000Z,2
2019-10-23T17:46:56.000Z,2
2019-10-23T17:58:35.000Z,1
2019-10-23T18:39:01.000Z,2
2019-10-23T18:47:08.000Z,2
2019-10-23T18:47:18.000Z,1
2019-10-23T19:05:36.000Z,1
2019-10-23T19:14:01.000Z,1
2019-10-23T19:22:20.000Z,1
2019-10-23T19:28:47.000Z,1
2019-10-23T19:30:25.000Z,1
2019-10-23T19:36:26.000Z,1
2019-10-23T19:54:54.000Z,1
2019-10-23T19:59:09.000Z,1
2019-10-23T20:04:39.000Z,1
2019-10-23T20:05:04.000Z,1
2019-10-23T20:26:29.000Z,1
2019-10-23T20:57:38.000Z,1
2019-10-23T23:56:49.000Z,1
2019-10-24T07:00:25.000Z,1
2019-10-24T07:03:30.000Z,1
2019-10-24T07:22:31.000Z,1
2019-10-19T01:40:32.000Z,1
2019-10-19T08:10:34.000Z,1
2019-10-19T08:36:07.000Z,1
2019-10-19T08:44:05.000Z,1
2019-10-19T09:43:50.000Z,1
2019-10-19T09:55:38.000Z,1
2019-10-19T10:39:37.000Z,1
2019-10-19T11:06:00.000Z,1
2019-10-19T11:08:01.000Z,1
2019-10-19T11:08:11.000Z,1
2019-10-19T11:20:09.000Z,1
2019-10-19T11:22:06.000Z,1
2019-10-19T11:24:10.000Z,1
2019-10-19T11:51:36.000Z,2
2019-10-19T12:02:28.000Z,1
2019-10-19T12:34:22.000Z,1
2019-10-19T13:24:22.000Z,2
2019-10-19T13:51:56.000Z,1
2019-10-19T17:10:32.000Z,1
2019-10-19T18:24:18.000Z,1
2019-10-20T11:08:17.000Z,1
2019-10-20T15:33:37.000Z,2
2019-10-19T10:57:20.000Z,1
2019-10-19T11:07:24.000Z,1
2019-10-19T13:29:48.000Z,2
2019-10-19T13:37:51.000Z,1
2019-10-19T13:50:04.000Z,1
2019-10-19T13:56:12.000Z,1
2019-10-19T13:57:11.000Z,1
2019-10-19T15:06:03.000Z,1
2019-10-19T15:11:53.000Z,1
2019-10-19T15:14:14.000Z,1
2019-10-19T15:21:52.000Z,1
2019-10-19T15:24:11.000Z,1
2019-10-19T15:42:23.000Z,1
2019-10-19T15:55:22.000Z,1
2019-10-19T16:09:39.000Z,1
2019-10-19T16:34:29.000Z,1
2019-10-19T16:35:35.000Z,2
2019-10-19T16:52:13.000Z,1
2019-10-19T16:54:03.000Z,1
2019-10-19T16:56:53.000Z,1
2019-10-19T17:06:47.000Z,1
2019-10-19T17:15:51.000Z,1
2019-10-19T17:55:03.000Z,1
2019-10-19T18:00:46.000Z,1
2019-10-19T18:01:32.000Z,1
2019-10-19T18:14:17.000Z,1
2019-10-19T18:22:44.000Z,1
2019-10-19T18:25:11.000Z,1
2019-10-19T20:04:58.000Z,1
2019-10-19T20:16:47.000Z,1
2019-10-19T20:24:04.000Z,1
2019-10-19T21:09:14.000Z,1
2019-10-19T21:31:38.000Z,2
2019-10-19T21:51:47.000Z,1
2019-10-19T23:01:08.000Z,1
2019-10-19T23:14:36.000Z,1
2019-10-20T01:35:33.000Z,1
2019-10-20T07:06:35.000Z,1
2019-10-20T07:38:27.000Z,1
2019-10-20T09:26:33.000Z,1
2019-10-20T09:29:56.000Z,1
2019-10-20T09:42:36.000Z,1
2019-10-20T10:19:50.000Z,1
2019-10-20T10:28:22.000Z,1
2019-10-20T10:49:05.000Z,1
2019-10-20T10:53:12.000Z,1
2019-10-20T11:35:51.000Z,1
2019-10-20T11:36:50.000Z,1
2019-10-20T11:44:03.000Z,1
2019-10-20T12:01:09.000Z,1
2019-10-20T12:05:26.000Z,1
2019-10-20T12:14:03.000Z,1
2019-10-20T12:21:17.000Z,1
2019-10-20T12:59:52.000Z,1
2019-10-20T13:50:10.000Z,1
2019-10-20T14:06:44.000Z,1
2019-10-20T14:30:04.000Z,2
2019-10-20T14:33:03.000Z,1
2019-10-20T14:37:51.000Z,1
2019-10-20T14:37:59.000Z,1
2019-10-20T14:50:09.000Z,1
2019-10-20T15:10:04.000Z,1
2019-10-20T15:11:14.000Z,1
2019-10-20T15:27:16.000Z,1
2019-10-20T15:36:27.000Z,1
2019-10-20T15:40:55.000Z,1
2019-10-20T16:12:54.000Z,1
2019-10-20T16:31:37.000Z,1
2019-10-20T18:06:48.000Z,2
2019-10-20T18:10:56.000Z,1
2019-10-20T18:18:47.000Z,1
2019-10-20T18:19:13.000Z,1
2019-10-20T18:38:11.000Z,1
2019-10-20T19:08:03.000Z,1
2019-10-20T20:32:03.000Z,1
2019-10-20T21:01:10.000Z,1
2019-10-20T21:06:03.000Z,1
2019-10-21T06:06:22.000Z,1
2019-10-21T06:35:09.000Z,1
2019-10-21T06:40:22.000Z,2
2019-10-21T06:54:50.000Z,1
2019-10-21T07:29:40.000Z,1
2019-10-21T08:04:42.000Z,1
2019-10-21T08:06:39.000Z,1
2019-10-21T08:14:49.000Z,1
2019-10-21T08:19:53.000Z,2
2019-10-21T08:21:47.000Z,1
2019-10-21T08:22:05.000Z,1
2019-10-21T08:31:31.000Z,1
2019-10-21T11:06:58.000Z,1
2019-10-21T11:24:11.000Z,1
2019-10-21T12:50:57.000Z,1
2019-10-21T13:40:11.000Z,1
2019-10-21T13:51:07.000Z,1
2019-10-21T14:11:56.000Z,1
2019-10-21T15:19:23.000Z,1
2019-10-21T15:31:30.000Z,1
2019-10-21T16:11:12.000Z,1
2019-10-21T16:21:40.000Z,1
2019-10-21T16:41:12.000Z,1
2019-10-21T16:48:21.000Z,1
2019-10-21T17:07:21.000Z,1
2019-10-21T17:07:51.000Z,2
2019-10-21T17:12:22.000Z,2
2019-10-21T17:13:52.000Z,1
2019-10-21T17:22:05.000Z,1
2019-10-21T17:31:59.000Z,1
2019-10-21T17:35:05.000Z,1
2019-10-21T17:36:33.000Z,1
2019-10-21T17:37:04.000Z,1
2019-10-21T17:45:59.000Z,1
2019-10-21T17:52:34.000Z,1
2019-10-21T17:57:01.000Z,1
2019-10-21T18:12:52.000Z,1
2019-10-21T19:26:21.000Z,1
2019-10-21T19:26:38.000Z,1
2019-10-21T19:31:26.000Z,1
2019-10-21T20:16:28.000Z,1
2019-10-21T20:21:04.000Z,1
2019-10-21T20:41:31.000Z,2
2019-10-21T20:53:27.000Z,1
2019-10-21T21:05:11.000Z,1
2019-10-21T23:26:16.000Z,1
2019-10-22T05:21:02.000Z,1
2019-10-22T06:39:14.000Z,1
2019-10-22T06:45:22.000Z,1
2019-10-22T07:21:16.000Z,1
2019-10-22T07:24:22.000Z,1
2019-10-22T07:35:41.000Z,1
2019-10-22T07:36:59.000Z,1
2019-10-22T07:40:49.000Z,1
2019-10-22T07:42:48.000Z,1
2019-10-22T07:48:56.000Z,1
2019-10-22T08:05:24.000Z,1
2019-10-22T08:05:58.000Z,1
2019-10-22T08:13:31.000Z,3
2019-10-22T08:18:49.000Z,2
2019-10-22T08:32:41.000Z,2
2019-10-22T08:35:52.000Z,1
2019-10-22T08:47:43.000Z,1
2019-10-22T08:51:19.000Z,1
2019-10-22T09:18:56.000Z,1
2019-10-22T09:31:25.000Z,1
2019-10-22T10:56:35.000Z,1
2019-10-22T11:47:18.000Z,1
2019-10-22T11:56:07.000Z,1
2019-10-22T12:49:11.000Z,1
2019-10-22T13:45:01.000Z,1
2019-10-22T13:46:05.000Z,1
2019-10-22T13:47:56.000Z,1
2019-10-22T14:01:18.000Z,1
2019-10-22T14:43:25.000Z,1
2019-10-22T15:33:27.000Z,1
2019-10-22T15:51:43.000Z,1
2019-10-22T16:18:37.000Z,1
2019-10-22T16:34:03.000Z,1
2019-10-22T16:44:07.000Z,2
2019-10-22T16:51:50.000Z,1
2019-10-22T16:59:30.000Z,2
2019-10-22T16:59:35.000Z,1
2019-10-22T17:15:49.000Z,2
2019-10-22T17:16:52.000Z,2
2019-10-22T17:17:32.000Z,2
2019-10-22T17:47:54.000Z,2
2019-10-22T18:01:15.000Z,2
2019-10-22T18:04:38.000Z,1
2019-10-22T18:22:53.000Z,1
2019-10-22T18:56:07.000Z,1
2019-10-22T19:53:28.000Z,1
2019-10-22T19:55:54.000Z,1
2019-10-22T21:00:22.000Z,1
2019-10-22T22:39:11.000Z,1
2019-10-22T23:04:52.000Z,1
2019-10-23T06:19:46.000Z,1
2019-10-23T06:42:29.000Z,1
2019-10-23T07:16:29.000Z,2
2019-10-23T07:35:20.000Z,1
2019-10-23T07:49:17.000Z,1
2019-10-23T07:53:13.000Z,1
2019-10-23T08:20:41.000Z,1
2019-10-23T08:31:50.000Z,1
2019-10-23T08:46:00.000Z,2
2019-10-23T08:48:58.000Z,1
2019-10-23T10:37:35.000Z,1
2019-10-23T12:05:23.000Z,1
2019-10-23T12:09:33.000Z,1
2019-10-23T12:33:51.000Z,1
2019-10-23T12:34:19.000Z,1
2019-10-23T12:39:40.000Z,1
2019-10-23T14:21:26.000Z,1
2019-10-23T14:27:36.000Z,1
2019-10-23T14:38:09.000Z,1
2019-10-23T14:48:21.000Z,1
2019-10-23T15:37:41.000Z,1
2019-10-23T15:42:22.000Z,1
2019-10-23T16:09:52.000Z,1
2019-10-23T16:14:38.000Z,2
2019-10-23T16:16:19.000Z,1
2019-10-23T16:40:34.000Z,1
2019-10-23T16:58:57.000Z,1
2019-10-23T17:08:23.000Z,1
2019-10-23T17:09:37.000Z,1
2019-10-23T17:17:13.000Z,2
2019-10-23T17:18:29.000Z,1
2019-10-23T17:19:36.000Z,3
2019-10-23T17:34:17.000Z,1
2019-10-23T17:38:49.000Z,1
2019-10-23T17:39:19.000Z,1
2019-10-23T17:44:48.000Z,1
2019-10-23T17:48:02.000Z,1
2019-10-23T17:48:13.000Z,3
2019-10-23T17:49:37.000Z,1
2019-10-23T17:58:55.000Z,1
2019-10-23T18:03:58.000Z,1
2019-10-23T18:13:39.000Z,2
2019-10-23T18:14:40.000Z,1
2019-10-23T18:14:46.000Z,1
2019-10-23T18:15:21.000Z,1
2019-10-23T18:22:19.000Z,1
2019-10-23T18:44:55.000Z,1
2019-10-23T19:29:48.000Z,1
2019-10-23T19:30:47.000Z,1
2019-10-23T19:35:36.000Z,1
2019-10-23T19:47:46.000Z,1
2019-10-23T20:07:14.000Z,1
2019-10-23T20:34:37.000Z,1
2019-10-23T20:56:34.000Z,1
2019-10-23T21:12:11.000Z,1
2019-10-23T22:24:24.000Z,1
2019-10-23T22:26:36.000Z,1
2019-10-23T23:28:40.000Z,1
2019-10-23T23:31:12.000Z,1
2019-10-24T05:38:31.000Z,1
2019-10-24T06:16:38.000Z,1
2019-10-24T06:56:21.000Z,1
2019-10-24T07:04:17.000Z,1
2019-10-24T07:25:01.000Z,1
2019-10-19T03:07:01.000Z,1
2019-10-19T06:40:45.000Z,1
2019-10-19T08:21:22.000Z,1
2019-10-19T09:20:52.000Z,1
2019-10-19T09:29:42.000Z,2
2019-10-19T09:43:47.000Z,1
2019-10-19T09:45:32.000Z,1
2019-10-19T10:12:48.000Z,1
2019-10-19T10:25:33.000Z,1
2019-10-19T10:51:19.000Z,1
2019-10-19T12:00:13.000Z,2
2019-10-19T12:05:38.000Z,1
2019-10-19T13:03:51.000Z,1
2019-10-19T13:37:32.000Z,1
2019-10-19T10:09:23.000Z,1
2019-10-19T11:56:20.000Z,1
2019-10-19T12:29:59.000Z,1
2019-10-19T12:49:28.000Z,1
2019-10-19T12:58:18.000Z,1
2019-10-19T13:14:08.000Z,1
2019-10-19T13:21:49.000Z,2
2019-10-19T13:36:46.000Z,1
2019-10-19T13:49:46.000Z,1
2019-10-19T13:56:41.000Z,1
2019-10-19T14:25:24.000Z,3
2019-10-19T14:29:07.000Z,1
2019-10-19T14:44:21.000Z,2
2019-10-19T14:56:43.000Z,1
2019-10-19T15:18:30.000Z,1
2019-10-19T15:25:50.000Z,1
2019-10-19T15:28:51.000Z,3
2019-10-19T15:37:42.000Z,1
2019-10-19T15:45:50.000Z,1
2019-10-19T15:52:03.000Z,1
2019-10-19T15:56:08.000Z,1
2019-10-19T16:00:32.000Z,1
2019-10-19T16:25:54.000Z,2
2019-10-19T16:25:57.000Z,2
2019-10-19T16:34:56.000Z,1
2019-10-19T16:51:20.000Z,2
2019-10-19T17:00:28.000Z,1
2019-10-19T17:00:56.000Z,2
2019-10-19T17:09:11.000Z,2
2019-10-19T17:18:35.000Z,1
2019-10-19T17:21:29.000Z,2
2019-10-19T17:32:45.000Z,1
2019-10-19T17:40:30.000Z,2
2019-10-19T17:51:43.000Z,1
2019-10-19T19:29:44.000Z,1
2019-10-19T19:45:44.000Z,1
2019-10-19T19:50:05.000Z,1
2019-10-19T20:52:56.000Z,1
2019-10-19T21:01:26.000Z,1
2019-10-19T21:08:07.000Z,1
2019-10-19T22:48:12.000Z,1
2019-10-20T00:37:23.000Z,1
2019-10-20T02:57:59.000Z,1
2019-10-20T03:08:44.000Z,1
2019-10-20T06:15:24.000Z,1
2019-10-20T08:53:05.000Z,1
2019-10-20T10:27:51.000Z,1
2019-10-20T10:34:37.000Z,2
2019-10-20T10:46:59.000Z,1
2019-10-20T11:25:20.000Z,2
2019-10-20T11:40:26.000Z,1
2019-10-20T11:50:08.000Z,1
2019-10-20T11:57:26.000Z,1
2019-10-20T12:03:30.000Z,1
2019-10-20T12:49:05.000Z,1
2019-10-20T12:53:59.000Z,2
2019-10-20T13:25:18.000Z,1
2019-10-20T13:54:37.000Z,1
2019-10-20T14:09:47.000Z,1
2019-10-20T14:18:54.000Z,1
2019-10-20T14:35:02.000Z,1
2019-10-20T14:37:01.000Z,2
2019-10-20T14:47:10.000Z,1
2019-10-20T15:13:08.000Z,1
2019-10-20T15:26:56.000Z,1
2019-10-20T15:39:26.000Z,1
2019-10-20T15:51:19.000Z,1
2019-10-20T16:25:15.000Z,1
2019-10-20T16:34:31.000Z,1
2019-10-20T17:03:42.000Z,1
2019-10-20T17:11:22.000Z,1
2019-10-20T17:42:51.000Z,1
2019-10-20T18:27:05.000Z,1
2019-10-20T20:37:45.000Z,1
2019-10-20T21:58:50.000Z,1
2019-10-21T05:17:32.000Z,1
2019-10-21T05:35:39.000Z,1
2019-10-21T05:38:05.000Z,1
2019-10-21T06:54:33.000Z,1
2019-10-21T07:34:09.000Z,1
2019-10-21T07:34:07.000Z,1
2019-10-21T07:40:25.000Z,1
2019-10-21T07:40:42.000Z,1
2019-10-21T07:49:41.000Z,2
2019-10-21T07:50:57.000Z,2
2019-10-21T08:07:18.000Z,1
2019-10-21T08:08:10.000Z,1
2019-10-21T08:20:39.000Z,2
2019-10-21T09:20:12.000Z,1
2019-10-21T09:25:47.000Z,1
2019-10-21T09:26:35.000Z,1
2019-10-21T09:45:22.000Z,1
2019-10-21T10:41:49.000Z,1
2019-10-21T11:06:46.000Z,1
2019-10-21T11:50:55.000Z,1
2019-10-21T12:35:11.000Z,1
2019-10-21T15:04:53.000Z,1
2019-10-21T15:47:54.000Z,1
2019-10-21T15:54:59.000Z,1
2019-10-21T15:56:17.000Z,1
2019-10-21T16:13:35.000Z,1
2019-10-21T16:20:20.000Z,1
2019-10-21T16:24:21.000Z,1
2019-10-21T16:26:44.000Z,1
2019-10-21T16:32:43.000Z,1
2019-10-21T17:12:12.000Z,1
2019-10-21T17:14:47.000Z,1
2019-10-21T17:19:20.000Z,2
2019-10-21T17:19:27.000Z,1
2019-10-21T17:20:24.000Z,1
2019-10-21T17:27:48.000Z,2
2019-10-21T17:33:23.000Z,1
2019-10-21T17:56:36.000Z,1
2019-10-21T18:01:20.000Z,1
2019-10-21T18:01:58.000Z,1
2019-10-21T18:03:45.000Z,1
2019-10-21T18:13:23.000Z,2
2019-10-21T18:53:42.000Z,1
2019-10-21T18:59:35.000Z,1
2019-10-21T19:03:59.000Z,1
2019-10-21T19:05:51.000Z,1
2019-10-21T19:27:55.000Z,1
2019-10-21T19:28:43.000Z,1
2019-10-21T20:28:15.000Z,1
2019-10-21T21:32:28.000Z,1
2019-10-22T06:06:05.000Z,1
2019-10-22T06:25:07.000Z,1
2019-10-22T06:47:21.000Z,1
2019-10-22T07:13:39.000Z,1
2019-10-22T07:23:02.000Z,1
2019-10-22T07:33:06.000Z,1
2019-10-22T07:39:35.000Z,1
2019-10-22T07:57:27.000Z,2
2019-10-22T08:01:40.000Z,1
2019-10-22T08:15:38.000Z,1
2019-10-22T08:20:17.000Z,1
2019-10-22T08:40:21.000Z,1
2019-10-22T08:49:28.000Z,1
2019-10-22T09:02:54.000Z,1
2019-10-22T09:08:38.000Z,1
2019-10-22T09:15:03.000Z,1
2019-10-22T09:19:04.000Z,1
2019-10-22T09:40:52.000Z,1
2019-10-22T09:41:23.000Z,1
2019-10-22T10:51:05.000Z,1
2019-10-22T11:20:52.000Z,1
2019-10-22T12:05:32.000Z,1
2019-10-22T12:47:10.000Z,2
2019-10-22T15:29:22.000Z,1
2019-10-22T15:55:52.000Z,1
2019-10-22T16:04:42.000Z,1
2019-10-22T16:15:07.000Z,2
2019-10-22T16:19:23.000Z,1
2019-10-22T16:46:05.000Z,1
2019-10-22T16:57:06.000Z,1
2019-10-22T17:03:44.000Z,2
2019-10-22T17:06:56.000Z,1
2019-10-22T17:25:12.000Z,2
2019-10-22T17:26:16.000Z,1
2019-10-22T17:26:23.000Z,1
2019-10-22T17:55:32.000Z,1
2019-10-22T18:01:58.000Z,1
2019-10-22T18:03:14.000Z,1
2019-10-22T18:30:16.000Z,1
2019-10-22T19:08:04.000Z,1
2019-10-22T19:53:57.000Z,1
2019-10-22T20:11:15.000Z,1
2019-10-22T20:44:54.000Z,1
2019-10-23T05:45:42.000Z,2
2019-10-23T06:26:30.000Z,1
2019-10-23T06:32:34.000Z,1
2019-10-23T06:56:12.000Z,1
2019-10-23T07:01:55.000Z,1
2019-10-23T07:05:34.000Z,1
2019-10-23T07:20:37.000Z,1
2019-10-23T07:28:24.000Z,1
2019-10-23T08:13:46.000Z,1
2019-10-23T08:18:54.000Z,1
2019-10-23T08:21:38.000Z,1
2019-10-23T08:31:03.000Z,2
2019-10-23T08:39:10.000Z,2
2019-10-23T08:56:37.000Z,1
2019-10-23T08:57:57.000Z,1
2019-10-23T09:13:24.000Z,1
2019-10-23T09:41:29.000Z,1
2019-10-23T09:44:58.000Z,1
2019-10-23T09:48:17.000Z,2
2019-10-23T10:06:09.000Z,1
2019-10-23T10:19:14.000Z,1
2019-10-23T11:21:55.000Z,1
2019-10-23T11:54:18.000Z,1
2019-10-23T11:57:45.000Z,1
2019-10-23T12:09:25.000Z,1
2019-10-23T13:30:47.000Z,1
2019-10-23T13:59:28.000Z,1
2019-10-23T14:17:40.000Z,1
2019-10-23T15:23:45.000Z,1
2019-10-23T15:34:25.000Z,1
2019-10-23T15:50:02.000Z,1
2019-10-23T16:22:38.000Z,1
2019-10-23T16:31:41.000Z,2
2019-10-23T16:43:34.000Z,1
2019-10-23T16:53:40.000Z,1
2019-10-23T16:56:28.000Z,1
2019-10-23T17:01:38.000Z,1
2019-10-23T17:07:46.000Z,1
2019-10-23T17:15:08.000Z,1
2019-10-23T17:18:25.000Z,2
2019-10-23T17:34:42.000Z,1
2019-10-23T17:45:02.000Z,2
2019-10-23T17:54:03.000Z,1
2019-10-23T17:58:51.000Z,1
2019-10-23T18:24:07.000Z,1
2019-10-23T18:30:10.000Z,1
2019-10-23T18:34:32.000Z,1
2019-10-23T18:48:49.000Z,1
2019-10-23T18:51:17.000Z,1
2019-10-23T19:03:56.000Z,2
2019-10-23T19:11:21.000Z,1
2019-10-23T19:30:34.000Z,1
2019-10-23T19:53:54.000Z,1
2019-10-23T20:06:10.000Z,1
2019-10-23T20:19:26.000Z,1
2019-10-23T20:19:31.000Z,1
2019-10-23T20:32:10.000Z,1
2019-10-23T20:40:54.000Z,1
2019-10-23T21:05:09.000Z,1
2019-10-23T21:54:52.000Z,1
2019-10-23T23:37:00.000Z,1
2019-10-24T05:23:00.000Z,1
2019-10-24T06:41:52.000Z,1
2019-10-24T06:52:25.000Z,1
2019-10-24T06:57:40.000Z,1
2019-10-24T07:02:28.000Z,1
2019-10-24T07:02:46.000Z,1
2019-10-24T07:26:49.000Z,1
2019-10-19T00:13:15.000Z,1
2019-10-19T00:24:57.000Z,1
2019-10-19T02:07:46.000Z,1
2019-10-19T07:19:24.000Z,1
2019-10-19T07:39:26.000Z,1
2019-10-19T08:37:30.000Z,1
2019-10-19T08:56:11.000Z,1
2019-10-19T09:18:45.000Z,1
2019-10-19T09:45:53.000Z,1
2019-10-19T10:14:52.000Z,1
2019-10-19T10:42:56.000Z,1
2019-10-19T11:01:11.000Z,2
2019-10-19T11:11:03.000Z,1
2019-10-19T12:10:20.000Z,1
2019-10-19T13:23:08.000Z,1
2019-10-19T13:37:11.000Z,1
2019-10-19T14:46:43.000Z,2
2019-10-19T17:07:02.000Z,1
2019-10-19T12:23:34.000Z,1
2019-10-19T12:36:55.000Z,1
2019-10-19T12:45:50.000Z,1
2019-10-19T12:47:23.000Z,1
2019-10-19T13:01:25.000Z,1
2019-10-19T13:02:57.000Z,1
2019-10-19T13:47:17.000Z,1
2019-10-19T13:56:11.000Z,2
2019-10-19T14:06:37.000Z,1
2019-10-19T14:37:01.000Z,1
2019-10-19T14:40:58.000Z,1
2019-10-19T15:06:09.000Z,1
2019-10-19T15:23:12.000Z,1
2019-10-19T15:29:17.000Z,1
2019-10-19T15:34:13.000Z,1
2019-10-19T15:44:18.000Z,1
2019-10-19T15:57:27.000Z,1
2019-10-19T16:01:00.000Z,1
2019-10-19T16:23:52.000Z,1
2019-10-19T16:38:08.000Z,1
2019-10-19T17:11:19.000Z,1
2019-10-19T17:15:46.000Z,1
2019-10-19T17:19:09.000Z,1
2019-10-19T17:21:52.000Z,1
2019-10-19T17:34:26.000Z,1
2019-10-19T17:41:22.000Z,1
2019-10-19T17:47:43.000Z,1
2019-10-19T18:01:36.000Z,2
2019-10-19T19:57:22.000Z,1
2019-10-19T20:41:27.000Z,1
2019-10-19T21:19:25.000Z,1
2019-10-19T21:20:04.000Z,1
2019-10-19T22:28:07.000Z,1
2019-10-19T22:38:17.000Z,1
2019-10-19T23:49:44.000Z,1
2019-10-20T00:52:55.000Z,1
2019-10-20T02:21:09.000Z,1
2019-10-20T03:12:04.000Z,1
2019-10-20T04:55:40.000Z,1
2019-10-20T06:04:21.000Z,1
2019-10-20T08:02:00.000Z,1
2019-10-20T09:12:24.000Z,1
2019-10-20T09:21:16.000Z,1
2019-10-20T09:22:00.000Z,1
2019-10-20T10:01:38.000Z,1
2019-10-20T10:24:00.000Z,1
2019-10-20T11:08:43.000Z,1
2019-10-20T11:08:55.000Z,1
2019-10-20T11:22:44.000Z,2
2019-10-20T11:44:56.000Z,1
2019-10-20T11:55:31.000Z,1
2019-10-20T12:01:18.000Z,1
2019-10-20T12:06:59.000Z,1
2019-10-20T12:08:18.000Z,1
2019-10-20T12:09:40.000Z,1
2019-10-20T12:26:43.000Z,1
2019-10-20T13:03:29.000Z,1
2019-10-20T13:06:34.000Z,1
2019-10-20T13:09:54.000Z,2
2019-10-20T13:23:18.000Z,2
2019-10-20T13:50:39.000Z,1
2019-10-20T14:14:41.000Z,1
2019-10-20T14:32:10.000Z,1
2019-10-20T14:33:48.000Z,2
2019-10-20T14:42:09.000Z,1
2019-10-20T14:43:41.000Z,1
2019-10-20T14:45:20.000Z,1
2019-10-20T15:25:01.000Z,1
2019-10-20T15:36:46.000Z,1
2019-10-20T15:37:01.000Z,1
2019-10-20T16:03:16.000Z,1
2019-10-20T16:39:13.000Z,1
2019-10-20T17:09:29.000Z,2
2019-10-20T17:10:38.000Z,1
2019-10-20T17:51:41.000Z,1
2019-10-20T18:20:58.000Z,1
2019-10-20T18:32:47.000Z,1
2019-10-20T19:09:25.000Z,1
2019-10-20T19:47:59.000Z,1
2019-10-20T20:50:47.000Z,1
2019-10-20T21:21:24.000Z,1
2019-10-20T21:46:02.000Z,1
2019-10-21T06:09:55.000Z,1
2019-10-21T06:52:16.000Z,1
2019-10-21T06:58:48.000Z,1
2019-10-21T07:11:19.000Z,2
2019-10-21T07:12:04.000Z,1
2019-10-21T07:51:19.000Z,1
2019-10-21T07:55:35.000Z,1
2019-10-21T07:59:30.000Z,2
2019-10-21T08:03:10.000Z,1
2019-10-21T08:05:11.000Z,1
2019-10-21T08:10:03.000Z,2
2019-10-21T08:16:06.000Z,1
2019-10-21T08:25:23.000Z,1
2019-10-21T08:37:39.000Z,3
2019-10-21T08:53:22.000Z,1
2019-10-21T10:35:48.000Z,1
2019-10-21T11:20:08.000Z,1
2019-10-21T11:21:16.000Z,1
2019-10-21T11:50:43.000Z,1
2019-10-21T12:20:20.000Z,1
2019-10-21T12:35:31.000Z,1
2019-10-21T13:27:53.000Z,1
2019-10-21T14:29:02.000Z,1
2019-10-21T14:52:32.000Z,1
2019-10-21T15:04:42.000Z,1
2019-10-21T15:51:39.000Z,1
2019-10-21T15:55:58.000Z,1
2019-10-21T16:14:44.000Z,1
2019-10-21T16:21:12.000Z,1
2019-10-21T16:46:20.000Z,3
2019-10-21T16:47:13.000Z,1
2019-10-21T16:53:31.000Z,3
2019-10-21T17:28:31.000Z,2
2019-10-21T17:31:44.000Z,2
2019-10-21T17:43:18.000Z,1
2019-10-21T17:52:04.000Z,3
2019-10-21T17:53:32.000Z,1
2019-10-21T18:24:27.000Z,1
2019-10-21T18:26:39.000Z,1
2019-10-21T18:27:38.000Z,1
2019-10-21T18:35:05.000Z,2
2019-10-21T18:50:20.000Z,1
2019-10-21T18:58:01.000Z,2
2019-10-21T19:01:08.000Z,2
2019-10-21T19:27:06.000Z,1
2019-10-21T19:35:34.000Z,1
2019-10-21T19:37:19.000Z,1
2019-10-21T20:13:38.000Z,1
2019-10-21T21:22:07.000Z,1
2019-10-21T21:31:56.000Z,1
2019-10-21T21:41:42.000Z,1
2019-10-21T22:38:48.000Z,1
2019-10-22T06:51:45.000Z,1
2019-10-22T07:15:58.000Z,2
2019-10-22T07:25:13.000Z,1
2019-10-22T07:31:37.000Z,1
2019-10-22T07:56:09.000Z,1
2019-10-22T08:01:42.000Z,1
2019-10-22T08:24:45.000Z,2
2019-10-22T08:26:46.000Z,1
2019-10-22T08:32:27.000Z,1
2019-10-22T09:15:50.000Z,1
2019-10-22T09:17:24.000Z,2
2019-10-22T09:37:07.000Z,1
2019-10-22T09:40:23.000Z,1
2019-10-22T09:43:23.000Z,1
2019-10-22T10:11:30.000Z,1
2019-10-22T11:05:37.000Z,2
2019-10-22T13:21:39.000Z,1
2019-10-22T14:11:53.000Z,1
2019-10-22T14:17:02.000Z,2
2019-10-22T14:51:53.000Z,1
2019-10-22T14:58:53.000Z,1
2019-10-22T15:05:55.000Z,1
2019-10-22T15:15:07.000Z,1
2019-10-22T15:16:37.000Z,1
2019-10-22T15:22:39.000Z,1
2019-10-22T15:25:20.000Z,1
2019-10-22T16:03:36.000Z,1
2019-10-22T16:08:29.000Z,1
2019-10-22T16:37:03.000Z,1
2019-10-22T16:45:19.000Z,2
2019-10-22T16:47:16.000Z,3
2019-10-22T16:47:40.000Z,1
2019-10-22T17:05:23.000Z,1
2019-10-22T17:17:27.000Z,2
2019-10-22T17:25:08.000Z,1
2019-10-22T17:35:16.000Z,1
2019-10-22T17:47:52.000Z,1
2019-10-22T17:57:56.000Z,1
2019-10-22T18:08:37.000Z,1
2019-10-22T18:56:21.000Z,1
2019-10-22T19:32:00.000Z,1
2019-10-22T20:44:09.000Z,1
2019-10-22T22:21:42.000Z,1
2019-10-23T05:31:46.000Z,1
2019-10-23T06:59:35.000Z,1
2019-10-23T07:08:46.000Z,1
2019-10-23T07:47:47.000Z,2
2019-10-23T08:21:28.000Z,2
2019-10-23T08:25:05.000Z,1
2019-10-23T08:42:58.000Z,1
2019-10-23T08:43:49.000Z,1
2019-10-23T10:44:31.000Z,1
2019-10-23T10:51:46.000Z,1
2019-10-23T12:11:56.000Z,1
2019-10-23T12:31:42.000Z,1
2019-10-23T12:39:22.000Z,1
2019-10-23T12:50:11.000Z,1
2019-10-23T12:55:33.000Z,1
2019-10-23T13:18:27.000Z,1
2019-10-23T13:36:36.000Z,1
2019-10-23T14:20:20.000Z,1
2019-10-23T15:07:01.000Z,1
2019-10-23T15:34:02.000Z,1
2019-10-23T15:34:44.000Z,1
2019-10-23T15:48:26.000Z,1
2019-10-23T16:09:56.000Z,1
2019-10-23T16:21:44.000Z,1
2019-10-23T16:37:08.000Z,1
2019-10-23T16:51:05.000Z,1
2019-10-23T16:52:56.000Z,1
2019-10-23T17:03:01.000Z,2
2019-10-23T17:17:29.000Z,1
2019-10-23T17:21:05.000Z,1
2019-10-23T17:24:19.000Z,1
2019-10-23T17:24:36.000Z,1
2019-10-23T18:10:13.000Z,2
2019-10-23T18:11:30.000Z,1
2019-10-23T18:29:22.000Z,1
2019-10-23T18:41:32.000Z,1
2019-10-23T18:41:54.000Z,1
2019-10-23T18:46:23.000Z,1
2019-10-23T19:06:13.000Z,1
2019-10-23T19:27:33.000Z,1
2019-10-23T19:30:41.000Z,1
2019-10-23T19:56:05.000Z,2
2019-10-23T21:10:09.000Z,1
2019-10-23T21:28:12.000Z,1
2019-10-23T22:22:58.000Z,1
2019-10-23T23:07:03.000Z,1
2019-10-23T23:23:46.000Z,1
2019-10-24T06:08:34.000Z,1
2019-10-24T07:12:02.000Z,1
2019-10-24T07:13:05.000Z,1
2019-10-24T07:23:55.000Z,1
2019-10-19T05:53:02.000Z,1
2019-10-19T07:48:06.000Z,1
2019-10-19T08:18:25.000Z,1
2019-10-19T09:21:17.000Z,1
2019-10-19T09:24:03.000Z,1
2019-10-19T09:28:34.000Z,1
2019-10-19T09:49:39.000Z,1
2019-10-19T10:27:09.000Z,1
2019-10-19T10:36:37.000Z,1
2019-10-19T11:21:30.000Z,1
2019-10-19T12:10:50.000Z,1
2019-10-19T12:27:01.000Z,1
2019-10-19T12:31:54.000Z,1
2019-10-19T14:28:21.000Z,1
2019-10-19T14:35:16.000Z,1
2019-10-19T14:38:23.000Z,1
2019-10-19T18:54:17.000Z,1
2019-10-19T10:51:33.000Z,1
2019-10-19T12:11:25.000Z,1
2019-10-19T12:13:48.000Z,1
2019-10-19T12:50:48.000Z,1
2019-10-19T14:16:52.000Z,1
2019-10-19T14:17:36.000Z,1
2019-10-19T14:19:49.000Z,1
2019-10-19T14:22:40.000Z,1
2019-10-19T14:28:25.000Z,1
2019-10-19T14:48:52.000Z,1
2019-10-19T15:06:00.000Z,1
2019-10-19T15:19:15.000Z,3
2019-10-19T15:59:33.000Z,1
2019-10-19T16:10:07.000Z,2
2019-10-19T16:16:16.000Z,1
2019-10-19T16:39:15.000Z,1
2019-10-19T16:42:24.000Z,2
2019-10-19T16:53:06.000Z,2
2019-10-19T16:56:17.000Z,1
2019-10-19T17:11:14.000Z,1
2019-10-19T18:40:40.000Z,1
2019-10-19T19:13:51.000Z,1
2019-10-19T19:30:26.000Z,1
2019-10-19T20:04:48.000Z,1
2019-10-19T21:05:37.000Z,1
2019-10-19T21:33:21.000Z,2
2019-10-19T22:00:08.000Z,1
2019-10-19T22:02:24.000Z,1
2019-10-19T23:21:38.000Z,1
2019-10-20T09:00:18.000Z,1
2019-10-20T09:55:15.000Z,2
2019-10-20T10:25:16.000Z,1
2019-10-20T10:43:32.000Z,1
2019-10-20T11:06:11.000Z,1
2019-10-20T11:21:11.000Z,1
2019-10-20T11:34:05.000Z,1
2019-10-20T11:37:53.000Z,1
2019-10-20T11:57:56.000Z,2
2019-10-20T12:22:45.000Z,1
2019-10-20T13:04:30.000Z,1
2019-10-20T13:16:33.000Z,1
2019-10-20T13:18:55.000Z,1
2019-10-20T13:23:02.000Z,1
2019-10-20T13:24:59.000Z,2
2019-10-20T13:36:21.000Z,1
2019-10-20T13:43:16.000Z,1
2019-10-20T13:44:03.000Z,1
2019-10-20T13:52:06.000Z,1
2019-10-20T14:24:12.000Z,1
2019-10-20T15:08:24.000Z,1
2019-10-20T15:13:55.000Z,1
2019-10-20T15:31:09.000Z,1
2019-10-20T15:31:38.000Z,1
2019-10-20T15:42:10.000Z,2
2019-10-20T15:43:06.000Z,2
2019-10-20T15:51:20.000Z,1
2019-10-20T15:59:53.000Z,1
2019-10-20T16:06:56.000Z,1
2019-10-20T16:23:30.000Z,1
2019-10-20T16:45:23.000Z,1
2019-10-20T16:47:43.000Z,1
2019-10-20T16:55:22.000Z,1
2019-10-20T17:07:30.000Z,1
2019-10-20T17:09:10.000Z,1
2019-10-20T17:20:26.000Z,1
2019-10-20T17:23:21.000Z,2
2019-10-20T17:23:32.000Z,1
2019-10-20T18:00:43.000Z,1
2019-10-20T18:45:42.000Z,1
2019-10-20T18:59:23.000Z,1
2019-10-20T20:24:54.000Z,1
2019-10-20T20:39:19.000Z,4
2019-10-20T20:45:43.000Z,1
2019-10-20T21:02:05.000Z,1
2019-10-20T21:11:08.000Z,1
2019-10-21T05:51:33.000Z,1
2019-10-21T06:58:16.000Z,2
2019-10-21T07:09:49.000Z,2
2019-10-21T07:35:02.000Z,1
2019-10-21T07:56:30.000Z,2
2019-10-21T07:58:01.000Z,1
2019-10-21T08:01:30.000Z,1
2019-10-21T08:05:35.000Z,1
2019-10-21T08:12:54.000Z,1
2019-10-21T08:17:37.000Z,1
2019-10-21T08:22:28.000Z,1
2019-10-21T08:38:43.000Z,1
2019-10-21T09:03:41.000Z,1
2019-10-21T09:06:30.000Z,1
2019-10-21T09:07:13.000Z,1
2019-10-21T09:22:46.000Z,1
2019-10-21T11:03:43.000Z,1
2019-10-21T11:04:06.000Z,1
2019-10-21T11:28:08.000Z,1
2019-10-21T11:36:47.000Z,1
2019-10-21T11:47:13.000Z,1
2019-10-21T14:44:04.000Z,1
2019-10-21T14:53:09.000Z,1
2019-10-21T14:54:39.000Z,1
2019-10-21T15:05:26.000Z,1
2019-10-21T15:28:47.000Z,1
2019-10-21T15:37:33.000Z,1
2019-10-21T15:51:16.000Z,3
2019-10-21T16:00:20.000Z,2
2019-10-21T16:11:16.000Z,1
2019-10-21T16:24:45.000Z,1
2019-10-21T16:30:53.000Z,1
2019-10-21T16:33:28.000Z,1
2019-10-21T16:34:24.000Z,1
2019-10-21T16:44:15.000Z,1
2019-10-21T16:47:51.000Z,1
2019-10-21T16:48:55.000Z,1
2019-10-21T16:57:26.000Z,1
2019-10-21T17:06:24.000Z,1
2019-10-21T17:11:49.000Z,1
2019-10-21T17:21:51.000Z,1
2019-10-21T17:23:57.000Z,1
2019-10-21T17:27:55.000Z,1
2019-10-21T17:30:05.000Z,1
2019-10-21T17:55:08.000Z,1
2019-10-21T17:56:34.000Z,1
2019-10-21T18:14:57.000Z,1
2019-10-21T18:22:17.000Z,2
2019-10-21T18:23:16.000Z,1
2019-10-21T18:42:44.000Z,1
2019-10-21T20:07:09.000Z,1
2019-10-21T20:08:22.000Z,1
2019-10-21T20:30:03.000Z,1
2019-10-21T20:35:09.000Z,1
2019-10-21T20:45:14.000Z,1
2019-10-22T05:25:19.000Z,1
2019-10-22T06:38:33.000Z,1
2019-10-22T06:40:04.000Z,1
2019-10-22T06:57:44.000Z,1
2019-10-22T07:04:21.000Z,1
2019-10-22T07:11:02.000Z,2
2019-10-22T07:11:15.000Z,1
2019-10-22T07:24:00.000Z,1
2019-10-22T07:46:04.000Z,1
2019-10-22T07:52:11.000Z,1
2019-10-22T07:53:49.000Z,1
2019-10-22T08:07:23.000Z,1
2019-10-22T08:14:51.000Z,1
2019-10-22T08:39:10.000Z,1
2019-10-22T08:44:29.000Z,1
2019-10-22T08:56:26.000Z,1
2019-10-22T08:58:02.000Z,1
2019-10-22T09:00:49.000Z,1
2019-10-22T09:21:13.000Z,1
2019-10-22T09:27:01.000Z,1
2019-10-22T09:47:55.000Z,1
2019-10-22T09:48:38.000Z,1
2019-10-22T11:54:25.000Z,1
2019-10-22T12:23:10.000Z,1
2019-10-22T13:20:12.000Z,1
2019-10-22T15:28:35.000Z,1
2019-10-22T15:58:13.000Z,1
2019-10-22T16:16:56.000Z,1
2019-10-22T16:18:22.000Z,1
2019-10-22T16:19:22.000Z,1
2019-10-22T16:34:59.000Z,1
2019-10-22T16:41:25.000Z,1
2019-10-22T16:47:24.000Z,1
2019-10-22T16:52:47.000Z,1
2019-10-22T16:58:57.000Z,1
2019-10-22T17:02:21.000Z,1
2019-10-22T17:06:31.000Z,1
2019-10-22T17:06:57.000Z,1
2019-10-22T17:11:26.000Z,2
2019-10-22T17:13:07.000Z,1
2019-10-22T17:13:11.000Z,1
2019-10-22T17:20:46.000Z,1
2019-10-22T17:20:55.000Z,1
2019-10-22T17:24:10.000Z,1
2019-10-22T17:32:43.000Z,1
2019-10-22T17:35:43.000Z,1
2019-10-22T18:01:41.000Z,2
2019-10-22T18:16:40.000Z,1
2019-10-22T18:19:46.000Z,1
2019-10-22T18:22:09.000Z,1
2019-10-22T18:29:00.000Z,1
2019-10-22T18:32:47.000Z,1
2019-10-22T18:32:49.000Z,1
2019-10-22T18:54:53.000Z,1
2019-10-22T19:06:41.000Z,1
2019-10-22T19:09:01.000Z,1
2019-10-22T19:21:39.000Z,1
2019-10-22T20:32:45.000Z,1
2019-10-22T20:40:53.000Z,1
2019-10-22T20:42:21.000Z,1
2019-10-23T06:17:52.000Z,1
2019-10-23T06:41:04.000Z,1
2019-10-23T06:51:59.000Z,2
2019-10-23T07:25:13.000Z,1
2019-10-23T07:33:56.000Z,3
2019-10-23T07:47:27.000Z,2
2019-10-23T08:11:44.000Z,1
2019-10-23T08:13:51.000Z,1
2019-10-23T08:34:43.000Z,1
2019-10-23T09:03:25.000Z,2
2019-10-23T09:03:46.000Z,1
2019-10-23T09:13:53.000Z,1
2019-10-23T09:28:08.000Z,2
2019-10-23T10:03:08.000Z,1
2019-10-23T10:29:51.000Z,1
2019-10-23T10:55:58.000Z,1
2019-10-23T12:08:45.000Z,1
2019-10-23T12:36:47.000Z,1
2019-10-23T13:08:28.000Z,1
2019-10-23T13:42:30.000Z,1
2019-10-23T14:42:51.000Z,1
2019-10-23T15:13:27.000Z,1
2019-10-23T15:22:59.000Z,1
2019-10-23T15:28:48.000Z,1
2019-10-23T15:38:34.000Z,1
2019-10-23T16:03:22.000Z,1
2019-10-23T16:13:33.000Z,1
2019-10-23T16:16:01.000Z,1
2019-10-23T16:24:56.000Z,3
2019-10-23T16:44:48.000Z,1
2019-10-23T16:47:15.000Z,3
2019-10-23T17:00:45.000Z,1
2019-10-23T17:05:54.000Z,2
2019-10-23T17:05:59.000Z,1
2019-10-23T17:07:04.000Z,3
2019-10-23T17:09:40.000Z,1
2019-10-23T17:27:30.000Z,1
2019-10-23T17:37:29.000Z,2
2019-10-23T17:52:08.000Z,1
2019-10-23T17:55:55.000Z,1
2019-10-23T18:22:56.000Z,1
2019-10-23T18:43:06.000Z,1
2019-10-23T18:43:57.000Z,1
2019-10-23T18:57:02.000Z,1
2019-10-23T19:26:49.000Z,1
2019-10-23T19:39:33.000Z,1
2019-10-23T20:06:03.000Z,1
2019-10-23T21:10:57.000Z,1
2019-10-23T21:53:43.000Z,1
2019-10-23T22:14:36.000Z,1
2019-10-23T23:28:00.000Z,2
2019-10-24T01:42:16.000Z,1
2019-10-24T04:28:24.000Z,1
2019-10-24T05:31:41.000Z,1
2019-10-24T05:36:00.000Z,1
2019-10-24T06:37:55.000Z,1
2019-10-24T06:56:46.000Z,1
2019-10-24T07:13:51.000Z,1
2019-10-24T07:18:05.000Z,1
2019-10-24T07:23:48.000Z,1
2019-10-24T07:26:28.000Z,1
2019-10-19T00:34:34.000Z,1
2019-10-19T06:06:04.000Z,1
2019-10-19T06:31:48.000Z,1
2019-10-19T07:02:27.000Z,1
2019-10-19T07:15:43.000Z,1
2019-10-19T07:57:37.000Z,1
2019-10-19T08:04:51.000Z,1
2019-10-19T08:11:15.000Z,2
2019-10-19T08:12:25.000Z,1
2019-10-19T08:16:16.000Z,1
2019-10-19T08:38:40.000Z,1
2019-10-19T09:10:03.000Z,1
2019-10-19T09:11:05.000Z,1
2019-10-19T09:15:03.000Z,1
2019-10-19T09:37:13.000Z,1
2019-10-19T09:42:03.000Z,1
2019-10-19T09:51:35.000Z,2
2019-10-19T10:07:34.000Z,2
2019-10-19T10:10:30.000Z,1
2019-10-19T11:21:33.000Z,1
2019-10-19T11:35:02.000Z,1
2019-10-19T11:38:34.000Z,1
2019-10-19T12:49:44.000Z,1
2019-10-19T13:21:23.000Z,1
2019-10-19T14:00:07.000Z,1
2019-10-19T14:21:16.000Z,2
2019-10-19T14:24:16.000Z,1
2019-10-19T10:16:03.000Z,1
2019-10-19T10:23:28.000Z,1
2019-10-19T10:45:54.000Z,1
2019-10-19T10:58:45.000Z,1
2019-10-19T11:06:18.000Z,1
2019-10-19T11:42:19.000Z,1
2019-10-19T12:14:38.000Z,1
2019-10-19T12:16:08.000Z,1
2019-10-19T12:58:42.000Z,1
2019-10-19T13:18:14.000Z,2
2019-10-19T13:26:49.000Z,2
2019-10-19T13:43:19.000Z,1
2019-10-19T13:55:17.000Z,1
2019-10-19T14:05:23.000Z,1
2019-10-19T14:06:00.000Z,1
2019-10-19T14:09:56.000Z,1
2019-10-19T14:15:06.000Z,1
2019-10-19T14:35:26.000Z,1
2019-10-19T15:08:45.000Z,1
2019-10-19T15:24:12.000Z,1
2019-10-19T15:27:00.000Z,1
2019-10-19T15:30:30.000Z,1
2019-10-19T15:41:29.000Z,1
2019-10-19T15:45:38.000Z,1
2019-10-19T15:49:37.000Z,1
2019-10-19T15:58:19.000Z,1
2019-10-19T16:17:17.000Z,1
2019-10-19T16:25:15.000Z,1
2019-10-19T16:51:15.000Z,1
2019-10-19T16:57:35.000Z,1
2019-10-19T16:57:56.000Z,2
2019-10-19T17:04:19.000Z,1
2019-10-19T17:06:06.000Z,2
2019-10-19T17:26:41.000Z,1
2019-10-19T17:42:02.000Z,1
2019-10-19T17:45:18.000Z,1
2019-10-19T17:48:42.000Z,1
2019-10-19T20:35:14.000Z,1
2019-10-19T20:45:54.000Z,1
2019-10-19T20:57:14.000Z,1
2019-10-19T21:04:49.000Z,1
2019-10-19T21:13:40.000Z,1
2019-10-19T22:31:41.000Z,1
2019-10-19T22:55:07.000Z,1
2019-10-19T23:02:24.000Z,1
2019-10-19T23:13:07.000Z,1
2019-10-20T01:44:36.000Z,1
2019-10-20T01:53:01.000Z,1
2019-10-20T01:53:05.000Z,1
2019-10-20T07:08:38.000Z,1
2019-10-20T07:20:09.000Z,1
2019-10-20T08:33:48.000Z,2
2019-10-20T09:38:23.000Z,1
2019-10-20T09:46:28.000Z,1
2019-10-20T10:01:42.000Z,1
2019-10-20T10:15:12.000Z,2
2019-10-20T10:24:01.000Z,1
2019-10-20T10:27:18.000Z,1
2019-10-20T10:39:06.000Z,1
2019-10-20T11:20:32.000Z,1
2019-10-20T11:36:23.000Z,1
2019-10-20T12:04:34.000Z,1
2019-10-20T12:22:16.000Z,1
2019-10-20T12:32:37.000Z,1
2019-10-20T12:56:12.000Z,1
2019-10-20T13:16:30.000Z,1
2019-10-20T13:18:24.000Z,1
2019-10-20T14:32:22.000Z,1
2019-10-20T15:18:45.000Z,1
2019-10-20T15:20:10.000Z,1
2019-10-20T15:32:43.000Z,1
2019-10-20T15:34:51.000Z,1
2019-10-20T15:42:25.000Z,1
2019-10-20T16:03:35.000Z,1
2019-10-20T16:47:11.000Z,1
2019-10-20T16:54:36.000Z,1
2019-10-20T17:29:25.000Z,1
2019-10-20T17:45:30.000Z,1
2019-10-20T18:07:11.000Z,1
2019-10-20T18:21:31.000Z,1
2019-10-20T18:58:02.000Z,1
2019-10-20T19:19:45.000Z,1
2019-10-20T20:00:14.000Z,1
2019-10-20T20:05:06.000Z,1
2019-10-20T20:28:44.000Z,1
2019-10-20T21:13:39.000Z,1
2019-10-21T06:40:14.000Z,1
2019-10-21T06:44:35.000Z,2
2019-10-21T07:45:33.000Z,1
2019-10-21T07:47:12.000Z,2
2019-10-21T07:56:43.000Z,1
2019-10-21T08:18:45.000Z,1
2019-10-21T08:40:08.000Z,2
2019-10-21T08:41:58.000Z,1
2019-10-21T09:14:34.000Z,1
2019-10-21T11:29:21.000Z,1
2019-10-21T11:45:52.000Z,1
2019-10-21T12:25:03.000Z,1
2019-10-21T12:26:02.000Z,1
2019-10-21T12:56:43.000Z,1
2019-10-21T14:06:47.000Z,1
2019-10-21T14:45:33.000Z,1
2019-10-21T16:30:25.000Z,1
2019-10-21T16:46:04.000Z,1
2019-10-21T16:50:21.000Z,1
2019-10-21T17:00:02.000Z,1
2019-10-21T17:10:27.000Z,1
2019-10-21T17:22:44.000Z,1
2019-10-21T17:32:25.000Z,1
2019-10-21T17:48:04.000Z,1
2019-10-21T18:04:27.000Z,1
2019-10-21T18:12:56.000Z,1
2019-10-21T18:15:49.000Z,2
2019-10-21T18:30:50.000Z,1
2019-10-21T18:36:16.000Z,1
2019-10-21T19:16:10.000Z,1
2019-10-21T19:19:42.000Z,1
2019-10-21T21:42:36.000Z,1
2019-10-22T03:50:37.000Z,1
2019-10-22T06:46:32.000Z,3
2019-10-22T07:01:07.000Z,1
2019-10-22T07:40:28.000Z,2
2019-10-22T07:50:05.000Z,1
2019-10-22T07:52:09.000Z,1
2019-10-22T07:55:02.000Z,1
2019-10-22T08:23:32.000Z,1
2019-10-22T08:23:48.000Z,1
2019-10-22T08:33:52.000Z,1
2019-10-22T08:34:45.000Z,1
2019-10-22T08:38:44.000Z,1
2019-10-22T08:42:45.000Z,1
2019-10-22T08:46:38.000Z,1
2019-10-22T08:48:51.000Z,1
2019-10-22T08:49:26.000Z,1
2019-10-22T08:53:45.000Z,1
2019-10-22T09:22:24.000Z,1
2019-10-22T09:26:21.000Z,1
2019-10-22T10:13:10.000Z,1
2019-10-22T10:55:29.000Z,1
2019-10-22T11:23:33.000Z,1
2019-10-22T12:45:30.000Z,1
2019-10-22T13:13:02.000Z,1
2019-10-22T13:58:57.000Z,1
2019-10-22T15:44:44.000Z,1
2019-10-22T16:04:44.000Z,1
2019-10-22T16:20:59.000Z,1
2019-10-22T16:22:08.000Z,1
2019-10-22T16:33:30.000Z,1
2019-10-22T16:57:55.000Z,1
2019-10-22T17:09:11.000Z,1
2019-10-22T17:19:39.000Z,1
2019-10-22T17:26:37.000Z,2
2019-10-22T17:34:53.000Z,1
2019-10-22T17:50:15.000Z,1
2019-10-22T17:51:42.000Z,1
2019-10-22T17:59:14.000Z,1
2019-10-22T18:05:06.000Z,1
2019-10-22T18:10:39.000Z,2
2019-10-22T18:22:02.000Z,1
2019-10-22T18:30:39.000Z,1
2019-10-22T18:45:06.000Z,1
2019-10-22T18:47:46.000Z,1
2019-10-22T18:51:43.000Z,1
2019-10-22T19:05:38.000Z,1
2019-10-22T19:25:58.000Z,1
2019-10-22T19:31:15.000Z,1
2019-10-22T19:41:58.000Z,1
2019-10-22T19:44:02.000Z,1
2019-10-22T19:50:07.000Z,2
2019-10-22T19:54:53.000Z,1
2019-10-22T19:57:50.000Z,1
2019-10-22T20:13:55.000Z,1
2019-10-22T20:25:04.000Z,1
2019-10-22T21:16:31.000Z,2
2019-10-22T22:49:58.000Z,1
2019-10-22T23:24:38.000Z,1
2019-10-22T23:41:19.000Z,1
2019-10-23T05:00:27.000Z,1
2019-10-23T05:45:50.000Z,1
2019-10-23T06:44:04.000Z,1
2019-10-23T07:05:21.000Z,1
2019-10-23T07:30:37.000Z,1
2019-10-23T08:09:14.000Z,1
2019-10-23T09:13:30.000Z,1
2019-10-23T09:20:59.000Z,1
2019-10-23T09:31:01.000Z,2
2019-10-23T09:40:56.000Z,1
2019-10-23T09:57:08.000Z,2
2019-10-23T10:39:50.000Z,1
2019-10-23T11:06:18.000Z,1
2019-10-23T11:33:18.000Z,1
2019-10-23T11:40:46.000Z,1
2019-10-23T12:10:32.000Z,1
2019-10-23T13:03:59.000Z,1
2019-10-23T13:09:51.000Z,1
2019-10-23T14:07:17.000Z,1
2019-10-23T15:56:14.000Z,1
2019-10-23T15:58:00.000Z,1
2019-10-23T16:09:44.000Z,1
2019-10-23T16:38:05.000Z,2
2019-10-23T16:49:28.000Z,3
2019-10-23T16:54:48.000Z,1
2019-10-23T16:56:26.000Z,1
2019-10-23T17:03:03.000Z,2
2019-10-23T17:07:48.000Z,2
2019-10-23T17:17:26.000Z,2
2019-10-23T17:21:54.000Z,3
2019-10-23T17:26:07.000Z,2
2019-10-23T17:29:23.000Z,1
2019-10-23T17:32:07.000Z,2
2019-10-23T17:38:38.000Z,1
2019-10-23T17:54:02.000Z,1
2019-10-23T18:13:17.000Z,1
2019-10-23T18:14:34.000Z,1
2019-10-23T19:58:05.000Z,1
2019-10-23T20:01:19.000Z,1
2019-10-23T20:40:36.000Z,1
2019-10-23T21:07:00.000Z,1
2019-10-23T21:14:00.000Z,1
2019-10-23T22:32:40.000Z,1
2019-10-24T00:36:46.000Z,1
2019-10-24T05:55:03.000Z,1
2019-10-24T06:01:38.000Z,1
2019-10-24T06:25:16.000Z,1
2019-10-24T06:35:18.000Z,1
2019-10-24T06:46:20.000Z,2
2019-10-24T06:46:50.000Z,1
2019-10-24T06:47:26.000Z,2
2019-10-24T07:06:17.000Z,2
2019-10-24T07:10:07.000Z,1
2019-10-19T00:13:09.000Z,1
2019-10-19T00:25:31.000Z,1
2019-10-19T05:52:37.000Z,1
2019-10-19T08:21:29.000Z,1
2019-10-19T08:41:28.000Z,1
2019-10-19T09:19:30.000Z,1
2019-10-19T09:47:43.000Z,1
2019-10-19T09:52:39.000Z,1
2019-10-19T10:04:18.000Z,2
2019-10-19T10:27:34.000Z,1
2019-10-19T11:09:24.000Z,1
2019-10-19T11:19:20.000Z,1
2019-10-19T11:33:31.000Z,1
2019-10-19T11:37:42.000Z,1
2019-10-19T11:38:16.000Z,1
2019-10-19T11:48:46.000Z,1
2019-10-19T11:52:15.000Z,1
2019-10-19T12:32:05.000Z,1
2019-10-19T13:05:58.000Z,1
2019-10-19T14:45:18.000Z,1
2019-10-19T15:19:31.000Z,1
2019-10-19T15:49:24.000Z,1
2019-10-19T10:32:03.000Z,1
2019-10-19T10:36:01.000Z,1
2019-10-19T10:54:09.000Z,1
2019-10-19T11:15:29.000Z,1
2019-10-19T12:15:16.000Z,1
2019-10-19T12:57:55.000Z,1
2019-10-19T12:58:32.000Z,1
2019-10-19T13:07:31.000Z,1
2019-10-19T13:24:21.000Z,1
2019-10-19T13:39:25.000Z,1
2019-10-19T13:50:33.000Z,1
2019-10-19T13:51:00.000Z,1
2019-10-19T14:04:00.000Z,1
2019-10-19T14:06:32.000Z,1
2019-10-19T14:07:45.000Z,2
2019-10-19T14:15:13.000Z,1
2019-10-19T14:48:19.000Z,2
2019-10-19T15:14:09.000Z,1
2019-10-19T15:19:42.000Z,2
2019-10-19T15:24:20.000Z,1
2019-10-19T15:38:45.000Z,2
2019-10-19T15:54:01.000Z,1
2019-10-19T15:56:22.000Z,1
2019-10-19T15:57:32.000Z,2
2019-10-19T16:24:30.000Z,1
2019-10-19T16:37:38.000Z,1
2019-10-19T16:38:00.000Z,1
2019-10-19T16:49:33.000Z,1
2019-10-19T17:05:28.000Z,2
2019-10-19T17:23:19.000Z,2
2019-10-19T17:45:10.000Z,1
2019-10-19T18:09:10.000Z,1
2019-10-19T18:22:37.000Z,1
2019-10-19T18:23:14.000Z,1
2019-10-19T18:29:44.000Z,1
2019-10-19T18:38:47.000Z,1
2019-10-19T18:54:41.000Z,1
2019-10-19T18:56:34.000Z,1
2019-10-19T19:58:01.000Z,1
2019-10-19T20:03:58.000Z,1
2019-10-19T20:14:47.000Z,1
2019-10-19T20:16:41.000Z,1
2019-10-19T20:28:34.000Z,1
2019-10-19T20:46:32.000Z,1
2019-10-19T21:38:16.000Z,1
2019-10-19T23:48:23.000Z,1
2019-10-20T08:15:36.000Z,1
2019-10-20T09:11:55.000Z,1
2019-10-20T09:38:08.000Z,1
2019-10-20T09:49:59.000Z,1
2019-10-20T09:52:34.000Z,1
2019-10-20T10:18:08.000Z,1
2019-10-20T10:23:32.000Z,1
2019-10-20T11:13:46.000Z,1
2019-10-20T11:19:39.000Z,1
2019-10-20T11:21:12.000Z,1
2019-10-20T11:38:41.000Z,1
2019-10-20T11:43:41.000Z,1
2019-10-20T11:54:07.000Z,1
2019-10-20T12:14:10.000Z,1
2019-10-20T12:24:31.000Z,1
2019-10-20T12:27:25.000Z,1
2019-10-20T12:29:18.000Z,1
2019-10-20T12:32:57.000Z,1
2019-10-20T12:43:46.000Z,1
2019-10-20T12:58:24.000Z,1
2019-10-20T13:02:31.000Z,1
2019-10-20T13:05:07.000Z,1
2019-10-20T13:11:51.000Z,1
2019-10-20T13:35:53.000Z,1
2019-10-20T14:24:57.000Z,1
2019-10-20T14:34:43.000Z,1
2019-10-20T14:39:05.000Z,1
2019-10-20T14:56:20.000Z,1
2019-10-20T14:57:59.000Z,2
2019-10-20T15:15:08.000Z,1
2019-10-20T15:34:19.000Z,2
2019-10-20T15:45:01.000Z,1
2019-10-20T15:48:43.000Z,1
2019-10-20T15:50:56.000Z,1
2019-10-20T17:49:12.000Z,1
2019-10-20T18:38:48.000Z,1
2019-10-20T18:42:44.000Z,1
2019-10-20T18:50:12.000Z,1
2019-10-20T18:51:36.000Z,2
2019-10-20T19:11:56.000Z,1
2019-10-20T19:49:11.000Z,1
2019-10-21T03:44:36.000Z,1
2019-10-21T05:22:35.000Z,1
2019-10-21T07:14:40.000Z,1
2019-10-21T07:30:18.000Z,1
2019-10-21T08:06:02.000Z,1
2019-10-21T08:21:04.000Z,1
2019-10-21T08:26:23.000Z,1
2019-10-21T09:25:24.000Z,1
2019-10-21T09:54:58.000Z,1
2019-10-21T10:34:42.000Z,2
2019-10-21T12:06:44.000Z,1
2019-10-21T12:10:48.000Z,1
2019-10-21T12:26:13.000Z,1
2019-10-21T12:29:06.000Z,1
2019-10-21T12:43:17.000Z,1
2019-10-21T14:08:07.000Z,1
2019-10-21T14:36:24.000Z,1
2019-10-21T14:44:55.000Z,1
2019-10-21T15:39:23.000Z,1
2019-10-21T15:40:41.000Z,1
2019-10-21T15:51:51.000Z,1
2019-10-21T16:08:05.000Z,1
2019-10-21T17:12:44.000Z,2
2019-10-21T17:12:53.000Z,1
2019-10-21T17:13:29.000Z,2
2019-10-21T17:15:42.000Z,1
2019-10-21T17:21:45.000Z,1
2019-10-21T17:26:01.000Z,1
2019-10-21T17:33:12.000Z,1
2019-10-21T17:37:32.000Z,1
2019-10-21T17:40:07.000Z,1
2019-10-21T17:43:15.000Z,3
2019-10-21T17:45:56.000Z,1
2019-10-21T18:36:56.000Z,1
2019-10-21T18:38:54.000Z,1
2019-10-21T19:00:06.000Z,1
2019-10-21T19:00:30.000Z,2
2019-10-21T19:01:25.000Z,1
2019-10-21T19:07:34.000Z,1
2019-10-21T19:24:07.000Z,1
2019-10-21T19:28:56.000Z,1
2019-10-21T19:33:13.000Z,1
2019-10-21T19:48:05.000Z,1
2019-10-21T19:54:34.000Z,1
2019-10-21T20:34:52.000Z,1
2019-10-21T20:42:42.000Z,1
2019-10-21T21:28:26.000Z,1
2019-10-21T21:50:13.000Z,1
2019-10-22T02:40:26.000Z,1
2019-10-22T05:42:39.000Z,1
2019-10-22T05:45:50.000Z,1
2019-10-22T05:53:37.000Z,1
2019-10-22T06:21:54.000Z,1
2019-10-22T07:46:03.000Z,2
2019-10-22T07:48:33.000Z,2
2019-10-22T07:50:45.000Z,1
2019-10-22T07:55:48.000Z,1
2019-10-22T08:00:13.000Z,1
2019-10-22T08:00:45.000Z,1
2019-10-22T08:13:06.000Z,1
2019-10-22T08:23:06.000Z,2
2019-10-22T08:25:54.000Z,1
2019-10-22T08:31:09.000Z,2
2019-10-22T08:56:12.000Z,1
2019-10-22T09:45:52.000Z,1
2019-10-22T10:34:37.000Z,1
2019-10-22T11:51:07.000Z,1
2019-10-22T12:13:57.000Z,1
2019-10-22T12:38:39.000Z,1
2019-10-22T13:41:06.000Z,1
2019-10-22T14:40:48.000Z,2
2019-10-22T15:38:32.000Z,1
2019-10-22T15:56:31.000Z,1
2019-10-22T16:20:08.000Z,1
2019-10-22T16:25:53.000Z,1
2019-10-22T16:31:56.000Z,2
2019-10-22T16:34:10.000Z,1
2019-10-22T17:00:12.000Z,2
2019-10-22T17:05:05.000Z,1
2019-10-22T17:20:22.000Z,1
2019-10-22T17:20:11.000Z,1
2019-10-22T17:28:53.000Z,1
2019-10-22T17:34:15.000Z,1
2019-10-22T17:38:05.000Z,3
2019-10-22T17:41:44.000Z,1
2019-10-22T17:42:34.000Z,1
2019-10-22T17:47:38.000Z,1
2019-10-22T18:11:40.000Z,1
2019-10-22T18:29:08.000Z,1
2019-10-22T18:32:46.000Z,2
2019-10-22T18:43:17.000Z,1
2019-10-22T19:39:58.000Z,1
2019-10-22T20:26:58.000Z,1
2019-10-22T21:29:28.000Z,1
2019-10-22T22:45:20.000Z,1
2019-10-22T23:46:07.000Z,1
2019-10-23T01:06:43.000Z,1
2019-10-23T02:59:56.000Z,1
2019-10-23T05:44:51.000Z,1
2019-10-23T05:53:21.000Z,1
2019-10-23T07:05:56.000Z,1
2019-10-23T07:35:58.000Z,1
2019-10-23T07:50:51.000Z,1
2019-10-23T07:51:40.000Z,1
2019-10-23T08:32:07.000Z,1
2019-10-23T08:33:03.000Z,1
2019-10-23T08:52:48.000Z,1
2019-10-23T08:56:47.000Z,1
2019-10-23T08:59:28.000Z,1
2019-10-23T09:15:51.000Z,1
2019-10-23T09:41:31.000Z,2
2019-10-23T09:41:48.000Z,1
2019-10-23T10:44:06.000Z,1
2019-10-23T12:21:53.000Z,1
2019-10-23T12:28:21.000Z,1
2019-10-23T12:49:41.000Z,1
2019-10-23T14:29:28.000Z,1
2019-10-23T15:02:45.000Z,1
2019-10-23T15:13:34.000Z,1
2019-10-23T15:22:31.000Z,1
2019-10-23T15:43:47.000Z,1
2019-10-23T15:48:43.000Z,1
2019-10-23T16:09:18.000Z,1
2019-10-23T16:19:33.000Z,1
2019-10-23T16:26:42.000Z,1
2019-10-23T16:31:07.000Z,1
2019-10-23T16:41:36.000Z,1
2019-10-23T16:53:29.000Z,1
2019-10-23T16:57:50.000Z,1
2019-10-23T17:04:58.000Z,1
2019-10-23T17:13:08.000Z,1
2019-10-23T17:17:35.000Z,2
2019-10-23T17:22:21.000Z,1
2019-10-23T17:28:45.000Z,1
2019-10-23T17:36:19.000Z,1
2019-10-23T17:46:21.000Z,2
2019-10-23T18:07:03.000Z,1
2019-10-23T18:12:01.000Z,1
2019-10-23T18:13:09.000Z,1
2019-10-23T18:15:25.000Z,1
2019-10-23T18:23:18.000Z,1
2019-10-23T18:36:31.000Z,2
2019-10-23T19:50:51.000Z,1
2019-10-23T20:31:52.000Z,1
2019-10-23T20:42:42.000Z,1
2019-10-23T23:45:53.000Z,1
2019-10-24T05:23:16.000Z,1
2019-10-24T06:39:23.000Z,1
2019-10-24T07:08:08.000Z,1
2019-10-24T07:23:01.000Z,1
2019-10-24T07:31:46.000Z,1
2019-10-19T05:21:53.000Z,1
2019-10-19T08:07:27.000Z,1
2019-10-19T08:40:03.000Z,2
2019-10-19T09:19:26.000Z,1
2019-10-19T10:06:42.000Z,1
2019-10-19T10:27:55.000Z,1
2019-10-19T10:30:39.000Z,1
2019-10-19T10:48:31.000Z,2
2019-10-19T10:51:18.000Z,1
2019-10-19T10:54:08.000Z,1
2019-10-19T11:01:28.000Z,1
2019-10-19T11:21:06.000Z,1
2019-10-19T11:37:55.000Z,1
2019-10-19T12:10:34.000Z,1
2019-10-19T12:17:50.000Z,2
2019-10-19T18:17:07.000Z,2
2019-10-19T18:31:12.000Z,1
2019-10-19T09:40:33.000Z,1
2019-10-19T12:09:51.000Z,1
2019-10-19T12:42:21.000Z,2
2019-10-19T12:57:20.000Z,1
2019-10-19T13:32:05.000Z,1
2019-10-19T13:49:32.000Z,2
2019-10-19T13:57:47.000Z,1
2019-10-19T14:59:00.000Z,1
2019-10-19T15:13:15.000Z,2
2019-10-19T15:16:00.000Z,4
2019-10-19T15:36:31.000Z,1
2019-10-19T15:41:36.000Z,1
2019-10-19T15:48:23.000Z,1
2019-10-19T15:57:49.000Z,1
2019-10-19T16:04:07.000Z,1
2019-10-19T16:15:25.000Z,1
2019-10-19T16:17:43.000Z,1
2019-10-19T16:25:20.000Z,1
2019-10-19T16:32:36.000Z,1
2019-10-19T17:02:45.000Z,1
2019-10-19T17:11:49.000Z,1
2019-10-19T17:59:31.000Z,1
2019-10-19T18:07:39.000Z,1
2019-10-19T18:31:26.000Z,1
2019-10-19T18:44:27.000Z,2
2019-10-19T19:44:07.000Z,1
2019-10-19T20:05:48.000Z,1
2019-10-19T21:26:38.000Z,1
2019-10-19T22:11:35.000Z,1
2019-10-19T22:36:51.000Z,1
2019-10-19T22:56:03.000Z,1
2019-10-19T23:10:09.000Z,1
2019-10-20T07:55:02.000Z,1
2019-10-20T08:26:01.000Z,1
2019-10-20T08:26:21.000Z,1
2019-10-20T09:56:00.000Z,1
2019-10-20T10:35:52.000Z,1
2019-10-20T10:54:57.000Z,1
2019-10-20T11:12:30.000Z,1
2019-10-20T12:01:44.000Z,1
2019-10-20T12:03:50.000Z,1
2019-10-20T12:26:34.000Z,1
2019-10-20T12:39:17.000Z,1
2019-10-20T12:42:00.000Z,1
2019-10-20T13:08:43.000Z,1
2019-10-20T13:18:11.000Z,1
2019-10-20T13:35:57.000Z,1
2019-10-20T13:54:29.000Z,1
2019-10-20T14:01:10.000Z,1
2019-10-20T14:10:05.000Z,1
2019-10-20T14:19:18.000Z,1
2019-10-20T14:19:59.000Z,1
2019-10-20T15:03:08.000Z,2
2019-10-20T15:19:15.000Z,1
2019-10-20T15:21:34.000Z,1
2019-10-20T15:47:18.000Z,1
2019-10-20T16:13:55.000Z,1
2019-10-20T16:33:14.000Z,1
2019-10-20T16:37:24.000Z,1
2019-10-20T16:43:26.000Z,1
2019-10-20T16:43:59.000Z,1
2019-10-20T17:10:47.000Z,1
2019-10-20T17:10:54.000Z,1
2019-10-20T17:19:07.000Z,1
2019-10-20T17:33:52.000Z,1
2019-10-20T17:35:25.000Z,1
2019-10-20T17:43:40.000Z,1
2019-10-20T18:38:34.000Z,1
2019-10-20T19:12:57.000Z,1
2019-10-20T19:36:14.000Z,1
2019-10-20T20:06:42.000Z,1
2019-10-20T20:57:37.000Z,1
2019-10-20T22:23:20.000Z,1
2019-10-20T22:56:31.000Z,1
2019-10-21T00:20:55.000Z,1
2019-10-21T05:41:51.000Z,1
2019-10-21T06:33:41.000Z,1
2019-10-21T07:10:46.000Z,1
2019-10-21T07:16:58.000Z,1
2019-10-21T07:32:13.000Z,1
2019-10-21T07:34:43.000Z,1
2019-10-21T07:48:35.000Z,1
2019-10-21T07:50:20.000Z,1
2019-10-21T07:55:49.000Z,1
2019-10-21T08:02:59.000Z,1
2019-10-21T08:12:44.000Z,1
2019-10-21T08:23:52.000Z,2
2019-10-21T08:27:10.000Z,1
2019-10-21T09:30:38.000Z,1
2019-10-21T10:00:50.000Z,1
2019-10-21T10:03:17.000Z,1
2019-10-21T11:19:37.000Z,1
2019-10-21T11:43:10.000Z,1
2019-10-21T12:56:41.000Z,1
2019-10-21T13:55:10.000Z,1
2019-10-21T14:54:54.000Z,1
2019-10-21T15:21:05.000Z,1
2019-10-21T15:23:06.000Z,1
2019-10-21T15:39:16.000Z,1
2019-10-21T16:15:51.000Z,1
2019-10-21T16:23:53.000Z,3
2019-10-21T16:25:29.000Z,1
2019-10-21T16:31:06.000Z,2
2019-10-21T16:38:29.000Z,1
2019-10-21T16:44:07.000Z,2
2019-10-21T16:45:51.000Z,1
2019-10-21T16:51:40.000Z,2
2019-10-21T16:52:17.000Z,1
2019-10-21T16:52:40.000Z,1
2019-10-21T16:56:36.000Z,2
2019-10-21T16:59:00.000Z,1
2019-10-21T17:30:18.000Z,1
2019-10-21T17:58:09.000Z,1
2019-10-21T18:10:09.000Z,1
2019-10-21T18:18:19.000Z,2
2019-10-21T18:35:47.000Z,1
2019-10-21T18:44:15.000Z,1
2019-10-21T19:00:22.000Z,1
2019-10-21T20:45:20.000Z,1
2019-10-21T21:02:39.000Z,1
2019-10-21T22:13:16.000Z,1
2019-10-21T22:27:48.000Z,1
2019-10-21T22:31:05.000Z,1
2019-10-21T22:38:57.000Z,1
2019-10-21T22:47:01.000Z,1
2019-10-22T06:18:48.000Z,1
2019-10-22T06:19:24.000Z,1
2019-10-22T06:31:07.000Z,1
2019-10-22T06:34:10.000Z,1
2019-10-22T06:38:02.000Z,1
2019-10-22T07:04:37.000Z,1
2019-10-22T07:18:27.000Z,1
2019-10-22T07:26:09.000Z,1
2019-10-22T07:30:16.000Z,1
2019-10-22T07:41:15.000Z,1
2019-10-22T07:42:16.000Z,1
2019-10-22T07:52:00.000Z,1
2019-10-22T07:56:45.000Z,1
2019-10-22T08:05:29.000Z,1
2019-10-22T08:05:47.000Z,1
2019-10-22T08:06:37.000Z,1
2019-10-22T08:19:55.000Z,1
2019-10-22T08:25:35.000Z,1
2019-10-22T08:33:50.000Z,2
2019-10-22T08:45:53.000Z,1
2019-10-22T10:41:08.000Z,1
2019-10-22T11:09:30.000Z,1
2019-10-22T11:24:20.000Z,1
2019-10-22T12:08:29.000Z,1
2019-10-22T15:11:47.000Z,1
2019-10-22T15:13:16.000Z,1
2019-10-22T15:52:26.000Z,1
2019-10-22T16:03:30.000Z,1
2019-10-22T16:13:05.000Z,1
2019-10-22T16:19:21.000Z,1
2019-10-22T16:43:02.000Z,1
2019-10-22T16:44:08.000Z,1
2019-10-22T16:45:00.000Z,1
2019-10-22T16:53:16.000Z,1
2019-10-22T16:55:08.000Z,1
2019-10-22T17:00:44.000Z,1
2019-10-22T17:08:24.000Z,1
2019-10-22T17:14:22.000Z,2
2019-10-22T17:16:23.000Z,3
2019-10-22T17:28:14.000Z,1
2019-10-22T17:30:38.000Z,1
2019-10-22T17:40:25.000Z,2
2019-10-22T17:51:11.000Z,1
2019-10-22T17:56:47.000Z,1
2019-10-22T18:07:35.000Z,1
2019-10-22T18:36:00.000Z,1
2019-10-22T18:58:52.000Z,1
2019-10-22T19:05:09.000Z,1
2019-10-22T19:25:27.000Z,1
2019-10-22T19:30:41.000Z,2
2019-10-22T19:51:36.000Z,1
2019-10-22T19:51:57.000Z,1
2019-10-22T19:56:04.000Z,1
2019-10-22T20:36:08.000Z,1
2019-10-22T21:00:29.000Z,1
2019-10-22T21:26:25.000Z,1
2019-10-22T22:36:10.000Z,1
2019-10-23T02:18:53.000Z,1
2019-10-23T06:09:24.000Z,1
2019-10-23T06:48:25.000Z,1
2019-10-23T07:18:22.000Z,1
2019-10-23T07:37:53.000Z,1
2019-10-23T08:01:49.000Z,1
2019-10-23T08:04:39.000Z,1
2019-10-23T08:14:12.000Z,2
2019-10-23T08:44:01.000Z,1
2019-10-23T08:44:39.000Z,2
2019-10-23T09:16:22.000Z,1
2019-10-23T09:19:16.000Z,1
2019-10-23T09:20:06.000Z,1
2019-10-23T09:37:40.000Z,1
2019-10-23T09:56:46.000Z,2
2019-10-23T10:22:58.000Z,1
2019-10-23T10:25:26.000Z,1
2019-10-23T10:45:39.000Z,1
2019-10-23T10:50:16.000Z,1
2019-10-23T10:58:15.000Z,1
2019-10-23T11:01:10.000Z,2
2019-10-23T12:05:22.000Z,1
2019-10-23T12:21:59.000Z,1
2019-10-23T13:04:53.000Z,1
2019-10-23T13:08:25.000Z,1
2019-10-23T13:43:00.000Z,1
2019-10-23T14:09:57.000Z,1
2019-10-23T14:10:32.000Z,1
2019-10-23T14:28:32.000Z,1
2019-10-23T14:57:50.000Z,1
2019-10-23T15:30:38.000Z,1
2019-10-23T15:50:24.000Z,1
2019-10-23T16:05:21.000Z,1
2019-10-23T16:14:04.000Z,2
2019-10-23T16:27:04.000Z,1
2019-10-23T16:29:54.000Z,1
2019-10-23T16:37:28.000Z,1
2019-10-23T16:46:50.000Z,1
2019-10-23T16:55:42.000Z,1
2019-10-23T16:56:33.000Z,2
2019-10-23T17:05:16.000Z,1
2019-10-23T17:14:41.000Z,1
2019-10-23T17:22:08.000Z,2
2019-10-23T17:45:35.000Z,1
2019-10-23T17:48:46.000Z,1
2019-10-23T17:51:18.000Z,1
2019-10-23T17:55:19.000Z,1
2019-10-23T18:08:30.000Z,1
2019-10-23T18:22:29.000Z,1
2019-10-23T18:30:22.000Z,1
2019-10-23T18:33:07.000Z,1
2019-10-23T18:35:29.000Z,2
2019-10-23T18:40:02.000Z,1
2019-10-23T18:42:12.000Z,1
2019-10-23T18:45:51.000Z,1
2019-10-23T18:48:09.000Z,1
2019-10-23T18:53:05.000Z,1
2019-10-23T18:56:40.000Z,2
2019-10-23T18:58:26.000Z,1
2019-10-23T19:12:46.000Z,1
2019-10-23T19:28:08.000Z,1
2019-10-23T20:10:59.000Z,1
2019-10-23T21:41:35.000Z,1
2019-10-23T22:30:29.000Z,1
2019-10-23T23:02:40.000Z,1
2019-10-24T00:04:32.000Z,1
2019-10-24T06:11:26.000Z,1
2019-10-24T06:54:22.000Z,1
2019-10-24T07:04:00.000Z,1
2019-10-24T07:18:00.000Z,1
2019-10-24T07:20:39.000Z,3
2019-10-24T07:31:06.000Z,1
2019-10-19T00:05:26.000Z,1
2019-10-19T00:11:35.000Z,1
2019-10-19T05:28:48.000Z,1
2019-10-19T06:07:31.000Z,1
2019-10-19T07:15:11.000Z,1
2019-10-19T08:32:55.000Z,1
2019-10-19T08:56:56.000Z,1
2019-10-19T09:00:54.000Z,1
2019-10-19T09:17:14.000Z,1
2019-10-19T09:30:41.000Z,1
2019-10-19T10:34:50.000Z,2
2019-10-19T10:48:44.000Z,2
2019-10-19T10:57:21.000Z,2
2019-10-19T11:22:17.000Z,1
2019-10-19T11:28:51.000Z,1
2019-10-19T11:44:48.000Z,1
2019-10-19T12:39:16.000Z,1
2019-10-19T13:18:02.000Z,3
2019-10-19T13:27:52.000Z,1
2019-10-19T14:39:18.000Z,1
2019-10-19T14:51:11.000Z,1
2019-10-19T15:38:05.000Z,1
2019-10-19T19:54:28.000Z,1
2019-10-20T12:51:10.000Z,1
2019-10-19T08:54:27.000Z,1
2019-10-19T09:21:26.000Z,1
2019-10-19T11:27:44.000Z,1
2019-10-19T11:46:10.000Z,1
2019-10-19T11:46:43.000Z,1
2019-10-19T12:09:29.000Z,1
2019-10-19T12:17:32.000Z,2
2019-10-19T13:00:42.000Z,1
2019-10-19T13:30:56.000Z,1
2019-10-19T13:40:01.000Z,2
2019-10-19T13:49:16.000Z,1
2019-10-19T13:58:04.000Z,1
2019-10-19T14:10:04.000Z,1
2019-10-19T14:36:06.000Z,1
2019-10-19T14:50:46.000Z,1
2019-10-19T15:23:47.000Z,1
2019-10-19T15:43:07.000Z,1
2019-10-19T16:18:43.000Z,1
2019-10-19T16:19:34.000Z,1
2019-10-19T16:30:05.000Z,1
2019-10-19T16:32:15.000Z,1
2019-10-19T16:32:40.000Z,2
2019-10-19T16:45:41.000Z,1
2019-10-19T17:51:38.000Z,1
2019-10-19T18:08:23.000Z,1
2019-10-19T18:12:56.000Z,1
2019-10-19T18:52:12.000Z,1
2019-10-19T18:53:32.000Z,1
2019-10-19T19:13:37.000Z,2
2019-10-19T19:24:09.000Z,1
2019-10-19T19:51:04.000Z,1
2019-10-19T20:11:56.000Z,1
2019-10-19T21:18:05.000Z,1
2019-10-19T21:44:46.000Z,1
2019-10-19T22:59:03.000Z,1
2019-10-19T23:06:50.000Z,1
2019-10-20T00:27:49.000Z,1
2019-10-20T01:40:19.000Z,1
2019-10-20T02:22:27.000Z,1
2019-10-20T07:10:10.000Z,1
2019-10-20T08:07:29.000Z,1
2019-10-20T09:01:23.000Z,1
2019-10-20T09:21:13.000Z,1
2019-10-20T09:23:44.000Z,1
2019-10-20T09:43:47.000Z,1
2019-10-20T10:20:32.000Z,1
2019-10-20T10:58:44.000Z,1
2019-10-20T11:05:03.000Z,2
2019-10-20T11:07:51.000Z,2
2019-10-20T11:10:19.000Z,1
2019-10-20T11:37:28.000Z,1
2019-10-20T11:37:42.000Z,1
2019-10-20T11:38:19.000Z,1
2019-10-20T12:05:22.000Z,1
2019-10-20T12:05:35.000Z,1
2019-10-20T12:45:37.000Z,1
2019-10-20T13:16:43.000Z,1
2019-10-20T13:53:22.000Z,1
2019-10-20T14:51:25.000Z,1
2019-10-20T15:01:58.000Z,1
2019-10-20T15:10:21.000Z,1
2019-10-20T15:50:59.000Z,1
2019-10-20T15:59:01.000Z,1
2019-10-20T16:00:34.000Z,1
2019-10-20T16:11:21.000Z,1
2019-10-20T16:53:32.000Z,1
2019-10-20T17:01:47.000Z,1
2019-10-20T17:22:39.000Z,1
2019-10-20T20:05:50.000Z,1
2019-10-20T22:28:03.000Z,1
2019-10-20T23:09:51.000Z,1
2019-10-21T03:32:01.000Z,1
2019-10-21T05:11:27.000Z,1
2019-10-21T06:08:46.000Z,1
2019-10-21T06:18:26.000Z,1
2019-10-21T06:36:22.000Z,1
2019-10-21T07:28:18.000Z,2
2019-10-21T07:35:00.000Z,2
2019-10-21T07:43:44.000Z,1
2019-10-21T07:58:47.000Z,1
2019-10-21T08:04:50.000Z,1
2019-10-21T08:08:12.000Z,2
2019-10-21T08:20:53.000Z,1
2019-10-21T08:31:46.000Z,1
2019-10-21T08:33:03.000Z,1
2019-10-21T08:52:00.000Z,2
2019-10-21T11:10:37.000Z,1
2019-10-21T12:10:25.000Z,1
2019-10-21T12:40:34.000Z,1
2019-10-21T13:14:26.000Z,1
2019-10-21T13:53:44.000Z,1
2019-10-21T14:01:54.000Z,1
2019-10-21T15:10:51.000Z,1
2019-10-21T15:22:03.000Z,1
2019-10-21T15:50:38.000Z,1
2019-10-21T15:58:52.000Z,1
2019-10-21T15:59:03.000Z,1
2019-10-21T16:16:19.000Z,1
2019-10-21T16:40:14.000Z,2
2019-10-21T16:45:33.000Z,1
2019-10-21T16:46:49.000Z,1
2019-10-21T16:48:25.000Z,2
2019-10-21T16:50:07.000Z,1
2019-10-21T16:51:41.000Z,1
2019-10-21T16:55:54.000Z,1
2019-10-21T17:12:15.000Z,2
2019-10-21T17:17:52.000Z,1
2019-10-21T17:24:30.000Z,1
2019-10-21T17:35:41.000Z,1
2019-10-21T17:38:24.000Z,1
2019-10-21T18:23:33.000Z,1
2019-10-21T18:50:24.000Z,1
2019-10-21T18:54:59.000Z,1
2019-10-21T18:55:40.000Z,1
2019-10-21T19:03:36.000Z,1
2019-10-21T19:23:21.000Z,1
2019-10-21T19:28:42.000Z,1
2019-10-21T19:30:13.000Z,1
2019-10-21T19:38:29.000Z,1
2019-10-21T19:40:44.000Z,1
2019-10-21T19:46:19.000Z,1
2019-10-21T19:56:33.000Z,1
2019-10-21T20:06:37.000Z,1
2019-10-21T20:22:14.000Z,1
2019-10-21T20:24:39.000Z,1
2019-10-21T20:43:58.000Z,1
2019-10-21T20:47:53.000Z,1
2019-10-21T21:12:00.000Z,1
2019-10-21T21:16:36.000Z,1
2019-10-21T21:17:18.000Z,1
2019-10-21T21:39:08.000Z,1
2019-10-21T22:17:05.000Z,1
2019-10-21T22:55:04.000Z,1
2019-10-22T03:52:20.000Z,1
2019-10-22T05:18:08.000Z,1
2019-10-22T05:36:03.000Z,1
2019-10-22T05:46:18.000Z,1
2019-10-22T06:04:43.000Z,1
2019-10-22T06:41:30.000Z,1
2019-10-22T06:47:43.000Z,1
2019-10-22T06:50:42.000Z,1
2019-10-22T06:57:10.000Z,1
2019-10-22T07:12:14.000Z,1
2019-10-22T07:17:39.000Z,1
2019-10-22T07:39:19.000Z,1
2019-10-22T07:43:06.000Z,1
2019-10-22T07:52:50.000Z,1
2019-10-22T08:09:54.000Z,1
2019-10-22T08:26:50.000Z,1
2019-10-22T08:29:51.000Z,1
2019-10-22T08:35:29.000Z,1
2019-10-22T08:42:07.000Z,1
2019-10-22T08:53:18.000Z,1
2019-10-22T10:35:35.000Z,1
2019-10-22T11:06:18.000Z,2
2019-10-22T12:03:00.000Z,1
2019-10-22T12:08:04.000Z,1
2019-10-22T12:28:25.000Z,1
2019-10-22T13:41:02.000Z,1
2019-10-22T14:19:39.000Z,1
2019-10-22T15:11:18.000Z,1
2019-10-22T16:07:45.000Z,1
2019-10-22T16:36:08.000Z,1
2019-10-22T16:37:15.000Z,1
2019-10-22T16:47:43.000Z,1
2019-10-22T17:09:32.000Z,1
2019-10-22T17:16:06.000Z,1
2019-10-22T17:17:30.000Z,1
2019-10-22T17:18:50.000Z,1
2019-10-22T17:19:01.000Z,1
2019-10-22T17:22:22.000Z,1
2019-10-22T17:23:04.000Z,1
2019-10-22T17:48:26.000Z,1
2019-10-22T17:53:03.000Z,1
2019-10-22T17:57:54.000Z,1
2019-10-22T18:16:55.000Z,1
2019-10-22T18:36:37.000Z,1
2019-10-22T18:37:48.000Z,1
2019-10-22T19:03:20.000Z,1
2019-10-22T19:52:41.000Z,1
2019-10-22T20:21:40.000Z,1
2019-10-22T21:18:12.000Z,1
2019-10-22T22:43:31.000Z,1
2019-10-22T22:53:56.000Z,1
2019-10-22T22:54:23.000Z,1
2019-10-22T22:59:18.000Z,1
2019-10-23T00:14:01.000Z,1
2019-10-23T05:39:18.000Z,1
2019-10-23T06:06:35.000Z,1
2019-10-23T07:18:05.000Z,1
2019-10-23T07:32:26.000Z,1
2019-10-23T07:33:51.000Z,1
2019-10-23T07:45:35.000Z,1
2019-10-23T08:08:46.000Z,2
2019-10-23T08:21:22.000Z,2
2019-10-23T08:28:43.000Z,1
2019-10-23T08:56:00.000Z,1
2019-10-23T08:59:22.000Z,1
2019-10-23T09:01:03.000Z,1
2019-10-23T09:45:00.000Z,1
2019-10-23T10:52:34.000Z,1
2019-10-23T10:54:27.000Z,1
2019-10-23T12:22:38.000Z,1
2019-10-23T12:32:19.000Z,1
2019-10-23T13:14:33.000Z,1
2019-10-23T13:15:03.000Z,1
2019-10-23T13:31:30.000Z,1
2019-10-23T14:37:16.000Z,1
2019-10-23T15:33:10.000Z,1
2019-10-23T15:44:26.000Z,2
2019-10-23T15:52:06.000Z,1
2019-10-23T15:58:55.000Z,1
2019-10-23T16:19:55.000Z,1
2019-10-23T16:20:07.000Z,1
2019-10-23T16:38:16.000Z,2
2019-10-23T16:49:09.000Z,2
2019-10-23T16:50:37.000Z,1
2019-10-23T16:57:22.000Z,1
2019-10-23T17:05:08.000Z,2
2019-10-23T17:10:25.000Z,1
2019-10-23T17:17:38.000Z,1
2019-10-23T17:31:13.000Z,1
2019-10-23T17:33:57.000Z,2
2019-10-23T17:50:54.000Z,2
2019-10-23T17:54:27.000Z,1
2019-10-23T18:12:50.000Z,2
2019-10-23T18:18:07.000Z,2
2019-10-23T18:19:23.000Z,2
2019-10-23T18:43:34.000Z,1
2019-10-23T18:46:12.000Z,2
2019-10-23T18:59:19.000Z,1
2019-10-23T19:05:59.000Z,1
2019-10-23T19:48:56.000Z,1
2019-10-23T19:50:49.000Z,1
2019-10-23T21:54:11.000Z,1
2019-10-23T23:04:14.000Z,1
2019-10-23T23:41:04.000Z,1
2019-10-23T23:58:11.000Z,1
2019-10-24T06:04:18.000Z,1
2019-10-24T06:05:27.000Z,1
2019-10-24T06:31:35.000Z,3
2019-10-24T07:07:25.000Z,1
2019-10-24T07:14:34.000Z,1
2019-10-19T01:26:08.000Z,1
2019-10-19T02:04:00.000Z,1
2019-10-19T06:28:56.000Z,1
2019-10-19T06:51:43.000Z,1
2019-10-19T08:39:37.000Z,2
2019-10-19T08:45:05.000Z,1
2019-10-19T10:04:20.000Z,1
2019-10-19T10:28:08.000Z,1
2019-10-19T10:34:49.000Z,1
2019-10-19T10:46:15.000Z,1
2019-10-19T11:54:55.000Z,1
2019-10-19T12:02:08.000Z,1
2019-10-19T12:16:47.000Z,1
2019-10-19T12:48:27.000Z,1
2019-10-19T13:04:29.000Z,2
2019-10-19T13:07:18.000Z,2
2019-10-19T14:07:24.000Z,1
2019-10-19T14:12:15.000Z,1
2019-10-19T15:14:01.000Z,1
2019-10-19T15:47:31.000Z,1
2019-10-19T10:07:13.000Z,1
2019-10-19T11:21:15.000Z,1
2019-10-19T11:27:37.000Z,2
2019-10-19T11:55:21.000Z,2
2019-10-19T11:58:05.000Z,1
2019-10-19T13:41:31.000Z,1
2019-10-19T14:14:41.000Z,1
2019-10-19T14:21:04.000Z,1
2019-10-19T14:22:46.000Z,2
2019-10-19T14:31:06.000Z,1
2019-10-19T14:58:03.000Z,1
2019-10-19T15:15:24.000Z,1
2019-10-19T15:23:35.000Z,1
2019-10-19T15:43:51.000Z,2
2019-10-19T15:52:28.000Z,2
2019-10-19T15:54:31.000Z,1
2019-10-19T15:55:44.000Z,1
2019-10-19T16:25:19.000Z,2
2019-10-19T16:36:43.000Z,1
2019-10-19T16:42:38.000Z,1
2019-10-19T16:51:06.000Z,2
2019-10-19T17:20:36.000Z,1
2019-10-19T17:29:30.000Z,1
2019-10-19T17:38:31.000Z,1
2019-10-19T17:41:25.000Z,1
2019-10-19T17:54:57.000Z,1
2019-10-19T18:02:02.000Z,1
2019-10-19T18:37:07.000Z,1
2019-10-19T18:39:32.000Z,1
2019-10-19T18:52:16.000Z,1
2019-10-19T19:50:44.000Z,1
2019-10-19T19:59:08.000Z,1
2019-10-19T19:59:43.000Z,1
2019-10-19T20:38:17.000Z,1
2019-10-19T21:25:59.000Z,1
2019-10-19T22:02:43.000Z,1
2019-10-19T22:18:19.000Z,1
2019-10-19T22:32:46.000Z,1
2019-10-19T22:46:46.000Z,1
2019-10-19T22:53:52.000Z,1
2019-10-19T23:27:08.000Z,1
2019-10-19T23:30:02.000Z,1
2019-10-20T03:02:59.000Z,1
2019-10-20T04:44:14.000Z,1
2019-10-20T06:51:34.000Z,1
2019-10-20T06:56:56.000Z,1
2019-10-20T08:10:14.000Z,1
2019-10-20T08:27:06.000Z,1
2019-10-20T08:42:22.000Z,2
2019-10-20T08:53:43.000Z,1
2019-10-20T09:47:02.000Z,1
2019-10-20T09:58:32.000Z,1
2019-10-20T10:02:47.000Z,1
2019-10-20T10:25:17.000Z,1
2019-10-20T10:26:40.000Z,1
2019-10-20T11:22:49.000Z,1
2019-10-20T11:25:36.000Z,1
2019-10-20T11:38:39.000Z,1
2019-10-20T11:57:44.000Z,1
2019-10-20T11:58:51.000Z,1
2019-10-20T12:09:52.000Z,1
2019-10-20T12:12:49.000Z,1
2019-10-20T12:50:33.000Z,1
2019-10-20T13:32:37.000Z,1
2019-10-20T14:32:34.000Z,1
2019-10-20T15:12:45.000Z,1
2019-10-20T15:17:22.000Z,3
2019-10-20T15:39:52.000Z,2
2019-10-20T16:07:41.000Z,1
2019-10-20T16:26:13.000Z,1
2019-10-20T16:37:23.000Z,1
2019-10-20T17:01:04.000Z,1
2019-10-20T17:02:37.000Z,1
2019-10-20T17:07:48.000Z,1
2019-10-20T17:18:58.000Z,1
2019-10-20T18:00:20.000Z,2
2019-10-20T18:37:06.000Z,1
2019-10-20T19:27:42.000Z,1
2019-10-20T19:35:13.000Z,1
2019-10-20T19:49:22.000Z,1
2019-10-20T20:22:42.000Z,1
2019-10-20T20:44:58.000Z,1
2019-10-20T22:42:09.000Z,1
2019-10-21T00:13:31.000Z,1
2019-10-21T05:34:19.000Z,1
2019-10-21T06:34:36.000Z,2
2019-10-21T06:37:28.000Z,1
2019-10-21T06:45:44.000Z,1
2019-10-21T07:25:58.000Z,1
2019-10-21T08:03:41.000Z,1
2019-10-21T08:15:18.000Z,2
2019-10-21T08:57:57.000Z,1
2019-10-21T09:10:22.000Z,1
2019-10-21T09:10:26.000Z,1
2019-10-21T09:12:04.000Z,1
2019-10-21T10:29:34.000Z,1
2019-10-21T11:11:43.000Z,1
2019-10-21T12:01:53.000Z,1
2019-10-21T13:05:24.000Z,1
2019-10-21T13:18:47.000Z,1
2019-10-21T13:51:30.000Z,1
2019-10-21T14:12:28.000Z,1
2019-10-21T14:15:18.000Z,1
2019-10-21T15:09:35.000Z,1
2019-10-21T15:16:05.000Z,1
2019-10-21T16:09:57.000Z,1
2019-10-21T16:10:36.000Z,2
2019-10-21T16:20:05.000Z,2
2019-10-21T16:39:30.000Z,2
2019-10-21T16:46:07.000Z,1
2019-10-21T16:47:55.000Z,1
2019-10-21T16:55:56.000Z,1
2019-10-21T16:57:05.000Z,1
2019-10-21T17:02:06.000Z,1
2019-10-21T17:02:36.000Z,2
2019-10-21T17:09:21.000Z,2
2019-10-21T17:31:46.000Z,1
2019-10-21T17:31:50.000Z,3
2019-10-21T17:33:51.000Z,1
2019-10-21T17:39:06.000Z,1
2019-10-21T17:41:30.000Z,1
2019-10-21T17:43:00.000Z,1
2019-10-21T17:47:47.000Z,1
2019-10-21T17:52:38.000Z,1
2019-10-21T17:54:29.000Z,1
2019-10-21T17:55:47.000Z,3
2019-10-21T18:16:32.000Z,1
2019-10-21T18:24:01.000Z,1
2019-10-21T18:24:18.000Z,2
2019-10-21T18:26:08.000Z,1
2019-10-21T18:33:40.000Z,1
2019-10-21T18:58:00.000Z,1
2019-10-21T19:17:14.000Z,1
2019-10-21T19:17:50.000Z,1
2019-10-21T19:36:55.000Z,1
2019-10-21T20:21:08.000Z,1
2019-10-21T20:46:05.000Z,1
2019-10-21T21:00:30.000Z,1
2019-10-21T21:53:57.000Z,1
2019-10-21T22:40:09.000Z,1
2019-10-21T22:45:05.000Z,1
2019-10-22T06:57:25.000Z,1
2019-10-22T07:04:08.000Z,1
2019-10-22T07:10:35.000Z,1
2019-10-22T07:19:16.000Z,1
2019-10-22T07:32:11.000Z,1
2019-10-22T07:36:57.000Z,2
2019-10-22T08:00:34.000Z,1
2019-10-22T08:12:54.000Z,1
2019-10-22T08:18:05.000Z,1
2019-10-22T08:20:02.000Z,1
2019-10-22T08:22:16.000Z,1
2019-10-22T08:28:16.000Z,3
2019-10-22T08:30:09.000Z,2
2019-10-22T08:38:04.000Z,1
2019-10-22T08:54:13.000Z,2
2019-10-22T10:49:21.000Z,1
2019-10-22T11:19:42.000Z,1
2019-10-22T12:28:21.000Z,1
2019-10-22T13:39:44.000Z,1
2019-10-22T14:30:55.000Z,1
2019-10-22T15:05:04.000Z,1
2019-10-22T15:10:21.000Z,1
2019-10-22T15:41:28.000Z,1
2019-10-22T16:10:53.000Z,1
2019-10-22T16:51:44.000Z,1
2019-10-22T17:10:22.000Z,1
2019-10-22T17:25:36.000Z,1
2019-10-22T17:42:58.000Z,1
2019-10-22T17:46:31.000Z,1
2019-10-22T18:05:11.000Z,1
2019-10-22T18:10:04.000Z,1
2019-10-22T18:14:40.000Z,1
2019-10-22T20:16:47.000Z,1
2019-10-22T20:26:07.000Z,1
2019-10-22T22:04:44.000Z,1
2019-10-23T05:47:01.000Z,1
2019-10-23T06:53:23.000Z,1
2019-10-23T07:10:07.000Z,1
2019-10-23T07:20:41.000Z,2
2019-10-23T07:48:42.000Z,1
2019-10-23T08:11:09.000Z,1
2019-10-23T08:20:32.000Z,1
2019-10-23T08:21:44.000Z,1
2019-10-23T08:26:49.000Z,1
2019-10-23T08:28:26.000Z,2
2019-10-23T08:33:22.000Z,1
2019-10-23T09:51:16.000Z,2
2019-10-23T10:09:23.000Z,1
2019-10-23T11:46:28.000Z,1
2019-10-23T12:55:26.000Z,1
2019-10-23T13:00:27.000Z,1
2019-10-23T13:06:41.000Z,2
2019-10-23T13:23:58.000Z,1
2019-10-23T13:41:33.000Z,1
2019-10-23T13:55:16.000Z,1
2019-10-23T13:56:44.000Z,1
2019-10-23T13:58:58.000Z,1
2019-10-23T14:13:40.000Z,1
2019-10-23T14:26:46.000Z,1
2019-10-23T14:27:26.000Z,1
2019-10-23T14:54:55.000Z,1
2019-10-23T14:56:36.000Z,1
2019-10-23T15:42:26.000Z,1
2019-10-23T15:51:34.000Z,1
2019-10-23T15:52:03.000Z,1
2019-10-23T15:52:53.000Z,1
2019-10-23T15:56:17.000Z,1
2019-10-23T16:13:53.000Z,1
2019-10-23T16:15:29.000Z,1
2019-10-23T16:21:11.000Z,1
2019-10-23T16:30:34.000Z,1
2019-10-23T16:39:29.000Z,1
2019-10-23T16:46:16.000Z,1
2019-10-23T16:52:41.000Z,2
2019-10-23T16:56:03.000Z,2
2019-10-23T16:56:09.000Z,1
2019-10-23T17:03:31.000Z,2
2019-10-23T17:18:52.000Z,1
2019-10-23T17:32:33.000Z,2
2019-10-23T17:34:10.000Z,2
2019-10-23T17:39:34.000Z,2
2019-10-23T17:46:47.000Z,1
2019-10-23T17:49:23.000Z,1
2019-10-23T17:56:25.000Z,1
2019-10-23T18:01:28.000Z,1
2019-10-23T18:06:17.000Z,1
2019-10-23T18:07:21.000Z,1
2019-10-23T18:31:00.000Z,1
2019-10-23T18:44:33.000Z,1
2019-10-23T18:59:17.000Z,1
2019-10-23T19:36:50.000Z,1
2019-10-23T19:45:42.000Z,1
2019-10-23T20:44:26.000Z,1
2019-10-23T21:07:07.000Z,1
2019-10-23T22:00:46.000Z,1
2019-10-23T22:04:19.000Z,1
2019-10-23T22:25:55.000Z,2
2019-10-23T22:43:56.000Z,1
2019-10-23T23:06:49.000Z,1
2019-10-23T23:07:13.000Z,1
2019-10-24T05:01:24.000Z,1
2019-10-24T05:57:04.000Z,1
2019-10-24T06:11:55.000Z,1
2019-10-24T06:47:57.000Z,1
2019-10-24T06:48:38.000Z,1
2019-10-19T04:02:28.000Z,1
2019-10-19T06:45:29.000Z,1
2019-10-19T07:19:20.000Z,1
2019-10-19T07:29:21.000Z,1
2019-10-19T07:53:34.000Z,1
2019-10-19T08:01:22.000Z,1
2019-10-19T09:23:10.000Z,2
2019-10-19T09:26:06.000Z,2
2019-10-19T10:33:03.000Z,1
2019-10-19T10:46:29.000Z,1
2019-10-19T10:48:04.000Z,2
2019-10-19T10:49:55.000Z,2
2019-10-19T10:50:19.000Z,1
2019-10-19T10:53:14.000Z,1
2019-10-19T10:56:18.000Z,1
2019-10-19T10:58:46.000Z,1
2019-10-19T11:43:22.000Z,1
2019-10-19T12:37:02.000Z,1
2019-10-19T12:53:15.000Z,1
2019-10-19T13:19:44.000Z,1
2019-10-19T13:55:03.000Z,1
2019-10-19T14:09:09.000Z,3
2019-10-19T10:09:39.000Z,1
2019-10-19T10:52:09.000Z,1
2019-10-19T10:53:36.000Z,1
2019-10-19T11:36:52.000Z,1
2019-10-19T11:43:07.000Z,1
2019-10-19T12:04:30.000Z,1
2019-10-19T12:26:49.000Z,1
2019-10-19T12:31:45.000Z,1
2019-10-19T12:45:45.000Z,2
2019-10-19T13:15:08.000Z,1
2019-10-19T13:50:03.000Z,2
2019-10-19T13:59:39.000Z,1
2019-10-19T14:06:33.000Z,1
2019-10-19T14:11:06.000Z,1
2019-10-19T14:17:56.000Z,1
2019-10-19T14:19:14.000Z,1
2019-10-19T14:19:40.000Z,2
2019-10-19T14:24:58.000Z,1
2019-10-19T14:27:14.000Z,1
2019-10-19T14:48:58.000Z,1
2019-10-19T14:50:27.000Z,1
2019-10-19T14:51:44.000Z,1
2019-10-19T15:18:19.000Z,2
2019-10-19T15:24:23.000Z,3
2019-10-19T15:25:48.000Z,2
2019-10-19T15:26:00.000Z,1
2019-10-19T15:27:06.000Z,1
2019-10-19T15:32:47.000Z,2
2019-10-19T15:46:12.000Z,1
2019-10-19T15:46:25.000Z,1
2019-10-19T15:59:55.000Z,1
2019-10-19T16:00:02.000Z,1
2019-10-19T16:02:58.000Z,1
2019-10-19T16:07:58.000Z,1
2019-10-19T16:37:43.000Z,1
2019-10-19T16:40:34.000Z,1
2019-10-19T17:32:30.000Z,1
2019-10-19T17:39:29.000Z,1
2019-10-19T17:45:16.000Z,1
2019-10-19T18:09:24.000Z,1
2019-10-19T18:17:38.000Z,1
2019-10-19T18:19:25.000Z,1
2019-10-19T18:24:41.000Z,1
2019-10-19T18:43:59.000Z,1
2019-10-19T18:45:11.000Z,1
2019-10-19T19:45:06.000Z,1
2019-10-19T20:09:18.000Z,1
2019-10-19T20:23:23.000Z,1
2019-10-19T20:34:56.000Z,1
2019-10-19T20:59:05.000Z,1
2019-10-19T22:43:54.000Z,1
2019-10-19T23:50:45.000Z,1
2019-10-20T00:28:47.000Z,1
2019-10-20T00:31:18.000Z,1
2019-10-20T03:19:41.000Z,1
2019-10-20T06:00:33.000Z,1
2019-10-20T06:28:02.000Z,1
2019-10-20T07:32:55.000Z,1
2019-10-20T09:09:21.000Z,1
2019-10-20T09:22:54.000Z,1
2019-10-20T09:23:13.000Z,1
2019-10-20T09:50:26.000Z,1
2019-10-20T09:53:39.000Z,1
2019-10-20T10:30:03.000Z,3
2019-10-20T10:31:46.000Z,1
2019-10-20T10:45:59.000Z,1
2019-10-20T11:12:13.000Z,1
2019-10-20T11:13:09.000Z,1
2019-10-20T11:20:49.000Z,1
2019-10-20T11:48:20.000Z,1
2019-10-20T11:51:43.000Z,1
2019-10-20T12:08:09.000Z,2
2019-10-20T12:13:42.000Z,2
2019-10-20T12:13:48.000Z,3
2019-10-20T12:41:50.000Z,1
2019-10-20T13:02:50.000Z,1
2019-10-20T13:06:46.000Z,1
2019-10-20T13:32:46.000Z,1
2019-10-20T13:44:17.000Z,1
2019-10-20T13:51:26.000Z,1
2019-10-20T14:14:50.000Z,1
2019-10-20T14:45:00.000Z,1
2019-10-20T14:59:19.000Z,1
2019-10-20T15:50:16.000Z,2
2019-10-20T16:08:47.000Z,1
2019-10-20T16:43:00.000Z,1
2019-10-20T16:43:14.000Z,1
2019-10-20T16:59:41.000Z,3
2019-10-20T16:59:45.000Z,1
2019-10-20T17:04:50.000Z,1
2019-10-20T17:08:29.000Z,1
2019-10-20T17:37:23.000Z,1
2019-10-20T17:41:05.000Z,1
2019-10-20T18:15:25.000Z,1
2019-10-20T18:26:21.000Z,1
2019-10-20T18:31:00.000Z,1
2019-10-20T18:46:22.000Z,1
2019-10-20T19:16:11.000Z,2
2019-10-20T19:18:17.000Z,1
2019-10-20T20:49:07.000Z,1
2019-10-20T20:51:13.000Z,1
2019-10-20T21:55:07.000Z,1
2019-10-20T22:35:29.000Z,1
2019-10-21T05:35:10.000Z,1
2019-10-21T05:48:54.000Z,1
2019-10-21T06:31:20.000Z,1
2019-10-21T07:20:15.000Z,1
2019-10-21T07:27:09.000Z,1
2019-10-21T07:34:10.000Z,1
2019-10-21T07:34:31.000Z,1
2019-10-21T07:35:16.000Z,1
2019-10-21T08:39:05.000Z,1
2019-10-21T10:13:32.000Z,1
2019-10-21T10:16:28.000Z,1
2019-10-21T11:39:54.000Z,1
2019-10-21T12:18:36.000Z,1
2019-10-21T14:15:38.000Z,1
2019-10-21T15:10:47.000Z,1
2019-10-21T15:11:49.000Z,1
2019-10-21T15:50:53.000Z,1
2019-10-21T15:53:42.000Z,1
2019-10-21T16:02:33.000Z,1
2019-10-21T16:19:25.000Z,2
2019-10-21T16:34:55.000Z,2
2019-10-21T16:39:45.000Z,2
2019-10-21T16:47:37.000Z,1
2019-10-21T16:47:32.000Z,1
2019-10-21T16:52:11.000Z,1
2019-10-21T17:03:46.000Z,1
2019-10-21T17:17:16.000Z,2
2019-10-21T17:20:11.000Z,1
2019-10-21T17:22:16.000Z,1
2019-10-21T17:27:18.000Z,1
2019-10-21T17:27:57.000Z,1
2019-10-21T18:01:41.000Z,1
2019-10-21T18:15:54.000Z,1
2019-10-21T18:27:47.000Z,1
2019-10-21T18:45:53.000Z,1
2019-10-21T18:46:44.000Z,1
2019-10-21T19:04:28.000Z,1
2019-10-21T19:08:52.000Z,1
2019-10-21T19:20:34.000Z,1
2019-10-21T19:26:36.000Z,1
2019-10-21T19:39:45.000Z,1
2019-10-21T21:48:08.000Z,1
2019-10-21T22:07:18.000Z,1
2019-10-22T05:38:01.000Z,1
2019-10-22T06:48:47.000Z,1
2019-10-22T06:57:15.000Z,1
2019-10-22T07:19:41.000Z,1
2019-10-22T07:22:57.000Z,1
2019-10-22T07:26:57.000Z,1
2019-10-22T07:32:59.000Z,2
2019-10-22T07:42:04.000Z,1
2019-10-22T07:52:01.000Z,1
2019-10-22T07:53:19.000Z,1
2019-10-22T08:03:44.000Z,1
2019-10-22T08:20:45.000Z,2
2019-10-22T08:25:43.000Z,1
2019-10-22T08:30:15.000Z,1
2019-10-22T08:34:28.000Z,1
2019-10-22T08:34:53.000Z,2
2019-10-22T08:35:07.000Z,1
2019-10-22T08:50:48.000Z,1
2019-10-22T09:01:11.000Z,1
2019-10-22T09:11:48.000Z,1
2019-10-22T10:00:18.000Z,1
2019-10-22T11:18:37.000Z,1
2019-10-22T12:34:16.000Z,1
2019-10-22T13:27:53.000Z,1
2019-10-22T14:52:45.000Z,1
2019-10-22T15:11:33.000Z,1
2019-10-22T15:31:16.000Z,1
2019-10-22T15:45:30.000Z,1
2019-10-22T16:00:13.000Z,1
2019-10-22T16:25:07.000Z,2
2019-10-22T16:33:57.000Z,1
2019-10-22T16:41:23.000Z,1
2019-10-22T16:47:32.000Z,1
2019-10-22T17:06:47.000Z,2
2019-10-22T17:13:22.000Z,1
2019-10-22T17:14:48.000Z,1
2019-10-22T17:16:28.000Z,1
2019-10-22T17:25:16.000Z,2
2019-10-22T17:32:52.000Z,2
2019-10-22T17:39:22.000Z,1
2019-10-22T17:39:49.000Z,1
2019-10-22T17:40:51.000Z,1
2019-10-22T17:55:05.000Z,1
2019-10-22T17:59:27.000Z,1
2019-10-22T18:13:28.000Z,1
2019-10-22T18:17:26.000Z,1
2019-10-22T18:41:20.000Z,1
2019-10-22T19:02:59.000Z,2
2019-10-22T19:11:18.000Z,1
2019-10-22T19:32:45.000Z,1
2019-10-22T19:54:25.000Z,2
2019-10-22T19:54:28.000Z,1
2019-10-22T21:03:04.000Z,1
2019-10-22T21:31:53.000Z,1
2019-10-22T22:07:41.000Z,1
2019-10-22T22:09:07.000Z,1
2019-10-23T05:25:16.000Z,1
2019-10-23T05:40:02.000Z,1
2019-10-23T06:43:01.000Z,1
2019-10-23T06:49:56.000Z,2
2019-10-23T07:04:29.000Z,1
2019-10-23T07:16:18.000Z,1
2019-10-23T07:46:33.000Z,1
2019-10-23T07:55:14.000Z,1
2019-10-23T08:10:28.000Z,2
2019-10-23T08:11:42.000Z,1
2019-10-23T08:15:35.000Z,1
2019-10-23T08:41:46.000Z,2
2019-10-23T08:53:40.000Z,1
2019-10-23T09:46:21.000Z,1
2019-10-23T09:48:37.000Z,1
2019-10-23T10:00:32.000Z,1
2019-10-23T10:16:58.000Z,1
2019-10-23T10:39:57.000Z,1
2019-10-23T12:14:26.000Z,2
2019-10-23T12:25:19.000Z,1
2019-10-23T12:25:50.000Z,2
2019-10-23T13:35:31.000Z,1
2019-10-23T14:48:44.000Z,1
2019-10-23T15:23:16.000Z,1
2019-10-23T15:38:24.000Z,1
2019-10-23T15:43:52.000Z,1
2019-10-23T15:49:33.000Z,1
2019-10-23T15:54:58.000Z,2
2019-10-23T16:00:20.000Z,1
2019-10-23T16:02:18.000Z,1
2019-10-23T16:08:15.000Z,1
2019-10-23T16:09:15.000Z,1
2019-10-23T16:21:50.000Z,2
2019-10-23T16:33:03.000Z,1
2019-10-23T16:35:29.000Z,2
2019-10-23T16:59:07.000Z,1
2019-10-23T17:02:18.000Z,1
2019-10-23T17:12:29.000Z,1
2019-10-23T17:25:49.000Z,1
2019-10-23T17:32:40.000Z,2
2019-10-23T17:40:00.000Z,1
2019-10-23T17:46:57.000Z,1
2019-10-23T17:55:06.000Z,1
2019-10-23T17:59:30.000Z,1
2019-10-23T18:10:25.000Z,1
2019-10-23T18:14:19.000Z,1
2019-10-23T18:21:39.000Z,1
2019-10-23T18:25:20.000Z,1
2019-10-23T18:25:29.000Z,1
2019-10-23T18:43:59.000Z,1
2019-10-23T20:10:47.000Z,1
2019-10-23T20:25:23.000Z,1
2019-10-23T20:28:56.000Z,1
2019-10-23T20:47:28.000Z,1
2019-10-23T21:02:05.000Z,1
2019-10-23T23:18:22.000Z,1
2019-10-24T05:30:21.000Z,1
2019-10-24T06:17:50.000Z,2
2019-10-24T06:23:56.000Z,1
2019-10-24T07:09:35.000Z,1
2019-10-24T07:12:52.000Z,1
2019-10-24T07:16:54.000Z,2
2019-10-19T08:33:51.000Z,1
2019-10-19T08:56:22.000Z,1
2019-10-19T09:21:39.000Z,1
2019-10-19T09:25:45.000Z,1
2019-10-19T10:05:04.000Z,1
2019-10-19T10:38:39.000Z,1
2019-10-19T10:50:12.000Z,1
2019-10-19T10:55:56.000Z,1
2019-10-19T11:20:53.000Z,1
2019-10-19T11:25:11.000Z,1
2019-10-19T11:45:09.000Z,1
2019-10-19T13:04:01.000Z,1
2019-10-19T14:08:03.000Z,1
2019-10-19T14:18:54.000Z,2
2019-10-19T15:14:02.000Z,1
2019-10-19T18:52:21.000Z,1
2019-10-19T10:28:21.000Z,1
2019-10-19T11:51:32.000Z,1
2019-10-19T12:46:01.000Z,1
2019-10-19T12:57:54.000Z,2
2019-10-19T13:07:26.000Z,1
2019-10-19T13:24:13.000Z,1
2019-10-19T14:06:48.000Z,1
2019-10-19T14:15:45.000Z,2
2019-10-19T14:30:42.000Z,1
2019-10-19T14:33:18.000Z,1
2019-10-19T14:37:07.000Z,1
2019-10-19T14:50:50.000Z,1
2019-10-19T14:59:11.000Z,1
2019-10-19T15:12:45.000Z,3
2019-10-19T15:23:16.000Z,1
2019-10-19T15:26:38.000Z,1
2019-10-19T15:38:15.000Z,1
2019-10-19T15:39:34.000Z,2
2019-10-19T16:20:06.000Z,1
2019-10-19T16:38:15.000Z,1
2019-10-19T16:39:25.000Z,1
2019-10-19T16:39:55.000Z,1
2019-10-19T16:41:03.000Z,1
2019-10-19T17:00:36.000Z,1
2019-10-19T17:10:20.000Z,3
2019-10-19T17:15:49.000Z,1
2019-10-19T17:34:23.000Z,1
2019-10-19T17:48:46.000Z,1
2019-10-19T17:51:33.000Z,1
2019-10-19T18:09:27.000Z,1
2019-10-19T18:17:52.000Z,1
2019-10-19T19:02:26.000Z,1
2019-10-19T19:10:12.000Z,1
2019-10-19T19:17:41.000Z,1
2019-10-19T19:23:47.000Z,1
2019-10-19T19:55:51.000Z,1
2019-10-19T19:59:49.000Z,1
2019-10-19T20:14:48.000Z,1
2019-10-19T20:25:16.000Z,1
2019-10-19T21:14:25.000Z,1
2019-10-19T21:27:41.000Z,1
2019-10-19T22:36:15.000Z,1
2019-10-19T22:46:48.000Z,1
2019-10-20T05:17:53.000Z,1
2019-10-20T06:53:59.000Z,1
2019-10-20T07:46:45.000Z,1
2019-10-20T08:13:23.000Z,1
2019-10-20T08:58:10.000Z,2
2019-10-20T09:33:24.000Z,2
2019-10-20T10:46:36.000Z,1
2019-10-20T10:52:01.000Z,1
2019-10-20T11:22:07.000Z,1
2019-10-20T11:24:38.000Z,1
2019-10-20T11:38:38.000Z,1
2019-10-20T11:45:04.000Z,1
2019-10-20T12:03:52.000Z,1
2019-10-20T12:13:17.000Z,1
2019-10-20T13:37:45.000Z,1
2019-10-20T13:59:18.000Z,1
2019-10-20T14:00:25.000Z,1
2019-10-20T14:16:55.000Z,1
2019-10-20T14:41:43.000Z,1
2019-10-20T15:08:02.000Z,1
2019-10-20T15:12:23.000Z,1
2019-10-20T15:13:34.000Z,1
2019-10-20T15:13:39.000Z,1
2019-10-20T15:40:41.000Z,1
2019-10-20T15:44:21.000Z,1
2019-10-20T15:57:19.000Z,1
2019-10-20T16:14:56.000Z,1
2019-10-20T17:14:33.000Z,1
2019-10-20T17:31:23.000Z,1
2019-10-20T17:39:11.000Z,1
2019-10-20T17:49:10.000Z,2
2019-10-20T17:52:53.000Z,1
2019-10-20T21:11:53.000Z,1
2019-10-20T21:36:13.000Z,1
2019-10-21T01:52:46.000Z,1
2019-10-21T02:48:19.000Z,1
2019-10-21T05:56:12.000Z,1
2019-10-21T06:13:50.000Z,1
2019-10-21T06:16:11.000Z,1
2019-10-21T06:42:16.000Z,1
2019-10-21T07:02:19.000Z,1
2019-10-21T07:04:46.000Z,1
2019-10-21T07:09:26.000Z,1
2019-10-21T07:17:46.000Z,1
2019-10-21T07:18:14.000Z,1
2019-10-21T07:25:10.000Z,1
2019-10-21T07:30:47.000Z,1
2019-10-21T07:38:07.000Z,2
2019-10-21T07:40:20.000Z,1
2019-10-21T07:40:16.000Z,1
2019-10-21T07:48:37.000Z,2
2019-10-21T08:36:18.000Z,1
2019-10-21T08:37:54.000Z,1
2019-10-21T08:38:55.000Z,1
2019-10-21T08:41:43.000Z,1
2019-10-21T08:45:25.000Z,1
2019-10-21T08:51:04.000Z,1
2019-10-21T09:08:28.000Z,2
2019-10-21T09:59:01.000Z,1
2019-10-21T10:53:50.000Z,1
2019-10-21T10:59:45.000Z,1
2019-10-21T11:09:48.000Z,1
2019-10-21T13:55:16.000Z,1
2019-10-21T15:00:28.000Z,1
2019-10-21T15:03:14.000Z,1
2019-10-21T15:58:21.000Z,1
2019-10-21T16:09:10.000Z,2
2019-10-21T16:15:43.000Z,3
2019-10-21T16:36:43.000Z,1
2019-10-21T16:36:53.000Z,1
2019-10-21T16:42:43.000Z,1
2019-10-21T16:46:16.000Z,2
2019-10-21T16:52:26.000Z,1
2019-10-21T16:59:04.000Z,1
2019-10-21T16:58:55.000Z,2
2019-10-21T17:01:51.000Z,2
2019-10-21T17:08:28.000Z,1
2019-10-21T17:11:56.000Z,1
2019-10-21T17:15:39.000Z,2
2019-10-21T17:15:37.000Z,1
2019-10-21T17:33:32.000Z,2
2019-10-21T17:47:56.000Z,1
2019-10-21T18:26:44.000Z,2
2019-10-21T18:27:25.000Z,1
2019-10-21T18:31:39.000Z,1
2019-10-21T18:32:22.000Z,3
2019-10-21T18:35:00.000Z,1
2019-10-21T18:38:02.000Z,1
2019-10-21T18:39:42.000Z,1
2019-10-21T19:33:36.000Z,1
2019-10-21T21:12:11.000Z,1
2019-10-21T21:44:53.000Z,1
2019-10-21T23:11:27.000Z,1
2019-10-21T23:31:55.000Z,1
2019-10-21T23:34:33.000Z,1
2019-10-21T23:52:10.000Z,1
2019-10-22T01:01:32.000Z,1
2019-10-22T05:03:41.000Z,1
2019-10-22T05:10:57.000Z,1
2019-10-22T06:48:56.000Z,1
2019-10-22T07:00:18.000Z,1
2019-10-22T07:15:18.000Z,1
2019-10-22T07:18:49.000Z,1
2019-10-22T07:19:58.000Z,1
2019-10-22T07:20:09.000Z,1
2019-10-22T07:44:14.000Z,1
2019-10-22T07:49:02.000Z,1
2019-10-22T08:07:55.000Z,1
2019-10-22T08:21:11.000Z,1
2019-10-22T08:21:23.000Z,1
2019-10-22T08:25:13.000Z,1
2019-10-22T08:32:52.000Z,3
2019-10-22T08:37:55.000Z,1
2019-10-22T08:38:33.000Z,2
2019-10-22T08:48:29.000Z,1
2019-10-22T08:48:32.000Z,2
2019-10-22T09:02:04.000Z,2
2019-10-22T09:05:11.000Z,1
2019-10-22T09:28:18.000Z,1
2019-10-22T09:52:45.000Z,1
2019-10-22T10:42:08.000Z,1
2019-10-22T11:06:01.000Z,1
2019-10-22T11:55:45.000Z,1
2019-10-22T13:04:23.000Z,1
2019-10-22T14:43:33.000Z,1
2019-10-22T14:48:24.000Z,1
2019-10-22T15:59:27.000Z,1
2019-10-22T15:59:53.000Z,1
2019-10-22T16:13:34.000Z,1
2019-10-22T16:42:00.000Z,1
2019-10-22T16:44:26.000Z,1
2019-10-22T16:47:07.000Z,2
2019-10-22T16:48:14.000Z,1
2019-10-22T17:02:49.000Z,1
2019-10-22T17:03:14.000Z,1
2019-10-22T17:04:41.000Z,2
2019-10-22T17:07:43.000Z,1
2019-10-22T17:09:08.000Z,1
2019-10-22T17:13:05.000Z,1
2019-10-22T17:21:15.000Z,2
2019-10-22T17:21:37.000Z,1
2019-10-22T17:37:02.000Z,2
2019-10-22T17:40:38.000Z,3
2019-10-22T17:50:38.000Z,2
2019-10-22T17:59:41.000Z,1
2019-10-22T18:15:43.000Z,1
2019-10-22T18:16:08.000Z,1
2019-10-22T18:28:23.000Z,1
2019-10-22T18:40:35.000Z,1
2019-10-22T18:55:20.000Z,2
2019-10-22T19:00:24.000Z,3
2019-10-22T19:11:16.000Z,1
2019-10-22T19:11:29.000Z,1
2019-10-22T19:15:54.000Z,1
2019-10-22T19:19:13.000Z,1
2019-10-22T19:36:26.000Z,1
2019-10-22T19:36:51.000Z,1
2019-10-22T20:09:08.000Z,1
2019-10-22T20:44:17.000Z,1
2019-10-22T20:57:03.000Z,1
2019-10-22T20:59:17.000Z,1
2019-10-22T21:14:30.000Z,1
2019-10-22T21:27:43.000Z,1
2019-10-22T22:08:42.000Z,1
2019-10-23T01:40:01.000Z,1
2019-10-23T06:48:57.000Z,1
2019-10-23T07:26:06.000Z,2
2019-10-23T07:31:33.000Z,1
2019-10-23T07:44:33.000Z,1
2019-10-23T07:44:58.000Z,1
2019-10-23T07:49:22.000Z,1
2019-10-23T08:05:09.000Z,1
2019-10-23T08:10:11.000Z,1
2019-10-23T08:14:19.000Z,1
2019-10-23T08:22:22.000Z,2
2019-10-23T08:27:31.000Z,1
2019-10-23T08:35:33.000Z,1
2019-10-23T08:37:58.000Z,2
2019-10-23T09:00:08.000Z,1
2019-10-23T09:14:20.000Z,1
2019-10-23T09:16:59.000Z,1
2019-10-23T09:26:40.000Z,1
2019-10-23T09:34:16.000Z,1
2019-10-23T09:50:49.000Z,1
2019-10-23T10:13:31.000Z,1
2019-10-23T11:01:14.000Z,1
2019-10-23T11:38:46.000Z,1
2019-10-23T13:14:23.000Z,1
2019-10-23T14:58:52.000Z,1
2019-10-23T15:09:04.000Z,1
2019-10-23T16:05:39.000Z,2
2019-10-23T16:05:41.000Z,1
2019-10-23T16:25:56.000Z,1
2019-10-23T16:29:29.000Z,1
2019-10-23T16:45:43.000Z,1
2019-10-23T16:46:42.000Z,1
2019-10-23T17:06:59.000Z,1
2019-10-23T17:12:06.000Z,2
2019-10-23T17:12:54.000Z,1
2019-10-23T17:43:29.000Z,1
2019-10-23T17:53:01.000Z,1
2019-10-23T17:53:09.000Z,1
2019-10-23T18:02:47.000Z,1
2019-10-23T18:09:57.000Z,1
2019-10-23T18:18:13.000Z,1
2019-10-23T18:19:19.000Z,1
2019-10-23T18:44:27.000Z,2
2019-10-23T18:45:25.000Z,1
2019-10-23T18:49:41.000Z,1
2019-10-23T18:56:09.000Z,1
2019-10-23T19:24:31.000Z,1
2019-10-23T19:42:05.000Z,1
2019-10-23T20:43:51.000Z,1
2019-10-23T23:04:58.000Z,1
2019-10-24T05:36:42.000Z,2
2019-10-24T05:50:30.000Z,1
2019-10-24T06:28:16.000Z,1
2019-10-24T06:30:36.000Z,1
2019-10-24T07:18:09.000Z,1
2019-10-19T08:03:25.000Z,1
2019-10-19T08:10:04.000Z,1
2019-10-19T08:50:42.000Z,1
2019-10-19T09:12:18.000Z,1
2019-10-19T09:33:28.000Z,1
2019-10-19T10:00:00.000Z,1
2019-10-19T10:48:43.000Z,1
2019-10-19T11:42:36.000Z,1
2019-10-19T11:47:50.000Z,1
2019-10-19T11:50:59.000Z,1
2019-10-19T12:38:51.000Z,1
2019-10-19T14:01:53.000Z,1
2019-10-19T14:46:39.000Z,1
2019-10-19T16:34:30.000Z,1
2019-10-19T16:46:30.000Z,1
2019-10-19T22:19:12.000Z,1
2019-10-19T11:37:21.000Z,2
2019-10-19T11:40:08.000Z,3
2019-10-19T11:50:26.000Z,2
2019-10-19T12:01:41.000Z,1
2019-10-19T12:10:44.000Z,1
2019-10-19T12:11:46.000Z,1
2019-10-19T12:33:01.000Z,1
2019-10-19T13:07:43.000Z,1
2019-10-19T13:11:40.000Z,1
2019-10-19T13:16:56.000Z,1
2019-10-19T13:33:06.000Z,1
2019-10-19T13:37:16.000Z,1
2019-10-19T13:42:25.000Z,1
2019-10-19T13:58:43.000Z,1
2019-10-19T13:59:05.000Z,1
2019-10-19T14:27:06.000Z,1
2019-10-19T14:28:08.000Z,1
2019-10-19T14:47:11.000Z,1
2019-10-19T14:53:09.000Z,1
2019-10-19T15:11:32.000Z,1
2019-10-19T15:25:03.000Z,1
2019-10-19T15:29:07.000Z,1
2019-10-19T15:38:27.000Z,1
2019-10-19T15:42:04.000Z,1
2019-10-19T15:52:13.000Z,1
2019-10-19T15:53:30.000Z,1
2019-10-19T16:03:49.000Z,1
2019-10-19T16:04:05.000Z,1
2019-10-19T16:41:39.000Z,1
2019-10-19T16:41:59.000Z,1
2019-10-19T16:45:06.000Z,2
2019-10-19T16:48:31.000Z,1
2019-10-19T16:50:20.000Z,1
2019-10-19T16:55:32.000Z,1
2019-10-19T16:57:32.000Z,1
2019-10-19T16:59:26.000Z,1
2019-10-19T17:05:40.000Z,1
2019-10-19T17:13:19.000Z,1
2019-10-19T17:14:14.000Z,1
2019-10-19T17:18:17.000Z,1
2019-10-19T17:31:46.000Z,2
2019-10-19T17:55:17.000Z,1
2019-10-19T18:03:20.000Z,1
2019-10-19T18:36:14.000Z,1
2019-10-19T19:00:25.000Z,1
2019-10-19T19:28:03.000Z,1
2019-10-19T19:57:37.000Z,1
2019-10-19T20:26:40.000Z,1
2019-10-19T20:43:36.000Z,1
2019-10-19T21:16:28.000Z,1
2019-10-19T21:49:29.000Z,1
2019-10-19T22:19:53.000Z,1
2019-10-19T22:51:52.000Z,1
2019-10-19T23:02:21.000Z,1
2019-10-19T23:21:31.000Z,1
2019-10-20T08:34:05.000Z,1
2019-10-20T09:40:33.000Z,1
2019-10-20T09:42:46.000Z,1
2019-10-20T09:57:00.000Z,1
2019-10-20T10:16:45.000Z,2
2019-10-20T11:00:57.000Z,1
2019-10-20T11:16:22.000Z,1
2019-10-20T11:24:45.000Z,1
2019-10-20T12:28:13.000Z,1
2019-10-20T12:46:30.000Z,1
2019-10-20T12:48:08.000Z,1
2019-10-20T13:29:04.000Z,1
2019-10-20T13:39:40.000Z,2
2019-10-20T13:54:14.000Z,1
2019-10-20T13:55:32.000Z,2
2019-10-20T13:55:49.000Z,1
2019-10-20T15:03:09.000Z,1
2019-10-20T15:06:22.000Z,1
2019-10-20T15:23:10.000Z,1
2019-10-20T15:25:06.000Z,1
2019-10-20T15:45:49.000Z,1
2019-10-20T16:22:40.000Z,1
2019-10-20T16:30:06.000Z,1
2019-10-20T16:37:40.000Z,1
2019-10-20T16:38:56.000Z,1
2019-10-20T16:42:02.000Z,1
2019-10-20T16:55:32.000Z,1
2019-10-20T17:19:57.000Z,1
2019-10-20T18:01:26.000Z,1
2019-10-20T18:04:07.000Z,1
2019-10-20T18:12:47.000Z,1
2019-10-20T18:38:12.000Z,1
2019-10-20T18:57:42.000Z,2
2019-10-20T19:24:14.000Z,1
2019-10-20T19:48:44.000Z,1
2019-10-20T20:20:28.000Z,1
2019-10-20T20:59:02.000Z,1
2019-10-20T22:45:24.000Z,1
2019-10-20T22:58:02.000Z,1
2019-10-21T05:44:08.000Z,1
2019-10-21T06:09:52.000Z,1
2019-10-21T06:55:44.000Z,1
2019-10-21T07:19:45.000Z,1
2019-10-21T07:24:57.000Z,1
2019-10-21T07:40:21.000Z,2
2019-10-21T07:43:08.000Z,1
2019-10-21T07:46:16.000Z,1
2019-10-21T08:05:22.000Z,1
2019-10-21T08:05:32.000Z,1
2019-10-21T08:08:38.000Z,1
2019-10-21T08:17:12.000Z,2
2019-10-21T08:34:51.000Z,1
2019-10-21T09:23:41.000Z,1
2019-10-21T10:44:47.000Z,1
2019-10-21T11:05:50.000Z,1
2019-10-21T13:46:49.000Z,1
2019-10-21T14:20:52.000Z,1
2019-10-21T14:35:39.000Z,1
2019-10-21T14:43:20.000Z,1
2019-10-21T14:55:02.000Z,1
2019-10-21T15:21:41.000Z,1
2019-10-21T15:44:00.000Z,1
2019-10-21T16:20:54.000Z,1
2019-10-21T16:43:11.000Z,1
2019-10-21T16:51:25.000Z,1
2019-10-21T17:17:13.000Z,1
2019-10-21T17:26:54.000Z,1
2019-10-21T17:45:17.000Z,1
2019-10-21T17:51:00.000Z,1
2019-10-21T17:57:38.000Z,1
2019-10-21T18:30:05.000Z,2
2019-10-21T18:30:29.000Z,1
2019-10-21T18:33:51.000Z,1
2019-10-21T18:42:53.000Z,1
2019-10-21T18:48:25.000Z,1
2019-10-21T19:07:21.000Z,1
2019-10-21T19:40:06.000Z,1
2019-10-21T20:03:32.000Z,1
2019-10-21T20:07:05.000Z,1
2019-10-21T21:28:07.000Z,1
2019-10-21T21:43:59.000Z,1
2019-10-21T22:03:27.000Z,1
2019-10-21T22:23:47.000Z,1
2019-10-21T23:13:35.000Z,1
2019-10-22T03:33:28.000Z,1
2019-10-22T06:34:49.000Z,1
2019-10-22T06:38:56.000Z,1
2019-10-22T06:40:49.000Z,2
2019-10-22T07:23:37.000Z,1
2019-10-22T07:24:30.000Z,1
2019-10-22T07:28:30.000Z,1
2019-10-22T07:44:24.000Z,1
2019-10-22T07:47:53.000Z,1
2019-10-22T07:59:53.000Z,1
2019-10-22T08:32:15.000Z,1
2019-10-22T08:38:05.000Z,1
2019-10-22T08:51:40.000Z,1
2019-10-22T08:55:17.000Z,1
2019-10-22T10:41:09.000Z,1
2019-10-22T11:16:14.000Z,1
2019-10-22T11:48:58.000Z,1
2019-10-22T11:49:06.000Z,1
2019-10-22T11:56:24.000Z,1
2019-10-22T12:12:46.000Z,1
2019-10-22T13:06:47.000Z,1
2019-10-22T13:23:54.000Z,1
2019-10-22T13:28:30.000Z,1
2019-10-22T13:29:05.000Z,1
2019-10-22T13:41:41.000Z,1
2019-10-22T14:17:18.000Z,2
2019-10-22T14:48:25.000Z,1
2019-10-22T14:50:16.000Z,1
2019-10-22T15:46:08.000Z,1
2019-10-22T15:47:14.000Z,1
2019-10-22T15:56:04.000Z,1
2019-10-22T16:25:49.000Z,1
2019-10-22T16:31:36.000Z,1
2019-10-22T16:36:03.000Z,1
2019-10-22T16:41:34.000Z,1
2019-10-22T16:49:47.000Z,1
2019-10-22T16:52:02.000Z,1
2019-10-22T17:12:19.000Z,2
2019-10-22T17:12:58.000Z,2
2019-10-22T17:15:30.000Z,2
2019-10-22T17:19:31.000Z,2
2019-10-22T17:21:21.000Z,1
2019-10-22T17:36:03.000Z,2
2019-10-22T17:47:16.000Z,2
2019-10-22T17:51:19.000Z,2
2019-10-22T17:56:43.000Z,1
2019-10-22T18:18:02.000Z,1
2019-10-22T18:21:25.000Z,1
2019-10-22T19:24:24.000Z,1
2019-10-22T19:55:52.000Z,1
2019-10-22T20:14:25.000Z,1
2019-10-22T20:32:58.000Z,1
2019-10-22T20:42:08.000Z,1
2019-10-22T20:50:48.000Z,1
2019-10-22T20:59:01.000Z,1
2019-10-22T23:03:05.000Z,1
2019-10-23T04:45:06.000Z,1
2019-10-23T07:12:19.000Z,1
2019-10-23T07:41:12.000Z,2
2019-10-23T07:58:19.000Z,1
2019-10-23T07:58:49.000Z,2
2019-10-23T08:19:14.000Z,1
2019-10-23T08:26:56.000Z,2
2019-10-23T08:30:07.000Z,2
2019-10-23T08:34:20.000Z,1
2019-10-23T08:36:33.000Z,1
2019-10-23T08:45:42.000Z,1
2019-10-23T08:55:33.000Z,1
2019-10-23T09:51:50.000Z,1
2019-10-23T10:01:31.000Z,1
2019-10-23T10:17:56.000Z,1
2019-10-23T10:22:12.000Z,1
2019-10-23T10:44:42.000Z,1
2019-10-23T10:50:23.000Z,1
2019-10-23T11:18:49.000Z,1
2019-10-23T11:26:58.000Z,1
2019-10-23T12:01:04.000Z,1
2019-10-23T12:27:06.000Z,1
2019-10-23T12:31:45.000Z,1
2019-10-23T12:32:48.000Z,1
2019-10-23T12:44:28.000Z,3
2019-10-23T12:45:34.000Z,1
2019-10-23T12:46:23.000Z,1
2019-10-23T12:59:17.000Z,1
2019-10-23T14:13:33.000Z,2
2019-10-23T14:16:25.000Z,1
2019-10-23T14:25:21.000Z,1
2019-10-23T14:39:08.000Z,1
2019-10-23T14:46:25.000Z,1
2019-10-23T14:58:01.000Z,1
2019-10-23T15:30:20.000Z,1
2019-10-23T15:30:37.000Z,1
2019-10-23T15:56:16.000Z,1
2019-10-23T16:08:47.000Z,2
2019-10-23T16:14:59.000Z,1
2019-10-23T16:23:08.000Z,1
2019-10-23T16:38:19.000Z,1
2019-10-23T17:14:03.000Z,2
2019-10-23T17:23:50.000Z,1
2019-10-23T17:36:04.000Z,1
2019-10-23T17:46:06.000Z,1
2019-10-23T17:51:41.000Z,1
2019-10-23T19:11:45.000Z,2
2019-10-23T19:15:56.000Z,1
2019-10-23T19:47:19.000Z,1
2019-10-23T20:08:37.000Z,1
2019-10-23T21:53:49.000Z,1
2019-10-23T22:50:30.000Z,1
2019-10-24T05:42:26.000Z,1
2019-10-24T06:19:34.000Z,1
2019-10-24T06:44:13.000Z,1
2019-10-24T06:45:47.000Z,1
2019-10-24T07:06:45.000Z,1
2019-10-24T07:22:27.000Z,1
2019-10-19T01:03:31.000Z,1
2019-10-19T01:41:32.000Z,1
2019-10-19T07:42:16.000Z,1
2019-10-19T08:46:16.000Z,1
2019-10-19T08:51:10.000Z,1
2019-10-19T08:59:51.000Z,1
2019-10-19T09:41:59.000Z,1
2019-10-19T09:44:01.000Z,1
2019-10-19T10:10:31.000Z,1
2019-10-19T10:15:11.000Z,1
2019-10-19T10:18:01.000Z,1
2019-10-19T10:30:40.000Z,1
2019-10-19T10:48:14.000Z,1
2019-10-19T10:49:50.000Z,1
2019-10-19T10:50:10.000Z,1
2019-10-19T10:52:19.000Z,1
2019-10-19T10:54:44.000Z,1
2019-10-19T10:55:08.000Z,1
2019-10-19T11:24:02.000Z,1
2019-10-19T11:31:47.000Z,1
2019-10-19T11:37:16.000Z,1
2019-10-19T11:52:48.000Z,1
2019-10-19T12:32:03.000Z,1
2019-10-19T13:01:59.000Z,1
2019-10-19T13:29:54.000Z,1
2019-10-19T14:06:24.000Z,2
2019-10-19T14:28:07.000Z,1
2019-10-19T11:38:23.000Z,2
2019-10-19T11:44:43.000Z,1
2019-10-19T12:10:13.000Z,1
2019-10-19T12:55:53.000Z,1
2019-10-19T13:50:24.000Z,1
2019-10-19T14:11:51.000Z,1
2019-10-19T14:23:20.000Z,1
2019-10-19T14:46:47.000Z,1
2019-10-19T14:58:32.000Z,1
2019-10-19T14:59:39.000Z,1
2019-10-19T15:08:36.000Z,1
2019-10-19T15:10:52.000Z,1
2019-10-19T15:36:08.000Z,2
2019-10-19T15:37:29.000Z,1
2019-10-19T15:40:31.000Z,1
2019-10-19T16:06:56.000Z,2
2019-10-19T16:10:23.000Z,1
2019-10-19T16:18:08.000Z,2
2019-10-19T16:22:10.000Z,1
2019-10-19T16:37:33.000Z,1
2019-10-19T16:42:40.000Z,1
2019-10-19T16:57:48.000Z,1
2019-10-19T17:04:51.000Z,1
2019-10-19T17:22:47.000Z,1
2019-10-19T17:24:12.000Z,2
2019-10-19T17:40:07.000Z,1
2019-10-19T18:26:47.000Z,1
2019-10-19T18:30:22.000Z,1
2019-10-19T18:54:14.000Z,1
2019-10-19T19:31:34.000Z,1
2019-10-19T19:41:17.000Z,1
2019-10-19T20:05:43.000Z,2
2019-10-19T20:33:07.000Z,1
2019-10-19T20:50:10.000Z,1
2019-10-19T21:14:37.000Z,2
2019-10-19T22:25:26.000Z,1
2019-10-20T00:37:49.000Z,1
2019-10-20T01:40:40.000Z,1
2019-10-20T02:05:05.000Z,1
2019-10-20T02:48:58.000Z,1
2019-10-20T07:53:56.000Z,1
2019-10-20T08:26:52.000Z,1
2019-10-20T08:56:51.000Z,1
2019-10-20T09:17:01.000Z,1
2019-10-20T09:17:33.000Z,1
2019-10-20T09:38:16.000Z,1
2019-10-20T09:39:09.000Z,1
2019-10-20T10:04:37.000Z,1
2019-10-20T11:22:03.000Z,1
2019-10-20T11:23:44.000Z,1
2019-10-20T11:49:05.000Z,1
2019-10-20T11:57:22.000Z,1
2019-10-20T12:48:52.000Z,1
2019-10-20T12:51:53.000Z,1
2019-10-20T13:40:21.000Z,1
2019-10-20T14:41:00.000Z,1
2019-10-20T15:00:03.000Z,1
2019-10-20T15:07:53.000Z,3
2019-10-20T15:17:15.000Z,1
2019-10-20T15:21:39.000Z,1
2019-10-20T15:45:24.000Z,1
2019-10-20T15:54:19.000Z,1
2019-10-20T16:16:49.000Z,1
2019-10-20T16:22:48.000Z,1
2019-10-20T16:28:06.000Z,1
2019-10-20T16:41:55.000Z,1
2019-10-20T18:08:52.000Z,1
2019-10-20T18:12:40.000Z,1
2019-10-20T18:23:37.000Z,1
2019-10-20T19:44:02.000Z,1
2019-10-20T19:45:31.000Z,1
2019-10-20T20:05:21.000Z,1
2019-10-20T22:49:57.000Z,1
2019-10-20T22:52:07.000Z,1
2019-10-21T04:15:08.000Z,1
2019-10-21T05:55:46.000Z,1
2019-10-21T06:10:31.000Z,1
2019-10-21T06:47:10.000Z,1
2019-10-21T07:14:24.000Z,1
2019-10-21T07:21:08.000Z,1
2019-10-21T07:33:03.000Z,1
2019-10-21T07:34:55.000Z,1
2019-10-21T07:38:55.000Z,1
2019-10-21T07:48:46.000Z,1
2019-10-21T08:08:33.000Z,1
2019-10-21T08:17:44.000Z,1
2019-10-21T08:22:47.000Z,1
2019-10-21T08:33:55.000Z,2
2019-10-21T09:25:20.000Z,1
2019-10-21T09:37:12.000Z,3
2019-10-21T10:36:24.000Z,1
2019-10-21T10:52:21.000Z,1
2019-10-21T11:03:56.000Z,1
2019-10-21T11:35:05.000Z,1
2019-10-21T12:07:54.000Z,1
2019-10-21T14:23:21.000Z,1
2019-10-21T14:52:00.000Z,1
2019-10-21T14:52:10.000Z,1
2019-10-21T15:24:24.000Z,1
2019-10-21T15:45:18.000Z,1
2019-10-21T15:51:50.000Z,1
2019-10-21T15:55:09.000Z,1
2019-10-21T16:14:23.000Z,1
2019-10-21T16:35:26.000Z,1
2019-10-21T16:46:21.000Z,1
2019-10-21T16:47:53.000Z,1
2019-10-21T17:02:08.000Z,1
2019-10-21T17:15:33.000Z,1
2019-10-21T17:20:04.000Z,2
2019-10-21T17:22:12.000Z,1
2019-10-21T17:26:13.000Z,1
2019-10-21T17:30:51.000Z,2
2019-10-21T17:32:54.000Z,1
2019-10-21T17:37:25.000Z,1
2019-10-21T17:47:59.000Z,2
2019-10-21T17:51:53.000Z,1
2019-10-21T17:54:06.000Z,2
2019-10-21T18:01:02.000Z,1
2019-10-21T18:03:56.000Z,1
2019-10-21T18:12:30.000Z,1
2019-10-21T18:36:33.000Z,1
2019-10-21T18:38:16.000Z,1
2019-10-21T18:46:49.000Z,1
2019-10-21T19:09:31.000Z,1
2019-10-21T19:35:45.000Z,1
2019-10-21T19:38:09.000Z,1
2019-10-21T19:54:51.000Z,1
2019-10-21T20:11:33.000Z,1
2019-10-21T20:21:41.000Z,1
2019-10-21T21:03:45.000Z,1
2019-10-21T22:09:49.000Z,1
2019-10-21T23:36:41.000Z,1
2019-10-22T04:35:08.000Z,1
2019-10-22T05:46:36.000Z,1
2019-10-22T06:25:34.000Z,1
2019-10-22T07:36:03.000Z,2
2019-10-22T08:02:12.000Z,2
2019-10-22T08:04:20.000Z,1
2019-10-22T08:33:17.000Z,1
2019-10-22T08:44:56.000Z,1
2019-10-22T08:45:06.000Z,2
2019-10-22T09:01:04.000Z,1
2019-10-22T09:14:09.000Z,1
2019-10-22T09:39:03.000Z,2
2019-10-22T09:40:56.000Z,1
2019-10-22T10:43:37.000Z,1
2019-10-22T12:24:39.000Z,1
2019-10-22T12:50:21.000Z,2
2019-10-22T13:42:41.000Z,1
2019-10-22T13:46:07.000Z,1
2019-10-22T14:58:05.000Z,1
2019-10-22T15:08:49.000Z,2
2019-10-22T16:05:19.000Z,1
2019-10-22T16:23:47.000Z,1
2019-10-22T16:35:28.000Z,1
2019-10-22T16:49:11.000Z,2
2019-10-22T16:55:59.000Z,1
2019-10-22T16:58:02.000Z,1
2019-10-22T17:10:31.000Z,1
2019-10-22T17:38:14.000Z,1
2019-10-22T17:41:16.000Z,3
2019-10-22T17:51:04.000Z,1
2019-10-22T17:54:50.000Z,1
2019-10-22T17:56:34.000Z,1
2019-10-22T17:59:00.000Z,1
2019-10-22T18:25:22.000Z,1
2019-10-22T18:30:52.000Z,1
2019-10-22T18:43:13.000Z,1
2019-10-22T19:05:57.000Z,1
2019-10-22T19:09:31.000Z,1
2019-10-22T19:36:24.000Z,1
2019-10-22T20:17:57.000Z,1
2019-10-22T20:53:29.000Z,1
2019-10-22T20:59:28.000Z,1
2019-10-22T21:12:30.000Z,1
2019-10-22T21:59:51.000Z,1
2019-10-22T22:25:34.000Z,1
2019-10-23T06:17:34.000Z,1
2019-10-23T06:27:48.000Z,1
2019-10-23T06:57:20.000Z,2
2019-10-23T07:22:18.000Z,1
2019-10-23T07:43:34.000Z,2
2019-10-23T07:53:18.000Z,2
2019-10-23T08:11:54.000Z,1
2019-10-23T08:16:31.000Z,1
2019-10-23T08:22:05.000Z,1
2019-10-23T08:40:51.000Z,1
2019-10-23T08:45:33.000Z,1
2019-10-23T08:55:39.000Z,1
2019-10-23T09:04:10.000Z,1
2019-10-23T09:30:28.000Z,1
2019-10-23T10:07:32.000Z,1
2019-10-23T10:08:03.000Z,1
2019-10-23T11:24:53.000Z,1
2019-10-23T11:50:56.000Z,1
2019-10-23T12:13:08.000Z,1
2019-10-23T12:16:32.000Z,1
2019-10-23T13:02:04.000Z,3
2019-10-23T13:08:49.000Z,1
2019-10-23T14:02:42.000Z,1
2019-10-23T14:54:16.000Z,1
2019-10-23T15:07:58.000Z,1
2019-10-23T15:32:55.000Z,1
2019-10-23T15:51:14.000Z,1
2019-10-23T15:51:20.000Z,1
2019-10-23T15:57:32.000Z,1
2019-10-23T15:57:49.000Z,1
2019-10-23T16:05:00.000Z,1
2019-10-23T16:11:45.000Z,1
2019-10-23T16:19:56.000Z,1
2019-10-23T16:30:02.000Z,1
2019-10-23T16:34:47.000Z,2
2019-10-23T16:43:14.000Z,1
2019-10-23T16:44:51.000Z,1
2019-10-23T17:04:35.000Z,1
2019-10-23T17:05:20.000Z,2
2019-10-23T17:24:23.000Z,2
2019-10-23T17:31:23.000Z,1
2019-10-23T17:34:04.000Z,1
2019-10-23T17:53:34.000Z,1
2019-10-23T17:54:24.000Z,1
2019-10-23T18:01:32.000Z,2
2019-10-23T18:03:13.000Z,2
2019-10-23T18:08:11.000Z,1
2019-10-23T18:10:08.000Z,1
2019-10-23T18:29:12.000Z,1
2019-10-23T18:29:31.000Z,1
2019-10-23T18:35:59.000Z,1
2019-10-23T18:37:16.000Z,1
2019-10-23T19:09:10.000Z,1
2019-10-23T19:10:12.000Z,1
2019-10-23T19:21:34.000Z,1
2019-10-23T19:24:21.000Z,1
2019-10-23T20:00:27.000Z,1
2019-10-23T20:07:17.000Z,2
2019-10-23T20:21:31.000Z,1
2019-10-23T20:56:29.000Z,1
2019-10-23T21:33:57.000Z,1
2019-10-23T21:51:50.000Z,1
2019-10-24T06:04:29.000Z,1
2019-10-24T06:22:45.000Z,1
2019-10-24T06:37:28.000Z,1
2019-10-24T06:48:57.000Z,1
2019-10-24T06:55:12.000Z,1
2019-10-24T07:18:29.000Z,1
2019-10-24T07:18:52.000Z,1
2019-10-24T07:32:09.000Z,1
2019-10-19T01:09:32.000Z,1
2019-10-19T01:20:05.000Z,1
2019-10-19T08:28:12.000Z,1
2019-10-19T08:47:10.000Z,1
2019-10-19T09:17:59.000Z,1
2019-10-19T09:24:25.000Z,1
2019-10-19T09:48:21.000Z,1
2019-10-19T10:01:53.000Z,1
2019-10-19T10:25:18.000Z,1
2019-10-19T10:31:33.000Z,1
2019-10-19T11:35:08.000Z,1
2019-10-19T12:30:15.000Z,1
2019-10-19T12:46:59.000Z,1
2019-10-19T14:07:38.000Z,1
2019-10-19T14:17:29.000Z,1
2019-10-19T14:25:35.000Z,1
2019-10-19T15:35:46.000Z,1
2019-10-19T20:42:09.000Z,1
2019-10-19T11:41:50.000Z,1
2019-10-19T13:04:35.000Z,1
2019-10-19T13:06:44.000Z,1
2019-10-19T13:09:27.000Z,1
2019-10-19T13:20:25.000Z,1
2019-10-19T13:31:44.000Z,2
2019-10-19T13:43:20.000Z,1
2019-10-19T13:54:27.000Z,1
2019-10-19T14:00:09.000Z,1
2019-10-19T14:04:07.000Z,2
2019-10-19T14:23:19.000Z,1
2019-10-19T14:46:40.000Z,1
2019-10-19T14:57:03.000Z,1
2019-10-19T15:21:30.000Z,1
2019-10-19T15:25:57.000Z,1
2019-10-19T15:35:15.000Z,1
2019-10-19T16:07:57.000Z,1
2019-10-19T16:09:48.000Z,2
2019-10-19T16:30:21.000Z,2
2019-10-19T16:35:54.000Z,2
2019-10-19T16:52:29.000Z,1
2019-10-19T17:19:02.000Z,1
2019-10-19T17:33:36.000Z,1
2019-10-19T17:59:19.000Z,1
2019-10-19T18:04:43.000Z,1
2019-10-19T18:22:55.000Z,1
2019-10-19T18:41:52.000Z,1
2019-10-19T18:45:18.000Z,1
2019-10-19T18:46:03.000Z,1
2019-10-19T18:59:07.000Z,1
2019-10-19T19:00:57.000Z,1
2019-10-19T19:30:28.000Z,1
2019-10-19T20:24:57.000Z,1
2019-10-19T20:55:33.000Z,1
2019-10-19T21:13:29.000Z,1
2019-10-19T23:45:03.000Z,1
2019-10-20T07:07:18.000Z,1
2019-10-20T08:20:27.000Z,1
2019-10-20T08:25:31.000Z,1
2019-10-20T09:16:36.000Z,1
2019-10-20T09:56:20.000Z,1
2019-10-20T09:58:50.000Z,1
2019-10-20T10:13:22.000Z,1
2019-10-20T10:17:29.000Z,2
2019-10-20T10:26:26.000Z,1
2019-10-20T11:08:47.000Z,1
2019-10-20T11:11:33.000Z,2
2019-10-20T11:13:07.000Z,1
2019-10-20T11:14:45.000Z,1
2019-10-20T11:28:03.000Z,2
2019-10-20T11:32:38.000Z,1
2019-10-20T11:37:18.000Z,1
2019-10-20T12:06:53.000Z,3
2019-10-20T12:24:28.000Z,1
2019-10-20T12:29:52.000Z,1
2019-10-20T12:56:13.000Z,1
2019-10-20T13:13:22.000Z,1
2019-10-20T13:14:29.000Z,1
2019-10-20T13:15:13.000Z,1
2019-10-20T13:18:37.000Z,1
2019-10-20T14:03:42.000Z,1
2019-10-20T14:05:28.000Z,1
2019-10-20T14:16:05.000Z,1
2019-10-20T14:27:13.000Z,1
2019-10-20T14:36:11.000Z,1
2019-10-20T14:50:55.000Z,2
2019-10-20T14:51:47.000Z,1
2019-10-20T14:51:57.000Z,1
2019-10-20T15:03:37.000Z,1
2019-10-20T15:09:17.000Z,1
2019-10-20T15:23:14.000Z,1
2019-10-20T15:24:07.000Z,1
2019-10-20T15:40:38.000Z,1
2019-10-20T16:22:35.000Z,1
2019-10-20T17:58:14.000Z,1
2019-10-20T18:00:21.000Z,1
2019-10-20T18:08:23.000Z,1
2019-10-20T18:10:03.000Z,1
2019-10-20T18:24:58.000Z,1
2019-10-20T18:34:00.000Z,1
2019-10-20T18:51:10.000Z,1
2019-10-20T19:00:18.000Z,1
2019-10-20T19:04:13.000Z,1
2019-10-20T19:12:14.000Z,1
2019-10-20T19:44:36.000Z,1
2019-10-20T20:07:03.000Z,1
2019-10-20T20:44:17.000Z,1
2019-10-21T02:21:40.000Z,1
2019-10-21T05:15:50.000Z,1
2019-10-21T05:21:06.000Z,1
2019-10-21T05:55:43.000Z,1
2019-10-21T06:25:22.000Z,1
2019-10-21T06:28:54.000Z,1
2019-10-21T06:30:56.000Z,1
2019-10-21T07:01:25.000Z,1
2019-10-21T07:28:07.000Z,2
2019-10-21T07:28:31.000Z,1
2019-10-21T07:30:00.000Z,1
2019-10-21T07:31:50.000Z,1
2019-10-21T07:34:38.000Z,1
2019-10-21T07:37:59.000Z,1
2019-10-21T07:42:55.000Z,1
2019-10-21T07:51:17.000Z,2
2019-10-21T07:57:55.000Z,1
2019-10-21T08:02:46.000Z,1
2019-10-21T08:37:23.000Z,1
2019-10-21T08:39:22.000Z,2
2019-10-21T09:28:06.000Z,1
2019-10-21T10:03:39.000Z,1
2019-10-21T11:29:16.000Z,1
2019-10-21T11:53:11.000Z,1
2019-10-21T12:58:46.000Z,1
2019-10-21T13:54:08.000Z,1
2019-10-21T14:41:25.000Z,1
2019-10-21T15:41:30.000Z,1
2019-10-21T16:14:54.000Z,1
2019-10-21T16:32:06.000Z,1
2019-10-21T16:34:29.000Z,1
2019-10-21T16:44:05.000Z,1
2019-10-21T16:49:00.000Z,1
2019-10-21T16:50:54.000Z,1
2019-10-21T17:08:11.000Z,2
2019-10-21T17:13:13.000Z,1
2019-10-21T17:16:48.000Z,2
2019-10-21T17:17:59.000Z,1
2019-10-21T17:21:04.000Z,1
2019-10-21T17:25:58.000Z,1
2019-10-21T17:27:21.000Z,1
2019-10-21T17:40:01.000Z,1
2019-10-21T17:46:16.000Z,1
2019-10-21T17:48:05.000Z,1
2019-10-21T18:07:13.000Z,1
2019-10-21T18:22:30.000Z,2
2019-10-21T18:22:48.000Z,2
2019-10-21T18:36:55.000Z,1
2019-10-21T18:37:47.000Z,1
2019-10-21T19:08:40.000Z,1
2019-10-21T19:47:07.000Z,1
2019-10-21T20:32:46.000Z,1
2019-10-21T20:49:18.000Z,1
2019-10-21T20:59:06.000Z,1
2019-10-21T21:10:51.000Z,1
2019-10-21T21:16:18.000Z,1
2019-10-21T22:15:05.000Z,1
2019-10-21T22:35:41.000Z,2
2019-10-21T22:37:06.000Z,1
2019-10-21T22:52:32.000Z,1
2019-10-21T23:18:18.000Z,1
2019-10-22T04:28:59.000Z,1
2019-10-22T05:41:53.000Z,1
2019-10-22T06:49:38.000Z,1
2019-10-22T07:21:57.000Z,2
2019-10-22T07:31:09.000Z,2
2019-10-22T07:53:14.000Z,1
2019-10-22T08:20:46.000Z,1
2019-10-22T08:21:47.000Z,1
2019-10-22T08:35:21.000Z,1
2019-10-22T08:41:11.000Z,1
2019-10-22T09:33:42.000Z,1
2019-10-22T09:35:05.000Z,1
2019-10-22T11:29:09.000Z,1
2019-10-22T12:04:58.000Z,2
2019-10-22T12:25:26.000Z,1
2019-10-22T14:57:37.000Z,1
2019-10-22T15:12:11.000Z,1
2019-10-22T15:17:02.000Z,1
2019-10-22T16:12:17.000Z,1
2019-10-22T16:32:30.000Z,1
2019-10-22T16:39:11.000Z,1
2019-10-22T16:48:47.000Z,1
2019-10-22T16:55:13.000Z,2
2019-10-22T17:14:28.000Z,2
2019-10-22T17:16:33.000Z,2
2019-10-22T17:58:39.000Z,1
2019-10-22T17:58:47.000Z,1
2019-10-22T18:08:54.000Z,1
2019-10-22T18:17:10.000Z,1
2019-10-22T18:27:38.000Z,1
2019-10-22T18:56:34.000Z,1
2019-10-22T19:09:39.000Z,1
2019-10-22T19:30:57.000Z,1
2019-10-22T19:47:38.000Z,1
2019-10-22T20:07:14.000Z,1
2019-10-22T20:18:19.000Z,1
2019-10-22T20:27:39.000Z,1
2019-10-22T20:57:41.000Z,1
2019-10-22T21:16:52.000Z,1
2019-10-22T21:28:08.000Z,1
2019-10-22T21:46:37.000Z,1
2019-10-22T22:57:31.000Z,1
2019-10-23T06:35:17.000Z,1
2019-10-23T06:59:56.000Z,1
2019-10-23T07:06:30.000Z,1
2019-10-23T07:19:47.000Z,1
2019-10-23T07:21:40.000Z,1
2019-10-23T07:23:07.000Z,1
2019-10-23T07:28:06.000Z,1
2019-10-23T07:46:28.000Z,2
2019-10-23T07:46:34.000Z,1
2019-10-23T07:52:18.000Z,1
2019-10-23T08:22:50.000Z,1
2019-10-23T08:30:43.000Z,1
2019-10-23T08:38:35.000Z,1
2019-10-23T08:53:38.000Z,2
2019-10-23T09:10:26.000Z,1
2019-10-23T09:10:27.000Z,1
2019-10-23T10:01:59.000Z,2
2019-10-23T10:09:19.000Z,1
2019-10-23T11:14:08.000Z,1
2019-10-23T11:22:57.000Z,1
2019-10-23T11:23:36.000Z,1
2019-10-23T11:32:51.000Z,1
2019-10-23T11:36:15.000Z,1
2019-10-23T12:07:42.000Z,2
2019-10-23T12:33:58.000Z,1
2019-10-23T13:03:44.000Z,1
2019-10-23T14:31:23.000Z,1
2019-10-23T14:43:48.000Z,1
2019-10-23T15:06:47.000Z,1
2019-10-23T15:07:06.000Z,1
2019-10-23T15:20:39.000Z,1
2019-10-23T15:21:51.000Z,1
2019-10-23T15:28:19.000Z,1
2019-10-23T15:46:54.000Z,1
2019-10-23T15:54:44.000Z,1
2019-10-23T16:19:06.000Z,1
2019-10-23T16:33:09.000Z,1
2019-10-23T16:34:57.000Z,1
2019-10-23T16:38:47.000Z,2
2019-10-23T16:39:08.000Z,1
2019-10-23T16:46:40.000Z,1
2019-10-23T16:56:53.000Z,1
2019-10-23T16:56:32.000Z,1
2019-10-23T17:00:35.000Z,1
2019-10-23T17:16:05.000Z,1
2019-10-23T17:19:01.000Z,1
2019-10-23T17:21:37.000Z,1
2019-10-23T17:24:10.000Z,1
2019-10-23T17:40:43.000Z,1
2019-10-23T17:42:04.000Z,1
2019-10-23T17:46:41.000Z,1
2019-10-23T17:47:02.000Z,1
2019-10-23T17:55:04.000Z,1
2019-10-23T17:55:37.000Z,1
2019-10-23T18:09:37.000Z,2
2019-10-23T18:10:03.000Z,1
2019-10-23T19:11:02.000Z,1
2019-10-23T19:22:56.000Z,1
2019-10-23T19:54:15.000Z,1
2019-10-23T20:29:44.000Z,1
2019-10-23T21:04:25.000Z,1
2019-10-23T21:23:24.000Z,1
2019-10-23T21:24:16.000Z,1
2019-10-23T23:07:00.000Z,1
2019-10-24T01:58:08.000Z,1
2019-10-24T06:46:49.000Z,1
2019-10-24T07:09:45.000Z,1
2019-10-24T07:23:41.000Z,1
2019-10-19T00:45:06.000Z,1
2019-10-19T04:16:36.000Z,1
2019-10-19T06:40:54.000Z,1
2019-10-19T09:43:30.000Z,1
2019-10-19T10:15:21.000Z,1
2019-10-19T10:18:24.000Z,1
2019-10-19T11:42:44.000Z,1
2019-10-19T11:58:01.000Z,1
2019-10-19T12:13:46.000Z,2
2019-10-19T12:53:11.000Z,1
2019-10-19T13:02:55.000Z,1
2019-10-19T14:06:14.000Z,1
2019-10-19T16:20:51.000Z,2
2019-10-19T10:05:14.000Z,1
2019-10-19T10:31:58.000Z,2
2019-10-19T11:12:03.000Z,1
2019-10-19T11:20:02.000Z,1
2019-10-19T12:12:30.000Z,1
2019-10-19T12:20:10.000Z,1
2019-10-19T12:32:42.000Z,1
2019-10-19T13:30:34.000Z,2
2019-10-19T14:23:51.000Z,2
2019-10-19T14:41:06.000Z,3
2019-10-19T14:51:27.000Z,1
2019-10-19T14:54:55.000Z,1
2019-10-19T15:08:19.000Z,1
2019-10-19T15:17:31.000Z,1
2019-10-19T15:31:49.000Z,1
2019-10-19T15:34:40.000Z,1
2019-10-19T15:41:09.000Z,2
2019-10-19T16:05:11.000Z,2
2019-10-19T16:09:20.000Z,1
2019-10-19T16:09:29.000Z,1
2019-10-19T16:13:29.000Z,1
2019-10-19T16:16:06.000Z,1
2019-10-19T16:24:38.000Z,1
2019-10-19T16:28:52.000Z,1
2019-10-19T16:54:12.000Z,1
2019-10-19T17:00:21.000Z,2
2019-10-19T17:21:01.000Z,2
2019-10-19T17:21:23.000Z,1
2019-10-19T17:31:34.000Z,1
2019-10-19T17:36:30.000Z,1
2019-10-19T17:37:13.000Z,1
2019-10-19T17:45:22.000Z,1
2019-10-19T17:55:28.000Z,1
2019-10-19T17:59:27.000Z,2
2019-10-19T19:02:28.000Z,1
2019-10-19T19:17:09.000Z,2
2019-10-19T19:59:19.000Z,1
2019-10-19T20:18:28.000Z,1
2019-10-19T22:06:37.000Z,1
2019-10-19T22:22:46.000Z,1
2019-10-19T23:47:54.000Z,1
2019-10-20T01:05:05.000Z,1
2019-10-20T01:25:07.000Z,1
2019-10-20T03:45:27.000Z,1
2019-10-20T04:54:13.000Z,1
2019-10-20T06:46:09.000Z,1
2019-10-20T06:55:48.000Z,1
2019-10-20T09:05:19.000Z,1
2019-10-20T10:00:47.000Z,1
2019-10-20T10:00:52.000Z,1
2019-10-20T10:13:12.000Z,1
2019-10-20T10:34:57.000Z,1
2019-10-20T10:47:38.000Z,1
2019-10-20T11:59:07.000Z,1
2019-10-20T12:53:36.000Z,1
2019-10-20T12:54:09.000Z,1
2019-10-20T12:54:13.000Z,1
2019-10-20T12:57:59.000Z,2
2019-10-20T13:01:14.000Z,2
2019-10-20T13:02:46.000Z,1
2019-10-20T13:53:37.000Z,1
2019-10-20T13:55:20.000Z,1
2019-10-20T14:22:24.000Z,1
2019-10-20T14:30:54.000Z,1
2019-10-20T14:34:09.000Z,1
2019-10-20T15:48:38.000Z,1
2019-10-20T16:34:05.000Z,1
2019-10-20T16:50:02.000Z,1
2019-10-20T17:30:18.000Z,1
2019-10-20T17:30:28.000Z,1
2019-10-20T17:55:04.000Z,1
2019-10-20T18:17:33.000Z,1
2019-10-20T18:23:00.000Z,1
2019-10-20T18:31:11.000Z,1
2019-10-20T18:40:03.000Z,1
2019-10-20T19:02:32.000Z,1
2019-10-20T19:15:37.000Z,1
2019-10-20T22:53:19.000Z,1
2019-10-21T05:46:46.000Z,1
2019-10-21T05:52:24.000Z,1
2019-10-21T05:59:34.000Z,2
2019-10-21T06:40:58.000Z,1
2019-10-21T06:52:31.000Z,1
2019-10-21T06:55:48.000Z,1
2019-10-21T07:13:02.000Z,1
2019-10-21T07:52:30.000Z,1
2019-10-21T07:57:58.000Z,1
2019-10-21T08:00:19.000Z,1
2019-10-21T08:14:40.000Z,1
2019-10-21T08:15:49.000Z,1
2019-10-21T08:20:26.000Z,2
2019-10-21T08:29:43.000Z,1
2019-10-21T08:34:03.000Z,2
2019-10-21T10:37:23.000Z,1
2019-10-21T11:21:27.000Z,1
2019-10-21T11:42:11.000Z,1
2019-10-21T12:56:16.000Z,1
2019-10-21T13:13:46.000Z,1
2019-10-21T14:09:02.000Z,1
2019-10-21T14:30:35.000Z,1
2019-10-21T14:47:30.000Z,1
2019-10-21T14:51:40.000Z,2
2019-10-21T14:56:01.000Z,1
2019-10-21T15:22:21.000Z,2
2019-10-21T15:41:49.000Z,1
2019-10-21T16:17:48.000Z,1
2019-10-21T16:28:20.000Z,2
2019-10-21T16:29:59.000Z,2
2019-10-21T16:33:04.000Z,2
2019-10-21T16:37:54.000Z,1
2019-10-21T16:47:26.000Z,1
2019-10-21T16:54:02.000Z,1
2019-10-21T17:05:53.000Z,1
2019-10-21T17:14:38.000Z,2
2019-10-21T17:15:34.000Z,1
2019-10-21T17:21:21.000Z,2
2019-10-21T17:44:43.000Z,1
2019-10-21T17:54:08.000Z,3
2019-10-21T17:56:28.000Z,3
2019-10-21T17:59:25.000Z,1
2019-10-21T18:16:24.000Z,2
2019-10-21T18:19:48.000Z,1
2019-10-21T18:34:48.000Z,1
2019-10-21T18:40:07.000Z,1
2019-10-21T18:55:52.000Z,1
2019-10-21T19:06:05.000Z,1
2019-10-21T19:16:58.000Z,1
2019-10-21T19:21:23.000Z,1
2019-10-21T19:30:36.000Z,1
2019-10-21T19:32:55.000Z,1
2019-10-21T19:49:29.000Z,1
2019-10-21T20:11:54.000Z,1
2019-10-21T20:37:56.000Z,1
2019-10-22T02:18:30.000Z,1
2019-10-22T03:20:25.000Z,1
2019-10-22T06:38:35.000Z,1
2019-10-22T06:49:19.000Z,1
2019-10-22T06:56:13.000Z,1
2019-10-22T06:57:24.000Z,1
2019-10-22T07:24:13.000Z,1
2019-10-22T07:33:08.000Z,1
2019-10-22T07:38:22.000Z,1
2019-10-22T07:55:35.000Z,1
2019-10-22T08:02:25.000Z,1
2019-10-22T08:08:23.000Z,1
2019-10-22T08:12:22.000Z,1
2019-10-22T08:30:24.000Z,1
2019-10-22T08:31:19.000Z,1
2019-10-22T08:37:14.000Z,1
2019-10-22T08:39:58.000Z,1
2019-10-22T08:41:14.000Z,2
2019-10-22T08:54:00.000Z,1
2019-10-22T09:34:48.000Z,2
2019-10-22T10:19:45.000Z,1
2019-10-22T10:49:27.000Z,1
2019-10-22T12:47:16.000Z,1
2019-10-22T13:46:45.000Z,1
2019-10-22T14:14:00.000Z,1
2019-10-22T14:25:14.000Z,1
2019-10-22T15:16:27.000Z,1
2019-10-22T15:28:17.000Z,1
2019-10-22T16:12:26.000Z,1
2019-10-22T16:20:50.000Z,1
2019-10-22T16:33:20.000Z,1
2019-10-22T16:33:25.000Z,1
2019-10-22T16:38:14.000Z,1
2019-10-22T16:52:10.000Z,1
2019-10-22T16:54:04.000Z,2
2019-10-22T17:01:48.000Z,1
2019-10-22T17:16:22.000Z,1
2019-10-22T17:21:26.000Z,1
2019-10-22T17:22:25.000Z,2
2019-10-22T17:40:04.000Z,1
2019-10-22T18:01:51.000Z,1
2019-10-22T18:19:41.000Z,1
2019-10-22T18:40:13.000Z,1
2019-10-22T19:17:50.000Z,1
2019-10-22T19:50:28.000Z,1
2019-10-22T20:29:53.000Z,1
2019-10-22T20:34:19.000Z,1
2019-10-22T20:48:17.000Z,1
2019-10-22T20:55:40.000Z,1
2019-10-22T21:10:17.000Z,1
2019-10-22T21:27:20.000Z,1
2019-10-22T22:34:56.000Z,1
2019-10-23T00:32:54.000Z,1
2019-10-23T04:51:13.000Z,1
2019-10-23T06:14:52.000Z,1
2019-10-23T06:52:57.000Z,2
2019-10-23T07:11:12.000Z,1
2019-10-23T07:12:44.000Z,1
2019-10-23T07:16:02.000Z,1
2019-10-23T07:34:02.000Z,1
2019-10-23T07:47:29.000Z,1
2019-10-23T08:01:23.000Z,1
2019-10-23T08:13:44.000Z,2
2019-10-23T08:19:28.000Z,1
2019-10-23T09:01:20.000Z,2
2019-10-23T09:29:41.000Z,1
2019-10-23T09:59:17.000Z,1
2019-10-23T10:09:38.000Z,1
2019-10-23T10:33:44.000Z,1
2019-10-23T11:31:51.000Z,1
2019-10-23T11:34:06.000Z,1
2019-10-23T11:54:47.000Z,1
2019-10-23T11:59:03.000Z,1
2019-10-23T11:59:58.000Z,1
2019-10-23T13:03:49.000Z,1
2019-10-23T13:17:15.000Z,1
2019-10-23T13:24:55.000Z,1
2019-10-23T14:19:26.000Z,1
2019-10-23T14:48:23.000Z,1
2019-10-23T15:43:21.000Z,1
2019-10-23T15:57:14.000Z,1
2019-10-23T16:00:04.000Z,1
2019-10-23T16:01:57.000Z,1
2019-10-23T16:13:59.000Z,1
2019-10-23T16:33:44.000Z,1
2019-10-23T16:40:02.000Z,2
2019-10-23T16:41:12.000Z,1
2019-10-23T16:43:31.000Z,1
2019-10-23T16:48:24.000Z,1
2019-10-23T16:57:55.000Z,1
2019-10-23T17:17:04.000Z,1
2019-10-23T17:17:28.000Z,1
2019-10-23T17:24:46.000Z,1
2019-10-23T17:36:48.000Z,2
2019-10-23T17:44:59.000Z,1
2019-10-23T17:50:25.000Z,1
2019-10-23T18:01:22.000Z,1
2019-10-23T18:04:05.000Z,2
2019-10-23T18:13:35.000Z,1
2019-10-23T18:16:23.000Z,1
2019-10-23T18:20:27.000Z,1
2019-10-23T18:50:38.000Z,1
2019-10-23T18:53:01.000Z,1
2019-10-23T19:13:16.000Z,2
2019-10-23T19:33:23.000Z,1
2019-10-23T20:09:39.000Z,1
2019-10-23T20:10:25.000Z,1
2019-10-23T20:12:13.000Z,1
2019-10-23T20:24:27.000Z,1
2019-10-23T21:22:53.000Z,1
2019-10-24T07:06:56.000Z,2
2019-10-19T02:40:31.000Z,1
2019-10-19T06:48:35.000Z,1
2019-10-19T07:44:11.000Z,1
2019-10-19T07:52:49.000Z,1
2019-10-19T08:04:32.000Z,1
2019-10-19T08:15:19.000Z,1
2019-10-19T08:28:50.000Z,1
2019-10-19T09:25:19.000Z,1
2019-10-19T09:37:29.000Z,1
2019-10-19T09:49:03.000Z,2
2019-10-19T10:06:22.000Z,2
2019-10-19T10:18:46.000Z,1
2019-10-19T10:49:01.000Z,1
2019-10-19T11:13:56.000Z,1
2019-10-19T11:16:01.000Z,1
2019-10-19T11:36:22.000Z,1
2019-10-19T11:36:48.000Z,1
2019-10-19T12:00:03.000Z,1
2019-10-19T12:18:38.000Z,1
2019-10-19T13:08:07.000Z,1
2019-10-19T13:19:24.000Z,1
2019-10-19T13:23:52.000Z,1
2019-10-19T13:47:43.000Z,1
2019-10-19T15:27:24.000Z,3
2019-10-19T15:52:25.000Z,2
2019-10-19T16:50:03.000Z,1
2019-10-19T11:48:45.000Z,1
2019-10-19T12:02:02.000Z,1
2019-10-19T13:01:40.000Z,2
2019-10-19T13:06:57.000Z,1
2019-10-19T13:15:55.000Z,1
2019-10-19T13:41:13.000Z,1
2019-10-19T14:02:04.000Z,1
2019-10-19T14:15:57.000Z,1
2019-10-19T14:30:19.000Z,1
2019-10-19T14:59:54.000Z,1
2019-10-19T15:07:31.000Z,1
2019-10-19T15:23:11.000Z,1
2019-10-19T15:46:01.000Z,1
2019-10-19T15:57:01.000Z,1
2019-10-19T15:57:52.000Z,1
2019-10-19T16:21:18.000Z,1
2019-10-19T16:21:43.000Z,2
2019-10-19T16:36:49.000Z,1
2019-10-19T16:44:40.000Z,1
2019-10-19T16:45:15.000Z,1
2019-10-19T16:47:48.000Z,1
2019-10-19T16:54:04.000Z,1
2019-10-19T16:54:21.000Z,1
2019-10-19T16:56:25.000Z,2
2019-10-19T17:35:48.000Z,1
2019-10-19T17:53:18.000Z,1
2019-10-19T18:24:47.000Z,1
2019-10-19T18:28:17.000Z,1
2019-10-19T18:41:27.000Z,1
2019-10-19T19:15:23.000Z,1
2019-10-19T19:33:54.000Z,1
2019-10-19T19:46:26.000Z,1
2019-10-19T20:53:17.000Z,1
2019-10-19T20:53:41.000Z,1
2019-10-19T20:54:04.000Z,1
2019-10-19T21:03:20.000Z,1
2019-10-19T21:09:16.000Z,1
2019-10-19T21:14:18.000Z,1
2019-10-19T21:43:07.000Z,1
2019-10-19T22:14:22.000Z,1
2019-10-19T22:15:58.000Z,1
2019-10-19T22:41:38.000Z,2
2019-10-19T23:45:47.000Z,1
2019-10-20T00:27:30.000Z,1
2019-10-20T01:46:29.000Z,1
2019-10-20T02:20:01.000Z,1
2019-10-20T02:21:02.000Z,1
2019-10-20T07:36:17.000Z,1
2019-10-20T08:52:32.000Z,1
2019-10-20T09:05:32.000Z,1
2019-10-20T09:19:20.000Z,2
2019-10-20T09:25:07.000Z,1
2019-10-20T09:31:31.000Z,1
2019-10-20T09:35:14.000Z,1
2019-10-20T09:56:26.000Z,1
2019-10-20T09:57:32.000Z,1
2019-10-20T10:19:53.000Z,1
2019-10-20T10:22:35.000Z,1
2019-10-20T10:30:58.000Z,1
2019-10-20T10:52:08.000Z,2
2019-10-20T10:52:18.000Z,1
2019-10-20T11:17:39.000Z,1
2019-10-20T11:26:48.000Z,1
2019-10-20T11:35:54.000Z,1
2019-10-20T11:58:07.000Z,1
2019-10-20T12:15:50.000Z,1
2019-10-20T12:16:53.000Z,1
2019-10-20T12:18:50.000Z,2
2019-10-20T12:36:31.000Z,1
2019-10-20T12:38:25.000Z,1
2019-10-20T12:42:16.000Z,1
2019-10-20T12:42:25.000Z,1
2019-10-20T12:50:06.000Z,1
2019-10-20T12:58:21.000Z,1
2019-10-20T13:06:54.000Z,1
2019-10-20T13:07:40.000Z,1
2019-10-20T13:29:11.000Z,1
2019-10-20T13:31:49.000Z,1
2019-10-20T13:33:43.000Z,1
2019-10-20T13:42:20.000Z,1
2019-10-20T14:49:18.000Z,2
2019-10-20T14:49:31.000Z,1
2019-10-20T14:52:32.000Z,1
2019-10-20T15:22:20.000Z,2
2019-10-20T15:31:36.000Z,1
2019-10-20T15:36:13.000Z,1
2019-10-20T15:42:16.000Z,1
2019-10-20T16:36:27.000Z,1
2019-10-20T16:47:33.000Z,1
2019-10-20T16:50:07.000Z,1
2019-10-20T16:56:28.000Z,1
2019-10-20T17:08:22.000Z,1
2019-10-20T17:21:51.000Z,1
2019-10-20T18:39:53.000Z,1
2019-10-20T19:03:39.000Z,1
2019-10-20T19:36:37.000Z,1
2019-10-20T19:45:13.000Z,1
2019-10-21T02:34:49.000Z,1
2019-10-21T06:05:03.000Z,1
2019-10-21T06:45:50.000Z,1
2019-10-21T07:31:00.000Z,1
2019-10-21T07:31:11.000Z,1
2019-10-21T08:01:37.000Z,1
2019-10-21T08:44:54.000Z,1
2019-10-21T09:18:39.000Z,1
2019-10-21T10:16:33.000Z,1
2019-10-21T11:52:42.000Z,1
2019-10-21T11:54:54.000Z,1
2019-10-21T13:21:57.000Z,1
2019-10-21T14:52:18.000Z,1
2019-10-21T16:39:13.000Z,2
2019-10-21T16:42:57.000Z,1
2019-10-21T16:57:30.000Z,1
2019-10-21T17:05:55.000Z,1
2019-10-21T17:29:15.000Z,1
2019-10-21T17:35:01.000Z,1
2019-10-21T17:40:28.000Z,1
2019-10-21T17:41:48.000Z,1
2019-10-21T18:17:37.000Z,1
2019-10-21T18:55:35.000Z,1
2019-10-21T18:59:46.000Z,1
2019-10-21T19:36:01.000Z,1
2019-10-21T19:59:00.000Z,1
2019-10-21T19:59:12.000Z,1
2019-10-21T20:01:06.000Z,1
2019-10-21T20:54:59.000Z,1
2019-10-21T21:45:37.000Z,1
2019-10-21T22:47:21.000Z,1
2019-10-22T05:54:50.000Z,1
2019-10-22T05:59:35.000Z,1
2019-10-22T06:10:20.000Z,1
2019-10-22T06:14:25.000Z,1
2019-10-22T06:16:40.000Z,2
2019-10-22T06:27:08.000Z,1
2019-10-22T06:29:24.000Z,1
2019-10-22T06:48:40.000Z,1
2019-10-22T07:13:37.000Z,1
2019-10-22T07:22:09.000Z,1
2019-10-22T07:49:33.000Z,1
2019-10-22T07:55:34.000Z,1
2019-10-22T07:59:47.000Z,1
2019-10-22T08:07:39.000Z,1
2019-10-22T08:09:25.000Z,1
2019-10-22T08:12:48.000Z,1
2019-10-22T08:21:17.000Z,1
2019-10-22T08:45:57.000Z,1
2019-10-22T09:04:48.000Z,1
2019-10-22T10:26:33.000Z,2
2019-10-22T11:26:22.000Z,1
2019-10-22T11:56:32.000Z,1
2019-10-22T12:19:08.000Z,1
2019-10-22T12:24:49.000Z,1
2019-10-22T13:03:57.000Z,1
2019-10-22T13:17:05.000Z,1
2019-10-22T13:39:02.000Z,1
2019-10-22T13:59:54.000Z,1
2019-10-22T14:37:33.000Z,1
2019-10-22T14:44:24.000Z,1
2019-10-22T15:13:07.000Z,1
2019-10-22T15:46:54.000Z,1
2019-10-22T15:58:00.000Z,1
2019-10-22T16:07:17.000Z,1
2019-10-22T16:13:27.000Z,1
2019-10-22T16:16:34.000Z,1
2019-10-22T16:34:44.000Z,1
2019-10-22T16:43:22.000Z,1
2019-10-22T17:07:15.000Z,2
2019-10-22T17:09:39.000Z,2
2019-10-22T17:16:25.000Z,1
2019-10-22T17:21:12.000Z,1
2019-10-22T17:22:46.000Z,1
2019-10-22T17:31:51.000Z,1
2019-10-22T17:42:04.000Z,1
2019-10-22T17:52:51.000Z,1
2019-10-22T17:58:36.000Z,1
2019-10-22T18:19:59.000Z,1
2019-10-22T18:26:08.000Z,2
2019-10-22T18:42:25.000Z,1
2019-10-22T18:55:27.000Z,1
2019-10-22T20:01:28.000Z,1
2019-10-22T20:05:05.000Z,1
2019-10-22T20:20:37.000Z,1
2019-10-22T20:24:44.000Z,1
2019-10-22T20:28:49.000Z,1
2019-10-22T21:15:26.000Z,1
2019-10-23T04:17:40.000Z,1
2019-10-23T06:55:13.000Z,1
2019-10-23T07:32:50.000Z,1
2019-10-23T07:42:14.000Z,1
2019-10-23T07:49:36.000Z,1
2019-10-23T08:08:53.000Z,1
2019-10-23T08:48:10.000Z,1
2019-10-23T08:59:09.000Z,1
2019-10-23T09:04:35.000Z,1
2019-10-23T09:07:15.000Z,1
2019-10-23T09:17:28.000Z,1
2019-10-23T10:29:45.000Z,1
2019-10-23T10:59:41.000Z,1
2019-10-23T11:25:51.000Z,1
2019-10-23T12:27:45.000Z,1
2019-10-23T12:34:13.000Z,1
2019-10-23T12:56:40.000Z,1
2019-10-23T12:57:13.000Z,1
2019-10-23T13:24:27.000Z,2
2019-10-23T13:50:34.000Z,1
2019-10-23T14:39:40.000Z,1
2019-10-23T14:51:51.000Z,2
2019-10-23T15:02:43.000Z,1
2019-10-23T15:04:33.000Z,1
2019-10-23T15:17:33.000Z,1
2019-10-23T15:54:47.000Z,1
2019-10-23T16:05:10.000Z,1
2019-10-23T16:16:02.000Z,1
2019-10-23T16:27:22.000Z,1
2019-10-23T16:33:54.000Z,1
2019-10-23T16:34:05.000Z,1
2019-10-23T16:37:58.000Z,1
2019-10-23T16:42:01.000Z,1
2019-10-23T16:52:23.000Z,2
2019-10-23T17:11:34.000Z,1
2019-10-23T17:26:20.000Z,1
2019-10-23T17:31:10.000Z,2
2019-10-23T17:43:38.000Z,1
2019-10-23T17:49:24.000Z,1
2019-10-23T17:50:09.000Z,1
2019-10-23T17:51:03.000Z,1
2019-10-23T18:08:29.000Z,1
2019-10-23T18:24:08.000Z,1
2019-10-23T18:25:27.000Z,1
2019-10-23T18:32:31.000Z,1
2019-10-23T18:58:43.000Z,1
2019-10-23T19:22:37.000Z,1
2019-10-23T19:40:47.000Z,1
2019-10-23T19:53:13.000Z,1
2019-10-23T20:17:51.000Z,1
2019-10-23T20:19:25.000Z,1
2019-10-23T21:30:13.000Z,1
2019-10-24T07:06:37.000Z,1
2019-10-19T00:30:57.000Z,1
2019-10-19T00:34:05.000Z,1
2019-10-19T06:34:37.000Z,1
2019-10-19T06:59:08.000Z,1
2019-10-19T08:22:50.000Z,1
2019-10-19T08:37:03.000Z,1
2019-10-19T09:26:23.000Z,1
2019-10-19T09:47:26.000Z,1
2019-10-19T10:02:50.000Z,1
2019-10-19T10:05:28.000Z,1
2019-10-19T10:24:17.000Z,1
2019-10-19T11:05:56.000Z,1
2019-10-19T11:15:48.000Z,1
2019-10-19T11:42:00.000Z,1
2019-10-19T11:50:12.000Z,1
2019-10-19T11:51:09.000Z,1
2019-10-19T12:01:09.000Z,1
2019-10-19T12:11:03.000Z,1
2019-10-19T12:11:43.000Z,1
2019-10-19T12:21:01.000Z,1
2019-10-19T13:42:33.000Z,1
2019-10-19T14:22:05.000Z,1
2019-10-19T16:36:23.000Z,2
2019-10-19T17:04:01.000Z,1
2019-10-19T09:49:02.000Z,1
2019-10-19T12:04:13.000Z,2
2019-10-19T12:34:11.000Z,1
2019-10-19T12:36:59.000Z,1
2019-10-19T13:12:17.000Z,2
2019-10-19T13:42:48.000Z,1
2019-10-19T13:45:08.000Z,1
2019-10-19T14:24:26.000Z,1
2019-10-19T14:30:48.000Z,2
2019-10-19T14:33:32.000Z,1
2019-10-19T14:37:22.000Z,1
2019-10-19T14:46:04.000Z,2
2019-10-19T14:52:32.000Z,1
2019-10-19T15:14:42.000Z,1
2019-10-19T15:15:12.000Z,1
2019-10-19T15:33:28.000Z,1
2019-10-19T15:39:54.000Z,1
2019-10-19T15:41:30.000Z,1
2019-10-19T15:43:49.000Z,1
2019-10-19T15:44:25.000Z,1
2019-10-19T16:25:24.000Z,2
2019-10-19T16:26:37.000Z,1
2019-10-19T16:36:10.000Z,1
2019-10-19T16:50:52.000Z,1
2019-10-19T17:08:10.000Z,1
2019-10-19T17:19:01.000Z,1
2019-10-19T17:41:14.000Z,1
2019-10-19T17:59:13.000Z,1
2019-10-19T18:33:33.000Z,2
2019-10-19T18:34:03.000Z,1
2019-10-19T19:00:15.000Z,1
2019-10-19T19:20:34.000Z,1
2019-10-19T19:41:18.000Z,1
2019-10-19T21:05:23.000Z,1
2019-10-19T21:27:33.000Z,1
2019-10-20T00:44:06.000Z,1
2019-10-20T02:14:27.000Z,1
2019-10-20T03:10:47.000Z,1
2019-10-20T06:35:20.000Z,1
2019-10-20T06:55:54.000Z,1
2019-10-20T07:32:21.000Z,1
2019-10-20T08:01:41.000Z,2
2019-10-20T08:52:11.000Z,1
2019-10-20T08:57:47.000Z,1
2019-10-20T08:58:01.000Z,1
2019-10-20T09:06:44.000Z,1
2019-10-20T09:09:59.000Z,1
2019-10-20T09:36:13.000Z,1
2019-10-20T10:14:35.000Z,1
2019-10-20T10:14:42.000Z,1
2019-10-20T10:18:37.000Z,1
2019-10-20T10:21:25.000Z,2
2019-10-20T10:23:14.000Z,1
2019-10-20T10:35:23.000Z,1
2019-10-20T10:54:08.000Z,1
2019-10-20T11:32:23.000Z,1
2019-10-20T11:37:31.000Z,1
2019-10-20T12:04:49.000Z,3
2019-10-20T12:16:01.000Z,1
2019-10-20T12:35:27.000Z,1
2019-10-20T12:45:01.000Z,1
2019-10-20T13:01:28.000Z,1
2019-10-20T13:07:32.000Z,1
2019-10-20T13:27:22.000Z,2
2019-10-20T13:31:56.000Z,1
2019-10-20T13:40:59.000Z,2
2019-10-20T13:42:14.000Z,1
2019-10-20T14:07:28.000Z,1
2019-10-20T14:08:42.000Z,1
2019-10-20T14:13:28.000Z,1
2019-10-20T14:32:09.000Z,1
2019-10-20T14:50:27.000Z,1
2019-10-20T16:25:54.000Z,1
2019-10-20T16:40:56.000Z,1
2019-10-20T16:46:44.000Z,1
2019-10-20T17:00:43.000Z,1
2019-10-20T17:01:29.000Z,1
2019-10-20T17:10:33.000Z,1
2019-10-20T17:25:16.000Z,1
2019-10-20T17:31:57.000Z,1
2019-10-20T17:41:18.000Z,1
2019-10-20T18:04:25.000Z,1
2019-10-20T18:09:38.000Z,1
2019-10-20T18:18:02.000Z,1
2019-10-20T18:22:18.000Z,1
2019-10-20T18:54:25.000Z,1
2019-10-20T19:32:25.000Z,1
2019-10-21T01:31:21.000Z,1
2019-10-21T02:23:16.000Z,1
2019-10-21T02:42:51.000Z,1
2019-10-21T06:14:51.000Z,1
2019-10-21T06:28:12.000Z,1
2019-10-21T06:58:06.000Z,1
2019-10-21T07:37:00.000Z,1
2019-10-21T07:46:47.000Z,1
2019-10-21T07:51:05.000Z,2
2019-10-21T07:55:10.000Z,1
2019-10-21T08:32:28.000Z,1
2019-10-21T08:36:28.000Z,1
2019-10-21T09:47:04.000Z,1
2019-10-21T12:44:33.000Z,1
2019-10-21T13:22:29.000Z,1
2019-10-21T14:25:03.000Z,1
2019-10-21T14:41:36.000Z,1
2019-10-21T15:36:22.000Z,1
2019-10-21T15:58:28.000Z,1
2019-10-21T16:08:59.000Z,1
2019-10-21T16:21:36.000Z,2
2019-10-21T16:37:57.000Z,1
2019-10-21T16:43:02.000Z,1
2019-10-21T16:51:33.000Z,2
2019-10-21T16:51:43.000Z,2
2019-10-21T16:55:14.000Z,1
2019-10-21T16:56:50.000Z,1
2019-10-21T17:06:22.000Z,1
2019-10-21T17:15:29.000Z,2
2019-10-21T17:16:47.000Z,1
2019-10-21T17:31:32.000Z,1
2019-10-21T17:34:04.000Z,1
2019-10-21T17:51:01.000Z,2
2019-10-21T17:52:33.000Z,1
2019-10-21T18:01:56.000Z,1
2019-10-21T18:09:03.000Z,1
2019-10-21T18:17:40.000Z,1
2019-10-21T18:24:20.000Z,3
2019-10-21T18:30:13.000Z,1
2019-10-21T18:31:05.000Z,1
2019-10-21T18:34:36.000Z,1
2019-10-21T19:08:49.000Z,1
2019-10-21T19:12:47.000Z,1
2019-10-21T19:13:04.000Z,1
2019-10-21T19:14:29.000Z,1
2019-10-21T19:30:37.000Z,1
2019-10-21T19:47:40.000Z,1
2019-10-21T20:04:56.000Z,1
2019-10-21T20:17:38.000Z,1
2019-10-21T20:40:27.000Z,1
2019-10-21T20:42:32.000Z,1
2019-10-21T20:48:22.000Z,1
2019-10-21T21:04:04.000Z,1
2019-10-21T21:40:25.000Z,1
2019-10-22T05:09:17.000Z,1
2019-10-22T05:45:42.000Z,2
2019-10-22T05:59:16.000Z,1
2019-10-22T06:29:31.000Z,1
2019-10-22T06:35:20.000Z,1
2019-10-22T06:37:03.000Z,1
2019-10-22T06:49:25.000Z,3
2019-10-22T07:02:15.000Z,1
2019-10-22T07:10:43.000Z,1
2019-10-22T07:12:11.000Z,2
2019-10-22T07:26:05.000Z,1
2019-10-22T07:30:07.000Z,1
2019-10-22T07:51:52.000Z,2
2019-10-22T07:58:15.000Z,1
2019-10-22T08:17:12.000Z,1
2019-10-22T08:24:56.000Z,1
2019-10-22T08:25:14.000Z,1
2019-10-22T08:31:52.000Z,1
2019-10-22T08:32:08.000Z,1
2019-10-22T08:39:14.000Z,1
2019-10-22T08:41:27.000Z,2
2019-10-22T10:29:19.000Z,1
2019-10-22T10:50:16.000Z,1
2019-10-22T11:02:44.000Z,1
2019-10-22T11:16:45.000Z,1
2019-10-22T11:33:11.000Z,1
2019-10-22T13:14:23.000Z,1
2019-10-22T15:10:40.000Z,2
2019-10-22T15:12:15.000Z,2
2019-10-22T15:12:29.000Z,1
2019-10-22T16:04:32.000Z,1
2019-10-22T16:12:55.000Z,1
2019-10-22T16:17:28.000Z,1
2019-10-22T16:27:00.000Z,1
2019-10-22T16:29:20.000Z,1
2019-10-22T16:35:51.000Z,1
2019-10-22T16:42:45.000Z,1
2019-10-22T16:45:52.000Z,1
2019-10-22T16:51:51.000Z,2
2019-10-22T16:56:46.000Z,1
2019-10-22T16:56:59.000Z,1
2019-10-22T17:23:55.000Z,1
2019-10-22T17:32:01.000Z,2
2019-10-22T17:33:18.000Z,1
2019-10-22T17:43:15.000Z,1
2019-10-22T17:44:25.000Z,2
2019-10-22T17:45:28.000Z,3
2019-10-22T17:49:15.000Z,1
2019-10-22T18:00:46.000Z,1
2019-10-22T18:13:20.000Z,2
2019-10-22T18:30:32.000Z,1
2019-10-22T18:59:52.000Z,2
2019-10-22T19:19:32.000Z,1
2019-10-22T19:52:34.000Z,1
2019-10-22T20:03:29.000Z,1
2019-10-22T20:09:47.000Z,1
2019-10-22T20:17:00.000Z,1
2019-10-22T22:08:13.000Z,1
2019-10-22T22:09:50.000Z,1
2019-10-23T05:37:03.000Z,1
2019-10-23T05:38:15.000Z,2
2019-10-23T06:38:36.000Z,1
2019-10-23T06:38:48.000Z,1
2019-10-23T06:49:36.000Z,1
2019-10-23T06:56:01.000Z,2
2019-10-23T07:19:15.000Z,2
2019-10-23T07:41:50.000Z,1
2019-10-23T07:54:10.000Z,3
2019-10-23T08:06:01.000Z,1
2019-10-23T08:26:12.000Z,1
2019-10-23T08:41:49.000Z,2
2019-10-23T08:42:26.000Z,1
2019-10-23T08:55:22.000Z,1
2019-10-23T09:04:55.000Z,1
2019-10-23T09:12:55.000Z,1
2019-10-23T09:17:36.000Z,1
2019-10-23T09:30:50.000Z,1
2019-10-23T09:34:48.000Z,1
2019-10-23T09:36:46.000Z,2
2019-10-23T10:24:13.000Z,1
2019-10-23T10:34:28.000Z,1
2019-10-23T10:53:20.000Z,1
2019-10-23T11:17:39.000Z,1
2019-10-23T11:56:53.000Z,1
2019-10-23T12:03:34.000Z,1
2019-10-23T13:10:40.000Z,1
2019-10-23T14:28:43.000Z,1
2019-10-23T14:38:59.000Z,1
2019-10-23T14:58:07.000Z,1
2019-10-23T15:14:37.000Z,1
2019-10-23T15:35:29.000Z,1
2019-10-23T15:40:11.000Z,1
2019-10-23T16:32:59.000Z,1
2019-10-23T16:44:00.000Z,1
2019-10-23T16:45:49.000Z,1
2019-10-23T17:06:10.000Z,1
2019-10-23T17:19:48.000Z,1
2019-10-23T17:29:21.000Z,1
2019-10-23T17:53:58.000Z,1
2019-10-23T17:54:18.000Z,1
2019-10-23T18:14:04.000Z,1
2019-10-23T18:18:10.000Z,1
2019-10-23T18:33:27.000Z,1
2019-10-23T18:44:02.000Z,1
2019-10-23T18:48:29.000Z,1
2019-10-23T19:05:54.000Z,1
2019-10-23T19:09:47.000Z,1
2019-10-23T19:13:45.000Z,1
2019-10-23T19:20:15.000Z,1
2019-10-23T19:26:38.000Z,1
2019-10-23T20:22:32.000Z,1
2019-10-23T20:25:12.000Z,1
2019-10-23T20:44:32.000Z,1
2019-10-23T22:04:27.000Z,1
2019-10-24T05:56:39.000Z,1
2019-10-24T06:43:01.000Z,1
2019-10-24T06:50:57.000Z,1
2019-10-24T07:16:20.000Z,1
2019-10-19T00:13:08.000Z,1
2019-10-19T06:36:13.000Z,1
2019-10-19T07:22:00.000Z,1
2019-10-19T07:42:04.000Z,1
2019-10-19T09:04:44.000Z,1
2019-10-19T09:24:46.000Z,1
2019-10-19T09:28:39.000Z,1
2019-10-19T09:48:28.000Z,1
2019-10-19T10:03:31.000Z,1
2019-10-19T10:07:17.000Z,1
2019-10-19T10:20:00.000Z,1
2019-10-19T10:24:27.000Z,1
2019-10-19T10:25:38.000Z,4
2019-10-19T10:37:18.000Z,1
2019-10-19T10:48:40.000Z,1
2019-10-19T11:16:45.000Z,2
2019-10-19T11:45:28.000Z,1
2019-10-19T12:56:43.000Z,3
2019-10-19T12:59:01.000Z,1
2019-10-19T13:27:50.000Z,1
2019-10-19T10:21:50.000Z,1
2019-10-19T11:55:24.000Z,1
2019-10-19T12:12:31.000Z,1
2019-10-19T12:17:10.000Z,1
2019-10-19T13:01:14.000Z,1
2019-10-19T13:09:09.000Z,1
2019-10-19T15:04:19.000Z,2
2019-10-19T15:07:55.000Z,1
2019-10-19T15:19:43.000Z,2
2019-10-19T15:21:06.000Z,1
2019-10-19T15:32:07.000Z,1
2019-10-19T15:37:16.000Z,1
2019-10-19T15:48:18.000Z,1
2019-10-19T15:51:55.000Z,2
2019-10-19T15:59:03.000Z,1
2019-10-19T16:04:36.000Z,1
2019-10-19T16:13:11.000Z,1
2019-10-19T16:24:46.000Z,1
2019-10-19T16:40:51.000Z,1
2019-10-19T17:12:10.000Z,1
2019-10-19T17:24:09.000Z,1
2019-10-19T17:25:11.000Z,1
2019-10-19T17:29:25.000Z,1
2019-10-19T17:49:03.000Z,1
2019-10-19T18:09:12.000Z,1
2019-10-19T18:15:31.000Z,1
2019-10-19T18:16:57.000Z,1
2019-10-19T18:49:00.000Z,1
2019-10-19T19:26:53.000Z,1
2019-10-19T19:30:02.000Z,1
2019-10-19T19:46:08.000Z,1
2019-10-19T19:46:44.000Z,1
2019-10-19T20:43:19.000Z,1
2019-10-19T21:39:32.000Z,1
2019-10-19T21:48:39.000Z,1
2019-10-19T22:31:21.000Z,1
2019-10-19T22:59:27.000Z,1
2019-10-20T00:27:50.000Z,1
2019-10-20T02:20:23.000Z,1
2019-10-20T06:55:03.000Z,1
2019-10-20T08:21:22.000Z,1
2019-10-20T09:14:11.000Z,1
2019-10-20T09:24:22.000Z,1
2019-10-20T09:52:05.000Z,1
2019-10-20T09:55:38.000Z,1
2019-10-20T10:07:35.000Z,1
2019-10-20T10:11:52.000Z,2
2019-10-20T10:12:41.000Z,1
2019-10-20T11:08:37.000Z,2
2019-10-20T11:29:17.000Z,1
2019-10-20T11:37:26.000Z,2
2019-10-20T11:42:53.000Z,2
2019-10-20T12:22:39.000Z,1
2019-10-20T12:36:27.000Z,2
2019-10-20T12:43:07.000Z,1
2019-10-20T12:46:01.000Z,1
2019-10-20T13:04:46.000Z,2
2019-10-20T13:23:32.000Z,1
2019-10-20T13:38:37.000Z,1
2019-10-20T13:43:29.000Z,1
2019-10-20T14:15:28.000Z,1
2019-10-20T15:11:06.000Z,1
2019-10-20T15:23:07.000Z,1
2019-10-20T15:26:37.000Z,1
2019-10-20T16:17:10.000Z,3
2019-10-20T16:43:39.000Z,1
2019-10-20T17:08:23.000Z,1
2019-10-20T17:14:54.000Z,1
2019-10-20T17:24:08.000Z,1
2019-10-20T17:36:26.000Z,1
2019-10-20T17:37:28.000Z,1
2019-10-20T18:23:03.000Z,1
2019-10-20T18:24:42.000Z,1
2019-10-20T19:02:56.000Z,1
2019-10-20T19:24:30.000Z,1
2019-10-20T19:45:30.000Z,1
2019-10-20T20:06:51.000Z,1
2019-10-20T20:16:30.000Z,2
2019-10-20T21:51:30.000Z,1
2019-10-20T22:19:01.000Z,1
2019-10-20T23:37:28.000Z,1
2019-10-21T00:27:52.000Z,1
2019-10-21T01:53:16.000Z,1
2019-10-21T06:04:43.000Z,1
2019-10-21T06:48:20.000Z,1
2019-10-21T07:34:44.000Z,1
2019-10-21T07:49:30.000Z,1
2019-10-21T08:11:40.000Z,1
2019-10-21T08:23:22.000Z,1
2019-10-21T08:24:47.000Z,1
2019-10-21T08:28:17.000Z,1
2019-10-21T08:31:16.000Z,1
2019-10-21T08:31:21.000Z,1
2019-10-21T08:43:17.000Z,1
2019-10-21T08:52:17.000Z,1
2019-10-21T09:27:37.000Z,1
2019-10-21T09:43:54.000Z,1
2019-10-21T10:28:29.000Z,1
2019-10-21T10:28:44.000Z,1
2019-10-21T10:30:51.000Z,1
2019-10-21T12:15:11.000Z,1
2019-10-21T12:44:14.000Z,1
2019-10-21T12:54:35.000Z,1
2019-10-21T14:16:55.000Z,1
2019-10-21T14:31:46.000Z,1
2019-10-21T15:09:16.000Z,1
2019-10-21T15:11:35.000Z,1
2019-10-21T15:21:16.000Z,1
2019-10-21T15:37:11.000Z,1
2019-10-21T16:05:45.000Z,1
2019-10-21T16:16:16.000Z,1
2019-10-21T16:24:54.000Z,1
2019-10-21T16:35:11.000Z,1
2019-10-21T16:35:37.000Z,1
2019-10-21T16:39:37.000Z,2
2019-10-21T16:41:23.000Z,1
2019-10-21T16:44:11.000Z,1
2019-10-21T16:49:09.000Z,1
2019-10-21T16:56:03.000Z,2
2019-10-21T17:05:22.000Z,1
2019-10-21T17:07:37.000Z,2
2019-10-21T17:08:34.000Z,3
2019-10-21T17:08:35.000Z,1
2019-10-21T17:22:21.000Z,1
2019-10-21T17:36:57.000Z,1
2019-10-21T17:44:58.000Z,1
2019-10-21T17:51:33.000Z,1
2019-10-21T17:58:34.000Z,1
2019-10-21T18:11:09.000Z,3
2019-10-21T18:23:13.000Z,1
2019-10-21T18:25:33.000Z,1
2019-10-21T18:31:42.000Z,1
2019-10-21T18:43:02.000Z,2
2019-10-21T18:46:34.000Z,1
2019-10-21T19:05:44.000Z,2
2019-10-21T19:09:51.000Z,1
2019-10-21T19:22:43.000Z,1
2019-10-21T19:40:24.000Z,1
2019-10-21T19:45:36.000Z,1
2019-10-21T19:51:30.000Z,2
2019-10-21T20:03:16.000Z,1
2019-10-21T20:41:25.000Z,1
2019-10-21T20:53:50.000Z,1
2019-10-21T21:07:32.000Z,1
2019-10-21T21:25:50.000Z,1
2019-10-22T06:19:38.000Z,1
2019-10-22T07:13:32.000Z,1
2019-10-22T07:20:41.000Z,1
2019-10-22T07:37:45.000Z,1
2019-10-22T07:43:20.000Z,1
2019-10-22T07:50:28.000Z,1
2019-10-22T08:37:18.000Z,1
2019-10-22T08:40:44.000Z,1
2019-10-22T09:20:26.000Z,1
2019-10-22T09:36:50.000Z,1
2019-10-22T11:44:42.000Z,1
2019-10-22T12:37:01.000Z,2
2019-10-22T12:38:38.000Z,1
2019-10-22T13:06:14.000Z,1
2019-10-22T14:12:23.000Z,1
2019-10-22T14:17:52.000Z,1
2019-10-22T14:33:11.000Z,1
2019-10-22T15:34:13.000Z,1
2019-10-22T16:24:36.000Z,1
2019-10-22T16:28:10.000Z,1
2019-10-22T16:55:15.000Z,1
2019-10-22T17:00:53.000Z,1
2019-10-22T17:02:31.000Z,2
2019-10-22T17:10:26.000Z,1
2019-10-22T17:10:27.000Z,1
2019-10-22T17:16:13.000Z,1
2019-10-22T17:22:15.000Z,1
2019-10-22T17:36:21.000Z,2
2019-10-22T17:43:32.000Z,1
2019-10-22T17:44:15.000Z,2
2019-10-22T18:00:48.000Z,1
2019-10-22T18:05:50.000Z,1
2019-10-22T18:12:01.000Z,1
2019-10-22T18:34:12.000Z,1
2019-10-22T18:37:29.000Z,1
2019-10-22T18:38:11.000Z,1
2019-10-22T18:38:48.000Z,1
2019-10-22T18:39:40.000Z,1
2019-10-22T18:45:55.000Z,2
2019-10-22T18:51:23.000Z,1
2019-10-22T18:53:15.000Z,1
2019-10-22T19:02:36.000Z,1
2019-10-22T19:04:51.000Z,1
2019-10-22T19:40:15.000Z,1
2019-10-22T20:39:48.000Z,1
2019-10-22T21:06:48.000Z,1
2019-10-22T22:32:21.000Z,1
2019-10-22T22:35:28.000Z,1
2019-10-22T23:04:24.000Z,1
2019-10-22T23:46:52.000Z,1
2019-10-23T00:28:44.000Z,1
2019-10-23T05:58:01.000Z,1
2019-10-23T06:04:59.000Z,1
2019-10-23T06:30:38.000Z,1
2019-10-23T06:39:50.000Z,1
2019-10-23T06:52:19.000Z,1
2019-10-23T07:23:43.000Z,2
2019-10-23T07:31:37.000Z,1
2019-10-23T07:45:27.000Z,1
2019-10-23T07:54:08.000Z,1
2019-10-23T08:00:10.000Z,1
2019-10-23T08:22:47.000Z,1
2019-10-23T08:22:56.000Z,3
2019-10-23T08:40:03.000Z,1
2019-10-23T08:47:33.000Z,1
2019-10-23T09:12:49.000Z,1
2019-10-23T09:33:22.000Z,1
2019-10-23T09:55:44.000Z,1
2019-10-23T10:11:29.000Z,1
2019-10-23T11:54:00.000Z,1
2019-10-23T11:56:17.000Z,1
2019-10-23T11:58:27.000Z,1
2019-10-23T12:08:33.000Z,1
2019-10-23T14:11:50.000Z,2
2019-10-23T14:22:25.000Z,1
2019-10-23T15:04:40.000Z,2
2019-10-23T15:07:41.000Z,1
2019-10-23T15:45:42.000Z,2
2019-10-23T15:50:38.000Z,1
2019-10-23T15:59:48.000Z,2
2019-10-23T16:08:17.000Z,1
2019-10-23T16:29:34.000Z,2
2019-10-23T16:49:48.000Z,1
2019-10-23T16:55:24.000Z,3
2019-10-23T16:59:47.000Z,1
2019-10-23T17:06:03.000Z,1
2019-10-23T17:28:00.000Z,2
2019-10-23T17:31:29.000Z,1
2019-10-23T17:31:50.000Z,1
2019-10-23T17:45:48.000Z,2
2019-10-23T17:50:04.000Z,2
2019-10-23T18:01:27.000Z,2
2019-10-23T18:07:31.000Z,1
2019-10-23T18:22:20.000Z,1
2019-10-23T18:30:31.000Z,1
2019-10-23T19:05:21.000Z,1
2019-10-23T19:12:27.000Z,1
2019-10-23T19:19:31.000Z,2
2019-10-23T19:45:00.000Z,1
2019-10-23T19:49:48.000Z,1
2019-10-23T20:12:02.000Z,1
2019-10-23T20:45:41.000Z,1
2019-10-23T20:48:03.000Z,1
2019-10-23T21:08:06.000Z,1
2019-10-24T05:25:05.000Z,1
2019-10-24T05:51:24.000Z,1
2019-10-24T06:36:50.000Z,1
2019-10-24T06:46:27.000Z,1
2019-10-24T06:51:17.000Z,1
2019-10-24T07:09:23.000Z,1
2019-10-24T07:10:04.000Z,1
2019-10-24T07:12:59.000Z,1
2019-10-24T07:21:34.000Z,1
2019-10-24T07:23:06.000Z,1
2019-10-24T07:23:58.000Z,1
2019-10-19T00:29:10.000Z,1
2019-10-19T07:47:24.000Z,1
2019-10-19T08:09:45.000Z,1
2019-10-19T09:10:37.000Z,1
2019-10-19T09:28:30.000Z,1
2019-10-19T09:29:18.000Z,2
2019-10-19T09:33:01.000Z,2
2019-10-19T09:36:42.000Z,1
2019-10-19T09:37:17.000Z,1
2019-10-19T09:42:00.000Z,2
2019-10-19T09:43:10.000Z,2
2019-10-19T09:45:18.000Z,2
2019-10-19T09:49:52.000Z,1
2019-10-19T10:11:59.000Z,1
2019-10-19T10:50:54.000Z,1
2019-10-19T10:51:41.000Z,1
2019-10-19T10:57:11.000Z,1
2019-10-19T11:17:02.000Z,1
2019-10-19T11:24:13.000Z,1
2019-10-19T11:47:33.000Z,1
2019-10-19T11:56:34.000Z,1
2019-10-19T12:08:28.000Z,1
2019-10-19T12:35:37.000Z,1
2019-10-19T12:43:41.000Z,2
2019-10-19T12:59:47.000Z,1
2019-10-19T14:47:57.000Z,1
2019-10-19T08:56:26.000Z,1
2019-10-19T11:47:26.000Z,1
2019-10-19T12:08:55.000Z,1
2019-10-19T12:12:41.000Z,1
2019-10-19T12:15:18.000Z,1
2019-10-19T14:07:30.000Z,1
2019-10-19T14:08:09.000Z,1
2019-10-19T14:11:27.000Z,1
2019-10-19T14:22:35.000Z,1
2019-10-19T14:30:01.000Z,1
2019-10-19T14:32:47.000Z,2
2019-10-19T15:00:33.000Z,1
2019-10-19T15:01:51.000Z,1
2019-10-19T15:31:42.000Z,1
2019-10-19T15:36:57.000Z,1
2019-10-19T15:53:27.000Z,1
2019-10-19T16:01:17.000Z,1
2019-10-19T16:03:48.000Z,2
2019-10-19T16:21:56.000Z,1
2019-10-19T16:25:59.000Z,1
2019-10-19T16:30:50.000Z,1
2019-10-19T16:36:44.000Z,1
2019-10-19T17:10:12.000Z,1
2019-10-19T17:12:36.000Z,1
2019-10-19T17:15:26.000Z,2
2019-10-19T17:30:18.000Z,1
2019-10-19T18:03:54.000Z,1
2019-10-19T18:05:39.000Z,2
2019-10-19T18:24:20.000Z,1
2019-10-19T18:48:25.000Z,2
2019-10-19T19:07:15.000Z,1
2019-10-19T19:54:25.000Z,1
2019-10-19T21:43:23.000Z,1
2019-10-19T21:59:57.000Z,1
2019-10-19T22:41:48.000Z,1
2019-10-20T02:53:13.000Z,1
2019-10-20T07:26:38.000Z,1
2019-10-20T08:01:22.000Z,1
2019-10-20T08:10:47.000Z,1
2019-10-20T08:37:42.000Z,1
2019-10-20T09:00:11.000Z,1
2019-10-20T10:01:20.000Z,1
2019-10-20T10:12:04.000Z,1
2019-10-20T10:37:36.000Z,1
2019-10-20T10:58:32.000Z,1
2019-10-20T10:59:48.000Z,1
2019-10-20T12:08:22.000Z,1
2019-10-20T12:15:48.000Z,1
2019-10-20T12:24:49.000Z,1
2019-10-20T13:00:11.000Z,1
2019-10-20T13:05:12.000Z,1
2019-10-20T13:06:25.000Z,1
2019-10-20T13:10:10.000Z,1
2019-10-20T13:13:21.000Z,1
2019-10-20T13:22:17.000Z,1
2019-10-20T13:34:06.000Z,1
2019-10-20T13:57:16.000Z,1
2019-10-20T14:11:10.000Z,1
2019-10-20T14:16:29.000Z,1
2019-10-20T14:34:40.000Z,1
2019-10-20T14:42:30.000Z,1
2019-10-20T14:55:37.000Z,1
2019-10-20T15:00:30.000Z,1
2019-10-20T15:14:59.000Z,1
2019-10-20T15:29:21.000Z,1
2019-10-20T15:29:27.000Z,1
2019-10-20T15:48:51.000Z,1
2019-10-20T16:05:36.000Z,1
2019-10-20T16:12:59.000Z,1
2019-10-20T16:29:00.000Z,1
2019-10-20T16:46:29.000Z,1
2019-10-20T16:56:19.000Z,1
2019-10-20T17:27:26.000Z,1
2019-10-20T17:42:22.000Z,1
2019-10-20T19:06:52.000Z,1
2019-10-20T19:20:38.000Z,1
2019-10-20T20:14:36.000Z,1
2019-10-20T20:24:35.000Z,1
2019-10-20T21:09:54.000Z,1
2019-10-20T21:49:29.000Z,1
2019-10-20T21:59:07.000Z,1
2019-10-21T05:46:41.000Z,1
2019-10-21T05:53:28.000Z,1
2019-10-21T07:04:44.000Z,1
2019-10-21T07:36:56.000Z,1
2019-10-21T07:48:08.000Z,2
2019-10-21T08:10:29.000Z,3
2019-10-21T08:19:49.000Z,1
2019-10-21T08:21:18.000Z,1
2019-10-21T08:27:00.000Z,1
2019-10-21T08:31:40.000Z,1
2019-10-21T08:37:13.000Z,1
2019-10-21T09:20:13.000Z,1
2019-10-21T10:22:53.000Z,1
2019-10-21T11:22:23.000Z,1
2019-10-21T13:09:09.000Z,1
2019-10-21T14:42:44.000Z,1
2019-10-21T15:18:40.000Z,1
2019-10-21T15:51:22.000Z,1
2019-10-21T15:59:16.000Z,1
2019-10-21T16:21:15.000Z,2
2019-10-21T16:25:30.000Z,1
2019-10-21T16:45:22.000Z,1
2019-10-21T17:01:31.000Z,2
2019-10-21T17:03:05.000Z,2
2019-10-21T17:11:01.000Z,3
2019-10-21T17:23:13.000Z,2
2019-10-21T17:36:07.000Z,1
2019-10-21T17:58:56.000Z,1
2019-10-21T18:05:01.000Z,1
2019-10-21T18:06:22.000Z,1
2019-10-21T18:08:03.000Z,1
2019-10-21T18:08:38.000Z,1
2019-10-21T18:10:54.000Z,1
2019-10-21T18:14:34.000Z,1
2019-10-21T19:13:50.000Z,1
2019-10-21T19:20:28.000Z,2
2019-10-21T19:31:54.000Z,1
2019-10-21T19:50:09.000Z,1
2019-10-21T20:18:25.000Z,1
2019-10-21T21:21:32.000Z,1
2019-10-21T22:02:37.000Z,1
2019-10-22T02:41:45.000Z,1
2019-10-22T05:25:05.000Z,1
2019-10-22T06:33:21.000Z,1
2019-10-22T06:40:12.000Z,1
2019-10-22T07:06:32.000Z,1
2019-10-22T07:13:41.000Z,1
2019-10-22T07:24:49.000Z,2
2019-10-22T07:31:18.000Z,2
2019-10-22T07:36:16.000Z,2
2019-10-22T07:43:58.000Z,1
2019-10-22T07:46:26.000Z,1
2019-10-22T07:55:52.000Z,1
2019-10-22T07:59:59.000Z,1
2019-10-22T08:00:35.000Z,1
2019-10-22T08:16:15.000Z,1
2019-10-22T08:17:32.000Z,1
2019-10-22T08:24:05.000Z,1
2019-10-22T08:37:37.000Z,1
2019-10-22T08:41:49.000Z,1
2019-10-22T08:53:27.000Z,1
2019-10-22T09:15:17.000Z,1
2019-10-22T09:20:46.000Z,1
2019-10-22T09:34:42.000Z,1
2019-10-22T11:28:01.000Z,1
2019-10-22T11:56:46.000Z,1
2019-10-22T14:47:54.000Z,1
2019-10-22T15:13:41.000Z,1
2019-10-22T15:24:30.000Z,1
2019-10-22T16:11:13.000Z,1
2019-10-22T16:43:28.000Z,1
2019-10-22T16:53:00.000Z,1
2019-10-22T16:57:21.000Z,1
2019-10-22T17:15:53.000Z,1
2019-10-22T17:18:31.000Z,3
2019-10-22T17:29:24.000Z,1
2019-10-22T17:33:10.000Z,1
2019-10-22T17:40:29.000Z,1
2019-10-22T17:44:49.000Z,2
2019-10-22T18:04:32.000Z,1
2019-10-22T18:06:59.000Z,3
2019-10-22T18:09:13.000Z,2
2019-10-22T18:22:11.000Z,1
2019-10-22T18:29:50.000Z,1
2019-10-22T18:35:24.000Z,1
2019-10-22T18:41:42.000Z,1
2019-10-22T18:50:12.000Z,1
2019-10-22T18:52:41.000Z,1
2019-10-22T19:40:36.000Z,1
2019-10-22T19:42:47.000Z,1
2019-10-22T19:56:14.000Z,1
2019-10-22T20:17:38.000Z,1
2019-10-22T21:23:49.000Z,1
2019-10-22T23:14:12.000Z,1
2019-10-22T23:29:04.000Z,1
2019-10-23T06:24:09.000Z,1
2019-10-23T06:59:19.000Z,1
2019-10-23T07:49:55.000Z,2
2019-10-23T07:59:07.000Z,1
2019-10-23T08:03:38.000Z,1
2019-10-23T08:06:07.000Z,1
2019-10-23T08:08:50.000Z,1
2019-10-23T08:10:53.000Z,1
2019-10-23T08:40:37.000Z,2
2019-10-23T08:54:52.000Z,1
2019-10-23T09:19:49.000Z,2
2019-10-23T09:21:34.000Z,1
2019-10-23T09:22:54.000Z,1
2019-10-23T09:27:36.000Z,1
2019-10-23T09:36:11.000Z,1
2019-10-23T10:01:44.000Z,1
2019-10-23T11:11:04.000Z,1
2019-10-23T11:17:34.000Z,2
2019-10-23T11:53:11.000Z,1
2019-10-23T12:14:24.000Z,1
2019-10-23T12:19:39.000Z,1
2019-10-23T12:24:32.000Z,2
2019-10-23T12:38:33.000Z,1
2019-10-23T13:40:14.000Z,2
2019-10-23T14:07:59.000Z,1
2019-10-23T14:26:34.000Z,1
2019-10-23T14:38:35.000Z,1
2019-10-23T14:49:57.000Z,1
2019-10-23T15:14:04.000Z,1
2019-10-23T15:18:54.000Z,1
2019-10-23T15:22:06.000Z,1
2019-10-23T15:37:55.000Z,1
2019-10-23T15:42:39.000Z,1
2019-10-23T16:07:12.000Z,1
2019-10-23T16:33:34.000Z,1
2019-10-23T17:00:02.000Z,1
2019-10-23T17:01:56.000Z,1
2019-10-23T17:09:06.000Z,3
2019-10-23T17:09:54.000Z,1
2019-10-23T17:23:57.000Z,2
2019-10-23T17:34:33.000Z,1
2019-10-23T17:48:27.000Z,1
2019-10-23T17:56:03.000Z,1
2019-10-23T18:14:05.000Z,2
2019-10-23T18:18:27.000Z,1
2019-10-23T18:19:46.000Z,2
2019-10-23T18:20:00.000Z,1
2019-10-23T18:48:32.000Z,1
2019-10-23T19:11:33.000Z,1
2019-10-23T19:14:30.000Z,1
2019-10-23T19:21:53.000Z,1
2019-10-23T20:14:54.000Z,1
2019-10-23T20:40:57.000Z,1
2019-10-23T21:22:45.000Z,1
2019-10-23T23:30:03.000Z,1
2019-10-23T23:31:00.000Z,1
2019-10-24T05:22:39.000Z,1
2019-10-24T06:00:30.000Z,1
2019-10-24T06:15:20.000Z,1
2019-10-24T06:20:40.000Z,1
2019-10-24T06:47:13.000Z,1
2019-10-19T09:44:24.000Z,1
2019-10-19T10:38:12.000Z,1
2019-10-19T10:38:51.000Z,1
2019-10-19T10:53:35.000Z,1
2019-10-19T10:58:02.000Z,1
2019-10-19T11:07:33.000Z,1
2019-10-19T11:34:56.000Z,1
2019-10-19T11:36:51.000Z,2
2019-10-19T11:42:40.000Z,1
2019-10-19T11:45:16.000Z,1
2019-10-19T12:27:16.000Z,2
2019-10-19T13:07:44.000Z,2
2019-10-19T13:21:15.000Z,1
2019-10-19T14:38:41.000Z,1
2019-10-19T09:02:50.000Z,1
2019-10-19T10:02:54.000Z,1
2019-10-19T10:18:39.000Z,1
2019-10-19T11:00:18.000Z,1
2019-10-19T11:28:10.000Z,2
2019-10-19T11:31:39.000Z,1
2019-10-19T12:01:50.000Z,1
2019-10-19T12:21:08.000Z,1
2019-10-19T12:34:51.000Z,1
2019-10-19T13:11:59.000Z,1
2019-10-19T13:13:57.000Z,2
2019-10-19T13:16:35.000Z,1
2019-10-19T14:10:36.000Z,1
2019-10-19T14:24:41.000Z,1
2019-10-19T14:31:32.000Z,1
2019-10-19T14:41:10.000Z,1
2019-10-19T15:41:44.000Z,1
2019-10-19T15:43:46.000Z,1
2019-10-19T15:45:18.000Z,1
2019-10-19T15:49:25.000Z,1
2019-10-19T15:57:56.000Z,1
2019-10-19T15:58:14.000Z,1
2019-10-19T16:08:23.000Z,1
2019-10-19T16:23:03.000Z,1
2019-10-19T16:24:26.000Z,2
2019-10-19T16:28:33.000Z,1
2019-10-19T17:06:04.000Z,1
2019-10-19T17:19:17.000Z,1
2019-10-19T18:19:48.000Z,1
2019-10-19T19:22:39.000Z,1
2019-10-19T19:23:55.000Z,1
2019-10-19T19:27:40.000Z,1
2019-10-19T19:38:04.000Z,1
2019-10-19T19:42:24.000Z,1
2019-10-19T20:30:56.000Z,1
2019-10-19T20:53:24.000Z,1
2019-10-19T21:14:04.000Z,1
2019-10-19T22:01:03.000Z,1
2019-10-19T22:41:47.000Z,1
2019-10-20T00:23:07.000Z,1
2019-10-20T00:29:09.000Z,2
2019-10-20T03:02:45.000Z,1
2019-10-20T06:46:14.000Z,1
2019-10-20T07:50:20.000Z,1
2019-10-20T08:08:58.000Z,1
2019-10-20T09:46:23.000Z,1
2019-10-20T10:24:45.000Z,2
2019-10-20T11:05:20.000Z,1
2019-10-20T11:07:02.000Z,1
2019-10-20T11:17:54.000Z,2
2019-10-20T11:18:51.000Z,1
2019-10-20T11:45:23.000Z,1
2019-10-20T12:04:16.000Z,1
2019-10-20T12:05:56.000Z,1
2019-10-20T12:18:16.000Z,1
2019-10-20T12:24:07.000Z,1
2019-10-20T12:37:06.000Z,1
2019-10-20T12:37:53.000Z,1
2019-10-20T13:14:03.000Z,1
2019-10-20T14:06:10.000Z,1
2019-10-20T14:18:21.000Z,1
2019-10-20T14:48:40.000Z,1
2019-10-20T15:23:08.000Z,1
2019-10-20T16:10:39.000Z,1
2019-10-20T16:15:02.000Z,1
2019-10-20T16:57:56.000Z,1
2019-10-20T17:03:18.000Z,1
2019-10-20T17:18:41.000Z,1
2019-10-20T17:56:10.000Z,1
2019-10-20T18:45:39.000Z,1
2019-10-20T19:03:21.000Z,1
2019-10-20T19:18:28.000Z,1
2019-10-20T19:30:17.000Z,1
2019-10-20T19:38:45.000Z,1
2019-10-20T19:53:58.000Z,1
2019-10-20T20:10:20.000Z,1
2019-10-20T20:51:52.000Z,1
2019-10-20T21:34:18.000Z,1
2019-10-21T04:46:53.000Z,1
2019-10-21T06:49:47.000Z,1
2019-10-21T06:55:36.000Z,2
2019-10-21T06:57:32.000Z,1
2019-10-21T07:03:38.000Z,1
2019-10-21T07:39:51.000Z,1
2019-10-21T08:20:07.000Z,1
2019-10-21T08:20:30.000Z,1
2019-10-21T08:21:50.000Z,1
2019-10-21T08:26:29.000Z,1
2019-10-21T08:33:24.000Z,1
2019-10-21T09:02:32.000Z,1
2019-10-21T10:58:28.000Z,1
2019-10-21T11:17:51.000Z,1
2019-10-21T12:34:32.000Z,1
2019-10-21T12:48:08.000Z,1
2019-10-21T14:35:54.000Z,1
2019-10-21T15:11:16.000Z,1
2019-10-21T15:58:58.000Z,1
2019-10-21T16:01:19.000Z,1
2019-10-21T16:23:55.000Z,1
2019-10-21T16:50:59.000Z,1
2019-10-21T16:54:34.000Z,1
2019-10-21T17:03:10.000Z,1
2019-10-21T17:10:11.000Z,1
2019-10-21T17:11:14.000Z,1
2019-10-21T17:19:44.000Z,2
2019-10-21T17:29:30.000Z,1
2019-10-21T17:29:50.000Z,1
2019-10-21T17:31:22.000Z,1
2019-10-21T17:47:46.000Z,1
2019-10-21T17:48:30.000Z,1
2019-10-21T18:13:21.000Z,2
2019-10-21T19:35:13.000Z,1
2019-10-21T20:08:45.000Z,1
2019-10-21T21:36:55.000Z,1
2019-10-21T23:04:09.000Z,1
2019-10-21T23:44:23.000Z,1
2019-10-22T03:56:33.000Z,1
2019-10-22T07:08:40.000Z,1
2019-10-22T07:21:34.000Z,1
2019-10-22T07:30:47.000Z,1
2019-10-22T07:40:38.000Z,2
2019-10-22T07:58:57.000Z,1
2019-10-22T08:00:47.000Z,1
2019-10-22T08:22:44.000Z,5
2019-10-22T08:28:17.000Z,1
2019-10-22T08:30:18.000Z,2
2019-10-22T08:47:16.000Z,1
2019-10-22T10:11:43.000Z,1
2019-10-22T11:41:18.000Z,1
2019-10-22T12:03:52.000Z,1
2019-10-22T12:21:21.000Z,1
2019-10-22T12:24:43.000Z,1
2019-10-22T12:49:15.000Z,1
2019-10-22T13:08:44.000Z,1
2019-10-22T14:31:24.000Z,1
2019-10-22T14:57:19.000Z,1
2019-10-22T15:03:10.000Z,1
2019-10-22T15:11:24.000Z,1
2019-10-22T15:37:08.000Z,1
2019-10-22T15:37:43.000Z,1
2019-10-22T16:27:52.000Z,1
2019-10-22T16:33:01.000Z,1
2019-10-22T16:51:31.000Z,1
2019-10-22T16:52:30.000Z,1
2019-10-22T16:53:15.000Z,1
2019-10-22T17:13:26.000Z,1
2019-10-22T17:27:14.000Z,1
2019-10-22T17:32:23.000Z,2
2019-10-22T17:43:12.000Z,1
2019-10-22T17:44:23.000Z,1
2019-10-22T17:53:19.000Z,1
2019-10-22T18:13:59.000Z,1
2019-10-22T18:31:55.000Z,1
2019-10-22T18:38:21.000Z,1
2019-10-22T18:42:24.000Z,1
2019-10-22T18:50:38.000Z,1
2019-10-22T19:00:17.000Z,1
2019-10-22T19:03:27.000Z,1
2019-10-22T19:11:33.000Z,1
2019-10-22T21:01:00.000Z,2
2019-10-22T21:02:58.000Z,1
2019-10-22T21:24:58.000Z,1
2019-10-22T22:22:48.000Z,1
2019-10-22T22:52:37.000Z,1
2019-10-23T05:16:09.000Z,1
2019-10-23T06:34:11.000Z,1
2019-10-23T07:05:24.000Z,2
2019-10-23T07:05:50.000Z,1
2019-10-23T07:14:01.000Z,1
2019-10-23T07:50:04.000Z,1
2019-10-23T07:54:49.000Z,1
2019-10-23T07:59:00.000Z,1
2019-10-23T08:08:58.000Z,1
2019-10-23T08:14:51.000Z,1
2019-10-23T08:21:15.000Z,2
2019-10-23T08:36:18.000Z,1
2019-10-23T08:53:35.000Z,1
2019-10-23T09:15:53.000Z,1
2019-10-23T09:31:30.000Z,1
2019-10-23T09:33:15.000Z,1
2019-10-23T09:37:45.000Z,1
2019-10-23T09:43:27.000Z,1
2019-10-23T09:45:42.000Z,1
2019-10-23T10:04:59.000Z,1
2019-10-23T10:29:59.000Z,1
2019-10-23T11:00:00.000Z,1
2019-10-23T11:16:31.000Z,1
2019-10-23T11:40:58.000Z,1
2019-10-23T11:45:28.000Z,1
2019-10-23T11:53:55.000Z,1
2019-10-23T12:14:12.000Z,1
2019-10-23T13:34:26.000Z,1
2019-10-23T13:48:36.000Z,1
2019-10-23T13:58:55.000Z,1
2019-10-23T14:13:45.000Z,1
2019-10-23T15:09:41.000Z,1
2019-10-23T15:34:45.000Z,1
2019-10-23T15:45:15.000Z,1
2019-10-23T15:49:39.000Z,1
2019-10-23T15:50:34.000Z,2
2019-10-23T16:36:57.000Z,1
2019-10-23T16:41:10.000Z,2
2019-10-23T16:56:13.000Z,1
2019-10-23T17:03:43.000Z,2
2019-10-23T17:13:31.000Z,1
2019-10-23T17:14:19.000Z,1
2019-10-23T17:14:53.000Z,1
2019-10-23T17:21:39.000Z,1
2019-10-23T17:36:26.000Z,1
2019-10-23T18:34:07.000Z,1
2019-10-23T18:37:29.000Z,1
2019-10-23T18:37:41.000Z,1
2019-10-23T18:58:10.000Z,1
2019-10-23T19:27:27.000Z,1
2019-10-23T19:39:21.000Z,1
2019-10-23T19:49:03.000Z,1
2019-10-23T20:00:51.000Z,1
2019-10-23T21:06:46.000Z,1
2019-10-23T21:16:25.000Z,1
2019-10-23T21:52:10.000Z,1
2019-10-24T05:02:22.000Z,1
2019-10-24T07:20:54.000Z,1
2019-10-19T01:58:59.000Z,1
2019-10-19T07:31:26.000Z,1
2019-10-19T08:36:28.000Z,1
2019-10-19T09:14:59.000Z,1
2019-10-19T09:18:09.000Z,1
2019-10-19T09:21:20.000Z,1
2019-10-19T10:13:06.000Z,1
2019-10-19T11:17:59.000Z,1
2019-10-19T11:40:34.000Z,1
2019-10-19T12:25:21.000Z,1
2019-10-19T12:43:21.000Z,1
2019-10-19T12:48:20.000Z,2
2019-10-19T14:10:46.000Z,1
2019-10-19T14:37:30.000Z,2
2019-10-19T14:47:18.000Z,1
2019-10-19T19:11:37.000Z,1
2019-10-19T08:42:15.000Z,1
2019-10-19T11:12:58.000Z,1
2019-10-19T12:11:55.000Z,1
2019-10-19T12:27:02.000Z,1
2019-10-19T12:35:38.000Z,1
2019-10-19T12:51:49.000Z,2
2019-10-19T13:55:57.000Z,1
2019-10-19T13:57:38.000Z,1
2019-10-19T13:59:13.000Z,1
2019-10-19T14:03:26.000Z,1
2019-10-19T14:13:56.000Z,1
2019-10-19T14:17:46.000Z,1
2019-10-19T14:47:46.000Z,1
2019-10-19T14:49:39.000Z,1
2019-10-19T15:06:32.000Z,1
2019-10-19T15:27:42.000Z,2
2019-10-19T15:29:24.000Z,1
2019-10-19T15:47:16.000Z,1
2019-10-19T16:09:49.000Z,2
2019-10-19T16:16:08.000Z,1
2019-10-19T16:45:14.000Z,2
2019-10-19T16:51:14.000Z,2
2019-10-19T17:06:07.000Z,1
2019-10-19T17:08:01.000Z,1
2019-10-19T17:17:37.000Z,1
2019-10-19T17:28:06.000Z,1
2019-10-19T17:33:38.000Z,1
2019-10-19T17:34:00.000Z,1
2019-10-19T17:37:49.000Z,1
2019-10-19T17:47:38.000Z,1
2019-10-19T17:48:05.000Z,1
2019-10-19T17:49:20.000Z,1
2019-10-19T17:50:40.000Z,1
2019-10-19T18:59:15.000Z,1
2019-10-19T19:27:19.000Z,1
2019-10-19T19:30:39.000Z,1
2019-10-19T20:06:51.000Z,1
2019-10-19T21:29:59.000Z,1
2019-10-19T22:02:56.000Z,1
2019-10-19T22:26:04.000Z,1
2019-10-20T01:22:56.000Z,1
2019-10-20T03:13:59.000Z,1
2019-10-20T03:43:48.000Z,1
2019-10-20T04:37:17.000Z,1
2019-10-20T06:52:04.000Z,1
2019-10-20T07:02:15.000Z,1
2019-10-20T07:27:50.000Z,1
2019-10-20T08:31:24.000Z,1
2019-10-20T08:58:28.000Z,1
2019-10-20T10:22:05.000Z,2
2019-10-20T11:34:53.000Z,1
2019-10-20T11:48:38.000Z,1
2019-10-20T12:21:09.000Z,1
2019-10-20T12:27:48.000Z,1
2019-10-20T12:31:36.000Z,1
2019-10-20T12:49:17.000Z,1
2019-10-20T12:54:55.000Z,1
2019-10-20T13:13:55.000Z,1
2019-10-20T13:33:22.000Z,1
2019-10-20T13:35:50.000Z,1
2019-10-20T13:40:03.000Z,1
2019-10-20T13:47:24.000Z,1
2019-10-20T14:12:09.000Z,2
2019-10-20T14:55:52.000Z,1
2019-10-20T14:57:55.000Z,1
2019-10-20T15:16:05.000Z,1
2019-10-20T15:29:08.000Z,1
2019-10-20T16:18:58.000Z,1
2019-10-20T16:41:54.000Z,1
2019-10-20T16:49:26.000Z,1
2019-10-20T16:54:02.000Z,1
2019-10-20T16:58:10.000Z,2
2019-10-20T17:26:53.000Z,2
2019-10-20T17:27:28.000Z,1
2019-10-20T17:33:03.000Z,1
2019-10-20T18:22:58.000Z,1
2019-10-20T19:22:37.000Z,1
2019-10-20T19:48:02.000Z,1
2019-10-20T21:21:55.000Z,1
2019-10-21T00:20:24.000Z,1
2019-10-21T05:41:06.000Z,1
2019-10-21T06:17:59.000Z,1
2019-10-21T06:39:53.000Z,1
2019-10-21T06:41:22.000Z,1
2019-10-21T07:02:33.000Z,1
2019-10-21T07:05:41.000Z,1
2019-10-21T07:12:10.000Z,1
2019-10-21T07:13:16.000Z,2
2019-10-21T07:46:40.000Z,1
2019-10-21T07:56:18.000Z,1
2019-10-21T08:21:35.000Z,1
2019-10-21T08:24:09.000Z,1
2019-10-21T08:40:04.000Z,1
2019-10-21T08:40:32.000Z,1
2019-10-21T08:44:26.000Z,1
2019-10-21T08:50:22.000Z,1
2019-10-21T10:07:32.000Z,1
2019-10-21T10:16:46.000Z,1
2019-10-21T11:55:51.000Z,1
2019-10-21T12:23:12.000Z,1
2019-10-21T12:50:22.000Z,1
2019-10-21T14:22:10.000Z,1
2019-10-21T14:34:14.000Z,1
2019-10-21T15:10:05.000Z,1
2019-10-21T15:24:55.000Z,1
2019-10-21T15:30:16.000Z,1
2019-10-21T15:47:23.000Z,2
2019-10-21T15:54:49.000Z,1
2019-10-21T15:59:50.000Z,1
2019-10-21T16:15:56.000Z,2
2019-10-21T16:17:32.000Z,1
2019-10-21T16:30:09.000Z,1
2019-10-21T16:47:41.000Z,2
2019-10-21T16:57:16.000Z,1
2019-10-21T16:57:38.000Z,1
2019-10-21T17:02:03.000Z,1
2019-10-21T17:12:06.000Z,1
2019-10-21T17:13:42.000Z,1
2019-10-21T17:27:40.000Z,1
2019-10-21T17:29:45.000Z,3
2019-10-21T17:42:29.000Z,1
2019-10-21T17:43:33.000Z,1
2019-10-21T17:47:50.000Z,1
2019-10-21T17:48:43.000Z,1
2019-10-21T18:04:06.000Z,1
2019-10-21T18:14:05.000Z,1
2019-10-21T18:21:33.000Z,1
2019-10-21T18:27:15.000Z,1
2019-10-21T19:05:19.000Z,1
2019-10-21T22:36:00.000Z,1
2019-10-22T05:40:40.000Z,1
2019-10-22T06:37:17.000Z,1
2019-10-22T07:13:00.000Z,2
2019-10-22T08:28:55.000Z,1
2019-10-22T08:32:53.000Z,1
2019-10-22T08:36:52.000Z,1
2019-10-22T08:48:15.000Z,1
2019-10-22T08:51:09.000Z,1
2019-10-22T11:36:24.000Z,2
2019-10-22T12:11:16.000Z,1
2019-10-22T12:12:11.000Z,2
2019-10-22T12:15:38.000Z,1
2019-10-22T14:56:55.000Z,1
2019-10-22T15:27:53.000Z,1
2019-10-22T15:44:47.000Z,1
2019-10-22T15:48:56.000Z,1
2019-10-22T16:15:37.000Z,1
2019-10-22T16:15:58.000Z,2
2019-10-22T16:43:19.000Z,3
2019-10-22T16:51:38.000Z,1
2019-10-22T16:53:53.000Z,1
2019-10-22T16:54:37.000Z,1
2019-10-22T17:05:54.000Z,1
2019-10-22T17:15:32.000Z,1
2019-10-22T17:16:36.000Z,1
2019-10-22T17:23:43.000Z,1
2019-10-22T17:29:44.000Z,1
2019-10-22T17:30:20.000Z,1
2019-10-22T17:53:12.000Z,1
2019-10-22T18:01:14.000Z,1
2019-10-22T18:11:58.000Z,1
2019-10-22T18:19:16.000Z,1
2019-10-22T18:42:45.000Z,1
2019-10-22T18:45:28.000Z,1
2019-10-22T19:29:08.000Z,1
2019-10-22T19:38:37.000Z,1
2019-10-22T20:24:13.000Z,1
2019-10-22T21:20:56.000Z,1
2019-10-23T06:42:54.000Z,1
2019-10-23T06:45:16.000Z,1
2019-10-23T06:58:36.000Z,1
2019-10-23T07:30:11.000Z,1
2019-10-23T07:36:50.000Z,1
2019-10-23T07:40:18.000Z,1
2019-10-23T07:42:12.000Z,1
2019-10-23T07:50:10.000Z,2
2019-10-23T07:51:12.000Z,1
2019-10-23T07:52:49.000Z,1
2019-10-23T08:04:05.000Z,1
2019-10-23T08:26:29.000Z,1
2019-10-23T08:30:49.000Z,2
2019-10-23T08:37:34.000Z,1
2019-10-23T09:13:10.000Z,3
2019-10-23T09:20:37.000Z,1
2019-10-23T09:41:24.000Z,1
2019-10-23T09:56:16.000Z,1
2019-10-23T10:11:22.000Z,1
2019-10-23T10:26:09.000Z,1
2019-10-23T10:48:53.000Z,1
2019-10-23T10:56:00.000Z,1
2019-10-23T13:05:48.000Z,1
2019-10-23T13:10:24.000Z,1
2019-10-23T13:14:02.000Z,1
2019-10-23T13:17:48.000Z,1
2019-10-23T14:07:23.000Z,1
2019-10-23T14:51:25.000Z,1
2019-10-23T15:58:56.000Z,1
2019-10-23T16:17:47.000Z,1
2019-10-23T16:38:32.000Z,1
2019-10-23T16:46:37.000Z,1
2019-10-23T17:02:21.000Z,1
2019-10-23T17:07:29.000Z,2
2019-10-23T17:15:01.000Z,1
2019-10-23T17:18:14.000Z,1
2019-10-23T17:18:13.000Z,1
2019-10-23T17:23:39.000Z,1
2019-10-23T17:25:00.000Z,1
2019-10-23T17:29:10.000Z,3
2019-10-23T17:41:39.000Z,2
2019-10-23T17:47:26.000Z,1
2019-10-23T18:03:39.000Z,1
2019-10-23T18:24:22.000Z,1
2019-10-23T18:29:42.000Z,1
2019-10-23T18:32:49.000Z,1
2019-10-23T18:37:28.000Z,1
2019-10-23T18:46:36.000Z,1
2019-10-23T19:01:16.000Z,1
2019-10-23T19:15:58.000Z,1
2019-10-23T19:32:19.000Z,2
2019-10-23T19:36:44.000Z,1
2019-10-23T20:02:13.000Z,1
2019-10-23T20:05:52.000Z,1
2019-10-24T01:24:50.000Z,1
2019-10-24T05:57:28.000Z,1
2019-10-24T06:09:24.000Z,1
2019-10-24T06:44:46.000Z,1
2019-10-24T07:07:00.000Z,1
2019-10-24T07:12:31.000Z,1
2019-10-24T07:17:47.000Z,1
2019-10-19T00:16:18.000Z,1
2019-10-19T06:53:31.000Z,1
2019-10-19T07:01:28.000Z,1
2019-10-19T09:20:34.000Z,1
2019-10-19T09:58:28.000Z,1
2019-10-19T10:16:53.000Z,1
2019-10-19T10:46:18.000Z,1
2019-10-19T10:59:05.000Z,1
2019-10-19T11:22:59.000Z,1
2019-10-19T11:39:22.000Z,1
2019-10-19T11:48:18.000Z,1
2019-10-19T12:56:32.000Z,1
2019-10-19T13:24:41.000Z,1
2019-10-19T13:29:29.000Z,1
2019-10-19T14:08:32.000Z,1
2019-10-19T15:23:50.000Z,1
2019-10-19T09:56:52.000Z,1
2019-10-19T11:18:50.000Z,1
2019-10-19T12:12:06.000Z,1
2019-10-19T13:13:31.000Z,1
2019-10-19T13:17:59.000Z,1
2019-10-19T13:22:00.000Z,1
2019-10-19T13:33:29.000Z,1
2019-10-19T14:05:03.000Z,1
2019-10-19T14:13:05.000Z,1
2019-10-19T14:21:00.000Z,1
2019-10-19T14:36:54.000Z,1
2019-10-19T14:38:15.000Z,3
2019-10-19T14:41:00.000Z,1
2019-10-19T14:42:01.000Z,1
2019-10-19T14:59:53.000Z,1
2019-10-19T15:08:02.000Z,2
2019-10-19T15:24:49.000Z,1
2019-10-19T15:30:36.000Z,1
2019-10-19T16:01:01.000Z,1
2019-10-19T16:46:50.000Z,1
2019-10-19T17:15:24.000Z,1
2019-10-19T17:47:45.000Z,1
2019-10-19T18:35:47.000Z,1
2019-10-19T19:01:02.000Z,1
2019-10-19T19:23:37.000Z,1
2019-10-19T19:35:07.000Z,1
2019-10-19T19:38:23.000Z,1
2019-10-19T20:05:16.000Z,1
2019-10-19T20:36:02.000Z,1
2019-10-19T20:53:50.000Z,1
2019-10-19T21:06:31.000Z,1
2019-10-19T21:46:00.000Z,1
2019-10-19T21:55:13.000Z,1
2019-10-19T22:10:05.000Z,1
2019-10-19T22:33:09.000Z,1
2019-10-19T22:43:30.000Z,1
2019-10-20T00:14:23.000Z,1
2019-10-20T00:39:54.000Z,1
2019-10-20T03:23:18.000Z,1
2019-10-20T05:51:22.000Z,1
2019-10-20T07:52:14.000Z,1
2019-10-20T08:13:53.000Z,1
2019-10-20T08:51:25.000Z,1
2019-10-20T09:13:37.000Z,1
2019-10-20T09:37:16.000Z,1
2019-10-20T10:01:14.000Z,1
2019-10-20T10:04:10.000Z,1
2019-10-20T10:36:00.000Z,1
2019-10-20T10:42:27.000Z,1
2019-10-20T10:44:05.000Z,1
2019-10-20T11:05:09.000Z,1
2019-10-20T11:10:05.000Z,1
2019-10-20T11:27:06.000Z,2
2019-10-20T11:49:17.000Z,1
2019-10-20T12:08:02.000Z,1
2019-10-20T12:09:29.000Z,1
2019-10-20T12:16:24.000Z,1
2019-10-20T12:27:15.000Z,1
2019-10-20T12:43:54.000Z,1
2019-10-20T13:11:54.000Z,1
2019-10-20T13:18:17.000Z,1
2019-10-20T13:24:39.000Z,1
2019-10-20T13:49:37.000Z,1
2019-10-20T14:10:40.000Z,3
2019-10-20T14:10:55.000Z,1
2019-10-20T14:12:29.000Z,1
2019-10-20T14:28:39.000Z,1
2019-10-20T14:44:28.000Z,1
2019-10-20T14:46:47.000Z,2
2019-10-20T15:50:54.000Z,1
2019-10-20T16:07:28.000Z,1
2019-10-20T16:11:17.000Z,1
2019-10-20T16:47:30.000Z,1
2019-10-20T16:50:03.000Z,1
2019-10-20T16:58:16.000Z,2
2019-10-20T17:14:18.000Z,1
2019-10-20T17:43:04.000Z,1
2019-10-20T17:48:10.000Z,1
2019-10-20T18:01:34.000Z,1
2019-10-20T19:17:57.000Z,1
2019-10-20T19:46:22.000Z,1
2019-10-20T20:38:14.000Z,1
2019-10-20T21:32:28.000Z,1
2019-10-20T21:59:01.000Z,1
2019-10-21T00:35:53.000Z,1
2019-10-21T01:05:24.000Z,1
2019-10-21T02:00:14.000Z,1
2019-10-21T07:13:20.000Z,1
2019-10-21T07:28:10.000Z,2
2019-10-21T07:28:36.000Z,1
2019-10-21T08:02:03.000Z,1
2019-10-21T08:26:05.000Z,1
2019-10-21T08:33:07.000Z,1
2019-10-21T08:51:15.000Z,1
2019-10-21T09:06:07.000Z,1
2019-10-21T09:34:59.000Z,1
2019-10-21T10:28:32.000Z,1
2019-10-21T11:13:05.000Z,1
2019-10-21T13:26:11.000Z,1
2019-10-21T14:24:20.000Z,1
2019-10-21T14:54:49.000Z,1
2019-10-21T15:38:43.000Z,1
2019-10-21T15:44:24.000Z,1
2019-10-21T15:47:36.000Z,1
2019-10-21T16:20:47.000Z,2
2019-10-21T16:23:26.000Z,1
2019-10-21T16:39:53.000Z,1
2019-10-21T16:40:20.000Z,1
2019-10-21T16:40:42.000Z,1
2019-10-21T17:01:43.000Z,1
2019-10-21T17:10:48.000Z,4
2019-10-21T17:11:06.000Z,1
2019-10-21T17:27:12.000Z,1
2019-10-21T17:27:35.000Z,1
2019-10-21T17:28:56.000Z,2
2019-10-21T17:30:21.000Z,1
2019-10-21T17:38:40.000Z,2
2019-10-21T17:43:19.000Z,1
2019-10-21T17:45:21.000Z,1
2019-10-21T17:52:32.000Z,1
2019-10-21T18:05:45.000Z,2
2019-10-21T18:10:13.000Z,1
2019-10-21T18:36:44.000Z,1
2019-10-21T18:40:27.000Z,1
2019-10-21T19:05:59.000Z,1
2019-10-21T19:08:25.000Z,1
2019-10-21T20:31:51.000Z,1
2019-10-21T21:18:22.000Z,1
2019-10-21T21:43:25.000Z,1
2019-10-21T22:12:29.000Z,1
2019-10-21T22:39:41.000Z,1
2019-10-22T04:30:54.000Z,1
2019-10-22T06:21:18.000Z,1
2019-10-22T06:25:45.000Z,1
2019-10-22T07:13:56.000Z,1
2019-10-22T07:21:28.000Z,2
2019-10-22T07:26:15.000Z,1
2019-10-22T07:41:56.000Z,1
2019-10-22T07:44:56.000Z,1
2019-10-22T07:52:40.000Z,1
2019-10-22T07:56:51.000Z,1
2019-10-22T08:28:54.000Z,1
2019-10-22T08:31:26.000Z,1
2019-10-22T09:23:10.000Z,1
2019-10-22T09:27:37.000Z,1
2019-10-22T09:37:27.000Z,1
2019-10-22T14:45:54.000Z,1
2019-10-22T15:08:39.000Z,1
2019-10-22T15:21:56.000Z,1
2019-10-22T15:35:24.000Z,1
2019-10-22T16:04:33.000Z,1
2019-10-22T16:14:00.000Z,1
2019-10-22T16:20:26.000Z,1
2019-10-22T16:27:51.000Z,1
2019-10-22T16:34:34.000Z,1
2019-10-22T16:43:53.000Z,1
2019-10-22T16:50:28.000Z,1
2019-10-22T17:00:14.000Z,1
2019-10-22T17:06:38.000Z,2
2019-10-22T17:07:09.000Z,3
2019-10-22T17:08:26.000Z,1
2019-10-22T17:12:16.000Z,1
2019-10-22T17:16:20.000Z,1
2019-10-22T17:16:34.000Z,1
2019-10-22T17:43:13.000Z,2
2019-10-22T17:50:59.000Z,1
2019-10-22T18:00:49.000Z,2
2019-10-22T18:05:34.000Z,1
2019-10-22T18:29:45.000Z,2
2019-10-22T18:56:47.000Z,1
2019-10-22T19:11:01.000Z,2
2019-10-22T19:38:41.000Z,1
2019-10-22T20:21:23.000Z,1
2019-10-22T20:30:54.000Z,1
2019-10-22T21:39:03.000Z,1
2019-10-23T06:07:35.000Z,1
2019-10-23T07:09:05.000Z,1
2019-10-23T07:26:57.000Z,1
2019-10-23T07:45:31.000Z,1
2019-10-23T07:49:37.000Z,1
2019-10-23T07:51:14.000Z,1
2019-10-23T08:06:52.000Z,1
2019-10-23T08:07:38.000Z,1
2019-10-23T08:11:26.000Z,1
2019-10-23T08:15:22.000Z,1
2019-10-23T08:15:40.000Z,1
2019-10-23T08:19:25.000Z,1
2019-10-23T08:24:30.000Z,1
2019-10-23T08:29:14.000Z,1
2019-10-23T08:29:58.000Z,1
2019-10-23T08:30:14.000Z,1
2019-10-23T08:55:13.000Z,1
2019-10-23T08:58:58.000Z,1
2019-10-23T09:03:09.000Z,1
2019-10-23T09:06:20.000Z,1
2019-10-23T09:42:24.000Z,1
2019-10-23T10:28:49.000Z,1
2019-10-23T11:12:16.000Z,1
2019-10-23T12:16:51.000Z,1
2019-10-23T12:20:59.000Z,1
2019-10-23T12:44:08.000Z,1
2019-10-23T13:19:38.000Z,1
2019-10-23T13:44:11.000Z,1
2019-10-23T14:43:06.000Z,1
2019-10-23T14:45:02.000Z,1
2019-10-23T15:41:48.000Z,1
2019-10-23T15:47:47.000Z,1
2019-10-23T15:59:22.000Z,1
2019-10-23T16:02:00.000Z,1
2019-10-23T16:10:24.000Z,1
2019-10-23T16:29:04.000Z,2
2019-10-23T16:35:31.000Z,1
2019-10-23T16:45:50.000Z,1
2019-10-23T16:50:32.000Z,2
2019-10-23T16:53:50.000Z,1
2019-10-23T17:18:53.000Z,2
2019-10-23T17:35:30.000Z,2
2019-10-23T17:42:48.000Z,1
2019-10-23T17:48:41.000Z,1
2019-10-23T17:55:48.000Z,2
2019-10-23T18:07:50.000Z,1
2019-10-23T19:00:39.000Z,1
2019-10-23T19:59:27.000Z,1
2019-10-23T20:30:08.000Z,1
2019-10-23T20:40:23.000Z,1
2019-10-23T20:58:33.000Z,1
2019-10-23T22:31:31.000Z,1
2019-10-23T22:34:55.000Z,1
2019-10-24T06:51:19.000Z,1
2019-10-24T06:54:20.000Z,1
2019-10-24T07:11:30.000Z,1
2019-10-19T00:32:29.000Z,1
2019-10-19T01:12:43.000Z,1
2019-10-19T02:10:34.000Z,1
2019-10-19T05:46:26.000Z,1
2019-10-19T07:35:34.000Z,1
2019-10-19T07:55:38.000Z,1
2019-10-19T08:18:23.000Z,1
2019-10-19T09:18:16.000Z,1
2019-10-19T09:29:26.000Z,1
2019-10-19T09:42:53.000Z,1
2019-10-19T09:52:43.000Z,1
2019-10-19T10:03:32.000Z,1
2019-10-19T10:26:47.000Z,1
2019-10-19T11:00:29.000Z,1
2019-10-19T11:49:25.000Z,1
2019-10-19T11:50:51.000Z,1
2019-10-19T12:03:44.000Z,1
2019-10-19T12:13:27.000Z,1
2019-10-19T12:45:34.000Z,1
2019-10-19T12:48:02.000Z,1
2019-10-19T13:01:26.000Z,1
2019-10-19T16:19:53.000Z,1
2019-10-19T16:51:44.000Z,1
2019-10-19T19:55:41.000Z,1
2019-10-19T22:14:08.000Z,1
2019-10-19T11:36:34.000Z,1
2019-10-19T11:51:48.000Z,1
2019-10-19T12:19:30.000Z,3
2019-10-19T12:41:26.000Z,1
2019-10-19T12:50:37.000Z,1
2019-10-19T12:50:52.000Z,2
2019-10-19T12:52:31.000Z,1
2019-10-19T13:03:11.000Z,1
2019-10-19T13:16:55.000Z,1
2019-10-19T14:03:02.000Z,2
2019-10-19T14:18:15.000Z,1
2019-10-19T14:28:44.000Z,1
2019-10-19T14:29:00.000Z,3
2019-10-19T14:57:47.000Z,1
2019-10-19T15:07:56.000Z,2
2019-10-19T15:29:57.000Z,2
2019-10-19T15:30:17.000Z,1
2019-10-19T15:52:12.000Z,1
2019-10-19T16:19:21.000Z,1
2019-10-19T16:43:15.000Z,1
2019-10-19T16:45:04.000Z,1
2019-10-19T17:26:18.000Z,1
2019-10-19T17:32:23.000Z,1
2019-10-19T17:47:06.000Z,2
2019-10-19T17:50:06.000Z,1
2019-10-19T18:50:58.000Z,1
2019-10-19T18:56:23.000Z,1
2019-10-19T19:26:43.000Z,1
2019-10-19T19:42:12.000Z,1
2019-10-19T20:08:24.000Z,1
2019-10-19T20:54:03.000Z,1
2019-10-19T21:19:45.000Z,1
2019-10-19T22:10:58.000Z,1
2019-10-19T22:25:02.000Z,1
2019-10-19T23:10:13.000Z,1
2019-10-19T23:21:50.000Z,1
2019-10-19T23:35:23.000Z,1
2019-10-20T03:50:07.000Z,1
2019-10-20T06:55:16.000Z,1
2019-10-20T07:59:11.000Z,1
2019-10-20T08:03:11.000Z,1
2019-10-20T08:57:44.000Z,1
2019-10-20T09:30:47.000Z,1
2019-10-20T09:34:22.000Z,1
2019-10-20T09:35:41.000Z,1
2019-10-20T09:36:36.000Z,1
2019-10-20T10:51:25.000Z,1
2019-10-20T11:04:51.000Z,1
2019-10-20T11:07:05.000Z,1
2019-10-20T11:09:29.000Z,1
2019-10-20T11:16:18.000Z,1
2019-10-20T11:18:03.000Z,1
2019-10-20T12:08:45.000Z,1
2019-10-20T12:17:40.000Z,1
2019-10-20T12:48:59.000Z,1
2019-10-20T12:50:46.000Z,1
2019-10-20T12:51:49.000Z,1
2019-10-20T13:22:55.000Z,1
2019-10-20T13:45:12.000Z,1
2019-10-20T14:02:12.000Z,1
2019-10-20T14:04:43.000Z,1
2019-10-20T14:05:34.000Z,1
2019-10-20T14:16:45.000Z,1
2019-10-20T14:37:48.000Z,1
2019-10-20T15:18:46.000Z,1
2019-10-20T16:05:46.000Z,1
2019-10-20T16:13:12.000Z,1
2019-10-20T16:14:46.000Z,1
2019-10-20T16:35:26.000Z,1
2019-10-20T16:36:50.000Z,1
2019-10-20T17:06:39.000Z,1
2019-10-20T17:40:44.000Z,1
2019-10-20T17:47:36.000Z,1
2019-10-20T18:24:46.000Z,1
2019-10-20T18:29:51.000Z,1
2019-10-20T19:12:38.000Z,2
2019-10-20T19:28:57.000Z,1
2019-10-20T22:03:33.000Z,1
2019-10-21T05:35:09.000Z,1
2019-10-21T06:51:28.000Z,1
2019-10-21T07:00:40.000Z,1
2019-10-21T07:53:15.000Z,1
2019-10-21T07:53:58.000Z,1
2019-10-21T07:56:40.000Z,1
2019-10-21T08:00:14.000Z,1
2019-10-21T08:05:36.000Z,1
2019-10-21T08:11:47.000Z,3
2019-10-21T08:33:02.000Z,1
2019-10-21T08:35:45.000Z,2
2019-10-21T09:16:17.000Z,1
2019-10-21T10:43:43.000Z,2
2019-10-21T11:17:49.000Z,2
2019-10-21T12:13:36.000Z,1
2019-10-21T13:23:00.000Z,1
2019-10-21T14:31:13.000Z,1
2019-10-21T14:56:58.000Z,1
2019-10-21T15:36:50.000Z,1
2019-10-21T16:09:31.000Z,1
2019-10-21T16:50:42.000Z,1
2019-10-21T16:53:28.000Z,1
2019-10-21T16:53:55.000Z,1
2019-10-21T17:13:37.000Z,2
2019-10-21T17:18:02.000Z,3
2019-10-21T18:02:59.000Z,1
2019-10-21T18:05:31.000Z,1
2019-10-21T18:10:15.000Z,1
2019-10-21T18:19:19.000Z,1
2019-10-21T18:22:15.000Z,1
2019-10-21T18:27:55.000Z,2
2019-10-21T18:29:01.000Z,2
2019-10-21T18:37:53.000Z,2
2019-10-21T18:44:07.000Z,2
2019-10-21T19:02:44.000Z,1
2019-10-21T19:26:24.000Z,1
2019-10-21T19:29:21.000Z,2
2019-10-21T20:30:47.000Z,1
2019-10-21T20:32:06.000Z,1
2019-10-21T20:34:28.000Z,1
2019-10-21T20:39:06.000Z,1
2019-10-21T21:23:51.000Z,1
2019-10-21T22:54:27.000Z,1
2019-10-21T23:13:14.000Z,1
2019-10-22T04:54:12.000Z,1
2019-10-22T05:48:11.000Z,1
2019-10-22T06:19:03.000Z,2
2019-10-22T06:20:59.000Z,1
2019-10-22T06:42:07.000Z,2
2019-10-22T07:24:01.000Z,2
2019-10-22T07:24:02.000Z,1
2019-10-22T07:30:02.000Z,1
2019-10-22T07:35:36.000Z,1
2019-10-22T07:46:19.000Z,1
2019-10-22T07:54:13.000Z,1
2019-10-22T08:08:11.000Z,1
2019-10-22T08:20:10.000Z,1
2019-10-22T08:21:49.000Z,1
2019-10-22T08:23:21.000Z,1
2019-10-22T08:31:37.000Z,1
2019-10-22T08:45:01.000Z,1
2019-10-22T09:33:55.000Z,1
2019-10-22T10:06:57.000Z,2
2019-10-22T10:23:13.000Z,1
2019-10-22T10:28:38.000Z,1
2019-10-22T10:29:41.000Z,1
2019-10-22T10:47:06.000Z,1
2019-10-22T11:21:59.000Z,1
2019-10-22T14:25:30.000Z,1
2019-10-22T15:13:17.000Z,1
2019-10-22T15:22:27.000Z,1
2019-10-22T16:38:57.000Z,1
2019-10-22T16:48:34.000Z,1
2019-10-22T16:54:46.000Z,1
2019-10-22T17:21:23.000Z,1
2019-10-22T17:47:12.000Z,1
2019-10-22T18:49:58.000Z,2
2019-10-22T19:01:20.000Z,1
2019-10-22T19:17:35.000Z,3
2019-10-22T20:07:26.000Z,1
2019-10-22T20:51:03.000Z,1
2019-10-22T20:54:19.000Z,1
2019-10-22T21:02:25.000Z,1
2019-10-23T02:07:14.000Z,1
2019-10-23T05:52:32.000Z,1
2019-10-23T06:05:48.000Z,1
2019-10-23T06:30:51.000Z,1
2019-10-23T07:22:29.000Z,1
2019-10-23T07:30:53.000Z,1
2019-10-23T07:42:02.000Z,1
2019-10-23T07:50:23.000Z,1
2019-10-23T08:13:17.000Z,2
2019-10-23T08:39:57.000Z,2
2019-10-23T08:58:28.000Z,1
2019-10-23T08:59:06.000Z,1
2019-10-23T09:02:34.000Z,1
2019-10-23T11:25:15.000Z,1
2019-10-23T12:26:43.000Z,1
2019-10-23T13:03:34.000Z,1
2019-10-23T13:09:44.000Z,1
2019-10-23T14:14:57.000Z,1
2019-10-23T14:22:33.000Z,1
2019-10-23T14:34:34.000Z,1
2019-10-23T15:00:46.000Z,1
2019-10-23T15:41:20.000Z,1
2019-10-23T15:58:35.000Z,1
2019-10-23T16:09:40.000Z,1
2019-10-23T16:24:24.000Z,1
2019-10-23T16:26:00.000Z,1
2019-10-23T16:28:47.000Z,1
2019-10-23T16:32:16.000Z,1
2019-10-23T16:55:53.000Z,1
2019-10-23T17:09:20.000Z,2
2019-10-23T17:30:47.000Z,1
2019-10-23T17:37:28.000Z,1
2019-10-23T17:41:02.000Z,1
2019-10-23T17:47:58.000Z,1
2019-10-23T18:04:51.000Z,1
2019-10-23T18:21:15.000Z,2
2019-10-23T18:25:10.000Z,1
2019-10-23T18:35:54.000Z,1
2019-10-23T18:58:11.000Z,1
2019-10-23T20:20:07.000Z,1
2019-10-23T20:57:40.000Z,1
2019-10-23T21:12:59.000Z,1
2019-10-23T21:19:19.000Z,1
2019-10-23T21:33:53.000Z,1
2019-10-23T21:47:00.000Z,1
2019-10-23T22:19:24.000Z,1
2019-10-23T22:20:13.000Z,1
2019-10-24T01:03:24.000Z,1
2019-10-24T06:09:43.000Z,1
2019-10-24T06:17:53.000Z,1
2019-10-24T06:24:14.000Z,1
2019-10-24T06:40:11.000Z,1
2019-10-24T06:57:00.000Z,1
2019-10-24T06:57:08.000Z,1
2019-10-24T07:14:33.000Z,1
2019-10-24T07:19:49.000Z,1
2019-10-19T01:24:59.000Z,1
2019-10-19T07:59:45.000Z,1
2019-10-19T08:00:17.000Z,1
2019-10-19T09:51:18.000Z,1
2019-10-19T10:11:18.000Z,1
2019-10-19T10:51:55.000Z,1
2019-10-19T10:56:34.000Z,1
2019-10-19T11:34:59.000Z,1
2019-10-19T11:43:34.000Z,2
2019-10-19T11:46:45.000Z,1
2019-10-19T11:49:38.000Z,1
2019-10-19T12:16:15.000Z,1
2019-10-19T12:35:15.000Z,1
2019-10-19T13:22:33.000Z,1
2019-10-19T13:33:09.000Z,3
2019-10-19T16:42:22.000Z,1
2019-10-19T10:19:48.000Z,1
2019-10-19T10:42:20.000Z,1
2019-10-19T11:27:07.000Z,1
2019-10-19T12:20:43.000Z,1
2019-10-19T12:37:47.000Z,1
2019-10-19T12:54:02.000Z,2
2019-10-19T13:06:00.000Z,1
2019-10-19T13:09:16.000Z,1
2019-10-19T13:25:35.000Z,1
2019-10-19T13:27:18.000Z,2
2019-10-19T14:15:26.000Z,3
2019-10-19T14:17:51.000Z,1
2019-10-19T14:31:50.000Z,1
2019-10-19T14:42:10.000Z,1
2019-10-19T15:05:40.000Z,3
2019-10-19T15:17:44.000Z,1
2019-10-19T15:21:46.000Z,1
2019-10-19T15:42:57.000Z,1
2019-10-19T16:07:48.000Z,1
2019-10-19T16:24:52.000Z,1
2019-10-19T16:30:56.000Z,2
2019-10-19T16:32:45.000Z,1
2019-10-19T17:06:46.000Z,1
2019-10-19T17:32:28.000Z,1
2019-10-19T17:34:33.000Z,3
2019-10-19T17:54:09.000Z,2
2019-10-19T18:39:55.000Z,1
2019-10-19T18:45:06.000Z,1
2019-10-19T19:33:46.000Z,1
2019-10-19T19:52:57.000Z,1
2019-10-19T19:55:44.000Z,1
2019-10-19T19:56:13.000Z,1
2019-10-19T20:28:12.000Z,1
2019-10-19T20:59:19.000Z,1
2019-10-19T21:11:36.000Z,1
2019-10-19T21:51:40.000Z,1
2019-10-19T21:52:27.000Z,1
2019-10-19T22:06:28.000Z,1
2019-10-19T22:15:25.000Z,1
2019-10-19T22:38:25.000Z,1
2019-10-19T23:19:53.000Z,1
2019-10-19T23:23:05.000Z,1
2019-10-20T05:11:47.000Z,1
2019-10-20T09:37:18.000Z,1
2019-10-20T09:51:50.000Z,1
2019-10-20T10:13:05.000Z,1
2019-10-20T10:21:09.000Z,2
2019-10-20T10:53:32.000Z,1
2019-10-20T11:35:56.000Z,2
2019-10-20T11:52:16.000Z,1
2019-10-20T11:59:40.000Z,1
2019-10-20T12:05:41.000Z,1
2019-10-20T12:14:17.000Z,1
2019-10-20T12:33:12.000Z,1
2019-10-20T12:59:51.000Z,1
2019-10-20T13:22:40.000Z,1
2019-10-20T13:43:37.000Z,1
2019-10-20T13:45:16.000Z,1
2019-10-20T14:02:19.000Z,1
2019-10-20T14:04:09.000Z,1
2019-10-20T14:38:49.000Z,1
2019-10-20T14:44:56.000Z,1
2019-10-20T14:46:44.000Z,1
2019-10-20T15:01:15.000Z,1
2019-10-20T15:02:21.000Z,1
2019-10-20T15:05:02.000Z,1
2019-10-20T15:12:40.000Z,1
2019-10-20T15:20:28.000Z,1
2019-10-20T15:21:42.000Z,1
2019-10-20T15:28:32.000Z,1
2019-10-20T15:34:49.000Z,1
2019-10-20T15:35:57.000Z,1
2019-10-20T15:56:36.000Z,1
2019-10-20T16:04:26.000Z,1
2019-10-20T16:17:11.000Z,1
2019-10-20T16:31:22.000Z,1
2019-10-20T16:35:05.000Z,1
2019-10-20T16:48:50.000Z,1
2019-10-20T16:56:16.000Z,2
2019-10-20T17:06:33.000Z,1
2019-10-20T17:26:42.000Z,2
2019-10-20T17:45:11.000Z,1
2019-10-20T18:22:53.000Z,1
2019-10-20T18:48:31.000Z,1
2019-10-20T18:49:18.000Z,1
2019-10-20T18:49:21.000Z,1
2019-10-20T18:54:30.000Z,1
2019-10-20T19:15:14.000Z,1
2019-10-20T19:26:30.000Z,1
2019-10-20T19:36:29.000Z,1
2019-10-20T19:42:41.000Z,1
2019-10-20T19:44:17.000Z,1
2019-10-20T19:51:44.000Z,1
2019-10-20T19:52:48.000Z,1
2019-10-20T20:35:21.000Z,1
2019-10-20T20:37:50.000Z,1
2019-10-20T21:00:04.000Z,1
2019-10-20T22:03:41.000Z,1
2019-10-20T22:05:14.000Z,1
2019-10-21T06:10:52.000Z,2
2019-10-21T06:45:12.000Z,1
2019-10-21T07:02:35.000Z,1
2019-10-21T07:19:55.000Z,1
2019-10-21T07:31:10.000Z,1
2019-10-21T07:31:43.000Z,1
2019-10-21T07:44:06.000Z,1
2019-10-21T07:49:34.000Z,1
2019-10-21T07:56:27.000Z,1
2019-10-21T08:22:38.000Z,1
2019-10-21T08:48:04.000Z,1
2019-10-21T09:02:26.000Z,1
2019-10-21T09:17:27.000Z,1
2019-10-21T10:46:30.000Z,1
2019-10-21T11:13:58.000Z,1
2019-10-21T12:13:03.000Z,1
2019-10-21T13:30:23.000Z,1
2019-10-21T14:18:54.000Z,1
2019-10-21T14:32:40.000Z,1
2019-10-21T14:43:45.000Z,1
2019-10-21T15:29:06.000Z,1
2019-10-21T15:35:39.000Z,1
2019-10-21T15:49:21.000Z,1
2019-10-21T15:49:44.000Z,1
2019-10-21T16:03:22.000Z,1
2019-10-21T16:07:30.000Z,1
2019-10-21T16:31:52.000Z,1
2019-10-21T16:53:16.000Z,1
2019-10-21T16:56:10.000Z,1
2019-10-21T16:56:09.000Z,1
2019-10-21T17:01:57.000Z,1
2019-10-21T17:18:49.000Z,2
2019-10-21T17:22:08.000Z,1
2019-10-21T17:24:10.000Z,2
2019-10-21T17:27:44.000Z,1
2019-10-21T17:34:19.000Z,1
2019-10-21T17:34:55.000Z,1
2019-10-21T17:35:10.000Z,2
2019-10-21T17:44:59.000Z,1
2019-10-21T17:46:07.000Z,1
2019-10-21T18:06:05.000Z,1
2019-10-21T18:08:57.000Z,1
2019-10-21T18:29:51.000Z,1
2019-10-21T19:03:26.000Z,1
2019-10-21T19:25:21.000Z,1
2019-10-21T19:39:28.000Z,1
2019-10-21T20:13:22.000Z,1
2019-10-21T20:52:02.000Z,1
2019-10-21T21:13:12.000Z,1
2019-10-21T21:52:43.000Z,1
2019-10-21T22:57:03.000Z,1
2019-10-21T23:33:25.000Z,1
2019-10-21T23:52:36.000Z,1
2019-10-22T02:21:24.000Z,1
2019-10-22T03:06:49.000Z,1
2019-10-22T06:14:58.000Z,1
2019-10-22T06:17:21.000Z,1
2019-10-22T06:21:16.000Z,1
2019-10-22T07:17:37.000Z,1
2019-10-22T07:22:32.000Z,1
2019-10-22T07:29:12.000Z,1
2019-10-22T07:31:04.000Z,1
2019-10-22T07:32:43.000Z,1
2019-10-22T07:35:33.000Z,1
2019-10-22T08:05:52.000Z,1
2019-10-22T08:31:06.000Z,1
2019-10-22T09:03:39.000Z,1
2019-10-22T09:05:48.000Z,1
2019-10-22T09:09:39.000Z,1
2019-10-22T09:19:05.000Z,1
2019-10-22T09:49:29.000Z,1
2019-10-22T10:44:08.000Z,1
2019-10-22T11:17:51.000Z,1
2019-10-22T11:18:29.000Z,1
2019-10-22T12:38:40.000Z,1
2019-10-22T13:28:13.000Z,1
2019-10-22T14:52:42.000Z,1
2019-10-22T15:16:17.000Z,1
2019-10-22T15:52:33.000Z,1
2019-10-22T16:27:38.000Z,1
2019-10-22T16:36:18.000Z,1
2019-10-22T16:36:53.000Z,1
2019-10-22T16:37:55.000Z,1
2019-10-22T16:55:52.000Z,1
2019-10-22T17:22:50.000Z,1
2019-10-22T17:33:36.000Z,1
2019-10-22T17:52:22.000Z,1
2019-10-22T17:55:27.000Z,2
2019-10-22T18:05:22.000Z,1
2019-10-22T18:29:02.000Z,1
2019-10-22T20:27:41.000Z,2
2019-10-22T20:32:43.000Z,1
2019-10-22T21:51:02.000Z,1
2019-10-22T21:51:32.000Z,1
2019-10-22T21:53:44.000Z,1
2019-10-22T22:01:07.000Z,1
2019-10-22T22:53:42.000Z,1
2019-10-22T23:12:09.000Z,1
2019-10-23T01:19:20.000Z,1
2019-10-23T06:39:51.000Z,1
2019-10-23T06:42:06.000Z,1
2019-10-23T06:43:22.000Z,1
2019-10-23T07:12:17.000Z,1
2019-10-23T08:05:48.000Z,2
2019-10-23T08:10:34.000Z,1
2019-10-23T08:25:45.000Z,3
2019-10-23T08:37:11.000Z,1
2019-10-23T08:39:56.000Z,1
2019-10-23T08:45:19.000Z,1
2019-10-23T09:00:20.000Z,1
2019-10-23T09:24:38.000Z,1
2019-10-23T09:48:45.000Z,1
2019-10-23T10:42:16.000Z,1
2019-10-23T12:29:31.000Z,1
2019-10-23T13:22:58.000Z,1
2019-10-23T13:36:04.000Z,1
2019-10-23T13:46:54.000Z,1
2019-10-23T14:26:38.000Z,1
2019-10-23T15:10:54.000Z,1
2019-10-23T15:17:08.000Z,1
2019-10-23T15:19:29.000Z,2
2019-10-23T15:30:24.000Z,1
2019-10-23T15:38:27.000Z,1
2019-10-23T16:29:00.000Z,2
2019-10-23T16:41:47.000Z,1
2019-10-23T16:46:17.000Z,1
2019-10-23T16:46:24.000Z,1
2019-10-23T16:49:15.000Z,1
2019-10-23T16:59:53.000Z,1
2019-10-23T17:06:18.000Z,1
2019-10-23T17:11:03.000Z,2
2019-10-23T17:12:35.000Z,2
2019-10-23T17:18:02.000Z,1
2019-10-23T17:22:35.000Z,1
2019-10-23T17:23:01.000Z,1
2019-10-23T17:28:56.000Z,2
2019-10-23T17:41:28.000Z,1
2019-10-23T17:56:56.000Z,1
2019-10-23T17:57:18.000Z,1
2019-10-23T17:58:13.000Z,1
2019-10-23T18:39:21.000Z,1
2019-10-23T18:43:46.000Z,1
2019-10-23T18:51:39.000Z,1
2019-10-23T19:04:58.000Z,1
2019-10-23T19:14:46.000Z,1
2019-10-23T19:42:08.000Z,1
2019-10-23T19:50:00.000Z,1
2019-10-23T19:50:17.000Z,1
2019-10-23T21:46:20.000Z,1
2019-10-24T05:23:11.000Z,1
2019-10-24T05:59:32.000Z,1
2019-10-24T07:09:43.000Z,1
2019-10-24T07:18:20.000Z,1
2019-10-18T23:56:27.000Z,1
2019-10-19T00:20:22.000Z,1
2019-10-19T03:53:55.000Z,1
2019-10-19T07:38:53.000Z,1
2019-10-19T08:38:54.000Z,1
2019-10-19T08:52:44.000Z,1
2019-10-19T10:16:22.000Z,1
2019-10-19T10:16:30.000Z,1
2019-10-19T11:18:56.000Z,2
2019-10-19T11:27:16.000Z,1
2019-10-19T11:53:18.000Z,2
2019-10-19T11:58:07.000Z,1
2019-10-19T12:10:15.000Z,1
2019-10-19T12:13:57.000Z,1
2019-10-19T12:19:31.000Z,1
2019-10-19T12:20:39.000Z,1
2019-10-19T12:35:39.000Z,1
2019-10-19T12:38:20.000Z,1
2019-10-19T12:58:50.000Z,1
2019-10-19T14:24:17.000Z,1
2019-10-19T15:46:43.000Z,2
2019-10-19T11:39:21.000Z,1
2019-10-19T12:10:40.000Z,1
2019-10-19T12:48:51.000Z,1
2019-10-19T12:56:44.000Z,1
2019-10-19T13:01:49.000Z,2
2019-10-19T13:02:16.000Z,1
2019-10-19T13:19:25.000Z,1
2019-10-19T13:27:46.000Z,1
2019-10-19T13:36:30.000Z,1
2019-10-19T13:48:34.000Z,1
2019-10-19T13:53:03.000Z,2
2019-10-19T13:54:47.000Z,1
2019-10-19T14:14:29.000Z,1
2019-10-19T14:19:06.000Z,1
2019-10-19T14:23:08.000Z,1
2019-10-19T14:35:37.000Z,1
2019-10-19T14:59:18.000Z,1
2019-10-19T14:59:23.000Z,2
2019-10-19T15:00:14.000Z,1
2019-10-19T15:08:12.000Z,2
2019-10-19T15:08:44.000Z,2
2019-10-19T15:20:46.000Z,1
2019-10-19T15:29:27.000Z,3
2019-10-19T15:35:25.000Z,1
2019-10-19T15:46:23.000Z,1
2019-10-19T15:53:09.000Z,1
2019-10-19T16:07:14.000Z,1
2019-10-19T16:13:34.000Z,1
2019-10-19T16:13:42.000Z,1
2019-10-19T16:21:15.000Z,1
2019-10-19T16:21:32.000Z,1
2019-10-19T16:34:08.000Z,1
2019-10-19T16:42:41.000Z,1
2019-10-19T16:57:09.000Z,1
2019-10-19T17:13:18.000Z,1
2019-10-19T17:20:28.000Z,1
2019-10-19T17:44:16.000Z,1
2019-10-19T17:50:19.000Z,1
2019-10-19T17:59:03.000Z,1
2019-10-19T18:05:23.000Z,1
2019-10-19T18:53:57.000Z,1
2019-10-19T18:54:40.000Z,1
2019-10-19T19:38:47.000Z,1
2019-10-19T19:40:32.000Z,1
2019-10-19T19:47:51.000Z,1
2019-10-19T19:55:11.000Z,1
2019-10-19T19:55:18.000Z,1
2019-10-19T20:04:09.000Z,1
2019-10-19T20:08:16.000Z,1
2019-10-19T20:20:05.000Z,1
2019-10-20T00:19:40.000Z,1
2019-10-20T01:33:10.000Z,1
2019-10-20T02:06:20.000Z,1
2019-10-20T02:39:07.000Z,1
2019-10-20T06:17:59.000Z,1
2019-10-20T08:04:23.000Z,1
2019-10-20T08:05:13.000Z,1
2019-10-20T09:00:05.000Z,1
2019-10-20T09:09:52.000Z,1
2019-10-20T09:46:29.000Z,1
2019-10-20T09:50:36.000Z,1
2019-10-20T10:12:32.000Z,1
2019-10-20T10:15:43.000Z,1
2019-10-20T10:32:10.000Z,1
2019-10-20T10:46:08.000Z,1
2019-10-20T10:47:05.000Z,1
2019-10-20T10:51:32.000Z,1
2019-10-20T11:13:44.000Z,1
2019-10-20T11:38:04.000Z,3
2019-10-20T12:13:41.000Z,2
2019-10-20T12:14:08.000Z,1
2019-10-20T12:16:16.000Z,1
2019-10-20T12:37:56.000Z,1
2019-10-20T12:47:15.000Z,1
2019-10-20T12:57:53.000Z,2
2019-10-20T13:11:17.000Z,1
2019-10-20T13:15:21.000Z,2
2019-10-20T13:22:22.000Z,1
2019-10-20T13:24:28.000Z,1
2019-10-20T13:32:35.000Z,1
2019-10-20T13:40:23.000Z,2
2019-10-20T13:40:56.000Z,1
2019-10-20T14:03:52.000Z,2
2019-10-20T14:06:56.000Z,1
2019-10-20T14:30:15.000Z,1
2019-10-20T14:45:39.000Z,1
2019-10-20T14:49:40.000Z,1
2019-10-20T14:57:03.000Z,2
2019-10-20T15:06:06.000Z,1
2019-10-20T15:19:05.000Z,1
2019-10-20T15:23:27.000Z,2
2019-10-20T15:37:11.000Z,1
2019-10-20T15:39:44.000Z,1
2019-10-20T15:42:22.000Z,1
2019-10-20T15:50:25.000Z,1
2019-10-20T15:52:25.000Z,1
2019-10-20T16:32:26.000Z,1
2019-10-20T18:11:02.000Z,1
2019-10-20T18:25:56.000Z,1
2019-10-20T18:45:22.000Z,1
2019-10-20T19:08:12.000Z,1
2019-10-20T19:20:24.000Z,1
2019-10-20T19:25:59.000Z,1
2019-10-20T19:31:17.000Z,1
2019-10-20T19:31:19.000Z,1
2019-10-20T19:38:13.000Z,1
2019-10-20T19:57:00.000Z,1
2019-10-20T20:06:10.000Z,1
2019-10-20T20:54:27.000Z,1
2019-10-20T20:55:08.000Z,1
2019-10-20T21:19:36.000Z,2
2019-10-20T22:42:57.000Z,1
2019-10-21T01:57:58.000Z,1
2019-10-21T05:43:13.000Z,2
2019-10-21T06:04:54.000Z,1
2019-10-21T06:12:09.000Z,1
2019-10-21T06:40:47.000Z,1
2019-10-21T07:02:38.000Z,1
2019-10-21T07:19:17.000Z,2
2019-10-21T08:31:06.000Z,1
2019-10-21T08:33:00.000Z,1
2019-10-21T08:35:57.000Z,1
2019-10-21T08:48:14.000Z,1
2019-10-21T09:24:35.000Z,1
2019-10-21T09:30:03.000Z,1
2019-10-21T10:07:12.000Z,1
2019-10-21T10:45:37.000Z,1
2019-10-21T11:01:22.000Z,1
2019-10-21T11:32:41.000Z,1
2019-10-21T11:54:22.000Z,1
2019-10-21T12:01:09.000Z,1
2019-10-21T13:27:57.000Z,1
2019-10-21T14:19:34.000Z,1
2019-10-21T14:25:49.000Z,1
2019-10-21T14:40:23.000Z,1
2019-10-21T14:48:41.000Z,1
2019-10-21T14:49:55.000Z,1
2019-10-21T15:06:01.000Z,1
2019-10-21T15:33:44.000Z,1
2019-10-21T16:02:29.000Z,1
2019-10-21T16:31:38.000Z,2
2019-10-21T16:34:50.000Z,1
2019-10-21T16:39:03.000Z,1
2019-10-21T16:49:26.000Z,1
2019-10-21T16:58:33.000Z,1
2019-10-21T17:04:24.000Z,2
2019-10-21T17:04:56.000Z,2
2019-10-21T17:14:50.000Z,2
2019-10-21T17:19:12.000Z,1
2019-10-21T17:19:57.000Z,1
2019-10-21T17:22:34.000Z,2
2019-10-21T17:22:48.000Z,1
2019-10-21T17:45:10.000Z,1
2019-10-21T17:50:00.000Z,1
2019-10-21T17:57:25.000Z,1
2019-10-21T18:01:15.000Z,1
2019-10-21T18:07:43.000Z,2
2019-10-21T18:08:00.000Z,1
2019-10-21T18:16:18.000Z,2
2019-10-21T18:26:20.000Z,1
2019-10-21T18:49:58.000Z,1
2019-10-21T18:59:48.000Z,1
2019-10-21T19:01:36.000Z,1
2019-10-21T19:02:56.000Z,1
2019-10-21T19:24:49.000Z,1
2019-10-21T19:38:20.000Z,1
2019-10-21T19:51:28.000Z,1
2019-10-21T19:51:39.000Z,1
2019-10-21T19:55:16.000Z,1
2019-10-21T20:53:46.000Z,1
2019-10-21T20:56:38.000Z,1
2019-10-21T21:28:30.000Z,1
2019-10-22T05:20:14.000Z,1
2019-10-22T05:38:14.000Z,1
2019-10-22T06:16:06.000Z,1
2019-10-22T06:28:43.000Z,1
2019-10-22T06:31:11.000Z,1
2019-10-22T06:56:20.000Z,2
2019-10-22T07:17:24.000Z,1
2019-10-22T07:19:21.000Z,1
2019-10-22T07:27:09.000Z,1
2019-10-22T07:28:36.000Z,1
2019-10-22T07:43:57.000Z,1
2019-10-22T07:54:25.000Z,2
2019-10-22T07:58:21.000Z,1
2019-10-22T08:04:34.000Z,2
2019-10-22T08:04:55.000Z,1
2019-10-22T08:19:03.000Z,1
2019-10-22T08:23:55.000Z,1
2019-10-22T08:25:29.000Z,1
2019-10-22T08:44:52.000Z,1
2019-10-22T09:06:38.000Z,1
2019-10-22T09:25:29.000Z,2
2019-10-22T10:25:23.000Z,1
2019-10-22T10:41:03.000Z,1
2019-10-22T12:08:36.000Z,1
2019-10-22T12:17:40.000Z,1
2019-10-22T12:17:52.000Z,1
2019-10-22T12:38:32.000Z,1
2019-10-22T12:41:27.000Z,1
2019-10-22T14:15:27.000Z,1
2019-10-22T14:22:59.000Z,1
2019-10-22T15:31:57.000Z,1
2019-10-22T15:51:08.000Z,2
2019-10-22T16:48:43.000Z,1
2019-10-22T17:07:16.000Z,1
2019-10-22T17:08:30.000Z,1
2019-10-22T17:11:43.000Z,2
2019-10-22T17:15:52.000Z,1
2019-10-22T17:32:03.000Z,1
2019-10-22T17:47:01.000Z,1
2019-10-22T17:50:53.000Z,1
2019-10-22T17:53:23.000Z,1
2019-10-22T18:06:32.000Z,1
2019-10-22T18:38:46.000Z,1
2019-10-22T18:57:12.000Z,1
2019-10-22T19:09:33.000Z,1
2019-10-22T19:28:43.000Z,1
2019-10-22T19:56:24.000Z,1
2019-10-22T20:19:57.000Z,1
2019-10-22T20:24:06.000Z,1
2019-10-22T21:07:46.000Z,1
2019-10-22T21:56:35.000Z,1
2019-10-23T06:08:05.000Z,1
2019-10-23T06:28:19.000Z,1
2019-10-23T06:43:18.000Z,1
2019-10-23T07:25:52.000Z,2
2019-10-23T07:41:10.000Z,1
2019-10-23T07:53:07.000Z,1
2019-10-23T08:05:11.000Z,1
2019-10-23T08:09:34.000Z,1
2019-10-23T08:31:47.000Z,1
2019-10-23T08:32:44.000Z,1
2019-10-23T08:37:01.000Z,2
2019-10-23T08:47:03.000Z,1
2019-10-23T08:57:42.000Z,1
2019-10-23T09:02:10.000Z,1
2019-10-23T09:28:30.000Z,2
2019-10-23T09:48:52.000Z,1
2019-10-23T09:58:05.000Z,1
2019-10-23T11:16:21.000Z,1
2019-10-23T11:29:00.000Z,1
2019-10-23T12:00:58.000Z,1
2019-10-23T12:12:43.000Z,1
2019-10-23T12:28:35.000Z,1
2019-10-23T12:45:18.000Z,1
2019-10-23T13:20:14.000Z,1
2019-10-23T13:54:59.000Z,1
2019-10-23T14:01:34.000Z,1
2019-10-23T14:10:12.000Z,1
2019-10-23T14:53:06.000Z,1
2019-10-23T14:58:48.000Z,1
2019-10-23T15:13:44.000Z,1
2019-10-23T15:34:07.000Z,1
2019-10-23T16:06:36.000Z,1
2019-10-23T16:08:39.000Z,1
2019-10-23T16:16:46.000Z,1
2019-10-23T16:28:04.000Z,1
2019-10-23T16:29:22.000Z,2
2019-10-23T16:42:08.000Z,1
2019-10-23T16:53:25.000Z,1
2019-10-23T17:07:25.000Z,1
2019-10-23T17:10:14.000Z,2
2019-10-23T17:15:03.000Z,2
2019-10-23T17:31:20.000Z,3
2019-10-23T17:33:46.000Z,1
2019-10-23T17:38:29.000Z,2
2019-10-23T17:47:57.000Z,1
2019-10-23T17:52:55.000Z,1
2019-10-23T18:09:19.000Z,1
2019-10-23T18:17:55.000Z,1
2019-10-23T18:43:11.000Z,1
2019-10-23T18:46:49.000Z,1
2019-10-23T18:53:57.000Z,1
2019-10-23T19:01:41.000Z,1
2019-10-23T19:11:06.000Z,1
2019-10-23T20:08:03.000Z,1
2019-10-23T20:24:08.000Z,1
2019-10-23T20:46:23.000Z,1
2019-10-24T05:44:24.000Z,1
2019-10-24T06:52:09.000Z,1
2019-10-24T07:18:42.000Z,1
2019-10-24T07:21:18.000Z,1
2019-10-24T07:27:59.000Z,1
2019-10-19T01:40:53.000Z,1
2019-10-19T07:37:47.000Z,1
2019-10-19T08:28:21.000Z,1
2019-10-19T09:30:39.000Z,1
2019-10-19T09:43:53.000Z,1
2019-10-19T09:57:09.000Z,1
2019-10-19T09:59:03.000Z,1
2019-10-19T10:00:48.000Z,1
2019-10-19T10:09:50.000Z,1
2019-10-19T10:30:47.000Z,2
2019-10-19T10:53:43.000Z,1
2019-10-19T10:56:04.000Z,1
2019-10-19T11:05:00.000Z,2
2019-10-19T11:07:21.000Z,1
2019-10-19T11:09:39.000Z,1
2019-10-19T11:34:21.000Z,1
2019-10-19T11:38:32.000Z,2
2019-10-19T12:02:43.000Z,2
2019-10-19T12:05:26.000Z,1
2019-10-19T12:32:04.000Z,1
2019-10-19T12:38:44.000Z,1
2019-10-19T13:04:51.000Z,1
2019-10-19T14:09:34.000Z,1
2019-10-19T15:14:17.000Z,1
2019-10-19T16:11:46.000Z,1
2019-10-19T19:38:55.000Z,1
2019-10-19T09:46:54.000Z,1
2019-10-19T12:02:49.000Z,2
2019-10-19T12:08:20.000Z,1
2019-10-19T12:13:15.000Z,1
2019-10-19T12:14:08.000Z,1
2019-10-19T12:31:08.000Z,1
2019-10-19T12:42:31.000Z,1
2019-10-19T13:10:44.000Z,1
2019-10-19T13:16:44.000Z,1
2019-10-19T13:41:44.000Z,1
2019-10-19T13:47:46.000Z,1
2019-10-19T14:19:00.000Z,1
2019-10-19T14:28:02.000Z,1
2019-10-19T14:34:10.000Z,1
2019-10-19T14:38:58.000Z,2
2019-10-19T14:59:36.000Z,2
2019-10-19T15:01:24.000Z,1
2019-10-19T15:18:45.000Z,2
2019-10-19T15:29:00.000Z,2
2019-10-19T15:38:55.000Z,1
2019-10-19T15:55:25.000Z,1
2019-10-19T16:00:12.000Z,1
2019-10-19T16:13:16.000Z,3
2019-10-19T16:21:54.000Z,1
2019-10-19T16:43:52.000Z,1
2019-10-19T17:38:10.000Z,1
2019-10-19T17:41:07.000Z,2
2019-10-19T17:44:27.000Z,1
2019-10-19T17:55:54.000Z,1
2019-10-19T18:03:17.000Z,2
2019-10-19T18:09:54.000Z,1
2019-10-19T18:10:19.000Z,2
2019-10-19T18:39:42.000Z,1
2019-10-19T18:58:58.000Z,1
2019-10-19T19:00:52.000Z,1
2019-10-19T19:07:10.000Z,1
2019-10-19T19:33:05.000Z,1
2019-10-19T19:54:44.000Z,1
2019-10-19T20:50:29.000Z,1
2019-10-19T21:00:31.000Z,1
2019-10-19T21:00:39.000Z,1
2019-10-19T21:30:37.000Z,1
2019-10-19T21:50:07.000Z,1
2019-10-19T22:44:26.000Z,1
2019-10-20T00:00:56.000Z,1
2019-10-20T06:31:04.000Z,1
2019-10-20T08:12:51.000Z,1
2019-10-20T08:53:46.000Z,1
2019-10-20T09:06:35.000Z,1
2019-10-20T09:16:33.000Z,1
2019-10-20T09:22:06.000Z,1
2019-10-20T09:36:52.000Z,1
2019-10-20T10:12:39.000Z,1
2019-10-20T10:24:39.000Z,1
2019-10-20T10:39:04.000Z,1
2019-10-20T11:07:46.000Z,1
2019-10-20T11:08:45.000Z,1
2019-10-20T11:11:41.000Z,1
2019-10-20T11:17:42.000Z,1
2019-10-20T11:27:27.000Z,1
2019-10-20T11:49:44.000Z,1
2019-10-20T12:11:47.000Z,1
2019-10-20T12:26:19.000Z,1
2019-10-20T12:38:50.000Z,1
2019-10-20T12:49:18.000Z,1
2019-10-20T12:54:08.000Z,2
2019-10-20T14:14:53.000Z,1
2019-10-20T14:16:49.000Z,1
2019-10-20T14:22:36.000Z,1
2019-10-20T14:41:17.000Z,1
2019-10-20T14:46:28.000Z,2
2019-10-20T14:47:50.000Z,1
2019-10-20T14:51:19.000Z,1
2019-10-20T15:03:16.000Z,2
2019-10-20T15:39:41.000Z,1
2019-10-20T16:01:56.000Z,3
2019-10-20T16:09:59.000Z,1
2019-10-20T16:11:59.000Z,1
2019-10-20T16:20:03.000Z,1
2019-10-20T16:31:16.000Z,1
2019-10-20T16:48:43.000Z,1
2019-10-20T17:01:10.000Z,1
2019-10-20T17:03:33.000Z,1
2019-10-20T17:03:47.000Z,1
2019-10-20T17:06:22.000Z,1
2019-10-20T17:11:02.000Z,1
2019-10-20T17:13:28.000Z,1
2019-10-20T17:28:50.000Z,1
2019-10-20T17:29:44.000Z,1
2019-10-20T17:51:15.000Z,1
2019-10-20T17:52:28.000Z,1
2019-10-20T18:30:02.000Z,1
2019-10-20T19:12:18.000Z,1
2019-10-20T19:15:59.000Z,1
2019-10-20T19:28:25.000Z,2
2019-10-20T20:04:21.000Z,1
2019-10-20T20:22:29.000Z,1
2019-10-20T21:32:45.000Z,1
2019-10-20T21:37:28.000Z,1
2019-10-20T22:00:03.000Z,1
2019-10-21T05:35:34.000Z,1
2019-10-21T06:31:42.000Z,1
2019-10-21T06:42:02.000Z,1
2019-10-21T07:26:26.000Z,2
2019-10-21T07:36:21.000Z,1
2019-10-21T07:39:33.000Z,1
2019-10-21T07:43:17.000Z,2
2019-10-21T07:54:19.000Z,1
2019-10-21T07:59:05.000Z,1
2019-10-21T08:07:49.000Z,1
2019-10-21T08:09:53.000Z,1
2019-10-21T08:15:35.000Z,1
2019-10-21T08:17:18.000Z,2
2019-10-21T08:18:17.000Z,1
2019-10-21T08:29:04.000Z,1
2019-10-21T08:34:25.000Z,1
2019-10-21T08:50:49.000Z,1
2019-10-21T09:22:44.000Z,1
2019-10-21T10:45:26.000Z,1
2019-10-21T11:24:08.000Z,1
2019-10-21T12:08:01.000Z,1
2019-10-21T15:17:26.000Z,1
2019-10-21T15:45:00.000Z,1
2019-10-21T15:52:33.000Z,1
2019-10-21T16:00:33.000Z,2
2019-10-21T16:10:13.000Z,1
2019-10-21T16:12:48.000Z,1
2019-10-21T16:17:14.000Z,1
2019-10-21T16:19:31.000Z,1
2019-10-21T16:20:53.000Z,1
2019-10-21T16:39:18.000Z,1
2019-10-21T16:55:24.000Z,1
2019-10-21T16:58:42.000Z,2
2019-10-21T17:07:17.000Z,3
2019-10-21T17:07:20.000Z,1
2019-10-21T17:14:56.000Z,2
2019-10-21T17:28:42.000Z,1
2019-10-21T17:32:17.000Z,1
2019-10-21T17:45:40.000Z,1
2019-10-21T17:53:04.000Z,1
2019-10-21T17:53:54.000Z,1
2019-10-21T18:10:17.000Z,1
2019-10-21T18:23:55.000Z,1
2019-10-21T18:32:04.000Z,1
2019-10-21T18:36:58.000Z,1
2019-10-21T18:51:33.000Z,1
2019-10-21T19:17:44.000Z,1
2019-10-21T19:22:56.000Z,1
2019-10-21T19:31:46.000Z,1
2019-10-21T19:34:03.000Z,1
2019-10-21T19:38:43.000Z,1
2019-10-21T19:54:18.000Z,1
2019-10-21T20:02:50.000Z,1
2019-10-21T20:48:05.000Z,1
2019-10-21T21:03:04.000Z,1
2019-10-21T21:08:40.000Z,1
2019-10-21T21:48:05.000Z,1
2019-10-22T00:49:25.000Z,1
2019-10-22T05:54:09.000Z,1
2019-10-22T06:04:02.000Z,1
2019-10-22T06:08:20.000Z,1
2019-10-22T06:17:53.000Z,1
2019-10-22T06:18:04.000Z,2
2019-10-22T06:31:08.000Z,1
2019-10-22T06:46:52.000Z,1
2019-10-22T07:41:26.000Z,1
2019-10-22T08:10:26.000Z,1
2019-10-22T08:10:31.000Z,1
2019-10-22T08:21:34.000Z,1
2019-10-22T08:35:12.000Z,2
2019-10-22T12:15:51.000Z,1
2019-10-22T13:54:48.000Z,1
2019-10-22T14:41:23.000Z,1
2019-10-22T16:07:13.000Z,1
2019-10-22T16:18:46.000Z,1
2019-10-22T16:27:13.000Z,1
2019-10-22T16:40:02.000Z,1
2019-10-22T16:45:31.000Z,1
2019-10-22T16:46:44.000Z,1
2019-10-22T16:56:40.000Z,2
2019-10-22T17:30:26.000Z,2
2019-10-22T17:36:51.000Z,1
2019-10-22T17:50:12.000Z,1
2019-10-22T17:56:22.000Z,1
2019-10-22T18:16:06.000Z,1
2019-10-22T18:53:45.000Z,1
2019-10-22T19:03:07.000Z,1
2019-10-22T19:34:11.000Z,1
2019-10-22T20:00:54.000Z,1
2019-10-22T20:21:34.000Z,1
2019-10-22T20:30:03.000Z,1
2019-10-22T20:56:25.000Z,1
2019-10-22T20:56:53.000Z,1
2019-10-22T21:30:22.000Z,1
2019-10-22T22:28:19.000Z,1
2019-10-22T22:57:40.000Z,1
2019-10-23T04:57:31.000Z,1
2019-10-23T05:32:37.000Z,1
2019-10-23T05:54:31.000Z,1
2019-10-23T06:12:49.000Z,1
2019-10-23T07:06:13.000Z,1
2019-10-23T07:15:19.000Z,1
2019-10-23T07:34:21.000Z,2
2019-10-23T07:39:36.000Z,1
2019-10-23T07:42:48.000Z,1
2019-10-23T07:48:26.000Z,1
2019-10-23T08:05:00.000Z,1
2019-10-23T08:16:55.000Z,2
2019-10-23T08:17:28.000Z,2
2019-10-23T08:20:44.000Z,1
2019-10-23T08:29:42.000Z,1
2019-10-23T08:30:23.000Z,1
2019-10-23T08:39:09.000Z,1
2019-10-23T08:45:29.000Z,2
2019-10-23T08:49:30.000Z,1
2019-10-23T09:59:58.000Z,1
2019-10-23T10:33:50.000Z,1
2019-10-23T10:38:31.000Z,1
2019-10-23T11:26:54.000Z,2
2019-10-23T12:00:41.000Z,1
2019-10-23T13:10:46.000Z,1
2019-10-23T13:38:10.000Z,1
2019-10-23T13:44:02.000Z,1
2019-10-23T14:16:51.000Z,1
2019-10-23T14:18:10.000Z,2
2019-10-23T14:21:44.000Z,1
2019-10-23T14:23:22.000Z,1
2019-10-23T14:50:06.000Z,1
2019-10-23T15:25:13.000Z,1
2019-10-23T15:28:33.000Z,1
2019-10-23T15:36:17.000Z,1
2019-10-23T15:46:32.000Z,1
2019-10-23T15:48:01.000Z,1
2019-10-23T16:14:16.000Z,1
2019-10-23T16:16:00.000Z,1
2019-10-23T16:19:59.000Z,2
2019-10-23T16:37:48.000Z,1
2019-10-23T16:42:40.000Z,2
2019-10-23T16:44:21.000Z,1
2019-10-23T16:46:47.000Z,1
2019-10-23T17:02:31.000Z,1
2019-10-23T17:04:46.000Z,1
2019-10-23T17:06:36.000Z,1
2019-10-23T17:06:43.000Z,1
2019-10-23T17:08:20.000Z,1
2019-10-23T17:15:56.000Z,1
2019-10-23T17:19:33.000Z,1
2019-10-23T17:30:39.000Z,1
2019-10-23T17:48:40.000Z,1
2019-10-23T17:48:55.000Z,1
2019-10-23T17:49:49.000Z,3
2019-10-23T17:53:35.000Z,1
2019-10-23T17:59:11.000Z,1
2019-10-23T18:00:30.000Z,1
2019-10-23T18:08:35.000Z,1
2019-10-23T18:09:10.000Z,1
2019-10-23T18:19:50.000Z,1
2019-10-23T18:28:15.000Z,2
2019-10-23T18:31:05.000Z,1
2019-10-23T18:32:23.000Z,1
2019-10-23T18:51:46.000Z,2
2019-10-23T18:55:37.000Z,1
2019-10-23T19:02:41.000Z,1
2019-10-23T19:18:00.000Z,1
2019-10-23T19:22:07.000Z,1
2019-10-23T19:22:54.000Z,3
2019-10-23T19:24:28.000Z,1
2019-10-23T19:35:23.000Z,1
2019-10-23T20:08:34.000Z,1
2019-10-23T22:15:55.000Z,1
2019-10-24T05:50:28.000Z,1
2019-10-24T06:25:54.000Z,1
2019-10-24T06:35:56.000Z,1
2019-10-24T07:21:52.000Z,1
2019-10-18T23:51:47.000Z,1
2019-10-19T00:36:55.000Z,1
2019-10-19T01:57:29.000Z,1
2019-10-19T02:11:24.000Z,2
2019-10-19T07:42:02.000Z,1
2019-10-19T08:21:59.000Z,1
2019-10-19T08:46:27.000Z,1
2019-10-19T09:25:03.000Z,1
2019-10-19T09:45:06.000Z,1
2019-10-19T09:58:31.000Z,1
2019-10-19T10:09:12.000Z,1
2019-10-19T10:11:41.000Z,1
2019-10-19T10:25:39.000Z,1
2019-10-19T10:35:49.000Z,1
2019-10-19T10:52:30.000Z,1
2019-10-19T11:14:31.000Z,1
2019-10-19T11:27:06.000Z,1
2019-10-19T11:54:16.000Z,1
2019-10-19T12:14:19.000Z,1
2019-10-19T12:16:51.000Z,1
2019-10-19T12:17:42.000Z,1
2019-10-19T12:26:06.000Z,1
2019-10-19T12:52:09.000Z,1
2019-10-19T12:54:22.000Z,1
2019-10-19T16:01:42.000Z,1
2019-10-19T16:52:56.000Z,1
2019-10-19T09:07:43.000Z,1
2019-10-19T11:44:56.000Z,1
2019-10-19T12:19:10.000Z,2
2019-10-19T12:26:36.000Z,1
2019-10-19T13:16:49.000Z,1
2019-10-19T13:54:15.000Z,1
2019-10-19T13:57:09.000Z,1
2019-10-19T14:13:18.000Z,3
2019-10-19T14:42:04.000Z,2
2019-10-19T14:43:28.000Z,1
2019-10-19T14:44:56.000Z,1
2019-10-19T14:58:35.000Z,1
2019-10-19T15:06:39.000Z,1
2019-10-19T15:13:01.000Z,1
2019-10-19T15:17:14.000Z,1
2019-10-19T15:21:22.000Z,1
2019-10-19T15:21:55.000Z,1
2019-10-19T15:54:49.000Z,1
2019-10-19T16:07:40.000Z,1
2019-10-19T16:19:13.000Z,2
2019-10-19T16:22:32.000Z,1
2019-10-19T16:24:32.000Z,1
2019-10-19T16:56:38.000Z,1
2019-10-19T17:01:48.000Z,1
2019-10-19T17:17:34.000Z,1
2019-10-19T17:31:49.000Z,1
2019-10-19T17:39:26.000Z,1
2019-10-19T17:59:26.000Z,1
2019-10-19T18:03:07.000Z,1
2019-10-19T18:08:09.000Z,1
2019-10-19T18:18:00.000Z,1
2019-10-19T19:09:15.000Z,1
2019-10-19T19:16:32.000Z,1
2019-10-19T19:36:52.000Z,1
2019-10-19T19:46:46.000Z,1
2019-10-19T19:53:39.000Z,1
2019-10-19T20:42:02.000Z,1
2019-10-19T20:58:17.000Z,1
2019-10-19T21:57:33.000Z,1
2019-10-19T22:00:01.000Z,1
2019-10-19T22:28:00.000Z,1
2019-10-19T22:44:52.000Z,1
2019-10-19T23:08:29.000Z,1
2019-10-19T23:54:36.000Z,2
2019-10-20T07:30:29.000Z,1
2019-10-20T08:37:52.000Z,1
2019-10-20T08:51:48.000Z,1
2019-10-20T09:02:49.000Z,1
2019-10-20T09:06:14.000Z,1
2019-10-20T09:17:17.000Z,1
2019-10-20T09:28:26.000Z,1
2019-10-20T09:36:19.000Z,1
2019-10-20T09:44:35.000Z,1
2019-10-20T10:15:55.000Z,1
2019-10-20T10:54:14.000Z,1
2019-10-20T11:04:38.000Z,2
2019-10-20T11:14:27.000Z,1
2019-10-20T11:16:38.000Z,1
2019-10-20T11:23:47.000Z,1
2019-10-20T11:25:03.000Z,1
2019-10-20T11:25:10.000Z,1
2019-10-20T11:35:26.000Z,1
2019-10-20T11:55:58.000Z,2
2019-10-20T11:57:18.000Z,1
2019-10-20T13:03:21.000Z,1
2019-10-20T13:05:54.000Z,1
2019-10-20T13:30:09.000Z,1
2019-10-20T13:36:36.000Z,2
2019-10-20T13:39:08.000Z,1
2019-10-20T13:48:01.000Z,1
2019-10-20T14:20:53.000Z,1
2019-10-20T14:22:56.000Z,1
2019-10-20T14:24:33.000Z,1
2019-10-20T14:54:09.000Z,1
2019-10-20T15:03:24.000Z,1
2019-10-20T15:06:42.000Z,2
2019-10-20T15:16:31.000Z,1
2019-10-20T15:25:52.000Z,1
2019-10-20T15:30:22.000Z,1
2019-10-20T15:52:02.000Z,1
2019-10-20T15:56:14.000Z,1
2019-10-20T16:02:10.000Z,1
2019-10-20T16:21:31.000Z,1
2019-10-20T16:24:46.000Z,1
2019-10-20T16:51:52.000Z,1
2019-10-20T17:25:06.000Z,1
2019-10-20T17:30:19.000Z,2
2019-10-20T17:56:11.000Z,2
2019-10-20T18:14:18.000Z,1
2019-10-20T18:54:06.000Z,1
2019-10-20T19:02:30.000Z,1
2019-10-20T19:07:52.000Z,1
2019-10-20T19:24:52.000Z,1
2019-10-20T19:38:51.000Z,1
2019-10-20T23:04:38.000Z,1
2019-10-20T23:30:03.000Z,1
2019-10-21T05:58:15.000Z,1
2019-10-21T06:39:37.000Z,1
2019-10-21T06:46:22.000Z,1
2019-10-21T06:54:44.000Z,1
2019-10-21T07:00:12.000Z,1
2019-10-21T07:09:53.000Z,1
2019-10-21T07:20:51.000Z,1
2019-10-21T07:22:29.000Z,1
2019-10-21T07:48:48.000Z,1
2019-10-21T08:15:29.000Z,1
2019-10-21T08:20:20.000Z,1
2019-10-21T08:33:44.000Z,1
2019-10-21T09:14:44.000Z,1
2019-10-21T10:27:33.000Z,1
2019-10-21T10:47:00.000Z,1
2019-10-21T11:16:43.000Z,1
2019-10-21T12:32:05.000Z,1
2019-10-21T13:55:56.000Z,1
2019-10-21T14:52:15.000Z,1
2019-10-21T15:07:47.000Z,1
2019-10-21T16:02:40.000Z,1
2019-10-21T16:03:33.000Z,1
2019-10-21T16:27:11.000Z,2
2019-10-21T16:45:57.000Z,1
2019-10-21T17:22:45.000Z,1
2019-10-21T17:23:05.000Z,1
2019-10-21T17:31:30.000Z,2
2019-10-21T17:42:08.000Z,1
2019-10-21T17:47:08.000Z,1
2019-10-21T18:03:51.000Z,1
2019-10-21T18:08:04.000Z,1
2019-10-21T18:12:23.000Z,1
2019-10-21T18:19:54.000Z,1
2019-10-21T18:20:10.000Z,1
2019-10-21T18:22:14.000Z,1
2019-10-21T18:25:05.000Z,2
2019-10-21T18:50:36.000Z,1
2019-10-21T19:00:04.000Z,1
2019-10-21T19:13:24.000Z,1
2019-10-21T19:30:24.000Z,1
2019-10-21T20:41:46.000Z,1
2019-10-21T21:15:51.000Z,1
2019-10-21T21:35:20.000Z,1
2019-10-22T00:00:06.000Z,2
2019-10-22T01:20:11.000Z,1
2019-10-22T06:05:46.000Z,1
2019-10-22T06:14:39.000Z,1
2019-10-22T06:14:59.000Z,1
2019-10-22T06:33:08.000Z,1
2019-10-22T06:36:14.000Z,1
2019-10-22T06:53:21.000Z,1
2019-10-22T07:24:44.000Z,1
2019-10-22T07:36:22.000Z,1
2019-10-22T07:40:20.000Z,1
2019-10-22T07:48:43.000Z,1
2019-10-22T07:49:13.000Z,2
2019-10-22T08:07:49.000Z,1
2019-10-22T08:20:31.000Z,1
2019-10-22T08:34:42.000Z,1
2019-10-22T08:35:17.000Z,1
2019-10-22T08:46:14.000Z,1
2019-10-22T08:48:49.000Z,1
2019-10-22T09:06:24.000Z,1
2019-10-22T09:34:24.000Z,1
2019-10-22T09:36:13.000Z,1
2019-10-22T09:41:26.000Z,1
2019-10-22T10:52:40.000Z,1
2019-10-22T12:05:47.000Z,1
2019-10-22T12:46:02.000Z,1
2019-10-22T14:47:23.000Z,1
2019-10-22T15:06:23.000Z,2
2019-10-22T16:23:34.000Z,1
2019-10-22T16:43:37.000Z,1
2019-10-22T16:45:27.000Z,1
2019-10-22T16:46:47.000Z,1
2019-10-22T16:57:02.000Z,1
2019-10-22T17:00:26.000Z,1
2019-10-22T17:05:59.000Z,1
2019-10-22T17:11:29.000Z,1
2019-10-22T17:25:26.000Z,1
2019-10-22T17:28:57.000Z,1
2019-10-22T17:48:01.000Z,2
2019-10-22T17:58:05.000Z,1
2019-10-22T18:05:01.000Z,1
2019-10-22T18:07:31.000Z,1
2019-10-22T18:16:00.000Z,1
2019-10-22T18:21:21.000Z,1
2019-10-22T18:22:31.000Z,1
2019-10-22T18:27:00.000Z,2
2019-10-22T18:41:19.000Z,1
2019-10-22T18:46:40.000Z,1
2019-10-22T18:48:59.000Z,1
2019-10-22T19:12:46.000Z,1
2019-10-22T19:13:50.000Z,1
2019-10-22T19:50:33.000Z,1
2019-10-22T20:05:37.000Z,1
2019-10-22T20:32:56.000Z,1
2019-10-22T21:14:22.000Z,1
2019-10-22T21:32:11.000Z,1
2019-10-22T21:38:34.000Z,1
2019-10-22T21:54:42.000Z,1
2019-10-22T22:00:32.000Z,1
2019-10-22T23:03:59.000Z,1
2019-10-23T06:06:33.000Z,1
2019-10-23T06:19:05.000Z,1
2019-10-23T06:24:26.000Z,1
2019-10-23T06:24:52.000Z,1
2019-10-23T06:44:31.000Z,1
2019-10-23T07:03:00.000Z,1
2019-10-23T07:15:17.000Z,1
2019-10-23T07:29:35.000Z,1
2019-10-23T07:43:35.000Z,2
2019-10-23T07:47:20.000Z,2
2019-10-23T07:56:22.000Z,1
2019-10-23T08:10:26.000Z,2
2019-10-23T08:26:09.000Z,1
2019-10-23T08:41:09.000Z,1
2019-10-23T08:44:30.000Z,1
2019-10-23T08:51:56.000Z,1
2019-10-23T09:51:09.000Z,1
2019-10-23T11:07:16.000Z,1
2019-10-23T11:27:33.000Z,1
2019-10-23T11:30:47.000Z,1
2019-10-23T11:37:40.000Z,1
2019-10-23T12:31:05.000Z,1
2019-10-23T13:05:40.000Z,1
2019-10-23T13:06:26.000Z,1
2019-10-23T13:36:57.000Z,1
2019-10-23T13:44:49.000Z,1
2019-10-23T13:51:43.000Z,1
2019-10-23T13:59:24.000Z,2
2019-10-23T14:01:08.000Z,2
2019-10-23T14:14:03.000Z,1
2019-10-23T15:01:17.000Z,1
2019-10-23T15:20:53.000Z,1
2019-10-23T16:07:38.000Z,1
2019-10-23T16:13:05.000Z,1
2019-10-23T16:20:36.000Z,1
2019-10-23T16:28:00.000Z,1
2019-10-23T16:52:08.000Z,1
2019-10-23T16:53:46.000Z,2
2019-10-23T17:04:10.000Z,1
2019-10-23T17:14:42.000Z,1
2019-10-23T17:22:06.000Z,1
2019-10-23T17:35:33.000Z,1
2019-10-23T17:44:50.000Z,1
2019-10-23T17:54:56.000Z,1
2019-10-23T18:06:13.000Z,4
2019-10-23T18:06:55.000Z,1
2019-10-23T18:22:54.000Z,1
2019-10-23T18:24:24.000Z,1
2019-10-23T18:26:02.000Z,1
2019-10-23T18:32:20.000Z,1
2019-10-23T19:44:00.000Z,1
2019-10-23T20:06:55.000Z,1
2019-10-23T20:20:59.000Z,1
2019-10-23T21:34:17.000Z,1
2019-10-23T21:51:44.000Z,1
2019-10-24T01:29:59.000Z,1
2019-10-24T05:41:27.000Z,1
2019-10-24T06:49:36.000Z,1
2019-10-24T06:49:54.000Z,2
2019-10-24T07:11:53.000Z,1
2019-10-24T07:13:18.000Z,2
2019-10-24T07:31:00.000Z,1
2019-10-19T00:28:16.000Z,1
2019-10-19T07:01:42.000Z,1
2019-10-19T08:06:42.000Z,1
2019-10-19T09:06:33.000Z,1
2019-10-19T09:42:27.000Z,1
2019-10-19T09:55:12.000Z,1
2019-10-19T10:15:03.000Z,1
2019-10-19T11:11:49.000Z,2
2019-10-19T11:30:16.000Z,1
2019-10-19T11:38:21.000Z,1
2019-10-19T11:53:21.000Z,1
2019-10-19T12:13:54.000Z,1
2019-10-19T12:41:40.000Z,1
2019-10-19T13:06:55.000Z,1
2019-10-19T13:16:34.000Z,2
2019-10-19T13:28:52.000Z,1
2019-10-19T13:31:46.000Z,1
2019-10-19T14:10:37.000Z,1
2019-10-19T14:35:00.000Z,2
2019-10-19T15:25:04.000Z,1
2019-10-19T15:30:21.000Z,1
2019-10-19T11:13:18.000Z,1
2019-10-19T12:43:09.000Z,1
2019-10-19T13:16:24.000Z,1
2019-10-19T13:24:35.000Z,1
2019-10-19T13:37:19.000Z,1
2019-10-19T13:50:48.000Z,1
2019-10-19T13:51:44.000Z,1
2019-10-19T14:04:18.000Z,2
2019-10-19T14:23:34.000Z,1
2019-10-19T14:33:40.000Z,1
2019-10-19T14:37:09.000Z,1
2019-10-19T14:48:08.000Z,1
2019-10-19T14:48:46.000Z,1
2019-10-19T14:50:15.000Z,1
2019-10-19T14:57:00.000Z,1
2019-10-19T15:33:37.000Z,1
2019-10-19T15:37:48.000Z,1
2019-10-19T15:42:07.000Z,1
2019-10-19T15:55:46.000Z,1
2019-10-19T16:05:02.000Z,1
2019-10-19T16:11:06.000Z,1
2019-10-19T16:22:51.000Z,2
2019-10-19T17:00:02.000Z,1
2019-10-19T17:36:37.000Z,1
2019-10-19T17:53:21.000Z,1
2019-10-19T18:36:42.000Z,1
2019-10-19T18:49:03.000Z,1
2019-10-19T18:55:07.000Z,1
2019-10-19T18:55:02.000Z,1
2019-10-19T19:09:49.000Z,1
2019-10-19T19:42:56.000Z,2
2019-10-19T20:51:25.000Z,2
2019-10-20T00:09:17.000Z,1
2019-10-20T02:25:52.000Z,1
2019-10-20T06:24:30.000Z,1
2019-10-20T08:34:42.000Z,1
2019-10-20T08:52:27.000Z,1
2019-10-20T09:11:38.000Z,1
2019-10-20T09:33:14.000Z,1
2019-10-20T09:40:34.000Z,1
2019-10-20T09:43:37.000Z,1
2019-10-20T10:00:34.000Z,1
2019-10-20T10:06:52.000Z,1
2019-10-20T10:14:51.000Z,1
2019-10-20T10:22:50.000Z,1
2019-10-20T10:56:24.000Z,1
2019-10-20T11:07:29.000Z,1
2019-10-20T11:30:14.000Z,1
2019-10-20T11:43:11.000Z,1
2019-10-20T12:18:52.000Z,1
2019-10-20T12:24:16.000Z,1
2019-10-20T12:24:52.000Z,1
2019-10-20T12:51:30.000Z,1
2019-10-20T13:12:16.000Z,1
2019-10-20T13:30:44.000Z,1
2019-10-20T13:37:22.000Z,1
2019-10-20T14:02:16.000Z,1
2019-10-20T14:36:01.000Z,1
2019-10-20T14:42:38.000Z,2
2019-10-20T15:06:33.000Z,2
2019-10-20T15:26:45.000Z,1
2019-10-20T15:32:02.000Z,1
2019-10-20T15:46:35.000Z,1
2019-10-20T15:47:50.000Z,1
2019-10-20T15:57:18.000Z,1
2019-10-20T16:14:14.000Z,2
2019-10-20T16:31:31.000Z,1
2019-10-20T16:50:57.000Z,3
2019-10-20T16:56:42.000Z,1
2019-10-20T17:31:46.000Z,1
2019-10-20T18:40:01.000Z,2
2019-10-20T20:19:34.000Z,1
2019-10-20T20:38:58.000Z,1
2019-10-20T20:53:40.000Z,1
2019-10-21T00:12:21.000Z,1
2019-10-21T00:16:09.000Z,1
2019-10-21T05:44:13.000Z,1
2019-10-21T06:48:15.000Z,1
2019-10-21T06:55:20.000Z,1
2019-10-21T07:18:01.000Z,1
2019-10-21T07:35:56.000Z,1
2019-10-21T07:40:19.000Z,1
2019-10-21T07:43:51.000Z,1
2019-10-21T07:52:32.000Z,1
2019-10-21T07:52:56.000Z,1
2019-10-21T07:58:05.000Z,1
2019-10-21T07:59:11.000Z,1
2019-10-21T08:11:37.000Z,1
2019-10-21T08:12:30.000Z,1
2019-10-21T08:15:43.000Z,1
2019-10-21T08:22:34.000Z,1
2019-10-21T08:23:47.000Z,1
2019-10-21T08:29:07.000Z,2
2019-10-21T08:40:40.000Z,1
2019-10-21T09:01:40.000Z,1
2019-10-21T09:17:26.000Z,1
2019-10-21T09:56:50.000Z,1
2019-10-21T10:12:42.000Z,1
2019-10-21T10:49:52.000Z,1
2019-10-21T11:09:43.000Z,1
2019-10-21T12:28:16.000Z,1
2019-10-21T12:42:20.000Z,1
2019-10-21T15:17:33.000Z,1
2019-10-21T15:26:33.000Z,1
2019-10-21T15:29:39.000Z,1
2019-10-21T16:24:40.000Z,1
2019-10-21T16:35:31.000Z,1
2019-10-21T16:49:10.000Z,3
2019-10-21T16:53:08.000Z,1
2019-10-21T16:54:08.000Z,1
2019-10-21T17:02:18.000Z,1
2019-10-21T17:07:29.000Z,2
2019-10-21T17:10:10.000Z,1
2019-10-21T17:18:20.000Z,2
2019-10-21T17:24:19.000Z,1
2019-10-21T17:32:26.000Z,1
2019-10-21T17:41:27.000Z,2
2019-10-21T17:55:30.000Z,1
2019-10-21T18:04:55.000Z,3
2019-10-21T18:29:40.000Z,1
2019-10-21T18:34:30.000Z,1
2019-10-21T18:35:29.000Z,1
2019-10-21T18:36:05.000Z,1
2019-10-21T19:02:17.000Z,2
2019-10-21T19:04:46.000Z,1
2019-10-21T19:08:47.000Z,1
2019-10-21T19:15:58.000Z,2
2019-10-21T20:31:22.000Z,1
2019-10-21T20:32:03.000Z,1
2019-10-21T20:33:49.000Z,1
2019-10-21T22:16:04.000Z,1
2019-10-21T22:26:13.000Z,1
2019-10-21T23:01:04.000Z,1
2019-10-22T04:48:48.000Z,1
2019-10-22T05:49:46.000Z,1
2019-10-22T06:42:17.000Z,1
2019-10-22T07:00:14.000Z,1
2019-10-22T07:12:55.000Z,1
2019-10-22T07:13:35.000Z,1
2019-10-22T07:39:09.000Z,1
2019-10-22T07:42:21.000Z,1
2019-10-22T07:45:22.000Z,1
2019-10-22T07:49:46.000Z,1
2019-10-22T08:11:25.000Z,2
2019-10-22T09:16:23.000Z,1
2019-10-22T09:28:19.000Z,1
2019-10-22T10:18:13.000Z,1
2019-10-22T10:35:40.000Z,1
2019-10-22T12:15:54.000Z,1
2019-10-22T12:27:04.000Z,2
2019-10-22T12:43:18.000Z,1
2019-10-22T13:34:05.000Z,1
2019-10-22T13:49:20.000Z,1
2019-10-22T14:02:41.000Z,2
2019-10-22T14:47:52.000Z,1
2019-10-22T15:44:15.000Z,1
2019-10-22T15:44:52.000Z,1
2019-10-22T15:47:29.000Z,1
2019-10-22T15:50:42.000Z,1
2019-10-22T16:17:37.000Z,1
2019-10-22T16:18:33.000Z,1
2019-10-22T16:48:42.000Z,1
2019-10-22T17:03:42.000Z,2
2019-10-22T17:10:16.000Z,1
2019-10-22T17:12:15.000Z,3
2019-10-22T17:12:23.000Z,1
2019-10-22T17:20:21.000Z,1
2019-10-22T17:23:23.000Z,1
2019-10-22T17:37:51.000Z,1
2019-10-22T17:39:30.000Z,1
2019-10-22T17:40:59.000Z,1
2019-10-22T17:47:41.000Z,1
2019-10-22T17:55:40.000Z,2
2019-10-22T18:00:34.000Z,1
2019-10-22T18:01:50.000Z,1
2019-10-22T18:34:10.000Z,1
2019-10-22T18:51:20.000Z,1
2019-10-22T18:59:22.000Z,1
2019-10-22T19:17:22.000Z,1
2019-10-22T19:38:44.000Z,1
2019-10-22T19:46:27.000Z,1
2019-10-22T19:47:36.000Z,1
2019-10-22T19:52:52.000Z,1
2019-10-22T20:16:08.000Z,1
2019-10-22T21:29:36.000Z,1
2019-10-22T21:31:59.000Z,1
2019-10-22T23:40:24.000Z,1
2019-10-23T04:34:23.000Z,1
2019-10-23T05:10:36.000Z,1
2019-10-23T06:55:27.000Z,1
2019-10-23T07:10:16.000Z,1
2019-10-23T07:16:25.000Z,1
2019-10-23T07:18:17.000Z,1
2019-10-23T07:36:08.000Z,1
2019-10-23T07:48:14.000Z,1
2019-10-23T07:55:46.000Z,1
2019-10-23T07:57:22.000Z,1
2019-10-23T08:04:06.000Z,1
2019-10-23T08:52:19.000Z,2
2019-10-23T09:05:54.000Z,2
2019-10-23T09:21:21.000Z,2
2019-10-23T09:36:30.000Z,1
2019-10-23T09:46:32.000Z,1
2019-10-23T10:08:08.000Z,1
2019-10-23T10:49:09.000Z,1
2019-10-23T10:53:44.000Z,1
2019-10-23T11:47:37.000Z,1
2019-10-23T12:01:11.000Z,1
2019-10-23T14:57:12.000Z,2
2019-10-23T15:06:28.000Z,1
2019-10-23T15:20:42.000Z,1
2019-10-23T15:28:03.000Z,1
2019-10-23T15:29:11.000Z,1
2019-10-23T16:05:46.000Z,1
2019-10-23T17:01:04.000Z,1
2019-10-23T17:01:52.000Z,1
2019-10-23T17:05:34.000Z,1
2019-10-23T17:24:01.000Z,1
2019-10-23T17:47:47.000Z,1
2019-10-23T17:55:38.000Z,1
2019-10-23T18:00:35.000Z,1
2019-10-23T18:09:27.000Z,1
2019-10-23T18:11:34.000Z,1
2019-10-23T18:17:51.000Z,1
2019-10-23T18:21:44.000Z,1
2019-10-23T18:32:33.000Z,1
2019-10-23T18:47:24.000Z,1
2019-10-23T19:13:30.000Z,1
2019-10-23T19:47:21.000Z,1
2019-10-23T20:26:39.000Z,1
2019-10-23T21:38:45.000Z,1
2019-10-24T01:19:11.000Z,1
2019-10-24T06:26:06.000Z,1
2019-10-24T07:08:35.000Z,1
2019-10-24T07:11:12.000Z,1
2019-10-24T07:23:45.000Z,1
2019-10-19T00:13:38.000Z,2
2019-10-19T06:49:49.000Z,1
2019-10-19T07:01:53.000Z,1
2019-10-19T08:40:13.000Z,2
2019-10-19T09:11:51.000Z,1
2019-10-19T09:27:06.000Z,1
2019-10-19T09:53:38.000Z,1
2019-10-19T09:56:43.000Z,1
2019-10-19T10:02:15.000Z,1
2019-10-19T10:12:53.000Z,2
2019-10-19T10:16:18.000Z,1
2019-10-19T10:40:09.000Z,1
2019-10-19T10:58:11.000Z,2
2019-10-19T11:03:47.000Z,1
2019-10-19T11:20:00.000Z,1
2019-10-19T11:51:17.000Z,1
2019-10-19T11:59:43.000Z,2
2019-10-19T12:27:33.000Z,1
2019-10-19T12:53:07.000Z,1
2019-10-19T12:53:30.000Z,1
2019-10-19T13:03:08.000Z,1
2019-10-19T14:40:50.000Z,2
2019-10-19T15:28:04.000Z,1
2019-10-19T15:43:30.000Z,2
2019-10-19T23:33:47.000Z,1
2019-10-19T10:49:59.000Z,1
2019-10-19T11:43:46.000Z,1
2019-10-19T11:48:37.000Z,1
2019-10-19T12:07:11.000Z,1
2019-10-19T12:47:47.000Z,2
2019-10-19T13:16:42.000Z,1
2019-10-19T13:17:41.000Z,1
2019-10-19T13:32:08.000Z,1
2019-10-19T13:38:00.000Z,1
2019-10-19T13:38:36.000Z,3
2019-10-19T13:51:13.000Z,1
2019-10-19T14:24:28.000Z,1
2019-10-19T14:40:42.000Z,1
2019-10-19T14:45:15.000Z,1
2019-10-19T14:47:08.000Z,1
2019-10-19T14:55:47.000Z,1
2019-10-19T15:12:52.000Z,1
2019-10-19T15:26:01.000Z,1
2019-10-19T15:31:59.000Z,1
2019-10-19T15:51:49.000Z,1
2019-10-19T15:56:19.000Z,1
2019-10-19T15:56:37.000Z,1
2019-10-19T16:04:18.000Z,1
2019-10-19T16:34:39.000Z,1
2019-10-19T16:38:33.000Z,1
2019-10-19T16:41:07.000Z,1
2019-10-19T16:59:15.000Z,1
2019-10-19T17:12:49.000Z,1
2019-10-19T17:25:33.000Z,1
2019-10-19T17:32:18.000Z,2
2019-10-19T17:42:47.000Z,2
2019-10-19T17:43:30.000Z,2
2019-10-19T17:52:33.000Z,1
2019-10-19T17:53:20.000Z,1
2019-10-19T17:57:56.000Z,1
2019-10-19T18:12:29.000Z,1
2019-10-19T18:19:12.000Z,1
2019-10-19T18:20:42.000Z,1
2019-10-19T18:21:51.000Z,1
2019-10-19T18:44:39.000Z,1
2019-10-19T18:59:04.000Z,1
2019-10-19T19:04:03.000Z,1
2019-10-19T19:09:30.000Z,1
2019-10-19T19:40:47.000Z,1
2019-10-19T20:54:47.000Z,1
2019-10-19T20:58:47.000Z,1
2019-10-19T21:41:21.000Z,1
2019-10-19T22:14:52.000Z,1
2019-10-19T22:28:23.000Z,1
2019-10-20T00:25:32.000Z,1
2019-10-20T03:02:24.000Z,1
2019-10-20T04:37:03.000Z,1
2019-10-20T07:26:58.000Z,1
2019-10-20T08:13:02.000Z,1
2019-10-20T08:39:00.000Z,2
2019-10-20T08:52:02.000Z,1
2019-10-20T09:34:11.000Z,1
2019-10-20T10:14:41.000Z,2
2019-10-20T10:22:34.000Z,1
2019-10-20T10:41:54.000Z,1
2019-10-20T11:31:35.000Z,1
2019-10-20T11:42:43.000Z,1
2019-10-20T11:53:06.000Z,1
2019-10-20T12:07:41.000Z,1
2019-10-20T12:28:09.000Z,1
2019-10-20T12:45:43.000Z,1
2019-10-20T12:45:57.000Z,2
2019-10-20T12:52:20.000Z,1
2019-10-20T13:23:10.000Z,1
2019-10-20T13:46:05.000Z,2
2019-10-20T13:47:23.000Z,2
2019-10-20T13:54:10.000Z,1
2019-10-20T14:19:26.000Z,1
2019-10-20T14:24:08.000Z,2
2019-10-20T14:25:36.000Z,1
2019-10-20T14:38:06.000Z,2
2019-10-20T15:07:58.000Z,1
2019-10-20T15:17:08.000Z,1
2019-10-20T15:17:31.000Z,1
2019-10-20T15:18:26.000Z,1
2019-10-20T15:45:48.000Z,1
2019-10-20T16:21:43.000Z,1
2019-10-20T16:24:57.000Z,1
2019-10-20T16:54:09.000Z,1
2019-10-20T17:04:05.000Z,1
2019-10-20T17:29:08.000Z,1
2019-10-20T17:48:55.000Z,2
2019-10-20T18:02:27.000Z,1
2019-10-20T18:19:35.000Z,1
2019-10-20T18:33:37.000Z,1
2019-10-20T18:35:19.000Z,1
2019-10-20T18:55:45.000Z,1
2019-10-20T18:57:28.000Z,1
2019-10-20T19:23:59.000Z,1
2019-10-20T19:44:25.000Z,1
2019-10-20T21:32:47.000Z,1
2019-10-20T22:47:21.000Z,1
2019-10-21T02:48:14.000Z,1
2019-10-21T06:00:39.000Z,1
2019-10-21T06:11:50.000Z,1
2019-10-21T06:14:56.000Z,2
2019-10-21T06:27:38.000Z,1
2019-10-21T06:30:17.000Z,1
2019-10-21T06:48:31.000Z,1
2019-10-21T07:38:54.000Z,1
2019-10-21T07:42:10.000Z,1
2019-10-21T07:52:27.000Z,2
2019-10-21T08:01:25.000Z,1
2019-10-21T08:02:57.000Z,1
2019-10-21T08:03:07.000Z,1
2019-10-21T08:19:17.000Z,1
2019-10-21T08:20:52.000Z,1
2019-10-21T08:33:06.000Z,1
2019-10-21T08:41:01.000Z,1
2019-10-21T09:10:23.000Z,2
2019-10-21T09:17:47.000Z,1
2019-10-21T09:29:06.000Z,1
2019-10-21T09:35:19.000Z,1
2019-10-21T09:56:06.000Z,1
2019-10-21T10:02:56.000Z,1
2019-10-21T11:52:30.000Z,1
2019-10-21T12:11:24.000Z,1
2019-10-21T14:24:19.000Z,1
2019-10-21T15:26:29.000Z,1
2019-10-21T15:54:20.000Z,1
2019-10-21T15:55:22.000Z,1
2019-10-21T16:17:04.000Z,1
2019-10-21T16:41:13.000Z,1
2019-10-21T16:43:56.000Z,2
2019-10-21T16:50:02.000Z,2
2019-10-21T16:56:34.000Z,1
2019-10-21T17:00:17.000Z,1
2019-10-21T17:01:59.000Z,2
2019-10-21T17:05:41.000Z,1
2019-10-21T17:19:05.000Z,1
2019-10-21T17:53:37.000Z,2
2019-10-21T18:34:46.000Z,1
2019-10-21T18:50:19.000Z,1
2019-10-21T19:09:06.000Z,2
2019-10-21T21:35:02.000Z,1
2019-10-21T22:05:30.000Z,1
2019-10-21T23:56:57.000Z,1
2019-10-22T06:16:07.000Z,1
2019-10-22T07:18:24.000Z,1
2019-10-22T07:25:25.000Z,1
2019-10-22T07:25:35.000Z,1
2019-10-22T07:34:47.000Z,1
2019-10-22T08:01:52.000Z,1
2019-10-22T08:03:59.000Z,1
2019-10-22T08:17:42.000Z,2
2019-10-22T08:20:25.000Z,1
2019-10-22T08:43:59.000Z,1
2019-10-22T08:47:30.000Z,1
2019-10-22T09:05:41.000Z,2
2019-10-22T10:38:18.000Z,1
2019-10-22T10:40:57.000Z,1
2019-10-22T10:54:25.000Z,1
2019-10-22T11:19:20.000Z,1
2019-10-22T12:11:03.000Z,1
2019-10-22T14:49:52.000Z,1
2019-10-22T14:59:42.000Z,1
2019-10-22T15:41:08.000Z,1
2019-10-22T15:42:02.000Z,1
2019-10-22T15:44:00.000Z,1
2019-10-22T16:14:40.000Z,1
2019-10-22T16:38:43.000Z,1
2019-10-22T16:56:09.000Z,1
2019-10-22T17:12:45.000Z,1
2019-10-22T17:22:17.000Z,1
2019-10-22T17:23:56.000Z,2
2019-10-22T17:41:04.000Z,1
2019-10-22T17:44:31.000Z,1
2019-10-22T17:50:19.000Z,2
2019-10-22T18:19:52.000Z,1
2019-10-22T18:58:58.000Z,1
2019-10-22T19:25:01.000Z,1
2019-10-22T19:58:44.000Z,1
2019-10-22T20:17:05.000Z,1
2019-10-22T20:18:30.000Z,1
2019-10-22T20:29:08.000Z,1
2019-10-22T21:22:48.000Z,1
2019-10-22T23:25:27.000Z,1
2019-10-23T04:49:01.000Z,1
2019-10-23T07:24:22.000Z,1
2019-10-23T07:27:04.000Z,1
2019-10-23T07:27:05.000Z,1
2019-10-23T07:44:16.000Z,1
2019-10-23T07:44:57.000Z,1
2019-10-23T08:15:12.000Z,1
2019-10-23T08:37:02.000Z,1
2019-10-23T08:44:29.000Z,2
2019-10-23T08:46:11.000Z,1
2019-10-23T08:59:23.000Z,1
2019-10-23T09:09:57.000Z,1
2019-10-23T09:21:06.000Z,1
2019-10-23T09:55:27.000Z,1
2019-10-23T11:07:29.000Z,1
2019-10-23T11:33:46.000Z,1
2019-10-23T13:29:40.000Z,1
2019-10-23T13:30:06.000Z,1
2019-10-23T13:43:12.000Z,1
2019-10-23T14:22:49.000Z,1
2019-10-23T14:45:57.000Z,1
2019-10-23T15:47:52.000Z,1
2019-10-23T15:49:53.000Z,2
2019-10-23T16:03:08.000Z,1
2019-10-23T16:07:58.000Z,1
2019-10-23T16:08:10.000Z,2
2019-10-23T16:16:58.000Z,1
2019-10-23T16:38:36.000Z,2
2019-10-23T16:51:47.000Z,1
2019-10-23T17:03:55.000Z,1
2019-10-23T17:17:47.000Z,1
2019-10-23T17:37:52.000Z,1
2019-10-23T17:49:03.000Z,1
2019-10-23T17:54:37.000Z,1
2019-10-23T18:00:14.000Z,1
2019-10-23T18:12:20.000Z,1
2019-10-23T18:16:31.000Z,1
2019-10-23T18:18:51.000Z,1
2019-10-23T18:32:43.000Z,1
2019-10-23T19:01:38.000Z,1
2019-10-23T19:13:25.000Z,1
2019-10-23T19:37:24.000Z,1
2019-10-23T19:46:27.000Z,1
2019-10-23T19:51:54.000Z,1
2019-10-23T20:27:40.000Z,1
2019-10-23T20:33:47.000Z,1
2019-10-23T20:44:27.000Z,1
2019-10-23T20:46:07.000Z,1
2019-10-23T20:52:58.000Z,1
2019-10-23T21:12:54.000Z,1
2019-10-23T21:30:24.000Z,1
2019-10-23T22:10:16.000Z,1
2019-10-24T06:42:40.000Z,1
2019-10-24T07:15:25.000Z,1
2019-10-19T00:42:42.000Z,1
2019-10-19T00:53:05.000Z,1
2019-10-19T01:10:29.000Z,1
2019-10-19T04:04:46.000Z,1
2019-10-19T05:57:31.000Z,1
2019-10-19T06:06:52.000Z,1
2019-10-19T08:43:20.000Z,1
2019-10-19T09:52:31.000Z,1
2019-10-19T10:04:00.000Z,1
2019-10-19T10:31:27.000Z,1
2019-10-19T10:39:42.000Z,2
2019-10-19T11:07:53.000Z,1
2019-10-19T11:41:09.000Z,1
2019-10-19T11:44:55.000Z,1
2019-10-19T12:03:33.000Z,1
2019-10-19T12:07:26.000Z,2
2019-10-19T12:08:18.000Z,1
2019-10-19T12:17:41.000Z,1
2019-10-19T13:08:50.000Z,2
2019-10-19T13:15:53.000Z,1
2019-10-19T13:18:40.000Z,1
2019-10-19T13:21:43.000Z,1
2019-10-19T13:34:06.000Z,1
2019-10-19T16:01:06.000Z,1
2019-10-19T10:12:52.000Z,1
2019-10-19T10:27:46.000Z,1
2019-10-19T11:32:29.000Z,1
2019-10-19T12:40:31.000Z,1
2019-10-19T12:45:02.000Z,1
2019-10-19T13:02:00.000Z,1
2019-10-19T13:06:09.000Z,1
2019-10-19T13:34:31.000Z,1
2019-10-19T13:47:19.000Z,1
2019-10-19T13:51:22.000Z,1
2019-10-19T14:11:13.000Z,1
2019-10-19T14:28:18.000Z,1
2019-10-19T14:45:19.000Z,2
2019-10-19T14:50:02.000Z,1
2019-10-19T15:08:22.000Z,1
2019-10-19T15:13:53.000Z,2
2019-10-19T15:18:35.000Z,1
2019-10-19T15:27:22.000Z,1
2019-10-19T15:32:52.000Z,1
2019-10-19T15:41:19.000Z,1
2019-10-19T16:00:23.000Z,1
2019-10-19T16:02:45.000Z,2
2019-10-19T16:07:02.000Z,1
2019-10-19T16:22:45.000Z,2
2019-10-19T16:29:14.000Z,1
2019-10-19T16:58:05.000Z,2
2019-10-19T17:04:13.000Z,1
2019-10-19T17:04:44.000Z,1
2019-10-19T17:26:17.000Z,1
2019-10-19T18:58:16.000Z,1
2019-10-19T19:31:22.000Z,1
2019-10-19T19:44:37.000Z,1
2019-10-19T19:56:45.000Z,1
2019-10-19T19:58:06.000Z,2
2019-10-19T20:21:15.000Z,1
2019-10-19T20:46:58.000Z,2
2019-10-19T21:14:31.000Z,1
2019-10-19T21:20:41.000Z,1
2019-10-19T21:47:35.000Z,1
2019-10-19T22:53:47.000Z,1
2019-10-20T00:30:00.000Z,2
2019-10-20T01:22:09.000Z,1
2019-10-20T02:14:32.000Z,1
2019-10-20T08:47:18.000Z,1
2019-10-20T09:09:48.000Z,1
2019-10-20T10:07:18.000Z,1
2019-10-20T10:16:44.000Z,1
2019-10-20T10:17:48.000Z,1
2019-10-20T11:05:59.000Z,1
2019-10-20T11:25:13.000Z,1
2019-10-20T11:26:57.000Z,1
2019-10-20T11:37:52.000Z,2
2019-10-20T11:43:04.000Z,2
2019-10-20T12:01:51.000Z,2
2019-10-20T12:08:10.000Z,1
2019-10-20T12:28:22.000Z,1
2019-10-20T12:41:54.000Z,2
2019-10-20T12:46:03.000Z,1
2019-10-20T12:55:19.000Z,1
2019-10-20T13:05:58.000Z,1
2019-10-20T13:11:50.000Z,1
2019-10-20T13:14:50.000Z,1
2019-10-20T13:28:19.000Z,1
2019-10-20T13:41:56.000Z,1
2019-10-20T13:47:10.000Z,1
2019-10-20T13:57:14.000Z,1
2019-10-20T13:58:38.000Z,2
2019-10-20T14:03:14.000Z,1
2019-10-20T14:07:18.000Z,1
2019-10-20T14:19:34.000Z,2
2019-10-20T14:39:02.000Z,2
2019-10-20T15:32:31.000Z,2
2019-10-20T15:37:32.000Z,1
2019-10-20T16:02:21.000Z,1
2019-10-20T16:34:32.000Z,1
2019-10-20T16:39:47.000Z,1
2019-10-20T16:42:00.000Z,1
2019-10-20T16:58:19.000Z,2
2019-10-20T17:22:58.000Z,1
2019-10-20T17:28:04.000Z,1
2019-10-20T17:28:27.000Z,1
2019-10-20T17:31:50.000Z,1
2019-10-20T17:51:52.000Z,1
2019-10-20T18:00:44.000Z,3
2019-10-20T18:31:21.000Z,1
2019-10-20T18:54:43.000Z,1
2019-10-20T19:12:04.000Z,1
2019-10-20T19:16:59.000Z,1
2019-10-20T19:31:03.000Z,1
2019-10-20T19:56:21.000Z,1
2019-10-20T20:40:11.000Z,1
2019-10-20T21:36:01.000Z,1
2019-10-20T21:56:29.000Z,1
2019-10-21T06:29:03.000Z,1
2019-10-21T06:38:02.000Z,1
2019-10-21T07:02:47.000Z,1
2019-10-21T07:13:30.000Z,1
2019-10-21T07:18:19.000Z,1
2019-10-21T07:21:14.000Z,1
2019-10-21T07:26:27.000Z,1
2019-10-21T07:41:10.000Z,1
2019-10-21T07:57:10.000Z,1
2019-10-21T08:01:35.000Z,3
2019-10-21T08:02:00.000Z,1
2019-10-21T08:23:36.000Z,1
2019-10-21T08:25:28.000Z,1
2019-10-21T08:49:50.000Z,1
2019-10-21T10:52:03.000Z,1
2019-10-21T11:17:47.000Z,1
2019-10-21T11:43:53.000Z,1
2019-10-21T12:01:48.000Z,1
2019-10-21T15:10:21.000Z,1
2019-10-21T15:41:11.000Z,1
2019-10-21T16:12:03.000Z,1
2019-10-21T16:21:05.000Z,1
2019-10-21T16:27:41.000Z,1
2019-10-21T16:27:58.000Z,1
2019-10-21T16:37:36.000Z,1
2019-10-21T16:47:34.000Z,1
2019-10-21T16:58:34.000Z,1
2019-10-21T17:03:50.000Z,1
2019-10-21T17:12:52.000Z,1
2019-10-21T17:24:51.000Z,1
2019-10-21T17:24:58.000Z,1
2019-10-21T17:29:42.000Z,1
2019-10-21T17:55:17.000Z,1
2019-10-21T17:57:26.000Z,1
2019-10-21T18:07:24.000Z,1
2019-10-21T18:08:40.000Z,1
2019-10-21T18:45:11.000Z,1
2019-10-21T19:05:38.000Z,1
2019-10-21T19:07:24.000Z,1
2019-10-21T19:08:55.000Z,1
2019-10-21T19:33:01.000Z,1
2019-10-21T19:54:21.000Z,1
2019-10-21T19:56:13.000Z,1
2019-10-21T20:43:37.000Z,1
2019-10-21T20:46:34.000Z,1
2019-10-21T20:58:20.000Z,1
2019-10-21T21:01:40.000Z,1
2019-10-21T21:13:44.000Z,1
2019-10-22T06:18:35.000Z,1
2019-10-22T06:50:12.000Z,1
2019-10-22T06:53:16.000Z,1
2019-10-22T06:54:27.000Z,1
2019-10-22T07:28:43.000Z,2
2019-10-22T07:44:02.000Z,1
2019-10-22T07:55:11.000Z,1
2019-10-22T07:56:40.000Z,1
2019-10-22T08:06:01.000Z,1
2019-10-22T08:36:25.000Z,1
2019-10-22T09:52:07.000Z,1
2019-10-22T11:28:45.000Z,1
2019-10-22T12:46:53.000Z,1
2019-10-22T13:25:58.000Z,2
2019-10-22T13:56:18.000Z,1
2019-10-22T14:01:44.000Z,1
2019-10-22T14:17:42.000Z,1
2019-10-22T15:49:36.000Z,1
2019-10-22T16:13:20.000Z,1
2019-10-22T16:18:27.000Z,1
2019-10-22T16:36:37.000Z,2
2019-10-22T16:46:25.000Z,1
2019-10-22T16:52:59.000Z,1
2019-10-22T16:58:03.000Z,1
2019-10-22T17:04:08.000Z,1
2019-10-22T17:04:12.000Z,1
2019-10-22T17:11:54.000Z,1
2019-10-22T17:25:25.000Z,2
2019-10-22T17:36:04.000Z,1
2019-10-22T17:38:50.000Z,2
2019-10-22T17:41:01.000Z,1
2019-10-22T17:51:54.000Z,1
2019-10-22T17:54:21.000Z,1
2019-10-22T17:58:00.000Z,1
2019-10-22T18:00:58.000Z,2
2019-10-22T18:10:06.000Z,1
2019-10-22T18:17:57.000Z,2
2019-10-22T18:20:33.000Z,2
2019-10-22T18:22:13.000Z,1
2019-10-22T18:28:33.000Z,1
2019-10-22T18:35:42.000Z,1
2019-10-22T18:56:27.000Z,1
2019-10-22T19:02:35.000Z,1
2019-10-22T19:06:23.000Z,1
2019-10-22T19:06:46.000Z,1
2019-10-22T19:10:13.000Z,1
2019-10-22T20:14:17.000Z,1
2019-10-22T20:41:10.000Z,1
2019-10-22T20:42:02.000Z,1
2019-10-22T20:42:11.000Z,1
2019-10-22T20:56:09.000Z,1
2019-10-22T21:25:26.000Z,1
2019-10-22T21:35:56.000Z,1
2019-10-22T22:34:47.000Z,1
2019-10-22T22:52:15.000Z,1
2019-10-22T23:49:24.000Z,1
2019-10-23T06:16:34.000Z,1
2019-10-23T06:25:57.000Z,1
2019-10-23T06:47:30.000Z,1
2019-10-23T07:26:09.000Z,1
2019-10-23T07:29:17.000Z,1
2019-10-23T07:42:56.000Z,1
2019-10-23T07:47:04.000Z,1
2019-10-23T07:53:14.000Z,1
2019-10-23T08:12:46.000Z,1
2019-10-23T08:14:20.000Z,1
2019-10-23T08:28:34.000Z,1
2019-10-23T08:40:55.000Z,3
2019-10-23T08:44:00.000Z,1
2019-10-23T08:47:27.000Z,2
2019-10-23T08:48:00.000Z,2
2019-10-23T08:51:11.000Z,2
2019-10-23T09:01:40.000Z,1
2019-10-23T09:33:08.000Z,1
2019-10-23T10:28:37.000Z,1
2019-10-23T10:32:00.000Z,1
2019-10-23T10:35:42.000Z,1
2019-10-23T10:48:45.000Z,1
2019-10-23T11:09:51.000Z,1
2019-10-23T11:48:36.000Z,1
2019-10-23T12:04:05.000Z,1
2019-10-23T12:10:30.000Z,1
2019-10-23T13:08:03.000Z,1
2019-10-23T13:27:36.000Z,1
2019-10-23T13:31:42.000Z,1
2019-10-23T13:34:48.000Z,1
2019-10-23T13:58:46.000Z,1
2019-10-23T14:02:24.000Z,1
2019-10-23T14:10:05.000Z,1
2019-10-23T14:22:47.000Z,1
2019-10-23T14:55:47.000Z,1
2019-10-23T15:05:17.000Z,2
2019-10-23T15:22:23.000Z,1
2019-10-23T15:24:13.000Z,1
2019-10-23T15:30:48.000Z,1
2019-10-23T15:48:22.000Z,1
2019-10-23T16:04:12.000Z,1
2019-10-23T16:07:52.000Z,1
2019-10-23T16:13:00.000Z,1
2019-10-23T16:15:36.000Z,1
2019-10-23T16:22:51.000Z,1
2019-10-23T16:27:07.000Z,1
2019-10-23T16:32:35.000Z,2
2019-10-23T16:42:29.000Z,1
2019-10-23T17:23:25.000Z,2
2019-10-23T17:27:58.000Z,1
2019-10-23T17:28:23.000Z,1
2019-10-23T17:32:31.000Z,2
2019-10-23T17:34:47.000Z,1
2019-10-23T17:35:57.000Z,1
2019-10-23T17:47:23.000Z,1
2019-10-23T18:00:56.000Z,2
2019-10-23T18:07:57.000Z,1
2019-10-23T18:08:49.000Z,1
2019-10-23T18:11:21.000Z,1
2019-10-23T22:28:46.000Z,1
2019-10-23T23:38:16.000Z,1
2019-10-24T01:42:06.000Z,1
2019-10-24T04:46:24.000Z,1
2019-10-24T06:37:25.000Z,1
2019-10-24T06:40:57.000Z,1
2019-10-24T06:59:22.000Z,1
2019-10-24T07:02:06.000Z,1
2019-10-24T07:30:05.000Z,1
2019-10-19T00:17:50.000Z,1
2019-10-19T00:47:23.000Z,1
2019-10-19T01:24:57.000Z,1
2019-10-19T03:57:11.000Z,1
2019-10-19T08:54:14.000Z,1
2019-10-19T09:07:46.000Z,1
2019-10-19T09:20:14.000Z,2
2019-10-19T09:56:50.000Z,1
2019-10-19T10:11:11.000Z,1
2019-10-19T10:52:55.000Z,1
2019-10-19T12:28:36.000Z,1
2019-10-19T13:04:15.000Z,2
2019-10-19T13:16:04.000Z,1
2019-10-19T13:20:37.000Z,2
2019-10-19T13:28:45.000Z,2
2019-10-19T14:09:35.000Z,1
2019-10-19T14:35:17.000Z,1
2019-10-19T15:29:37.000Z,1
2019-10-19T15:43:20.000Z,1
2019-10-19T10:33:01.000Z,1
2019-10-19T11:30:32.000Z,2
2019-10-19T12:18:53.000Z,1
2019-10-19T12:34:56.000Z,2
2019-10-19T12:49:06.000Z,1
2019-10-19T14:25:08.000Z,1
2019-10-19T14:35:33.000Z,1
2019-10-19T14:35:53.000Z,2
2019-10-19T14:41:47.000Z,2
2019-10-19T14:51:21.000Z,1
2019-10-19T15:54:36.000Z,1
2019-10-19T15:55:24.000Z,1
2019-10-19T15:57:24.000Z,1
2019-10-19T16:25:41.000Z,1
2019-10-19T16:28:09.000Z,2
2019-10-19T16:58:23.000Z,1
2019-10-19T17:24:52.000Z,1
2019-10-19T17:35:30.000Z,2
2019-10-19T18:35:54.000Z,1
2019-10-19T18:42:13.000Z,1
2019-10-19T18:53:21.000Z,1
2019-10-19T19:22:44.000Z,2
2019-10-19T19:26:59.000Z,1
2019-10-19T19:27:05.000Z,2
2019-10-19T19:49:33.000Z,1
2019-10-19T20:13:30.000Z,2
2019-10-19T23:03:18.000Z,1
2019-10-19T23:19:57.000Z,1
2019-10-20T01:13:37.000Z,1
2019-10-20T01:22:01.000Z,1
2019-10-20T02:04:57.000Z,1
2019-10-20T08:09:29.000Z,1
2019-10-20T08:29:54.000Z,1
2019-10-20T08:35:38.000Z,1
2019-10-20T08:59:58.000Z,1
2019-10-20T10:33:54.000Z,1
2019-10-20T10:47:56.000Z,1
2019-10-20T11:34:55.000Z,1
2019-10-20T11:36:55.000Z,1
2019-10-20T11:40:13.000Z,1
2019-10-20T12:00:40.000Z,1
2019-10-20T12:14:59.000Z,1
2019-10-20T12:31:43.000Z,1
2019-10-20T12:36:38.000Z,1
2019-10-20T12:55:42.000Z,1
2019-10-20T13:10:30.000Z,1
2019-10-20T13:14:49.000Z,1
2019-10-20T13:23:03.000Z,2
2019-10-20T13:26:50.000Z,1
2019-10-20T13:37:12.000Z,1
2019-10-20T13:39:17.000Z,1
2019-10-20T14:10:17.000Z,1
2019-10-20T14:15:02.000Z,1
2019-10-20T14:23:00.000Z,1
2019-10-20T14:39:03.000Z,1
2019-10-20T14:44:37.000Z,1
2019-10-20T14:54:39.000Z,1
2019-10-20T15:29:10.000Z,1
2019-10-20T15:53:42.000Z,1
2019-10-20T16:59:37.000Z,1
2019-10-20T17:16:18.000Z,1
2019-10-20T17:21:32.000Z,1
2019-10-20T17:21:49.000Z,1
2019-10-20T18:11:07.000Z,1
2019-10-20T19:01:44.000Z,1
2019-10-20T19:30:32.000Z,1
2019-10-20T20:09:58.000Z,1
2019-10-20T20:41:49.000Z,1
2019-10-20T22:17:46.000Z,1
2019-10-21T05:26:38.000Z,1
2019-10-21T05:53:32.000Z,1
2019-10-21T06:03:44.000Z,1
2019-10-21T06:26:05.000Z,1
2019-10-21T07:02:02.000Z,1
2019-10-21T07:21:28.000Z,1
2019-10-21T08:21:32.000Z,2
2019-10-21T08:26:08.000Z,1
2019-10-21T08:26:46.000Z,1
2019-10-21T08:33:56.000Z,1
2019-10-21T08:59:20.000Z,2
2019-10-21T10:08:25.000Z,1
2019-10-21T11:06:51.000Z,1
2019-10-21T11:32:02.000Z,1
2019-10-21T11:40:44.000Z,1
2019-10-21T12:58:02.000Z,1
2019-10-21T14:57:39.000Z,1
2019-10-21T15:03:18.000Z,1
2019-10-21T15:24:44.000Z,1
2019-10-21T15:34:51.000Z,1
2019-10-21T15:45:59.000Z,1
2019-10-21T16:01:17.000Z,1
2019-10-21T16:29:18.000Z,1
2019-10-21T16:52:59.000Z,2
2019-10-21T16:59:06.000Z,1
2019-10-21T17:03:29.000Z,1
2019-10-21T17:08:27.000Z,1
2019-10-21T17:15:44.000Z,2
2019-10-21T17:33:56.000Z,1
2019-10-21T17:34:52.000Z,1
2019-10-21T17:35:36.000Z,3
2019-10-21T18:04:58.000Z,1
2019-10-21T18:07:16.000Z,1
2019-10-21T18:15:33.000Z,1
2019-10-21T18:41:50.000Z,2
2019-10-21T19:09:41.000Z,1
2019-10-21T19:29:58.000Z,1
2019-10-21T19:38:23.000Z,1
2019-10-21T20:13:14.000Z,1
2019-10-21T20:14:41.000Z,1
2019-10-21T20:56:57.000Z,1
2019-10-21T21:11:47.000Z,1
2019-10-21T22:00:35.000Z,1
2019-10-22T06:16:31.000Z,1
2019-10-22T06:53:09.000Z,1
2019-10-22T06:58:10.000Z,1
2019-10-22T07:09:00.000Z,1
2019-10-22T07:16:11.000Z,1
2019-10-22T07:17:32.000Z,1
2019-10-22T07:18:45.000Z,1
2019-10-22T07:19:06.000Z,1
2019-10-22T07:20:17.000Z,1
2019-10-22T07:38:30.000Z,1
2019-10-22T07:40:26.000Z,1
2019-10-22T07:43:19.000Z,1
2019-10-22T08:14:59.000Z,1
2019-10-22T08:41:23.000Z,1
2019-10-22T08:52:47.000Z,1
2019-10-22T10:10:16.000Z,1
2019-10-22T11:10:29.000Z,1
2019-10-22T12:14:32.000Z,1
2019-10-22T15:06:36.000Z,1
2019-10-22T15:29:16.000Z,1
2019-10-22T15:35:45.000Z,1
2019-10-22T16:16:46.000Z,1
2019-10-22T16:37:05.000Z,1
2019-10-22T16:42:33.000Z,1
2019-10-22T16:56:39.000Z,1
2019-10-22T17:03:01.000Z,1
2019-10-22T17:07:46.000Z,1
2019-10-22T17:19:24.000Z,1
2019-10-22T17:24:13.000Z,1
2019-10-22T17:41:19.000Z,1
2019-10-22T17:45:40.000Z,1
2019-10-22T17:48:22.000Z,1
2019-10-22T18:09:11.000Z,2
2019-10-22T18:20:58.000Z,1
2019-10-22T18:35:01.000Z,1
2019-10-22T18:35:22.000Z,1
2019-10-22T18:57:44.000Z,1
2019-10-22T19:00:45.000Z,1
2019-10-22T19:05:31.000Z,1
2019-10-22T19:12:03.000Z,1
2019-10-22T21:11:16.000Z,2
2019-10-22T21:13:50.000Z,1
2019-10-22T21:14:13.000Z,1
2019-10-22T22:58:36.000Z,1
2019-10-23T00:29:22.000Z,1
2019-10-23T06:02:30.000Z,1
2019-10-23T06:35:12.000Z,1
2019-10-23T06:38:20.000Z,1
2019-10-23T07:28:55.000Z,1
2019-10-23T07:33:53.000Z,1
2019-10-23T07:35:14.000Z,1
2019-10-23T07:35:25.000Z,4
2019-10-23T07:36:04.000Z,2
2019-10-23T07:43:23.000Z,2
2019-10-23T07:54:18.000Z,1
2019-10-23T08:15:26.000Z,3
2019-10-23T08:25:54.000Z,1
2019-10-23T08:30:32.000Z,1
2019-10-23T08:35:55.000Z,1
2019-10-23T08:48:53.000Z,1
2019-10-23T08:50:41.000Z,1
2019-10-23T08:52:15.000Z,1
2019-10-23T08:57:35.000Z,1
2019-10-23T09:01:19.000Z,2
2019-10-23T09:46:07.000Z,1
2019-10-23T10:22:11.000Z,1
2019-10-23T10:34:02.000Z,1
2019-10-23T10:42:01.000Z,1
2019-10-23T10:53:02.000Z,1
2019-10-23T11:21:39.000Z,1
2019-10-23T12:19:50.000Z,1
2019-10-23T12:58:03.000Z,1
2019-10-23T13:15:21.000Z,1
2019-10-23T14:13:25.000Z,1
2019-10-23T14:39:16.000Z,1
2019-10-23T14:39:37.000Z,1
2019-10-23T15:34:10.000Z,1
2019-10-23T15:59:01.000Z,1
2019-10-23T16:22:48.000Z,1
2019-10-23T16:32:08.000Z,1
2019-10-23T16:35:36.000Z,1
2019-10-23T16:37:21.000Z,1
2019-10-23T16:38:42.000Z,1
2019-10-23T16:41:20.000Z,1
2019-10-23T16:43:09.000Z,1
2019-10-23T16:47:11.000Z,1
2019-10-23T16:55:46.000Z,1
2019-10-23T17:11:55.000Z,1
2019-10-23T17:14:02.000Z,1
2019-10-23T17:14:15.000Z,2
2019-10-23T17:35:40.000Z,1
2019-10-23T17:35:44.000Z,1
2019-10-23T17:36:21.000Z,2
2019-10-23T17:37:48.000Z,2
2019-10-23T18:01:04.000Z,1
2019-10-23T18:03:34.000Z,1
2019-10-23T18:06:38.000Z,1
2019-10-23T18:07:41.000Z,1
2019-10-23T18:09:42.000Z,2
2019-10-23T18:22:59.000Z,1
2019-10-23T18:43:23.000Z,1
2019-10-23T18:52:46.000Z,1
2019-10-23T19:11:48.000Z,1
2019-10-23T20:30:49.000Z,1
2019-10-23T21:22:19.000Z,1
2019-10-23T21:26:12.000Z,1
2019-10-23T21:27:46.000Z,1
2019-10-23T22:02:07.000Z,1
2019-10-23T22:07:54.000Z,1
2019-10-24T00:18:10.000Z,1
2019-10-24T05:31:00.000Z,1
2019-10-24T06:13:31.000Z,1
2019-10-24T06:23:27.000Z,1
2019-10-24T07:25:02.000Z,1
2019-10-24T07:41:51.000Z,1
2019-10-24T07:52:39.000Z,2
2019-10-24T07:53:22.000Z,2
2019-10-24T07:59:38.000Z,1
2019-10-24T08:03:34.000Z,1
2019-10-24T08:23:14.000Z,1
2019-10-24T08:41:47.000Z,1
2019-10-24T09:07:09.000Z,3
2019-10-24T09:30:35.000Z,1
2019-10-24T09:41:17.000Z,1
2019-10-24T09:46:15.000Z,1
2019-10-24T10:05:56.000Z,1
2019-10-24T10:20:11.000Z,1
2019-10-24T10:22:01.000Z,1
2019-10-24T12:10:45.000Z,1
2019-10-24T13:31:30.000Z,1
2019-10-24T14:23:59.000Z,1
2019-10-24T14:43:26.000Z,1
2019-10-24T15:03:42.000Z,1
2019-10-24T17:17:32.000Z,1
2019-10-25T07:56:34.000Z,2
2019-10-24T11:21:18.000Z,1
2019-10-24T12:03:26.000Z,1
2019-10-24T12:10:50.000Z,1
2019-10-24T12:23:39.000Z,1
2019-10-24T14:08:21.000Z,1
2019-10-24T15:28:29.000Z,1
2019-10-24T15:55:14.000Z,1
2019-10-24T16:33:24.000Z,1
2019-10-24T16:49:05.000Z,1
2019-10-24T16:52:04.000Z,1
2019-10-24T16:59:19.000Z,2
2019-10-24T17:08:58.000Z,1
2019-10-24T17:28:08.000Z,1
2019-10-24T17:29:47.000Z,3
2019-10-24T17:50:57.000Z,1
2019-10-24T18:09:32.000Z,1
2019-10-24T18:18:53.000Z,1
2019-10-24T18:40:58.000Z,2
2019-10-24T18:56:14.000Z,1
2019-10-24T19:15:18.000Z,1
2019-10-24T19:23:17.000Z,1
2019-10-24T19:34:39.000Z,1
2019-10-24T19:53:07.000Z,2
2019-10-24T20:28:26.000Z,1
2019-10-25T00:14:48.000Z,1
2019-10-25T03:36:38.000Z,1
2019-10-25T06:11:31.000Z,1
2019-10-25T06:32:18.000Z,1
2019-10-25T06:32:41.000Z,1
2019-10-25T06:40:07.000Z,1
2019-10-25T06:51:12.000Z,1
2019-10-25T06:51:20.000Z,1
2019-10-25T07:06:53.000Z,1
2019-10-25T07:17:57.000Z,1
2019-10-25T07:30:13.000Z,1
2019-10-25T07:41:41.000Z,1
2019-10-25T07:43:19.000Z,1
2019-10-25T08:05:30.000Z,1
2019-10-25T08:17:19.000Z,1
2019-10-25T08:18:16.000Z,1
2019-10-25T08:20:37.000Z,1
2019-10-25T08:40:42.000Z,1
2019-10-25T08:41:46.000Z,2
2019-10-25T08:44:19.000Z,1
2019-10-25T08:45:47.000Z,1
2019-10-25T08:54:18.000Z,1
2019-10-25T09:41:57.000Z,1
2019-10-25T10:14:32.000Z,1
2019-10-25T10:28:17.000Z,1
2019-10-25T10:35:59.000Z,1
2019-10-25T11:54:13.000Z,1
2019-10-25T12:14:24.000Z,1
2019-10-25T13:16:27.000Z,1
2019-10-25T14:16:55.000Z,1
2019-10-25T14:27:12.000Z,1
2019-10-25T14:44:00.000Z,1
2019-10-25T14:55:54.000Z,1
2019-10-25T15:00:17.000Z,1
2019-10-25T15:27:23.000Z,2
2019-10-25T15:34:57.000Z,1
2019-10-25T15:42:48.000Z,1
2019-10-25T16:02:51.000Z,1
2019-10-25T16:11:06.000Z,1
2019-10-25T16:19:55.000Z,2
2019-10-25T16:28:22.000Z,1
2019-10-25T16:49:55.000Z,1
2019-10-25T16:55:29.000Z,1
2019-10-25T17:20:03.000Z,2
2019-10-25T17:20:49.000Z,1
2019-10-25T17:23:52.000Z,1
2019-10-25T17:23:59.000Z,1
2019-10-25T17:32:53.000Z,1
2019-10-25T17:34:23.000Z,1
2019-10-25T17:46:44.000Z,1
2019-10-25T17:49:50.000Z,1
2019-10-25T17:53:31.000Z,1
2019-10-25T18:00:40.000Z,1
2019-10-25T18:05:10.000Z,1
2019-10-25T18:07:55.000Z,1
2019-10-25T18:25:54.000Z,1
2019-10-25T18:44:11.000Z,1
2019-10-25T18:47:58.000Z,1
2019-10-25T19:05:02.000Z,1
2019-10-25T19:16:03.000Z,1
2019-10-25T21:02:49.000Z,1
2019-10-25T21:25:46.000Z,1
2019-10-25T21:54:29.000Z,1
2019-10-25T22:47:37.000Z,1
2019-10-25T23:38:37.000Z,1
2019-10-26T00:09:32.000Z,1
2019-10-26T04:26:59.000Z,1
2019-10-26T06:14:14.000Z,1
2019-10-26T09:01:04.000Z,1
2019-10-26T09:30:37.000Z,1
2019-10-26T09:39:51.000Z,1
2019-10-26T10:12:17.000Z,1
2019-10-26T11:06:56.000Z,1
2019-10-26T11:11:36.000Z,1
2019-10-26T11:49:25.000Z,1
2019-10-26T12:20:38.000Z,1
2019-10-26T12:41:36.000Z,2
2019-10-26T13:01:37.000Z,1
2019-10-26T13:10:46.000Z,1
2019-10-26T13:31:18.000Z,1
2019-10-27T09:37:24.000Z,1
2019-10-27T10:05:20.000Z,1
2019-10-27T10:40:38.000Z,1
2019-10-27T10:56:43.000Z,1
2019-10-27T11:16:50.000Z,1
2019-10-27T11:50:58.000Z,1
2019-10-27T11:53:43.000Z,1
2019-10-27T12:14:20.000Z,1
2019-10-27T12:25:09.000Z,1
2019-10-27T12:52:26.000Z,1
2019-10-27T13:17:05.000Z,1
2019-10-27T13:22:46.000Z,1
2019-10-27T13:42:23.000Z,2
2019-10-27T14:11:19.000Z,1
2019-10-27T14:26:55.000Z,1
2019-10-27T15:04:03.000Z,2
2019-10-27T15:45:38.000Z,1
2019-10-27T16:12:20.000Z,1
2019-10-27T16:18:07.000Z,1
2019-10-27T16:28:26.000Z,1
2019-10-27T16:46:37.000Z,1
2019-10-27T16:59:40.000Z,1
2019-10-27T17:11:12.000Z,1
2019-10-27T17:16:05.000Z,1
2019-10-27T17:28:47.000Z,1
2019-10-27T17:33:43.000Z,1
2019-10-27T18:00:52.000Z,1
2019-10-27T19:55:10.000Z,1
2019-10-27T20:53:16.000Z,1
2019-10-27T22:57:45.000Z,1
2019-10-28T01:54:10.000Z,1
2019-10-28T05:47:44.000Z,1
2019-10-28T06:26:27.000Z,1
2019-10-28T06:59:09.000Z,1
2019-10-28T07:04:03.000Z,1
2019-10-28T07:11:47.000Z,1
2019-10-28T07:20:23.000Z,1
2019-10-28T07:43:23.000Z,1
2019-10-28T07:50:15.000Z,1
2019-10-28T07:50:57.000Z,3
2019-10-28T07:55:39.000Z,1
2019-10-28T08:35:52.000Z,2
2019-10-28T08:37:50.000Z,1
2019-10-28T08:38:03.000Z,1
2019-10-28T08:45:24.000Z,1
2019-10-28T09:09:50.000Z,1
2019-10-28T09:20:46.000Z,2
2019-10-28T11:02:40.000Z,1
2019-10-28T11:31:37.000Z,1
2019-10-28T11:32:06.000Z,2
2019-10-28T12:03:03.000Z,1
2019-10-28T12:09:15.000Z,1
2019-10-28T12:15:13.000Z,1
2019-10-28T12:42:43.000Z,1
2019-10-28T13:02:45.000Z,1
2019-10-28T13:31:44.000Z,1
2019-10-28T13:36:28.000Z,1
2019-10-28T13:56:56.000Z,1
2019-10-28T14:21:32.000Z,2
2019-10-28T14:28:45.000Z,1
2019-10-28T14:37:54.000Z,1
2019-10-28T15:48:54.000Z,1
2019-10-28T15:54:21.000Z,1
2019-10-28T15:59:04.000Z,1
2019-10-28T16:20:33.000Z,1
2019-10-28T16:32:57.000Z,1
2019-10-28T16:37:29.000Z,1
2019-10-28T16:47:56.000Z,1
2019-10-28T17:18:03.000Z,1
2019-10-28T17:47:02.000Z,1
2019-10-28T18:21:36.000Z,1
2019-10-28T18:22:57.000Z,2
2019-10-28T18:35:06.000Z,1
2019-10-28T18:40:28.000Z,1
2019-10-28T18:56:23.000Z,1
2019-10-28T19:04:07.000Z,1
2019-10-28T19:08:20.000Z,1
2019-10-28T19:32:51.000Z,2
2019-10-28T20:03:08.000Z,1
2019-10-28T22:25:41.000Z,1
2019-10-29T00:46:32.000Z,1
2019-10-29T06:17:11.000Z,1
2019-10-29T06:33:35.000Z,1
2019-10-29T06:39:08.000Z,1
2019-10-29T06:40:51.000Z,1
2019-10-29T06:41:41.000Z,1
2019-10-29T06:42:41.000Z,1
2019-10-29T06:57:28.000Z,1
2019-10-29T06:59:59.000Z,1
2019-10-29T07:18:51.000Z,1
2019-10-29T07:47:14.000Z,1
2019-10-29T07:47:36.000Z,2
2019-10-29T07:50:22.000Z,1
2019-10-29T07:50:54.000Z,1
2019-10-29T07:56:16.000Z,1
2019-10-29T08:02:00.000Z,1
2019-10-29T08:02:09.000Z,1
2019-10-29T08:15:13.000Z,1
2019-10-29T08:15:26.000Z,1
2019-10-29T08:52:44.000Z,1
2019-10-29T08:54:37.000Z,1
2019-10-29T09:14:41.000Z,1
2019-10-29T09:33:17.000Z,1
2019-10-29T09:51:17.000Z,1
2019-10-29T10:11:49.000Z,1
2019-10-29T11:44:10.000Z,1
2019-10-29T12:37:12.000Z,1
2019-10-29T13:03:14.000Z,1
2019-10-29T14:35:29.000Z,1
2019-10-29T16:15:14.000Z,1
2019-10-29T16:24:15.000Z,2
2019-10-29T16:31:28.000Z,1
2019-10-29T16:44:02.000Z,1
2019-10-29T16:58:19.000Z,1
2019-10-29T17:01:15.000Z,1
2019-10-29T17:08:08.000Z,1
2019-10-29T17:10:10.000Z,2
2019-10-29T17:10:55.000Z,2
2019-10-29T17:34:40.000Z,1
2019-10-29T17:45:01.000Z,1
2019-10-29T17:49:57.000Z,3
2019-10-29T17:50:53.000Z,1
2019-10-29T17:52:23.000Z,1
2019-10-29T17:52:53.000Z,1
2019-10-29T18:01:55.000Z,1
2019-10-29T18:03:47.000Z,1
2019-10-29T18:11:17.000Z,1
2019-10-29T18:23:45.000Z,1
2019-10-29T18:37:41.000Z,1
2019-10-29T19:06:52.000Z,1
2019-10-29T19:07:32.000Z,1
2019-10-29T19:13:53.000Z,1
2019-10-29T19:20:21.000Z,1
2019-10-29T19:22:14.000Z,2
2019-10-29T20:11:23.000Z,1
2019-10-29T20:39:09.000Z,1
2019-10-29T21:13:33.000Z,1
2019-10-29T21:27:24.000Z,1
2019-10-29T21:33:47.000Z,1
2019-10-29T22:05:45.000Z,1
2019-10-29T22:56:45.000Z,1
2019-10-30T05:26:12.000Z,1
2019-10-30T07:16:01.000Z,1
2019-10-30T09:09:01.000Z,1
2019-10-30T10:52:03.000Z,1
2019-10-30T10:55:27.000Z,1
2019-10-30T12:30:56.000Z,1
2019-10-30T12:55:13.000Z,1
2019-10-30T14:33:46.000Z,1
2019-10-30T15:07:29.000Z,1
2019-10-30T15:14:19.000Z,1
2019-10-30T15:49:26.000Z,1
2019-10-30T15:58:46.000Z,1
2019-10-30T16:31:52.000Z,1
2019-10-30T16:47:53.000Z,1
2019-10-30T16:54:24.000Z,1
2019-10-30T17:01:03.000Z,1
2019-10-30T17:07:29.000Z,1
2019-10-30T17:18:50.000Z,1
2019-10-30T17:35:51.000Z,1
2019-10-30T17:37:50.000Z,1
2019-10-30T17:45:30.000Z,1
2019-10-30T17:49:43.000Z,1
2019-10-30T18:09:54.000Z,1
2019-10-30T18:46:42.000Z,1
2019-10-30T18:52:36.000Z,1
2019-10-24T07:45:23.000Z,2
2019-10-24T07:51:04.000Z,2
2019-10-24T07:59:15.000Z,1
2019-10-24T08:32:04.000Z,1
2019-10-24T08:33:44.000Z,1
2019-10-24T08:37:34.000Z,3
2019-10-24T08:38:10.000Z,1
2019-10-24T08:45:19.000Z,1
2019-10-24T09:03:33.000Z,1
2019-10-24T10:49:53.000Z,1
2019-10-24T12:09:52.000Z,1
2019-10-24T14:03:29.000Z,2
2019-10-24T14:30:03.000Z,2
2019-10-24T14:35:30.000Z,1
2019-10-24T16:41:09.000Z,1
2019-10-24T16:44:20.000Z,1
2019-10-24T17:07:39.000Z,1
2019-10-24T17:36:27.000Z,1
2019-10-24T17:54:11.000Z,1
2019-10-24T13:01:34.000Z,1
2019-10-24T13:32:36.000Z,1
2019-10-24T14:32:45.000Z,1
2019-10-24T17:02:53.000Z,1
2019-10-24T17:12:54.000Z,1
2019-10-24T17:19:40.000Z,1
2019-10-24T17:26:18.000Z,1
2019-10-24T17:30:29.000Z,2
2019-10-24T17:47:31.000Z,1
2019-10-24T17:49:00.000Z,1
2019-10-24T17:57:34.000Z,1
2019-10-24T18:11:46.000Z,1
2019-10-24T18:45:30.000Z,1
2019-10-24T18:58:00.000Z,1
2019-10-24T19:10:44.000Z,1
2019-10-24T19:15:21.000Z,1
2019-10-24T20:05:14.000Z,1
2019-10-24T20:06:24.000Z,1
2019-10-24T20:27:30.000Z,1
2019-10-24T20:42:28.000Z,1
2019-10-24T20:54:12.000Z,1
2019-10-24T21:51:37.000Z,1
2019-10-24T23:35:35.000Z,1
2019-10-25T02:05:50.000Z,1
2019-10-25T05:32:03.000Z,1
2019-10-25T05:40:35.000Z,1
2019-10-25T06:34:35.000Z,1
2019-10-25T06:38:31.000Z,1
2019-10-25T06:43:31.000Z,1
2019-10-25T07:00:01.000Z,1
2019-10-25T07:32:37.000Z,1
2019-10-25T07:38:22.000Z,1
2019-10-25T07:47:54.000Z,1
2019-10-25T07:49:31.000Z,2
2019-10-25T07:59:42.000Z,1
2019-10-25T08:00:35.000Z,1
2019-10-25T08:02:23.000Z,2
2019-10-25T08:11:23.000Z,1
2019-10-25T08:16:48.000Z,1
2019-10-25T08:16:49.000Z,1
2019-10-25T08:25:05.000Z,1
2019-10-25T08:34:07.000Z,1
2019-10-25T08:34:41.000Z,1
2019-10-25T08:38:51.000Z,1
2019-10-25T08:40:15.000Z,1
2019-10-25T08:44:07.000Z,1
2019-10-25T09:02:34.000Z,1
2019-10-25T09:11:13.000Z,1
2019-10-25T09:29:55.000Z,1
2019-10-25T09:37:26.000Z,1
2019-10-25T09:52:00.000Z,1
2019-10-25T10:03:21.000Z,1
2019-10-25T11:27:57.000Z,1
2019-10-25T11:37:01.000Z,1
2019-10-25T11:44:54.000Z,1
2019-10-25T12:00:24.000Z,1
2019-10-25T12:28:24.000Z,2
2019-10-25T12:40:51.000Z,1
2019-10-25T13:23:57.000Z,1
2019-10-25T13:26:22.000Z,1
2019-10-25T13:37:29.000Z,1
2019-10-25T14:03:37.000Z,1
2019-10-25T14:16:05.000Z,1
2019-10-25T14:39:03.000Z,1
2019-10-25T14:39:42.000Z,1
2019-10-25T14:54:18.000Z,1
2019-10-25T15:32:58.000Z,1
2019-10-25T15:44:50.000Z,1
2019-10-25T15:59:37.000Z,1
2019-10-25T16:27:09.000Z,2
2019-10-25T16:36:28.000Z,1
2019-10-25T16:37:27.000Z,1
2019-10-25T17:19:28.000Z,1
2019-10-25T17:25:16.000Z,1
2019-10-25T18:04:58.000Z,1
2019-10-25T18:08:59.000Z,1
2019-10-25T18:09:10.000Z,1
2019-10-25T18:24:48.000Z,1
2019-10-25T18:29:12.000Z,1
2019-10-25T18:33:57.000Z,1
2019-10-25T19:03:30.000Z,1
2019-10-25T19:08:37.000Z,1
2019-10-25T19:22:26.000Z,1
2019-10-25T19:22:52.000Z,1
2019-10-25T20:08:54.000Z,1
2019-10-26T08:08:07.000Z,1
2019-10-26T08:46:13.000Z,1
2019-10-26T09:33:46.000Z,1
2019-10-26T09:37:20.000Z,1
2019-10-26T10:32:23.000Z,1
2019-10-26T11:18:07.000Z,1
2019-10-26T11:25:33.000Z,1
2019-10-26T11:42:36.000Z,1
2019-10-26T12:04:54.000Z,1
2019-10-26T13:17:23.000Z,1
2019-10-26T15:19:34.000Z,1
2019-10-27T08:56:12.000Z,1
2019-10-27T09:24:34.000Z,1
2019-10-27T09:52:06.000Z,1
2019-10-27T10:43:16.000Z,1
2019-10-27T11:06:16.000Z,1
2019-10-27T11:11:42.000Z,1
2019-10-27T11:50:37.000Z,1
2019-10-27T11:55:55.000Z,1
2019-10-27T12:23:18.000Z,1
2019-10-27T12:49:54.000Z,1
2019-10-27T13:04:56.000Z,1
2019-10-27T13:07:17.000Z,1
2019-10-27T13:10:22.000Z,1
2019-10-27T13:12:27.000Z,1
2019-10-27T13:28:54.000Z,2
2019-10-27T13:45:35.000Z,2
2019-10-27T13:52:04.000Z,1
2019-10-27T13:55:54.000Z,1
2019-10-27T14:08:25.000Z,2
2019-10-27T14:17:39.000Z,2
2019-10-27T14:17:44.000Z,1
2019-10-27T15:04:22.000Z,1
2019-10-27T15:29:39.000Z,1
2019-10-27T15:31:58.000Z,1
2019-10-27T15:38:12.000Z,1
2019-10-27T15:48:52.000Z,2
2019-10-27T16:03:00.000Z,1
2019-10-27T16:45:14.000Z,1
2019-10-27T16:54:31.000Z,1
2019-10-27T16:56:53.000Z,1
2019-10-27T17:32:25.000Z,1
2019-10-27T17:36:51.000Z,1
2019-10-27T17:39:14.000Z,1
2019-10-27T18:10:32.000Z,1
2019-10-27T18:13:19.000Z,1
2019-10-27T18:40:27.000Z,1
2019-10-27T18:59:40.000Z,1
2019-10-27T19:34:46.000Z,1
2019-10-27T19:38:04.000Z,1
2019-10-27T19:40:43.000Z,1
2019-10-27T20:44:45.000Z,1
2019-10-27T22:12:14.000Z,1
2019-10-28T05:36:57.000Z,2
2019-10-28T06:37:19.000Z,1
2019-10-28T06:59:52.000Z,1
2019-10-28T07:03:44.000Z,1
2019-10-28T07:04:47.000Z,1
2019-10-28T07:09:53.000Z,1
2019-10-28T07:13:03.000Z,1
2019-10-28T07:17:30.000Z,1
2019-10-28T07:42:28.000Z,1
2019-10-28T07:51:57.000Z,2
2019-10-28T07:59:28.000Z,1
2019-10-28T08:05:32.000Z,2
2019-10-28T08:13:49.000Z,1
2019-10-28T08:20:23.000Z,2
2019-10-28T08:21:58.000Z,1
2019-10-28T08:26:38.000Z,1
2019-10-28T08:28:31.000Z,1
2019-10-28T08:30:11.000Z,1
2019-10-28T08:35:22.000Z,1
2019-10-28T08:37:23.000Z,1
2019-10-28T08:54:31.000Z,1
2019-10-28T09:11:52.000Z,1
2019-10-28T09:49:30.000Z,1
2019-10-28T10:44:53.000Z,1
2019-10-28T10:56:04.000Z,1
2019-10-28T11:43:22.000Z,1
2019-10-28T12:23:42.000Z,1
2019-10-28T12:39:32.000Z,1
2019-10-28T12:49:05.000Z,1
2019-10-28T13:03:33.000Z,1
2019-10-28T13:38:18.000Z,1
2019-10-28T14:34:31.000Z,1
2019-10-28T14:35:40.000Z,1
2019-10-28T14:54:05.000Z,1
2019-10-28T15:08:28.000Z,2
2019-10-28T16:01:05.000Z,1
2019-10-28T16:02:21.000Z,2
2019-10-28T16:04:19.000Z,1
2019-10-28T16:08:47.000Z,1
2019-10-28T16:16:28.000Z,2
2019-10-28T16:39:00.000Z,1
2019-10-28T17:05:16.000Z,1
2019-10-28T17:05:24.000Z,1
2019-10-28T17:13:30.000Z,1
2019-10-28T17:21:07.000Z,1
2019-10-28T17:27:01.000Z,2
2019-10-28T17:29:54.000Z,2
2019-10-28T17:44:47.000Z,1
2019-10-28T17:51:37.000Z,1
2019-10-28T17:57:39.000Z,1
2019-10-28T18:18:11.000Z,1
2019-10-28T18:28:01.000Z,1
2019-10-28T18:32:48.000Z,1
2019-10-28T18:36:57.000Z,1
2019-10-28T19:10:54.000Z,1
2019-10-28T19:20:16.000Z,2
2019-10-28T19:52:15.000Z,1
2019-10-29T05:25:25.000Z,1
2019-10-29T06:43:15.000Z,1
2019-10-29T06:57:24.000Z,1
2019-10-29T08:13:58.000Z,1
2019-10-29T08:26:55.000Z,2
2019-10-29T08:27:52.000Z,1
2019-10-29T08:41:57.000Z,1
2019-10-29T08:52:10.000Z,1
2019-10-29T10:54:08.000Z,1
2019-10-29T11:17:22.000Z,1
2019-10-29T11:23:41.000Z,1
2019-10-29T12:45:24.000Z,1
2019-10-29T13:33:16.000Z,1
2019-10-29T13:40:12.000Z,1
2019-10-29T14:03:50.000Z,1
2019-10-29T14:09:40.000Z,1
2019-10-29T14:56:16.000Z,1
2019-10-29T15:33:58.000Z,1
2019-10-29T16:07:01.000Z,1
2019-10-29T16:09:19.000Z,1
2019-10-29T17:28:44.000Z,1
2019-10-29T17:32:48.000Z,1
2019-10-29T17:36:26.000Z,1
2019-10-29T17:37:54.000Z,2
2019-10-29T18:07:38.000Z,1
2019-10-29T18:09:31.000Z,1
2019-10-29T18:17:29.000Z,2
2019-10-29T18:20:54.000Z,1
2019-10-29T19:11:05.000Z,2
2019-10-29T19:19:02.000Z,1
2019-10-29T19:37:49.000Z,1
2019-10-29T19:43:26.000Z,1
2019-10-29T20:36:23.000Z,1
2019-10-29T20:41:51.000Z,1
2019-10-29T20:54:12.000Z,1
2019-10-29T21:21:50.000Z,1
2019-10-29T22:04:38.000Z,1
2019-10-29T23:40:02.000Z,1
2019-10-30T06:46:44.000Z,1
2019-10-30T07:16:27.000Z,1
2019-10-30T08:54:35.000Z,1
2019-10-30T09:10:18.000Z,1
2019-10-30T09:39:22.000Z,1
2019-10-30T11:26:35.000Z,1
2019-10-30T12:54:40.000Z,1
2019-10-30T12:57:07.000Z,1
2019-10-30T13:37:21.000Z,1
2019-10-30T15:55:39.000Z,1
2019-10-30T16:17:15.000Z,1
2019-10-30T16:53:18.000Z,2
2019-10-30T17:46:13.000Z,1
2019-10-30T17:55:03.000Z,1
2019-10-30T17:59:45.000Z,1
2019-10-30T18:03:13.000Z,1
2019-10-30T18:08:57.000Z,1
2019-10-24T07:37:48.000Z,1
2019-10-24T07:50:42.000Z,1
2019-10-24T08:02:57.000Z,1
2019-10-24T08:08:10.000Z,1
2019-10-24T08:19:37.000Z,1
2019-10-24T08:20:13.000Z,1
2019-10-24T08:23:53.000Z,1
2019-10-24T08:27:06.000Z,2
2019-10-24T08:29:58.000Z,1
2019-10-24T08:40:16.000Z,2
2019-10-24T08:46:35.000Z,1
2019-10-24T09:18:55.000Z,2
2019-10-24T10:02:36.000Z,1
2019-10-24T10:19:21.000Z,1
2019-10-24T10:33:31.000Z,1
2019-10-24T11:03:33.000Z,1
2019-10-24T11:48:15.000Z,1
2019-10-24T12:24:06.000Z,2
2019-10-24T12:33:30.000Z,1
2019-10-24T13:16:14.000Z,1
2019-10-24T14:08:59.000Z,1
2019-10-24T15:47:43.000Z,1
2019-10-24T17:28:51.000Z,1
2019-10-24T10:08:19.000Z,1
2019-10-24T10:58:47.000Z,1
2019-10-24T12:49:29.000Z,1
2019-10-24T13:37:50.000Z,1
2019-10-24T15:16:09.000Z,1
2019-10-24T16:09:37.000Z,1
2019-10-24T16:38:37.000Z,1
2019-10-24T16:51:31.000Z,1
2019-10-24T17:06:18.000Z,1
2019-10-24T17:08:47.000Z,1
2019-10-24T17:10:10.000Z,1
2019-10-24T17:11:21.000Z,3
2019-10-24T17:26:33.000Z,1
2019-10-24T17:32:20.000Z,1
2019-10-24T17:34:21.000Z,1
2019-10-24T17:53:28.000Z,1
2019-10-24T17:56:16.000Z,1
2019-10-24T17:57:42.000Z,1
2019-10-24T18:06:48.000Z,1
2019-10-24T18:15:07.000Z,1
2019-10-24T18:19:03.000Z,2
2019-10-24T18:42:46.000Z,1
2019-10-24T20:34:36.000Z,1
2019-10-24T20:36:39.000Z,1
2019-10-24T21:03:11.000Z,1
2019-10-24T21:15:12.000Z,1
2019-10-24T21:59:09.000Z,1
2019-10-24T22:17:57.000Z,1
2019-10-25T05:32:37.000Z,1
2019-10-25T06:40:05.000Z,1
2019-10-25T06:54:26.000Z,1
2019-10-25T07:22:30.000Z,1
2019-10-25T07:42:35.000Z,2
2019-10-25T07:44:44.000Z,1
2019-10-25T07:58:37.000Z,1
2019-10-25T08:07:07.000Z,1
2019-10-25T08:15:00.000Z,1
2019-10-25T08:23:02.000Z,1
2019-10-25T08:32:22.000Z,1
2019-10-25T08:37:41.000Z,1
2019-10-25T09:28:26.000Z,1
2019-10-25T09:33:12.000Z,1
2019-10-25T09:45:54.000Z,1
2019-10-25T10:09:15.000Z,1
2019-10-25T10:12:59.000Z,1
2019-10-25T10:42:25.000Z,1
2019-10-25T11:28:14.000Z,1
2019-10-25T11:32:38.000Z,1
2019-10-25T12:10:06.000Z,2
2019-10-25T13:25:56.000Z,1
2019-10-25T13:29:44.000Z,1
2019-10-25T13:46:53.000Z,1
2019-10-25T14:36:10.000Z,1
2019-10-25T14:54:36.000Z,1
2019-10-25T14:58:05.000Z,1
2019-10-25T15:06:45.000Z,1
2019-10-25T15:41:48.000Z,1
2019-10-25T15:45:19.000Z,1
2019-10-25T16:14:36.000Z,1
2019-10-25T16:14:49.000Z,1
2019-10-25T16:38:00.000Z,1
2019-10-25T17:12:20.000Z,1
2019-10-25T17:16:20.000Z,1
2019-10-25T17:17:07.000Z,1
2019-10-25T17:28:16.000Z,1
2019-10-25T17:34:04.000Z,1
2019-10-25T17:34:49.000Z,1
2019-10-25T17:39:52.000Z,1
2019-10-25T18:55:07.000Z,1
2019-10-25T18:58:34.000Z,1
2019-10-25T19:59:43.000Z,1
2019-10-25T21:26:17.000Z,1
2019-10-26T00:39:04.000Z,2
2019-10-26T03:17:48.000Z,1
2019-10-26T07:36:20.000Z,1
2019-10-26T08:28:47.000Z,1
2019-10-26T08:42:53.000Z,1
2019-10-26T09:45:03.000Z,1
2019-10-26T10:02:52.000Z,1
2019-10-26T10:32:39.000Z,1
2019-10-26T10:35:13.000Z,1
2019-10-26T10:40:14.000Z,1
2019-10-26T11:13:21.000Z,1
2019-10-26T11:18:08.000Z,2
2019-10-26T11:31:53.000Z,1
2019-10-26T12:10:07.000Z,1
2019-10-26T12:48:21.000Z,1
2019-10-26T15:48:36.000Z,1
2019-10-26T16:29:47.000Z,1
2019-10-27T02:27:01.000Z,2
2019-10-27T05:23:30.000Z,1
2019-10-27T08:30:55.000Z,1
2019-10-27T08:46:28.000Z,1
2019-10-27T09:12:41.000Z,1
2019-10-27T10:12:17.000Z,1
2019-10-27T10:27:58.000Z,1
2019-10-27T11:05:32.000Z,1
2019-10-27T11:25:16.000Z,1
2019-10-27T11:43:22.000Z,1
2019-10-27T12:21:03.000Z,1
2019-10-27T13:18:12.000Z,1
2019-10-27T13:29:18.000Z,1
2019-10-27T13:35:02.000Z,1
2019-10-27T13:36:46.000Z,1
2019-10-27T13:56:04.000Z,1
2019-10-27T14:13:14.000Z,1
2019-10-27T14:55:41.000Z,1
2019-10-27T15:03:01.000Z,1
2019-10-27T15:08:29.000Z,1
2019-10-27T15:15:55.000Z,2
2019-10-27T15:25:41.000Z,4
2019-10-27T15:29:07.000Z,1
2019-10-27T15:55:43.000Z,2
2019-10-27T15:57:21.000Z,1
2019-10-27T15:58:02.000Z,1
2019-10-27T16:06:56.000Z,1
2019-10-27T16:36:22.000Z,1
2019-10-27T16:42:59.000Z,1
2019-10-27T16:45:40.000Z,1
2019-10-27T16:46:10.000Z,1
2019-10-27T16:49:51.000Z,1
2019-10-27T16:52:36.000Z,1
2019-10-27T16:57:52.000Z,1
2019-10-27T17:36:56.000Z,1
2019-10-27T19:01:29.000Z,1
2019-10-27T19:12:39.000Z,1
2019-10-27T19:22:35.000Z,2
2019-10-27T19:51:50.000Z,1
2019-10-27T19:52:09.000Z,1
2019-10-27T21:48:14.000Z,1
2019-10-27T21:57:27.000Z,1
2019-10-28T00:14:03.000Z,1
2019-10-28T02:37:06.000Z,1
2019-10-28T05:27:09.000Z,1
2019-10-28T06:44:09.000Z,1
2019-10-28T07:00:29.000Z,1
2019-10-28T07:28:50.000Z,1
2019-10-28T07:29:47.000Z,1
2019-10-28T07:30:34.000Z,1
2019-10-28T07:44:11.000Z,1
2019-10-28T07:50:18.000Z,1
2019-10-28T07:58:19.000Z,1
2019-10-28T07:58:48.000Z,2
2019-10-28T07:59:04.000Z,1
2019-10-28T08:05:14.000Z,1
2019-10-28T08:13:36.000Z,1
2019-10-28T08:19:28.000Z,1
2019-10-28T08:56:04.000Z,1
2019-10-28T09:02:03.000Z,1
2019-10-28T09:30:03.000Z,1
2019-10-28T10:14:47.000Z,1
2019-10-28T10:25:41.000Z,1
2019-10-28T10:48:16.000Z,1
2019-10-28T11:29:36.000Z,1
2019-10-28T11:40:29.000Z,1
2019-10-28T12:15:46.000Z,1
2019-10-28T14:18:54.000Z,1
2019-10-28T14:50:26.000Z,1
2019-10-28T14:56:41.000Z,1
2019-10-28T15:14:01.000Z,1
2019-10-28T15:34:55.000Z,1
2019-10-28T16:18:48.000Z,1
2019-10-28T16:28:26.000Z,1
2019-10-28T16:43:58.000Z,1
2019-10-28T16:44:19.000Z,1
2019-10-28T16:51:36.000Z,2
2019-10-28T16:58:50.000Z,1
2019-10-28T17:06:21.000Z,2
2019-10-28T17:07:48.000Z,1
2019-10-28T17:22:27.000Z,1
2019-10-28T17:40:33.000Z,1
2019-10-28T17:51:23.000Z,1
2019-10-28T17:54:32.000Z,1
2019-10-28T18:25:06.000Z,1
2019-10-28T19:02:15.000Z,1
2019-10-28T19:09:55.000Z,1
2019-10-28T19:20:14.000Z,1
2019-10-28T19:24:51.000Z,1
2019-10-28T20:23:59.000Z,1
2019-10-28T21:17:27.000Z,1
2019-10-29T04:14:52.000Z,1
2019-10-29T06:11:39.000Z,1
2019-10-29T07:03:55.000Z,1
2019-10-29T07:15:56.000Z,1
2019-10-29T07:37:53.000Z,1
2019-10-29T08:01:35.000Z,1
2019-10-29T08:38:43.000Z,1
2019-10-29T08:44:50.000Z,1
2019-10-29T08:49:44.000Z,4
2019-10-29T08:57:08.000Z,1
2019-10-29T09:29:14.000Z,2
2019-10-29T09:38:36.000Z,1
2019-10-29T11:38:53.000Z,1
2019-10-29T12:02:01.000Z,1
2019-10-29T13:41:21.000Z,1
2019-10-29T13:47:05.000Z,1
2019-10-29T15:01:41.000Z,1
2019-10-29T15:57:41.000Z,1
2019-10-29T16:02:34.000Z,1
2019-10-29T16:10:06.000Z,1
2019-10-29T16:41:45.000Z,1
2019-10-29T16:43:52.000Z,1
2019-10-29T16:53:14.000Z,1
2019-10-29T17:01:35.000Z,1
2019-10-29T17:03:43.000Z,1
2019-10-29T17:15:30.000Z,2
2019-10-29T17:16:06.000Z,1
2019-10-29T17:16:57.000Z,2
2019-10-29T17:24:52.000Z,2
2019-10-29T17:47:38.000Z,1
2019-10-29T18:14:08.000Z,1
2019-10-29T18:14:54.000Z,1
2019-10-29T18:42:16.000Z,1
2019-10-29T18:52:25.000Z,1
2019-10-29T19:38:32.000Z,1
2019-10-29T20:22:37.000Z,1
2019-10-29T20:30:20.000Z,1
2019-10-29T21:27:52.000Z,1
2019-10-29T23:36:47.000Z,1
2019-10-29T23:38:52.000Z,1
2019-10-30T00:07:07.000Z,1
2019-10-30T06:01:38.000Z,1
2019-10-30T06:48:29.000Z,1
2019-10-30T07:53:45.000Z,1
2019-10-30T08:31:46.000Z,1
2019-10-30T09:22:07.000Z,1
2019-10-30T09:36:09.000Z,1
2019-10-30T10:21:40.000Z,1
2019-10-30T13:19:47.000Z,1
2019-10-30T13:22:52.000Z,1
2019-10-30T14:06:21.000Z,1
2019-10-30T16:23:35.000Z,1
2019-10-30T16:55:29.000Z,1
2019-10-30T17:04:21.000Z,1
2019-10-30T17:18:36.000Z,1
2019-10-30T17:25:14.000Z,2
2019-10-30T17:26:39.000Z,1
2019-10-30T17:35:18.000Z,1
2019-10-30T17:37:09.000Z,1
2019-10-30T17:42:59.000Z,1
2019-10-30T17:46:17.000Z,1
2019-10-30T18:00:52.000Z,1
2019-10-30T18:37:13.000Z,1
2019-10-30T18:45:03.000Z,1
2019-10-24T07:34:01.000Z,1
2019-10-24T07:48:55.000Z,2
2019-10-24T07:52:49.000Z,1
2019-10-24T07:58:35.000Z,1
2019-10-24T08:04:50.000Z,1
2019-10-24T08:04:43.000Z,1
2019-10-24T08:08:00.000Z,1
2019-10-24T08:14:30.000Z,1
2019-10-24T08:15:03.000Z,1
2019-10-24T08:22:21.000Z,1
2019-10-24T08:31:44.000Z,1
2019-10-24T08:59:52.000Z,1
2019-10-24T09:50:42.000Z,1
2019-10-24T10:09:48.000Z,1
2019-10-24T10:26:40.000Z,1
2019-10-24T10:27:20.000Z,1
2019-10-24T10:36:48.000Z,1
2019-10-24T11:45:57.000Z,1
2019-10-24T11:55:43.000Z,1
2019-10-24T12:06:58.000Z,1
2019-10-24T13:53:44.000Z,1
2019-10-24T14:51:07.000Z,1
2019-10-24T15:45:05.000Z,1
2019-10-24T19:24:05.000Z,1
2019-10-24T21:37:11.000Z,1
2019-10-24T12:26:11.000Z,1
2019-10-24T12:32:20.000Z,1
2019-10-24T12:34:28.000Z,1
2019-10-24T13:04:58.000Z,1
2019-10-24T13:33:57.000Z,1
2019-10-24T13:53:33.000Z,1
2019-10-24T13:59:51.000Z,1
2019-10-24T14:50:08.000Z,1
2019-10-24T15:34:55.000Z,2
2019-10-24T16:24:45.000Z,3
2019-10-24T16:28:22.000Z,1
2019-10-24T16:28:59.000Z,1
2019-10-24T16:39:38.000Z,1
2019-10-24T16:44:23.000Z,1
2019-10-24T17:05:43.000Z,1
2019-10-24T17:12:40.000Z,1
2019-10-24T17:26:55.000Z,1
2019-10-24T17:57:12.000Z,1
2019-10-24T18:02:46.000Z,1
2019-10-24T18:44:01.000Z,1
2019-10-24T18:45:27.000Z,1
2019-10-24T18:53:00.000Z,1
2019-10-24T18:57:33.000Z,1
2019-10-24T19:46:21.000Z,1
2019-10-24T19:53:02.000Z,1
2019-10-24T20:09:36.000Z,1
2019-10-24T20:38:42.000Z,1
2019-10-24T20:38:59.000Z,1
2019-10-24T21:03:17.000Z,1
2019-10-24T21:35:11.000Z,1
2019-10-24T21:52:11.000Z,1
2019-10-24T22:05:41.000Z,1
2019-10-25T07:08:02.000Z,1
2019-10-25T07:14:07.000Z,1
2019-10-25T07:28:17.000Z,2
2019-10-25T07:31:42.000Z,1
2019-10-25T07:37:15.000Z,1
2019-10-25T07:44:51.000Z,1
2019-10-25T07:58:55.000Z,1
2019-10-25T07:59:06.000Z,1
2019-10-25T08:22:36.000Z,1
2019-10-25T08:24:30.000Z,2
2019-10-25T08:26:10.000Z,1
2019-10-25T08:28:57.000Z,1
2019-10-25T08:29:17.000Z,1
2019-10-25T08:45:29.000Z,1
2019-10-25T09:38:44.000Z,1
2019-10-25T09:48:26.000Z,1
2019-10-25T09:59:43.000Z,1
2019-10-25T10:23:17.000Z,1
2019-10-25T10:27:43.000Z,1
2019-10-25T10:52:02.000Z,1
2019-10-25T11:05:00.000Z,1
2019-10-25T11:23:48.000Z,1
2019-10-25T11:34:21.000Z,1
2019-10-25T11:55:07.000Z,2
2019-10-25T12:33:52.000Z,1
2019-10-25T12:39:25.000Z,1
2019-10-25T12:45:06.000Z,1
2019-10-25T13:31:31.000Z,2
2019-10-25T13:46:48.000Z,1
2019-10-25T14:08:52.000Z,2
2019-10-25T14:18:58.000Z,1
2019-10-25T14:36:19.000Z,1
2019-10-25T14:59:01.000Z,1
2019-10-25T15:15:02.000Z,1
2019-10-25T15:45:56.000Z,1
2019-10-25T15:47:12.000Z,1
2019-10-25T15:50:13.000Z,1
2019-10-25T16:05:24.000Z,1
2019-10-25T16:41:18.000Z,1
2019-10-25T16:48:23.000Z,1
2019-10-25T16:59:47.000Z,1
2019-10-25T17:36:19.000Z,1
2019-10-25T17:46:39.000Z,3
2019-10-25T17:54:31.000Z,1
2019-10-25T18:13:21.000Z,2
2019-10-25T18:17:10.000Z,1
2019-10-25T18:23:18.000Z,1
2019-10-25T18:27:19.000Z,1
2019-10-25T18:55:26.000Z,1
2019-10-25T21:38:08.000Z,1
2019-10-25T22:15:53.000Z,1
2019-10-25T22:21:02.000Z,1
2019-10-26T00:15:02.000Z,1
2019-10-26T07:55:40.000Z,1
2019-10-26T08:23:17.000Z,1
2019-10-26T08:41:11.000Z,1
2019-10-26T08:49:49.000Z,1
2019-10-26T08:49:52.000Z,1
2019-10-26T09:40:40.000Z,1
2019-10-26T10:36:49.000Z,1
2019-10-26T10:41:34.000Z,1
2019-10-26T11:17:08.000Z,2
2019-10-26T12:26:36.000Z,1
2019-10-26T12:41:32.000Z,1
2019-10-26T14:51:35.000Z,1
2019-10-26T14:52:16.000Z,1
2019-10-26T16:24:46.000Z,1
2019-10-26T22:26:14.000Z,1
2019-10-26T23:40:27.000Z,1
2019-10-27T04:15:05.000Z,1
2019-10-27T04:58:52.000Z,1
2019-10-27T07:49:27.000Z,1
2019-10-27T08:28:41.000Z,1
2019-10-27T08:46:04.000Z,1
2019-10-27T09:22:32.000Z,1
2019-10-27T10:06:15.000Z,1
2019-10-27T10:30:20.000Z,1
2019-10-27T11:06:51.000Z,1
2019-10-27T12:01:14.000Z,1
2019-10-27T12:13:45.000Z,1
2019-10-27T12:28:09.000Z,1
2019-10-27T12:35:47.000Z,2
2019-10-27T12:43:44.000Z,1
2019-10-27T13:18:10.000Z,1
2019-10-27T13:41:13.000Z,1
2019-10-27T13:41:51.000Z,1
2019-10-27T13:47:45.000Z,1
2019-10-27T13:49:35.000Z,1
2019-10-27T14:01:10.000Z,1
2019-10-27T14:12:16.000Z,1
2019-10-27T14:17:50.000Z,1
2019-10-27T14:42:19.000Z,1
2019-10-27T15:14:46.000Z,1
2019-10-27T15:27:11.000Z,2
2019-10-27T15:38:07.000Z,1
2019-10-27T15:53:31.000Z,1
2019-10-27T16:08:16.000Z,1
2019-10-27T16:23:12.000Z,1
2019-10-27T16:41:48.000Z,1
2019-10-27T17:18:44.000Z,1
2019-10-27T17:21:03.000Z,2
2019-10-27T17:27:41.000Z,2
2019-10-27T17:39:31.000Z,1
2019-10-27T17:44:51.000Z,1
2019-10-27T18:01:05.000Z,1
2019-10-27T18:12:16.000Z,1
2019-10-27T18:13:33.000Z,1
2019-10-27T18:17:12.000Z,1
2019-10-27T18:34:37.000Z,1
2019-10-27T18:40:09.000Z,2
2019-10-27T18:48:59.000Z,1
2019-10-27T18:58:04.000Z,1
2019-10-27T19:14:17.000Z,1
2019-10-27T19:17:43.000Z,1
2019-10-27T20:27:59.000Z,1
2019-10-27T22:12:07.000Z,1
2019-10-27T22:24:32.000Z,1
2019-10-28T00:21:42.000Z,1
2019-10-28T05:14:13.000Z,1
2019-10-28T07:05:42.000Z,1
2019-10-28T07:20:00.000Z,1
2019-10-28T07:25:59.000Z,1
2019-10-28T07:26:49.000Z,1
2019-10-28T07:47:00.000Z,1
2019-10-28T07:48:55.000Z,1
2019-10-28T08:19:19.000Z,1
2019-10-28T08:27:50.000Z,1
2019-10-28T08:30:51.000Z,1
2019-10-28T08:58:34.000Z,1
2019-10-28T09:05:54.000Z,2
2019-10-28T09:30:52.000Z,1
2019-10-28T10:03:58.000Z,1
2019-10-28T10:21:19.000Z,1
2019-10-28T10:57:39.000Z,1
2019-10-28T12:14:28.000Z,1
2019-10-28T12:21:27.000Z,1
2019-10-28T12:26:28.000Z,1
2019-10-28T12:45:54.000Z,1
2019-10-28T13:07:07.000Z,1
2019-10-28T13:11:21.000Z,1
2019-10-28T13:33:05.000Z,1
2019-10-28T13:35:01.000Z,1
2019-10-28T15:13:57.000Z,1
2019-10-28T15:48:58.000Z,1
2019-10-28T15:50:21.000Z,1
2019-10-28T15:57:38.000Z,1
2019-10-28T15:57:54.000Z,1
2019-10-28T16:32:42.000Z,1
2019-10-28T16:52:11.000Z,2
2019-10-28T17:06:08.000Z,1
2019-10-28T17:15:12.000Z,2
2019-10-28T17:15:53.000Z,2
2019-10-28T17:22:20.000Z,1
2019-10-28T17:22:32.000Z,2
2019-10-28T17:29:31.000Z,1
2019-10-28T17:31:36.000Z,1
2019-10-28T17:32:53.000Z,1
2019-10-28T17:37:06.000Z,1
2019-10-28T18:15:56.000Z,1
2019-10-28T18:33:46.000Z,1
2019-10-28T18:38:43.000Z,1
2019-10-28T18:52:08.000Z,1
2019-10-28T18:54:04.000Z,1
2019-10-28T18:56:59.000Z,1
2019-10-28T18:57:45.000Z,1
2019-10-28T21:35:53.000Z,1
2019-10-29T05:59:39.000Z,1
2019-10-29T06:48:56.000Z,2
2019-10-29T07:17:48.000Z,1
2019-10-29T07:32:49.000Z,1
2019-10-29T07:35:33.000Z,1
2019-10-29T08:21:03.000Z,1
2019-10-29T08:22:07.000Z,1
2019-10-29T08:29:46.000Z,1
2019-10-29T08:44:11.000Z,1
2019-10-29T08:45:40.000Z,1
2019-10-29T08:49:28.000Z,1
2019-10-29T08:57:06.000Z,1
2019-10-29T09:24:08.000Z,1
2019-10-29T09:27:10.000Z,1
2019-10-29T10:52:32.000Z,1
2019-10-29T10:56:52.000Z,1
2019-10-29T11:43:27.000Z,1
2019-10-29T12:09:31.000Z,1
2019-10-29T12:38:07.000Z,1
2019-10-29T12:45:29.000Z,1
2019-10-29T13:00:36.000Z,2
2019-10-29T14:07:29.000Z,1
2019-10-29T15:42:47.000Z,1
2019-10-29T15:58:00.000Z,1
2019-10-29T16:10:58.000Z,1
2019-10-29T16:21:16.000Z,1
2019-10-29T16:22:03.000Z,1
2019-10-29T17:04:40.000Z,1
2019-10-29T17:13:40.000Z,2
2019-10-29T17:17:03.000Z,1
2019-10-29T17:22:25.000Z,1
2019-10-29T17:28:10.000Z,1
2019-10-29T17:30:28.000Z,2
2019-10-29T17:53:30.000Z,2
2019-10-29T18:05:36.000Z,1
2019-10-29T18:06:45.000Z,1
2019-10-29T18:07:11.000Z,1
2019-10-29T18:19:29.000Z,1
2019-10-29T18:22:13.000Z,1
2019-10-29T18:52:17.000Z,1
2019-10-29T22:30:54.000Z,1
2019-10-30T07:50:05.000Z,1
2019-10-30T07:52:35.000Z,1
2019-10-30T08:07:27.000Z,1
2019-10-30T08:33:21.000Z,1
2019-10-30T08:41:16.000Z,1
2019-10-30T08:48:06.000Z,1
2019-10-30T13:54:35.000Z,1
2019-10-30T15:07:33.000Z,1
2019-10-30T16:49:42.000Z,1
2019-10-30T17:15:25.000Z,1
2019-10-30T17:16:27.000Z,1
2019-10-30T17:19:16.000Z,1
2019-10-30T17:31:22.000Z,1
2019-10-30T17:42:54.000Z,1
2019-10-30T17:49:07.000Z,1
2019-10-30T17:57:39.000Z,1
2019-10-30T18:16:02.000Z,1
2019-10-30T18:24:59.000Z,1
2019-10-30T18:25:17.000Z,1
2019-10-30T18:51:38.000Z,1
2019-10-30T18:55:08.000Z,1
2019-10-24T07:36:40.000Z,1
2019-10-24T08:12:41.000Z,2
2019-10-24T09:30:54.000Z,1
2019-10-24T09:39:34.000Z,1
2019-10-24T09:43:11.000Z,1
2019-10-24T10:33:06.000Z,1
2019-10-24T10:52:40.000Z,1
2019-10-24T15:06:54.000Z,1
2019-10-24T15:49:02.000Z,1
2019-10-24T16:33:03.000Z,2
2019-10-24T12:17:50.000Z,1
2019-10-24T12:35:04.000Z,1
2019-10-24T14:22:14.000Z,2
2019-10-24T16:07:05.000Z,1
2019-10-24T16:13:09.000Z,1
2019-10-24T16:19:02.000Z,1
2019-10-24T16:52:05.000Z,1
2019-10-24T17:02:04.000Z,1
2019-10-24T17:08:54.000Z,1
2019-10-24T17:29:02.000Z,1
2019-10-24T17:30:04.000Z,1
2019-10-24T17:30:21.000Z,1
2019-10-24T17:30:26.000Z,1
2019-10-24T17:36:32.000Z,1
2019-10-24T17:39:30.000Z,1
2019-10-24T18:12:03.000Z,2
2019-10-24T18:31:50.000Z,2
2019-10-24T18:59:08.000Z,1
2019-10-24T19:14:13.000Z,1
2019-10-24T19:21:52.000Z,1
2019-10-24T19:22:51.000Z,1
2019-10-24T19:27:58.000Z,1
2019-10-24T19:32:33.000Z,1
2019-10-24T19:40:53.000Z,1
2019-10-24T19:45:44.000Z,1
2019-10-24T20:34:24.000Z,1
2019-10-24T20:57:12.000Z,1
2019-10-24T21:10:50.000Z,1
2019-10-24T21:12:27.000Z,1
2019-10-24T22:56:11.000Z,1
2019-10-25T05:56:21.000Z,1
2019-10-25T06:10:31.000Z,1
2019-10-25T06:17:05.000Z,1
2019-10-25T06:22:32.000Z,1
2019-10-25T06:29:10.000Z,1
2019-10-25T06:57:10.000Z,1
2019-10-25T07:16:30.000Z,1
2019-10-25T07:21:44.000Z,1
2019-10-25T07:32:43.000Z,1
2019-10-25T07:43:58.000Z,1
2019-10-25T07:56:11.000Z,1
2019-10-25T08:23:26.000Z,1
2019-10-25T08:41:23.000Z,1
2019-10-25T09:01:21.000Z,1
2019-10-25T09:07:10.000Z,1
2019-10-25T09:28:47.000Z,1
2019-10-25T09:51:26.000Z,1
2019-10-25T10:06:14.000Z,1
2019-10-25T10:09:56.000Z,1
2019-10-25T10:26:25.000Z,1
2019-10-25T10:53:23.000Z,1
2019-10-25T11:21:03.000Z,1
2019-10-25T11:47:32.000Z,2
2019-10-25T11:48:58.000Z,1
2019-10-25T11:51:43.000Z,1
2019-10-25T12:04:20.000Z,1
2019-10-25T12:17:11.000Z,1
2019-10-25T12:41:11.000Z,1
2019-10-25T12:41:43.000Z,1
2019-10-25T12:54:56.000Z,1
2019-10-25T13:00:54.000Z,1
2019-10-25T13:31:06.000Z,1
2019-10-25T13:49:59.000Z,1
2019-10-25T14:17:26.000Z,1
2019-10-25T14:38:36.000Z,1
2019-10-25T14:48:16.000Z,2
2019-10-25T14:53:34.000Z,2
2019-10-25T15:06:59.000Z,1
2019-10-25T15:15:47.000Z,1
2019-10-25T15:31:11.000Z,1
2019-10-25T15:43:43.000Z,1
2019-10-25T16:10:31.000Z,1
2019-10-25T16:30:52.000Z,1
2019-10-25T16:37:05.000Z,2
2019-10-25T16:40:25.000Z,1
2019-10-25T16:42:37.000Z,1
2019-10-25T16:44:31.000Z,3
2019-10-25T16:53:27.000Z,1
2019-10-25T16:59:37.000Z,1
2019-10-25T17:10:17.000Z,1
2019-10-25T17:14:00.000Z,1
2019-10-25T17:14:06.000Z,1
2019-10-25T17:16:16.000Z,1
2019-10-25T17:40:01.000Z,1
2019-10-25T17:41:09.000Z,1
2019-10-25T17:42:55.000Z,2
2019-10-25T17:48:46.000Z,1
2019-10-25T18:06:32.000Z,1
2019-10-25T18:21:31.000Z,1
2019-10-25T18:23:53.000Z,1
2019-10-25T18:54:30.000Z,1
2019-10-25T20:49:49.000Z,1
2019-10-25T21:47:23.000Z,1
2019-10-25T21:50:37.000Z,1
2019-10-25T22:14:44.000Z,1
2019-10-25T22:31:08.000Z,1
2019-10-25T23:23:26.000Z,1
2019-10-26T02:56:06.000Z,1
2019-10-26T06:31:35.000Z,1
2019-10-26T09:15:59.000Z,1
2019-10-26T09:26:44.000Z,1
2019-10-26T09:34:18.000Z,1
2019-10-26T09:47:58.000Z,1
2019-10-26T10:04:15.000Z,1
2019-10-26T10:11:06.000Z,1
2019-10-26T10:24:57.000Z,1
2019-10-26T11:31:25.000Z,1
2019-10-26T11:39:41.000Z,1
2019-10-26T11:52:34.000Z,1
2019-10-26T12:08:55.000Z,1
2019-10-27T02:31:26.000Z,1
2019-10-27T02:44:07.000Z,1
2019-10-27T07:40:13.000Z,1
2019-10-27T08:46:39.000Z,1
2019-10-27T09:47:36.000Z,1
2019-10-27T10:46:46.000Z,1
2019-10-27T11:18:58.000Z,1
2019-10-27T11:30:38.000Z,1
2019-10-27T11:31:03.000Z,2
2019-10-27T11:58:23.000Z,1
2019-10-27T11:58:32.000Z,1
2019-10-27T12:01:10.000Z,1
2019-10-27T12:07:25.000Z,1
2019-10-27T12:22:56.000Z,1
2019-10-27T12:53:37.000Z,1
2019-10-27T13:04:31.000Z,1
2019-10-27T13:19:46.000Z,2
2019-10-27T13:24:42.000Z,1
2019-10-27T13:44:34.000Z,1
2019-10-27T13:53:12.000Z,1
2019-10-27T13:53:17.000Z,1
2019-10-27T14:36:20.000Z,1
2019-10-27T14:50:59.000Z,1
2019-10-27T15:12:22.000Z,1
2019-10-27T15:14:49.000Z,1
2019-10-27T15:30:50.000Z,1
2019-10-27T15:32:59.000Z,1
2019-10-27T15:48:22.000Z,1
2019-10-27T15:58:39.000Z,2
2019-10-27T16:27:09.000Z,1
2019-10-27T16:44:01.000Z,2
2019-10-27T16:59:59.000Z,1
2019-10-27T17:00:00.000Z,1
2019-10-27T17:34:05.000Z,1
2019-10-27T18:02:01.000Z,1
2019-10-27T19:55:27.000Z,1
2019-10-27T20:39:07.000Z,2
2019-10-27T23:25:32.000Z,2
2019-10-28T06:29:11.000Z,1
2019-10-28T06:37:39.000Z,1
2019-10-28T07:00:31.000Z,1
2019-10-28T07:38:34.000Z,1
2019-10-28T07:41:26.000Z,1
2019-10-28T07:51:34.000Z,2
2019-10-28T07:53:09.000Z,1
2019-10-28T07:55:38.000Z,1
2019-10-28T08:03:27.000Z,1
2019-10-28T08:13:01.000Z,1
2019-10-28T08:32:51.000Z,1
2019-10-28T08:56:53.000Z,2
2019-10-28T09:12:01.000Z,1
2019-10-28T09:14:58.000Z,1
2019-10-28T09:18:02.000Z,1
2019-10-28T09:36:18.000Z,1
2019-10-28T09:52:40.000Z,1
2019-10-28T10:17:29.000Z,1
2019-10-28T10:21:48.000Z,1
2019-10-28T10:23:47.000Z,1
2019-10-28T10:29:28.000Z,1
2019-10-28T11:04:33.000Z,1
2019-10-28T12:31:32.000Z,1
2019-10-28T13:28:19.000Z,1
2019-10-28T13:59:03.000Z,1
2019-10-28T14:17:40.000Z,1
2019-10-28T14:31:15.000Z,1
2019-10-28T14:42:04.000Z,2
2019-10-28T14:47:00.000Z,1
2019-10-28T14:54:57.000Z,2
2019-10-28T15:29:53.000Z,1
2019-10-28T15:31:02.000Z,1
2019-10-28T15:38:12.000Z,1
2019-10-28T15:42:46.000Z,1
2019-10-28T15:48:34.000Z,2
2019-10-28T15:57:14.000Z,1
2019-10-28T16:12:54.000Z,1
2019-10-28T16:48:53.000Z,2
2019-10-28T16:54:55.000Z,1
2019-10-28T16:59:03.000Z,2
2019-10-28T17:05:18.000Z,1
2019-10-28T17:05:57.000Z,2
2019-10-28T17:19:34.000Z,1
2019-10-28T17:20:24.000Z,1
2019-10-28T17:24:35.000Z,1
2019-10-28T17:37:42.000Z,1
2019-10-28T17:48:54.000Z,1
2019-10-28T17:53:38.000Z,1
2019-10-28T17:56:56.000Z,1
2019-10-28T18:01:08.000Z,1
2019-10-28T18:38:31.000Z,3
2019-10-28T18:58:37.000Z,1
2019-10-28T19:10:59.000Z,1
2019-10-28T20:28:09.000Z,2
2019-10-28T21:13:18.000Z,1
2019-10-29T06:38:45.000Z,1
2019-10-29T06:39:21.000Z,1
2019-10-29T06:42:22.000Z,1
2019-10-29T06:51:09.000Z,1
2019-10-29T07:22:40.000Z,2
2019-10-29T07:33:43.000Z,1
2019-10-29T07:50:55.000Z,1
2019-10-29T08:14:06.000Z,1
2019-10-29T09:11:46.000Z,1
2019-10-29T09:39:52.000Z,1
2019-10-29T09:58:41.000Z,1
2019-10-29T10:42:05.000Z,1
2019-10-29T10:44:19.000Z,1
2019-10-29T12:16:25.000Z,1
2019-10-29T12:51:40.000Z,1
2019-10-29T13:52:41.000Z,1
2019-10-29T14:07:37.000Z,1
2019-10-29T15:04:42.000Z,1
2019-10-29T15:47:17.000Z,1
2019-10-29T15:58:36.000Z,1
2019-10-29T16:44:37.000Z,1
2019-10-29T16:46:07.000Z,1
2019-10-29T16:57:05.000Z,1
2019-10-29T16:57:52.000Z,1
2019-10-29T17:09:29.000Z,1
2019-10-29T17:12:21.000Z,1
2019-10-29T17:14:52.000Z,1
2019-10-29T17:21:19.000Z,1
2019-10-29T17:22:57.000Z,1
2019-10-29T17:23:35.000Z,1
2019-10-29T17:32:49.000Z,1
2019-10-29T17:51:25.000Z,1
2019-10-29T17:56:07.000Z,2
2019-10-29T18:02:04.000Z,1
2019-10-29T18:29:01.000Z,1
2019-10-29T18:35:20.000Z,1
2019-10-29T20:15:47.000Z,1
2019-10-29T20:41:43.000Z,1
2019-10-29T20:57:50.000Z,1
2019-10-30T00:20:51.000Z,1
2019-10-30T06:28:58.000Z,1
2019-10-30T06:49:46.000Z,1
2019-10-30T07:11:33.000Z,1
2019-10-30T08:11:55.000Z,1
2019-10-30T12:53:50.000Z,1
2019-10-30T13:09:03.000Z,1
2019-10-30T13:20:07.000Z,1
2019-10-30T16:09:08.000Z,2
2019-10-30T16:12:12.000Z,2
2019-10-30T16:15:15.000Z,1
2019-10-30T16:33:45.000Z,1
2019-10-30T16:56:37.000Z,1
2019-10-30T17:05:39.000Z,1
2019-10-30T17:47:49.000Z,1
2019-10-30T17:55:01.000Z,1
2019-10-30T18:30:32.000Z,1
2019-10-30T18:54:19.000Z,1
2019-10-30T18:54:49.000Z,1
2019-10-30T18:56:32.000Z,2
2019-10-24T07:32:47.000Z,2
2019-10-24T07:36:06.000Z,1
2019-10-24T07:44:02.000Z,1
2019-10-24T07:51:16.000Z,1
2019-10-24T08:12:27.000Z,1
2019-10-24T08:44:34.000Z,1
2019-10-24T08:45:48.000Z,1
2019-10-24T08:55:58.000Z,1
2019-10-24T09:27:51.000Z,1
2019-10-24T11:32:26.000Z,2
2019-10-24T11:47:33.000Z,1
2019-10-24T12:36:31.000Z,1
2019-10-24T16:33:23.000Z,2
2019-10-24T17:19:44.000Z,1
2019-10-24T18:15:15.000Z,1
2019-10-24T18:23:38.000Z,1
2019-10-24T11:53:24.000Z,1
2019-10-24T14:21:57.000Z,1
2019-10-24T16:01:47.000Z,1
2019-10-24T16:23:25.000Z,1
2019-10-24T16:50:10.000Z,1
2019-10-24T17:01:15.000Z,2
2019-10-24T17:28:24.000Z,1
2019-10-24T17:33:33.000Z,1
2019-10-24T17:44:43.000Z,1
2019-10-24T17:48:39.000Z,1
2019-10-24T17:56:36.000Z,1
2019-10-24T18:13:31.000Z,1
2019-10-24T18:15:34.000Z,2
2019-10-24T18:17:23.000Z,1
2019-10-24T18:35:05.000Z,1
2019-10-24T18:49:18.000Z,1
2019-10-24T19:22:45.000Z,1
2019-10-24T19:51:22.000Z,1
2019-10-24T20:01:51.000Z,1
2019-10-24T21:20:25.000Z,1
2019-10-24T22:11:34.000Z,1
2019-10-25T05:38:16.000Z,1
2019-10-25T06:12:35.000Z,1
2019-10-25T06:17:11.000Z,1
2019-10-25T06:41:04.000Z,1
2019-10-25T06:49:50.000Z,1
2019-10-25T06:51:16.000Z,1
2019-10-25T07:03:28.000Z,1
2019-10-25T07:11:52.000Z,1
2019-10-25T07:17:29.000Z,1
2019-10-25T07:29:41.000Z,1
2019-10-25T08:12:20.000Z,1
2019-10-25T08:14:50.000Z,1
2019-10-25T08:22:15.000Z,2
2019-10-25T08:28:33.000Z,1
2019-10-25T08:31:04.000Z,1
2019-10-25T09:19:17.000Z,1
2019-10-25T09:59:25.000Z,1
2019-10-25T10:55:21.000Z,1
2019-10-25T11:05:43.000Z,1
2019-10-25T11:24:16.000Z,2
2019-10-25T11:59:47.000Z,1
2019-10-25T12:14:18.000Z,1
2019-10-25T12:18:59.000Z,1
2019-10-25T12:19:05.000Z,1
2019-10-25T12:37:23.000Z,2
2019-10-25T13:33:50.000Z,1
2019-10-25T13:34:23.000Z,2
2019-10-25T13:53:42.000Z,1
2019-10-25T14:04:01.000Z,1
2019-10-25T14:06:39.000Z,1
2019-10-25T14:47:13.000Z,1
2019-10-25T14:53:14.000Z,1
2019-10-25T15:02:38.000Z,1
2019-10-25T15:32:15.000Z,1
2019-10-25T15:35:39.000Z,1
2019-10-25T15:48:48.000Z,1
2019-10-25T15:57:52.000Z,3
2019-10-25T15:58:44.000Z,1
2019-10-25T16:11:56.000Z,2
2019-10-25T16:11:50.000Z,1
2019-10-25T16:30:18.000Z,1
2019-10-25T16:49:52.000Z,1
2019-10-25T17:07:05.000Z,1
2019-10-25T17:11:05.000Z,1
2019-10-25T17:14:59.000Z,2
2019-10-25T17:18:14.000Z,1
2019-10-25T17:26:52.000Z,1
2019-10-25T18:47:43.000Z,1
2019-10-25T18:49:38.000Z,1
2019-10-25T18:54:17.000Z,2
2019-10-25T19:16:12.000Z,1
2019-10-25T19:35:24.000Z,1
2019-10-25T20:04:10.000Z,1
2019-10-25T21:29:36.000Z,1
2019-10-25T21:36:55.000Z,1
2019-10-25T22:32:23.000Z,1
2019-10-25T23:58:40.000Z,1
2019-10-26T01:37:24.000Z,1
2019-10-26T08:26:32.000Z,1
2019-10-26T08:50:57.000Z,1
2019-10-26T09:07:08.000Z,1
2019-10-26T09:57:56.000Z,1
2019-10-26T10:03:42.000Z,1
2019-10-26T10:21:44.000Z,1
2019-10-26T10:49:19.000Z,1
2019-10-26T11:14:25.000Z,1
2019-10-26T13:47:44.000Z,1
2019-10-26T13:56:05.000Z,1
2019-10-26T14:35:21.000Z,1
2019-10-26T16:04:53.000Z,1
2019-10-27T08:19:39.000Z,1
2019-10-27T09:34:48.000Z,1
2019-10-27T09:45:36.000Z,1
2019-10-27T09:53:13.000Z,1
2019-10-27T10:00:33.000Z,1
2019-10-27T10:28:27.000Z,1
2019-10-27T10:34:40.000Z,1
2019-10-27T11:17:07.000Z,2
2019-10-27T11:18:02.000Z,1
2019-10-27T11:32:51.000Z,1
2019-10-27T11:43:09.000Z,1
2019-10-27T12:07:59.000Z,1
2019-10-27T12:12:49.000Z,1
2019-10-27T12:13:03.000Z,1
2019-10-27T12:28:39.000Z,1
2019-10-27T12:44:05.000Z,1
2019-10-27T12:52:06.000Z,2
2019-10-27T12:55:33.000Z,1
2019-10-27T13:03:54.000Z,1
2019-10-27T13:08:51.000Z,1
2019-10-27T13:11:23.000Z,1
2019-10-27T13:31:54.000Z,1
2019-10-27T13:32:16.000Z,1
2019-10-27T13:40:40.000Z,1
2019-10-27T13:47:55.000Z,1
2019-10-27T13:48:25.000Z,1
2019-10-27T14:06:15.000Z,1
2019-10-27T14:13:28.000Z,1
2019-10-27T14:42:00.000Z,1
2019-10-27T14:44:05.000Z,1
2019-10-27T15:27:27.000Z,1
2019-10-27T15:58:22.000Z,2
2019-10-27T16:15:05.000Z,2
2019-10-27T16:26:39.000Z,1
2019-10-27T16:46:41.000Z,1
2019-10-27T16:53:51.000Z,1
2019-10-27T16:58:07.000Z,1
2019-10-27T17:29:06.000Z,2
2019-10-27T18:21:53.000Z,1
2019-10-27T18:28:02.000Z,1
2019-10-27T18:44:01.000Z,1
2019-10-27T20:13:37.000Z,1
2019-10-27T21:01:06.000Z,1
2019-10-27T22:22:18.000Z,1
2019-10-28T00:03:02.000Z,1
2019-10-28T00:04:18.000Z,1
2019-10-28T00:14:06.000Z,1
2019-10-28T00:43:06.000Z,1
2019-10-28T06:16:14.000Z,1
2019-10-28T06:26:00.000Z,1
2019-10-28T06:31:01.000Z,2
2019-10-28T07:19:38.000Z,1
2019-10-28T07:35:22.000Z,3
2019-10-28T07:40:02.000Z,1
2019-10-28T07:45:38.000Z,1
2019-10-28T07:51:44.000Z,1
2019-10-28T08:03:51.000Z,3
2019-10-28T08:04:15.000Z,1
2019-10-28T08:21:00.000Z,1
2019-10-28T08:38:17.000Z,1
2019-10-28T08:45:41.000Z,1
2019-10-28T08:46:26.000Z,1
2019-10-28T09:07:52.000Z,1
2019-10-28T09:17:44.000Z,1
2019-10-28T10:33:15.000Z,1
2019-10-28T11:01:27.000Z,1
2019-10-28T11:25:30.000Z,1
2019-10-28T11:51:30.000Z,1
2019-10-28T11:51:40.000Z,1
2019-10-28T14:35:46.000Z,1
2019-10-28T16:05:04.000Z,1
2019-10-28T16:05:05.000Z,1
2019-10-28T16:08:16.000Z,1
2019-10-28T16:09:12.000Z,1
2019-10-28T16:14:01.000Z,1
2019-10-28T16:31:14.000Z,1
2019-10-28T16:37:40.000Z,2
2019-10-28T16:39:08.000Z,1
2019-10-28T16:41:19.000Z,2
2019-10-28T16:42:04.000Z,1
2019-10-28T17:03:29.000Z,1
2019-10-28T17:15:49.000Z,1
2019-10-28T17:17:01.000Z,1
2019-10-28T17:23:31.000Z,1
2019-10-28T17:47:17.000Z,1
2019-10-28T17:54:11.000Z,1
2019-10-28T18:39:15.000Z,1
2019-10-28T18:40:43.000Z,1
2019-10-28T18:49:27.000Z,1
2019-10-28T19:43:23.000Z,1
2019-10-28T19:46:43.000Z,1
2019-10-28T20:00:37.000Z,1
2019-10-28T20:39:31.000Z,1
2019-10-28T20:50:12.000Z,1
2019-10-28T21:15:58.000Z,1
2019-10-28T21:16:04.000Z,1
2019-10-28T22:13:51.000Z,1
2019-10-28T22:21:27.000Z,1
2019-10-28T22:37:36.000Z,1
2019-10-28T23:09:03.000Z,1
2019-10-29T06:56:22.000Z,1
2019-10-29T07:21:31.000Z,1
2019-10-29T07:26:48.000Z,3
2019-10-29T07:32:02.000Z,1
2019-10-29T08:03:47.000Z,2
2019-10-29T08:07:11.000Z,1
2019-10-29T08:17:28.000Z,2
2019-10-29T08:34:47.000Z,1
2019-10-29T09:46:34.000Z,1
2019-10-29T09:55:35.000Z,1
2019-10-29T10:39:26.000Z,1
2019-10-29T11:32:02.000Z,1
2019-10-29T12:11:38.000Z,1
2019-10-29T12:20:19.000Z,1
2019-10-29T12:27:06.000Z,1
2019-10-29T12:51:23.000Z,1
2019-10-29T13:51:19.000Z,1
2019-10-29T13:52:24.000Z,1
2019-10-29T14:09:30.000Z,1
2019-10-29T14:12:49.000Z,1
2019-10-29T15:45:32.000Z,1
2019-10-29T15:48:52.000Z,1
2019-10-29T15:54:48.000Z,1
2019-10-29T15:59:24.000Z,1
2019-10-29T16:19:18.000Z,1
2019-10-29T16:26:32.000Z,1
2019-10-29T16:27:02.000Z,2
2019-10-29T16:33:30.000Z,1
2019-10-29T16:58:56.000Z,1
2019-10-29T17:00:30.000Z,2
2019-10-29T17:10:46.000Z,1
2019-10-29T17:34:38.000Z,1
2019-10-29T17:42:04.000Z,1
2019-10-29T18:04:44.000Z,2
2019-10-29T18:21:18.000Z,1
2019-10-29T18:32:08.000Z,1
2019-10-29T20:00:23.000Z,1
2019-10-29T20:19:23.000Z,1
2019-10-29T21:17:12.000Z,1
2019-10-29T22:44:50.000Z,1
2019-10-29T23:01:50.000Z,1
2019-10-30T03:42:00.000Z,1
2019-10-30T06:45:20.000Z,1
2019-10-30T06:48:19.000Z,1
2019-10-30T07:12:28.000Z,1
2019-10-30T08:16:38.000Z,1
2019-10-30T09:47:40.000Z,1
2019-10-30T12:06:02.000Z,1
2019-10-30T12:20:28.000Z,1
2019-10-30T12:24:09.000Z,1
2019-10-30T12:49:36.000Z,1
2019-10-30T15:47:34.000Z,1
2019-10-30T17:05:57.000Z,1
2019-10-30T17:25:32.000Z,1
2019-10-30T17:34:03.000Z,1
2019-10-30T17:55:23.000Z,1
2019-10-30T18:25:04.000Z,1
2019-10-30T18:30:10.000Z,1
2019-10-30T18:33:24.000Z,1
2019-10-24T07:42:29.000Z,1
2019-10-24T08:08:07.000Z,1
2019-10-24T08:29:22.000Z,1
2019-10-24T08:33:30.000Z,1
2019-10-24T08:40:19.000Z,1
2019-10-24T08:42:31.000Z,1
2019-10-24T08:44:00.000Z,1
2019-10-24T08:51:31.000Z,1
2019-10-24T11:40:58.000Z,2
2019-10-24T12:41:07.000Z,1
2019-10-24T12:58:35.000Z,1
2019-10-24T14:03:37.000Z,1
2019-10-24T15:23:25.000Z,1
2019-10-24T16:30:27.000Z,2
2019-10-24T16:52:22.000Z,2
2019-10-24T09:33:17.000Z,1
2019-10-24T12:31:28.000Z,1
2019-10-24T13:05:46.000Z,1
2019-10-24T13:42:01.000Z,1
2019-10-24T15:12:55.000Z,1
2019-10-24T15:14:39.000Z,1
2019-10-24T16:08:58.000Z,1
2019-10-24T16:15:18.000Z,1
2019-10-24T16:17:57.000Z,1
2019-10-24T16:52:18.000Z,1
2019-10-24T17:15:18.000Z,1
2019-10-24T17:15:21.000Z,1
2019-10-24T17:52:12.000Z,2
2019-10-24T18:03:14.000Z,1
2019-10-24T18:04:44.000Z,1
2019-10-24T18:11:55.000Z,1
2019-10-24T18:20:36.000Z,1
2019-10-24T18:33:17.000Z,1
2019-10-24T19:21:44.000Z,1
2019-10-24T19:28:55.000Z,1
2019-10-24T21:13:09.000Z,1
2019-10-24T22:14:42.000Z,1
2019-10-25T05:43:40.000Z,1
2019-10-25T06:09:11.000Z,1
2019-10-25T06:49:43.000Z,1
2019-10-25T07:22:38.000Z,1
2019-10-25T07:38:53.000Z,1
2019-10-25T07:41:07.000Z,2
2019-10-25T07:42:31.000Z,1
2019-10-25T08:18:00.000Z,1
2019-10-25T08:32:54.000Z,2
2019-10-25T08:37:21.000Z,1
2019-10-25T08:39:43.000Z,1
2019-10-25T08:49:19.000Z,1
2019-10-25T08:58:43.000Z,1
2019-10-25T09:04:23.000Z,1
2019-10-25T09:11:03.000Z,1
2019-10-25T09:58:50.000Z,1
2019-10-25T10:21:49.000Z,1
2019-10-25T12:20:18.000Z,1
2019-10-25T12:29:25.000Z,1
2019-10-25T12:33:17.000Z,1
2019-10-25T12:46:45.000Z,1
2019-10-25T12:54:01.000Z,1
2019-10-25T13:37:25.000Z,1
2019-10-25T14:04:51.000Z,1
2019-10-25T14:47:36.000Z,1
2019-10-25T15:02:42.000Z,1
2019-10-25T15:06:57.000Z,1
2019-10-25T15:13:23.000Z,1
2019-10-25T15:15:12.000Z,1
2019-10-25T15:17:00.000Z,1
2019-10-25T15:27:17.000Z,1
2019-10-25T15:46:15.000Z,1
2019-10-25T15:48:11.000Z,1
2019-10-25T15:59:29.000Z,2
2019-10-25T16:49:44.000Z,2
2019-10-25T17:26:26.000Z,1
2019-10-25T17:35:20.000Z,1
2019-10-25T18:16:46.000Z,1
2019-10-25T18:35:23.000Z,1
2019-10-25T18:52:13.000Z,1
2019-10-25T23:10:45.000Z,1
2019-10-25T23:20:28.000Z,1
2019-10-25T23:21:47.000Z,1
2019-10-26T00:19:06.000Z,1
2019-10-26T00:23:06.000Z,1
2019-10-26T00:26:51.000Z,1
2019-10-26T02:55:59.000Z,1
2019-10-26T07:45:42.000Z,1
2019-10-26T08:18:22.000Z,1
2019-10-26T08:39:15.000Z,1
2019-10-26T08:44:26.000Z,1
2019-10-26T08:50:11.000Z,1
2019-10-26T08:58:29.000Z,1
2019-10-26T10:43:35.000Z,1
2019-10-26T10:45:40.000Z,1
2019-10-26T10:46:07.000Z,1
2019-10-26T10:54:31.000Z,1
2019-10-26T10:55:35.000Z,1
2019-10-26T11:05:35.000Z,2
2019-10-26T11:23:16.000Z,1
2019-10-26T11:30:10.000Z,1
2019-10-26T11:51:22.000Z,1
2019-10-26T12:14:37.000Z,1
2019-10-26T12:33:56.000Z,1
2019-10-26T16:22:39.000Z,1
2019-10-26T17:56:34.000Z,1
2019-10-26T22:53:42.000Z,1
2019-10-27T02:20:30.000Z,1
2019-10-27T02:35:07.000Z,1
2019-10-27T08:16:04.000Z,1
2019-10-27T08:54:33.000Z,2
2019-10-27T09:33:10.000Z,1
2019-10-27T10:34:35.000Z,1
2019-10-27T10:40:44.000Z,2
2019-10-27T11:00:40.000Z,2
2019-10-27T12:13:22.000Z,1
2019-10-27T12:43:46.000Z,1
2019-10-27T12:56:56.000Z,1
2019-10-27T12:59:52.000Z,1
2019-10-27T13:01:54.000Z,1
2019-10-27T13:40:00.000Z,1
2019-10-27T13:49:49.000Z,1
2019-10-27T14:05:50.000Z,1
2019-10-27T14:10:20.000Z,1
2019-10-27T14:14:28.000Z,2
2019-10-27T15:16:15.000Z,1
2019-10-27T15:19:54.000Z,1
2019-10-27T15:33:06.000Z,1
2019-10-27T15:45:57.000Z,1
2019-10-27T15:50:02.000Z,1
2019-10-27T15:52:50.000Z,1
2019-10-27T15:53:44.000Z,1
2019-10-27T16:21:26.000Z,1
2019-10-27T16:26:26.000Z,1
2019-10-27T17:12:14.000Z,1
2019-10-27T17:12:16.000Z,1
2019-10-27T17:14:16.000Z,1
2019-10-27T17:17:37.000Z,2
2019-10-27T17:24:49.000Z,1
2019-10-27T17:57:54.000Z,1
2019-10-27T18:19:02.000Z,1
2019-10-27T18:24:54.000Z,1
2019-10-27T19:07:26.000Z,2
2019-10-27T22:21:52.000Z,1
2019-10-28T01:12:01.000Z,1
2019-10-28T05:47:12.000Z,1
2019-10-28T06:15:22.000Z,1
2019-10-28T06:16:02.000Z,1
2019-10-28T06:50:39.000Z,3
2019-10-28T06:53:15.000Z,1
2019-10-28T07:10:12.000Z,1
2019-10-28T07:17:54.000Z,2
2019-10-28T07:20:20.000Z,2
2019-10-28T07:32:13.000Z,1
2019-10-28T07:34:34.000Z,1
2019-10-28T07:51:04.000Z,1
2019-10-28T08:03:38.000Z,1
2019-10-28T08:15:15.000Z,1
2019-10-28T08:20:38.000Z,1
2019-10-28T08:49:17.000Z,2
2019-10-28T10:20:47.000Z,1
2019-10-28T11:33:48.000Z,1
2019-10-28T11:52:02.000Z,1
2019-10-28T12:51:16.000Z,2
2019-10-28T12:52:22.000Z,1
2019-10-28T13:09:30.000Z,2
2019-10-28T13:25:07.000Z,1
2019-10-28T13:30:40.000Z,1
2019-10-28T14:01:18.000Z,1
2019-10-28T15:00:06.000Z,1
2019-10-28T15:15:16.000Z,1
2019-10-28T16:06:26.000Z,1
2019-10-28T16:20:48.000Z,1
2019-10-28T16:24:50.000Z,1
2019-10-28T16:25:35.000Z,1
2019-10-28T16:52:16.000Z,1
2019-10-28T16:55:37.000Z,1
2019-10-28T16:56:48.000Z,2
2019-10-28T17:11:01.000Z,1
2019-10-28T17:25:27.000Z,1
2019-10-28T17:27:56.000Z,2
2019-10-28T17:35:14.000Z,3
2019-10-28T17:37:56.000Z,1
2019-10-28T17:58:07.000Z,2
2019-10-28T18:07:16.000Z,1
2019-10-28T18:14:38.000Z,1
2019-10-28T18:23:11.000Z,1
2019-10-28T18:35:18.000Z,1
2019-10-28T18:52:05.000Z,1
2019-10-28T20:11:45.000Z,1
2019-10-28T20:37:26.000Z,1
2019-10-28T20:40:27.000Z,1
2019-10-28T21:22:18.000Z,1
2019-10-29T06:35:54.000Z,1
2019-10-29T06:39:01.000Z,1
2019-10-29T06:52:53.000Z,1
2019-10-29T07:43:09.000Z,1
2019-10-29T07:46:18.000Z,1
2019-10-29T08:13:21.000Z,1
2019-10-29T08:14:46.000Z,2
2019-10-29T08:40:19.000Z,1
2019-10-29T09:37:30.000Z,1
2019-10-29T11:30:36.000Z,1
2019-10-29T11:45:41.000Z,1
2019-10-29T13:17:49.000Z,1
2019-10-29T13:28:04.000Z,1
2019-10-29T13:28:17.000Z,1
2019-10-29T13:29:59.000Z,1
2019-10-29T13:41:45.000Z,1
2019-10-29T13:54:05.000Z,2
2019-10-29T14:23:46.000Z,1
2019-10-29T15:40:29.000Z,1
2019-10-29T15:52:25.000Z,1
2019-10-29T16:24:38.000Z,1
2019-10-29T16:28:37.000Z,1
2019-10-29T16:37:36.000Z,1
2019-10-29T16:40:43.000Z,2
2019-10-29T16:56:26.000Z,1
2019-10-29T17:07:11.000Z,1
2019-10-29T17:14:04.000Z,1
2019-10-29T17:43:02.000Z,1
2019-10-29T17:44:25.000Z,1
2019-10-29T17:57:36.000Z,2
2019-10-29T18:07:57.000Z,1
2019-10-29T18:11:47.000Z,1
2019-10-29T18:12:49.000Z,1
2019-10-29T18:17:00.000Z,2
2019-10-29T18:19:14.000Z,1
2019-10-29T18:25:53.000Z,1
2019-10-29T18:29:03.000Z,1
2019-10-29T18:43:58.000Z,1
2019-10-29T18:45:41.000Z,1
2019-10-29T18:52:50.000Z,1
2019-10-29T19:08:39.000Z,1
2019-10-29T19:20:01.000Z,1
2019-10-29T19:30:41.000Z,1
2019-10-29T21:02:09.000Z,1
2019-10-29T22:07:42.000Z,1
2019-10-29T22:29:04.000Z,1
2019-10-30T06:42:33.000Z,1
2019-10-30T06:52:29.000Z,1
2019-10-30T08:38:17.000Z,1
2019-10-30T09:09:00.000Z,1
2019-10-30T09:30:20.000Z,1
2019-10-30T11:15:20.000Z,1
2019-10-30T11:22:07.000Z,1
2019-10-30T11:42:09.000Z,1
2019-10-30T13:17:29.000Z,1
2019-10-30T14:11:05.000Z,1
2019-10-30T16:02:48.000Z,1
2019-10-30T16:27:47.000Z,1
2019-10-30T16:36:39.000Z,1
2019-10-30T16:38:08.000Z,2
2019-10-30T16:50:21.000Z,1
2019-10-30T16:52:21.000Z,1
2019-10-30T17:15:54.000Z,2
2019-10-30T17:19:48.000Z,1
2019-10-30T17:25:57.000Z,1
2019-10-30T17:32:31.000Z,1
2019-10-30T18:03:59.000Z,1
2019-10-30T18:08:52.000Z,1
2019-10-30T18:28:31.000Z,1
2019-10-30T18:37:09.000Z,1
2019-10-24T07:43:12.000Z,1
2019-10-24T07:49:03.000Z,1
2019-10-24T08:12:25.000Z,1
2019-10-24T08:35:32.000Z,1
2019-10-24T08:36:52.000Z,1
2019-10-24T08:40:52.000Z,3
2019-10-24T08:41:34.000Z,1
2019-10-24T09:16:31.000Z,1
2019-10-24T10:05:02.000Z,1
2019-10-24T10:23:26.000Z,1
2019-10-24T11:42:26.000Z,1
2019-10-24T11:48:52.000Z,1
2019-10-24T12:24:48.000Z,1
2019-10-24T12:26:30.000Z,1
2019-10-24T12:48:46.000Z,1
2019-10-24T12:56:14.000Z,1
2019-10-24T15:29:21.000Z,1
2019-10-24T15:49:51.000Z,1
2019-10-24T16:02:53.000Z,1
2019-10-24T16:17:20.000Z,1
2019-10-24T16:18:49.000Z,2
2019-10-24T16:22:31.000Z,1
2019-10-24T16:55:12.000Z,1
2019-10-24T16:59:32.000Z,1
2019-10-24T17:01:54.000Z,2
2019-10-24T17:04:17.000Z,1
2019-10-24T17:15:32.000Z,1
2019-10-24T17:20:37.000Z,2
2019-10-24T17:33:44.000Z,1
2019-10-24T17:38:36.000Z,1
2019-10-24T18:05:07.000Z,1
2019-10-24T18:18:13.000Z,2
2019-10-24T18:35:54.000Z,1
2019-10-24T20:56:05.000Z,1
2019-10-24T21:09:32.000Z,1
2019-10-24T21:38:32.000Z,1
2019-10-24T22:09:39.000Z,1
2019-10-24T22:16:53.000Z,1
2019-10-24T22:46:58.000Z,1
2019-10-25T01:39:11.000Z,1
2019-10-25T02:30:55.000Z,1
2019-10-25T06:10:26.000Z,1
2019-10-25T06:15:49.000Z,1
2019-10-25T07:04:56.000Z,1
2019-10-25T07:08:42.000Z,1
2019-10-25T07:12:25.000Z,1
2019-10-25T07:14:32.000Z,1
2019-10-25T07:35:49.000Z,2
2019-10-25T08:04:23.000Z,1
2019-10-25T08:07:47.000Z,1
2019-10-25T08:09:31.000Z,1
2019-10-25T08:12:13.000Z,2
2019-10-25T08:14:28.000Z,1
2019-10-25T08:22:00.000Z,1
2019-10-25T08:42:14.000Z,3
2019-10-25T08:51:37.000Z,1
2019-10-25T09:20:20.000Z,2
2019-10-25T09:39:59.000Z,1
2019-10-25T09:59:09.000Z,2
2019-10-25T10:01:57.000Z,1
2019-10-25T10:02:06.000Z,1
2019-10-25T10:40:08.000Z,1
2019-10-25T10:50:50.000Z,1
2019-10-25T11:16:36.000Z,1
2019-10-25T11:57:09.000Z,1
2019-10-25T12:10:48.000Z,1
2019-10-25T12:13:50.000Z,1
2019-10-25T12:17:02.000Z,1
2019-10-25T12:31:47.000Z,1
2019-10-25T12:37:00.000Z,2
2019-10-25T12:48:36.000Z,1
2019-10-25T13:11:41.000Z,1
2019-10-25T13:15:40.000Z,1
2019-10-25T13:36:31.000Z,1
2019-10-25T13:53:45.000Z,1
2019-10-25T13:59:44.000Z,1
2019-10-25T14:05:32.000Z,1
2019-10-25T14:13:28.000Z,1
2019-10-25T14:33:37.000Z,1
2019-10-25T14:47:11.000Z,1
2019-10-25T14:52:41.000Z,1
2019-10-25T14:59:11.000Z,2
2019-10-25T15:00:31.000Z,1
2019-10-25T15:10:24.000Z,1
2019-10-25T15:49:38.000Z,1
2019-10-25T16:04:37.000Z,1
2019-10-25T16:23:12.000Z,1
2019-10-25T16:25:25.000Z,2
2019-10-25T16:32:36.000Z,1
2019-10-25T16:48:05.000Z,1
2019-10-25T17:08:20.000Z,1
2019-10-25T17:16:47.000Z,1
2019-10-25T17:44:20.000Z,1
2019-10-25T17:59:22.000Z,1
2019-10-25T18:04:39.000Z,1
2019-10-25T18:11:59.000Z,1
2019-10-25T19:00:45.000Z,1
2019-10-25T19:18:49.000Z,1
2019-10-25T20:28:31.000Z,1
2019-10-25T21:49:14.000Z,1
2019-10-25T23:31:02.000Z,1
2019-10-26T03:12:46.000Z,1
2019-10-26T08:00:29.000Z,1
2019-10-26T08:34:54.000Z,1
2019-10-26T09:09:32.000Z,1
2019-10-26T10:30:28.000Z,1
2019-10-26T10:44:51.000Z,1
2019-10-26T10:46:42.000Z,1
2019-10-26T10:46:49.000Z,2
2019-10-26T10:55:33.000Z,1
2019-10-26T12:05:15.000Z,1
2019-10-26T12:41:00.000Z,1
2019-10-26T12:56:05.000Z,1
2019-10-26T14:07:14.000Z,1
2019-10-27T06:35:58.000Z,1
2019-10-27T08:54:15.000Z,1
2019-10-27T09:44:35.000Z,1
2019-10-27T09:44:49.000Z,1
2019-10-27T09:58:18.000Z,1
2019-10-27T10:42:14.000Z,1
2019-10-27T10:48:14.000Z,1
2019-10-27T11:08:40.000Z,1
2019-10-27T11:51:56.000Z,1
2019-10-27T11:56:54.000Z,1
2019-10-27T12:37:10.000Z,2
2019-10-27T12:57:37.000Z,1
2019-10-27T13:10:25.000Z,1
2019-10-27T13:20:27.000Z,1
2019-10-27T13:40:17.000Z,1
2019-10-27T13:48:36.000Z,1
2019-10-27T13:58:22.000Z,1
2019-10-27T14:05:36.000Z,1
2019-10-27T14:08:44.000Z,2
2019-10-27T15:10:21.000Z,1
2019-10-27T15:10:42.000Z,1
2019-10-27T15:24:16.000Z,1
2019-10-27T15:27:18.000Z,1
2019-10-27T15:29:51.000Z,2
2019-10-27T15:41:54.000Z,3
2019-10-27T15:56:30.000Z,1
2019-10-27T15:57:56.000Z,1
2019-10-27T15:58:52.000Z,1
2019-10-27T16:18:17.000Z,1
2019-10-27T16:43:59.000Z,1
2019-10-27T17:06:26.000Z,1
2019-10-27T17:25:57.000Z,1
2019-10-27T17:28:33.000Z,1
2019-10-27T17:31:47.000Z,1
2019-10-27T19:18:58.000Z,1
2019-10-27T19:25:00.000Z,1
2019-10-27T19:55:56.000Z,1
2019-10-27T20:49:19.000Z,1
2019-10-27T22:26:39.000Z,1
2019-10-28T05:18:13.000Z,1
2019-10-28T05:35:55.000Z,1
2019-10-28T06:12:21.000Z,1
2019-10-28T06:22:34.000Z,1
2019-10-28T06:29:58.000Z,1
2019-10-28T06:48:28.000Z,1
2019-10-28T07:30:47.000Z,2
2019-10-28T07:58:12.000Z,1
2019-10-28T07:58:45.000Z,1
2019-10-28T08:12:25.000Z,1
2019-10-28T08:23:23.000Z,1
2019-10-28T08:34:51.000Z,1
2019-10-28T09:52:32.000Z,1
2019-10-28T10:54:27.000Z,1
2019-10-28T11:06:25.000Z,1
2019-10-28T11:28:49.000Z,1
2019-10-28T12:05:01.000Z,1
2019-10-28T12:18:18.000Z,1
2019-10-28T12:55:07.000Z,1
2019-10-28T13:31:21.000Z,1
2019-10-28T13:45:01.000Z,1
2019-10-28T14:02:02.000Z,1
2019-10-28T14:49:46.000Z,1
2019-10-28T15:01:40.000Z,1
2019-10-28T15:44:05.000Z,1
2019-10-28T16:04:00.000Z,1
2019-10-28T16:32:29.000Z,2
2019-10-28T16:34:34.000Z,1
2019-10-28T16:56:59.000Z,1
2019-10-28T17:09:20.000Z,1
2019-10-28T17:20:53.000Z,2
2019-10-28T17:22:13.000Z,2
2019-10-28T17:29:56.000Z,2
2019-10-28T18:08:48.000Z,1
2019-10-28T18:26:04.000Z,1
2019-10-28T18:53:14.000Z,1
2019-10-28T18:56:00.000Z,1
2019-10-28T19:13:40.000Z,1
2019-10-28T19:15:09.000Z,2
2019-10-28T19:24:11.000Z,1
2019-10-28T19:37:47.000Z,1
2019-10-28T20:04:24.000Z,1
2019-10-28T20:38:24.000Z,1
2019-10-28T21:48:16.000Z,1
2019-10-28T22:07:01.000Z,1
2019-10-28T22:58:52.000Z,1
2019-10-29T05:11:51.000Z,1
2019-10-29T05:43:56.000Z,1
2019-10-29T06:34:22.000Z,1
2019-10-29T06:58:07.000Z,1
2019-10-29T07:56:31.000Z,1
2019-10-29T08:09:32.000Z,1
2019-10-29T08:29:41.000Z,1
2019-10-29T08:33:54.000Z,1
2019-10-29T08:47:11.000Z,1
2019-10-29T08:48:44.000Z,1
2019-10-29T11:06:38.000Z,1
2019-10-29T11:45:11.000Z,1
2019-10-29T12:25:59.000Z,1
2019-10-29T12:47:15.000Z,2
2019-10-29T12:49:02.000Z,1
2019-10-29T13:03:17.000Z,1
2019-10-29T14:14:42.000Z,1
2019-10-29T15:12:45.000Z,1
2019-10-29T15:17:53.000Z,1
2019-10-29T15:22:37.000Z,1
2019-10-29T15:44:31.000Z,1
2019-10-29T15:56:46.000Z,1
2019-10-29T16:16:28.000Z,1
2019-10-29T17:16:41.000Z,1
2019-10-29T17:16:38.000Z,1
2019-10-29T17:17:18.000Z,1
2019-10-29T17:35:16.000Z,2
2019-10-29T17:36:49.000Z,1
2019-10-29T17:47:07.000Z,1
2019-10-29T17:56:45.000Z,1
2019-10-29T18:00:08.000Z,2
2019-10-29T18:02:46.000Z,1
2019-10-29T18:05:06.000Z,1
2019-10-29T18:06:07.000Z,2
2019-10-29T18:42:01.000Z,1
2019-10-29T18:51:18.000Z,1
2019-10-29T18:53:05.000Z,1
2019-10-29T19:10:09.000Z,1
2019-10-29T19:13:19.000Z,1
2019-10-29T19:37:43.000Z,1
2019-10-29T19:44:31.000Z,1
2019-10-29T19:57:38.000Z,1
2019-10-29T20:19:39.000Z,1
2019-10-29T20:56:35.000Z,1
2019-10-29T21:18:47.000Z,1
2019-10-29T22:43:46.000Z,1
2019-10-30T07:20:17.000Z,1
2019-10-30T08:50:09.000Z,1
2019-10-30T08:59:39.000Z,1
2019-10-30T09:17:36.000Z,1
2019-10-30T15:39:45.000Z,1
2019-10-30T16:24:08.000Z,1
2019-10-30T16:31:15.000Z,1
2019-10-30T16:54:32.000Z,1
2019-10-30T16:57:54.000Z,1
2019-10-30T16:59:52.000Z,1
2019-10-30T17:05:34.000Z,1
2019-10-30T17:12:04.000Z,2
2019-10-30T17:20:00.000Z,2
2019-10-30T17:25:24.000Z,1
2019-10-30T17:35:42.000Z,1
2019-10-30T18:36:40.000Z,1
2019-10-30T18:39:18.000Z,1
2019-10-24T07:41:56.000Z,1
2019-10-24T07:45:00.000Z,1
2019-10-24T07:46:06.000Z,1
2019-10-24T07:58:43.000Z,1
2019-10-24T08:00:22.000Z,1
2019-10-24T08:10:25.000Z,1
2019-10-24T08:34:35.000Z,1
2019-10-24T08:46:57.000Z,1
2019-10-24T08:52:02.000Z,2
2019-10-24T09:30:55.000Z,1
2019-10-24T10:08:08.000Z,1
2019-10-24T10:15:31.000Z,1
2019-10-24T10:49:35.000Z,2
2019-10-24T11:59:01.000Z,1
2019-10-24T12:06:25.000Z,1
2019-10-24T13:10:00.000Z,1
2019-10-24T13:17:27.000Z,1
2019-10-24T18:09:01.000Z,1
2019-10-24T18:38:59.000Z,2
2019-10-24T09:16:54.000Z,1
2019-10-24T10:02:37.000Z,1
2019-10-24T13:12:10.000Z,1
2019-10-24T14:21:20.000Z,1
2019-10-24T14:39:23.000Z,1
2019-10-24T15:07:16.000Z,1
2019-10-24T15:50:13.000Z,1
2019-10-24T16:07:59.000Z,1
2019-10-24T16:18:17.000Z,1
2019-10-24T16:39:37.000Z,2
2019-10-24T16:50:05.000Z,1
2019-10-24T17:00:02.000Z,1
2019-10-24T17:17:58.000Z,1
2019-10-24T17:30:25.000Z,1
2019-10-24T17:30:38.000Z,1
2019-10-24T18:10:48.000Z,1
2019-10-24T18:36:51.000Z,1
2019-10-24T19:01:56.000Z,1
2019-10-24T19:05:45.000Z,1
2019-10-24T19:07:54.000Z,1
2019-10-24T19:36:58.000Z,1
2019-10-24T19:48:09.000Z,1
2019-10-24T19:48:41.000Z,1
2019-10-24T19:49:53.000Z,1
2019-10-24T20:26:52.000Z,1
2019-10-24T21:13:35.000Z,1
2019-10-24T22:40:03.000Z,1
2019-10-25T00:09:28.000Z,1
2019-10-25T06:29:00.000Z,1
2019-10-25T06:39:23.000Z,1
2019-10-25T06:58:44.000Z,1
2019-10-25T07:22:24.000Z,1
2019-10-25T07:25:26.000Z,1
2019-10-25T07:34:20.000Z,1
2019-10-25T07:42:36.000Z,1
2019-10-25T07:51:13.000Z,1
2019-10-25T07:56:15.000Z,1
2019-10-25T07:58:20.000Z,1
2019-10-25T08:11:14.000Z,1
2019-10-25T08:15:17.000Z,1
2019-10-25T08:18:41.000Z,1
2019-10-25T08:39:51.000Z,2
2019-10-25T08:41:50.000Z,1
2019-10-25T09:01:35.000Z,1
2019-10-25T09:19:03.000Z,1
2019-10-25T09:55:45.000Z,1
2019-10-25T10:30:54.000Z,1
2019-10-25T10:45:39.000Z,1
2019-10-25T10:58:07.000Z,1
2019-10-25T11:23:41.000Z,1
2019-10-25T11:40:38.000Z,1
2019-10-25T12:19:36.000Z,1
2019-10-25T12:42:27.000Z,1
2019-10-25T13:11:01.000Z,1
2019-10-25T13:16:02.000Z,1
2019-10-25T13:21:25.000Z,1
2019-10-25T13:53:56.000Z,2
2019-10-25T14:03:09.000Z,1
2019-10-25T14:03:17.000Z,1
2019-10-25T14:13:37.000Z,1
2019-10-25T14:27:53.000Z,1
2019-10-25T14:36:52.000Z,2
2019-10-25T14:40:50.000Z,1
2019-10-25T14:52:27.000Z,1
2019-10-25T15:11:07.000Z,1
2019-10-25T15:17:25.000Z,2
2019-10-25T15:26:37.000Z,1
2019-10-25T15:32:53.000Z,1
2019-10-25T15:52:43.000Z,1
2019-10-25T15:53:16.000Z,1
2019-10-25T16:06:49.000Z,1
2019-10-25T16:18:00.000Z,1
2019-10-25T16:30:38.000Z,1
2019-10-25T16:34:32.000Z,1
2019-10-25T16:37:02.000Z,1
2019-10-25T16:42:08.000Z,1
2019-10-25T16:56:14.000Z,2
2019-10-25T17:01:09.000Z,2
2019-10-25T17:13:32.000Z,2
2019-10-25T17:14:35.000Z,1
2019-10-25T17:17:58.000Z,1
2019-10-25T17:25:35.000Z,1
2019-10-25T17:56:36.000Z,1
2019-10-25T17:57:17.000Z,1
2019-10-25T18:02:21.000Z,3
2019-10-25T18:14:41.000Z,1
2019-10-25T18:16:18.000Z,1
2019-10-25T18:28:06.000Z,1
2019-10-25T18:45:25.000Z,1
2019-10-25T18:49:58.000Z,1
2019-10-25T19:54:43.000Z,1
2019-10-25T20:24:37.000Z,1
2019-10-25T21:49:35.000Z,1
2019-10-25T22:23:46.000Z,1
2019-10-25T22:58:59.000Z,1
2019-10-25T23:44:39.000Z,1
2019-10-26T00:23:10.000Z,1
2019-10-26T03:05:11.000Z,1
2019-10-26T09:15:29.000Z,1
2019-10-26T10:01:13.000Z,2
2019-10-26T11:23:23.000Z,1
2019-10-26T11:48:10.000Z,1
2019-10-26T11:54:12.000Z,1
2019-10-26T12:14:11.000Z,1
2019-10-26T12:34:40.000Z,1
2019-10-26T13:09:38.000Z,1
2019-10-26T13:16:34.000Z,1
2019-10-26T17:05:21.000Z,1
2019-10-26T19:11:15.000Z,1
2019-10-27T08:28:12.000Z,1
2019-10-27T09:17:20.000Z,1
2019-10-27T10:11:04.000Z,1
2019-10-27T10:25:50.000Z,1
2019-10-27T10:33:39.000Z,1
2019-10-27T10:39:20.000Z,1
2019-10-27T11:07:18.000Z,1
2019-10-27T11:10:40.000Z,1
2019-10-27T11:11:11.000Z,1
2019-10-27T11:20:24.000Z,1
2019-10-27T11:29:05.000Z,1
2019-10-27T11:36:20.000Z,1
2019-10-27T12:04:13.000Z,1
2019-10-27T12:22:36.000Z,1
2019-10-27T12:36:01.000Z,1
2019-10-27T12:38:38.000Z,1
2019-10-27T12:53:46.000Z,1
2019-10-27T12:55:19.000Z,1
2019-10-27T13:18:21.000Z,1
2019-10-27T13:21:44.000Z,2
2019-10-27T13:22:35.000Z,1
2019-10-27T13:24:51.000Z,1
2019-10-27T13:35:59.000Z,1
2019-10-27T14:22:07.000Z,1
2019-10-27T14:22:55.000Z,1
2019-10-27T15:15:27.000Z,1
2019-10-27T15:29:05.000Z,1
2019-10-27T15:45:36.000Z,1
2019-10-27T16:03:08.000Z,1
2019-10-27T16:22:31.000Z,1
2019-10-27T16:25:20.000Z,1
2019-10-27T16:27:57.000Z,2
2019-10-27T16:29:48.000Z,1
2019-10-27T16:57:58.000Z,1
2019-10-27T17:02:56.000Z,1
2019-10-27T17:18:41.000Z,1
2019-10-27T17:18:59.000Z,1
2019-10-27T17:28:46.000Z,1
2019-10-27T17:29:38.000Z,1
2019-10-27T17:53:09.000Z,1
2019-10-27T17:55:33.000Z,1
2019-10-27T18:04:39.000Z,1
2019-10-27T18:49:21.000Z,1
2019-10-27T19:16:30.000Z,1
2019-10-27T20:02:15.000Z,1
2019-10-27T20:02:57.000Z,1
2019-10-27T20:58:37.000Z,1
2019-10-27T21:11:52.000Z,1
2019-10-27T21:13:18.000Z,1
2019-10-27T21:26:24.000Z,1
2019-10-27T21:39:02.000Z,1
2019-10-28T01:01:19.000Z,1
2019-10-28T05:39:24.000Z,1
2019-10-28T05:57:14.000Z,1
2019-10-28T06:51:50.000Z,1
2019-10-28T06:56:53.000Z,3
2019-10-28T07:22:14.000Z,1
2019-10-28T07:27:26.000Z,1
2019-10-28T07:27:39.000Z,1
2019-10-28T07:34:53.000Z,1
2019-10-28T07:51:41.000Z,1
2019-10-28T08:07:38.000Z,2
2019-10-28T08:08:44.000Z,2
2019-10-28T08:10:28.000Z,1
2019-10-28T08:17:03.000Z,1
2019-10-28T08:17:48.000Z,1
2019-10-28T08:18:31.000Z,1
2019-10-28T08:23:28.000Z,1
2019-10-28T08:29:59.000Z,1
2019-10-28T08:58:05.000Z,1
2019-10-28T09:12:07.000Z,1
2019-10-28T09:29:59.000Z,1
2019-10-28T10:32:36.000Z,1
2019-10-28T11:40:46.000Z,1
2019-10-28T11:42:46.000Z,1
2019-10-28T12:12:37.000Z,1
2019-10-28T12:18:13.000Z,1
2019-10-28T12:52:57.000Z,1
2019-10-28T15:42:12.000Z,1
2019-10-28T15:42:37.000Z,1
2019-10-28T15:45:28.000Z,1
2019-10-28T15:59:33.000Z,1
2019-10-28T16:11:14.000Z,1
2019-10-28T16:20:40.000Z,1
2019-10-28T16:30:25.000Z,1
2019-10-28T16:35:19.000Z,1
2019-10-28T16:37:52.000Z,1
2019-10-28T16:48:36.000Z,1
2019-10-28T16:50:06.000Z,1
2019-10-28T16:51:03.000Z,1
2019-10-28T16:55:09.000Z,1
2019-10-28T17:17:33.000Z,1
2019-10-28T17:19:55.000Z,2
2019-10-28T17:24:58.000Z,1
2019-10-28T17:32:07.000Z,2
2019-10-28T17:46:55.000Z,1
2019-10-28T17:50:42.000Z,1
2019-10-28T18:04:50.000Z,2
2019-10-28T18:46:11.000Z,1
2019-10-28T19:52:49.000Z,1
2019-10-28T20:00:23.000Z,1
2019-10-28T21:17:33.000Z,1
2019-10-28T21:23:52.000Z,1
2019-10-28T22:20:25.000Z,1
2019-10-29T03:46:19.000Z,1
2019-10-29T05:56:25.000Z,1
2019-10-29T06:20:56.000Z,1
2019-10-29T06:28:42.000Z,1
2019-10-29T06:41:02.000Z,1
2019-10-29T07:10:18.000Z,1
2019-10-29T07:28:39.000Z,1
2019-10-29T07:33:24.000Z,1
2019-10-29T07:34:33.000Z,2
2019-10-29T07:35:12.000Z,1
2019-10-29T07:47:22.000Z,1
2019-10-29T07:48:21.000Z,1
2019-10-29T07:53:14.000Z,2
2019-10-29T08:07:24.000Z,1
2019-10-29T08:08:00.000Z,1
2019-10-29T08:18:28.000Z,1
2019-10-29T08:48:03.000Z,1
2019-10-29T09:00:59.000Z,2
2019-10-29T09:09:57.000Z,1
2019-10-29T09:23:55.000Z,1
2019-10-29T10:09:55.000Z,1
2019-10-29T10:12:23.000Z,1
2019-10-29T11:12:12.000Z,1
2019-10-29T11:41:05.000Z,2
2019-10-29T11:51:13.000Z,1
2019-10-29T11:52:22.000Z,1
2019-10-29T12:23:05.000Z,1
2019-10-29T12:26:27.000Z,1
2019-10-29T13:15:59.000Z,1
2019-10-29T13:56:53.000Z,1
2019-10-29T14:44:30.000Z,1
2019-10-29T14:44:51.000Z,1
2019-10-29T15:10:06.000Z,2
2019-10-29T16:27:16.000Z,1
2019-10-29T16:31:16.000Z,1
2019-10-29T16:34:06.000Z,1
2019-10-29T16:34:56.000Z,1
2019-10-29T16:41:07.000Z,1
2019-10-29T16:42:33.000Z,1
2019-10-29T16:46:12.000Z,1
2019-10-29T17:02:21.000Z,1
2019-10-29T17:25:56.000Z,2
2019-10-29T17:31:02.000Z,2
2019-10-29T17:43:55.000Z,1
2019-10-29T17:48:07.000Z,1
2019-10-29T17:48:35.000Z,2
2019-10-29T17:55:03.000Z,1
2019-10-29T17:59:52.000Z,1
2019-10-29T18:21:08.000Z,1
2019-10-29T18:39:16.000Z,1
2019-10-29T18:54:34.000Z,1
2019-10-29T19:00:00.000Z,1
2019-10-29T19:04:46.000Z,1
2019-10-29T19:17:40.000Z,1
2019-10-29T19:24:28.000Z,1
2019-10-29T19:24:38.000Z,1
2019-10-29T19:36:36.000Z,1
2019-10-29T19:52:45.000Z,1
2019-10-29T20:03:52.000Z,1
2019-10-29T20:59:40.000Z,1
2019-10-29T21:03:39.000Z,1
2019-10-29T21:14:23.000Z,1
2019-10-29T21:15:29.000Z,1
2019-10-29T21:43:42.000Z,1
2019-10-29T21:46:40.000Z,1
2019-10-29T22:43:53.000Z,1
2019-10-29T23:41:13.000Z,1
2019-10-30T07:45:10.000Z,1
2019-10-30T09:06:22.000Z,1
2019-10-30T12:34:11.000Z,1
2019-10-30T12:39:03.000Z,1
2019-10-30T16:06:40.000Z,1
2019-10-30T16:58:26.000Z,1
2019-10-30T17:04:33.000Z,1
2019-10-30T17:10:25.000Z,1
2019-10-30T17:14:36.000Z,1
2019-10-30T17:37:54.000Z,1
2019-10-30T18:05:26.000Z,1
2019-10-30T18:52:58.000Z,1
2019-10-24T07:37:35.000Z,1
2019-10-24T07:48:32.000Z,1
2019-10-24T07:56:25.000Z,1
2019-10-24T08:13:20.000Z,1
2019-10-24T08:17:52.000Z,1
2019-10-24T08:20:41.000Z,1
2019-10-24T08:38:01.000Z,1
2019-10-24T08:48:22.000Z,1
2019-10-24T08:53:09.000Z,1
2019-10-24T09:06:48.000Z,2
2019-10-24T09:17:42.000Z,1
2019-10-24T12:07:57.000Z,1
2019-10-24T12:39:30.000Z,1
2019-10-24T14:09:46.000Z,1
2019-10-24T15:34:38.000Z,2
2019-10-24T17:11:31.000Z,1
2019-10-24T17:44:17.000Z,3
2019-10-24T20:57:40.000Z,1
2019-10-24T22:14:37.000Z,1
2019-10-24T10:45:18.000Z,1
2019-10-24T11:45:46.000Z,1
2019-10-24T13:51:54.000Z,1
2019-10-24T14:33:29.000Z,1
2019-10-24T15:42:11.000Z,1
2019-10-24T15:44:40.000Z,1
2019-10-24T16:19:39.000Z,2
2019-10-24T16:52:02.000Z,1
2019-10-24T16:56:21.000Z,1
2019-10-24T17:19:43.000Z,1
2019-10-24T17:20:58.000Z,1
2019-10-24T17:33:27.000Z,1
2019-10-24T17:36:55.000Z,1
2019-10-24T17:42:30.000Z,2
2019-10-24T18:15:44.000Z,1
2019-10-24T18:26:13.000Z,1
2019-10-24T18:32:20.000Z,1
2019-10-24T19:09:09.000Z,1
2019-10-24T19:16:40.000Z,1
2019-10-24T19:24:39.000Z,1
2019-10-24T20:00:59.000Z,1
2019-10-24T20:17:43.000Z,1
2019-10-24T21:03:54.000Z,1
2019-10-24T21:14:01.000Z,1
2019-10-24T23:17:48.000Z,1
2019-10-25T00:03:46.000Z,1
2019-10-25T05:26:04.000Z,2
2019-10-25T06:11:11.000Z,1
2019-10-25T06:32:43.000Z,1
2019-10-25T06:47:57.000Z,1
2019-10-25T06:48:56.000Z,1
2019-10-25T07:04:38.000Z,1
2019-10-25T07:11:53.000Z,1
2019-10-25T07:15:55.000Z,1
2019-10-25T07:19:32.000Z,1
2019-10-25T07:57:56.000Z,1
2019-10-25T08:11:50.000Z,1
2019-10-25T08:29:53.000Z,1
2019-10-25T08:30:23.000Z,1
2019-10-25T08:31:08.000Z,1
2019-10-25T08:43:13.000Z,1
2019-10-25T08:47:05.000Z,1
2019-10-25T09:01:26.000Z,1
2019-10-25T10:19:58.000Z,1
2019-10-25T10:20:10.000Z,1
2019-10-25T11:06:51.000Z,1
2019-10-25T11:18:41.000Z,1
2019-10-25T11:34:10.000Z,1
2019-10-25T11:40:46.000Z,1
2019-10-25T11:57:20.000Z,1
2019-10-25T11:58:40.000Z,1
2019-10-25T12:05:52.000Z,1
2019-10-25T12:27:15.000Z,1
2019-10-25T12:49:04.000Z,1
2019-10-25T13:10:59.000Z,1
2019-10-25T13:13:15.000Z,1
2019-10-25T13:16:01.000Z,1
2019-10-25T13:25:02.000Z,1
2019-10-25T13:30:47.000Z,1
2019-10-25T13:43:54.000Z,1
2019-10-25T14:04:46.000Z,1
2019-10-25T14:16:13.000Z,1
2019-10-25T14:27:30.000Z,2
2019-10-25T15:09:54.000Z,1
2019-10-25T15:24:39.000Z,1
2019-10-25T15:25:08.000Z,1
2019-10-25T15:43:13.000Z,1
2019-10-25T16:02:16.000Z,1
2019-10-25T16:14:16.000Z,2
2019-10-25T16:44:19.000Z,1
2019-10-25T16:56:22.000Z,3
2019-10-25T16:57:46.000Z,2
2019-10-25T17:36:16.000Z,1
2019-10-25T17:41:56.000Z,1
2019-10-25T17:44:40.000Z,1
2019-10-25T17:47:36.000Z,2
2019-10-25T17:50:38.000Z,1
2019-10-25T18:10:24.000Z,1
2019-10-25T18:48:12.000Z,1
2019-10-25T19:17:24.000Z,1
2019-10-25T21:01:23.000Z,1
2019-10-25T21:28:40.000Z,1
2019-10-25T23:55:26.000Z,1
2019-10-26T02:59:13.000Z,1
2019-10-26T07:16:15.000Z,1
2019-10-26T07:50:23.000Z,1
2019-10-26T08:45:53.000Z,1
2019-10-26T10:18:32.000Z,1
2019-10-26T10:27:58.000Z,1
2019-10-26T10:41:49.000Z,1
2019-10-26T11:03:29.000Z,1
2019-10-26T11:37:44.000Z,1
2019-10-26T11:45:30.000Z,2
2019-10-26T11:57:48.000Z,1
2019-10-26T13:10:42.000Z,1
2019-10-26T13:53:46.000Z,1
2019-10-26T16:59:59.000Z,1
2019-10-27T09:08:08.000Z,1
2019-10-27T09:32:51.000Z,1
2019-10-27T09:39:34.000Z,1
2019-10-27T09:43:59.000Z,1
2019-10-27T10:25:37.000Z,1
2019-10-27T10:48:12.000Z,1
2019-10-27T10:50:26.000Z,2
2019-10-27T11:03:45.000Z,2
2019-10-27T11:10:29.000Z,1
2019-10-27T11:20:14.000Z,1
2019-10-27T11:43:31.000Z,1
2019-10-27T11:49:41.000Z,1
2019-10-27T11:54:48.000Z,1
2019-10-27T12:15:09.000Z,2
2019-10-27T12:18:52.000Z,2
2019-10-27T12:28:04.000Z,1
2019-10-27T12:34:35.000Z,1
2019-10-27T12:48:40.000Z,2
2019-10-27T12:50:24.000Z,1
2019-10-27T13:17:48.000Z,1
2019-10-27T13:27:32.000Z,1
2019-10-27T13:39:10.000Z,1
2019-10-27T14:08:36.000Z,1
2019-10-27T14:18:09.000Z,1
2019-10-27T14:18:38.000Z,1
2019-10-27T14:21:14.000Z,1
2019-10-27T14:47:27.000Z,1
2019-10-27T14:55:07.000Z,1
2019-10-27T15:15:37.000Z,2
2019-10-27T15:32:24.000Z,1
2019-10-27T15:35:00.000Z,1
2019-10-27T15:59:05.000Z,1
2019-10-27T16:19:53.000Z,1
2019-10-27T16:55:46.000Z,3
2019-10-27T17:23:38.000Z,1
2019-10-27T17:28:34.000Z,1
2019-10-27T17:55:29.000Z,2
2019-10-27T18:09:27.000Z,1
2019-10-27T18:16:42.000Z,1
2019-10-27T18:22:56.000Z,1
2019-10-27T19:05:04.000Z,1
2019-10-27T19:22:48.000Z,1
2019-10-27T19:28:11.000Z,1
2019-10-27T19:59:50.000Z,1
2019-10-27T20:03:50.000Z,1
2019-10-27T23:51:42.000Z,1
2019-10-28T07:11:23.000Z,1
2019-10-28T07:16:57.000Z,1
2019-10-28T07:24:10.000Z,1
2019-10-28T07:33:50.000Z,1
2019-10-28T07:42:38.000Z,1
2019-10-28T07:53:05.000Z,1
2019-10-28T08:02:41.000Z,1
2019-10-28T08:04:47.000Z,1
2019-10-28T08:24:34.000Z,1
2019-10-28T08:47:45.000Z,1
2019-10-28T09:00:54.000Z,1
2019-10-28T09:02:57.000Z,1
2019-10-28T09:11:36.000Z,2
2019-10-28T10:15:26.000Z,1
2019-10-28T10:16:56.000Z,1
2019-10-28T10:32:00.000Z,2
2019-10-28T10:35:14.000Z,1
2019-10-28T10:48:23.000Z,1
2019-10-28T11:31:29.000Z,1
2019-10-28T11:51:14.000Z,1
2019-10-28T11:59:37.000Z,1
2019-10-28T13:42:27.000Z,1
2019-10-28T13:46:50.000Z,1
2019-10-28T15:07:06.000Z,1
2019-10-28T15:14:16.000Z,1
2019-10-28T15:32:33.000Z,2
2019-10-28T16:08:14.000Z,1
2019-10-28T16:13:51.000Z,1
2019-10-28T16:21:17.000Z,1
2019-10-28T16:33:56.000Z,1
2019-10-28T16:35:23.000Z,1
2019-10-28T16:42:26.000Z,2
2019-10-28T16:51:02.000Z,1
2019-10-28T16:51:14.000Z,1
2019-10-28T16:54:59.000Z,2
2019-10-28T17:15:05.000Z,1
2019-10-28T17:16:48.000Z,1
2019-10-28T17:19:42.000Z,1
2019-10-28T17:23:27.000Z,1
2019-10-28T17:25:08.000Z,1
2019-10-28T17:32:44.000Z,2
2019-10-28T17:40:46.000Z,2
2019-10-28T17:48:50.000Z,1
2019-10-28T18:28:02.000Z,2
2019-10-28T18:36:22.000Z,1
2019-10-28T18:46:47.000Z,1
2019-10-28T18:49:40.000Z,1
2019-10-28T19:12:57.000Z,1
2019-10-28T19:26:36.000Z,1
2019-10-28T19:45:15.000Z,1
2019-10-28T20:03:17.000Z,1
2019-10-28T20:50:36.000Z,1
2019-10-28T21:09:54.000Z,1
2019-10-28T21:29:53.000Z,1
2019-10-28T21:52:18.000Z,1
2019-10-29T05:37:53.000Z,1
2019-10-29T05:52:35.000Z,1
2019-10-29T06:11:10.000Z,1
2019-10-29T06:18:27.000Z,1
2019-10-29T06:35:00.000Z,1
2019-10-29T06:51:31.000Z,1
2019-10-29T07:21:47.000Z,1
2019-10-29T07:34:38.000Z,1
2019-10-29T07:51:28.000Z,1
2019-10-29T08:05:59.000Z,1
2019-10-29T08:09:22.000Z,1
2019-10-29T08:27:13.000Z,1
2019-10-29T08:33:17.000Z,2
2019-10-29T08:34:33.000Z,2
2019-10-29T08:42:02.000Z,1
2019-10-29T08:49:38.000Z,1
2019-10-29T09:34:52.000Z,1
2019-10-29T09:45:39.000Z,1
2019-10-29T10:21:40.000Z,1
2019-10-29T11:01:43.000Z,1
2019-10-29T11:45:04.000Z,2
2019-10-29T11:45:56.000Z,1
2019-10-29T12:22:22.000Z,1
2019-10-29T13:04:31.000Z,1
2019-10-29T13:05:01.000Z,2
2019-10-29T14:30:55.000Z,1
2019-10-29T15:32:53.000Z,1
2019-10-29T16:11:22.000Z,1
2019-10-29T16:12:29.000Z,1
2019-10-29T16:18:59.000Z,1
2019-10-29T16:56:34.000Z,2
2019-10-29T17:31:42.000Z,1
2019-10-29T17:33:17.000Z,1
2019-10-29T17:48:49.000Z,2
2019-10-29T17:52:40.000Z,1
2019-10-29T17:54:55.000Z,1
2019-10-29T18:11:11.000Z,1
2019-10-29T18:21:37.000Z,1
2019-10-29T18:21:44.000Z,1
2019-10-29T18:44:03.000Z,1
2019-10-29T19:03:33.000Z,1
2019-10-29T19:19:33.000Z,1
2019-10-29T19:20:51.000Z,1
2019-10-29T20:42:39.000Z,1
2019-10-29T20:43:03.000Z,1
2019-10-29T23:05:03.000Z,1
2019-10-30T01:10:30.000Z,1
2019-10-30T05:21:42.000Z,1
2019-10-30T07:25:47.000Z,1
2019-10-30T09:21:08.000Z,1
2019-10-30T14:37:08.000Z,1
2019-10-30T16:12:40.000Z,1
2019-10-30T16:27:43.000Z,1
2019-10-30T16:31:30.000Z,1
2019-10-30T16:45:59.000Z,2
2019-10-30T16:47:28.000Z,2
2019-10-30T17:07:57.000Z,1
2019-10-30T17:31:40.000Z,1
2019-10-30T17:35:50.000Z,2
2019-10-24T07:33:09.000Z,1
2019-10-24T07:34:11.000Z,1
2019-10-24T08:00:57.000Z,1
2019-10-24T08:04:20.000Z,1
2019-10-24T08:12:59.000Z,1
2019-10-24T08:14:36.000Z,3
2019-10-24T08:26:43.000Z,2
2019-10-24T08:27:14.000Z,1
2019-10-24T08:31:36.000Z,1
2019-10-24T08:58:16.000Z,1
2019-10-24T13:17:30.000Z,1
2019-10-24T15:55:09.000Z,2
2019-10-24T16:06:48.000Z,1
2019-10-24T16:20:08.000Z,1
2019-10-24T22:05:20.000Z,1
2019-10-24T09:52:51.000Z,1
2019-10-24T10:34:41.000Z,1
2019-10-24T11:50:52.000Z,1
2019-10-24T12:48:05.000Z,1
2019-10-24T13:14:00.000Z,1
2019-10-24T14:07:55.000Z,1
2019-10-24T14:24:28.000Z,1
2019-10-24T14:31:28.000Z,1
2019-10-24T14:34:56.000Z,1
2019-10-24T15:00:29.000Z,1
2019-10-24T15:21:03.000Z,1
2019-10-24T15:34:36.000Z,1
2019-10-24T15:37:31.000Z,1
2019-10-24T15:55:22.000Z,1
2019-10-24T16:09:30.000Z,1
2019-10-24T16:19:30.000Z,1
2019-10-24T16:39:41.000Z,1
2019-10-24T16:51:24.000Z,1
2019-10-24T16:55:46.000Z,1
2019-10-24T16:55:49.000Z,2
2019-10-24T17:12:17.000Z,2
2019-10-24T17:16:57.000Z,3
2019-10-24T17:45:48.000Z,1
2019-10-24T18:05:12.000Z,1
2019-10-24T18:23:05.000Z,1
2019-10-24T18:48:07.000Z,1
2019-10-24T18:48:38.000Z,1
2019-10-24T19:07:48.000Z,1
2019-10-24T19:27:25.000Z,1
2019-10-24T19:32:40.000Z,1
2019-10-24T20:28:36.000Z,1
2019-10-24T20:50:46.000Z,1
2019-10-24T20:55:27.000Z,1
2019-10-24T21:10:47.000Z,1
2019-10-24T21:37:49.000Z,1
2019-10-24T21:56:57.000Z,1
2019-10-24T22:24:06.000Z,1
2019-10-24T23:25:47.000Z,1
2019-10-25T00:20:18.000Z,1
2019-10-25T06:22:45.000Z,1
2019-10-25T06:42:50.000Z,1
2019-10-25T07:48:35.000Z,1
2019-10-25T07:50:26.000Z,1
2019-10-25T07:56:14.000Z,1
2019-10-25T07:57:23.000Z,1
2019-10-25T08:19:37.000Z,1
2019-10-25T08:19:49.000Z,2
2019-10-25T08:33:46.000Z,2
2019-10-25T08:38:03.000Z,2
2019-10-25T08:49:17.000Z,1
2019-10-25T09:51:41.000Z,1
2019-10-25T10:40:26.000Z,1
2019-10-25T10:43:32.000Z,1
2019-10-25T11:31:13.000Z,1
2019-10-25T11:44:29.000Z,1
2019-10-25T11:51:37.000Z,1
2019-10-25T12:01:54.000Z,1
2019-10-25T12:09:48.000Z,1
2019-10-25T12:36:19.000Z,1
2019-10-25T13:15:44.000Z,1
2019-10-25T13:26:48.000Z,2
2019-10-25T14:03:18.000Z,1
2019-10-25T14:05:22.000Z,1
2019-10-25T14:07:22.000Z,1
2019-10-25T14:47:54.000Z,1
2019-10-25T14:51:51.000Z,2
2019-10-25T15:07:08.000Z,2
2019-10-25T15:11:10.000Z,1
2019-10-25T15:13:41.000Z,1
2019-10-25T15:34:12.000Z,1
2019-10-25T15:41:54.000Z,1
2019-10-25T15:48:09.000Z,1
2019-10-25T16:03:20.000Z,1
2019-10-25T16:08:52.000Z,1
2019-10-25T16:12:07.000Z,1
2019-10-25T16:34:50.000Z,1
2019-10-25T16:37:00.000Z,1
2019-10-25T16:44:50.000Z,1
2019-10-25T16:45:12.000Z,1
2019-10-25T16:50:33.000Z,1
2019-10-25T16:51:49.000Z,1
2019-10-25T16:53:02.000Z,1
2019-10-25T16:54:45.000Z,1
2019-10-25T17:01:32.000Z,1
2019-10-25T17:04:29.000Z,1
2019-10-25T17:09:03.000Z,1
2019-10-25T17:31:44.000Z,1
2019-10-25T17:40:23.000Z,1
2019-10-25T17:48:26.000Z,1
2019-10-25T17:48:53.000Z,1
2019-10-25T17:56:24.000Z,1
2019-10-25T17:57:34.000Z,1
2019-10-25T18:12:42.000Z,1
2019-10-25T18:29:14.000Z,1
2019-10-25T18:56:23.000Z,2
2019-10-25T19:26:46.000Z,1
2019-10-25T20:16:59.000Z,1
2019-10-25T20:28:10.000Z,1
2019-10-25T20:50:53.000Z,1
2019-10-25T22:16:58.000Z,1
2019-10-26T06:31:16.000Z,1
2019-10-26T06:54:31.000Z,1
2019-10-26T08:21:59.000Z,1
2019-10-26T08:31:31.000Z,1
2019-10-26T09:00:17.000Z,1
2019-10-26T09:55:24.000Z,2
2019-10-26T10:37:19.000Z,1
2019-10-26T10:53:28.000Z,1
2019-10-26T11:47:11.000Z,1
2019-10-26T12:00:49.000Z,2
2019-10-26T12:06:38.000Z,1
2019-10-26T12:13:24.000Z,1
2019-10-26T12:15:48.000Z,1
2019-10-26T12:46:32.000Z,1
2019-10-26T12:59:45.000Z,1
2019-10-26T18:36:11.000Z,1
2019-10-27T00:50:52.000Z,2
2019-10-27T01:10:35.000Z,1
2019-10-27T01:49:43.000Z,1
2019-10-27T06:55:33.000Z,1
2019-10-27T09:41:29.000Z,1
2019-10-27T10:12:09.000Z,1
2019-10-27T10:14:05.000Z,1
2019-10-27T10:25:01.000Z,1
2019-10-27T10:44:04.000Z,1
2019-10-27T10:44:42.000Z,1
2019-10-27T10:49:26.000Z,1
2019-10-27T10:50:06.000Z,1
2019-10-27T11:26:28.000Z,1
2019-10-27T11:35:39.000Z,1
2019-10-27T11:37:11.000Z,1
2019-10-27T11:39:25.000Z,1
2019-10-27T11:51:58.000Z,1
2019-10-27T12:51:49.000Z,1
2019-10-27T13:51:38.000Z,1
2019-10-27T14:39:44.000Z,2
2019-10-27T14:53:36.000Z,1
2019-10-27T15:00:12.000Z,1
2019-10-27T15:46:35.000Z,1
2019-10-27T15:48:04.000Z,1
2019-10-27T16:04:30.000Z,1
2019-10-27T16:38:16.000Z,1
2019-10-27T16:55:01.000Z,2
2019-10-27T16:57:27.000Z,1
2019-10-27T17:03:20.000Z,1
2019-10-27T17:08:59.000Z,2
2019-10-27T17:53:39.000Z,1
2019-10-27T18:18:00.000Z,1
2019-10-27T18:32:07.000Z,1
2019-10-27T18:36:01.000Z,1
2019-10-27T18:42:56.000Z,2
2019-10-27T19:02:22.000Z,1
2019-10-27T19:17:32.000Z,1
2019-10-27T19:37:33.000Z,1
2019-10-27T20:32:12.000Z,1
2019-10-27T21:33:56.000Z,1
2019-10-27T22:54:21.000Z,1
2019-10-28T01:51:32.000Z,1
2019-10-28T06:04:13.000Z,1
2019-10-28T06:36:09.000Z,1
2019-10-28T06:37:11.000Z,1
2019-10-28T06:44:40.000Z,1
2019-10-28T07:22:03.000Z,1
2019-10-28T07:32:56.000Z,1
2019-10-28T07:36:43.000Z,2
2019-10-28T07:38:00.000Z,1
2019-10-28T07:49:17.000Z,1
2019-10-28T07:53:00.000Z,1
2019-10-28T07:57:31.000Z,1
2019-10-28T08:01:00.000Z,1
2019-10-28T08:02:12.000Z,2
2019-10-28T08:13:55.000Z,1
2019-10-28T08:17:32.000Z,1
2019-10-28T08:18:52.000Z,1
2019-10-28T08:29:41.000Z,1
2019-10-28T08:30:15.000Z,2
2019-10-28T08:41:55.000Z,1
2019-10-28T08:59:11.000Z,1
2019-10-28T09:51:02.000Z,1
2019-10-28T10:48:35.000Z,2
2019-10-28T12:15:55.000Z,1
2019-10-28T12:23:33.000Z,1
2019-10-28T12:30:54.000Z,1
2019-10-28T14:44:24.000Z,3
2019-10-28T16:34:41.000Z,1
2019-10-28T16:39:06.000Z,1
2019-10-28T16:44:07.000Z,2
2019-10-28T16:59:58.000Z,2
2019-10-28T17:08:28.000Z,1
2019-10-28T17:12:03.000Z,1
2019-10-28T17:13:11.000Z,1
2019-10-28T17:24:08.000Z,1
2019-10-28T17:24:52.000Z,1
2019-10-28T17:28:08.000Z,1
2019-10-28T17:30:05.000Z,1
2019-10-28T17:54:41.000Z,1
2019-10-28T18:03:54.000Z,1
2019-10-28T18:07:29.000Z,1
2019-10-28T18:08:07.000Z,1
2019-10-28T18:14:07.000Z,1
2019-10-28T18:15:03.000Z,1
2019-10-28T18:20:40.000Z,1
2019-10-28T18:26:10.000Z,1
2019-10-28T18:35:07.000Z,1
2019-10-28T19:08:47.000Z,1
2019-10-28T19:15:43.000Z,1
2019-10-28T20:16:59.000Z,1
2019-10-28T20:18:57.000Z,1
2019-10-28T21:44:27.000Z,1
2019-10-29T06:54:08.000Z,1
2019-10-29T07:13:16.000Z,1
2019-10-29T07:23:27.000Z,1
2019-10-29T07:53:11.000Z,1
2019-10-29T08:21:01.000Z,1
2019-10-29T08:22:34.000Z,1
2019-10-29T08:24:11.000Z,2
2019-10-29T08:27:26.000Z,2
2019-10-29T09:16:10.000Z,1
2019-10-29T09:21:08.000Z,1
2019-10-29T11:23:36.000Z,1
2019-10-29T14:45:22.000Z,1
2019-10-29T15:47:54.000Z,1
2019-10-29T15:54:12.000Z,2
2019-10-29T15:54:34.000Z,1
2019-10-29T16:08:37.000Z,1
2019-10-29T16:13:04.000Z,1
2019-10-29T16:25:32.000Z,2
2019-10-29T16:33:31.000Z,1
2019-10-29T16:42:20.000Z,1
2019-10-29T16:56:16.000Z,1
2019-10-29T16:56:17.000Z,1
2019-10-29T17:00:33.000Z,3
2019-10-29T17:08:09.000Z,2
2019-10-29T17:11:16.000Z,1
2019-10-29T17:14:14.000Z,1
2019-10-29T17:17:26.000Z,1
2019-10-29T17:18:48.000Z,1
2019-10-29T17:20:01.000Z,1
2019-10-29T17:29:05.000Z,1
2019-10-29T17:36:40.000Z,1
2019-10-29T18:01:36.000Z,1
2019-10-29T18:03:15.000Z,1
2019-10-29T18:05:28.000Z,2
2019-10-29T18:05:27.000Z,1
2019-10-29T18:16:14.000Z,1
2019-10-29T18:25:23.000Z,1
2019-10-29T18:39:41.000Z,2
2019-10-29T18:41:24.000Z,1
2019-10-29T19:05:50.000Z,1
2019-10-29T19:11:01.000Z,1
2019-10-29T19:23:39.000Z,1
2019-10-29T19:24:47.000Z,1
2019-10-29T19:35:36.000Z,1
2019-10-29T19:58:08.000Z,1
2019-10-29T20:17:16.000Z,1
2019-10-29T23:34:44.000Z,1
2019-10-30T00:27:03.000Z,1
2019-10-30T07:05:12.000Z,1
2019-10-30T09:01:51.000Z,1
2019-10-30T09:48:05.000Z,1
2019-10-30T09:50:16.000Z,1
2019-10-30T09:52:52.000Z,1
2019-10-30T12:55:18.000Z,1
2019-10-30T16:19:31.000Z,1
2019-10-30T16:31:07.000Z,1
2019-10-30T17:18:35.000Z,1
2019-10-30T17:20:37.000Z,1
2019-10-24T07:40:09.000Z,1
2019-10-24T07:43:24.000Z,1
2019-10-24T07:45:18.000Z,2
2019-10-24T08:05:21.000Z,1
2019-10-24T08:10:09.000Z,1
2019-10-24T08:13:47.000Z,1
2019-10-24T08:14:19.000Z,1
2019-10-24T08:20:08.000Z,2
2019-10-24T09:00:19.000Z,1
2019-10-24T09:06:44.000Z,1
2019-10-24T09:07:05.000Z,1
2019-10-24T10:13:34.000Z,1
2019-10-24T11:07:56.000Z,1
2019-10-24T11:41:22.000Z,1
2019-10-24T11:46:35.000Z,1
2019-10-24T12:19:04.000Z,1
2019-10-24T12:29:17.000Z,1
2019-10-24T12:38:47.000Z,1
2019-10-24T12:45:56.000Z,1
2019-10-24T13:06:51.000Z,1
2019-10-24T13:13:00.000Z,1
2019-10-24T13:37:47.000Z,1
2019-10-24T13:51:43.000Z,1
2019-10-24T15:24:49.000Z,1
2019-10-24T16:08:08.000Z,1
2019-10-24T16:29:27.000Z,1
2019-10-24T16:31:19.000Z,2
2019-10-24T16:43:13.000Z,2
2019-10-24T17:36:09.000Z,1
2019-10-24T20:25:13.000Z,1
2019-10-25T07:04:11.000Z,2
2019-10-24T10:28:16.000Z,1
2019-10-24T11:52:07.000Z,1
2019-10-24T12:15:08.000Z,1
2019-10-24T13:46:40.000Z,1
2019-10-24T13:58:28.000Z,1
2019-10-24T14:14:00.000Z,1
2019-10-24T16:00:13.000Z,1
2019-10-24T16:02:07.000Z,1
2019-10-24T16:30:00.000Z,1
2019-10-24T16:32:55.000Z,1
2019-10-24T16:38:22.000Z,1
2019-10-24T16:39:48.000Z,2
2019-10-24T16:57:06.000Z,1
2019-10-24T17:01:25.000Z,2
2019-10-24T17:06:16.000Z,1
2019-10-24T17:23:47.000Z,1
2019-10-24T17:44:57.000Z,1
2019-10-24T18:08:37.000Z,1
2019-10-24T18:17:18.000Z,1
2019-10-24T18:48:47.000Z,1
2019-10-24T18:51:25.000Z,1
2019-10-24T18:54:02.000Z,1
2019-10-24T19:27:51.000Z,1
2019-10-24T19:51:10.000Z,1
2019-10-24T20:18:56.000Z,1
2019-10-24T20:36:13.000Z,2
2019-10-24T21:32:50.000Z,1
2019-10-24T22:16:58.000Z,1
2019-10-24T22:44:45.000Z,1
2019-10-25T01:47:15.000Z,1
2019-10-25T05:33:01.000Z,1
2019-10-25T06:06:38.000Z,1
2019-10-25T06:36:46.000Z,1
2019-10-25T06:45:56.000Z,1
2019-10-25T07:20:29.000Z,1
2019-10-25T07:44:19.000Z,1
2019-10-25T07:54:48.000Z,1
2019-10-25T08:10:28.000Z,2
2019-10-25T08:13:39.000Z,3
2019-10-25T08:14:05.000Z,1
2019-10-25T08:32:46.000Z,2
2019-10-25T08:32:39.000Z,1
2019-10-25T08:42:59.000Z,1
2019-10-25T09:15:06.000Z,1
2019-10-25T09:31:29.000Z,1
2019-10-25T10:06:00.000Z,1
2019-10-25T11:08:05.000Z,1
2019-10-25T11:08:15.000Z,1
2019-10-25T11:27:35.000Z,1
2019-10-25T12:09:05.000Z,1
2019-10-25T12:45:53.000Z,1
2019-10-25T12:58:01.000Z,1
2019-10-25T13:20:11.000Z,1
2019-10-25T13:28:39.000Z,1
2019-10-25T14:09:29.000Z,2
2019-10-25T14:42:01.000Z,1
2019-10-25T14:53:25.000Z,1
2019-10-25T15:35:29.000Z,1
2019-10-25T15:35:40.000Z,1
2019-10-25T15:55:41.000Z,2
2019-10-25T15:56:52.000Z,2
2019-10-25T16:05:07.000Z,1
2019-10-25T16:08:57.000Z,3
2019-10-25T16:21:26.000Z,1
2019-10-25T16:45:30.000Z,1
2019-10-25T16:45:58.000Z,1
2019-10-25T16:47:07.000Z,1
2019-10-25T16:57:24.000Z,1
2019-10-25T16:58:50.000Z,1
2019-10-25T17:14:14.000Z,2
2019-10-25T17:42:58.000Z,1
2019-10-25T17:51:05.000Z,1
2019-10-25T17:59:56.000Z,2
2019-10-25T18:34:35.000Z,1
2019-10-25T19:54:11.000Z,1
2019-10-25T20:45:14.000Z,1
2019-10-25T20:47:57.000Z,1
2019-10-25T22:52:19.000Z,1
2019-10-25T23:04:09.000Z,1
2019-10-26T02:16:39.000Z,1
2019-10-26T08:07:16.000Z,1
2019-10-26T08:11:38.000Z,1
2019-10-26T08:49:55.000Z,1
2019-10-26T08:55:00.000Z,1
2019-10-26T09:05:55.000Z,1
2019-10-26T09:41:09.000Z,1
2019-10-26T10:10:49.000Z,1
2019-10-26T11:34:42.000Z,1
2019-10-26T11:38:51.000Z,2
2019-10-26T12:04:16.000Z,2
2019-10-26T12:08:52.000Z,1
2019-10-26T12:22:19.000Z,1
2019-10-26T12:42:57.000Z,1
2019-10-26T15:50:42.000Z,1
2019-10-26T17:08:51.000Z,1
2019-10-26T18:22:10.000Z,1
2019-10-27T02:20:48.000Z,1
2019-10-27T07:59:45.000Z,1
2019-10-27T08:52:15.000Z,1
2019-10-27T09:31:39.000Z,1
2019-10-27T09:31:46.000Z,1
2019-10-27T10:56:02.000Z,1
2019-10-27T11:06:32.000Z,1
2019-10-27T11:44:37.000Z,1
2019-10-27T11:49:22.000Z,2
2019-10-27T12:04:03.000Z,1
2019-10-27T12:19:25.000Z,1
2019-10-27T12:22:14.000Z,1
2019-10-27T12:29:01.000Z,1
2019-10-27T12:42:35.000Z,1
2019-10-27T12:50:21.000Z,1
2019-10-27T12:51:35.000Z,1
2019-10-27T13:12:45.000Z,1
2019-10-27T13:30:47.000Z,1
2019-10-27T13:32:54.000Z,1
2019-10-27T13:35:06.000Z,1
2019-10-27T13:44:17.000Z,1
2019-10-27T13:44:49.000Z,1
2019-10-27T13:57:56.000Z,1
2019-10-27T14:03:44.000Z,2
2019-10-27T14:04:11.000Z,1
2019-10-27T14:12:10.000Z,1
2019-10-27T14:43:36.000Z,1
2019-10-27T15:25:17.000Z,1
2019-10-27T15:26:01.000Z,1
2019-10-27T15:35:51.000Z,1
2019-10-27T15:35:53.000Z,2
2019-10-27T15:36:19.000Z,1
2019-10-27T15:37:36.000Z,1
2019-10-27T15:51:03.000Z,1
2019-10-27T16:01:28.000Z,1
2019-10-27T16:05:48.000Z,1
2019-10-27T16:10:33.000Z,1
2019-10-27T16:28:59.000Z,1
2019-10-27T16:31:16.000Z,1
2019-10-27T16:54:48.000Z,1
2019-10-27T17:03:37.000Z,1
2019-10-27T17:34:09.000Z,2
2019-10-27T18:15:05.000Z,1
2019-10-27T18:19:38.000Z,1
2019-10-27T18:21:47.000Z,1
2019-10-27T18:31:22.000Z,1
2019-10-27T18:35:18.000Z,1
2019-10-27T19:10:30.000Z,1
2019-10-27T20:59:39.000Z,1
2019-10-27T20:59:51.000Z,1
2019-10-27T21:11:39.000Z,1
2019-10-27T21:28:14.000Z,1
2019-10-27T23:06:04.000Z,1
2019-10-27T23:07:52.000Z,1
2019-10-28T00:55:47.000Z,1
2019-10-28T05:47:41.000Z,1
2019-10-28T06:09:06.000Z,1
2019-10-28T06:20:43.000Z,1
2019-10-28T06:46:42.000Z,1
2019-10-28T06:48:29.000Z,1
2019-10-28T07:19:26.000Z,1
2019-10-28T07:36:04.000Z,1
2019-10-28T08:06:49.000Z,1
2019-10-28T08:20:54.000Z,1
2019-10-28T08:24:37.000Z,2
2019-10-28T08:31:58.000Z,3
2019-10-28T08:37:55.000Z,1
2019-10-28T08:48:45.000Z,1
2019-10-28T08:56:07.000Z,1
2019-10-28T08:58:46.000Z,1
2019-10-28T09:11:19.000Z,1
2019-10-28T09:33:56.000Z,1
2019-10-28T09:42:11.000Z,1
2019-10-28T09:58:39.000Z,1
2019-10-28T11:02:45.000Z,1
2019-10-28T11:24:49.000Z,1
2019-10-28T11:41:39.000Z,2
2019-10-28T12:01:16.000Z,1
2019-10-28T12:22:20.000Z,1
2019-10-28T12:25:12.000Z,1
2019-10-28T12:53:23.000Z,1
2019-10-28T13:34:10.000Z,1
2019-10-28T13:41:20.000Z,1
2019-10-28T13:53:41.000Z,1
2019-10-28T13:55:38.000Z,1
2019-10-28T14:43:50.000Z,1
2019-10-28T16:11:16.000Z,1
2019-10-28T16:25:23.000Z,2
2019-10-28T16:38:03.000Z,1
2019-10-28T16:46:54.000Z,1
2019-10-28T17:05:44.000Z,1
2019-10-28T17:06:54.000Z,1
2019-10-28T17:10:40.000Z,1
2019-10-28T17:16:16.000Z,2
2019-10-28T17:19:52.000Z,3
2019-10-28T17:26:38.000Z,2
2019-10-28T17:51:51.000Z,1
2019-10-28T18:10:10.000Z,1
2019-10-28T18:22:36.000Z,1
2019-10-28T18:30:54.000Z,1
2019-10-28T19:41:50.000Z,1
2019-10-28T19:49:06.000Z,1
2019-10-28T19:58:18.000Z,1
2019-10-28T19:58:36.000Z,1
2019-10-28T20:03:13.000Z,1
2019-10-28T20:04:33.000Z,1
2019-10-28T20:08:17.000Z,1
2019-10-28T20:32:54.000Z,1
2019-10-28T20:41:19.000Z,1
2019-10-28T21:02:27.000Z,1
2019-10-28T21:21:01.000Z,1
2019-10-28T21:39:36.000Z,1
2019-10-28T21:55:13.000Z,1
2019-10-28T22:28:44.000Z,1
2019-10-29T06:15:06.000Z,1
2019-10-29T06:35:32.000Z,1
2019-10-29T06:37:41.000Z,1
2019-10-29T07:15:30.000Z,1
2019-10-29T07:38:34.000Z,2
2019-10-29T07:42:41.000Z,1
2019-10-29T07:43:26.000Z,1
2019-10-29T07:53:30.000Z,1
2019-10-29T08:04:53.000Z,1
2019-10-29T08:05:10.000Z,1
2019-10-29T08:20:39.000Z,1
2019-10-29T08:26:03.000Z,1
2019-10-29T08:27:37.000Z,1
2019-10-29T08:35:48.000Z,1
2019-10-29T08:44:27.000Z,2
2019-10-29T08:45:59.000Z,1
2019-10-29T08:52:39.000Z,1
2019-10-29T09:01:12.000Z,1
2019-10-29T09:06:33.000Z,2
2019-10-29T09:14:33.000Z,1
2019-10-29T09:17:51.000Z,1
2019-10-29T09:24:56.000Z,1
2019-10-29T10:04:22.000Z,1
2019-10-29T10:09:19.000Z,1
2019-10-29T11:07:00.000Z,1
2019-10-29T11:11:41.000Z,1
2019-10-29T11:57:48.000Z,1
2019-10-29T12:12:08.000Z,1
2019-10-29T12:15:22.000Z,1
2019-10-29T12:18:34.000Z,1
2019-10-29T13:10:46.000Z,1
2019-10-29T13:16:04.000Z,1
2019-10-29T13:22:10.000Z,1
2019-10-29T13:37:37.000Z,1
2019-10-29T14:31:03.000Z,1
2019-10-29T15:11:28.000Z,1
2019-10-29T15:13:41.000Z,1
2019-10-29T15:42:54.000Z,1
2019-10-29T15:44:27.000Z,2
2019-10-29T16:03:36.000Z,1
2019-10-29T16:14:42.000Z,1
2019-10-29T16:15:26.000Z,1
2019-10-29T16:27:36.000Z,1
2019-10-29T16:42:15.000Z,1
2019-10-29T16:45:22.000Z,1
2019-10-29T16:55:32.000Z,1
2019-10-29T17:05:13.000Z,2
2019-10-29T17:07:09.000Z,1
2019-10-29T17:27:08.000Z,3
2019-10-29T17:27:39.000Z,2
2019-10-29T17:33:05.000Z,1
2019-10-29T17:33:19.000Z,3
2019-10-29T17:39:58.000Z,2
2019-10-29T18:10:08.000Z,1
2019-10-29T18:11:43.000Z,1
2019-10-29T18:14:49.000Z,1
2019-10-29T18:31:18.000Z,1
2019-10-29T18:45:08.000Z,1
2019-10-29T18:55:40.000Z,1
2019-10-29T18:56:04.000Z,1
2019-10-29T19:05:33.000Z,2
2019-10-29T19:53:13.000Z,1
2019-10-29T20:05:23.000Z,1
2019-10-29T20:27:22.000Z,1
2019-10-29T20:49:07.000Z,1
2019-10-29T21:29:27.000Z,1
2019-10-30T06:35:02.000Z,1
2019-10-30T07:44:53.000Z,1
2019-10-30T09:18:56.000Z,1
2019-10-30T11:04:35.000Z,1
2019-10-30T11:49:41.000Z,1
2019-10-30T13:13:13.000Z,1
2019-10-30T14:55:17.000Z,1
2019-10-30T16:11:58.000Z,1
2019-10-30T16:28:11.000Z,1
2019-10-30T17:51:44.000Z,1
2019-10-30T17:57:11.000Z,1
2019-10-30T18:03:31.000Z,1
2019-10-24T08:12:16.000Z,1
2019-10-24T08:29:25.000Z,1
2019-10-24T08:30:23.000Z,1
2019-10-24T09:00:09.000Z,1
2019-10-24T09:11:50.000Z,1
2019-10-24T09:12:46.000Z,1
2019-10-24T10:24:52.000Z,1
2019-10-24T10:56:14.000Z,1
2019-10-24T12:16:37.000Z,1
2019-10-24T12:47:20.000Z,2
2019-10-24T14:51:05.000Z,1
2019-10-24T15:25:12.000Z,1
2019-10-24T15:25:37.000Z,1
2019-10-24T15:55:24.000Z,1
2019-10-24T17:54:27.000Z,1
2019-10-24T18:08:33.000Z,1
2019-10-24T10:01:12.000Z,1
2019-10-24T10:55:27.000Z,1
2019-10-24T11:49:28.000Z,1
2019-10-24T11:50:54.000Z,2
2019-10-24T12:05:45.000Z,2
2019-10-24T14:52:53.000Z,1
2019-10-24T15:17:31.000Z,1
2019-10-24T16:05:09.000Z,1
2019-10-24T16:10:44.000Z,1
2019-10-24T16:11:03.000Z,1
2019-10-24T16:15:25.000Z,1
2019-10-24T16:58:16.000Z,1
2019-10-24T17:21:09.000Z,1
2019-10-24T17:24:08.000Z,1
2019-10-24T17:30:12.000Z,1
2019-10-24T17:31:21.000Z,1
2019-10-24T17:34:20.000Z,1
2019-10-24T17:37:52.000Z,1
2019-10-24T17:57:10.000Z,1
2019-10-24T18:16:40.000Z,2
2019-10-24T18:28:48.000Z,1
2019-10-24T18:28:57.000Z,1
2019-10-24T18:43:03.000Z,1
2019-10-24T19:25:46.000Z,1
2019-10-24T19:29:35.000Z,1
2019-10-24T20:06:12.000Z,1
2019-10-24T20:11:06.000Z,1
2019-10-24T20:12:03.000Z,1
2019-10-24T20:24:58.000Z,1
2019-10-24T20:58:49.000Z,1
2019-10-24T21:13:02.000Z,1
2019-10-24T22:12:57.000Z,1
2019-10-24T23:04:51.000Z,1
2019-10-24T23:17:35.000Z,1
2019-10-25T06:27:44.000Z,1
2019-10-25T06:37:18.000Z,1
2019-10-25T07:11:36.000Z,1
2019-10-25T07:53:02.000Z,1
2019-10-25T08:05:58.000Z,1
2019-10-25T08:23:39.000Z,1
2019-10-25T08:25:41.000Z,1
2019-10-25T08:26:40.000Z,1
2019-10-25T08:34:15.000Z,1
2019-10-25T08:37:26.000Z,1
2019-10-25T08:55:27.000Z,1
2019-10-25T09:17:36.000Z,1
2019-10-25T09:28:27.000Z,1
2019-10-25T09:59:49.000Z,1
2019-10-25T10:52:42.000Z,1
2019-10-25T11:40:45.000Z,1
2019-10-25T12:04:28.000Z,1
2019-10-25T12:33:16.000Z,1
2019-10-25T12:53:49.000Z,1
2019-10-25T13:12:05.000Z,1
2019-10-25T13:18:27.000Z,1
2019-10-25T13:19:59.000Z,1
2019-10-25T13:44:44.000Z,1
2019-10-25T13:45:36.000Z,1
2019-10-25T13:55:13.000Z,1
2019-10-25T14:27:28.000Z,1
2019-10-25T14:41:37.000Z,1
2019-10-25T14:57:10.000Z,1
2019-10-25T15:11:38.000Z,1
2019-10-25T15:31:34.000Z,1
2019-10-25T15:57:10.000Z,1
2019-10-25T16:00:43.000Z,1
2019-10-25T16:06:43.000Z,1
2019-10-25T16:25:39.000Z,1
2019-10-25T16:33:53.000Z,1
2019-10-25T16:49:30.000Z,1
2019-10-25T16:57:22.000Z,1
2019-10-25T17:06:53.000Z,1
2019-10-25T17:07:02.000Z,1
2019-10-25T17:36:47.000Z,2
2019-10-25T17:42:44.000Z,1
2019-10-25T17:46:46.000Z,1
2019-10-25T17:48:07.000Z,2
2019-10-25T18:25:34.000Z,1
2019-10-25T18:39:52.000Z,1
2019-10-25T18:46:03.000Z,1
2019-10-25T19:07:30.000Z,1
2019-10-25T19:48:54.000Z,1
2019-10-25T20:37:30.000Z,1
2019-10-25T21:20:36.000Z,1
2019-10-25T22:26:23.000Z,1
2019-10-25T23:20:15.000Z,1
2019-10-26T00:17:51.000Z,1
2019-10-26T07:26:52.000Z,1
2019-10-26T07:36:36.000Z,1
2019-10-26T08:19:09.000Z,1
2019-10-26T09:00:15.000Z,1
2019-10-26T09:24:31.000Z,1
2019-10-26T10:01:37.000Z,1
2019-10-26T10:15:28.000Z,1
2019-10-26T10:26:16.000Z,1
2019-10-26T11:20:56.000Z,1
2019-10-26T11:56:52.000Z,1
2019-10-26T12:18:33.000Z,1
2019-10-26T13:44:06.000Z,1
2019-10-26T22:10:06.000Z,1
2019-10-27T06:33:44.000Z,1
2019-10-27T08:44:45.000Z,1
2019-10-27T08:48:35.000Z,1
2019-10-27T09:24:19.000Z,1
2019-10-27T09:48:56.000Z,1
2019-10-27T10:01:03.000Z,1
2019-10-27T10:26:35.000Z,1
2019-10-27T11:28:14.000Z,1
2019-10-27T11:50:47.000Z,1
2019-10-27T11:58:20.000Z,1
2019-10-27T12:22:41.000Z,1
2019-10-27T12:44:59.000Z,1
2019-10-27T12:46:18.000Z,1
2019-10-27T12:47:27.000Z,1
2019-10-27T13:01:40.000Z,1
2019-10-27T13:06:37.000Z,1
2019-10-27T13:18:59.000Z,1
2019-10-27T13:19:12.000Z,1
2019-10-27T13:38:28.000Z,1
2019-10-27T14:08:08.000Z,1
2019-10-27T14:13:24.000Z,1
2019-10-27T14:22:28.000Z,1
2019-10-27T14:42:31.000Z,1
2019-10-27T14:50:37.000Z,1
2019-10-27T14:53:30.000Z,1
2019-10-27T15:04:20.000Z,1
2019-10-27T15:22:25.000Z,4
2019-10-27T15:34:44.000Z,1
2019-10-27T15:46:22.000Z,1
2019-10-27T15:49:51.000Z,1
2019-10-27T16:00:57.000Z,1
2019-10-27T16:53:04.000Z,1
2019-10-27T16:54:30.000Z,1
2019-10-27T17:08:40.000Z,1
2019-10-27T17:12:51.000Z,1
2019-10-27T17:23:01.000Z,1
2019-10-27T17:25:34.000Z,1
2019-10-27T17:43:59.000Z,1
2019-10-27T17:46:10.000Z,1
2019-10-27T18:09:09.000Z,1
2019-10-27T18:48:35.000Z,1
2019-10-27T18:51:02.000Z,1
2019-10-27T18:53:51.000Z,1
2019-10-27T18:54:02.000Z,1
2019-10-27T18:58:08.000Z,2
2019-10-27T19:36:22.000Z,1
2019-10-27T19:41:04.000Z,1
2019-10-27T21:05:59.000Z,1
2019-10-28T05:36:46.000Z,1
2019-10-28T06:17:39.000Z,1
2019-10-28T06:50:45.000Z,1
2019-10-28T07:15:35.000Z,1
2019-10-28T07:17:24.000Z,1
2019-10-28T07:32:16.000Z,1
2019-10-28T07:36:48.000Z,2
2019-10-28T07:38:05.000Z,1
2019-10-28T08:15:54.000Z,1
2019-10-28T08:16:22.000Z,1
2019-10-28T08:23:49.000Z,1
2019-10-28T08:28:10.000Z,1
2019-10-28T08:38:39.000Z,1
2019-10-28T08:42:00.000Z,1
2019-10-28T08:46:30.000Z,2
2019-10-28T08:46:53.000Z,2
2019-10-28T08:48:36.000Z,2
2019-10-28T08:58:10.000Z,1
2019-10-28T09:42:36.000Z,1
2019-10-28T10:33:45.000Z,1
2019-10-28T12:35:01.000Z,1
2019-10-28T12:47:26.000Z,1
2019-10-28T12:51:53.000Z,1
2019-10-28T13:06:34.000Z,1
2019-10-28T14:49:10.000Z,1
2019-10-28T15:04:42.000Z,1
2019-10-28T15:31:50.000Z,1
2019-10-28T15:49:56.000Z,1
2019-10-28T16:17:44.000Z,1
2019-10-28T16:22:43.000Z,1
2019-10-28T16:34:03.000Z,1
2019-10-28T16:47:25.000Z,1
2019-10-28T16:49:40.000Z,1
2019-10-28T17:01:16.000Z,1
2019-10-28T17:07:24.000Z,1
2019-10-28T17:20:47.000Z,1
2019-10-28T17:28:10.000Z,2
2019-10-28T17:50:51.000Z,2
2019-10-28T18:06:42.000Z,1
2019-10-28T18:12:11.000Z,1
2019-10-28T18:15:02.000Z,1
2019-10-28T18:15:57.000Z,1
2019-10-28T19:31:47.000Z,1
2019-10-28T19:34:41.000Z,1
2019-10-28T19:39:10.000Z,1
2019-10-28T19:53:55.000Z,1
2019-10-28T20:35:59.000Z,1
2019-10-28T21:46:40.000Z,1
2019-10-29T06:24:47.000Z,1
2019-10-29T06:40:31.000Z,1
2019-10-29T07:02:40.000Z,1
2019-10-29T07:04:24.000Z,1
2019-10-29T07:20:25.000Z,1
2019-10-29T07:41:48.000Z,1
2019-10-29T07:43:53.000Z,1
2019-10-29T08:10:51.000Z,1
2019-10-29T08:29:52.000Z,1
2019-10-29T08:36:11.000Z,1
2019-10-29T08:43:14.000Z,1
2019-10-29T08:55:19.000Z,1
2019-10-29T09:41:43.000Z,1
2019-10-29T10:02:28.000Z,1
2019-10-29T11:41:26.000Z,1
2019-10-29T12:48:33.000Z,1
2019-10-29T12:51:16.000Z,1
2019-10-29T12:57:34.000Z,1
2019-10-29T14:06:25.000Z,1
2019-10-29T14:28:56.000Z,1
2019-10-29T15:09:03.000Z,1
2019-10-29T15:54:46.000Z,1
2019-10-29T16:38:15.000Z,1
2019-10-29T16:48:14.000Z,1
2019-10-29T16:49:40.000Z,1
2019-10-29T16:56:43.000Z,2
2019-10-29T17:02:52.000Z,1
2019-10-29T17:13:27.000Z,2
2019-10-29T17:18:19.000Z,1
2019-10-29T17:34:02.000Z,1
2019-10-29T18:04:12.000Z,1
2019-10-29T18:04:22.000Z,1
2019-10-29T18:06:21.000Z,1
2019-10-29T19:04:42.000Z,1
2019-10-29T21:14:32.000Z,1
2019-10-29T22:50:00.000Z,1
2019-10-29T23:23:58.000Z,1
2019-10-30T00:28:40.000Z,1
2019-10-30T06:40:20.000Z,1
2019-10-30T07:07:16.000Z,1
2019-10-30T07:58:41.000Z,1
2019-10-30T08:18:48.000Z,1
2019-10-30T08:29:21.000Z,1
2019-10-30T08:36:38.000Z,1
2019-10-30T11:14:38.000Z,1
2019-10-30T11:20:49.000Z,1
2019-10-30T14:29:10.000Z,1
2019-10-30T16:16:15.000Z,1
2019-10-30T16:18:47.000Z,1
2019-10-30T16:57:13.000Z,1
2019-10-30T17:22:16.000Z,1
2019-10-30T17:35:13.000Z,1
2019-10-30T17:47:47.000Z,1
2019-10-30T18:00:48.000Z,1
2019-10-30T18:01:28.000Z,2
2019-10-24T07:44:14.000Z,1
2019-10-24T07:45:52.000Z,1
2019-10-24T07:51:42.000Z,1
2019-10-24T08:09:59.000Z,2
2019-10-24T08:34:17.000Z,1
2019-10-24T08:35:48.000Z,2
2019-10-24T09:06:01.000Z,2
2019-10-24T09:34:49.000Z,1
2019-10-24T10:01:19.000Z,1
2019-10-24T10:07:35.000Z,1
2019-10-24T11:00:33.000Z,1
2019-10-24T11:42:53.000Z,1
2019-10-24T20:44:46.000Z,1
2019-10-24T20:58:33.000Z,1
2019-10-25T07:27:12.000Z,1
2019-10-24T10:59:51.000Z,1
2019-10-24T11:48:59.000Z,1
2019-10-24T12:19:56.000Z,1
2019-10-24T12:43:16.000Z,1
2019-10-24T12:47:09.000Z,1
2019-10-24T13:25:22.000Z,1
2019-10-24T13:26:37.000Z,1
2019-10-24T15:21:32.000Z,1
2019-10-24T15:33:00.000Z,2
2019-10-24T15:46:30.000Z,1
2019-10-24T15:49:50.000Z,1
2019-10-24T16:14:38.000Z,1
2019-10-24T16:25:28.000Z,1
2019-10-24T16:41:55.000Z,2
2019-10-24T16:55:19.000Z,1
2019-10-24T17:07:53.000Z,1
2019-10-24T17:17:57.000Z,1
2019-10-24T17:24:24.000Z,1
2019-10-24T17:48:40.000Z,3
2019-10-24T17:53:40.000Z,1
2019-10-24T18:00:03.000Z,1
2019-10-24T18:22:24.000Z,1
2019-10-24T18:37:10.000Z,1
2019-10-24T18:39:56.000Z,1
2019-10-24T18:46:11.000Z,1
2019-10-24T18:57:18.000Z,1
2019-10-24T19:17:15.000Z,1
2019-10-24T19:29:43.000Z,1
2019-10-24T19:31:26.000Z,1
2019-10-24T19:44:19.000Z,1
2019-10-24T20:55:36.000Z,1
2019-10-24T21:17:03.000Z,1
2019-10-24T21:30:30.000Z,1
2019-10-25T05:48:53.000Z,1
2019-10-25T06:50:18.000Z,1
2019-10-25T07:00:13.000Z,1
2019-10-25T07:23:32.000Z,1
2019-10-25T07:36:23.000Z,1
2019-10-25T07:49:32.000Z,1
2019-10-25T08:02:38.000Z,1
2019-10-25T08:39:18.000Z,1
2019-10-25T09:06:04.000Z,1
2019-10-25T09:07:42.000Z,1
2019-10-25T09:54:26.000Z,1
2019-10-25T10:04:17.000Z,1
2019-10-25T10:16:33.000Z,2
2019-10-25T11:17:43.000Z,1
2019-10-25T11:35:00.000Z,1
2019-10-25T12:01:15.000Z,1
2019-10-25T12:36:02.000Z,1
2019-10-25T12:51:46.000Z,1
2019-10-25T13:47:10.000Z,1
2019-10-25T13:53:26.000Z,1
2019-10-25T13:57:26.000Z,1
2019-10-25T14:35:24.000Z,2
2019-10-25T15:00:26.000Z,1
2019-10-25T15:18:27.000Z,1
2019-10-25T15:19:52.000Z,1
2019-10-25T16:16:52.000Z,1
2019-10-25T16:26:17.000Z,1
2019-10-25T16:38:59.000Z,1
2019-10-25T17:07:27.000Z,1
2019-10-25T17:16:22.000Z,1
2019-10-25T17:18:22.000Z,1
2019-10-25T17:19:56.000Z,1
2019-10-25T17:26:50.000Z,1
2019-10-25T17:32:11.000Z,1
2019-10-25T17:55:38.000Z,1
2019-10-25T18:40:44.000Z,1
2019-10-25T19:34:44.000Z,1
2019-10-25T21:20:11.000Z,1
2019-10-25T21:31:58.000Z,1
2019-10-25T22:20:33.000Z,1
2019-10-26T05:56:52.000Z,1
2019-10-26T08:21:36.000Z,2
2019-10-26T08:46:52.000Z,1
2019-10-26T10:32:04.000Z,1
2019-10-26T10:44:37.000Z,1
2019-10-26T10:45:13.000Z,1
2019-10-26T11:05:03.000Z,1
2019-10-26T11:58:36.000Z,1
2019-10-26T12:13:00.000Z,1
2019-10-26T13:04:25.000Z,2
2019-10-26T13:28:04.000Z,1
2019-10-26T14:28:54.000Z,1
2019-10-26T19:39:59.000Z,1
2019-10-27T01:14:07.000Z,1
2019-10-27T07:58:50.000Z,1
2019-10-27T08:35:25.000Z,1
2019-10-27T08:44:01.000Z,1
2019-10-27T08:49:23.000Z,1
2019-10-27T08:59:01.000Z,1
2019-10-27T09:45:02.000Z,1
2019-10-27T10:23:30.000Z,1
2019-10-27T11:30:15.000Z,1
2019-10-27T11:57:03.000Z,1
2019-10-27T12:10:44.000Z,1
2019-10-27T12:24:24.000Z,1
2019-10-27T13:17:30.000Z,1
2019-10-27T13:24:08.000Z,1
2019-10-27T13:37:56.000Z,1
2019-10-27T13:52:45.000Z,1
2019-10-27T14:45:47.000Z,2
2019-10-27T14:48:20.000Z,2
2019-10-27T15:28:26.000Z,1
2019-10-27T15:36:05.000Z,1
2019-10-27T15:39:55.000Z,1
2019-10-27T15:58:48.000Z,1
2019-10-27T16:35:14.000Z,2
2019-10-27T16:38:05.000Z,1
2019-10-27T16:41:14.000Z,1
2019-10-27T16:42:10.000Z,1
2019-10-27T17:09:03.000Z,1
2019-10-27T17:17:10.000Z,1
2019-10-27T17:20:09.000Z,1
2019-10-27T17:30:24.000Z,3
2019-10-27T17:41:12.000Z,1
2019-10-27T18:16:34.000Z,1
2019-10-27T18:17:06.000Z,1
2019-10-27T18:46:01.000Z,1
2019-10-27T19:06:52.000Z,1
2019-10-27T19:09:56.000Z,1
2019-10-27T19:17:04.000Z,1
2019-10-28T06:11:40.000Z,1
2019-10-28T06:25:11.000Z,1
2019-10-28T06:38:49.000Z,1
2019-10-28T06:52:05.000Z,1
2019-10-28T06:54:27.000Z,2
2019-10-28T06:58:12.000Z,1
2019-10-28T07:31:33.000Z,1
2019-10-28T07:42:53.000Z,1
2019-10-28T07:44:27.000Z,1
2019-10-28T07:54:19.000Z,1
2019-10-28T08:03:25.000Z,1
2019-10-28T08:18:45.000Z,1
2019-10-28T08:20:59.000Z,1
2019-10-28T08:47:53.000Z,1
2019-10-28T08:49:58.000Z,1
2019-10-28T09:12:48.000Z,1
2019-10-28T09:21:59.000Z,1
2019-10-28T09:25:56.000Z,1
2019-10-28T10:29:35.000Z,1
2019-10-28T10:58:16.000Z,1
2019-10-28T11:14:24.000Z,1
2019-10-28T11:17:01.000Z,1
2019-10-28T11:20:38.000Z,1
2019-10-28T11:27:19.000Z,1
2019-10-28T12:35:34.000Z,1
2019-10-28T12:59:12.000Z,1
2019-10-28T13:56:12.000Z,1
2019-10-28T14:04:07.000Z,1
2019-10-28T14:36:07.000Z,1
2019-10-28T14:50:51.000Z,1
2019-10-28T15:23:45.000Z,1
2019-10-28T15:36:54.000Z,1
2019-10-28T16:01:16.000Z,1
2019-10-28T16:08:28.000Z,1
2019-10-28T16:13:52.000Z,1
2019-10-28T16:14:48.000Z,2
2019-10-28T16:24:06.000Z,1
2019-10-28T16:25:10.000Z,1
2019-10-28T16:31:30.000Z,2
2019-10-28T16:33:31.000Z,1
2019-10-28T16:53:44.000Z,3
2019-10-28T16:56:28.000Z,1
2019-10-28T16:57:25.000Z,1
2019-10-28T17:07:53.000Z,2
2019-10-28T17:11:21.000Z,1
2019-10-28T17:19:53.000Z,1
2019-10-28T17:21:17.000Z,3
2019-10-28T17:33:31.000Z,1
2019-10-28T17:49:46.000Z,2
2019-10-28T18:18:14.000Z,1
2019-10-28T18:25:07.000Z,1
2019-10-28T18:41:30.000Z,1
2019-10-28T18:54:22.000Z,1
2019-10-28T19:01:54.000Z,1
2019-10-28T19:05:25.000Z,1
2019-10-28T19:14:57.000Z,1
2019-10-28T20:45:13.000Z,1
2019-10-28T20:49:44.000Z,1
2019-10-28T20:55:52.000Z,1
2019-10-28T21:53:47.000Z,1
2019-10-29T05:34:28.000Z,1
2019-10-29T07:41:42.000Z,1
2019-10-29T07:45:11.000Z,1
2019-10-29T08:09:09.000Z,1
2019-10-29T08:15:46.000Z,1
2019-10-29T08:16:22.000Z,2
2019-10-29T08:26:40.000Z,1
2019-10-29T08:31:06.000Z,1
2019-10-29T08:43:59.000Z,1
2019-10-29T08:52:59.000Z,1
2019-10-29T09:47:50.000Z,1
2019-10-29T12:18:49.000Z,1
2019-10-29T13:02:19.000Z,1
2019-10-29T13:19:54.000Z,1
2019-10-29T13:32:45.000Z,1
2019-10-29T14:57:11.000Z,1
2019-10-29T15:44:11.000Z,1
2019-10-29T16:02:20.000Z,1
2019-10-29T16:07:13.000Z,1
2019-10-29T16:08:57.000Z,1
2019-10-29T16:16:22.000Z,1
2019-10-29T16:22:22.000Z,1
2019-10-29T16:34:16.000Z,1
2019-10-29T16:48:11.000Z,2
2019-10-29T16:55:56.000Z,1
2019-10-29T17:11:02.000Z,1
2019-10-29T17:11:54.000Z,2
2019-10-29T17:23:20.000Z,1
2019-10-29T17:31:30.000Z,1
2019-10-29T17:32:08.000Z,1
2019-10-29T17:36:32.000Z,1
2019-10-29T17:41:57.000Z,1
2019-10-29T17:53:13.000Z,1
2019-10-29T17:53:24.000Z,1
2019-10-29T17:58:26.000Z,1
2019-10-29T17:59:13.000Z,1
2019-10-29T18:00:03.000Z,1
2019-10-29T18:03:32.000Z,1
2019-10-29T18:06:26.000Z,1
2019-10-29T18:16:48.000Z,1
2019-10-29T18:30:14.000Z,1
2019-10-29T19:01:55.000Z,1
2019-10-29T19:17:09.000Z,2
2019-10-29T19:24:36.000Z,1
2019-10-29T19:47:54.000Z,1
2019-10-30T05:31:30.000Z,1
2019-10-30T07:00:09.000Z,1
2019-10-30T08:23:51.000Z,1
2019-10-30T11:56:14.000Z,1
2019-10-30T12:48:16.000Z,1
2019-10-30T16:58:40.000Z,1
2019-10-30T18:11:29.000Z,1
2019-10-30T18:19:34.000Z,1
2019-10-30T18:47:34.000Z,1
2019-10-24T07:45:14.000Z,3
2019-10-24T07:50:43.000Z,1
2019-10-24T07:51:47.000Z,1
2019-10-24T07:52:59.000Z,2
2019-10-24T07:57:45.000Z,1
2019-10-24T08:02:24.000Z,2
2019-10-24T08:03:16.000Z,1
2019-10-24T08:21:50.000Z,1
2019-10-24T09:03:30.000Z,1
2019-10-24T09:17:22.000Z,1
2019-10-24T09:20:26.000Z,1
2019-10-24T10:43:21.000Z,1
2019-10-24T16:12:10.000Z,2
2019-10-24T16:18:18.000Z,1
2019-10-24T10:39:03.000Z,1
2019-10-24T11:13:01.000Z,1
2019-10-24T11:51:13.000Z,1
2019-10-24T13:40:38.000Z,1
2019-10-24T15:42:24.000Z,1
2019-10-24T16:19:32.000Z,1
2019-10-24T16:26:44.000Z,2
2019-10-24T16:31:51.000Z,1
2019-10-24T16:44:53.000Z,1
2019-10-24T16:46:28.000Z,1
2019-10-24T17:00:16.000Z,2
2019-10-24T17:01:33.000Z,1
2019-10-24T17:07:47.000Z,1
2019-10-24T17:41:06.000Z,1
2019-10-24T17:50:55.000Z,2
2019-10-24T18:01:30.000Z,1
2019-10-24T18:18:18.000Z,1
2019-10-24T18:21:24.000Z,2
2019-10-24T18:21:22.000Z,2
2019-10-24T18:35:49.000Z,1
2019-10-24T18:36:02.000Z,1
2019-10-24T19:59:24.000Z,1
2019-10-24T21:31:29.000Z,1
2019-10-24T21:37:41.000Z,1
2019-10-24T23:59:38.000Z,1
2019-10-25T00:09:29.000Z,1
2019-10-25T06:49:57.000Z,1
2019-10-25T06:52:36.000Z,1
2019-10-25T06:55:44.000Z,1
2019-10-25T07:02:58.000Z,2
2019-10-25T07:19:46.000Z,2
2019-10-25T08:04:33.000Z,1
2019-10-25T08:04:38.000Z,1
2019-10-25T08:08:42.000Z,1
2019-10-25T08:09:46.000Z,1
2019-10-25T08:10:17.000Z,2
2019-10-25T08:26:36.000Z,1
2019-10-25T08:42:37.000Z,1
2019-10-25T08:58:52.000Z,1
2019-10-25T08:59:04.000Z,1
2019-10-25T09:08:02.000Z,2
2019-10-25T09:34:34.000Z,1
2019-10-25T09:36:58.000Z,1
2019-10-25T10:39:25.000Z,1
2019-10-25T11:08:18.000Z,1
2019-10-25T11:27:38.000Z,1
2019-10-25T11:32:21.000Z,1
2019-10-25T12:30:16.000Z,1
2019-10-25T12:47:44.000Z,1
2019-10-25T13:22:09.000Z,1
2019-10-25T13:39:04.000Z,2
2019-10-25T13:44:13.000Z,2
2019-10-25T14:31:18.000Z,1
2019-10-25T14:32:38.000Z,1
2019-10-25T14:56:31.000Z,1
2019-10-25T15:40:38.000Z,1
2019-10-25T15:45:10.000Z,2
2019-10-25T15:48:00.000Z,1
2019-10-25T16:03:59.000Z,1
2019-10-25T16:24:09.000Z,1
2019-10-25T16:49:08.000Z,1
2019-10-25T16:52:02.000Z,1
2019-10-25T16:55:20.000Z,1
2019-10-25T16:55:55.000Z,1
2019-10-25T17:11:44.000Z,2
2019-10-25T17:26:53.000Z,1
2019-10-25T17:35:56.000Z,1
2019-10-25T17:46:05.000Z,1
2019-10-25T17:48:42.000Z,1
2019-10-25T18:14:28.000Z,2
2019-10-25T18:24:52.000Z,2
2019-10-25T18:41:12.000Z,1
2019-10-25T18:56:21.000Z,1
2019-10-25T19:54:16.000Z,1
2019-10-25T20:14:13.000Z,1
2019-10-25T20:55:23.000Z,1
2019-10-25T21:53:40.000Z,1
2019-10-25T21:55:01.000Z,1
2019-10-25T22:22:46.000Z,1
2019-10-26T00:10:29.000Z,1
2019-10-26T02:12:42.000Z,1
2019-10-26T03:23:41.000Z,1
2019-10-26T07:14:54.000Z,1
2019-10-26T07:41:26.000Z,1
2019-10-26T08:11:49.000Z,1
2019-10-26T08:48:51.000Z,1
2019-10-26T09:27:54.000Z,1
2019-10-26T09:40:29.000Z,2
2019-10-26T09:54:29.000Z,1
2019-10-26T09:56:08.000Z,1
2019-10-26T10:53:21.000Z,1
2019-10-26T10:55:50.000Z,1
2019-10-26T11:06:12.000Z,1
2019-10-26T11:17:15.000Z,1
2019-10-26T11:29:16.000Z,1
2019-10-26T11:30:39.000Z,1
2019-10-26T12:53:25.000Z,1
2019-10-26T15:24:06.000Z,1
2019-10-26T15:55:53.000Z,1
2019-10-27T00:57:44.000Z,1
2019-10-27T09:25:57.000Z,1
2019-10-27T09:32:25.000Z,1
2019-10-27T10:15:00.000Z,1
2019-10-27T11:03:52.000Z,1
2019-10-27T12:53:38.000Z,1
2019-10-27T12:57:33.000Z,2
2019-10-27T13:15:22.000Z,1
2019-10-27T13:17:28.000Z,1
2019-10-27T13:36:26.000Z,1
2019-10-27T13:44:10.000Z,1
2019-10-27T13:51:52.000Z,1
2019-10-27T14:17:47.000Z,1
2019-10-27T14:50:57.000Z,1
2019-10-27T14:52:42.000Z,2
2019-10-27T15:43:19.000Z,2
2019-10-27T16:27:45.000Z,1
2019-10-27T16:29:03.000Z,1
2019-10-27T16:36:46.000Z,1
2019-10-27T17:01:10.000Z,2
2019-10-27T17:06:32.000Z,1
2019-10-27T17:18:33.000Z,1
2019-10-27T17:41:56.000Z,1
2019-10-27T18:09:40.000Z,1
2019-10-27T18:18:45.000Z,1
2019-10-27T18:45:52.000Z,1
2019-10-27T18:47:11.000Z,1
2019-10-27T18:57:12.000Z,1
2019-10-27T19:05:33.000Z,1
2019-10-27T19:29:29.000Z,1
2019-10-27T20:38:50.000Z,1
2019-10-27T20:47:20.000Z,1
2019-10-27T22:07:58.000Z,1
2019-10-27T22:24:21.000Z,1
2019-10-28T06:48:02.000Z,1
2019-10-28T07:20:47.000Z,1
2019-10-28T07:41:10.000Z,1
2019-10-28T08:04:33.000Z,1
2019-10-28T08:04:42.000Z,1
2019-10-28T08:05:48.000Z,1
2019-10-28T08:35:47.000Z,1
2019-10-28T08:53:35.000Z,1
2019-10-28T09:29:37.000Z,1
2019-10-28T09:39:04.000Z,1
2019-10-28T09:39:14.000Z,1
2019-10-28T09:59:15.000Z,1
2019-10-28T10:02:39.000Z,1
2019-10-28T10:33:21.000Z,1
2019-10-28T10:43:08.000Z,1
2019-10-28T11:02:16.000Z,1
2019-10-28T11:20:54.000Z,1
2019-10-28T11:21:08.000Z,1
2019-10-28T11:36:53.000Z,1
2019-10-28T11:55:21.000Z,1
2019-10-28T12:39:40.000Z,1
2019-10-28T12:58:21.000Z,1
2019-10-28T13:10:29.000Z,2
2019-10-28T13:32:07.000Z,1
2019-10-28T15:45:32.000Z,1
2019-10-28T15:51:34.000Z,1
2019-10-28T15:54:08.000Z,1
2019-10-28T16:12:19.000Z,1
2019-10-28T16:21:12.000Z,2
2019-10-28T16:26:32.000Z,2
2019-10-28T16:35:56.000Z,1
2019-10-28T16:36:51.000Z,1
2019-10-28T16:46:08.000Z,1
2019-10-28T17:11:51.000Z,1
2019-10-28T17:16:21.000Z,2
2019-10-28T17:21:13.000Z,1
2019-10-28T17:31:01.000Z,1
2019-10-28T17:50:49.000Z,1
2019-10-28T17:58:15.000Z,2
2019-10-28T18:05:15.000Z,1
2019-10-28T18:08:04.000Z,1
2019-10-28T18:23:16.000Z,1
2019-10-28T19:20:34.000Z,1
2019-10-28T19:21:20.000Z,1
2019-10-28T19:27:45.000Z,1
2019-10-28T19:57:56.000Z,1
2019-10-28T22:01:19.000Z,1
2019-10-29T05:35:48.000Z,1
2019-10-29T06:17:43.000Z,1
2019-10-29T06:53:23.000Z,1
2019-10-29T07:23:48.000Z,1
2019-10-29T07:37:00.000Z,1
2019-10-29T07:51:11.000Z,1
2019-10-29T07:51:19.000Z,1
2019-10-29T07:52:56.000Z,1
2019-10-29T08:05:15.000Z,1
2019-10-29T08:12:37.000Z,1
2019-10-29T08:26:48.000Z,1
2019-10-29T08:39:48.000Z,1
2019-10-29T08:50:48.000Z,1
2019-10-29T10:05:50.000Z,1
2019-10-29T10:39:38.000Z,1
2019-10-29T11:00:09.000Z,1
2019-10-29T13:05:37.000Z,1
2019-10-29T13:26:50.000Z,1
2019-10-29T13:46:06.000Z,1
2019-10-29T13:46:43.000Z,1
2019-10-29T14:21:59.000Z,1
2019-10-29T14:35:37.000Z,1
2019-10-29T15:40:11.000Z,2
2019-10-29T16:17:05.000Z,1
2019-10-29T16:29:43.000Z,1
2019-10-29T16:59:40.000Z,1
2019-10-29T17:08:31.000Z,1
2019-10-29T17:28:58.000Z,1
2019-10-29T17:46:27.000Z,1
2019-10-29T18:06:08.000Z,1
2019-10-29T18:11:40.000Z,3
2019-10-29T18:27:04.000Z,1
2019-10-29T18:42:08.000Z,1
2019-10-29T18:52:52.000Z,2
2019-10-29T18:52:58.000Z,1
2019-10-29T19:11:34.000Z,1
2019-10-29T19:49:12.000Z,1
2019-10-29T19:59:54.000Z,2
2019-10-29T22:00:49.000Z,1
2019-10-29T22:10:34.000Z,1
2019-10-29T22:10:52.000Z,1
2019-10-29T22:20:40.000Z,1
2019-10-30T00:58:14.000Z,1
2019-10-30T05:47:20.000Z,1
2019-10-30T07:56:14.000Z,1
2019-10-30T08:21:32.000Z,1
2019-10-30T08:30:11.000Z,1
2019-10-30T11:46:17.000Z,1
2019-10-30T14:35:24.000Z,1
2019-10-30T15:57:08.000Z,1
2019-10-30T17:01:41.000Z,1
2019-10-30T17:10:44.000Z,1
2019-10-30T17:11:22.000Z,1
2019-10-30T17:17:55.000Z,1
2019-10-30T17:23:35.000Z,1
2019-10-30T17:27:19.000Z,1
2019-10-30T17:28:21.000Z,1
2019-10-30T18:04:37.000Z,1
2019-10-30T18:44:15.000Z,1
2019-10-24T07:32:26.000Z,2
2019-10-24T07:46:40.000Z,1
2019-10-24T07:48:31.000Z,1
2019-10-24T08:28:15.000Z,1
2019-10-24T08:34:31.000Z,1
2019-10-24T08:38:35.000Z,1
2019-10-24T09:31:07.000Z,1
2019-10-24T09:55:56.000Z,1
2019-10-24T10:38:01.000Z,1
2019-10-24T11:42:30.000Z,2
2019-10-24T11:57:21.000Z,2
2019-10-24T12:08:12.000Z,1
2019-10-24T14:16:40.000Z,1
2019-10-24T14:21:21.000Z,1
2019-10-24T15:38:21.000Z,1
2019-10-24T16:22:42.000Z,1
2019-10-24T17:11:22.000Z,1
2019-10-24T17:55:29.000Z,1
2019-10-24T18:07:19.000Z,1
2019-10-24T08:53:38.000Z,1
2019-10-24T08:58:51.000Z,1
2019-10-24T09:01:18.000Z,1
2019-10-24T09:52:48.000Z,1
2019-10-24T12:23:50.000Z,1
2019-10-24T12:56:49.000Z,1
2019-10-24T12:58:06.000Z,1
2019-10-24T13:00:18.000Z,1
2019-10-24T13:26:56.000Z,2
2019-10-24T14:41:41.000Z,1
2019-10-24T15:05:45.000Z,1
2019-10-24T15:13:33.000Z,1
2019-10-24T15:40:17.000Z,1
2019-10-24T16:08:20.000Z,2
2019-10-24T16:34:03.000Z,2
2019-10-24T16:39:54.000Z,1
2019-10-24T17:04:09.000Z,1
2019-10-24T17:16:03.000Z,1
2019-10-24T17:17:27.000Z,1
2019-10-24T17:28:40.000Z,1
2019-10-24T17:52:24.000Z,1
2019-10-24T18:11:59.000Z,1
2019-10-24T18:13:56.000Z,3
2019-10-24T18:47:07.000Z,1
2019-10-24T18:50:46.000Z,1
2019-10-24T19:39:14.000Z,1
2019-10-24T21:32:38.000Z,1
2019-10-24T21:51:35.000Z,1
2019-10-24T21:56:51.000Z,1
2019-10-24T22:10:49.000Z,1
2019-10-25T07:09:51.000Z,1
2019-10-25T08:17:49.000Z,1
2019-10-25T08:24:33.000Z,1
2019-10-25T08:29:52.000Z,1
2019-10-25T08:34:23.000Z,1
2019-10-25T08:36:05.000Z,1
2019-10-25T09:06:05.000Z,1
2019-10-25T09:07:21.000Z,1
2019-10-25T09:17:18.000Z,1
2019-10-25T09:35:05.000Z,1
2019-10-25T09:48:23.000Z,1
2019-10-25T10:03:46.000Z,1
2019-10-25T10:13:17.000Z,1
2019-10-25T10:20:21.000Z,1
2019-10-25T10:29:42.000Z,1
2019-10-25T11:23:45.000Z,1
2019-10-25T11:31:37.000Z,1
2019-10-25T11:32:53.000Z,1
2019-10-25T11:37:52.000Z,1
2019-10-25T12:12:37.000Z,1
2019-10-25T12:18:42.000Z,1
2019-10-25T12:55:41.000Z,1
2019-10-25T13:17:36.000Z,1
2019-10-25T14:01:16.000Z,1
2019-10-25T14:04:07.000Z,1
2019-10-25T14:22:51.000Z,1
2019-10-25T14:29:01.000Z,1
2019-10-25T14:34:29.000Z,1
2019-10-25T15:24:45.000Z,1
2019-10-25T15:41:42.000Z,1
2019-10-25T15:41:43.000Z,1
2019-10-25T15:45:58.000Z,1
2019-10-25T15:49:08.000Z,1
2019-10-25T15:51:44.000Z,1
2019-10-25T15:53:31.000Z,1
2019-10-25T16:11:45.000Z,2
2019-10-25T16:22:32.000Z,1
2019-10-25T16:22:57.000Z,1
2019-10-25T16:29:15.000Z,1
2019-10-25T16:40:56.000Z,1
2019-10-25T16:41:08.000Z,2
2019-10-25T17:02:34.000Z,1
2019-10-25T17:13:41.000Z,1
2019-10-25T17:23:42.000Z,2
2019-10-25T17:29:27.000Z,1
2019-10-25T17:31:14.000Z,1
2019-10-25T17:40:18.000Z,1
2019-10-25T17:51:59.000Z,1
2019-10-25T17:56:44.000Z,1
2019-10-25T18:02:13.000Z,1
2019-10-25T18:04:40.000Z,1
2019-10-25T18:35:24.000Z,1
2019-10-25T18:54:51.000Z,1
2019-10-25T19:12:27.000Z,1
2019-10-25T19:18:59.000Z,1
2019-10-25T19:28:11.000Z,1
2019-10-25T19:45:57.000Z,1
2019-10-25T19:55:31.000Z,1
2019-10-25T21:54:59.000Z,1
2019-10-25T22:07:24.000Z,1
2019-10-25T22:19:39.000Z,1
2019-10-25T22:35:53.000Z,1
2019-10-25T23:55:41.000Z,1
2019-10-26T00:13:35.000Z,1
2019-10-26T06:44:44.000Z,1
2019-10-26T07:18:11.000Z,1
2019-10-26T07:32:24.000Z,1
2019-10-26T08:59:58.000Z,1
2019-10-26T09:51:30.000Z,1
2019-10-26T10:02:00.000Z,1
2019-10-26T10:47:32.000Z,1
2019-10-26T11:08:40.000Z,1
2019-10-26T11:23:50.000Z,1
2019-10-26T11:36:48.000Z,1
2019-10-26T11:52:23.000Z,1
2019-10-26T11:53:33.000Z,1
2019-10-26T13:47:36.000Z,1
2019-10-26T14:17:14.000Z,1
2019-10-26T14:34:57.000Z,1
2019-10-26T14:58:48.000Z,1
2019-10-27T07:55:16.000Z,1
2019-10-27T09:42:17.000Z,1
2019-10-27T10:11:02.000Z,2
2019-10-27T10:13:29.000Z,1
2019-10-27T10:25:07.000Z,1
2019-10-27T11:20:12.000Z,1
2019-10-27T11:21:00.000Z,1
2019-10-27T11:22:26.000Z,1
2019-10-27T11:42:48.000Z,1
2019-10-27T11:47:35.000Z,1
2019-10-27T12:06:17.000Z,1
2019-10-27T12:09:31.000Z,1
2019-10-27T12:32:23.000Z,1
2019-10-27T13:09:20.000Z,1
2019-10-27T13:20:03.000Z,1
2019-10-27T13:25:41.000Z,1
2019-10-27T13:54:32.000Z,1
2019-10-27T14:11:37.000Z,1
2019-10-27T14:16:07.000Z,1
2019-10-27T14:54:48.000Z,1
2019-10-27T14:58:21.000Z,1
2019-10-27T15:13:06.000Z,1
2019-10-27T15:25:35.000Z,1
2019-10-27T15:30:22.000Z,1
2019-10-27T15:31:48.000Z,1
2019-10-27T16:16:15.000Z,1
2019-10-27T16:52:55.000Z,1
2019-10-27T17:07:02.000Z,1
2019-10-27T17:09:11.000Z,1
2019-10-27T18:04:29.000Z,1
2019-10-27T18:11:50.000Z,1
2019-10-27T19:07:35.000Z,1
2019-10-27T19:26:59.000Z,1
2019-10-27T20:26:51.000Z,1
2019-10-27T20:48:15.000Z,1
2019-10-27T21:53:46.000Z,1
2019-10-27T22:13:51.000Z,1
2019-10-28T00:13:31.000Z,1
2019-10-28T06:40:33.000Z,1
2019-10-28T06:44:02.000Z,1
2019-10-28T07:03:11.000Z,1
2019-10-28T07:21:16.000Z,1
2019-10-28T07:54:08.000Z,1
2019-10-28T08:19:30.000Z,1
2019-10-28T08:28:04.000Z,1
2019-10-28T08:37:24.000Z,2
2019-10-28T08:38:13.000Z,2
2019-10-28T08:38:48.000Z,1
2019-10-28T08:48:56.000Z,2
2019-10-28T09:07:19.000Z,1
2019-10-28T09:23:29.000Z,1
2019-10-28T09:47:13.000Z,1
2019-10-28T11:33:38.000Z,1
2019-10-28T11:48:24.000Z,1
2019-10-28T12:12:48.000Z,1
2019-10-28T12:57:16.000Z,1
2019-10-28T13:05:18.000Z,1
2019-10-28T13:09:02.000Z,1
2019-10-28T13:20:07.000Z,1
2019-10-28T13:25:32.000Z,2
2019-10-28T15:24:29.000Z,1
2019-10-28T15:34:17.000Z,2
2019-10-28T16:07:25.000Z,2
2019-10-28T16:11:52.000Z,1
2019-10-28T16:24:07.000Z,1
2019-10-28T16:52:08.000Z,1
2019-10-28T17:04:03.000Z,1
2019-10-28T17:11:08.000Z,1
2019-10-28T18:06:43.000Z,1
2019-10-28T18:11:13.000Z,1
2019-10-28T18:16:29.000Z,1
2019-10-28T18:25:16.000Z,1
2019-10-28T18:28:23.000Z,1
2019-10-28T18:48:58.000Z,1
2019-10-28T18:52:51.000Z,1
2019-10-28T19:06:01.000Z,1
2019-10-28T19:57:12.000Z,1
2019-10-28T20:24:31.000Z,1
2019-10-28T21:29:05.000Z,1
2019-10-29T00:40:25.000Z,1
2019-10-29T06:20:34.000Z,1
2019-10-29T06:58:44.000Z,1
2019-10-29T07:43:27.000Z,1
2019-10-29T07:56:51.000Z,1
2019-10-29T08:00:42.000Z,1
2019-10-29T08:00:58.000Z,1
2019-10-29T08:04:28.000Z,1
2019-10-29T09:12:53.000Z,1
2019-10-29T09:26:53.000Z,1
2019-10-29T09:28:44.000Z,1
2019-10-29T10:08:03.000Z,1
2019-10-29T12:35:03.000Z,1
2019-10-29T13:03:42.000Z,1
2019-10-29T14:21:17.000Z,1
2019-10-29T15:25:15.000Z,1
2019-10-29T15:31:33.000Z,1
2019-10-29T16:23:31.000Z,1
2019-10-29T16:53:20.000Z,1
2019-10-29T17:22:38.000Z,1
2019-10-29T17:27:57.000Z,2
2019-10-29T17:31:00.000Z,1
2019-10-29T17:46:40.000Z,1
2019-10-29T17:47:08.000Z,1
2019-10-29T17:48:38.000Z,2
2019-10-29T17:48:47.000Z,1
2019-10-29T18:33:15.000Z,1
2019-10-29T18:59:23.000Z,1
2019-10-29T19:20:45.000Z,1
2019-10-29T19:35:17.000Z,1
2019-10-29T19:48:53.000Z,1
2019-10-29T20:26:44.000Z,1
2019-10-29T20:45:52.000Z,1
2019-10-29T21:18:48.000Z,1
2019-10-29T22:08:18.000Z,1
2019-10-29T22:09:45.000Z,1
2019-10-29T23:34:09.000Z,1
2019-10-30T06:49:50.000Z,1
2019-10-30T07:45:13.000Z,1
2019-10-30T08:46:19.000Z,1
2019-10-30T09:12:21.000Z,1
2019-10-30T10:34:28.000Z,1
2019-10-30T13:13:31.000Z,1
2019-10-30T13:34:53.000Z,1
2019-10-30T13:59:26.000Z,1
2019-10-30T14:20:19.000Z,1
2019-10-30T14:55:38.000Z,1
2019-10-30T16:00:03.000Z,1
2019-10-30T16:28:37.000Z,2
2019-10-30T16:37:25.000Z,1
2019-10-30T17:01:09.000Z,1
2019-10-30T17:01:34.000Z,1
2019-10-30T17:09:29.000Z,1
2019-10-30T17:13:45.000Z,1
2019-10-30T17:17:27.000Z,1
2019-10-30T17:22:42.000Z,1
2019-10-30T17:46:59.000Z,1
2019-10-30T17:49:26.000Z,1
2019-10-30T18:26:38.000Z,1
2019-10-30T18:49:46.000Z,1
2019-10-24T07:33:44.000Z,1
2019-10-24T08:11:24.000Z,1
2019-10-24T08:14:09.000Z,2
2019-10-24T08:19:00.000Z,1
2019-10-24T08:46:19.000Z,1
2019-10-24T09:07:55.000Z,1
2019-10-24T09:08:30.000Z,1
2019-10-24T09:15:51.000Z,1
2019-10-24T09:18:40.000Z,1
2019-10-24T09:38:54.000Z,2
2019-10-24T09:46:11.000Z,1
2019-10-24T10:01:24.000Z,1
2019-10-24T11:31:13.000Z,1
2019-10-24T11:43:01.000Z,1
2019-10-24T12:10:46.000Z,1
2019-10-24T14:09:52.000Z,1
2019-10-24T14:42:36.000Z,1
2019-10-24T15:14:18.000Z,1
2019-10-24T17:00:51.000Z,1
2019-10-24T17:40:55.000Z,1
2019-10-24T09:25:36.000Z,1
2019-10-24T10:26:28.000Z,1
2019-10-24T11:59:14.000Z,1
2019-10-24T12:13:32.000Z,1
2019-10-24T13:29:36.000Z,1
2019-10-24T14:01:08.000Z,1
2019-10-24T15:10:08.000Z,1
2019-10-24T15:19:39.000Z,1
2019-10-24T15:49:48.000Z,1
2019-10-24T15:50:39.000Z,1
2019-10-24T16:23:37.000Z,1
2019-10-24T16:42:40.000Z,1
2019-10-24T16:44:02.000Z,1
2019-10-24T17:12:11.000Z,1
2019-10-24T17:18:36.000Z,2
2019-10-24T17:21:27.000Z,1
2019-10-24T17:23:11.000Z,1
2019-10-24T17:29:24.000Z,1
2019-10-24T17:35:05.000Z,1
2019-10-24T17:36:57.000Z,2
2019-10-24T17:48:57.000Z,1
2019-10-24T18:12:09.000Z,1
2019-10-24T18:15:11.000Z,1
2019-10-24T18:29:32.000Z,1
2019-10-24T18:32:24.000Z,1
2019-10-24T19:20:54.000Z,1
2019-10-24T19:41:43.000Z,1
2019-10-24T21:06:53.000Z,1
2019-10-24T21:32:25.000Z,1
2019-10-24T21:51:04.000Z,1
2019-10-24T22:09:55.000Z,1
2019-10-24T22:40:45.000Z,1
2019-10-24T22:41:39.000Z,1
2019-10-25T06:10:54.000Z,1
2019-10-25T06:24:26.000Z,1
2019-10-25T06:26:53.000Z,1
2019-10-25T07:36:36.000Z,1
2019-10-25T07:46:16.000Z,2
2019-10-25T07:49:13.000Z,1
2019-10-25T07:59:58.000Z,1
2019-10-25T08:35:38.000Z,1
2019-10-25T08:48:08.000Z,1
2019-10-25T08:51:46.000Z,2
2019-10-25T09:17:50.000Z,1
2019-10-25T09:18:47.000Z,1
2019-10-25T09:24:08.000Z,2
2019-10-25T10:10:19.000Z,1
2019-10-25T10:14:43.000Z,1
2019-10-25T10:29:26.000Z,1
2019-10-25T11:41:14.000Z,1
2019-10-25T11:52:38.000Z,1
2019-10-25T11:55:15.000Z,1
2019-10-25T12:11:23.000Z,1
2019-10-25T13:10:01.000Z,1
2019-10-25T13:29:20.000Z,1
2019-10-25T13:31:00.000Z,1
2019-10-25T14:34:17.000Z,1
2019-10-25T14:47:02.000Z,1
2019-10-25T15:02:45.000Z,1
2019-10-25T15:04:24.000Z,1
2019-10-25T15:45:21.000Z,1
2019-10-25T15:50:26.000Z,1
2019-10-25T15:58:04.000Z,1
2019-10-25T16:07:54.000Z,2
2019-10-25T16:09:02.000Z,2
2019-10-25T16:10:08.000Z,1
2019-10-25T16:22:02.000Z,1
2019-10-25T16:35:48.000Z,2
2019-10-25T16:37:44.000Z,1
2019-10-25T16:41:04.000Z,1
2019-10-25T16:45:59.000Z,1
2019-10-25T16:46:51.000Z,1
2019-10-25T16:53:25.000Z,1
2019-10-25T16:53:48.000Z,1
2019-10-25T16:54:46.000Z,1
2019-10-25T17:03:18.000Z,1
2019-10-25T17:10:19.000Z,1
2019-10-25T17:19:31.000Z,1
2019-10-25T17:20:45.000Z,1
2019-10-25T17:22:33.000Z,1
2019-10-25T17:38:00.000Z,1
2019-10-25T17:43:09.000Z,1
2019-10-25T17:51:58.000Z,1
2019-10-25T17:55:44.000Z,1
2019-10-25T17:58:12.000Z,1
2019-10-25T18:07:58.000Z,1
2019-10-25T18:27:51.000Z,1
2019-10-25T18:28:01.000Z,2
2019-10-25T18:28:30.000Z,1
2019-10-25T18:44:43.000Z,2
2019-10-25T19:06:21.000Z,1
2019-10-25T20:01:20.000Z,1
2019-10-25T21:31:52.000Z,1
2019-10-25T23:32:50.000Z,1
2019-10-26T00:11:07.000Z,1
2019-10-26T02:30:57.000Z,1
2019-10-26T07:34:12.000Z,1
2019-10-26T09:34:31.000Z,1
2019-10-26T09:54:39.000Z,1
2019-10-26T09:59:52.000Z,1
2019-10-26T10:18:22.000Z,1
2019-10-26T10:31:29.000Z,1
2019-10-26T11:12:07.000Z,1
2019-10-26T11:29:20.000Z,1
2019-10-26T11:49:43.000Z,1
2019-10-26T11:59:41.000Z,2
2019-10-26T12:00:17.000Z,1
2019-10-26T12:03:53.000Z,1
2019-10-26T12:11:45.000Z,1
2019-10-26T13:17:24.000Z,1
2019-10-26T13:29:07.000Z,1
2019-10-26T13:31:43.000Z,1
2019-10-26T15:31:25.000Z,1
2019-10-27T08:43:58.000Z,2
2019-10-27T09:06:12.000Z,1
2019-10-27T09:32:55.000Z,1
2019-10-27T12:05:55.000Z,1
2019-10-27T12:12:59.000Z,1
2019-10-27T12:20:46.000Z,1
2019-10-27T13:05:17.000Z,1
2019-10-27T13:19:57.000Z,1
2019-10-27T13:34:57.000Z,1
2019-10-27T13:45:16.000Z,1
2019-10-27T14:12:34.000Z,1
2019-10-27T14:26:36.000Z,1
2019-10-27T14:45:54.000Z,2
2019-10-27T15:13:12.000Z,1
2019-10-27T15:51:25.000Z,1
2019-10-27T16:03:04.000Z,1
2019-10-27T16:43:53.000Z,1
2019-10-27T16:44:04.000Z,1
2019-10-27T16:49:50.000Z,2
2019-10-27T16:52:45.000Z,1
2019-10-27T16:54:35.000Z,1
2019-10-27T17:12:24.000Z,1
2019-10-27T17:32:27.000Z,1
2019-10-27T17:41:25.000Z,1
2019-10-27T18:04:10.000Z,1
2019-10-27T18:16:11.000Z,1
2019-10-27T19:27:41.000Z,1
2019-10-27T20:19:08.000Z,1
2019-10-27T20:29:55.000Z,1
2019-10-27T20:48:44.000Z,1
2019-10-27T21:02:45.000Z,1
2019-10-27T22:20:44.000Z,1
2019-10-28T00:25:31.000Z,1
2019-10-28T05:51:31.000Z,1
2019-10-28T06:12:41.000Z,1
2019-10-28T06:14:52.000Z,1
2019-10-28T06:30:53.000Z,1
2019-10-28T06:41:13.000Z,1
2019-10-28T06:47:10.000Z,1
2019-10-28T06:54:26.000Z,1
2019-10-28T06:55:56.000Z,1
2019-10-28T07:09:17.000Z,1
2019-10-28T07:11:39.000Z,1
2019-10-28T07:19:31.000Z,1
2019-10-28T07:34:32.000Z,1
2019-10-28T07:37:37.000Z,1
2019-10-28T07:44:30.000Z,1
2019-10-28T07:56:26.000Z,1
2019-10-28T08:06:52.000Z,1
2019-10-28T08:08:28.000Z,1
2019-10-28T08:11:26.000Z,1
2019-10-28T08:11:40.000Z,1
2019-10-28T08:12:16.000Z,1
2019-10-28T08:24:52.000Z,1
2019-10-28T08:25:51.000Z,2
2019-10-28T08:27:17.000Z,1
2019-10-28T08:46:19.000Z,1
2019-10-28T08:46:18.000Z,2
2019-10-28T08:49:14.000Z,1
2019-10-28T08:50:07.000Z,1
2019-10-28T09:06:20.000Z,1
2019-10-28T09:33:16.000Z,1
2019-10-28T10:09:39.000Z,1
2019-10-28T10:11:43.000Z,1
2019-10-28T10:30:26.000Z,2
2019-10-28T10:31:13.000Z,1
2019-10-28T10:49:13.000Z,3
2019-10-28T11:39:24.000Z,1
2019-10-28T12:58:34.000Z,1
2019-10-28T13:02:22.000Z,1
2019-10-28T14:50:07.000Z,1
2019-10-28T16:03:28.000Z,1
2019-10-28T16:03:50.000Z,1
2019-10-28T16:09:22.000Z,1
2019-10-28T16:25:38.000Z,2
2019-10-28T16:26:02.000Z,2
2019-10-28T16:31:25.000Z,1
2019-10-28T16:34:42.000Z,1
2019-10-28T16:37:25.000Z,1
2019-10-28T16:44:31.000Z,1
2019-10-28T16:52:27.000Z,1
2019-10-28T16:59:44.000Z,2
2019-10-28T17:08:37.000Z,1
2019-10-28T17:19:13.000Z,1
2019-10-28T17:35:40.000Z,1
2019-10-28T17:50:57.000Z,2
2019-10-28T18:09:26.000Z,1
2019-10-28T18:12:45.000Z,2
2019-10-28T18:13:32.000Z,1
2019-10-28T18:24:12.000Z,1
2019-10-28T18:24:40.000Z,1
2019-10-28T18:33:59.000Z,1
2019-10-28T18:36:27.000Z,1
2019-10-28T18:38:24.000Z,1
2019-10-28T19:16:31.000Z,1
2019-10-28T19:34:19.000Z,1
2019-10-28T19:41:12.000Z,1
2019-10-28T19:46:45.000Z,1
2019-10-28T20:04:55.000Z,1
2019-10-28T20:26:08.000Z,1
2019-10-28T21:24:39.000Z,1
2019-10-28T21:44:15.000Z,1
2019-10-28T22:09:48.000Z,1
2019-10-28T23:20:29.000Z,1
2019-10-29T06:09:43.000Z,1
2019-10-29T06:16:17.000Z,1
2019-10-29T06:22:13.000Z,1
2019-10-29T06:22:24.000Z,1
2019-10-29T07:18:03.000Z,1
2019-10-29T07:26:47.000Z,1
2019-10-29T07:26:53.000Z,1
2019-10-29T07:32:19.000Z,1
2019-10-29T07:53:59.000Z,1
2019-10-29T08:05:51.000Z,1
2019-10-29T08:17:58.000Z,1
2019-10-29T08:39:07.000Z,1
2019-10-29T08:54:39.000Z,1
2019-10-29T09:06:44.000Z,1
2019-10-29T09:22:45.000Z,1
2019-10-29T11:30:46.000Z,1
2019-10-29T12:11:19.000Z,1
2019-10-29T12:30:35.000Z,1
2019-10-29T14:03:14.000Z,2
2019-10-29T14:36:18.000Z,1
2019-10-29T14:52:24.000Z,1
2019-10-29T15:14:39.000Z,1
2019-10-29T15:20:09.000Z,1
2019-10-29T15:33:03.000Z,1
2019-10-29T16:04:00.000Z,1
2019-10-29T16:15:04.000Z,1
2019-10-29T16:17:02.000Z,1
2019-10-29T16:20:53.000Z,1
2019-10-29T16:35:01.000Z,1
2019-10-29T16:40:32.000Z,1
2019-10-29T16:52:55.000Z,2
2019-10-29T16:53:27.000Z,2
2019-10-29T16:56:15.000Z,1
2019-10-29T16:56:33.000Z,1
2019-10-29T16:57:19.000Z,2
2019-10-29T16:57:41.000Z,1
2019-10-29T17:05:39.000Z,1
2019-10-29T17:10:40.000Z,2
2019-10-29T17:11:30.000Z,1
2019-10-29T17:11:38.000Z,1
2019-10-29T17:14:26.000Z,2
2019-10-29T17:23:38.000Z,1
2019-10-29T17:31:05.000Z,2
2019-10-29T17:44:28.000Z,1
2019-10-29T17:47:11.000Z,2
2019-10-29T17:54:59.000Z,1
2019-10-29T17:57:39.000Z,1
2019-10-29T18:12:19.000Z,1
2019-10-29T18:13:24.000Z,1
2019-10-29T18:35:26.000Z,1
2019-10-29T18:54:09.000Z,1
2019-10-29T19:29:16.000Z,1
2019-10-29T19:57:27.000Z,1
2019-10-29T20:16:25.000Z,1
2019-10-29T20:29:24.000Z,1
2019-10-29T22:28:49.000Z,1
2019-10-29T23:19:03.000Z,1
2019-10-30T06:45:47.000Z,1
2019-10-30T07:33:27.000Z,1
2019-10-30T09:12:22.000Z,1
2019-10-30T11:36:39.000Z,1
2019-10-30T11:39:25.000Z,1
2019-10-30T13:02:21.000Z,1
2019-10-30T13:23:22.000Z,1
2019-10-30T15:59:09.000Z,1
2019-10-30T16:33:22.000Z,1
2019-10-30T17:01:36.000Z,2
2019-10-30T17:07:09.000Z,1
2019-10-30T17:20:09.000Z,1
2019-10-30T17:20:38.000Z,2
2019-10-30T18:16:26.000Z,1
2019-10-30T18:33:03.000Z,1
2019-10-30T18:54:50.000Z,1
2019-10-24T07:51:21.000Z,1
2019-10-24T07:53:28.000Z,1
2019-10-24T07:57:58.000Z,3
2019-10-24T08:07:01.000Z,2
2019-10-24T08:20:30.000Z,1
2019-10-24T08:24:33.000Z,1
2019-10-24T08:59:16.000Z,1
2019-10-24T09:02:50.000Z,1
2019-10-24T09:03:59.000Z,1
2019-10-24T11:27:50.000Z,1
2019-10-24T12:16:31.000Z,2
2019-10-24T13:37:11.000Z,1
2019-10-24T15:25:42.000Z,1
2019-10-24T15:34:50.000Z,1
2019-10-24T15:43:22.000Z,1
2019-10-24T15:55:01.000Z,1
2019-10-24T16:23:50.000Z,2
2019-10-24T17:01:23.000Z,1
2019-10-24T17:22:46.000Z,1
2019-10-24T09:23:48.000Z,1
2019-10-24T09:38:01.000Z,1
2019-10-24T13:38:17.000Z,2
2019-10-24T15:44:00.000Z,1
2019-10-24T16:03:08.000Z,1
2019-10-24T16:10:45.000Z,1
2019-10-24T16:21:58.000Z,1
2019-10-24T16:38:23.000Z,1
2019-10-24T16:56:08.000Z,2
2019-10-24T17:08:52.000Z,1
2019-10-24T17:41:01.000Z,1
2019-10-24T17:53:15.000Z,2
2019-10-24T18:08:31.000Z,1
2019-10-24T18:16:19.000Z,1
2019-10-24T18:51:01.000Z,1
2019-10-24T18:54:46.000Z,1
2019-10-24T19:12:15.000Z,1
2019-10-24T19:14:14.000Z,1
2019-10-24T21:14:38.000Z,1
2019-10-24T21:27:20.000Z,1
2019-10-25T01:52:02.000Z,1
2019-10-25T04:20:14.000Z,1
2019-10-25T06:38:20.000Z,1
2019-10-25T07:17:58.000Z,1
2019-10-25T07:49:34.000Z,1
2019-10-25T08:03:15.000Z,1
2019-10-25T08:22:57.000Z,1
2019-10-25T08:25:24.000Z,1
2019-10-25T08:44:55.000Z,1
2019-10-25T08:50:30.000Z,2
2019-10-25T09:00:55.000Z,1
2019-10-25T09:15:11.000Z,1
2019-10-25T09:17:37.000Z,1
2019-10-25T09:23:55.000Z,1
2019-10-25T09:31:05.000Z,1
2019-10-25T10:55:27.000Z,1
2019-10-25T13:50:49.000Z,1
2019-10-25T14:02:00.000Z,1
2019-10-25T14:35:21.000Z,1
2019-10-25T14:36:57.000Z,1
2019-10-25T14:50:57.000Z,1
2019-10-25T15:20:35.000Z,1
2019-10-25T15:37:19.000Z,1
2019-10-25T15:49:26.000Z,1
2019-10-25T15:55:42.000Z,1
2019-10-25T16:02:47.000Z,1
2019-10-25T16:06:34.000Z,1
2019-10-25T16:19:28.000Z,1
2019-10-25T16:23:03.000Z,1
2019-10-25T16:47:12.000Z,2
2019-10-25T16:51:04.000Z,1
2019-10-25T16:52:42.000Z,1
2019-10-25T17:05:16.000Z,2
2019-10-25T17:13:34.000Z,1
2019-10-25T17:24:39.000Z,1
2019-10-25T17:38:17.000Z,1
2019-10-25T17:57:32.000Z,1
2019-10-25T18:03:22.000Z,1
2019-10-25T18:03:37.000Z,2
2019-10-25T18:59:03.000Z,1
2019-10-25T19:14:21.000Z,1
2019-10-25T19:19:37.000Z,1
2019-10-25T19:42:22.000Z,1
2019-10-25T20:31:54.000Z,1
2019-10-25T22:13:03.000Z,1
2019-10-25T23:11:00.000Z,1
2019-10-26T01:32:04.000Z,1
2019-10-26T04:08:08.000Z,1
2019-10-26T06:39:47.000Z,1
2019-10-26T07:53:26.000Z,1
2019-10-26T10:15:00.000Z,1
2019-10-26T10:15:10.000Z,1
2019-10-26T10:25:22.000Z,1
2019-10-27T01:38:05.000Z,1
2019-10-27T06:46:29.000Z,1
2019-10-27T09:13:27.000Z,1
2019-10-27T09:16:08.000Z,1
2019-10-27T09:54:34.000Z,1
2019-10-27T10:22:12.000Z,1
2019-10-27T10:38:20.000Z,1
2019-10-27T11:09:16.000Z,1
2019-10-27T11:18:20.000Z,1
2019-10-27T11:48:12.000Z,1
2019-10-27T12:11:10.000Z,1
2019-10-27T13:11:26.000Z,1
2019-10-27T13:21:46.000Z,1
2019-10-27T13:26:56.000Z,1
2019-10-27T13:44:48.000Z,1
2019-10-27T13:47:00.000Z,1
2019-10-27T14:09:12.000Z,1
2019-10-27T14:13:44.000Z,2
2019-10-27T14:33:26.000Z,1
2019-10-27T14:38:57.000Z,1
2019-10-27T14:50:14.000Z,1
2019-10-27T14:58:48.000Z,1
2019-10-27T15:23:16.000Z,2
2019-10-27T15:48:18.000Z,1
2019-10-27T15:54:24.000Z,1
2019-10-27T16:13:24.000Z,1
2019-10-27T16:41:34.000Z,1
2019-10-27T16:43:27.000Z,1
2019-10-27T16:44:44.000Z,1
2019-10-27T16:53:58.000Z,1
2019-10-27T17:03:57.000Z,1
2019-10-27T17:04:02.000Z,1
2019-10-27T17:08:28.000Z,1
2019-10-27T17:14:30.000Z,1
2019-10-27T17:34:51.000Z,1
2019-10-27T18:08:00.000Z,1
2019-10-27T18:53:32.000Z,1
2019-10-27T19:58:16.000Z,1
2019-10-27T20:11:19.000Z,1
2019-10-27T20:24:55.000Z,2
2019-10-27T20:52:31.000Z,1
2019-10-27T21:31:59.000Z,1
2019-10-28T03:02:22.000Z,1
2019-10-28T06:32:34.000Z,1
2019-10-28T06:57:12.000Z,1
2019-10-28T07:14:41.000Z,1
2019-10-28T07:17:57.000Z,1
2019-10-28T07:19:21.000Z,1
2019-10-28T07:38:43.000Z,1
2019-10-28T08:02:58.000Z,1
2019-10-28T08:11:33.000Z,1
2019-10-28T08:12:39.000Z,1
2019-10-28T08:22:05.000Z,2
2019-10-28T08:23:59.000Z,2
2019-10-28T08:28:52.000Z,2
2019-10-28T08:29:01.000Z,2
2019-10-28T08:31:11.000Z,1
2019-10-28T08:32:56.000Z,1
2019-10-28T08:39:48.000Z,2
2019-10-28T08:47:17.000Z,1
2019-10-28T08:52:10.000Z,1
2019-10-28T08:57:59.000Z,1
2019-10-28T09:00:49.000Z,1
2019-10-28T09:05:37.000Z,2
2019-10-28T09:09:13.000Z,1
2019-10-28T09:12:14.000Z,1
2019-10-28T09:15:59.000Z,1
2019-10-28T09:25:49.000Z,1
2019-10-28T09:25:57.000Z,1
2019-10-28T10:36:27.000Z,1
2019-10-28T11:42:52.000Z,1
2019-10-28T11:51:49.000Z,1
2019-10-28T12:09:05.000Z,1
2019-10-28T12:12:43.000Z,1
2019-10-28T12:24:47.000Z,1
2019-10-28T13:27:57.000Z,1
2019-10-28T13:30:19.000Z,1
2019-10-28T13:37:33.000Z,1
2019-10-28T13:50:58.000Z,1
2019-10-28T14:19:57.000Z,1
2019-10-28T15:10:17.000Z,1
2019-10-28T15:12:28.000Z,1
2019-10-28T16:09:30.000Z,1
2019-10-28T17:06:41.000Z,2
2019-10-28T17:18:40.000Z,1
2019-10-28T17:29:09.000Z,1
2019-10-28T17:35:09.000Z,1
2019-10-28T17:38:34.000Z,1
2019-10-28T17:40:43.000Z,2
2019-10-28T17:43:27.000Z,1
2019-10-28T17:56:18.000Z,1
2019-10-28T18:11:44.000Z,1
2019-10-28T18:40:14.000Z,1
2019-10-28T19:02:44.000Z,1
2019-10-28T19:08:03.000Z,1
2019-10-28T19:41:44.000Z,1
2019-10-28T22:07:03.000Z,1
2019-10-29T06:28:26.000Z,1
2019-10-29T06:45:53.000Z,1
2019-10-29T06:46:31.000Z,1
2019-10-29T06:48:22.000Z,1
2019-10-29T07:36:50.000Z,1
2019-10-29T07:58:29.000Z,2
2019-10-29T08:40:03.000Z,2
2019-10-29T08:44:04.000Z,1
2019-10-29T08:53:12.000Z,1
2019-10-29T08:57:54.000Z,2
2019-10-29T09:05:11.000Z,3
2019-10-29T09:15:32.000Z,1
2019-10-29T10:27:17.000Z,1
2019-10-29T10:29:45.000Z,2
2019-10-29T10:39:50.000Z,1
2019-10-29T11:45:53.000Z,1
2019-10-29T12:21:22.000Z,1
2019-10-29T12:52:17.000Z,1
2019-10-29T13:42:42.000Z,1
2019-10-29T13:55:25.000Z,1
2019-10-29T15:07:17.000Z,1
2019-10-29T15:31:32.000Z,1
2019-10-29T15:53:16.000Z,1
2019-10-29T16:29:34.000Z,1
2019-10-29T16:43:46.000Z,1
2019-10-29T16:58:40.000Z,1
2019-10-29T17:04:12.000Z,3
2019-10-29T17:13:49.000Z,2
2019-10-29T17:14:49.000Z,1
2019-10-29T17:18:31.000Z,1
2019-10-29T17:29:33.000Z,1
2019-10-29T17:33:59.000Z,1
2019-10-29T17:47:13.000Z,1
2019-10-29T18:06:02.000Z,1
2019-10-29T18:12:28.000Z,2
2019-10-29T18:28:45.000Z,1
2019-10-29T18:38:13.000Z,1
2019-10-29T19:19:06.000Z,1
2019-10-29T20:19:03.000Z,1
2019-10-30T07:18:52.000Z,1
2019-10-30T07:21:59.000Z,1
2019-10-30T07:33:34.000Z,1
2019-10-30T07:54:29.000Z,1
2019-10-30T07:59:52.000Z,1
2019-10-30T08:17:54.000Z,1
2019-10-30T08:20:09.000Z,1
2019-10-30T11:43:56.000Z,1
2019-10-30T12:07:38.000Z,1
2019-10-30T12:27:53.000Z,1
2019-10-30T12:59:53.000Z,1
2019-10-30T14:03:53.000Z,1
2019-10-30T14:40:58.000Z,1
2019-10-30T14:40:59.000Z,1
2019-10-30T15:23:45.000Z,1
2019-10-30T15:54:40.000Z,1
2019-10-30T17:34:23.000Z,2
2019-10-30T17:50:11.000Z,1
2019-10-30T18:07:01.000Z,1
2019-10-30T18:36:15.000Z,1
2019-10-30T18:46:22.000Z,1
2019-10-24T08:00:44.000Z,2
2019-10-24T08:18:20.000Z,2
2019-10-24T08:23:22.000Z,2
2019-10-24T08:44:40.000Z,1
2019-10-24T08:51:47.000Z,1
2019-10-24T09:04:44.000Z,1
2019-10-24T09:21:55.000Z,1
2019-10-24T09:30:34.000Z,1
2019-10-24T09:42:44.000Z,1
2019-10-24T11:07:02.000Z,1
2019-10-24T11:48:53.000Z,1
2019-10-24T12:16:14.000Z,1
2019-10-24T15:05:29.000Z,1
2019-10-24T15:23:34.000Z,1
2019-10-24T16:52:59.000Z,1
2019-10-24T17:17:40.000Z,1
2019-10-24T17:28:38.000Z,1
2019-10-24T09:26:55.000Z,1
2019-10-24T09:57:25.000Z,1
2019-10-24T10:34:04.000Z,1
2019-10-24T11:02:06.000Z,1
2019-10-24T11:21:40.000Z,1
2019-10-24T12:12:50.000Z,1
2019-10-24T14:23:28.000Z,1
2019-10-24T15:29:16.000Z,1
2019-10-24T16:05:58.000Z,1
2019-10-24T16:14:12.000Z,2
2019-10-24T16:47:25.000Z,2
2019-10-24T16:55:53.000Z,1
2019-10-24T17:35:50.000Z,1
2019-10-24T18:21:48.000Z,1
2019-10-24T18:37:25.000Z,1
2019-10-24T19:25:06.000Z,1
2019-10-24T19:31:23.000Z,1
2019-10-24T19:38:00.000Z,1
2019-10-24T19:55:54.000Z,1
2019-10-24T20:31:01.000Z,1
2019-10-24T21:05:12.000Z,1
2019-10-24T21:12:22.000Z,1
2019-10-24T21:22:53.000Z,1
2019-10-24T22:30:06.000Z,1
2019-10-25T02:19:56.000Z,1
2019-10-25T05:08:49.000Z,1
2019-10-25T06:56:35.000Z,1
2019-10-25T07:23:02.000Z,1
2019-10-25T07:58:43.000Z,1
2019-10-25T08:02:03.000Z,2
2019-10-25T08:07:28.000Z,1
2019-10-25T08:08:43.000Z,1
2019-10-25T08:16:00.000Z,2
2019-10-25T08:26:46.000Z,1
2019-10-25T08:29:40.000Z,3
2019-10-25T08:37:18.000Z,1
2019-10-25T08:37:24.000Z,1
2019-10-25T08:40:10.000Z,1
2019-10-25T08:48:25.000Z,2
2019-10-25T08:58:36.000Z,1
2019-10-25T09:16:13.000Z,1
2019-10-25T09:18:24.000Z,1
2019-10-25T09:34:14.000Z,1
2019-10-25T10:35:04.000Z,1
2019-10-25T11:21:02.000Z,1
2019-10-25T11:23:18.000Z,1
2019-10-25T11:37:51.000Z,1
2019-10-25T12:44:39.000Z,1
2019-10-25T13:52:14.000Z,1
2019-10-25T14:59:49.000Z,1
2019-10-25T15:12:59.000Z,1
2019-10-25T15:22:23.000Z,1
2019-10-25T15:23:18.000Z,1
2019-10-25T15:33:07.000Z,2
2019-10-25T15:52:27.000Z,1
2019-10-25T16:02:21.000Z,1
2019-10-25T16:11:09.000Z,2
2019-10-25T16:24:11.000Z,1
2019-10-25T16:30:28.000Z,1
2019-10-25T16:43:40.000Z,2
2019-10-25T16:52:58.000Z,1
2019-10-25T16:58:03.000Z,1
2019-10-25T17:01:31.000Z,1
2019-10-25T17:14:30.000Z,2
2019-10-25T17:18:00.000Z,1
2019-10-25T17:32:05.000Z,1
2019-10-25T17:48:30.000Z,1
2019-10-25T17:59:28.000Z,2
2019-10-25T18:15:56.000Z,1
2019-10-25T18:19:11.000Z,1
2019-10-25T18:21:28.000Z,1
2019-10-25T18:43:53.000Z,1
2019-10-25T19:09:06.000Z,1
2019-10-25T19:44:09.000Z,2
2019-10-25T19:45:16.000Z,1
2019-10-25T20:03:44.000Z,1
2019-10-25T21:34:22.000Z,1
2019-10-25T23:47:15.000Z,1
2019-10-26T00:54:14.000Z,1
2019-10-26T00:58:41.000Z,1
2019-10-26T05:36:10.000Z,1
2019-10-26T09:08:07.000Z,1
2019-10-26T09:31:16.000Z,1
2019-10-26T09:39:15.000Z,1
2019-10-26T09:46:49.000Z,1
2019-10-26T10:15:48.000Z,2
2019-10-26T10:46:33.000Z,1
2019-10-26T10:50:24.000Z,1
2019-10-26T11:22:45.000Z,1
2019-10-26T11:28:51.000Z,1
2019-10-26T11:37:18.000Z,1
2019-10-26T11:58:01.000Z,1
2019-10-26T12:19:17.000Z,1
2019-10-26T13:00:54.000Z,1
2019-10-26T13:46:29.000Z,1
2019-10-26T13:51:04.000Z,1
2019-10-26T17:03:47.000Z,1
2019-10-27T01:58:17.000Z,1
2019-10-27T08:05:50.000Z,1
2019-10-27T08:49:47.000Z,1
2019-10-27T08:56:53.000Z,2
2019-10-27T09:18:00.000Z,1
2019-10-27T10:11:33.000Z,2
2019-10-27T10:34:17.000Z,1
2019-10-27T10:46:33.000Z,1
2019-10-27T11:03:30.000Z,1
2019-10-27T11:11:52.000Z,1
2019-10-27T12:14:17.000Z,1
2019-10-27T12:15:15.000Z,1
2019-10-27T12:52:45.000Z,2
2019-10-27T13:24:41.000Z,2
2019-10-27T14:12:31.000Z,1
2019-10-27T14:23:05.000Z,1
2019-10-27T14:32:30.000Z,1
2019-10-27T14:38:44.000Z,1
2019-10-27T15:04:04.000Z,1
2019-10-27T15:30:10.000Z,1
2019-10-27T15:30:58.000Z,1
2019-10-27T15:31:42.000Z,1
2019-10-27T15:33:23.000Z,1
2019-10-27T15:43:39.000Z,1
2019-10-27T15:49:30.000Z,1
2019-10-27T16:11:22.000Z,1
2019-10-27T16:29:47.000Z,1
2019-10-27T16:35:01.000Z,1
2019-10-27T16:49:58.000Z,1
2019-10-27T16:52:20.000Z,1
2019-10-27T17:17:56.000Z,1
2019-10-27T17:19:58.000Z,1
2019-10-27T17:31:44.000Z,2
2019-10-27T17:44:40.000Z,1
2019-10-27T18:15:30.000Z,1
2019-10-27T19:06:15.000Z,1
2019-10-27T19:08:14.000Z,1
2019-10-27T20:26:50.000Z,1
2019-10-27T21:20:05.000Z,1
2019-10-27T21:48:13.000Z,1
2019-10-27T22:37:49.000Z,1
2019-10-27T23:17:31.000Z,1
2019-10-28T05:11:36.000Z,1
2019-10-28T05:59:51.000Z,1
2019-10-28T06:20:05.000Z,1
2019-10-28T06:24:48.000Z,1
2019-10-28T06:36:40.000Z,1
2019-10-28T06:46:59.000Z,1
2019-10-28T06:56:40.000Z,1
2019-10-28T07:07:25.000Z,1
2019-10-28T07:11:20.000Z,1
2019-10-28T07:27:59.000Z,1
2019-10-28T07:35:09.000Z,1
2019-10-28T07:35:31.000Z,1
2019-10-28T07:45:49.000Z,1
2019-10-28T07:53:55.000Z,1
2019-10-28T08:09:43.000Z,1
2019-10-28T08:16:24.000Z,1
2019-10-28T08:16:42.000Z,2
2019-10-28T08:28:19.000Z,1
2019-10-28T08:29:27.000Z,1
2019-10-28T08:39:43.000Z,1
2019-10-28T08:51:35.000Z,1
2019-10-28T08:55:48.000Z,1
2019-10-28T09:01:32.000Z,1
2019-10-28T09:10:27.000Z,1
2019-10-28T09:22:44.000Z,2
2019-10-28T09:32:27.000Z,1
2019-10-28T10:18:42.000Z,1
2019-10-28T10:20:07.000Z,1
2019-10-28T11:28:11.000Z,1
2019-10-28T11:40:45.000Z,1
2019-10-28T11:59:51.000Z,1
2019-10-28T13:29:13.000Z,1
2019-10-28T13:51:27.000Z,1
2019-10-28T14:33:17.000Z,1
2019-10-28T14:51:22.000Z,1
2019-10-28T15:42:49.000Z,1
2019-10-28T16:00:39.000Z,1
2019-10-28T16:07:55.000Z,1
2019-10-28T16:22:29.000Z,1
2019-10-28T16:34:43.000Z,1
2019-10-28T16:35:26.000Z,1
2019-10-28T16:59:18.000Z,1
2019-10-28T17:23:58.000Z,1
2019-10-28T17:28:56.000Z,1
2019-10-28T17:39:05.000Z,1
2019-10-28T17:56:43.000Z,1
2019-10-28T18:15:50.000Z,1
2019-10-28T18:36:17.000Z,1
2019-10-28T18:38:10.000Z,1
2019-10-28T19:00:31.000Z,1
2019-10-28T19:03:06.000Z,1
2019-10-28T19:05:28.000Z,1
2019-10-28T19:15:33.000Z,1
2019-10-28T19:19:39.000Z,1
2019-10-28T19:31:43.000Z,1
2019-10-28T20:14:46.000Z,1
2019-10-28T20:50:24.000Z,1
2019-10-28T21:21:44.000Z,1
2019-10-29T07:26:58.000Z,1
2019-10-29T07:59:20.000Z,1
2019-10-29T08:28:17.000Z,1
2019-10-29T09:07:02.000Z,1
2019-10-29T09:35:26.000Z,1
2019-10-29T09:41:17.000Z,1
2019-10-29T10:22:57.000Z,1
2019-10-29T10:31:54.000Z,1
2019-10-29T12:05:19.000Z,1
2019-10-29T12:35:21.000Z,1
2019-10-29T12:54:20.000Z,1
2019-10-29T13:00:05.000Z,1
2019-10-29T13:14:17.000Z,1
2019-10-29T13:37:15.000Z,1
2019-10-29T13:52:48.000Z,1
2019-10-29T14:41:01.000Z,1
2019-10-29T15:36:08.000Z,1
2019-10-29T15:41:39.000Z,1
2019-10-29T15:56:04.000Z,1
2019-10-29T16:02:48.000Z,1
2019-10-29T16:03:07.000Z,1
2019-10-29T16:18:49.000Z,1
2019-10-29T16:25:29.000Z,1
2019-10-29T16:33:25.000Z,2
2019-10-29T16:49:21.000Z,2
2019-10-29T17:03:11.000Z,1
2019-10-29T17:04:11.000Z,1
2019-10-29T17:05:21.000Z,2
2019-10-29T17:11:59.000Z,1
2019-10-29T17:28:21.000Z,1
2019-10-29T17:40:51.000Z,1
2019-10-29T17:50:22.000Z,1
2019-10-29T18:24:51.000Z,1
2019-10-29T18:43:09.000Z,1
2019-10-29T19:10:45.000Z,1
2019-10-29T19:11:19.000Z,1
2019-10-29T20:25:02.000Z,1
2019-10-30T08:10:52.000Z,1
2019-10-30T08:40:31.000Z,1
2019-10-30T08:45:38.000Z,2
2019-10-30T08:58:26.000Z,1
2019-10-30T09:50:01.000Z,1
2019-10-30T11:46:20.000Z,1
2019-10-30T12:50:57.000Z,1
2019-10-30T14:34:21.000Z,1
2019-10-30T15:52:09.000Z,1
2019-10-30T15:54:04.000Z,1
2019-10-30T16:21:36.000Z,1
2019-10-30T16:32:19.000Z,1
2019-10-30T16:34:16.000Z,1
2019-10-30T16:36:45.000Z,1
2019-10-30T17:03:06.000Z,1
2019-10-30T17:19:00.000Z,2
2019-10-30T17:20:32.000Z,1
2019-10-30T17:26:25.000Z,1
2019-10-30T17:41:03.000Z,1
2019-10-30T17:43:50.000Z,1
2019-10-30T17:54:35.000Z,2
2019-10-30T18:23:50.000Z,1
2019-10-24T07:55:21.000Z,1
2019-10-24T08:05:07.000Z,1
2019-10-24T08:12:30.000Z,1
2019-10-24T08:19:55.000Z,1
2019-10-24T08:29:36.000Z,1
2019-10-24T09:07:26.000Z,1
2019-10-24T10:23:10.000Z,1
2019-10-24T10:37:29.000Z,1
2019-10-24T10:46:47.000Z,1
2019-10-24T15:49:01.000Z,1
2019-10-24T10:13:04.000Z,1
2019-10-24T11:43:42.000Z,1
2019-10-24T12:17:55.000Z,1
2019-10-24T12:19:12.000Z,1
2019-10-24T12:37:27.000Z,1
2019-10-24T12:55:59.000Z,1
2019-10-24T13:11:14.000Z,1
2019-10-24T15:06:23.000Z,1
2019-10-24T15:39:04.000Z,2
2019-10-24T15:40:43.000Z,1
2019-10-24T15:51:02.000Z,1
2019-10-24T16:06:33.000Z,1
2019-10-24T16:19:15.000Z,1
2019-10-24T16:58:30.000Z,1
2019-10-24T17:03:15.000Z,1
2019-10-24T17:08:16.000Z,1
2019-10-24T17:09:01.000Z,2
2019-10-24T17:17:02.000Z,2
2019-10-24T17:40:42.000Z,1
2019-10-24T17:55:22.000Z,2
2019-10-24T17:59:41.000Z,2
2019-10-24T18:25:31.000Z,1
2019-10-24T19:23:04.000Z,1
2019-10-24T20:12:41.000Z,1
2019-10-24T20:22:42.000Z,2
2019-10-24T21:16:35.000Z,1
2019-10-24T21:28:35.000Z,1
2019-10-24T22:51:52.000Z,1
2019-10-24T23:08:53.000Z,1
2019-10-25T05:37:06.000Z,1
2019-10-25T06:06:00.000Z,1
2019-10-25T07:06:39.000Z,2
2019-10-25T07:12:19.000Z,1
2019-10-25T07:25:56.000Z,1
2019-10-25T07:40:39.000Z,1
2019-10-25T07:53:27.000Z,1
2019-10-25T07:56:48.000Z,1
2019-10-25T07:59:50.000Z,2
2019-10-25T08:19:22.000Z,2
2019-10-25T08:22:25.000Z,1
2019-10-25T08:50:20.000Z,1
2019-10-25T09:00:13.000Z,1
2019-10-25T09:00:46.000Z,1
2019-10-25T09:01:15.000Z,1
2019-10-25T09:01:59.000Z,1
2019-10-25T10:43:11.000Z,1
2019-10-25T11:52:05.000Z,1
2019-10-25T12:34:55.000Z,1
2019-10-25T12:51:51.000Z,1
2019-10-25T12:54:42.000Z,1
2019-10-25T13:03:55.000Z,1
2019-10-25T13:22:03.000Z,1
2019-10-25T13:31:59.000Z,1
2019-10-25T13:48:20.000Z,1
2019-10-25T14:10:01.000Z,1
2019-10-25T14:15:04.000Z,1
2019-10-25T14:31:15.000Z,1
2019-10-25T14:36:05.000Z,1
2019-10-25T15:06:30.000Z,1
2019-10-25T15:33:30.000Z,2
2019-10-25T15:38:12.000Z,1
2019-10-25T15:38:33.000Z,1
2019-10-25T15:43:44.000Z,1
2019-10-25T15:57:37.000Z,2
2019-10-25T16:36:08.000Z,1
2019-10-25T16:37:53.000Z,1
2019-10-25T17:18:35.000Z,3
2019-10-25T17:45:44.000Z,2
2019-10-25T18:22:30.000Z,1
2019-10-25T18:28:18.000Z,1
2019-10-25T18:44:38.000Z,1
2019-10-25T20:47:17.000Z,1
2019-10-25T21:49:54.000Z,1
2019-10-25T22:10:27.000Z,1
2019-10-25T22:10:29.000Z,1
2019-10-25T22:16:55.000Z,1
2019-10-25T22:37:37.000Z,1
2019-10-26T03:32:31.000Z,1
2019-10-26T05:59:16.000Z,1
2019-10-26T07:56:53.000Z,1
2019-10-26T08:19:28.000Z,1
2019-10-26T09:00:34.000Z,1
2019-10-26T09:02:15.000Z,1
2019-10-26T09:13:53.000Z,1
2019-10-26T09:35:07.000Z,1
2019-10-26T11:06:40.000Z,1
2019-10-26T11:23:20.000Z,1
2019-10-26T11:32:28.000Z,1
2019-10-26T12:04:29.000Z,1
2019-10-26T12:05:01.000Z,1
2019-10-27T07:09:22.000Z,1
2019-10-27T09:49:35.000Z,1
2019-10-27T09:55:53.000Z,1
2019-10-27T09:56:18.000Z,1
2019-10-27T10:26:03.000Z,1
2019-10-27T10:46:02.000Z,1
2019-10-27T11:12:00.000Z,1
2019-10-27T11:18:50.000Z,1
2019-10-27T11:19:37.000Z,1
2019-10-27T11:47:29.000Z,1
2019-10-27T12:24:33.000Z,1
2019-10-27T12:57:20.000Z,1
2019-10-27T13:04:43.000Z,1
2019-10-27T13:30:16.000Z,1
2019-10-27T13:30:19.000Z,2
2019-10-27T13:36:51.000Z,1
2019-10-27T13:49:39.000Z,2
2019-10-27T14:08:09.000Z,1
2019-10-27T14:11:51.000Z,1
2019-10-27T14:18:04.000Z,1
2019-10-27T14:43:40.000Z,1
2019-10-27T14:52:54.000Z,3
2019-10-27T15:16:28.000Z,1
2019-10-27T15:19:19.000Z,1
2019-10-27T15:30:40.000Z,1
2019-10-27T15:46:37.000Z,1
2019-10-27T16:04:25.000Z,1
2019-10-27T16:09:34.000Z,1
2019-10-27T16:28:57.000Z,1
2019-10-27T16:38:51.000Z,1
2019-10-27T16:50:19.000Z,3
2019-10-27T16:58:15.000Z,2
2019-10-27T17:02:09.000Z,2
2019-10-27T17:15:45.000Z,1
2019-10-27T17:23:15.000Z,1
2019-10-27T17:33:49.000Z,1
2019-10-27T17:34:04.000Z,1
2019-10-27T17:55:30.000Z,1
2019-10-27T18:28:37.000Z,1
2019-10-27T18:47:39.000Z,1
2019-10-27T19:15:23.000Z,1
2019-10-27T19:23:00.000Z,1
2019-10-27T19:33:28.000Z,1
2019-10-27T19:56:27.000Z,1
2019-10-28T05:46:32.000Z,1
2019-10-28T06:21:53.000Z,1
2019-10-28T06:27:49.000Z,1
2019-10-28T07:05:53.000Z,1
2019-10-28T07:05:55.000Z,1
2019-10-28T07:10:14.000Z,1
2019-10-28T07:24:12.000Z,1
2019-10-28T07:31:28.000Z,1
2019-10-28T07:43:00.000Z,1
2019-10-28T07:48:14.000Z,1
2019-10-28T07:50:14.000Z,1
2019-10-28T07:59:12.000Z,1
2019-10-28T08:01:49.000Z,1
2019-10-28T08:27:54.000Z,1
2019-10-28T08:33:45.000Z,2
2019-10-28T08:35:25.000Z,1
2019-10-28T09:03:14.000Z,1
2019-10-28T09:35:20.000Z,1
2019-10-28T09:36:48.000Z,2
2019-10-28T11:11:53.000Z,1
2019-10-28T11:31:44.000Z,1
2019-10-28T11:56:52.000Z,1
2019-10-28T12:06:23.000Z,1
2019-10-28T12:21:57.000Z,1
2019-10-28T12:33:37.000Z,1
2019-10-28T14:33:04.000Z,1
2019-10-28T14:52:24.000Z,1
2019-10-28T15:04:56.000Z,1
2019-10-28T15:09:55.000Z,1
2019-10-28T15:38:25.000Z,1
2019-10-28T15:41:25.000Z,1
2019-10-28T15:48:30.000Z,1
2019-10-28T16:02:41.000Z,1
2019-10-28T16:11:00.000Z,1
2019-10-28T16:29:45.000Z,2
2019-10-28T16:32:33.000Z,1
2019-10-28T16:32:34.000Z,1
2019-10-28T16:35:57.000Z,1
2019-10-28T16:51:09.000Z,1
2019-10-28T17:11:44.000Z,1
2019-10-28T17:27:00.000Z,2
2019-10-28T17:39:02.000Z,1
2019-10-28T17:43:47.000Z,1
2019-10-28T18:24:43.000Z,1
2019-10-28T19:15:19.000Z,2
2019-10-28T19:17:48.000Z,1
2019-10-28T20:07:20.000Z,1
2019-10-28T20:43:30.000Z,1
2019-10-28T20:53:23.000Z,1
2019-10-28T21:27:25.000Z,1
2019-10-28T21:48:34.000Z,1
2019-10-28T21:49:15.000Z,1
2019-10-28T21:51:13.000Z,1
2019-10-28T23:19:20.000Z,1
2019-10-29T04:43:20.000Z,1
2019-10-29T05:52:43.000Z,1
2019-10-29T07:22:42.000Z,1
2019-10-29T07:33:54.000Z,2
2019-10-29T07:43:32.000Z,1
2019-10-29T08:29:23.000Z,1
2019-10-29T08:33:35.000Z,1
2019-10-29T08:46:22.000Z,1
2019-10-29T08:47:14.000Z,1
2019-10-29T09:21:44.000Z,1
2019-10-29T09:34:02.000Z,1
2019-10-29T09:37:41.000Z,1
2019-10-29T10:13:02.000Z,1
2019-10-29T11:22:03.000Z,1
2019-10-29T11:45:15.000Z,1
2019-10-29T11:52:24.000Z,1
2019-10-29T13:03:40.000Z,1
2019-10-29T13:33:32.000Z,2
2019-10-29T14:11:20.000Z,1
2019-10-29T14:22:49.000Z,1
2019-10-29T14:50:51.000Z,1
2019-10-29T14:53:48.000Z,1
2019-10-29T15:22:09.000Z,1
2019-10-29T15:39:10.000Z,1
2019-10-29T15:44:24.000Z,1
2019-10-29T17:14:17.000Z,1
2019-10-29T17:18:32.000Z,2
2019-10-29T17:43:41.000Z,1
2019-10-29T17:45:43.000Z,1
2019-10-29T17:48:00.000Z,1
2019-10-29T17:56:37.000Z,1
2019-10-29T18:03:49.000Z,1
2019-10-29T18:38:14.000Z,1
2019-10-29T18:52:30.000Z,1
2019-10-29T19:10:55.000Z,1
2019-10-29T19:18:59.000Z,1
2019-10-29T19:33:29.000Z,1
2019-10-29T19:38:45.000Z,1
2019-10-29T19:45:05.000Z,1
2019-10-29T20:34:36.000Z,1
2019-10-29T21:19:20.000Z,1
2019-10-30T07:33:11.000Z,1
2019-10-30T07:36:47.000Z,1
2019-10-30T08:06:36.000Z,1
2019-10-30T08:14:32.000Z,1
2019-10-30T08:33:08.000Z,1
2019-10-30T08:55:25.000Z,1
2019-10-30T09:08:13.000Z,1
2019-10-30T09:45:37.000Z,1
2019-10-30T13:41:25.000Z,1
2019-10-30T14:12:40.000Z,1
2019-10-30T14:35:17.000Z,1
2019-10-30T15:39:57.000Z,1
2019-10-30T15:52:44.000Z,1
2019-10-30T16:35:08.000Z,1
2019-10-30T18:33:44.000Z,1
2019-10-24T07:34:44.000Z,1
2019-10-24T07:45:47.000Z,1
2019-10-24T07:47:40.000Z,2
2019-10-24T08:06:14.000Z,1
2019-10-24T09:04:46.000Z,1
2019-10-24T09:20:17.000Z,1
2019-10-24T09:35:20.000Z,1
2019-10-24T09:49:13.000Z,1
2019-10-24T11:38:26.000Z,1
2019-10-24T11:52:32.000Z,1
2019-10-24T12:38:30.000Z,1
2019-10-24T12:56:23.000Z,1
2019-10-24T14:15:01.000Z,1
2019-10-24T16:04:08.000Z,1
2019-10-24T17:18:52.000Z,1
2019-10-24T17:39:50.000Z,1
2019-10-24T20:57:04.000Z,1
2019-10-25T05:41:37.000Z,1
2019-10-25T06:26:30.000Z,1
2019-10-24T09:24:28.000Z,1
2019-10-24T10:15:42.000Z,1
2019-10-24T11:05:45.000Z,1
2019-10-24T11:35:52.000Z,1
2019-10-24T13:12:50.000Z,1
2019-10-24T13:45:52.000Z,1
2019-10-24T15:22:40.000Z,1
2019-10-24T15:23:14.000Z,1
2019-10-24T15:27:16.000Z,1
2019-10-24T16:06:57.000Z,1
2019-10-24T16:09:56.000Z,1
2019-10-24T16:14:45.000Z,1
2019-10-24T16:19:26.000Z,1
2019-10-24T16:41:31.000Z,1
2019-10-24T16:43:42.000Z,2
2019-10-24T16:46:17.000Z,2
2019-10-24T16:47:12.000Z,1
2019-10-24T16:48:10.000Z,1
2019-10-24T16:50:32.000Z,1
2019-10-24T17:04:05.000Z,1
2019-10-24T17:06:57.000Z,1
2019-10-24T17:19:28.000Z,1
2019-10-24T17:22:36.000Z,2
2019-10-24T17:26:03.000Z,2
2019-10-24T17:29:59.000Z,1
2019-10-24T17:31:53.000Z,1
2019-10-24T17:36:53.000Z,2
2019-10-24T18:26:47.000Z,2
2019-10-24T19:04:01.000Z,1
2019-10-24T19:10:31.000Z,1
2019-10-24T19:10:30.000Z,1
2019-10-24T19:11:59.000Z,2
2019-10-24T19:17:09.000Z,1
2019-10-24T19:21:30.000Z,1
2019-10-24T19:24:33.000Z,1
2019-10-24T19:37:51.000Z,1
2019-10-24T19:55:41.000Z,1
2019-10-24T20:22:47.000Z,2
2019-10-24T21:09:20.000Z,1
2019-10-24T23:02:10.000Z,1
2019-10-25T05:26:34.000Z,1
2019-10-25T06:43:50.000Z,1
2019-10-25T07:08:52.000Z,1
2019-10-25T07:28:35.000Z,1
2019-10-25T07:29:44.000Z,1
2019-10-25T07:39:50.000Z,1
2019-10-25T07:58:51.000Z,1
2019-10-25T07:59:29.000Z,1
2019-10-25T07:59:36.000Z,1
2019-10-25T08:07:42.000Z,1
2019-10-25T08:17:59.000Z,1
2019-10-25T08:22:55.000Z,1
2019-10-25T08:32:01.000Z,1
2019-10-25T08:58:34.000Z,1
2019-10-25T10:51:57.000Z,1
2019-10-25T11:51:22.000Z,2
2019-10-25T12:18:32.000Z,1
2019-10-25T12:44:32.000Z,1
2019-10-25T13:04:39.000Z,1
2019-10-25T13:26:30.000Z,1
2019-10-25T14:11:18.000Z,1
2019-10-25T14:28:02.000Z,1
2019-10-25T14:35:52.000Z,1
2019-10-25T14:36:54.000Z,1
2019-10-25T15:34:41.000Z,1
2019-10-25T15:36:28.000Z,1
2019-10-25T15:56:18.000Z,1
2019-10-25T16:11:19.000Z,2
2019-10-25T16:13:14.000Z,1
2019-10-25T16:18:06.000Z,2
2019-10-25T16:28:19.000Z,1
2019-10-25T16:34:45.000Z,1
2019-10-25T16:59:16.000Z,2
2019-10-25T17:09:07.000Z,3
2019-10-25T17:13:33.000Z,1
2019-10-25T17:22:07.000Z,1
2019-10-25T17:28:10.000Z,3
2019-10-25T17:47:15.000Z,1
2019-10-25T17:47:22.000Z,2
2019-10-25T18:24:28.000Z,1
2019-10-25T18:36:48.000Z,1
2019-10-25T20:54:54.000Z,1
2019-10-25T21:39:51.000Z,1
2019-10-25T22:13:42.000Z,1
2019-10-26T07:59:31.000Z,1
2019-10-26T08:06:46.000Z,1
2019-10-26T08:48:18.000Z,1
2019-10-26T08:55:17.000Z,1
2019-10-26T09:11:27.000Z,1
2019-10-26T09:36:44.000Z,1
2019-10-26T09:52:16.000Z,1
2019-10-26T09:55:02.000Z,1
2019-10-26T11:39:01.000Z,2
2019-10-26T11:51:42.000Z,1
2019-10-26T13:19:11.000Z,1
2019-10-26T18:24:02.000Z,1
2019-10-27T06:05:27.000Z,1
2019-10-27T09:26:02.000Z,1
2019-10-27T10:23:54.000Z,1
2019-10-27T10:42:42.000Z,1
2019-10-27T11:00:45.000Z,1
2019-10-27T11:38:40.000Z,1
2019-10-27T11:42:04.000Z,1
2019-10-27T11:42:14.000Z,1
2019-10-27T11:49:09.000Z,1
2019-10-27T12:07:05.000Z,1
2019-10-27T12:38:12.000Z,1
2019-10-27T12:42:11.000Z,1
2019-10-27T12:51:41.000Z,1
2019-10-27T12:53:22.000Z,2
2019-10-27T13:09:43.000Z,1
2019-10-27T13:25:03.000Z,3
2019-10-27T14:11:58.000Z,1
2019-10-27T14:22:46.000Z,2
2019-10-27T14:40:15.000Z,1
2019-10-27T14:54:12.000Z,1
2019-10-27T15:02:23.000Z,1
2019-10-27T15:18:46.000Z,1
2019-10-27T15:23:54.000Z,1
2019-10-27T15:24:54.000Z,1
2019-10-27T15:28:14.000Z,1
2019-10-27T15:38:51.000Z,1
2019-10-27T16:09:57.000Z,1
2019-10-27T16:10:58.000Z,1
2019-10-27T16:51:05.000Z,1
2019-10-27T17:46:20.000Z,1
2019-10-27T18:18:08.000Z,1
2019-10-27T19:03:34.000Z,1
2019-10-27T19:14:33.000Z,1
2019-10-27T19:31:31.000Z,1
2019-10-28T00:11:55.000Z,1
2019-10-28T05:42:16.000Z,1
2019-10-28T06:43:36.000Z,1
2019-10-28T06:53:45.000Z,1
2019-10-28T07:31:52.000Z,1
2019-10-28T07:56:40.000Z,1
2019-10-28T08:04:55.000Z,1
2019-10-28T08:14:26.000Z,1
2019-10-28T08:19:18.000Z,1
2019-10-28T08:37:22.000Z,1
2019-10-28T09:01:12.000Z,2
2019-10-28T09:05:12.000Z,2
2019-10-28T09:10:58.000Z,1
2019-10-28T10:11:59.000Z,1
2019-10-28T10:53:17.000Z,1
2019-10-28T10:59:39.000Z,1
2019-10-28T11:59:31.000Z,1
2019-10-28T12:03:56.000Z,1
2019-10-28T12:36:25.000Z,1
2019-10-28T12:40:31.000Z,2
2019-10-28T12:43:39.000Z,1
2019-10-28T12:53:53.000Z,2
2019-10-28T13:25:15.000Z,2
2019-10-28T13:57:29.000Z,1
2019-10-28T15:23:51.000Z,1
2019-10-28T15:55:20.000Z,1
2019-10-28T16:07:09.000Z,1
2019-10-28T16:31:59.000Z,1
2019-10-28T16:32:55.000Z,1
2019-10-28T16:50:43.000Z,1
2019-10-28T16:57:39.000Z,1
2019-10-28T17:02:00.000Z,1
2019-10-28T17:02:26.000Z,1
2019-10-28T17:08:21.000Z,2
2019-10-28T17:21:21.000Z,1
2019-10-28T17:46:08.000Z,1
2019-10-28T17:55:19.000Z,1
2019-10-28T17:58:46.000Z,1
2019-10-28T18:07:08.000Z,1
2019-10-28T18:36:05.000Z,1
2019-10-28T19:43:58.000Z,1
2019-10-28T21:54:43.000Z,1
2019-10-28T22:26:53.000Z,1
2019-10-28T22:49:14.000Z,1
2019-10-29T00:36:14.000Z,1
2019-10-29T06:35:14.000Z,1
2019-10-29T06:40:38.000Z,1
2019-10-29T08:02:44.000Z,1
2019-10-29T08:03:42.000Z,1
2019-10-29T08:08:01.000Z,1
2019-10-29T08:14:54.000Z,1
2019-10-29T08:33:07.000Z,1
2019-10-29T08:39:01.000Z,3
2019-10-29T08:56:11.000Z,1
2019-10-29T09:03:12.000Z,1
2019-10-29T09:13:50.000Z,1
2019-10-29T09:14:58.000Z,1
2019-10-29T10:33:06.000Z,1
2019-10-29T10:59:15.000Z,1
2019-10-29T11:49:42.000Z,1
2019-10-29T14:25:16.000Z,1
2019-10-29T14:30:59.000Z,1
2019-10-29T15:12:28.000Z,1
2019-10-29T16:44:56.000Z,1
2019-10-29T16:51:22.000Z,1
2019-10-29T16:58:39.000Z,2
2019-10-29T17:06:02.000Z,1
2019-10-29T17:13:42.000Z,1
2019-10-29T17:39:51.000Z,1
2019-10-29T17:52:34.000Z,1
2019-10-29T18:11:26.000Z,1
2019-10-29T18:42:14.000Z,1
2019-10-29T19:24:00.000Z,1
2019-10-29T19:29:24.000Z,1
2019-10-29T19:31:39.000Z,1
2019-10-29T19:34:40.000Z,1
2019-10-29T19:36:54.000Z,2
2019-10-29T20:18:17.000Z,1
2019-10-29T20:36:37.000Z,1
2019-10-29T20:39:30.000Z,1
2019-10-29T21:01:02.000Z,1
2019-10-29T21:59:08.000Z,1
2019-10-30T08:27:48.000Z,1
2019-10-30T08:37:01.000Z,1
2019-10-30T09:01:32.000Z,1
2019-10-30T10:41:23.000Z,1
2019-10-30T12:32:40.000Z,1
2019-10-30T16:09:10.000Z,1
2019-10-30T16:38:42.000Z,1
2019-10-30T17:19:29.000Z,1
2019-10-30T17:28:25.000Z,2
2019-10-30T17:51:37.000Z,1
2019-10-30T18:16:09.000Z,1
2019-10-30T18:19:44.000Z,1
2019-10-30T18:40:18.000Z,1
2019-10-30T18:41:31.000Z,1
2019-10-24T07:40:26.000Z,1
2019-10-24T07:45:31.000Z,1
2019-10-24T07:47:17.000Z,1
2019-10-24T08:03:15.000Z,1
2019-10-24T08:14:17.000Z,1
2019-10-24T08:17:56.000Z,1
2019-10-24T08:22:29.000Z,1
2019-10-24T08:25:24.000Z,2
2019-10-24T08:45:49.000Z,2
2019-10-24T08:58:36.000Z,1
2019-10-24T08:59:04.000Z,1
2019-10-24T09:13:17.000Z,1
2019-10-24T09:14:52.000Z,1
2019-10-24T09:21:10.000Z,1
2019-10-24T09:38:26.000Z,1
2019-10-24T11:02:11.000Z,1
2019-10-24T11:27:11.000Z,1
2019-10-24T12:04:29.000Z,1
2019-10-24T13:31:44.000Z,1
2019-10-24T13:43:37.000Z,1
2019-10-24T13:46:16.000Z,1
2019-10-24T14:08:52.000Z,1
2019-10-24T15:15:43.000Z,3
2019-10-24T15:31:41.000Z,1
2019-10-24T15:50:51.000Z,1
2019-10-24T16:45:37.000Z,1
2019-10-24T09:05:06.000Z,1
2019-10-24T09:20:02.000Z,1
2019-10-24T10:18:12.000Z,1
2019-10-24T11:18:50.000Z,1
2019-10-24T12:25:07.000Z,1
2019-10-24T12:48:58.000Z,1
2019-10-24T15:21:41.000Z,1
2019-10-24T15:45:12.000Z,1
2019-10-24T15:47:05.000Z,1
2019-10-24T15:48:20.000Z,1
2019-10-24T15:49:36.000Z,1
2019-10-24T16:08:01.000Z,1
2019-10-24T16:40:19.000Z,1
2019-10-24T16:43:54.000Z,1
2019-10-24T16:45:06.000Z,1
2019-10-24T17:10:23.000Z,2
2019-10-24T17:21:47.000Z,1
2019-10-24T17:24:47.000Z,1
2019-10-24T18:05:53.000Z,1
2019-10-24T18:09:22.000Z,1
2019-10-24T18:11:43.000Z,2
2019-10-24T18:11:49.000Z,2
2019-10-24T18:17:06.000Z,1
2019-10-24T18:26:10.000Z,1
2019-10-24T18:31:14.000Z,1
2019-10-24T18:33:16.000Z,1
2019-10-24T18:35:35.000Z,1
2019-10-24T18:48:49.000Z,1
2019-10-24T18:54:18.000Z,1
2019-10-24T18:58:32.000Z,2
2019-10-24T19:03:29.000Z,1
2019-10-24T19:15:48.000Z,1
2019-10-24T19:35:55.000Z,1
2019-10-24T19:52:00.000Z,1
2019-10-24T20:17:59.000Z,1
2019-10-24T20:55:09.000Z,1
2019-10-24T21:39:07.000Z,1
2019-10-25T00:04:02.000Z,1
2019-10-25T01:08:21.000Z,1
2019-10-25T04:22:06.000Z,1
2019-10-25T06:15:18.000Z,1
2019-10-25T06:50:43.000Z,1
2019-10-25T06:51:28.000Z,3
2019-10-25T07:42:39.000Z,1
2019-10-25T07:43:16.000Z,1
2019-10-25T07:52:30.000Z,1
2019-10-25T07:57:17.000Z,2
2019-10-25T08:00:30.000Z,1
2019-10-25T08:06:23.000Z,1
2019-10-25T08:17:30.000Z,1
2019-10-25T08:24:36.000Z,1
2019-10-25T08:36:53.000Z,1
2019-10-25T08:39:28.000Z,1
2019-10-25T08:56:29.000Z,1
2019-10-25T09:24:41.000Z,1
2019-10-25T10:47:26.000Z,1
2019-10-25T10:52:45.000Z,1
2019-10-25T11:24:55.000Z,1
2019-10-25T12:22:33.000Z,1
2019-10-25T12:26:40.000Z,2
2019-10-25T13:29:33.000Z,1
2019-10-25T13:38:47.000Z,1
2019-10-25T13:41:59.000Z,1
2019-10-25T14:04:57.000Z,2
2019-10-25T14:10:12.000Z,1
2019-10-25T14:30:46.000Z,1
2019-10-25T14:36:40.000Z,1
2019-10-25T14:53:30.000Z,1
2019-10-25T14:53:55.000Z,2
2019-10-25T15:09:32.000Z,1
2019-10-25T15:11:35.000Z,1
2019-10-25T15:37:08.000Z,1
2019-10-25T15:53:21.000Z,1
2019-10-25T16:02:26.000Z,1
2019-10-25T16:06:05.000Z,1
2019-10-25T16:21:58.000Z,1
2019-10-25T16:33:38.000Z,1
2019-10-25T16:36:56.000Z,1
2019-10-25T16:37:21.000Z,1
2019-10-25T16:37:19.000Z,2
2019-10-25T16:51:23.000Z,1
2019-10-25T16:52:26.000Z,1
2019-10-25T17:05:53.000Z,1
2019-10-25T17:06:20.000Z,2
2019-10-25T17:06:25.000Z,1
2019-10-25T17:08:47.000Z,2
2019-10-25T17:14:02.000Z,1
2019-10-25T17:18:12.000Z,1
2019-10-25T17:24:04.000Z,1
2019-10-25T17:31:46.000Z,1
2019-10-25T18:10:29.000Z,2
2019-10-25T18:15:22.000Z,1
2019-10-25T18:16:01.000Z,1
2019-10-25T18:28:38.000Z,1
2019-10-25T18:28:51.000Z,1
2019-10-25T18:30:39.000Z,1
2019-10-25T18:31:02.000Z,1
2019-10-25T18:36:40.000Z,1
2019-10-25T18:37:07.000Z,1
2019-10-25T19:37:11.000Z,1
2019-10-25T22:24:38.000Z,1
2019-10-25T22:38:33.000Z,1
2019-10-26T00:07:00.000Z,1
2019-10-26T00:09:49.000Z,1
2019-10-26T07:18:27.000Z,1
2019-10-26T07:54:48.000Z,2
2019-10-26T08:05:34.000Z,1
2019-10-26T08:42:03.000Z,2
2019-10-26T09:23:37.000Z,1
2019-10-26T09:35:06.000Z,1
2019-10-26T09:52:52.000Z,1
2019-10-26T10:00:21.000Z,1
2019-10-26T10:26:59.000Z,1
2019-10-26T10:27:45.000Z,1
2019-10-26T10:56:02.000Z,1
2019-10-26T11:09:37.000Z,1
2019-10-26T11:15:39.000Z,1
2019-10-26T11:28:28.000Z,1
2019-10-26T11:52:04.000Z,2
2019-10-26T12:42:48.000Z,1
2019-10-26T12:58:51.000Z,1
2019-10-26T13:03:11.000Z,1
2019-10-26T13:06:07.000Z,1
2019-10-26T18:15:30.000Z,1
2019-10-26T22:03:58.000Z,1
2019-10-27T08:25:53.000Z,1
2019-10-27T08:51:35.000Z,1
2019-10-27T08:58:56.000Z,1
2019-10-27T10:02:23.000Z,1
2019-10-27T10:04:57.000Z,1
2019-10-27T10:36:37.000Z,1
2019-10-27T10:51:50.000Z,1
2019-10-27T11:28:43.000Z,1
2019-10-27T11:32:12.000Z,1
2019-10-27T11:34:50.000Z,1
2019-10-27T12:00:54.000Z,1
2019-10-27T12:26:36.000Z,1
2019-10-27T12:39:20.000Z,1
2019-10-27T13:08:37.000Z,1
2019-10-27T13:09:58.000Z,1
2019-10-27T13:12:44.000Z,1
2019-10-27T13:14:12.000Z,2
2019-10-27T13:37:14.000Z,1
2019-10-27T13:48:26.000Z,1
2019-10-27T14:51:30.000Z,1
2019-10-27T15:04:44.000Z,1
2019-10-27T15:09:52.000Z,1
2019-10-27T15:18:41.000Z,2
2019-10-27T15:19:56.000Z,1
2019-10-27T16:02:25.000Z,2
2019-10-27T16:22:48.000Z,1
2019-10-27T16:36:34.000Z,1
2019-10-27T16:39:17.000Z,1
2019-10-27T17:12:56.000Z,3
2019-10-27T17:30:55.000Z,1
2019-10-27T17:41:48.000Z,2
2019-10-27T17:58:54.000Z,1
2019-10-27T18:10:14.000Z,1
2019-10-27T18:32:04.000Z,1
2019-10-27T18:41:05.000Z,1
2019-10-27T19:10:43.000Z,1
2019-10-27T19:43:47.000Z,1
2019-10-27T21:36:59.000Z,1
2019-10-27T22:09:50.000Z,1
2019-10-28T05:58:51.000Z,1
2019-10-28T07:02:36.000Z,1
2019-10-28T07:24:55.000Z,1
2019-10-28T07:26:09.000Z,1
2019-10-28T07:51:51.000Z,1
2019-10-28T07:52:12.000Z,1
2019-10-28T08:01:24.000Z,1
2019-10-28T08:07:16.000Z,1
2019-10-28T08:12:14.000Z,1
2019-10-28T08:45:13.000Z,1
2019-10-28T08:49:39.000Z,1
2019-10-28T10:27:52.000Z,2
2019-10-28T10:33:36.000Z,1
2019-10-28T11:15:22.000Z,1
2019-10-28T11:43:58.000Z,1
2019-10-28T12:42:27.000Z,1
2019-10-28T12:58:51.000Z,1
2019-10-28T14:10:00.000Z,1
2019-10-28T14:15:19.000Z,1
2019-10-28T14:22:42.000Z,1
2019-10-28T14:41:59.000Z,2
2019-10-28T15:55:53.000Z,1
2019-10-28T16:29:02.000Z,1
2019-10-28T16:33:50.000Z,1
2019-10-28T16:47:36.000Z,1
2019-10-28T16:47:40.000Z,1
2019-10-28T16:56:41.000Z,1
2019-10-28T17:12:04.000Z,1
2019-10-28T17:13:10.000Z,1
2019-10-28T17:22:08.000Z,2
2019-10-28T17:24:19.000Z,1
2019-10-28T17:37:51.000Z,1
2019-10-28T17:40:03.000Z,1
2019-10-28T17:40:37.000Z,1
2019-10-28T17:55:17.000Z,1
2019-10-28T18:01:07.000Z,1
2019-10-28T18:09:40.000Z,1
2019-10-28T18:17:05.000Z,1
2019-10-28T18:30:41.000Z,1
2019-10-28T18:36:19.000Z,1
2019-10-28T18:45:42.000Z,1
2019-10-28T18:52:19.000Z,1
2019-10-28T19:13:24.000Z,1
2019-10-28T19:25:30.000Z,1
2019-10-28T19:37:52.000Z,1
2019-10-28T20:05:19.000Z,1
2019-10-28T21:04:24.000Z,1
2019-10-28T22:57:48.000Z,1
2019-10-29T00:39:24.000Z,1
2019-10-29T05:37:03.000Z,2
2019-10-29T06:27:01.000Z,1
2019-10-29T07:28:14.000Z,2
2019-10-29T07:40:27.000Z,1
2019-10-29T08:27:02.000Z,2
2019-10-29T08:36:12.000Z,1
2019-10-29T08:46:53.000Z,1
2019-10-29T09:27:25.000Z,1
2019-10-29T10:17:44.000Z,1
2019-10-29T11:01:20.000Z,1
2019-10-29T12:31:35.000Z,1
2019-10-29T12:51:11.000Z,1
2019-10-29T12:51:56.000Z,1
2019-10-29T13:31:58.000Z,1
2019-10-29T14:27:20.000Z,1
2019-10-29T14:44:06.000Z,2
2019-10-29T15:27:06.000Z,1
2019-10-29T16:26:06.000Z,1
2019-10-29T16:33:20.000Z,1
2019-10-29T16:45:03.000Z,1
2019-10-29T16:47:33.000Z,2
2019-10-29T16:56:10.000Z,1
2019-10-29T17:07:54.000Z,2
2019-10-29T17:17:55.000Z,1
2019-10-29T17:29:46.000Z,1
2019-10-29T18:24:21.000Z,1
2019-10-29T18:30:07.000Z,1
2019-10-29T18:31:44.000Z,1
2019-10-29T18:45:24.000Z,1
2019-10-29T18:57:29.000Z,1
2019-10-29T19:26:15.000Z,1
2019-10-29T19:31:07.000Z,1
2019-10-29T20:34:38.000Z,1
2019-10-29T20:38:36.000Z,1
2019-10-29T21:20:57.000Z,1
2019-10-29T21:36:36.000Z,1
2019-10-29T23:27:46.000Z,1
2019-10-30T05:45:30.000Z,1
2019-10-30T06:37:13.000Z,1
2019-10-30T06:40:11.000Z,1
2019-10-30T07:08:18.000Z,1
2019-10-30T07:10:07.000Z,1
2019-10-30T08:54:24.000Z,1
2019-10-30T12:14:37.000Z,1
2019-10-30T13:35:07.000Z,1
2019-10-30T14:12:06.000Z,1
2019-10-30T15:23:39.000Z,1
2019-10-30T15:37:04.000Z,1
2019-10-30T15:44:24.000Z,1
2019-10-30T16:42:29.000Z,1
2019-10-30T17:03:27.000Z,2
2019-10-30T17:03:51.000Z,2
2019-10-30T17:13:37.000Z,1
2019-10-30T17:34:59.000Z,1
2019-10-30T17:52:43.000Z,1
2019-10-30T18:12:41.000Z,1
2019-10-30T18:30:46.000Z,1
2019-10-30T18:31:44.000Z,1
2019-10-30T18:51:43.000Z,2
2019-10-30T18:53:56.000Z,1
2019-10-24T07:48:22.000Z,1
2019-10-24T07:52:56.000Z,1
2019-10-24T07:55:19.000Z,1
2019-10-24T08:06:50.000Z,2
2019-10-24T08:09:30.000Z,1
2019-10-24T08:29:49.000Z,2
2019-10-24T08:30:45.000Z,1
2019-10-24T08:46:34.000Z,2
2019-10-24T09:58:23.000Z,1
2019-10-24T10:18:10.000Z,1
2019-10-24T10:18:21.000Z,1
2019-10-24T12:33:29.000Z,2
2019-10-24T16:11:33.000Z,1
2019-10-24T16:44:38.000Z,1
2019-10-24T10:06:27.000Z,1
2019-10-24T11:50:28.000Z,1
2019-10-24T12:01:23.000Z,1
2019-10-24T12:13:20.000Z,1
2019-10-24T12:17:25.000Z,2
2019-10-24T12:28:17.000Z,1
2019-10-24T13:10:21.000Z,1
2019-10-24T13:18:57.000Z,1
2019-10-24T14:00:03.000Z,1
2019-10-24T14:47:52.000Z,1
2019-10-24T15:11:42.000Z,1
2019-10-24T16:05:40.000Z,1
2019-10-24T16:19:11.000Z,1
2019-10-24T16:58:07.000Z,2
2019-10-24T17:22:59.000Z,1
2019-10-24T17:48:20.000Z,1
2019-10-24T17:53:30.000Z,1
2019-10-24T19:21:03.000Z,1
2019-10-24T19:26:29.000Z,1
2019-10-24T20:02:13.000Z,1
2019-10-24T20:46:23.000Z,1
2019-10-24T21:00:25.000Z,1
2019-10-24T21:09:12.000Z,1
2019-10-24T21:18:41.000Z,1
2019-10-24T21:53:10.000Z,1
2019-10-24T23:22:00.000Z,1
2019-10-25T00:01:10.000Z,1
2019-10-25T06:32:24.000Z,1
2019-10-25T06:36:42.000Z,1
2019-10-25T07:22:12.000Z,1
2019-10-25T07:42:08.000Z,1
2019-10-25T07:45:31.000Z,1
2019-10-25T07:48:10.000Z,1
2019-10-25T07:59:07.000Z,2
2019-10-25T08:04:27.000Z,1
2019-10-25T08:09:28.000Z,1
2019-10-25T08:16:51.000Z,1
2019-10-25T08:46:15.000Z,1
2019-10-25T08:59:14.000Z,1
2019-10-25T09:00:07.000Z,1
2019-10-25T09:00:34.000Z,1
2019-10-25T09:27:30.000Z,1
2019-10-25T09:47:45.000Z,2
2019-10-25T09:50:07.000Z,1
2019-10-25T10:02:10.000Z,1
2019-10-25T11:45:46.000Z,1
2019-10-25T12:05:30.000Z,1
2019-10-25T12:06:28.000Z,1
2019-10-25T12:32:15.000Z,1
2019-10-25T12:42:42.000Z,1
2019-10-25T13:10:25.000Z,1
2019-10-25T13:32:10.000Z,1
2019-10-25T13:43:36.000Z,1
2019-10-25T13:53:28.000Z,1
2019-10-25T15:02:28.000Z,1
2019-10-25T15:05:53.000Z,1
2019-10-25T15:36:09.000Z,1
2019-10-25T15:56:41.000Z,1
2019-10-25T16:30:09.000Z,1
2019-10-25T16:31:58.000Z,1
2019-10-25T16:36:33.000Z,1
2019-10-25T16:44:53.000Z,1
2019-10-25T17:08:40.000Z,1
2019-10-25T17:11:04.000Z,1
2019-10-25T17:14:44.000Z,2
2019-10-25T17:15:03.000Z,1
2019-10-25T17:15:40.000Z,1
2019-10-25T17:23:26.000Z,1
2019-10-25T17:28:50.000Z,1
2019-10-25T17:41:10.000Z,4
2019-10-25T17:41:12.000Z,2
2019-10-25T18:03:35.000Z,1
2019-10-25T18:56:26.000Z,1
2019-10-25T19:16:35.000Z,1
2019-10-25T21:03:23.000Z,1
2019-10-25T21:09:23.000Z,1
2019-10-25T21:39:44.000Z,1
2019-10-25T21:40:52.000Z,1
2019-10-25T22:33:49.000Z,1
2019-10-26T07:32:55.000Z,1
2019-10-26T09:44:49.000Z,1
2019-10-26T09:54:53.000Z,1
2019-10-26T10:45:23.000Z,1
2019-10-26T10:52:28.000Z,1
2019-10-26T11:06:46.000Z,1
2019-10-26T11:07:01.000Z,1
2019-10-26T11:09:24.000Z,1
2019-10-26T11:13:27.000Z,1
2019-10-26T11:38:36.000Z,1
2019-10-26T11:47:40.000Z,1
2019-10-26T13:17:53.000Z,1
2019-10-26T17:24:24.000Z,1
2019-10-26T19:42:01.000Z,1
2019-10-27T06:44:58.000Z,1
2019-10-27T08:56:59.000Z,1
2019-10-27T10:00:06.000Z,1
2019-10-27T10:07:03.000Z,1
2019-10-27T10:42:46.000Z,1
2019-10-27T11:02:37.000Z,1
2019-10-27T11:23:40.000Z,2
2019-10-27T11:28:22.000Z,1
2019-10-27T11:54:23.000Z,2
2019-10-27T11:56:39.000Z,1
2019-10-27T12:23:04.000Z,1
2019-10-27T12:23:21.000Z,1
2019-10-27T12:42:46.000Z,1
2019-10-27T12:52:39.000Z,1
2019-10-27T13:06:06.000Z,1
2019-10-27T13:31:55.000Z,1
2019-10-27T13:35:42.000Z,1
2019-10-27T13:48:55.000Z,2
2019-10-27T14:05:52.000Z,1
2019-10-27T14:11:25.000Z,1
2019-10-27T14:23:02.000Z,1
2019-10-27T15:18:01.000Z,1
2019-10-27T15:21:26.000Z,1
2019-10-27T15:39:05.000Z,1
2019-10-27T16:01:10.000Z,1
2019-10-27T16:04:37.000Z,1
2019-10-27T16:09:50.000Z,1
2019-10-27T16:30:04.000Z,1
2019-10-27T16:39:48.000Z,1
2019-10-27T17:20:15.000Z,1
2019-10-27T17:32:28.000Z,1
2019-10-27T17:48:12.000Z,1
2019-10-27T17:48:37.000Z,1
2019-10-27T17:52:43.000Z,1
2019-10-27T18:24:44.000Z,1
2019-10-27T18:26:45.000Z,1
2019-10-27T19:08:52.000Z,1
2019-10-28T05:11:08.000Z,1
2019-10-28T05:26:47.000Z,1
2019-10-28T05:31:01.000Z,1
2019-10-28T06:42:44.000Z,1
2019-10-28T07:10:20.000Z,1
2019-10-28T07:12:58.000Z,1
2019-10-28T07:12:54.000Z,1
2019-10-28T07:17:14.000Z,3
2019-10-28T07:33:05.000Z,1
2019-10-28T07:44:34.000Z,1
2019-10-28T07:55:33.000Z,1
2019-10-28T08:00:17.000Z,1
2019-10-28T08:07:34.000Z,1
2019-10-28T08:20:22.000Z,2
2019-10-28T08:21:34.000Z,1
2019-10-28T08:21:39.000Z,1
2019-10-28T08:39:58.000Z,1
2019-10-28T08:47:46.000Z,1
2019-10-28T09:01:26.000Z,1
2019-10-28T09:11:09.000Z,1
2019-10-28T09:13:21.000Z,1
2019-10-28T09:24:02.000Z,1
2019-10-28T09:35:01.000Z,1
2019-10-28T10:06:02.000Z,1
2019-10-28T11:03:50.000Z,2
2019-10-28T12:31:24.000Z,1
2019-10-28T12:33:27.000Z,1
2019-10-28T13:05:40.000Z,1
2019-10-28T13:07:08.000Z,1
2019-10-28T13:13:29.000Z,1
2019-10-28T13:18:42.000Z,1
2019-10-28T13:37:28.000Z,2
2019-10-28T14:30:11.000Z,1
2019-10-28T14:34:15.000Z,1
2019-10-28T14:50:11.000Z,1
2019-10-28T15:28:20.000Z,1
2019-10-28T15:33:01.000Z,1
2019-10-28T16:02:31.000Z,1
2019-10-28T16:08:21.000Z,1
2019-10-28T16:12:29.000Z,1
2019-10-28T16:14:58.000Z,1
2019-10-28T16:15:40.000Z,1
2019-10-28T16:19:21.000Z,1
2019-10-28T16:33:15.000Z,1
2019-10-28T16:46:40.000Z,1
2019-10-28T16:48:55.000Z,1
2019-10-28T16:49:14.000Z,1
2019-10-28T16:59:27.000Z,1
2019-10-28T17:05:02.000Z,1
2019-10-28T17:05:48.000Z,2
2019-10-28T17:28:24.000Z,2
2019-10-28T17:34:54.000Z,1
2019-10-28T17:47:29.000Z,1
2019-10-28T17:54:43.000Z,1
2019-10-28T18:06:23.000Z,1
2019-10-28T18:07:03.000Z,1
2019-10-28T18:08:10.000Z,1
2019-10-28T18:14:17.000Z,1
2019-10-28T18:14:21.000Z,1
2019-10-28T18:17:46.000Z,1
2019-10-28T18:46:13.000Z,1
2019-10-28T18:46:29.000Z,1
2019-10-28T18:57:29.000Z,1
2019-10-28T19:10:41.000Z,1
2019-10-28T19:14:14.000Z,2
2019-10-28T19:29:10.000Z,1
2019-10-28T19:32:23.000Z,2
2019-10-28T19:43:25.000Z,1
2019-10-28T19:45:59.000Z,1
2019-10-28T20:04:51.000Z,1
2019-10-28T22:26:08.000Z,1
2019-10-28T23:01:23.000Z,1
2019-10-29T06:47:14.000Z,1
2019-10-29T06:56:33.000Z,1
2019-10-29T08:27:16.000Z,1
2019-10-29T08:40:54.000Z,3
2019-10-29T08:52:00.000Z,1
2019-10-29T08:56:40.000Z,1
2019-10-29T09:04:37.000Z,1
2019-10-29T09:05:20.000Z,1
2019-10-29T09:06:11.000Z,1
2019-10-29T09:29:21.000Z,1
2019-10-29T10:13:51.000Z,1
2019-10-29T10:33:09.000Z,1
2019-10-29T11:02:18.000Z,1
2019-10-29T11:47:20.000Z,1
2019-10-29T11:56:59.000Z,1
2019-10-29T12:43:16.000Z,1
2019-10-29T13:23:00.000Z,1
2019-10-29T15:21:12.000Z,1
2019-10-29T15:36:32.000Z,1
2019-10-29T15:52:14.000Z,1
2019-10-29T16:00:27.000Z,1
2019-10-29T16:01:34.000Z,1
2019-10-29T16:16:42.000Z,1
2019-10-29T16:22:27.000Z,1
2019-10-29T16:29:03.000Z,2
2019-10-29T16:29:12.000Z,1
2019-10-29T16:51:41.000Z,2
2019-10-29T16:56:03.000Z,1
2019-10-29T17:03:59.000Z,1
2019-10-29T17:17:56.000Z,1
2019-10-29T17:18:38.000Z,1
2019-10-29T17:21:56.000Z,2
2019-10-29T17:52:01.000Z,1
2019-10-29T18:13:26.000Z,2
2019-10-29T18:31:43.000Z,1
2019-10-29T18:32:49.000Z,1
2019-10-29T18:36:55.000Z,1
2019-10-29T19:16:38.000Z,1
2019-10-29T19:24:24.000Z,1
2019-10-29T19:37:03.000Z,1
2019-10-29T19:51:44.000Z,1
2019-10-29T20:30:40.000Z,1
2019-10-29T20:56:33.000Z,1
2019-10-29T20:59:10.000Z,1
2019-10-29T21:08:42.000Z,1
2019-10-30T06:35:30.000Z,1
2019-10-30T11:24:51.000Z,1
2019-10-30T13:05:33.000Z,1
2019-10-30T13:09:33.000Z,1
2019-10-30T14:38:07.000Z,1
2019-10-30T15:27:12.000Z,1
2019-10-30T15:49:33.000Z,1
2019-10-30T15:55:21.000Z,1
2019-10-30T15:55:37.000Z,1
2019-10-30T16:38:26.000Z,1
2019-10-30T16:53:44.000Z,1
2019-10-30T17:07:52.000Z,1
2019-10-30T17:12:24.000Z,1
2019-10-30T17:35:06.000Z,2
2019-10-30T18:08:19.000Z,1
2019-10-24T07:37:27.000Z,1
2019-10-24T07:41:43.000Z,2
2019-10-24T07:45:02.000Z,1
2019-10-24T08:02:02.000Z,1
2019-10-24T08:38:07.000Z,1
2019-10-24T08:46:53.000Z,1
2019-10-24T08:47:56.000Z,1
2019-10-24T08:59:02.000Z,1
2019-10-24T09:00:46.000Z,1
2019-10-24T09:24:24.000Z,1
2019-10-24T09:45:03.000Z,1
2019-10-24T13:08:37.000Z,1
2019-10-24T16:22:58.000Z,1
2019-10-24T17:15:26.000Z,1
2019-10-24T19:09:14.000Z,1
2019-10-25T08:58:56.000Z,1
2019-10-24T09:42:32.000Z,1
2019-10-24T10:21:02.000Z,1
2019-10-24T10:34:10.000Z,1
2019-10-24T12:07:06.000Z,1
2019-10-24T12:58:08.000Z,1
2019-10-24T13:32:06.000Z,1
2019-10-24T15:04:55.000Z,1
2019-10-24T15:39:37.000Z,1
2019-10-24T15:58:16.000Z,2
2019-10-24T16:13:49.000Z,1
2019-10-24T16:21:07.000Z,2
2019-10-24T16:26:56.000Z,1
2019-10-24T16:26:58.000Z,1
2019-10-24T16:43:10.000Z,1
2019-10-24T16:48:09.000Z,2
2019-10-24T16:54:24.000Z,1
2019-10-24T16:56:30.000Z,1
2019-10-24T17:05:49.000Z,1
2019-10-24T17:24:19.000Z,1
2019-10-24T17:31:19.000Z,3
2019-10-24T17:33:34.000Z,1
2019-10-24T17:35:52.000Z,1
2019-10-24T17:39:09.000Z,1
2019-10-24T17:53:11.000Z,2
2019-10-24T18:10:55.000Z,1
2019-10-24T18:13:29.000Z,1
2019-10-24T18:18:20.000Z,2
2019-10-24T18:21:40.000Z,1
2019-10-24T18:44:57.000Z,1
2019-10-24T19:18:29.000Z,1
2019-10-24T19:20:45.000Z,1
2019-10-24T19:49:14.000Z,1
2019-10-24T20:17:52.000Z,1
2019-10-24T22:59:39.000Z,1
2019-10-25T05:48:23.000Z,1
2019-10-25T06:27:28.000Z,1
2019-10-25T07:12:16.000Z,2
2019-10-25T07:20:57.000Z,1
2019-10-25T07:42:25.000Z,2
2019-10-25T07:44:21.000Z,1
2019-10-25T07:53:37.000Z,1
2019-10-25T07:54:17.000Z,1
2019-10-25T08:25:27.000Z,2
2019-10-25T08:28:44.000Z,1
2019-10-25T08:38:57.000Z,1
2019-10-25T08:45:24.000Z,1
2019-10-25T08:50:43.000Z,2
2019-10-25T08:53:51.000Z,1
2019-10-25T09:43:17.000Z,1
2019-10-25T10:56:34.000Z,1
2019-10-25T11:34:00.000Z,1
2019-10-25T12:40:39.000Z,1
2019-10-25T13:13:19.000Z,1
2019-10-25T13:30:50.000Z,2
2019-10-25T13:33:07.000Z,1
2019-10-25T13:40:59.000Z,1
2019-10-25T13:56:53.000Z,1
2019-10-25T13:58:42.000Z,1
2019-10-25T14:33:44.000Z,1
2019-10-25T15:03:28.000Z,1
2019-10-25T15:10:11.000Z,1
2019-10-25T15:25:58.000Z,1
2019-10-25T15:50:25.000Z,1
2019-10-25T16:04:28.000Z,1
2019-10-25T16:06:52.000Z,1
2019-10-25T16:21:23.000Z,1
2019-10-25T16:23:38.000Z,1
2019-10-25T16:44:44.000Z,1
2019-10-25T17:15:39.000Z,1
2019-10-25T17:21:13.000Z,1
2019-10-25T17:42:47.000Z,2
2019-10-25T17:42:53.000Z,3
2019-10-25T17:44:19.000Z,1
2019-10-25T17:46:59.000Z,1
2019-10-25T18:02:05.000Z,1
2019-10-25T19:34:09.000Z,1
2019-10-25T20:12:27.000Z,1
2019-10-25T21:30:17.000Z,1
2019-10-25T22:27:49.000Z,1
2019-10-25T23:20:10.000Z,1
2019-10-26T01:19:51.000Z,1
2019-10-26T06:44:30.000Z,1
2019-10-26T07:02:01.000Z,1
2019-10-26T07:26:30.000Z,1
2019-10-26T08:35:15.000Z,1
2019-10-26T09:37:28.000Z,1
2019-10-26T10:04:49.000Z,1
2019-10-26T10:19:38.000Z,1
2019-10-26T10:23:32.000Z,1
2019-10-26T10:48:55.000Z,1
2019-10-26T11:07:19.000Z,1
2019-10-26T11:19:05.000Z,1
2019-10-26T11:30:13.000Z,1
2019-10-26T11:34:12.000Z,1
2019-10-26T11:58:25.000Z,2
2019-10-26T12:17:35.000Z,1
2019-10-26T12:20:41.000Z,1
2019-10-26T12:31:28.000Z,1
2019-10-26T21:55:06.000Z,1
2019-10-27T02:18:29.000Z,1
2019-10-27T08:56:43.000Z,1
2019-10-27T09:23:22.000Z,1
2019-10-27T10:19:51.000Z,1
2019-10-27T11:21:10.000Z,1
2019-10-27T11:26:21.000Z,1
2019-10-27T11:26:36.000Z,1
2019-10-27T11:34:22.000Z,1
2019-10-27T11:35:59.000Z,1
2019-10-27T11:38:44.000Z,1
2019-10-27T11:54:07.000Z,1
2019-10-27T12:03:09.000Z,1
2019-10-27T12:10:00.000Z,1
2019-10-27T12:10:39.000Z,1
2019-10-27T12:22:12.000Z,1
2019-10-27T12:41:12.000Z,1
2019-10-27T12:59:33.000Z,1
2019-10-27T13:07:16.000Z,1
2019-10-27T13:29:40.000Z,1
2019-10-27T13:42:16.000Z,1
2019-10-27T13:55:24.000Z,1
2019-10-27T14:12:55.000Z,1
2019-10-27T15:01:57.000Z,1
2019-10-27T15:11:27.000Z,1
2019-10-27T15:12:14.000Z,1
2019-10-27T15:16:30.000Z,1
2019-10-27T15:41:59.000Z,1
2019-10-27T15:43:10.000Z,1
2019-10-27T16:04:54.000Z,1
2019-10-27T16:36:27.000Z,1
2019-10-27T16:52:53.000Z,1
2019-10-27T17:29:40.000Z,1
2019-10-27T17:53:08.000Z,1
2019-10-27T17:59:04.000Z,1
2019-10-27T18:49:20.000Z,1
2019-10-27T18:57:46.000Z,1
2019-10-27T19:10:00.000Z,2
2019-10-27T19:10:23.000Z,1
2019-10-27T19:21:57.000Z,1
2019-10-27T20:21:20.000Z,1
2019-10-27T20:28:43.000Z,1
2019-10-27T22:36:03.000Z,1
2019-10-27T23:01:08.000Z,1
2019-10-28T07:07:32.000Z,3
2019-10-28T07:22:04.000Z,1
2019-10-28T07:33:30.000Z,2
2019-10-28T07:35:53.000Z,1
2019-10-28T07:46:57.000Z,1
2019-10-28T07:48:15.000Z,2
2019-10-28T08:11:11.000Z,1
2019-10-28T08:29:34.000Z,1
2019-10-28T08:51:25.000Z,1
2019-10-28T09:36:07.000Z,1
2019-10-28T10:07:51.000Z,1
2019-10-28T10:38:44.000Z,1
2019-10-28T11:03:45.000Z,1
2019-10-28T11:07:13.000Z,1
2019-10-28T12:07:46.000Z,1
2019-10-28T14:00:43.000Z,1
2019-10-28T14:28:10.000Z,1
2019-10-28T14:38:06.000Z,1
2019-10-28T15:29:18.000Z,1
2019-10-28T15:34:22.000Z,1
2019-10-28T15:34:42.000Z,1
2019-10-28T15:35:03.000Z,1
2019-10-28T15:41:41.000Z,1
2019-10-28T15:58:44.000Z,1
2019-10-28T16:13:33.000Z,1
2019-10-28T16:34:37.000Z,1
2019-10-28T16:50:52.000Z,1
2019-10-28T17:04:40.000Z,1
2019-10-28T17:06:39.000Z,1
2019-10-28T17:17:02.000Z,1
2019-10-28T17:29:02.000Z,1
2019-10-28T17:46:20.000Z,1
2019-10-28T17:49:07.000Z,1
2019-10-28T17:49:08.000Z,1
2019-10-28T17:50:08.000Z,1
2019-10-28T17:52:54.000Z,1
2019-10-28T18:04:02.000Z,1
2019-10-28T18:22:55.000Z,1
2019-10-28T18:48:53.000Z,1
2019-10-28T18:52:11.000Z,1
2019-10-28T18:52:31.000Z,1
2019-10-28T19:54:54.000Z,1
2019-10-28T20:06:33.000Z,1
2019-10-28T20:40:21.000Z,1
2019-10-28T20:50:47.000Z,1
2019-10-28T21:03:39.000Z,1
2019-10-28T21:20:34.000Z,1
2019-10-28T21:48:21.000Z,1
2019-10-29T02:08:26.000Z,1
2019-10-29T05:40:08.000Z,1
2019-10-29T06:45:54.000Z,1
2019-10-29T06:48:31.000Z,1
2019-10-29T07:20:07.000Z,1
2019-10-29T07:21:16.000Z,1
2019-10-29T07:23:59.000Z,1
2019-10-29T07:35:39.000Z,1
2019-10-29T08:02:02.000Z,1
2019-10-29T08:08:58.000Z,2
2019-10-29T08:08:54.000Z,2
2019-10-29T08:16:05.000Z,1
2019-10-29T08:44:39.000Z,1
2019-10-29T09:18:28.000Z,1
2019-10-29T09:47:33.000Z,1
2019-10-29T10:26:46.000Z,1
2019-10-29T10:27:25.000Z,1
2019-10-29T10:30:45.000Z,1
2019-10-29T10:42:04.000Z,1
2019-10-29T10:57:40.000Z,1
2019-10-29T11:47:53.000Z,1
2019-10-29T12:02:14.000Z,1
2019-10-29T12:09:04.000Z,1
2019-10-29T12:48:12.000Z,1
2019-10-29T13:09:53.000Z,1
2019-10-29T13:14:21.000Z,1
2019-10-29T13:41:05.000Z,1
2019-10-29T13:53:59.000Z,1
2019-10-29T14:38:42.000Z,1
2019-10-29T16:11:58.000Z,1
2019-10-29T16:54:11.000Z,1
2019-10-29T16:56:53.000Z,1
2019-10-29T17:26:24.000Z,1
2019-10-29T17:40:25.000Z,1
2019-10-29T18:15:10.000Z,2
2019-10-29T18:31:40.000Z,1
2019-10-29T19:24:48.000Z,1
2019-10-29T19:28:18.000Z,1
2019-10-29T19:40:24.000Z,1
2019-10-29T19:51:01.000Z,1
2019-10-29T20:03:51.000Z,1
2019-10-29T21:07:39.000Z,1
2019-10-29T21:12:57.000Z,1
2019-10-30T06:27:54.000Z,1
2019-10-30T07:40:26.000Z,1
2019-10-30T07:39:00.000Z,1
2019-10-30T08:05:31.000Z,1
2019-10-30T08:14:55.000Z,1
2019-10-30T11:03:00.000Z,1
2019-10-30T11:48:06.000Z,2
2019-10-30T12:45:27.000Z,1
2019-10-30T13:45:52.000Z,1
2019-10-30T13:46:38.000Z,1
2019-10-30T14:17:38.000Z,1
2019-10-30T15:14:21.000Z,1
2019-10-30T15:21:39.000Z,1
2019-10-30T16:41:56.000Z,1
2019-10-30T16:52:56.000Z,1
2019-10-30T17:05:12.000Z,1
2019-10-30T17:09:03.000Z,1
2019-10-30T17:58:19.000Z,1
2019-10-30T18:13:18.000Z,2
2019-10-30T18:31:27.000Z,1
2019-10-24T07:37:45.000Z,1
2019-10-24T07:42:44.000Z,1
2019-10-24T08:15:06.000Z,1
2019-10-24T08:23:43.000Z,1
2019-10-24T08:26:03.000Z,1
2019-10-24T09:10:53.000Z,3
2019-10-24T09:44:52.000Z,1
2019-10-24T09:49:09.000Z,1
2019-10-24T10:17:04.000Z,1
2019-10-24T11:24:47.000Z,1
2019-10-24T11:40:14.000Z,1
2019-10-24T11:41:55.000Z,1
2019-10-24T12:12:19.000Z,1
2019-10-24T12:18:15.000Z,1
2019-10-24T13:07:43.000Z,1
2019-10-24T15:51:07.000Z,1
2019-10-24T16:57:46.000Z,2
2019-10-24T18:09:09.000Z,1
2019-10-25T08:44:28.000Z,1
2019-10-24T09:33:09.000Z,1
2019-10-24T09:33:36.000Z,1
2019-10-24T09:52:21.000Z,1
2019-10-24T10:52:35.000Z,1
2019-10-24T11:02:31.000Z,1
2019-10-24T11:58:07.000Z,1
2019-10-24T13:38:30.000Z,1
2019-10-24T14:02:47.000Z,1
2019-10-24T14:06:29.000Z,1
2019-10-24T14:50:16.000Z,1
2019-10-24T14:56:08.000Z,1
2019-10-24T15:11:18.000Z,1
2019-10-24T16:09:03.000Z,1
2019-10-24T16:09:10.000Z,1
2019-10-24T16:35:42.000Z,1
2019-10-24T16:45:12.000Z,1
2019-10-24T17:01:19.000Z,3
2019-10-24T17:02:34.000Z,1
2019-10-24T17:27:00.000Z,2
2019-10-24T17:32:29.000Z,1
2019-10-24T17:38:41.000Z,1
2019-10-24T17:42:09.000Z,1
2019-10-24T17:44:40.000Z,2
2019-10-24T17:54:58.000Z,1
2019-10-24T18:01:48.000Z,1
2019-10-24T18:10:32.000Z,2
2019-10-24T18:27:32.000Z,1
2019-10-24T18:45:50.000Z,1
2019-10-24T19:15:45.000Z,1
2019-10-24T19:35:07.000Z,1
2019-10-24T21:32:22.000Z,1
2019-10-24T21:47:56.000Z,1
2019-10-24T21:57:12.000Z,1
2019-10-24T23:16:18.000Z,1
2019-10-25T00:14:19.000Z,1
2019-10-25T06:33:10.000Z,1
2019-10-25T07:04:27.000Z,1
2019-10-25T08:06:12.000Z,1
2019-10-25T08:06:52.000Z,1
2019-10-25T08:19:00.000Z,1
2019-10-25T08:32:17.000Z,1
2019-10-25T08:34:57.000Z,1
2019-10-25T08:44:23.000Z,1
2019-10-25T08:56:45.000Z,1
2019-10-25T09:00:33.000Z,1
2019-10-25T09:09:41.000Z,1
2019-10-25T09:55:18.000Z,1
2019-10-25T10:12:02.000Z,1
2019-10-25T10:24:59.000Z,2
2019-10-25T11:03:07.000Z,1
2019-10-25T11:53:01.000Z,1
2019-10-25T12:10:20.000Z,1
2019-10-25T12:16:14.000Z,1
2019-10-25T12:22:27.000Z,1
2019-10-25T12:34:17.000Z,1
2019-10-25T12:55:56.000Z,1
2019-10-25T12:59:26.000Z,1
2019-10-25T13:11:42.000Z,1
2019-10-25T14:32:48.000Z,1
2019-10-25T14:57:55.000Z,1
2019-10-25T15:28:58.000Z,1
2019-10-25T15:30:06.000Z,1
2019-10-25T15:30:33.000Z,2
2019-10-25T15:41:12.000Z,1
2019-10-25T16:02:46.000Z,1
2019-10-25T16:18:08.000Z,1
2019-10-25T16:20:42.000Z,1
2019-10-25T16:28:03.000Z,1
2019-10-25T16:33:07.000Z,1
2019-10-25T16:44:04.000Z,1
2019-10-25T16:51:17.000Z,1
2019-10-25T17:11:07.000Z,1
2019-10-25T17:12:33.000Z,1
2019-10-25T17:18:40.000Z,1
2019-10-25T17:21:15.000Z,2
2019-10-25T17:25:02.000Z,1
2019-10-25T17:31:51.000Z,1
2019-10-25T17:34:26.000Z,1
2019-10-25T17:36:09.000Z,1
2019-10-25T17:57:56.000Z,1
2019-10-25T17:59:05.000Z,1
2019-10-25T18:03:40.000Z,1
2019-10-25T18:03:48.000Z,1
2019-10-25T18:12:37.000Z,1
2019-10-25T18:14:02.000Z,1
2019-10-25T18:42:34.000Z,1
2019-10-25T20:16:00.000Z,1
2019-10-25T20:18:21.000Z,1
2019-10-25T20:25:13.000Z,1
2019-10-25T21:32:23.000Z,1
2019-10-25T21:53:02.000Z,1
2019-10-26T01:51:50.000Z,1
2019-10-26T07:46:43.000Z,1
2019-10-26T08:56:23.000Z,1
2019-10-26T09:14:04.000Z,1
2019-10-26T10:04:11.000Z,1
2019-10-26T11:03:47.000Z,1
2019-10-26T11:08:35.000Z,1
2019-10-26T11:34:43.000Z,1
2019-10-26T11:44:40.000Z,1
2019-10-26T12:06:28.000Z,1
2019-10-26T12:32:47.000Z,1
2019-10-26T13:15:58.000Z,1
2019-10-26T15:10:37.000Z,2
2019-10-26T16:02:45.000Z,1
2019-10-26T16:08:28.000Z,1
2019-10-26T21:27:33.000Z,1
2019-10-27T01:51:46.000Z,1
2019-10-27T02:55:42.000Z,1
2019-10-27T05:31:19.000Z,1
2019-10-27T07:38:17.000Z,1
2019-10-27T07:56:07.000Z,1
2019-10-27T09:32:40.000Z,1
2019-10-27T10:17:14.000Z,1
2019-10-27T10:26:31.000Z,1
2019-10-27T10:46:20.000Z,1
2019-10-27T11:18:41.000Z,1
2019-10-27T11:27:05.000Z,1
2019-10-27T11:53:26.000Z,1
2019-10-27T12:08:00.000Z,1
2019-10-27T12:43:19.000Z,1
2019-10-27T12:56:15.000Z,1
2019-10-27T13:14:14.000Z,1
2019-10-27T13:27:53.000Z,1
2019-10-27T13:33:14.000Z,1
2019-10-27T13:40:26.000Z,1
2019-10-27T13:47:07.000Z,1
2019-10-27T13:50:48.000Z,1
2019-10-27T14:01:08.000Z,1
2019-10-27T14:03:00.000Z,1
2019-10-27T14:12:15.000Z,1
2019-10-27T14:43:22.000Z,1
2019-10-27T15:28:56.000Z,1
2019-10-27T15:33:02.000Z,1
2019-10-27T15:33:49.000Z,1
2019-10-27T15:37:47.000Z,1
2019-10-27T15:46:41.000Z,1
2019-10-27T15:51:07.000Z,2
2019-10-27T16:03:11.000Z,1
2019-10-27T16:06:29.000Z,2
2019-10-27T16:13:30.000Z,1
2019-10-27T16:18:25.000Z,2
2019-10-27T16:25:17.000Z,1
2019-10-27T16:31:22.000Z,1
2019-10-27T16:42:24.000Z,1
2019-10-27T17:13:51.000Z,1
2019-10-27T17:55:47.000Z,1
2019-10-27T18:14:43.000Z,1
2019-10-27T18:29:18.000Z,1
2019-10-27T18:40:42.000Z,1
2019-10-27T19:19:12.000Z,1
2019-10-27T19:33:43.000Z,1
2019-10-27T19:55:21.000Z,1
2019-10-27T20:25:18.000Z,1
2019-10-27T20:39:34.000Z,1
2019-10-27T20:59:40.000Z,1
2019-10-28T04:42:12.000Z,1
2019-10-28T06:05:36.000Z,1
2019-10-28T07:17:16.000Z,2
2019-10-28T07:28:17.000Z,1
2019-10-28T07:45:22.000Z,1
2019-10-28T08:15:22.000Z,1
2019-10-28T08:27:21.000Z,1
2019-10-28T08:32:44.000Z,1
2019-10-28T08:34:01.000Z,1
2019-10-28T08:43:49.000Z,1
2019-10-28T08:47:38.000Z,1
2019-10-28T09:28:41.000Z,1
2019-10-28T10:23:58.000Z,1
2019-10-28T13:03:57.000Z,1
2019-10-28T13:33:14.000Z,1
2019-10-28T14:02:08.000Z,1
2019-10-28T14:06:02.000Z,1
2019-10-28T14:17:42.000Z,1
2019-10-28T14:23:45.000Z,1
2019-10-28T14:24:02.000Z,1
2019-10-28T15:29:00.000Z,1
2019-10-28T15:50:27.000Z,1
2019-10-28T16:35:39.000Z,1
2019-10-28T16:39:36.000Z,1
2019-10-28T17:04:59.000Z,1
2019-10-28T17:08:27.000Z,1
2019-10-28T17:32:23.000Z,1
2019-10-28T17:50:14.000Z,1
2019-10-28T17:54:24.000Z,2
2019-10-28T17:55:52.000Z,2
2019-10-28T18:06:53.000Z,1
2019-10-28T18:35:21.000Z,1
2019-10-28T18:36:16.000Z,1
2019-10-28T18:37:33.000Z,2
2019-10-28T18:51:31.000Z,1
2019-10-28T18:53:07.000Z,1
2019-10-28T18:53:40.000Z,1
2019-10-28T19:26:15.000Z,1
2019-10-28T20:08:10.000Z,1
2019-10-28T20:28:56.000Z,1
2019-10-28T20:41:34.000Z,1
2019-10-29T06:46:25.000Z,1
2019-10-29T06:49:02.000Z,1
2019-10-29T08:04:42.000Z,1
2019-10-29T08:04:54.000Z,1
2019-10-29T08:07:05.000Z,1
2019-10-29T08:11:49.000Z,1
2019-10-29T08:19:59.000Z,1
2019-10-29T08:22:47.000Z,1
2019-10-29T08:27:49.000Z,1
2019-10-29T08:39:11.000Z,1
2019-10-29T08:49:51.000Z,1
2019-10-29T09:41:25.000Z,1
2019-10-29T10:14:51.000Z,1
2019-10-29T13:14:28.000Z,1
2019-10-29T13:33:04.000Z,1
2019-10-29T13:54:52.000Z,1
2019-10-29T14:48:02.000Z,1
2019-10-29T15:04:06.000Z,1
2019-10-29T15:36:55.000Z,1
2019-10-29T16:16:20.000Z,2
2019-10-29T16:30:53.000Z,1
2019-10-29T16:40:04.000Z,1
2019-10-29T16:40:16.000Z,1
2019-10-29T16:40:25.000Z,1
2019-10-29T16:48:51.000Z,1
2019-10-29T17:02:28.000Z,1
2019-10-29T17:06:37.000Z,1
2019-10-29T17:08:12.000Z,1
2019-10-29T17:11:15.000Z,1
2019-10-29T17:11:34.000Z,1
2019-10-29T17:18:44.000Z,1
2019-10-29T17:41:24.000Z,2
2019-10-29T17:44:27.000Z,1
2019-10-29T18:07:41.000Z,1
2019-10-29T18:25:26.000Z,1
2019-10-29T18:50:46.000Z,1
2019-10-29T19:12:07.000Z,1
2019-10-29T19:22:00.000Z,1
2019-10-29T19:35:07.000Z,1
2019-10-29T21:08:00.000Z,1
2019-10-29T21:35:11.000Z,1
2019-10-29T22:13:28.000Z,1
2019-10-30T06:22:52.000Z,1
2019-10-30T06:47:19.000Z,1
2019-10-30T07:35:12.000Z,1
2019-10-30T08:12:27.000Z,1
2019-10-30T08:49:24.000Z,1
2019-10-30T09:20:55.000Z,1
2019-10-30T10:02:54.000Z,1
2019-10-30T10:41:31.000Z,1
2019-10-30T12:37:36.000Z,1
2019-10-30T12:46:34.000Z,1
2019-10-30T14:17:48.000Z,1
2019-10-30T16:27:23.000Z,1
2019-10-30T16:58:05.000Z,1
2019-10-30T16:59:40.000Z,1
2019-10-30T17:01:38.000Z,1
2019-10-30T17:09:18.000Z,1
2019-10-30T17:54:52.000Z,1
2019-10-30T18:39:02.000Z,1
2019-10-30T18:41:25.000Z,1
2019-10-24T07:48:36.000Z,1
2019-10-24T07:50:30.000Z,1
2019-10-24T07:57:19.000Z,1
2019-10-24T07:58:25.000Z,1
2019-10-24T08:16:50.000Z,1
2019-10-24T08:30:52.000Z,1
2019-10-24T09:01:38.000Z,3
2019-10-24T09:20:51.000Z,1
2019-10-24T09:48:21.000Z,1
2019-10-24T10:01:48.000Z,1
2019-10-24T10:14:37.000Z,1
2019-10-24T11:57:15.000Z,1
2019-10-24T12:03:54.000Z,2
2019-10-24T12:35:00.000Z,1
2019-10-24T12:41:33.000Z,1
2019-10-24T14:19:19.000Z,1
2019-10-24T14:28:15.000Z,1
2019-10-24T14:44:37.000Z,1
2019-10-24T17:28:56.000Z,1
2019-10-24T20:56:14.000Z,1
2019-10-24T08:56:09.000Z,2
2019-10-24T10:42:20.000Z,1
2019-10-24T12:30:01.000Z,1
2019-10-24T13:33:07.000Z,1
2019-10-24T13:48:54.000Z,1
2019-10-24T14:52:19.000Z,1
2019-10-24T15:17:40.000Z,1
2019-10-24T15:39:14.000Z,1
2019-10-24T15:47:55.000Z,1
2019-10-24T15:50:37.000Z,1
2019-10-24T16:04:15.000Z,1
2019-10-24T16:06:30.000Z,1
2019-10-24T16:55:39.000Z,1
2019-10-24T16:59:39.000Z,1
2019-10-24T17:09:00.000Z,1
2019-10-24T17:25:38.000Z,1
2019-10-24T17:46:32.000Z,1
2019-10-24T17:46:43.000Z,1
2019-10-24T17:54:13.000Z,1
2019-10-24T17:54:18.000Z,1
2019-10-24T18:37:53.000Z,1
2019-10-24T18:42:10.000Z,1
2019-10-24T19:11:09.000Z,1
2019-10-24T19:20:22.000Z,1
2019-10-24T20:05:43.000Z,1
2019-10-24T20:10:56.000Z,1
2019-10-24T20:19:54.000Z,1
2019-10-24T20:26:45.000Z,1
2019-10-24T20:47:28.000Z,1
2019-10-24T21:19:22.000Z,1
2019-10-24T21:46:25.000Z,1
2019-10-24T21:55:27.000Z,1
2019-10-24T22:41:51.000Z,1
2019-10-25T05:30:11.000Z,1
2019-10-25T06:38:57.000Z,1
2019-10-25T07:13:27.000Z,1
2019-10-25T07:23:36.000Z,1
2019-10-25T07:25:41.000Z,2
2019-10-25T07:41:50.000Z,1
2019-10-25T08:06:37.000Z,1
2019-10-25T08:34:52.000Z,1
2019-10-25T08:36:56.000Z,1
2019-10-25T09:00:30.000Z,1
2019-10-25T09:05:57.000Z,1
2019-10-25T09:08:16.000Z,1
2019-10-25T09:49:25.000Z,1
2019-10-25T10:26:27.000Z,1
2019-10-25T12:28:02.000Z,1
2019-10-25T12:46:06.000Z,1
2019-10-25T13:11:22.000Z,1
2019-10-25T13:19:13.000Z,2
2019-10-25T13:35:01.000Z,1
2019-10-25T13:59:36.000Z,1
2019-10-25T14:58:53.000Z,1
2019-10-25T15:42:02.000Z,2
2019-10-25T15:49:11.000Z,1
2019-10-25T16:12:23.000Z,1
2019-10-25T16:17:50.000Z,1
2019-10-25T16:36:12.000Z,1
2019-10-25T16:49:20.000Z,1
2019-10-25T16:55:17.000Z,2
2019-10-25T16:58:35.000Z,1
2019-10-25T17:35:16.000Z,2
2019-10-25T17:38:11.000Z,2
2019-10-25T17:38:30.000Z,1
2019-10-25T17:38:59.000Z,2
2019-10-25T17:44:36.000Z,2
2019-10-25T17:49:59.000Z,1
2019-10-25T17:55:50.000Z,1
2019-10-25T18:13:36.000Z,1
2019-10-25T18:24:53.000Z,1
2019-10-25T18:40:59.000Z,1
2019-10-25T18:42:21.000Z,1
2019-10-25T18:54:35.000Z,2
2019-10-25T20:38:57.000Z,1
2019-10-25T21:15:26.000Z,1
2019-10-25T22:14:35.000Z,1
2019-10-26T00:18:32.000Z,1
2019-10-26T06:34:24.000Z,1
2019-10-26T10:25:05.000Z,1
2019-10-26T10:27:34.000Z,1
2019-10-26T10:44:46.000Z,1
2019-10-26T11:40:38.000Z,1
2019-10-26T11:50:40.000Z,1
2019-10-26T12:18:17.000Z,1
2019-10-26T13:01:58.000Z,1
2019-10-26T22:59:46.000Z,1
2019-10-27T05:43:17.000Z,1
2019-10-27T06:01:52.000Z,1
2019-10-27T09:18:26.000Z,1
2019-10-27T09:52:16.000Z,1
2019-10-27T09:55:14.000Z,1
2019-10-27T10:17:55.000Z,1
2019-10-27T10:45:12.000Z,1
2019-10-27T11:27:02.000Z,1
2019-10-27T11:34:32.000Z,2
2019-10-27T11:38:46.000Z,1
2019-10-27T11:50:43.000Z,2
2019-10-27T12:05:20.000Z,1
2019-10-27T12:22:01.000Z,1
2019-10-27T13:12:04.000Z,2
2019-10-27T13:56:16.000Z,1
2019-10-27T14:02:31.000Z,1
2019-10-27T14:19:15.000Z,1
2019-10-27T14:43:18.000Z,1
2019-10-27T15:38:25.000Z,1
2019-10-27T15:53:29.000Z,1
2019-10-27T16:27:35.000Z,2
2019-10-27T16:30:18.000Z,1
2019-10-27T16:36:49.000Z,1
2019-10-27T16:58:27.000Z,2
2019-10-27T17:01:44.000Z,1
2019-10-27T17:15:46.000Z,1
2019-10-27T19:54:03.000Z,1
2019-10-27T20:43:25.000Z,1
2019-10-27T20:43:50.000Z,1
2019-10-28T06:44:18.000Z,1
2019-10-28T06:55:31.000Z,1
2019-10-28T07:11:42.000Z,1
2019-10-28T07:15:32.000Z,1
2019-10-28T07:26:22.000Z,1
2019-10-28T07:31:41.000Z,1
2019-10-28T07:45:53.000Z,1
2019-10-28T07:48:30.000Z,1
2019-10-28T07:54:11.000Z,2
2019-10-28T08:09:49.000Z,1
2019-10-28T08:18:28.000Z,2
2019-10-28T08:33:14.000Z,1
2019-10-28T08:35:57.000Z,1
2019-10-28T08:37:43.000Z,3
2019-10-28T08:41:43.000Z,1
2019-10-28T08:47:09.000Z,1
2019-10-28T08:54:58.000Z,1
2019-10-28T09:03:17.000Z,1
2019-10-28T09:16:25.000Z,1
2019-10-28T09:36:40.000Z,1
2019-10-28T10:03:29.000Z,1
2019-10-28T10:18:10.000Z,1
2019-10-28T11:17:55.000Z,1
2019-10-28T11:22:02.000Z,1
2019-10-28T11:22:45.000Z,1
2019-10-28T11:23:40.000Z,2
2019-10-28T12:07:15.000Z,1
2019-10-28T12:12:19.000Z,1
2019-10-28T12:27:57.000Z,1
2019-10-28T12:29:59.000Z,1
2019-10-28T12:34:17.000Z,1
2019-10-28T12:50:51.000Z,1
2019-10-28T13:01:29.000Z,1
2019-10-28T13:28:47.000Z,1
2019-10-28T14:44:31.000Z,1
2019-10-28T14:48:36.000Z,1
2019-10-28T15:33:32.000Z,1
2019-10-28T15:36:30.000Z,1
2019-10-28T16:02:01.000Z,2
2019-10-28T16:20:35.000Z,1
2019-10-28T17:01:44.000Z,1
2019-10-28T17:08:57.000Z,1
2019-10-28T17:09:19.000Z,1
2019-10-28T17:25:53.000Z,1
2019-10-28T17:27:48.000Z,1
2019-10-28T17:29:55.000Z,1
2019-10-28T17:52:39.000Z,1
2019-10-28T17:58:19.000Z,1
2019-10-28T18:36:42.000Z,1
2019-10-28T18:43:12.000Z,1
2019-10-28T18:54:52.000Z,1
2019-10-28T19:05:45.000Z,1
2019-10-28T19:30:23.000Z,1
2019-10-28T20:15:26.000Z,2
2019-10-28T20:42:43.000Z,1
2019-10-29T04:54:58.000Z,1
2019-10-29T05:43:27.000Z,1
2019-10-29T06:46:46.000Z,1
2019-10-29T07:13:22.000Z,1
2019-10-29T07:37:35.000Z,1
2019-10-29T08:00:39.000Z,2
2019-10-29T08:04:57.000Z,2
2019-10-29T08:19:11.000Z,1
2019-10-29T08:22:26.000Z,1
2019-10-29T08:26:33.000Z,2
2019-10-29T08:30:26.000Z,1
2019-10-29T08:30:48.000Z,1
2019-10-29T08:32:17.000Z,1
2019-10-29T08:38:28.000Z,1
2019-10-29T08:51:49.000Z,1
2019-10-29T09:05:30.000Z,1
2019-10-29T09:20:35.000Z,1
2019-10-29T09:57:05.000Z,1
2019-10-29T11:58:27.000Z,1
2019-10-29T12:01:05.000Z,1
2019-10-29T12:29:48.000Z,1
2019-10-29T12:41:14.000Z,1
2019-10-29T12:48:35.000Z,1
2019-10-29T13:06:02.000Z,1
2019-10-29T13:56:33.000Z,1
2019-10-29T14:49:11.000Z,1
2019-10-29T15:04:38.000Z,1
2019-10-29T15:32:57.000Z,1
2019-10-29T16:11:12.000Z,1
2019-10-29T16:31:50.000Z,2
2019-10-29T16:35:09.000Z,1
2019-10-29T16:35:08.000Z,2
2019-10-29T16:36:02.000Z,1
2019-10-29T17:17:38.000Z,1
2019-10-29T17:18:25.000Z,1
2019-10-29T17:19:51.000Z,1
2019-10-29T17:37:12.000Z,1
2019-10-29T17:58:28.000Z,1
2019-10-29T18:10:30.000Z,1
2019-10-29T18:18:19.000Z,1
2019-10-29T20:45:07.000Z,1
2019-10-29T22:36:30.000Z,1
2019-10-29T23:01:17.000Z,1
2019-10-30T05:45:55.000Z,1
2019-10-30T05:51:33.000Z,1
2019-10-30T08:30:16.000Z,1
2019-10-30T09:01:14.000Z,1
2019-10-30T10:01:09.000Z,1
2019-10-30T10:40:19.000Z,1
2019-10-30T10:54:06.000Z,1
2019-10-30T13:05:11.000Z,1
2019-10-30T13:12:07.000Z,1
2019-10-30T13:47:23.000Z,1
2019-10-30T16:42:38.000Z,1
2019-10-30T16:44:55.000Z,1
2019-10-30T18:15:52.000Z,1
2019-10-24T07:39:14.000Z,1
2019-10-24T07:47:51.000Z,1
2019-10-24T07:56:04.000Z,1
2019-10-24T08:02:07.000Z,2
2019-10-24T08:34:10.000Z,1
2019-10-24T08:50:38.000Z,1
2019-10-24T08:51:28.000Z,1
2019-10-24T10:56:25.000Z,1
2019-10-24T11:16:45.000Z,1
2019-10-24T13:17:31.000Z,1
2019-10-24T14:10:59.000Z,1
2019-10-24T15:34:07.000Z,1
2019-10-24T16:08:36.000Z,1
2019-10-24T17:55:25.000Z,1
2019-10-24T10:14:16.000Z,1
2019-10-24T11:20:45.000Z,1
2019-10-24T11:42:59.000Z,1
2019-10-24T11:58:14.000Z,1
2019-10-24T12:49:08.000Z,1
2019-10-24T13:59:32.000Z,1
2019-10-24T14:35:55.000Z,1
2019-10-24T14:52:33.000Z,1
2019-10-24T15:13:45.000Z,1
2019-10-24T15:14:03.000Z,1
2019-10-24T15:17:32.000Z,1
2019-10-24T15:42:02.000Z,1
2019-10-24T16:13:15.000Z,1
2019-10-24T16:25:11.000Z,1
2019-10-24T16:42:15.000Z,2
2019-10-24T16:43:29.000Z,1
2019-10-24T16:43:44.000Z,1
2019-10-24T16:43:40.000Z,1
2019-10-24T17:08:38.000Z,2
2019-10-24T17:10:30.000Z,1
2019-10-24T17:11:50.000Z,1
2019-10-24T17:15:42.000Z,1
2019-10-24T17:56:02.000Z,2
2019-10-24T18:14:03.000Z,1
2019-10-24T18:20:06.000Z,2
2019-10-24T18:28:27.000Z,1
2019-10-24T18:35:39.000Z,1
2019-10-24T19:05:09.000Z,1
2019-10-24T20:12:23.000Z,1
2019-10-24T20:27:54.000Z,1
2019-10-24T20:58:04.000Z,1
2019-10-24T21:21:14.000Z,1
2019-10-24T21:31:00.000Z,1
2019-10-24T22:18:27.000Z,1
2019-10-25T00:48:32.000Z,1
2019-10-25T03:48:12.000Z,1
2019-10-25T06:55:49.000Z,1
2019-10-25T07:02:12.000Z,1
2019-10-25T07:04:58.000Z,1
2019-10-25T07:18:04.000Z,1
2019-10-25T07:36:43.000Z,1
2019-10-25T07:42:00.000Z,1
2019-10-25T07:44:08.000Z,1
2019-10-25T08:10:59.000Z,1
2019-10-25T08:31:38.000Z,1
2019-10-25T08:34:35.000Z,1
2019-10-25T08:35:09.000Z,1
2019-10-25T08:43:40.000Z,2
2019-10-25T08:51:31.000Z,1
2019-10-25T09:10:32.000Z,1
2019-10-25T10:11:12.000Z,1
2019-10-25T10:28:31.000Z,3
2019-10-25T10:28:59.000Z,1
2019-10-25T10:45:05.000Z,1
2019-10-25T11:04:40.000Z,1
2019-10-25T12:27:57.000Z,1
2019-10-25T13:01:44.000Z,1
2019-10-25T13:06:21.000Z,1
2019-10-25T13:12:59.000Z,1
2019-10-25T13:59:03.000Z,1
2019-10-25T14:05:36.000Z,1
2019-10-25T15:35:25.000Z,2
2019-10-25T15:43:35.000Z,1
2019-10-25T15:50:59.000Z,1
2019-10-25T16:22:43.000Z,1
2019-10-25T16:26:49.000Z,1
2019-10-25T16:27:43.000Z,1
2019-10-25T16:27:55.000Z,1
2019-10-25T16:31:29.000Z,2
2019-10-25T16:36:02.000Z,2
2019-10-25T16:38:13.000Z,1
2019-10-25T16:57:31.000Z,1
2019-10-25T16:59:41.000Z,2
2019-10-25T17:03:15.000Z,1
2019-10-25T17:23:00.000Z,1
2019-10-25T17:25:22.000Z,1
2019-10-25T17:39:05.000Z,1
2019-10-25T17:41:32.000Z,1
2019-10-25T17:47:33.000Z,1
2019-10-25T17:48:14.000Z,1
2019-10-25T17:58:39.000Z,1
2019-10-25T18:19:22.000Z,1
2019-10-25T18:31:08.000Z,1
2019-10-25T18:37:30.000Z,1
2019-10-25T18:52:47.000Z,1
2019-10-25T22:37:18.000Z,1
2019-10-25T22:52:33.000Z,1
2019-10-26T00:24:22.000Z,1
2019-10-26T07:42:19.000Z,1
2019-10-26T07:59:52.000Z,1
2019-10-26T08:12:05.000Z,1
2019-10-26T08:18:49.000Z,1
2019-10-26T08:53:27.000Z,1
2019-10-26T10:04:38.000Z,1
2019-10-26T10:35:15.000Z,2
2019-10-26T10:48:19.000Z,1
2019-10-26T11:58:28.000Z,2
2019-10-26T12:14:17.000Z,1
2019-10-26T12:38:49.000Z,1
2019-10-26T12:40:04.000Z,1
2019-10-26T13:04:52.000Z,1
2019-10-26T13:08:22.000Z,1
2019-10-26T16:27:28.000Z,1
2019-10-26T17:14:45.000Z,1
2019-10-27T06:09:35.000Z,1
2019-10-27T09:16:54.000Z,1
2019-10-27T09:21:53.000Z,1
2019-10-27T10:06:27.000Z,2
2019-10-27T10:13:55.000Z,1
2019-10-27T10:30:19.000Z,1
2019-10-27T10:42:03.000Z,1
2019-10-27T10:46:50.000Z,1
2019-10-27T11:26:51.000Z,1
2019-10-27T11:40:05.000Z,1
2019-10-27T11:41:19.000Z,1
2019-10-27T11:47:04.000Z,1
2019-10-27T11:51:53.000Z,2
2019-10-27T11:55:14.000Z,1
2019-10-27T12:11:50.000Z,1
2019-10-27T12:25:43.000Z,1
2019-10-27T12:51:23.000Z,1
2019-10-27T13:40:56.000Z,1
2019-10-27T14:08:31.000Z,2
2019-10-27T14:52:01.000Z,2
2019-10-27T15:09:13.000Z,1
2019-10-27T15:12:52.000Z,2
2019-10-27T15:15:56.000Z,1
2019-10-27T15:26:19.000Z,1
2019-10-27T15:27:26.000Z,1
2019-10-27T15:38:17.000Z,1
2019-10-27T16:04:22.000Z,2
2019-10-27T16:14:57.000Z,1
2019-10-27T16:15:01.000Z,1
2019-10-27T16:22:03.000Z,1
2019-10-27T16:24:12.000Z,1
2019-10-27T16:43:18.000Z,1
2019-10-27T16:46:59.000Z,1
2019-10-27T16:56:15.000Z,1
2019-10-27T17:03:42.000Z,1
2019-10-27T17:30:01.000Z,1
2019-10-27T17:38:16.000Z,1
2019-10-27T17:49:08.000Z,1
2019-10-27T18:24:33.000Z,2
2019-10-27T18:35:28.000Z,1
2019-10-27T18:36:24.000Z,1
2019-10-27T18:57:55.000Z,1
2019-10-27T19:39:42.000Z,1
2019-10-27T21:41:31.000Z,1
2019-10-28T07:26:51.000Z,1
2019-10-28T07:48:53.000Z,1
2019-10-28T08:01:18.000Z,2
2019-10-28T08:03:01.000Z,2
2019-10-28T08:17:49.000Z,1
2019-10-28T08:34:57.000Z,1
2019-10-28T08:46:52.000Z,1
2019-10-28T08:52:00.000Z,1
2019-10-28T09:20:56.000Z,1
2019-10-28T09:33:37.000Z,1
2019-10-28T09:39:48.000Z,1
2019-10-28T09:51:19.000Z,1
2019-10-28T10:01:37.000Z,2
2019-10-28T10:39:38.000Z,1
2019-10-28T11:16:43.000Z,1
2019-10-28T11:23:26.000Z,1
2019-10-28T11:41:05.000Z,1
2019-10-28T12:00:04.000Z,1
2019-10-28T12:12:11.000Z,1
2019-10-28T12:13:08.000Z,1
2019-10-28T12:13:33.000Z,1
2019-10-28T12:18:38.000Z,1
2019-10-28T13:09:45.000Z,1
2019-10-28T14:16:24.000Z,1
2019-10-28T15:04:34.000Z,1
2019-10-28T15:19:38.000Z,1
2019-10-28T16:06:58.000Z,1
2019-10-28T17:08:29.000Z,1
2019-10-28T17:11:23.000Z,1
2019-10-28T17:12:02.000Z,2
2019-10-28T17:16:57.000Z,1
2019-10-28T17:19:51.000Z,1
2019-10-28T17:20:22.000Z,2
2019-10-28T17:25:04.000Z,2
2019-10-28T17:33:19.000Z,1
2019-10-28T17:45:17.000Z,1
2019-10-28T17:51:18.000Z,1
2019-10-28T17:53:06.000Z,1
2019-10-28T18:05:58.000Z,1
2019-10-28T18:10:00.000Z,1
2019-10-28T18:24:03.000Z,1
2019-10-28T18:31:52.000Z,1
2019-10-28T18:42:38.000Z,1
2019-10-28T18:48:13.000Z,1
2019-10-28T18:55:26.000Z,1
2019-10-28T19:08:01.000Z,1
2019-10-28T19:55:19.000Z,1
2019-10-28T20:15:58.000Z,1
2019-10-28T22:35:41.000Z,1
2019-10-29T01:55:05.000Z,1
2019-10-29T07:53:21.000Z,1
2019-10-29T07:59:41.000Z,1
2019-10-29T08:01:44.000Z,1
2019-10-29T08:45:48.000Z,1
2019-10-29T09:13:39.000Z,1
2019-10-29T10:29:31.000Z,1
2019-10-29T11:46:04.000Z,1
2019-10-29T12:43:39.000Z,1
2019-10-29T13:11:30.000Z,2
2019-10-29T13:29:04.000Z,1
2019-10-29T13:41:43.000Z,1
2019-10-29T14:21:27.000Z,1
2019-10-29T14:37:41.000Z,1
2019-10-29T14:55:34.000Z,1
2019-10-29T15:19:46.000Z,1
2019-10-29T15:54:47.000Z,1
2019-10-29T16:06:07.000Z,1
2019-10-29T16:27:15.000Z,1
2019-10-29T16:46:49.000Z,1
2019-10-29T16:57:53.000Z,1
2019-10-29T17:11:53.000Z,2
2019-10-29T17:56:57.000Z,1
2019-10-29T18:25:44.000Z,1
2019-10-29T18:27:14.000Z,1
2019-10-29T18:46:47.000Z,1
2019-10-29T18:56:00.000Z,1
2019-10-29T19:07:10.000Z,1
2019-10-29T19:40:00.000Z,1
2019-10-29T19:54:46.000Z,1
2019-10-29T20:37:09.000Z,1
2019-10-29T20:43:52.000Z,1
2019-10-29T21:20:41.000Z,1
2019-10-29T21:37:10.000Z,1
2019-10-29T21:43:35.000Z,1
2019-10-29T21:49:53.000Z,1
2019-10-29T21:49:51.000Z,1
2019-10-29T21:53:54.000Z,1
2019-10-29T23:38:14.000Z,1
2019-10-29T23:58:28.000Z,1
2019-10-30T07:04:03.000Z,1
2019-10-30T08:20:26.000Z,1
2019-10-30T08:54:43.000Z,2
2019-10-30T09:14:59.000Z,1
2019-10-30T10:50:10.000Z,1
2019-10-30T11:54:27.000Z,1
2019-10-30T12:49:26.000Z,1
2019-10-30T13:20:10.000Z,1
2019-10-30T13:32:52.000Z,1
2019-10-30T14:25:28.000Z,1
2019-10-30T14:51:53.000Z,1
2019-10-30T14:58:52.000Z,1
2019-10-30T16:19:47.000Z,1
2019-10-30T16:34:35.000Z,2
2019-10-30T16:42:44.000Z,1
2019-10-30T16:43:17.000Z,1
2019-10-30T17:04:32.000Z,1
2019-10-30T17:27:28.000Z,1
2019-10-30T17:27:32.000Z,1
2019-10-30T17:32:48.000Z,1
2019-10-30T17:50:34.000Z,2
2019-10-24T07:34:34.000Z,1
2019-10-24T07:37:05.000Z,2
2019-10-24T07:48:53.000Z,2
2019-10-24T08:00:03.000Z,1
2019-10-24T08:11:45.000Z,2
2019-10-24T08:17:32.000Z,1
2019-10-24T08:27:40.000Z,1
2019-10-24T08:29:55.000Z,1
2019-10-24T08:33:38.000Z,1
2019-10-24T08:57:30.000Z,1
2019-10-24T09:19:41.000Z,1
2019-10-24T10:57:41.000Z,2
2019-10-24T13:51:22.000Z,2
2019-10-24T13:53:07.000Z,1
2019-10-24T13:53:34.000Z,1
2019-10-24T15:32:13.000Z,1
2019-10-24T15:41:31.000Z,1
2019-10-24T16:22:10.000Z,1
2019-10-24T20:21:14.000Z,1
2019-10-24T20:51:34.000Z,1
2019-10-25T10:17:39.000Z,1
2019-10-24T11:48:00.000Z,1
2019-10-24T12:28:26.000Z,1
2019-10-24T15:00:46.000Z,1
2019-10-24T15:12:48.000Z,1
2019-10-24T15:26:40.000Z,1
2019-10-24T16:20:14.000Z,1
2019-10-24T16:30:56.000Z,2
2019-10-24T16:48:48.000Z,1
2019-10-24T16:54:13.000Z,1
2019-10-24T16:57:33.000Z,2
2019-10-24T17:01:44.000Z,1
2019-10-24T17:01:59.000Z,2
2019-10-24T17:22:30.000Z,1
2019-10-24T17:22:53.000Z,1
2019-10-24T17:29:35.000Z,2
2019-10-24T17:32:36.000Z,1
2019-10-24T18:10:45.000Z,1
2019-10-24T18:11:30.000Z,1
2019-10-24T18:11:36.000Z,2
2019-10-24T18:14:23.000Z,1
2019-10-24T18:14:54.000Z,1
2019-10-24T18:15:16.000Z,2
2019-10-24T18:21:18.000Z,1
2019-10-24T18:31:43.000Z,1
2019-10-24T19:14:48.000Z,1
2019-10-24T19:16:15.000Z,1
2019-10-24T19:22:48.000Z,1
2019-10-24T19:27:17.000Z,2
2019-10-24T20:20:04.000Z,1
2019-10-24T21:27:32.000Z,1
2019-10-24T21:55:38.000Z,1
2019-10-24T22:06:20.000Z,1
2019-10-24T22:08:35.000Z,1
2019-10-24T22:08:41.000Z,1
2019-10-24T22:21:22.000Z,1
2019-10-25T00:03:47.000Z,1
2019-10-25T00:22:54.000Z,1
2019-10-25T06:45:58.000Z,1
2019-10-25T07:37:27.000Z,1
2019-10-25T08:03:39.000Z,1
2019-10-25T08:20:09.000Z,1
2019-10-25T08:25:35.000Z,1
2019-10-25T08:49:01.000Z,1
2019-10-25T09:14:04.000Z,1
2019-10-25T09:21:22.000Z,1
2019-10-25T09:21:42.000Z,1
2019-10-25T09:25:38.000Z,1
2019-10-25T09:33:11.000Z,1
2019-10-25T10:38:24.000Z,1
2019-10-25T12:03:28.000Z,1
2019-10-25T12:23:52.000Z,1
2019-10-25T12:26:36.000Z,1
2019-10-25T12:46:15.000Z,1
2019-10-25T13:04:29.000Z,1
2019-10-25T13:43:33.000Z,1
2019-10-25T13:57:50.000Z,1
2019-10-25T13:59:42.000Z,1
2019-10-25T14:38:31.000Z,1
2019-10-25T14:41:16.000Z,1
2019-10-25T15:12:56.000Z,1
2019-10-25T15:28:42.000Z,2
2019-10-25T15:32:23.000Z,1
2019-10-25T15:36:57.000Z,1
2019-10-25T15:40:26.000Z,2
2019-10-25T15:54:02.000Z,1
2019-10-25T16:04:43.000Z,1
2019-10-25T16:38:08.000Z,1
2019-10-25T16:38:38.000Z,1
2019-10-25T16:46:04.000Z,1
2019-10-25T16:54:27.000Z,3
2019-10-25T16:54:25.000Z,1
2019-10-25T16:57:56.000Z,4
2019-10-25T17:11:20.000Z,1
2019-10-25T17:13:27.000Z,2
2019-10-25T17:13:37.000Z,1
2019-10-25T17:16:30.000Z,2
2019-10-25T17:16:29.000Z,1
2019-10-25T17:58:54.000Z,1
2019-10-25T18:02:42.000Z,1
2019-10-25T18:09:51.000Z,1
2019-10-25T18:16:39.000Z,1
2019-10-25T18:29:17.000Z,1
2019-10-25T18:43:31.000Z,1
2019-10-25T18:49:50.000Z,1
2019-10-25T19:01:53.000Z,1
2019-10-25T19:15:17.000Z,1
2019-10-25T19:17:57.000Z,1
2019-10-25T19:20:32.000Z,1
2019-10-25T19:24:04.000Z,1
2019-10-25T19:41:24.000Z,1
2019-10-25T20:07:00.000Z,1
2019-10-25T21:48:07.000Z,2
2019-10-25T22:03:24.000Z,1
2019-10-25T22:32:14.000Z,1
2019-10-25T22:36:39.000Z,1
2019-10-25T22:38:14.000Z,1
2019-10-25T23:09:13.000Z,1
2019-10-25T23:50:54.000Z,1
2019-10-26T02:34:15.000Z,1
2019-10-26T02:46:05.000Z,1
2019-10-26T09:26:45.000Z,1
2019-10-26T09:28:53.000Z,1
2019-10-26T09:36:42.000Z,1
2019-10-26T10:20:49.000Z,1
2019-10-26T10:40:26.000Z,1
2019-10-26T10:41:54.000Z,1
2019-10-26T11:03:43.000Z,1
2019-10-26T11:08:37.000Z,1
2019-10-26T14:40:51.000Z,1
2019-10-26T15:07:31.000Z,1
2019-10-26T15:23:04.000Z,1
2019-10-26T16:03:04.000Z,1
2019-10-26T17:07:30.000Z,1
2019-10-26T23:23:37.000Z,1
2019-10-27T08:31:30.000Z,1
2019-10-27T09:22:52.000Z,2
2019-10-27T10:01:05.000Z,1
2019-10-27T12:09:17.000Z,1
2019-10-27T12:10:34.000Z,1
2019-10-27T13:19:21.000Z,1
2019-10-27T13:22:50.000Z,1
2019-10-27T13:55:19.000Z,1
2019-10-27T14:33:21.000Z,1
2019-10-27T14:46:24.000Z,1
2019-10-27T15:06:18.000Z,2
2019-10-27T15:07:19.000Z,2
2019-10-27T15:21:02.000Z,1
2019-10-27T15:39:49.000Z,2
2019-10-27T15:41:19.000Z,1
2019-10-27T15:43:02.000Z,1
2019-10-27T15:48:02.000Z,1
2019-10-27T15:56:21.000Z,1
2019-10-27T16:04:05.000Z,1
2019-10-27T16:18:24.000Z,1
2019-10-27T16:20:29.000Z,1
2019-10-27T16:45:13.000Z,1
2019-10-27T16:51:09.000Z,1
2019-10-27T17:08:05.000Z,2
2019-10-27T17:12:45.000Z,1
2019-10-27T17:24:04.000Z,2
2019-10-27T17:37:00.000Z,1
2019-10-27T17:52:49.000Z,1
2019-10-27T18:08:53.000Z,1
2019-10-27T18:11:37.000Z,1
2019-10-27T18:31:30.000Z,2
2019-10-27T18:41:52.000Z,1
2019-10-27T18:54:54.000Z,1
2019-10-27T19:09:38.000Z,1
2019-10-27T19:11:58.000Z,1
2019-10-27T19:46:34.000Z,1
2019-10-27T20:00:12.000Z,1
2019-10-27T20:40:01.000Z,1
2019-10-28T00:12:23.000Z,1
2019-10-28T00:39:41.000Z,1
2019-10-28T06:06:21.000Z,1
2019-10-28T06:15:10.000Z,1
2019-10-28T06:25:00.000Z,1
2019-10-28T06:28:10.000Z,1
2019-10-28T06:58:55.000Z,1
2019-10-28T07:14:22.000Z,1
2019-10-28T07:22:52.000Z,1
2019-10-28T07:31:43.000Z,2
2019-10-28T07:37:44.000Z,1
2019-10-28T07:47:39.000Z,1
2019-10-28T07:56:32.000Z,2
2019-10-28T08:03:20.000Z,1
2019-10-28T08:21:10.000Z,1
2019-10-28T08:21:40.000Z,1
2019-10-28T08:34:43.000Z,1
2019-10-28T08:52:44.000Z,1
2019-10-28T11:33:59.000Z,1
2019-10-28T13:10:27.000Z,1
2019-10-28T13:13:56.000Z,1
2019-10-28T13:20:29.000Z,1
2019-10-28T13:32:58.000Z,1
2019-10-28T13:38:01.000Z,1
2019-10-28T13:44:17.000Z,1
2019-10-28T14:11:37.000Z,1
2019-10-28T15:03:40.000Z,1
2019-10-28T15:29:22.000Z,1
2019-10-28T16:01:41.000Z,1
2019-10-28T16:04:29.000Z,1
2019-10-28T16:10:49.000Z,1
2019-10-28T16:18:59.000Z,1
2019-10-28T16:52:46.000Z,1
2019-10-28T16:56:04.000Z,1
2019-10-28T16:56:39.000Z,2
2019-10-28T16:58:54.000Z,1
2019-10-28T17:05:13.000Z,1
2019-10-28T17:15:21.000Z,2
2019-10-28T17:17:59.000Z,1
2019-10-28T17:35:41.000Z,1
2019-10-28T17:48:34.000Z,1
2019-10-28T18:16:03.000Z,1
2019-10-28T18:23:29.000Z,1
2019-10-28T18:36:28.000Z,1
2019-10-28T18:43:33.000Z,1
2019-10-28T19:22:05.000Z,1
2019-10-28T19:49:25.000Z,1
2019-10-28T20:32:25.000Z,1
2019-10-29T02:05:18.000Z,1
2019-10-29T05:51:49.000Z,1
2019-10-29T05:59:11.000Z,1
2019-10-29T06:14:13.000Z,1
2019-10-29T07:15:50.000Z,1
2019-10-29T07:22:19.000Z,1
2019-10-29T07:26:10.000Z,1
2019-10-29T07:32:00.000Z,1
2019-10-29T07:57:15.000Z,1
2019-10-29T08:10:30.000Z,1
2019-10-29T08:24:31.000Z,1
2019-10-29T08:25:16.000Z,1
2019-10-29T08:28:12.000Z,1
2019-10-29T08:37:59.000Z,1
2019-10-29T08:47:08.000Z,2
2019-10-29T08:47:54.000Z,1
2019-10-29T09:04:06.000Z,1
2019-10-29T11:06:14.000Z,1
2019-10-29T11:11:37.000Z,1
2019-10-29T11:13:40.000Z,1
2019-10-29T12:20:12.000Z,1
2019-10-29T12:20:52.000Z,1
2019-10-29T13:15:35.000Z,1
2019-10-29T13:18:41.000Z,1
2019-10-29T16:05:57.000Z,1
2019-10-29T16:43:16.000Z,1
2019-10-29T16:50:05.000Z,1
2019-10-29T16:53:23.000Z,1
2019-10-29T16:54:32.000Z,1
2019-10-29T16:55:09.000Z,2
2019-10-29T17:09:10.000Z,2
2019-10-29T17:10:04.000Z,2
2019-10-29T17:11:20.000Z,1
2019-10-29T17:16:43.000Z,1
2019-10-29T17:19:50.000Z,1
2019-10-29T17:27:32.000Z,1
2019-10-29T17:37:07.000Z,1
2019-10-29T17:41:05.000Z,1
2019-10-29T18:52:26.000Z,1
2019-10-29T18:55:50.000Z,1
2019-10-29T19:02:34.000Z,1
2019-10-29T19:18:46.000Z,1
2019-10-29T19:34:01.000Z,1
2019-10-29T20:05:38.000Z,1
2019-10-29T21:58:01.000Z,1
2019-10-29T23:31:05.000Z,1
2019-10-30T05:39:23.000Z,1
2019-10-30T06:24:26.000Z,1
2019-10-30T07:39:20.000Z,1
2019-10-30T07:58:25.000Z,1
2019-10-30T08:34:40.000Z,1
2019-10-30T08:50:33.000Z,1
2019-10-30T08:55:21.000Z,1
2019-10-30T09:57:29.000Z,1
2019-10-30T10:46:47.000Z,1
2019-10-30T11:48:35.000Z,1
2019-10-30T16:22:01.000Z,1
2019-10-30T16:34:37.000Z,1
2019-10-30T17:18:05.000Z,1
2019-10-30T17:23:28.000Z,2
2019-10-30T17:31:26.000Z,2
2019-10-30T17:32:56.000Z,1
2019-10-30T17:33:35.000Z,1
2019-10-30T18:07:51.000Z,1
2019-10-30T18:10:30.000Z,1
2019-10-30T18:12:06.000Z,1
2019-10-30T18:29:57.000Z,1
2019-10-24T07:53:08.000Z,1
2019-10-24T08:20:20.000Z,1
2019-10-24T08:24:45.000Z,2
2019-10-24T08:24:55.000Z,1
2019-10-24T08:39:36.000Z,1
2019-10-24T08:40:58.000Z,1
2019-10-24T08:44:51.000Z,1
2019-10-24T09:07:32.000Z,1
2019-10-24T09:08:40.000Z,1
2019-10-24T09:16:15.000Z,1
2019-10-24T09:22:23.000Z,1
2019-10-24T09:29:55.000Z,1
2019-10-24T10:02:05.000Z,1
2019-10-24T10:07:52.000Z,1
2019-10-24T10:18:04.000Z,1
2019-10-24T12:58:51.000Z,1
2019-10-24T13:23:41.000Z,1
2019-10-24T14:13:36.000Z,1
2019-10-24T15:24:18.000Z,2
2019-10-24T19:45:37.000Z,1
2019-10-24T09:19:59.000Z,1
2019-10-24T10:44:12.000Z,1
2019-10-24T11:12:32.000Z,2
2019-10-24T11:51:16.000Z,1
2019-10-24T13:54:00.000Z,2
2019-10-24T14:15:07.000Z,1
2019-10-24T15:05:10.000Z,1
2019-10-24T15:20:41.000Z,1
2019-10-24T15:44:29.000Z,1
2019-10-24T16:01:05.000Z,1
2019-10-24T17:12:14.000Z,1
2019-10-24T17:22:43.000Z,1
2019-10-24T17:34:40.000Z,1
2019-10-24T17:56:09.000Z,1
2019-10-24T17:56:11.000Z,1
2019-10-24T17:57:21.000Z,1
2019-10-24T17:58:06.000Z,1
2019-10-24T18:03:23.000Z,1
2019-10-24T18:11:50.000Z,1
2019-10-24T18:15:35.000Z,2
2019-10-24T18:17:43.000Z,2
2019-10-24T18:34:24.000Z,1
2019-10-24T19:36:38.000Z,1
2019-10-24T19:49:52.000Z,1
2019-10-24T22:46:09.000Z,1
2019-10-25T00:11:11.000Z,1
2019-10-25T05:00:44.000Z,1
2019-10-25T05:21:28.000Z,2
2019-10-25T06:36:32.000Z,1
2019-10-25T06:41:54.000Z,1
2019-10-25T07:41:54.000Z,1
2019-10-25T07:52:26.000Z,1
2019-10-25T08:16:02.000Z,1
2019-10-25T08:17:04.000Z,2
2019-10-25T08:25:15.000Z,1
2019-10-25T08:30:41.000Z,1
2019-10-25T08:35:57.000Z,1
2019-10-25T08:50:18.000Z,1
2019-10-25T08:54:20.000Z,1
2019-10-25T09:03:18.000Z,1
2019-10-25T09:04:21.000Z,1
2019-10-25T09:09:17.000Z,1
2019-10-25T09:10:17.000Z,1
2019-10-25T09:26:17.000Z,1
2019-10-25T09:37:37.000Z,1
2019-10-25T12:18:00.000Z,1
2019-10-25T12:38:08.000Z,1
2019-10-25T12:41:22.000Z,1
2019-10-25T12:51:24.000Z,1
2019-10-25T12:59:27.000Z,1
2019-10-25T13:02:42.000Z,1
2019-10-25T13:12:47.000Z,1
2019-10-25T13:17:00.000Z,1
2019-10-25T13:19:27.000Z,1
2019-10-25T13:32:59.000Z,1
2019-10-25T13:38:11.000Z,1
2019-10-25T13:46:33.000Z,1
2019-10-25T13:47:32.000Z,1
2019-10-25T13:58:49.000Z,1
2019-10-25T14:09:35.000Z,1
2019-10-25T14:33:04.000Z,1
2019-10-25T14:45:41.000Z,1
2019-10-25T15:24:50.000Z,1
2019-10-25T15:47:25.000Z,1
2019-10-25T16:07:25.000Z,1
2019-10-25T16:19:52.000Z,1
2019-10-25T16:41:56.000Z,1
2019-10-25T16:44:26.000Z,1
2019-10-25T16:53:09.000Z,1
2019-10-25T16:58:36.000Z,1
2019-10-25T17:47:11.000Z,1
2019-10-25T17:55:51.000Z,1
2019-10-25T17:55:56.000Z,1
2019-10-25T18:19:42.000Z,1
2019-10-25T18:46:40.000Z,1
2019-10-25T18:52:55.000Z,1
2019-10-25T18:53:29.000Z,1
2019-10-25T19:02:27.000Z,1
2019-10-25T19:52:21.000Z,1
2019-10-25T21:31:51.000Z,1
2019-10-25T22:21:40.000Z,1
2019-10-25T22:49:29.000Z,1
2019-10-26T00:48:11.000Z,1
2019-10-26T01:20:06.000Z,1
2019-10-26T07:59:59.000Z,1
2019-10-26T08:02:00.000Z,1
2019-10-26T08:11:40.000Z,1
2019-10-26T08:21:17.000Z,1
2019-10-26T08:21:38.000Z,1
2019-10-26T08:55:18.000Z,1
2019-10-26T09:24:53.000Z,1
2019-10-26T09:25:31.000Z,1
2019-10-26T09:42:06.000Z,1
2019-10-26T09:52:03.000Z,1
2019-10-26T10:42:02.000Z,1
2019-10-26T11:08:08.000Z,1
2019-10-26T11:13:46.000Z,1
2019-10-26T13:40:16.000Z,1
2019-10-26T14:26:21.000Z,1
2019-10-27T09:40:02.000Z,1
2019-10-27T09:41:16.000Z,1
2019-10-27T09:51:51.000Z,1
2019-10-27T09:54:31.000Z,1
2019-10-27T10:40:43.000Z,1
2019-10-27T10:40:59.000Z,1
2019-10-27T11:02:49.000Z,1
2019-10-27T11:04:23.000Z,1
2019-10-27T11:09:40.000Z,2
2019-10-27T11:12:11.000Z,1
2019-10-27T11:17:34.000Z,2
2019-10-27T11:26:32.000Z,1
2019-10-27T11:26:41.000Z,1
2019-10-27T11:48:30.000Z,1
2019-10-27T11:58:17.000Z,1
2019-10-27T12:21:10.000Z,1
2019-10-27T12:29:19.000Z,1
2019-10-27T12:40:45.000Z,1
2019-10-27T12:41:07.000Z,2
2019-10-27T12:49:15.000Z,1
2019-10-27T12:58:52.000Z,1
2019-10-27T13:13:44.000Z,1
2019-10-27T14:43:44.000Z,3
2019-10-27T15:01:43.000Z,1
2019-10-27T15:13:37.000Z,2
2019-10-27T15:14:57.000Z,1
2019-10-27T15:18:53.000Z,1
2019-10-27T15:20:47.000Z,2
2019-10-27T15:26:03.000Z,1
2019-10-27T15:45:02.000Z,1
2019-10-27T16:10:22.000Z,1
2019-10-27T16:18:51.000Z,1
2019-10-27T16:31:36.000Z,1
2019-10-27T16:37:08.000Z,1
2019-10-27T16:37:43.000Z,1
2019-10-27T17:02:08.000Z,1
2019-10-27T17:11:52.000Z,1
2019-10-27T17:15:03.000Z,1
2019-10-27T18:08:45.000Z,1
2019-10-27T18:18:05.000Z,1
2019-10-27T19:01:49.000Z,2
2019-10-27T19:05:30.000Z,1
2019-10-27T19:18:02.000Z,2
2019-10-27T21:09:32.000Z,1
2019-10-28T06:15:52.000Z,1
2019-10-28T07:13:30.000Z,1
2019-10-28T07:42:19.000Z,1
2019-10-28T07:57:54.000Z,1
2019-10-28T08:19:22.000Z,1
2019-10-28T08:20:39.000Z,1
2019-10-28T08:22:36.000Z,1
2019-10-28T09:07:11.000Z,1
2019-10-28T09:28:00.000Z,1
2019-10-28T09:54:51.000Z,1
2019-10-28T12:53:49.000Z,1
2019-10-28T13:00:30.000Z,1
2019-10-28T14:47:59.000Z,1
2019-10-28T14:54:29.000Z,1
2019-10-28T15:38:21.000Z,1
2019-10-28T16:07:57.000Z,1
2019-10-28T16:14:45.000Z,1
2019-10-28T16:40:40.000Z,1
2019-10-28T16:48:50.000Z,1
2019-10-28T16:48:59.000Z,1
2019-10-28T17:00:09.000Z,1
2019-10-28T17:11:47.000Z,1
2019-10-28T17:14:59.000Z,1
2019-10-28T17:20:09.000Z,1
2019-10-28T17:25:36.000Z,1
2019-10-28T17:27:58.000Z,1
2019-10-28T17:41:38.000Z,1
2019-10-28T17:55:26.000Z,1
2019-10-28T18:03:55.000Z,1
2019-10-28T18:13:19.000Z,2
2019-10-28T18:31:21.000Z,2
2019-10-28T18:32:02.000Z,2
2019-10-28T18:37:57.000Z,2
2019-10-28T19:01:19.000Z,1
2019-10-28T19:13:13.000Z,1
2019-10-28T19:15:39.000Z,1
2019-10-28T19:31:58.000Z,1
2019-10-28T19:37:38.000Z,1
2019-10-28T19:38:34.000Z,1
2019-10-28T19:57:55.000Z,1
2019-10-28T21:16:14.000Z,1
2019-10-28T21:23:56.000Z,1
2019-10-29T06:18:16.000Z,1
2019-10-29T06:51:42.000Z,1
2019-10-29T07:28:16.000Z,1
2019-10-29T07:29:35.000Z,1
2019-10-29T07:44:08.000Z,1
2019-10-29T07:59:12.000Z,1
2019-10-29T08:27:28.000Z,1
2019-10-29T08:32:40.000Z,2
2019-10-29T09:05:29.000Z,1
2019-10-29T09:05:38.000Z,1
2019-10-29T09:24:13.000Z,1
2019-10-29T10:17:33.000Z,1
2019-10-29T10:20:03.000Z,1
2019-10-29T10:57:45.000Z,1
2019-10-29T11:12:35.000Z,1
2019-10-29T12:17:13.000Z,1
2019-10-29T13:21:53.000Z,2
2019-10-29T13:44:04.000Z,1
2019-10-29T14:01:05.000Z,1
2019-10-29T14:26:47.000Z,1
2019-10-29T14:58:53.000Z,1
2019-10-29T15:21:24.000Z,1
2019-10-29T15:53:52.000Z,1
2019-10-29T16:01:08.000Z,1
2019-10-29T16:24:13.000Z,1
2019-10-29T16:46:42.000Z,1
2019-10-29T16:48:13.000Z,2
2019-10-29T17:27:36.000Z,1
2019-10-29T17:43:25.000Z,1
2019-10-29T17:51:53.000Z,1
2019-10-29T17:59:02.000Z,2
2019-10-29T18:05:24.000Z,1
2019-10-29T18:33:43.000Z,1
2019-10-29T18:54:42.000Z,1
2019-10-29T19:01:51.000Z,1
2019-10-29T19:22:21.000Z,1
2019-10-29T19:32:45.000Z,1
2019-10-29T20:04:44.000Z,1
2019-10-29T20:41:24.000Z,1
2019-10-29T20:57:27.000Z,1
2019-10-29T22:50:54.000Z,1
2019-10-30T06:49:05.000Z,1
2019-10-30T07:59:25.000Z,1
2019-10-30T08:23:01.000Z,1
2019-10-30T08:29:02.000Z,1
2019-10-30T08:29:28.000Z,1
2019-10-30T08:43:52.000Z,1
2019-10-30T09:02:04.000Z,1
2019-10-30T09:05:56.000Z,1
2019-10-30T13:10:49.000Z,1
2019-10-30T13:56:48.000Z,1
2019-10-30T15:24:18.000Z,1
2019-10-30T15:31:28.000Z,1
2019-10-30T16:34:42.000Z,1
2019-10-30T17:02:10.000Z,1
2019-10-30T17:14:50.000Z,1
2019-10-30T17:25:34.000Z,1
2019-10-30T17:32:25.000Z,1
2019-10-30T17:37:12.000Z,1
2019-10-30T17:38:54.000Z,1
2019-10-30T17:50:22.000Z,1
2019-10-30T18:04:48.000Z,1
2019-10-24T07:55:51.000Z,1
2019-10-24T08:10:08.000Z,2
2019-10-24T08:13:58.000Z,1
2019-10-24T08:14:50.000Z,1
2019-10-24T08:26:56.000Z,1
2019-10-24T08:39:07.000Z,1
2019-10-24T08:41:25.000Z,1
2019-10-24T08:43:19.000Z,1
2019-10-24T08:59:21.000Z,1
2019-10-24T09:45:55.000Z,1
2019-10-24T10:04:51.000Z,1
2019-10-24T10:17:46.000Z,1
2019-10-24T10:57:40.000Z,1
2019-10-24T11:34:42.000Z,1
2019-10-24T11:48:33.000Z,1
2019-10-24T11:59:36.000Z,1
2019-10-24T12:17:43.000Z,1
2019-10-24T12:36:54.000Z,1
2019-10-24T13:04:36.000Z,1
2019-10-24T13:08:48.000Z,1
2019-10-24T13:50:21.000Z,1
2019-10-24T15:05:32.000Z,1
2019-10-24T15:32:48.000Z,1
2019-10-24T16:07:21.000Z,1
2019-10-24T16:10:34.000Z,1
2019-10-24T16:32:04.000Z,2
2019-10-24T16:39:19.000Z,1
2019-10-24T17:30:28.000Z,1
2019-10-24T09:35:36.000Z,1
2019-10-24T09:37:43.000Z,1
2019-10-24T10:59:46.000Z,1
2019-10-24T11:01:50.000Z,1
2019-10-24T12:05:11.000Z,1
2019-10-24T14:39:28.000Z,2
2019-10-24T15:12:47.000Z,1
2019-10-24T15:20:49.000Z,1
2019-10-24T15:34:26.000Z,1
2019-10-24T16:08:02.000Z,1
2019-10-24T16:11:15.000Z,2
2019-10-24T16:38:06.000Z,1
2019-10-24T16:47:14.000Z,1
2019-10-24T16:47:48.000Z,1
2019-10-24T16:49:49.000Z,1
2019-10-24T16:57:31.000Z,1
2019-10-24T17:03:20.000Z,1
2019-10-24T17:15:51.000Z,1
2019-10-24T17:18:13.000Z,1
2019-10-24T17:30:00.000Z,1
2019-10-24T17:43:22.000Z,1
2019-10-24T18:11:38.000Z,1
2019-10-24T18:37:18.000Z,1
2019-10-24T18:44:25.000Z,1
2019-10-24T18:45:15.000Z,1
2019-10-24T19:08:52.000Z,1
2019-10-24T19:12:33.000Z,1
2019-10-24T19:13:03.000Z,1
2019-10-24T19:19:51.000Z,1
2019-10-24T19:41:36.000Z,1
2019-10-25T02:19:17.000Z,1
2019-10-25T05:51:02.000Z,1
2019-10-25T07:24:45.000Z,1
2019-10-25T07:34:34.000Z,1
2019-10-25T07:35:41.000Z,1
2019-10-25T07:47:12.000Z,1
2019-10-25T08:17:17.000Z,2
2019-10-25T08:24:52.000Z,1
2019-10-25T08:31:51.000Z,1
2019-10-25T08:39:05.000Z,2
2019-10-25T08:40:27.000Z,1
2019-10-25T08:45:05.000Z,1
2019-10-25T08:51:02.000Z,1
2019-10-25T09:08:12.000Z,1
2019-10-25T09:13:33.000Z,1
2019-10-25T09:42:11.000Z,1
2019-10-25T10:07:48.000Z,1
2019-10-25T10:58:17.000Z,1
2019-10-25T12:55:29.000Z,1
2019-10-25T13:08:22.000Z,1
2019-10-25T14:19:29.000Z,1
2019-10-25T15:59:53.000Z,1
2019-10-25T16:13:33.000Z,1
2019-10-25T16:52:45.000Z,2
2019-10-25T17:49:25.000Z,1
2019-10-25T17:51:42.000Z,2
2019-10-25T17:53:09.000Z,1
2019-10-25T18:40:32.000Z,2
2019-10-25T19:28:13.000Z,2
2019-10-25T19:34:51.000Z,1
2019-10-25T20:06:26.000Z,1
2019-10-25T20:48:58.000Z,1
2019-10-25T21:38:35.000Z,1
2019-10-25T22:48:18.000Z,1
2019-10-25T23:48:38.000Z,1
2019-10-26T03:47:52.000Z,1
2019-10-26T05:58:21.000Z,1
2019-10-26T08:26:56.000Z,1
2019-10-26T09:07:07.000Z,1
2019-10-26T10:39:26.000Z,1
2019-10-26T11:22:50.000Z,1
2019-10-26T11:24:17.000Z,1
2019-10-26T11:25:40.000Z,1
2019-10-26T13:05:40.000Z,1
2019-10-26T15:50:59.000Z,1
2019-10-27T06:02:57.000Z,1
2019-10-27T06:06:08.000Z,1
2019-10-27T08:22:39.000Z,1
2019-10-27T09:32:22.000Z,1
2019-10-27T09:52:50.000Z,1
2019-10-27T10:22:40.000Z,2
2019-10-27T10:43:44.000Z,1
2019-10-27T10:50:08.000Z,1
2019-10-27T11:09:19.000Z,1
2019-10-27T11:19:22.000Z,2
2019-10-27T11:26:44.000Z,1
2019-10-27T11:33:59.000Z,1
2019-10-27T11:56:33.000Z,1
2019-10-27T11:59:28.000Z,1
2019-10-27T12:30:31.000Z,1
2019-10-27T12:33:01.000Z,1
2019-10-27T12:41:10.000Z,1
2019-10-27T12:51:48.000Z,1
2019-10-27T13:09:21.000Z,1
2019-10-27T13:11:35.000Z,1
2019-10-27T13:49:23.000Z,1
2019-10-27T14:14:46.000Z,2
2019-10-27T14:49:21.000Z,1
2019-10-27T15:01:40.000Z,1
2019-10-27T15:14:33.000Z,1
2019-10-27T15:35:43.000Z,2
2019-10-27T15:43:12.000Z,1
2019-10-27T15:47:03.000Z,2
2019-10-27T15:56:15.000Z,1
2019-10-27T16:02:23.000Z,1
2019-10-27T16:06:57.000Z,1
2019-10-27T16:08:02.000Z,1
2019-10-27T16:18:00.000Z,1
2019-10-27T16:32:15.000Z,1
2019-10-27T16:42:42.000Z,1
2019-10-27T16:44:33.000Z,2
2019-10-27T16:48:13.000Z,1
2019-10-27T17:18:00.000Z,1
2019-10-27T17:26:39.000Z,1
2019-10-27T17:26:47.000Z,1
2019-10-27T17:33:27.000Z,1
2019-10-27T17:39:40.000Z,1
2019-10-27T21:04:43.000Z,1
2019-10-27T21:54:08.000Z,1
2019-10-27T23:37:21.000Z,1
2019-10-28T01:05:54.000Z,1
2019-10-28T07:28:55.000Z,2
2019-10-28T07:34:29.000Z,1
2019-10-28T07:35:01.000Z,1
2019-10-28T08:01:46.000Z,2
2019-10-28T08:07:05.000Z,2
2019-10-28T08:21:22.000Z,1
2019-10-28T08:31:16.000Z,2
2019-10-28T08:50:13.000Z,2
2019-10-28T08:55:44.000Z,1
2019-10-28T09:21:47.000Z,1
2019-10-28T09:23:50.000Z,1
2019-10-28T12:10:33.000Z,1
2019-10-28T13:02:39.000Z,1
2019-10-28T13:05:12.000Z,1
2019-10-28T13:25:58.000Z,1
2019-10-28T13:36:01.000Z,1
2019-10-28T14:24:01.000Z,1
2019-10-28T14:47:14.000Z,1
2019-10-28T14:59:12.000Z,1
2019-10-28T15:08:43.000Z,1
2019-10-28T15:26:26.000Z,1
2019-10-28T15:29:57.000Z,1
2019-10-28T15:31:57.000Z,1
2019-10-28T15:47:30.000Z,1
2019-10-28T16:32:43.000Z,1
2019-10-28T17:20:33.000Z,2
2019-10-28T17:26:37.000Z,2
2019-10-28T17:38:33.000Z,1
2019-10-28T17:56:52.000Z,1
2019-10-28T18:00:30.000Z,1
2019-10-28T18:04:15.000Z,1
2019-10-28T18:06:26.000Z,1
2019-10-28T18:21:52.000Z,1
2019-10-28T18:31:23.000Z,1
2019-10-28T18:31:51.000Z,1
2019-10-28T18:32:56.000Z,1
2019-10-28T18:35:58.000Z,1
2019-10-28T18:48:19.000Z,1
2019-10-28T20:12:14.000Z,1
2019-10-28T21:39:47.000Z,1
2019-10-28T22:05:05.000Z,1
2019-10-28T23:02:29.000Z,1
2019-10-29T06:52:17.000Z,1
2019-10-29T07:01:10.000Z,1
2019-10-29T07:28:20.000Z,1
2019-10-29T08:07:51.000Z,1
2019-10-29T08:41:19.000Z,2
2019-10-29T08:47:46.000Z,1
2019-10-29T08:49:37.000Z,1
2019-10-29T09:04:03.000Z,1
2019-10-29T09:07:53.000Z,1
2019-10-29T09:10:57.000Z,2
2019-10-29T10:03:05.000Z,1
2019-10-29T10:36:17.000Z,1
2019-10-29T10:46:20.000Z,1
2019-10-29T11:10:44.000Z,1
2019-10-29T11:31:58.000Z,2
2019-10-29T12:12:04.000Z,1
2019-10-29T12:27:45.000Z,1
2019-10-29T12:45:39.000Z,2
2019-10-29T14:56:15.000Z,1
2019-10-29T15:02:04.000Z,1
2019-10-29T15:03:17.000Z,1
2019-10-29T15:16:26.000Z,1
2019-10-29T15:31:06.000Z,1
2019-10-29T15:39:18.000Z,1
2019-10-29T15:39:47.000Z,2
2019-10-29T15:43:40.000Z,1
2019-10-29T15:44:29.000Z,1
2019-10-29T16:01:42.000Z,1
2019-10-29T16:16:46.000Z,1
2019-10-29T16:34:12.000Z,1
2019-10-29T17:27:42.000Z,1
2019-10-29T17:48:55.000Z,1
2019-10-29T18:43:15.000Z,1
2019-10-29T18:47:47.000Z,1
2019-10-29T18:48:49.000Z,1
2019-10-29T18:51:10.000Z,1
2019-10-29T19:03:51.000Z,1
2019-10-29T19:13:11.000Z,1
2019-10-29T19:47:40.000Z,1
2019-10-29T20:07:53.000Z,1
2019-10-29T20:12:57.000Z,1
2019-10-29T20:28:33.000Z,1
2019-10-29T21:21:45.000Z,1
2019-10-29T22:02:33.000Z,1
2019-10-30T06:12:14.000Z,1
2019-10-30T06:29:44.000Z,1
2019-10-30T06:33:20.000Z,1
2019-10-30T09:09:02.000Z,1
2019-10-30T10:59:07.000Z,1
2019-10-30T11:12:51.000Z,1
2019-10-30T12:39:09.000Z,1
2019-10-30T13:11:13.000Z,2
2019-10-30T16:46:55.000Z,1
2019-10-30T17:05:11.000Z,1
2019-10-30T17:26:51.000Z,1
2019-10-30T17:39:28.000Z,1
2019-10-30T17:45:55.000Z,1
2019-10-30T17:48:00.000Z,1
2019-10-30T18:00:43.000Z,1
2019-10-30T18:20:03.000Z,1
2019-10-30T18:27:51.000Z,1
2019-10-30T18:53:11.000Z,1
2019-10-24T07:55:25.000Z,1
2019-10-24T07:56:01.000Z,2
2019-10-24T08:01:00.000Z,1
2019-10-24T08:05:25.000Z,2
2019-10-24T08:13:17.000Z,1
2019-10-24T08:31:52.000Z,1
2019-10-24T08:43:39.000Z,1
2019-10-24T08:48:07.000Z,1
2019-10-24T08:51:04.000Z,1
2019-10-24T09:03:26.000Z,2
2019-10-24T09:54:50.000Z,1
2019-10-24T10:57:12.000Z,1
2019-10-24T12:27:52.000Z,1
2019-10-24T15:58:46.000Z,1
2019-10-24T16:35:49.000Z,1
2019-10-24T16:48:56.000Z,1
2019-10-24T17:05:08.000Z,1
2019-10-24T09:14:17.000Z,1
2019-10-24T12:57:12.000Z,1
2019-10-24T16:45:02.000Z,1
2019-10-24T17:10:22.000Z,1
2019-10-24T17:24:32.000Z,1
2019-10-24T17:29:33.000Z,2
2019-10-24T17:30:23.000Z,1
2019-10-24T17:34:07.000Z,2
2019-10-24T17:38:16.000Z,1
2019-10-24T17:49:52.000Z,1
2019-10-24T18:06:05.000Z,1
2019-10-24T18:14:53.000Z,1
2019-10-24T18:16:36.000Z,1
2019-10-24T19:08:56.000Z,1
2019-10-24T19:38:59.000Z,1
2019-10-24T22:44:44.000Z,1
2019-10-24T23:28:03.000Z,1
2019-10-25T00:22:36.000Z,1
2019-10-25T01:16:50.000Z,1
2019-10-25T04:38:08.000Z,1
2019-10-25T06:10:00.000Z,1
2019-10-25T06:10:17.000Z,1
2019-10-25T06:28:40.000Z,3
2019-10-25T07:00:27.000Z,1
2019-10-25T07:05:03.000Z,1
2019-10-25T07:23:35.000Z,2
2019-10-25T07:49:14.000Z,1
2019-10-25T07:59:45.000Z,2
2019-10-25T08:00:24.000Z,1
2019-10-25T08:07:30.000Z,1
2019-10-25T08:08:17.000Z,1
2019-10-25T08:14:35.000Z,1
2019-10-25T08:18:10.000Z,2
2019-10-25T09:17:24.000Z,1
2019-10-25T09:32:43.000Z,1
2019-10-25T09:41:48.000Z,1
2019-10-25T10:47:47.000Z,1
2019-10-25T11:31:31.000Z,1
2019-10-25T11:39:32.000Z,1
2019-10-25T13:31:13.000Z,1
2019-10-25T13:58:16.000Z,1
2019-10-25T14:34:53.000Z,1
2019-10-25T15:00:47.000Z,1
2019-10-25T15:01:15.000Z,2
2019-10-25T15:22:34.000Z,1
2019-10-25T15:22:45.000Z,1
2019-10-25T15:37:47.000Z,1
2019-10-25T16:03:11.000Z,1
2019-10-25T16:05:00.000Z,1
2019-10-25T16:08:04.000Z,1
2019-10-25T16:20:52.000Z,1
2019-10-25T16:22:16.000Z,1
2019-10-25T16:24:34.000Z,1
2019-10-25T16:28:33.000Z,1
2019-10-25T16:29:26.000Z,3
2019-10-25T16:32:18.000Z,1
2019-10-25T16:40:47.000Z,1
2019-10-25T16:52:13.000Z,1
2019-10-25T17:21:59.000Z,1
2019-10-25T17:22:29.000Z,1
2019-10-25T17:30:55.000Z,1
2019-10-25T17:37:21.000Z,1
2019-10-25T17:54:10.000Z,1
2019-10-25T18:18:53.000Z,1
2019-10-25T18:42:05.000Z,1
2019-10-25T19:06:45.000Z,1
2019-10-25T19:09:37.000Z,2
2019-10-25T20:48:45.000Z,1
2019-10-25T21:10:39.000Z,1
2019-10-25T22:03:41.000Z,1
2019-10-26T01:10:21.000Z,1
2019-10-26T01:50:31.000Z,1
2019-10-26T09:29:49.000Z,1
2019-10-26T10:10:33.000Z,1
2019-10-26T10:24:18.000Z,1
2019-10-26T10:35:05.000Z,1
2019-10-26T10:41:57.000Z,1
2019-10-26T11:22:16.000Z,1
2019-10-26T11:26:42.000Z,1
2019-10-26T11:42:06.000Z,1
2019-10-26T11:59:00.000Z,1
2019-10-26T12:10:35.000Z,1
2019-10-26T12:57:45.000Z,1
2019-10-26T12:58:10.000Z,1
2019-10-26T14:27:06.000Z,1
2019-10-26T22:13:44.000Z,1
2019-10-26T22:32:21.000Z,1
2019-10-27T00:31:23.000Z,1
2019-10-27T09:23:19.000Z,1
2019-10-27T09:53:50.000Z,1
2019-10-27T09:58:02.000Z,1
2019-10-27T10:08:47.000Z,1
2019-10-27T10:25:40.000Z,1
2019-10-27T10:41:31.000Z,1
2019-10-27T10:56:36.000Z,2
2019-10-27T11:14:45.000Z,1
2019-10-27T11:24:29.000Z,1
2019-10-27T11:31:08.000Z,1
2019-10-27T11:54:17.000Z,1
2019-10-27T12:00:22.000Z,1
2019-10-27T12:28:24.000Z,1
2019-10-27T12:35:11.000Z,1
2019-10-27T12:37:50.000Z,1
2019-10-27T12:55:09.000Z,1
2019-10-27T12:56:33.000Z,2
2019-10-27T13:02:39.000Z,1
2019-10-27T13:16:54.000Z,1
2019-10-27T13:24:07.000Z,1
2019-10-27T13:33:33.000Z,1
2019-10-27T13:39:33.000Z,1
2019-10-27T13:45:00.000Z,1
2019-10-27T13:45:21.000Z,1
2019-10-27T13:49:17.000Z,2
2019-10-27T14:00:10.000Z,2
2019-10-27T14:43:52.000Z,1
2019-10-27T14:44:17.000Z,1
2019-10-27T14:46:12.000Z,1
2019-10-27T14:51:15.000Z,1
2019-10-27T15:07:42.000Z,1
2019-10-27T15:20:59.000Z,1
2019-10-27T15:52:56.000Z,2
2019-10-27T16:04:44.000Z,1
2019-10-27T16:04:59.000Z,1
2019-10-27T16:14:02.000Z,2
2019-10-27T16:52:38.000Z,1
2019-10-27T17:07:42.000Z,1
2019-10-27T17:19:28.000Z,1
2019-10-27T18:14:55.000Z,1
2019-10-27T18:31:13.000Z,1
2019-10-27T18:36:18.000Z,1
2019-10-27T18:51:19.000Z,1
2019-10-27T18:59:51.000Z,1
2019-10-27T19:05:23.000Z,2
2019-10-27T19:14:23.000Z,1
2019-10-27T21:49:07.000Z,2
2019-10-27T22:12:28.000Z,1
2019-10-28T06:32:42.000Z,1
2019-10-28T07:02:23.000Z,1
2019-10-28T07:14:57.000Z,1
2019-10-28T07:40:39.000Z,1
2019-10-28T07:44:01.000Z,1
2019-10-28T07:46:58.000Z,1
2019-10-28T07:52:26.000Z,1
2019-10-28T07:59:35.000Z,1
2019-10-28T08:32:42.000Z,1
2019-10-28T09:00:55.000Z,1
2019-10-28T09:08:27.000Z,1
2019-10-28T09:20:41.000Z,1
2019-10-28T09:30:58.000Z,2
2019-10-28T09:54:40.000Z,2
2019-10-28T10:52:13.000Z,1
2019-10-28T11:11:43.000Z,1
2019-10-28T12:10:15.000Z,1
2019-10-28T12:14:59.000Z,1
2019-10-28T12:20:42.000Z,1
2019-10-28T13:24:42.000Z,2
2019-10-28T14:08:08.000Z,1
2019-10-28T15:09:22.000Z,1
2019-10-28T15:32:32.000Z,1
2019-10-28T15:57:17.000Z,1
2019-10-28T16:07:17.000Z,1
2019-10-28T16:11:50.000Z,1
2019-10-28T16:14:46.000Z,1
2019-10-28T16:34:32.000Z,1
2019-10-28T16:36:54.000Z,1
2019-10-28T16:43:53.000Z,1
2019-10-28T16:46:07.000Z,1
2019-10-28T16:50:55.000Z,1
2019-10-28T17:04:23.000Z,1
2019-10-28T17:09:17.000Z,2
2019-10-28T17:58:28.000Z,1
2019-10-28T18:12:00.000Z,1
2019-10-28T18:23:26.000Z,1
2019-10-28T18:26:57.000Z,2
2019-10-28T18:31:58.000Z,1
2019-10-28T18:32:57.000Z,1
2019-10-28T19:12:34.000Z,1
2019-10-28T19:26:56.000Z,1
2019-10-28T19:31:19.000Z,1
2019-10-28T21:07:55.000Z,1
2019-10-29T06:24:23.000Z,1
2019-10-29T07:39:42.000Z,1
2019-10-29T08:03:54.000Z,1
2019-10-29T08:18:38.000Z,1
2019-10-29T08:37:52.000Z,2
2019-10-29T08:39:55.000Z,1
2019-10-29T08:46:37.000Z,1
2019-10-29T09:23:53.000Z,1
2019-10-29T09:35:51.000Z,1
2019-10-29T10:18:07.000Z,1
2019-10-29T10:38:31.000Z,1
2019-10-29T10:46:02.000Z,1
2019-10-29T12:10:45.000Z,1
2019-10-29T12:27:09.000Z,1
2019-10-29T13:00:25.000Z,1
2019-10-29T13:02:57.000Z,1
2019-10-29T13:31:48.000Z,1
2019-10-29T15:37:35.000Z,1
2019-10-29T16:22:56.000Z,1
2019-10-29T16:23:46.000Z,2
2019-10-29T16:42:21.000Z,1
2019-10-29T16:53:56.000Z,1
2019-10-29T17:00:58.000Z,1
2019-10-29T17:04:50.000Z,1
2019-10-29T17:17:33.000Z,1
2019-10-29T17:22:29.000Z,1
2019-10-29T17:25:52.000Z,1
2019-10-29T17:26:49.000Z,2
2019-10-29T17:29:40.000Z,2
2019-10-29T17:33:52.000Z,2
2019-10-29T17:45:53.000Z,1
2019-10-29T17:47:04.000Z,1
2019-10-29T18:13:25.000Z,1
2019-10-29T18:38:30.000Z,1
2019-10-29T18:55:53.000Z,1
2019-10-29T19:19:39.000Z,1
2019-10-29T19:33:04.000Z,1
2019-10-29T19:37:37.000Z,1
2019-10-29T19:38:47.000Z,1
2019-10-29T19:51:46.000Z,1
2019-10-29T19:58:27.000Z,1
2019-10-29T20:07:01.000Z,1
2019-10-29T20:27:34.000Z,1
2019-10-29T20:28:22.000Z,1
2019-10-29T20:30:07.000Z,1
2019-10-29T20:48:17.000Z,1
2019-10-29T21:17:29.000Z,1
2019-10-30T06:20:52.000Z,1
2019-10-30T07:38:52.000Z,1
2019-10-30T08:17:55.000Z,1
2019-10-30T08:20:03.000Z,1
2019-10-30T08:42:47.000Z,1
2019-10-30T09:07:42.000Z,1
2019-10-30T09:10:32.000Z,1
2019-10-30T10:22:06.000Z,1
2019-10-30T12:24:46.000Z,1
2019-10-30T12:25:52.000Z,1
2019-10-30T13:15:01.000Z,1
2019-10-30T15:34:15.000Z,1
2019-10-30T16:24:02.000Z,1
2019-10-30T16:37:05.000Z,1
2019-10-30T16:55:38.000Z,1
2019-10-30T17:28:53.000Z,1
2019-10-30T17:38:58.000Z,1
2019-10-30T17:42:47.000Z,1
2019-10-30T17:45:04.000Z,1
2019-10-30T17:47:44.000Z,1
2019-10-30T17:58:17.000Z,1
2019-10-30T18:16:55.000Z,1
2019-10-24T07:32:52.000Z,1
2019-10-24T07:51:26.000Z,1
2019-10-24T07:53:54.000Z,2
2019-10-24T07:54:14.000Z,1
2019-10-24T07:56:57.000Z,1
2019-10-24T08:11:14.000Z,1
2019-10-24T08:20:59.000Z,1
2019-10-24T08:39:12.000Z,1
2019-10-24T08:42:08.000Z,1
2019-10-24T08:49:58.000Z,1
2019-10-24T09:19:35.000Z,1
2019-10-24T09:35:15.000Z,1
2019-10-24T09:46:47.000Z,1
2019-10-24T11:34:37.000Z,1
2019-10-24T12:59:36.000Z,1
2019-10-24T14:28:20.000Z,2
2019-10-24T15:20:29.000Z,1
2019-10-24T15:25:00.000Z,1
2019-10-24T18:25:56.000Z,1
2019-10-24T19:38:07.000Z,1
2019-10-25T11:51:12.000Z,1
2019-10-24T09:21:36.000Z,1
2019-10-24T12:30:24.000Z,1
2019-10-24T13:17:12.000Z,1
2019-10-24T14:10:19.000Z,1
2019-10-24T14:43:58.000Z,1
2019-10-24T15:53:29.000Z,1
2019-10-24T16:20:02.000Z,1
2019-10-24T16:27:55.000Z,1
2019-10-24T16:29:32.000Z,1
2019-10-24T16:43:37.000Z,1
2019-10-24T17:13:44.000Z,1
2019-10-24T17:14:18.000Z,3
2019-10-24T17:22:20.000Z,1
2019-10-24T17:25:15.000Z,1
2019-10-24T17:31:22.000Z,1
2019-10-24T17:43:51.000Z,1
2019-10-24T17:44:03.000Z,1
2019-10-24T17:57:37.000Z,1
2019-10-24T18:01:28.000Z,1
2019-10-24T18:04:18.000Z,1
2019-10-24T18:23:59.000Z,1
2019-10-24T18:46:43.000Z,1
2019-10-24T18:49:45.000Z,1
2019-10-24T19:05:25.000Z,1
2019-10-24T19:25:11.000Z,1
2019-10-24T20:00:12.000Z,1
2019-10-24T21:00:55.000Z,1
2019-10-24T21:06:05.000Z,1
2019-10-25T01:23:26.000Z,1
2019-10-25T05:31:18.000Z,1
2019-10-25T07:16:22.000Z,1
2019-10-25T07:33:50.000Z,1
2019-10-25T07:41:01.000Z,1
2019-10-25T07:42:22.000Z,1
2019-10-25T07:43:53.000Z,1
2019-10-25T07:45:33.000Z,1
2019-10-25T07:46:27.000Z,1
2019-10-25T07:55:26.000Z,1
2019-10-25T08:15:40.000Z,1
2019-10-25T08:30:28.000Z,1
2019-10-25T08:32:31.000Z,2
2019-10-25T08:37:29.000Z,1
2019-10-25T08:47:39.000Z,1
2019-10-25T08:49:12.000Z,1
2019-10-25T08:50:35.000Z,1
2019-10-25T08:53:10.000Z,1
2019-10-25T08:59:28.000Z,1
2019-10-25T09:07:37.000Z,1
2019-10-25T09:26:30.000Z,1
2019-10-25T09:28:37.000Z,1
2019-10-25T09:32:25.000Z,1
2019-10-25T09:32:31.000Z,1
2019-10-25T09:42:49.000Z,2
2019-10-25T11:47:10.000Z,1
2019-10-25T12:40:56.000Z,1
2019-10-25T13:00:38.000Z,1
2019-10-25T13:15:46.000Z,1
2019-10-25T13:40:14.000Z,1
2019-10-25T14:17:48.000Z,1
2019-10-25T14:40:22.000Z,1
2019-10-25T15:12:02.000Z,1
2019-10-25T15:20:47.000Z,1
2019-10-25T15:32:35.000Z,1
2019-10-25T15:38:30.000Z,1
2019-10-25T15:45:54.000Z,1
2019-10-25T15:50:57.000Z,2
2019-10-25T15:59:43.000Z,1
2019-10-25T16:17:43.000Z,1
2019-10-25T16:35:29.000Z,1
2019-10-25T16:38:21.000Z,1
2019-10-25T16:41:33.000Z,1
2019-10-25T16:47:26.000Z,1
2019-10-25T16:51:50.000Z,1
2019-10-25T17:01:02.000Z,1
2019-10-25T17:18:09.000Z,1
2019-10-25T17:40:49.000Z,2
2019-10-25T18:02:57.000Z,1
2019-10-25T18:41:55.000Z,1
2019-10-25T18:58:27.000Z,1
2019-10-25T19:10:52.000Z,1
2019-10-25T19:43:39.000Z,1
2019-10-25T19:44:19.000Z,1
2019-10-25T20:16:38.000Z,1
2019-10-25T20:23:16.000Z,1
2019-10-25T22:26:39.000Z,1
2019-10-25T22:52:38.000Z,1
2019-10-26T01:57:28.000Z,1
2019-10-26T02:55:43.000Z,1
2019-10-26T06:56:47.000Z,1
2019-10-26T07:25:00.000Z,1
2019-10-26T07:55:48.000Z,1
2019-10-26T08:14:43.000Z,1
2019-10-26T08:17:32.000Z,1
2019-10-26T08:41:58.000Z,1
2019-10-26T08:48:42.000Z,1
2019-10-26T09:56:03.000Z,1
2019-10-26T10:14:00.000Z,1
2019-10-26T10:17:42.000Z,1
2019-10-26T10:49:58.000Z,1
2019-10-26T10:59:44.000Z,1
2019-10-26T11:21:48.000Z,1
2019-10-26T13:01:08.000Z,2
2019-10-26T14:16:01.000Z,1
2019-10-26T22:22:37.000Z,1
2019-10-27T08:20:48.000Z,1
2019-10-27T09:16:33.000Z,1
2019-10-27T09:53:57.000Z,1
2019-10-27T10:13:35.000Z,1
2019-10-27T11:06:26.000Z,1
2019-10-27T11:11:28.000Z,1
2019-10-27T11:29:39.000Z,1
2019-10-27T11:30:14.000Z,1
2019-10-27T11:36:12.000Z,1
2019-10-27T11:47:42.000Z,1
2019-10-27T11:53:19.000Z,1
2019-10-27T11:56:13.000Z,1
2019-10-27T12:28:50.000Z,1
2019-10-27T12:31:07.000Z,1
2019-10-27T13:02:54.000Z,1
2019-10-27T13:16:01.000Z,2
2019-10-27T13:16:27.000Z,1
2019-10-27T13:45:48.000Z,2
2019-10-27T13:58:13.000Z,1
2019-10-27T14:24:23.000Z,1
2019-10-27T14:31:14.000Z,1
2019-10-27T14:51:00.000Z,1
2019-10-27T15:53:17.000Z,1
2019-10-27T15:54:01.000Z,1
2019-10-27T15:58:49.000Z,1
2019-10-27T16:00:47.000Z,1
2019-10-27T16:16:44.000Z,2
2019-10-27T16:17:18.000Z,1
2019-10-27T16:30:30.000Z,1
2019-10-27T16:44:42.000Z,1
2019-10-27T17:50:52.000Z,1
2019-10-27T18:07:52.000Z,1
2019-10-27T18:17:51.000Z,1
2019-10-27T18:33:14.000Z,1
2019-10-27T18:33:45.000Z,1
2019-10-27T18:45:00.000Z,1
2019-10-27T19:05:55.000Z,1
2019-10-27T19:22:53.000Z,1
2019-10-27T19:28:55.000Z,1
2019-10-28T00:14:53.000Z,1
2019-10-28T04:50:16.000Z,1
2019-10-28T05:35:59.000Z,1
2019-10-28T06:50:22.000Z,1
2019-10-28T06:59:51.000Z,1
2019-10-28T07:16:30.000Z,1
2019-10-28T07:38:06.000Z,1
2019-10-28T07:45:19.000Z,1
2019-10-28T07:45:57.000Z,1
2019-10-28T07:55:47.000Z,1
2019-10-28T08:07:01.000Z,1
2019-10-28T08:19:50.000Z,1
2019-10-28T08:24:43.000Z,1
2019-10-28T08:29:23.000Z,2
2019-10-28T08:53:36.000Z,1
2019-10-28T09:50:30.000Z,1
2019-10-28T09:53:08.000Z,2
2019-10-28T10:23:36.000Z,1
2019-10-28T10:44:24.000Z,1
2019-10-28T10:48:52.000Z,1
2019-10-28T10:56:36.000Z,1
2019-10-28T11:14:34.000Z,1
2019-10-28T11:32:08.000Z,1
2019-10-28T11:55:41.000Z,1
2019-10-28T13:05:03.000Z,1
2019-10-28T13:21:14.000Z,1
2019-10-28T14:14:52.000Z,1
2019-10-28T14:26:44.000Z,1
2019-10-28T16:34:11.000Z,1
2019-10-28T16:35:09.000Z,1
2019-10-28T16:58:00.000Z,1
2019-10-28T17:07:22.000Z,1
2019-10-28T17:08:40.000Z,1
2019-10-28T17:10:17.000Z,1
2019-10-28T17:12:05.000Z,1
2019-10-28T17:13:03.000Z,1
2019-10-28T17:22:46.000Z,2
2019-10-28T17:25:49.000Z,1
2019-10-28T17:53:31.000Z,1
2019-10-28T17:55:01.000Z,1
2019-10-28T18:16:15.000Z,1
2019-10-28T18:19:22.000Z,1
2019-10-28T18:23:14.000Z,1
2019-10-28T18:42:07.000Z,1
2019-10-28T19:03:51.000Z,1
2019-10-28T19:27:49.000Z,1
2019-10-28T19:57:14.000Z,1
2019-10-28T20:00:42.000Z,1
2019-10-28T20:36:39.000Z,1
2019-10-28T20:37:42.000Z,1
2019-10-28T22:28:13.000Z,1
2019-10-28T22:52:32.000Z,1
2019-10-28T22:58:16.000Z,1
2019-10-29T06:28:55.000Z,1
2019-10-29T06:45:37.000Z,1
2019-10-29T06:53:34.000Z,1
2019-10-29T06:56:52.000Z,1
2019-10-29T07:44:28.000Z,1
2019-10-29T07:48:00.000Z,1
2019-10-29T07:53:43.000Z,1
2019-10-29T07:56:15.000Z,1
2019-10-29T08:00:04.000Z,1
2019-10-29T08:05:26.000Z,2
2019-10-29T08:43:50.000Z,1
2019-10-29T08:58:55.000Z,1
2019-10-29T09:16:45.000Z,1
2019-10-29T10:05:12.000Z,1
2019-10-29T10:32:21.000Z,1
2019-10-29T10:53:33.000Z,1
2019-10-29T10:58:24.000Z,1
2019-10-29T12:13:01.000Z,1
2019-10-29T12:16:31.000Z,1
2019-10-29T13:27:48.000Z,1
2019-10-29T14:12:13.000Z,1
2019-10-29T14:54:42.000Z,1
2019-10-29T14:58:08.000Z,1
2019-10-29T16:05:09.000Z,1
2019-10-29T16:18:46.000Z,1
2019-10-29T16:24:44.000Z,1
2019-10-29T16:28:34.000Z,1
2019-10-29T16:35:40.000Z,1
2019-10-29T16:45:52.000Z,1
2019-10-29T16:47:30.000Z,1
2019-10-29T17:03:02.000Z,3
2019-10-29T17:09:35.000Z,1
2019-10-29T17:12:05.000Z,2
2019-10-29T17:16:09.000Z,1
2019-10-29T17:21:47.000Z,1
2019-10-29T17:32:52.000Z,2
2019-10-29T18:20:20.000Z,2
2019-10-29T18:24:34.000Z,1
2019-10-29T18:41:04.000Z,1
2019-10-29T18:49:51.000Z,1
2019-10-29T18:51:53.000Z,1
2019-10-29T18:52:12.000Z,1
2019-10-29T19:06:53.000Z,1
2019-10-29T19:15:58.000Z,1
2019-10-29T21:59:10.000Z,1
2019-10-30T05:59:01.000Z,1
2019-10-30T08:16:45.000Z,1
2019-10-30T08:24:45.000Z,1
2019-10-30T10:37:07.000Z,1
2019-10-30T14:47:35.000Z,1
2019-10-30T15:35:49.000Z,1
2019-10-30T16:03:40.000Z,1
2019-10-30T17:06:54.000Z,1
2019-10-30T17:11:14.000Z,1
2019-10-30T17:34:41.000Z,2
2019-10-30T17:48:39.000Z,1
2019-10-24T07:45:12.000Z,1
2019-10-24T07:47:30.000Z,2
2019-10-24T08:00:06.000Z,2
2019-10-24T08:06:36.000Z,2
2019-10-24T08:35:00.000Z,2
2019-10-24T08:47:38.000Z,1
2019-10-24T08:59:17.000Z,1
2019-10-24T09:06:20.000Z,1
2019-10-24T11:02:53.000Z,1
2019-10-24T12:51:30.000Z,2
2019-10-24T13:36:23.000Z,1
2019-10-24T14:18:45.000Z,1
2019-10-24T15:43:31.000Z,1
2019-10-24T17:32:48.000Z,1
2019-10-24T17:54:05.000Z,2
2019-10-24T21:55:10.000Z,1
2019-10-24T12:30:25.000Z,1
2019-10-24T13:26:26.000Z,1
2019-10-24T14:25:05.000Z,1
2019-10-24T14:31:45.000Z,1
2019-10-24T14:55:12.000Z,1
2019-10-24T15:51:46.000Z,1
2019-10-24T16:25:20.000Z,1
2019-10-24T16:53:35.000Z,1
2019-10-24T17:00:04.000Z,1
2019-10-24T17:04:34.000Z,1
2019-10-24T17:24:43.000Z,1
2019-10-24T17:25:30.000Z,2
2019-10-24T17:28:58.000Z,1
2019-10-24T17:43:20.000Z,1
2019-10-24T17:59:28.000Z,3
2019-10-24T18:13:35.000Z,1
2019-10-24T19:10:58.000Z,1
2019-10-24T19:12:20.000Z,1
2019-10-24T19:25:03.000Z,1
2019-10-24T19:30:36.000Z,1
2019-10-24T19:38:43.000Z,1
2019-10-24T20:12:37.000Z,1
2019-10-24T20:20:49.000Z,2
2019-10-24T21:08:10.000Z,1
2019-10-24T22:05:55.000Z,1
2019-10-24T23:31:36.000Z,1
2019-10-25T05:39:24.000Z,1
2019-10-25T06:09:07.000Z,1
2019-10-25T06:34:58.000Z,1
2019-10-25T07:17:05.000Z,1
2019-10-25T07:28:57.000Z,1
2019-10-25T07:45:00.000Z,1
2019-10-25T07:52:36.000Z,1
2019-10-25T07:55:18.000Z,1
2019-10-25T08:14:46.000Z,1
2019-10-25T08:17:21.000Z,1
2019-10-25T08:24:42.000Z,1
2019-10-25T08:27:32.000Z,1
2019-10-25T08:45:22.000Z,1
2019-10-25T08:54:07.000Z,3
2019-10-25T09:46:41.000Z,1
2019-10-25T09:59:34.000Z,1
2019-10-25T10:33:20.000Z,1
2019-10-25T10:46:14.000Z,1
2019-10-25T11:20:35.000Z,1
2019-10-25T12:15:58.000Z,1
2019-10-25T13:41:48.000Z,1
2019-10-25T13:56:20.000Z,1
2019-10-25T14:36:36.000Z,1
2019-10-25T14:49:32.000Z,1
2019-10-25T15:22:06.000Z,1
2019-10-25T15:31:41.000Z,1
2019-10-25T15:43:18.000Z,1
2019-10-25T15:51:29.000Z,1
2019-10-25T16:05:34.000Z,1
2019-10-25T16:16:21.000Z,1
2019-10-25T16:21:53.000Z,2
2019-10-25T16:34:35.000Z,1
2019-10-25T16:44:16.000Z,1
2019-10-25T16:45:52.000Z,1
2019-10-25T16:47:54.000Z,1
2019-10-25T16:56:24.000Z,1
2019-10-25T17:02:22.000Z,1
2019-10-25T17:03:08.000Z,1
2019-10-25T17:04:15.000Z,1
2019-10-25T17:10:47.000Z,1
2019-10-25T17:11:22.000Z,2
2019-10-25T17:37:13.000Z,1
2019-10-25T17:37:44.000Z,1
2019-10-25T17:42:41.000Z,1
2019-10-25T17:43:53.000Z,1
2019-10-25T17:44:49.000Z,1
2019-10-25T17:54:55.000Z,1
2019-10-25T17:56:42.000Z,1
2019-10-25T18:17:29.000Z,1
2019-10-25T19:13:05.000Z,1
2019-10-25T19:17:12.000Z,1
2019-10-25T19:20:09.000Z,1
2019-10-25T19:20:15.000Z,1
2019-10-25T19:57:46.000Z,1
2019-10-25T20:47:50.000Z,1
2019-10-25T20:54:51.000Z,1
2019-10-25T21:27:08.000Z,1
2019-10-25T22:10:20.000Z,1
2019-10-25T22:15:35.000Z,1
2019-10-25T22:40:36.000Z,1
2019-10-26T01:51:38.000Z,1
2019-10-26T06:41:08.000Z,1
2019-10-26T09:23:49.000Z,2
2019-10-26T09:39:38.000Z,1
2019-10-26T09:51:25.000Z,1
2019-10-26T10:15:32.000Z,1
2019-10-26T10:40:34.000Z,1
2019-10-26T10:59:23.000Z,1
2019-10-26T11:24:41.000Z,1
2019-10-26T11:48:18.000Z,1
2019-10-26T12:11:06.000Z,1
2019-10-26T12:21:06.000Z,1
2019-10-26T12:34:36.000Z,1
2019-10-26T12:35:28.000Z,1
2019-10-26T12:42:53.000Z,1
2019-10-26T12:59:50.000Z,1
2019-10-27T04:05:00.000Z,1
2019-10-27T04:41:09.000Z,1
2019-10-27T07:11:43.000Z,1
2019-10-27T08:04:44.000Z,1
2019-10-27T08:20:15.000Z,1
2019-10-27T08:33:48.000Z,1
2019-10-27T09:24:06.000Z,1
2019-10-27T09:34:51.000Z,1
2019-10-27T10:12:12.000Z,1
2019-10-27T10:13:21.000Z,2
2019-10-27T10:40:31.000Z,1
2019-10-27T11:00:08.000Z,1
2019-10-27T12:26:18.000Z,1
2019-10-27T13:17:25.000Z,1
2019-10-27T13:38:55.000Z,2
2019-10-27T13:44:56.000Z,1
2019-10-27T14:16:35.000Z,1
2019-10-27T14:25:27.000Z,1
2019-10-27T14:44:41.000Z,1
2019-10-27T15:03:03.000Z,1
2019-10-27T15:26:26.000Z,1
2019-10-27T15:46:17.000Z,1
2019-10-27T16:02:24.000Z,2
2019-10-27T16:41:32.000Z,1
2019-10-27T16:52:10.000Z,1
2019-10-27T17:01:13.000Z,1
2019-10-27T17:11:04.000Z,1
2019-10-27T17:38:58.000Z,1
2019-10-27T18:15:59.000Z,1
2019-10-27T19:11:16.000Z,1
2019-10-27T19:40:19.000Z,1
2019-10-27T23:34:32.000Z,1
2019-10-27T23:50:26.000Z,1
2019-10-28T05:40:28.000Z,1
2019-10-28T05:52:50.000Z,1
2019-10-28T07:22:51.000Z,1
2019-10-28T07:24:01.000Z,1
2019-10-28T07:31:24.000Z,1
2019-10-28T08:01:39.000Z,2
2019-10-28T08:06:35.000Z,1
2019-10-28T08:15:40.000Z,1
2019-10-28T08:18:17.000Z,1
2019-10-28T08:29:32.000Z,1
2019-10-28T08:40:18.000Z,1
2019-10-28T08:52:31.000Z,1
2019-10-28T09:22:40.000Z,1
2019-10-28T09:43:46.000Z,1
2019-10-28T09:52:10.000Z,1
2019-10-28T11:13:12.000Z,1
2019-10-28T11:34:18.000Z,1
2019-10-28T11:36:24.000Z,1
2019-10-28T12:03:33.000Z,1
2019-10-28T12:16:47.000Z,1
2019-10-28T12:37:10.000Z,1
2019-10-28T13:03:50.000Z,1
2019-10-28T13:19:22.000Z,1
2019-10-28T15:52:02.000Z,2
2019-10-28T16:04:17.000Z,1
2019-10-28T16:05:38.000Z,1
2019-10-28T16:17:17.000Z,1
2019-10-28T16:23:03.000Z,2
2019-10-28T16:33:42.000Z,2
2019-10-28T16:37:24.000Z,2
2019-10-28T17:10:12.000Z,1
2019-10-28T17:17:05.000Z,1
2019-10-28T17:24:17.000Z,2
2019-10-28T17:29:05.000Z,1
2019-10-28T17:46:43.000Z,2
2019-10-28T17:47:51.000Z,1
2019-10-28T17:51:39.000Z,1
2019-10-28T17:52:32.000Z,1
2019-10-28T18:02:22.000Z,1
2019-10-28T18:25:56.000Z,1
2019-10-28T18:27:48.000Z,1
2019-10-28T18:49:24.000Z,1
2019-10-28T18:55:45.000Z,1
2019-10-28T19:00:37.000Z,1
2019-10-28T19:40:23.000Z,1
2019-10-28T20:07:38.000Z,1
2019-10-28T20:48:55.000Z,1
2019-10-28T22:07:17.000Z,1
2019-10-28T22:46:02.000Z,1
2019-10-29T06:51:29.000Z,1
2019-10-29T07:23:14.000Z,1
2019-10-29T07:51:56.000Z,1
2019-10-29T07:53:55.000Z,1
2019-10-29T07:58:18.000Z,1
2019-10-29T08:04:35.000Z,1
2019-10-29T08:09:01.000Z,2
2019-10-29T08:17:56.000Z,1
2019-10-29T08:51:34.000Z,1
2019-10-29T09:52:47.000Z,1
2019-10-29T10:50:27.000Z,1
2019-10-29T11:13:27.000Z,1
2019-10-29T11:25:51.000Z,1
2019-10-29T12:17:03.000Z,1
2019-10-29T12:51:57.000Z,1
2019-10-29T12:57:45.000Z,1
2019-10-29T13:35:22.000Z,1
2019-10-29T14:43:44.000Z,1
2019-10-29T14:59:09.000Z,1
2019-10-29T15:01:09.000Z,1
2019-10-29T15:47:01.000Z,1
2019-10-29T15:47:31.000Z,1
2019-10-29T16:03:22.000Z,1
2019-10-29T16:56:09.000Z,2
2019-10-29T17:02:27.000Z,1
2019-10-29T17:06:49.000Z,1
2019-10-29T17:29:48.000Z,1
2019-10-29T17:32:30.000Z,1
2019-10-29T17:33:43.000Z,1
2019-10-29T17:59:42.000Z,2
2019-10-29T18:01:38.000Z,1
2019-10-29T18:05:04.000Z,1
2019-10-29T18:09:12.000Z,1
2019-10-29T18:19:25.000Z,1
2019-10-29T18:47:44.000Z,2
2019-10-29T19:17:18.000Z,1
2019-10-29T19:55:00.000Z,1
2019-10-29T20:23:48.000Z,1
2019-10-29T20:57:41.000Z,1
2019-10-29T22:15:56.000Z,1
2019-10-29T23:19:14.000Z,1
2019-10-29T23:24:17.000Z,1
2019-10-30T07:14:58.000Z,1
2019-10-30T07:40:23.000Z,1
2019-10-30T08:19:59.000Z,1
2019-10-30T08:27:58.000Z,2
2019-10-30T08:43:22.000Z,1
2019-10-30T11:22:31.000Z,1
2019-10-30T12:19:30.000Z,1
2019-10-30T12:45:25.000Z,1
2019-10-30T13:15:18.000Z,1
2019-10-30T13:58:40.000Z,1
2019-10-30T14:43:51.000Z,1
2019-10-30T15:09:06.000Z,1
2019-10-30T15:50:10.000Z,1
2019-10-30T16:44:40.000Z,1
2019-10-30T16:53:16.000Z,1
2019-10-30T16:56:44.000Z,1
2019-10-30T17:19:56.000Z,1
2019-10-30T17:22:30.000Z,1
2019-10-30T17:27:40.000Z,1
2019-10-30T17:32:10.000Z,2
2019-10-30T17:33:44.000Z,1
2019-10-30T17:35:21.000Z,1
2019-10-30T17:36:32.000Z,1
2019-10-30T18:03:58.000Z,1
2019-10-30T18:06:29.000Z,1
2019-10-30T18:27:52.000Z,1
2019-10-24T07:43:03.000Z,1
2019-10-24T07:54:30.000Z,1
2019-10-24T07:55:04.000Z,1
2019-10-24T08:08:46.000Z,1
2019-10-24T08:08:55.000Z,1
2019-10-24T08:17:29.000Z,1
2019-10-24T08:17:50.000Z,1
2019-10-24T08:21:14.000Z,1
2019-10-24T08:23:55.000Z,1
2019-10-24T08:50:03.000Z,1
2019-10-24T09:02:42.000Z,1
2019-10-24T09:04:06.000Z,1
2019-10-24T09:12:59.000Z,3
2019-10-24T09:33:56.000Z,1
2019-10-24T11:34:01.000Z,1
2019-10-24T12:17:12.000Z,1
2019-10-24T13:50:33.000Z,2
2019-10-24T13:55:11.000Z,1
2019-10-24T17:44:20.000Z,2
2019-10-24T22:27:40.000Z,1
2019-10-24T10:40:30.000Z,1
2019-10-24T10:40:53.000Z,1
2019-10-24T12:12:58.000Z,1
2019-10-24T14:18:18.000Z,1
2019-10-24T15:32:33.000Z,1
2019-10-24T15:58:58.000Z,1
2019-10-24T16:28:42.000Z,1
2019-10-24T16:29:25.000Z,1
2019-10-24T16:34:04.000Z,1
2019-10-24T17:02:56.000Z,1
2019-10-24T17:06:12.000Z,2
2019-10-24T17:10:05.000Z,1
2019-10-24T17:18:48.000Z,1
2019-10-24T17:47:53.000Z,1
2019-10-24T17:48:04.000Z,2
2019-10-24T17:49:29.000Z,1
2019-10-24T18:07:36.000Z,1
2019-10-24T18:19:23.000Z,1
2019-10-24T18:36:26.000Z,1
2019-10-24T19:03:15.000Z,1
2019-10-24T19:45:10.000Z,1
2019-10-24T19:51:42.000Z,1
2019-10-24T20:22:23.000Z,1
2019-10-25T00:42:29.000Z,1
2019-10-25T04:09:16.000Z,1
2019-10-25T05:53:28.000Z,1
2019-10-25T07:51:46.000Z,1
2019-10-25T08:08:10.000Z,1
2019-10-25T08:18:34.000Z,1
2019-10-25T08:23:22.000Z,1
2019-10-25T08:35:00.000Z,2
2019-10-25T08:43:46.000Z,3
2019-10-25T09:14:31.000Z,1
2019-10-25T10:18:02.000Z,1
2019-10-25T10:36:55.000Z,1
2019-10-25T10:44:44.000Z,1
2019-10-25T10:55:17.000Z,1
2019-10-25T11:53:34.000Z,1
2019-10-25T11:55:38.000Z,1
2019-10-25T12:15:35.000Z,1
2019-10-25T12:17:21.000Z,1
2019-10-25T12:19:53.000Z,1
2019-10-25T12:38:32.000Z,1
2019-10-25T14:19:01.000Z,1
2019-10-25T14:32:08.000Z,2
2019-10-25T15:18:18.000Z,1
2019-10-25T15:30:10.000Z,1
2019-10-25T15:37:03.000Z,1
2019-10-25T15:45:11.000Z,1
2019-10-25T15:46:58.000Z,1
2019-10-25T16:00:33.000Z,1
2019-10-25T16:26:03.000Z,2
2019-10-25T16:35:43.000Z,1
2019-10-25T16:47:51.000Z,1
2019-10-25T16:56:03.000Z,1
2019-10-25T17:01:45.000Z,1
2019-10-25T17:06:50.000Z,1
2019-10-25T17:17:01.000Z,2
2019-10-25T17:17:52.000Z,1
2019-10-25T17:22:19.000Z,1
2019-10-25T17:25:14.000Z,1
2019-10-25T17:30:33.000Z,1
2019-10-25T17:35:44.000Z,1
2019-10-25T18:22:44.000Z,1
2019-10-25T18:27:18.000Z,1
2019-10-25T18:47:50.000Z,1
2019-10-25T18:50:18.000Z,1
2019-10-25T19:02:20.000Z,1
2019-10-25T19:18:18.000Z,1
2019-10-25T19:22:50.000Z,1
2019-10-25T19:48:37.000Z,1
2019-10-25T20:10:24.000Z,1
2019-10-25T20:37:59.000Z,1
2019-10-25T21:33:40.000Z,1
2019-10-25T21:45:02.000Z,1
2019-10-25T22:21:11.000Z,1
2019-10-25T22:35:00.000Z,1
2019-10-25T23:52:34.000Z,1
2019-10-26T01:33:29.000Z,1
2019-10-26T06:00:25.000Z,1
2019-10-26T10:01:40.000Z,1
2019-10-26T10:44:00.000Z,1
2019-10-26T11:36:36.000Z,1
2019-10-26T12:37:41.000Z,1
2019-10-26T13:08:32.000Z,1
2019-10-26T13:42:30.000Z,1
2019-10-26T15:43:01.000Z,1
2019-10-26T20:05:19.000Z,1
2019-10-27T05:01:51.000Z,1
2019-10-27T07:54:43.000Z,1
2019-10-27T08:09:19.000Z,1
2019-10-27T08:47:29.000Z,1
2019-10-27T08:50:24.000Z,1
2019-10-27T09:11:25.000Z,1
2019-10-27T09:20:28.000Z,1
2019-10-27T10:19:19.000Z,1
2019-10-27T10:41:18.000Z,1
2019-10-27T11:08:14.000Z,1
2019-10-27T11:09:11.000Z,1
2019-10-27T11:18:16.000Z,1
2019-10-27T11:20:43.000Z,1
2019-10-27T11:26:26.000Z,2
2019-10-27T12:00:59.000Z,1
2019-10-27T12:46:04.000Z,1
2019-10-27T12:51:45.000Z,3
2019-10-27T13:21:00.000Z,1
2019-10-27T13:24:25.000Z,1
2019-10-27T13:26:53.000Z,2
2019-10-27T13:35:15.000Z,2
2019-10-27T13:37:42.000Z,1
2019-10-27T13:39:28.000Z,1
2019-10-27T13:40:36.000Z,1
2019-10-27T14:03:37.000Z,1
2019-10-27T14:15:40.000Z,1
2019-10-27T14:28:52.000Z,1
2019-10-27T14:41:41.000Z,1
2019-10-27T14:46:48.000Z,1
2019-10-27T14:50:21.000Z,1
2019-10-27T15:14:05.000Z,2
2019-10-27T15:25:44.000Z,2
2019-10-27T15:57:10.000Z,1
2019-10-27T16:48:37.000Z,1
2019-10-27T17:18:09.000Z,1
2019-10-27T17:26:07.000Z,1
2019-10-27T17:37:19.000Z,1
2019-10-27T17:52:07.000Z,1
2019-10-27T19:14:15.000Z,1
2019-10-27T21:14:49.000Z,1
2019-10-27T22:03:12.000Z,1
2019-10-27T22:33:50.000Z,1
2019-10-28T00:23:10.000Z,1
2019-10-28T00:43:58.000Z,1
2019-10-28T05:38:42.000Z,1
2019-10-28T05:46:39.000Z,1
2019-10-28T05:51:19.000Z,1
2019-10-28T06:31:19.000Z,1
2019-10-28T06:37:54.000Z,1
2019-10-28T06:42:59.000Z,1
2019-10-28T07:04:48.000Z,1
2019-10-28T07:09:11.000Z,1
2019-10-28T07:13:49.000Z,1
2019-10-28T07:23:54.000Z,1
2019-10-28T07:30:25.000Z,1
2019-10-28T07:36:59.000Z,1
2019-10-28T07:56:08.000Z,1
2019-10-28T08:09:18.000Z,1
2019-10-28T09:07:08.000Z,1
2019-10-28T09:08:55.000Z,1
2019-10-28T09:15:31.000Z,1
2019-10-28T10:07:26.000Z,1
2019-10-28T10:07:57.000Z,1
2019-10-28T10:26:13.000Z,1
2019-10-28T10:28:16.000Z,2
2019-10-28T10:39:36.000Z,1
2019-10-28T10:40:26.000Z,1
2019-10-28T10:46:36.000Z,1
2019-10-28T10:55:31.000Z,1
2019-10-28T11:23:09.000Z,1
2019-10-28T11:46:54.000Z,1
2019-10-28T12:16:10.000Z,1
2019-10-28T12:22:09.000Z,1
2019-10-28T12:37:07.000Z,1
2019-10-28T12:56:26.000Z,1
2019-10-28T13:20:22.000Z,1
2019-10-28T14:22:47.000Z,1
2019-10-28T14:54:50.000Z,1
2019-10-28T15:22:34.000Z,1
2019-10-28T16:09:08.000Z,1
2019-10-28T16:12:04.000Z,1
2019-10-28T16:34:16.000Z,1
2019-10-28T16:52:09.000Z,1
2019-10-28T16:58:52.000Z,1
2019-10-28T17:01:24.000Z,2
2019-10-28T17:07:49.000Z,1
2019-10-28T17:12:48.000Z,3
2019-10-28T17:17:51.000Z,2
2019-10-28T17:27:55.000Z,2
2019-10-28T17:29:41.000Z,1
2019-10-28T17:30:36.000Z,1
2019-10-28T17:59:40.000Z,2
2019-10-28T17:59:44.000Z,2
2019-10-28T18:06:52.000Z,2
2019-10-28T18:54:23.000Z,1
2019-10-28T19:25:02.000Z,1
2019-10-28T19:50:12.000Z,1
2019-10-28T20:45:44.000Z,1
2019-10-28T20:53:11.000Z,1
2019-10-28T21:12:47.000Z,1
2019-10-28T21:14:08.000Z,1
2019-10-29T00:33:23.000Z,1
2019-10-29T06:22:06.000Z,1
2019-10-29T06:37:43.000Z,1
2019-10-29T07:05:56.000Z,1
2019-10-29T07:22:03.000Z,1
2019-10-29T07:30:39.000Z,1
2019-10-29T08:04:41.000Z,1
2019-10-29T08:06:24.000Z,2
2019-10-29T08:06:51.000Z,1
2019-10-29T08:13:50.000Z,1
2019-10-29T08:38:29.000Z,1
2019-10-29T08:48:32.000Z,1
2019-10-29T08:49:12.000Z,1
2019-10-29T09:14:38.000Z,1
2019-10-29T11:06:20.000Z,1
2019-10-29T12:26:50.000Z,1
2019-10-29T13:19:50.000Z,1
2019-10-29T13:40:40.000Z,1
2019-10-29T14:35:39.000Z,1
2019-10-29T15:11:32.000Z,1
2019-10-29T15:20:01.000Z,1
2019-10-29T15:47:40.000Z,1
2019-10-29T16:14:59.000Z,1
2019-10-29T16:19:43.000Z,1
2019-10-29T16:39:55.000Z,1
2019-10-29T16:42:13.000Z,1
2019-10-29T16:46:47.000Z,1
2019-10-29T16:53:46.000Z,1
2019-10-29T16:55:25.000Z,1
2019-10-29T17:51:10.000Z,1
2019-10-29T17:51:35.000Z,1
2019-10-29T18:13:43.000Z,1
2019-10-29T18:55:30.000Z,2
2019-10-29T19:04:47.000Z,1
2019-10-29T19:08:33.000Z,1
2019-10-29T19:42:22.000Z,1
2019-10-29T20:40:45.000Z,1
2019-10-29T20:56:56.000Z,1
2019-10-29T21:40:43.000Z,1
2019-10-29T21:47:13.000Z,1
2019-10-29T21:47:44.000Z,1
2019-10-29T23:37:37.000Z,1
2019-10-30T07:40:20.000Z,1
2019-10-30T07:55:56.000Z,1
2019-10-30T08:37:15.000Z,1
2019-10-30T10:22:46.000Z,1
2019-10-30T12:22:08.000Z,1
2019-10-30T13:08:33.000Z,1
2019-10-30T13:41:53.000Z,1
2019-10-30T14:41:36.000Z,1
2019-10-30T16:30:58.000Z,2
2019-10-30T16:46:40.000Z,1
2019-10-30T16:49:44.000Z,1
2019-10-30T16:53:23.000Z,1
2019-10-30T16:56:30.000Z,1
2019-10-30T17:04:07.000Z,1
2019-10-30T17:24:35.000Z,1
2019-10-30T17:34:58.000Z,1
2019-10-30T17:48:10.000Z,2
2019-10-30T18:04:14.000Z,1
2019-10-30T18:13:58.000Z,1
2019-10-30T18:34:31.000Z,1
2019-10-30T18:54:55.000Z,1
2019-10-24T08:26:20.000Z,1
2019-10-24T08:36:40.000Z,1
2019-10-24T08:38:56.000Z,1
2019-10-24T08:59:11.000Z,1
2019-10-24T09:12:54.000Z,1
2019-10-24T10:17:01.000Z,1
2019-10-24T11:32:31.000Z,1
2019-10-24T13:23:25.000Z,1
2019-10-24T14:17:20.000Z,1
2019-10-24T14:55:25.000Z,1
2019-10-24T15:11:58.000Z,1
2019-10-24T15:49:40.000Z,1
2019-10-24T16:26:04.000Z,1
2019-10-24T16:59:41.000Z,1
2019-10-24T17:05:22.000Z,2
2019-10-24T17:28:55.000Z,2
2019-10-24T17:41:44.000Z,1
2019-10-24T11:46:59.000Z,1
2019-10-24T11:54:02.000Z,1
2019-10-24T12:49:38.000Z,1
2019-10-24T13:25:52.000Z,1
2019-10-24T13:44:54.000Z,1
2019-10-24T13:53:24.000Z,1
2019-10-24T14:19:50.000Z,1
2019-10-24T15:10:15.000Z,1
2019-10-24T15:11:48.000Z,1
2019-10-24T15:13:44.000Z,1
2019-10-24T15:42:48.000Z,1
2019-10-24T16:04:04.000Z,1
2019-10-24T17:08:12.000Z,1
2019-10-24T17:12:06.000Z,1
2019-10-24T17:17:19.000Z,1
2019-10-24T17:20:36.000Z,1
2019-10-24T17:28:00.000Z,1
2019-10-24T17:43:02.000Z,1
2019-10-24T17:51:41.000Z,3
2019-10-24T18:02:48.000Z,2
2019-10-24T18:23:21.000Z,1
2019-10-24T18:31:59.000Z,1
2019-10-24T18:59:58.000Z,1
2019-10-24T19:00:27.000Z,1
2019-10-24T19:10:01.000Z,1
2019-10-24T19:15:05.000Z,1
2019-10-24T20:10:27.000Z,1
2019-10-24T22:02:50.000Z,1
2019-10-24T23:44:15.000Z,1
2019-10-24T23:56:47.000Z,1
2019-10-25T05:37:14.000Z,1
2019-10-25T05:39:54.000Z,1
2019-10-25T05:41:53.000Z,1
2019-10-25T06:37:50.000Z,1
2019-10-25T06:46:36.000Z,1
2019-10-25T07:04:53.000Z,1
2019-10-25T07:21:23.000Z,1
2019-10-25T07:38:10.000Z,1
2019-10-25T07:54:36.000Z,1
2019-10-25T08:01:00.000Z,2
2019-10-25T08:01:34.000Z,1
2019-10-25T08:02:01.000Z,2
2019-10-25T08:06:09.000Z,1
2019-10-25T08:07:12.000Z,1
2019-10-25T08:11:04.000Z,1
2019-10-25T08:13:56.000Z,1
2019-10-25T08:22:27.000Z,3
2019-10-25T08:34:06.000Z,1
2019-10-25T08:50:57.000Z,1
2019-10-25T09:00:31.000Z,1
2019-10-25T09:04:45.000Z,1
2019-10-25T09:25:30.000Z,1
2019-10-25T09:45:30.000Z,2
2019-10-25T12:40:07.000Z,1
2019-10-25T13:08:15.000Z,1
2019-10-25T13:13:50.000Z,1
2019-10-25T13:45:17.000Z,1
2019-10-25T14:00:49.000Z,1
2019-10-25T14:24:15.000Z,1
2019-10-25T14:55:26.000Z,1
2019-10-25T15:31:19.000Z,1
2019-10-25T15:40:57.000Z,1
2019-10-25T15:43:08.000Z,1
2019-10-25T15:53:11.000Z,1
2019-10-25T15:53:46.000Z,1
2019-10-25T16:16:09.000Z,1
2019-10-25T16:33:33.000Z,1
2019-10-25T16:35:41.000Z,1
2019-10-25T16:37:41.000Z,1
2019-10-25T16:44:55.000Z,1
2019-10-25T17:10:32.000Z,2
2019-10-25T17:18:18.000Z,1
2019-10-25T17:33:08.000Z,1
2019-10-25T17:38:31.000Z,1
2019-10-25T17:58:36.000Z,1
2019-10-25T18:03:01.000Z,1
2019-10-25T18:14:50.000Z,1
2019-10-25T18:20:15.000Z,1
2019-10-25T18:21:38.000Z,1
2019-10-25T18:28:08.000Z,1
2019-10-25T19:04:38.000Z,1
2019-10-25T19:05:24.000Z,1
2019-10-25T19:48:05.000Z,1
2019-10-25T20:04:27.000Z,1
2019-10-25T20:09:44.000Z,1
2019-10-25T20:36:50.000Z,1
2019-10-25T20:48:07.000Z,1
2019-10-25T23:16:57.000Z,1
2019-10-26T05:37:31.000Z,1
2019-10-26T07:12:01.000Z,1
2019-10-26T07:34:44.000Z,1
2019-10-26T07:52:37.000Z,1
2019-10-26T09:15:39.000Z,1
2019-10-26T09:51:32.000Z,1
2019-10-26T10:09:08.000Z,1
2019-10-26T10:31:30.000Z,2
2019-10-26T10:45:02.000Z,1
2019-10-26T11:06:23.000Z,1
2019-10-26T11:48:29.000Z,1
2019-10-26T11:59:06.000Z,1
2019-10-26T12:00:46.000Z,1
2019-10-26T14:08:36.000Z,1
2019-10-26T14:38:08.000Z,1
2019-10-27T02:07:18.000Z,1
2019-10-27T03:07:53.000Z,1
2019-10-27T06:06:22.000Z,1
2019-10-27T10:02:58.000Z,1
2019-10-27T10:15:50.000Z,1
2019-10-27T10:36:10.000Z,1
2019-10-27T10:41:04.000Z,1
2019-10-27T10:59:09.000Z,1
2019-10-27T11:01:24.000Z,2
2019-10-27T11:15:59.000Z,1
2019-10-27T11:46:12.000Z,1
2019-10-27T12:06:44.000Z,1
2019-10-27T12:30:54.000Z,1
2019-10-27T12:34:38.000Z,2
2019-10-27T12:38:34.000Z,2
2019-10-27T12:45:58.000Z,2
2019-10-27T13:08:24.000Z,1
2019-10-27T13:14:42.000Z,1
2019-10-27T13:46:43.000Z,1
2019-10-27T14:04:58.000Z,1
2019-10-27T14:21:11.000Z,1
2019-10-27T14:33:32.000Z,2
2019-10-27T14:41:12.000Z,1
2019-10-27T14:52:15.000Z,1
2019-10-27T15:36:12.000Z,1
2019-10-27T16:04:29.000Z,2
2019-10-27T16:13:06.000Z,1
2019-10-27T16:17:23.000Z,1
2019-10-27T16:53:07.000Z,1
2019-10-27T17:13:22.000Z,1
2019-10-27T17:39:09.000Z,1
2019-10-27T17:52:20.000Z,1
2019-10-27T17:57:39.000Z,2
2019-10-27T18:40:08.000Z,1
2019-10-27T18:46:51.000Z,1
2019-10-27T19:52:39.000Z,1
2019-10-27T20:44:22.000Z,1
2019-10-27T22:04:25.000Z,1
2019-10-27T23:39:07.000Z,1
2019-10-28T00:21:52.000Z,1
2019-10-28T05:34:15.000Z,1
2019-10-28T06:05:15.000Z,1
2019-10-28T07:34:41.000Z,1
2019-10-28T08:19:51.000Z,2
2019-10-28T08:21:56.000Z,1
2019-10-28T08:39:17.000Z,1
2019-10-28T08:39:53.000Z,2
2019-10-28T08:51:06.000Z,1
2019-10-28T08:58:15.000Z,1
2019-10-28T09:08:06.000Z,1
2019-10-28T09:33:59.000Z,1
2019-10-28T10:03:45.000Z,1
2019-10-28T10:15:36.000Z,1
2019-10-28T10:23:05.000Z,1
2019-10-28T10:46:13.000Z,1
2019-10-28T11:23:47.000Z,1
2019-10-28T12:01:08.000Z,1
2019-10-28T12:21:38.000Z,1
2019-10-28T12:38:41.000Z,1
2019-10-28T13:22:48.000Z,1
2019-10-28T13:24:20.000Z,1
2019-10-28T13:34:08.000Z,1
2019-10-28T14:34:02.000Z,1
2019-10-28T14:40:37.000Z,1
2019-10-28T14:56:31.000Z,1
2019-10-28T15:07:51.000Z,1
2019-10-28T15:29:06.000Z,1
2019-10-28T15:58:42.000Z,1
2019-10-28T16:08:25.000Z,1
2019-10-28T16:43:07.000Z,2
2019-10-28T16:43:23.000Z,2
2019-10-28T16:52:12.000Z,2
2019-10-28T17:05:47.000Z,2
2019-10-28T17:07:40.000Z,1
2019-10-28T17:09:50.000Z,2
2019-10-28T17:16:40.000Z,1
2019-10-28T17:19:10.000Z,1
2019-10-28T17:52:59.000Z,1
2019-10-28T18:17:25.000Z,2
2019-10-28T18:21:23.000Z,1
2019-10-28T18:24:23.000Z,1
2019-10-28T18:32:03.000Z,1
2019-10-28T18:32:09.000Z,1
2019-10-28T18:43:01.000Z,1
2019-10-28T18:58:46.000Z,1
2019-10-28T19:06:51.000Z,1
2019-10-28T19:40:04.000Z,1
2019-10-28T19:57:02.000Z,1
2019-10-28T20:24:41.000Z,1
2019-10-28T20:41:14.000Z,1
2019-10-29T06:08:40.000Z,1
2019-10-29T07:54:40.000Z,1
2019-10-29T08:11:42.000Z,1
2019-10-29T08:56:18.000Z,1
2019-10-29T09:00:11.000Z,2
2019-10-29T09:02:49.000Z,1
2019-10-29T09:16:36.000Z,1
2019-10-29T10:23:23.000Z,1
2019-10-29T10:40:03.000Z,1
2019-10-29T10:55:45.000Z,1
2019-10-29T10:59:01.000Z,1
2019-10-29T12:13:51.000Z,1
2019-10-29T12:49:59.000Z,1
2019-10-29T13:04:13.000Z,1
2019-10-29T13:12:26.000Z,1
2019-10-29T13:34:25.000Z,1
2019-10-29T13:42:54.000Z,1
2019-10-29T15:07:53.000Z,1
2019-10-29T16:27:46.000Z,1
2019-10-29T16:28:32.000Z,1
2019-10-29T16:29:18.000Z,1
2019-10-29T16:45:18.000Z,1
2019-10-29T16:53:34.000Z,1
2019-10-29T16:56:06.000Z,1
2019-10-29T17:05:38.000Z,1
2019-10-29T17:20:36.000Z,2
2019-10-29T17:29:01.000Z,1
2019-10-29T17:29:37.000Z,1
2019-10-29T17:31:37.000Z,2
2019-10-29T17:37:58.000Z,1
2019-10-29T17:46:03.000Z,1
2019-10-29T18:02:17.000Z,2
2019-10-29T18:05:09.000Z,1
2019-10-29T18:06:50.000Z,2
2019-10-29T18:06:58.000Z,1
2019-10-29T18:07:13.000Z,1
2019-10-29T18:09:28.000Z,1
2019-10-29T18:14:07.000Z,1
2019-10-29T18:17:39.000Z,1
2019-10-29T18:22:33.000Z,1
2019-10-29T18:29:07.000Z,1
2019-10-29T18:45:04.000Z,1
2019-10-29T18:55:08.000Z,1
2019-10-29T21:13:21.000Z,1
2019-10-29T23:11:17.000Z,1
2019-10-30T08:20:43.000Z,1
2019-10-30T08:40:52.000Z,1
2019-10-30T12:27:25.000Z,2
2019-10-30T12:50:04.000Z,1
2019-10-30T13:11:27.000Z,1
2019-10-30T14:09:38.000Z,1
2019-10-30T14:15:48.000Z,1
2019-10-30T14:17:43.000Z,1
2019-10-30T14:31:10.000Z,1
2019-10-30T16:27:42.000Z,1
2019-10-30T16:46:15.000Z,1
2019-10-30T16:55:44.000Z,1
2019-10-30T17:07:53.000Z,1
2019-10-30T17:15:42.000Z,1
2019-10-30T17:29:16.000Z,1
2019-10-30T18:10:45.000Z,1
2019-10-30T18:15:07.000Z,1
2019-10-30T18:15:26.000Z,1
2019-10-30T18:40:48.000Z,1
2019-10-30T18:53:04.000Z,1
2019-10-24T08:16:51.000Z,1
2019-10-24T08:33:43.000Z,2
2019-10-24T08:57:32.000Z,1
2019-10-24T09:14:21.000Z,1
2019-10-24T09:19:06.000Z,1
2019-10-24T10:16:41.000Z,1
2019-10-24T11:42:21.000Z,1
2019-10-24T12:01:28.000Z,1
2019-10-24T12:10:25.000Z,1
2019-10-24T12:49:17.000Z,1
2019-10-24T13:15:04.000Z,1
2019-10-24T14:27:08.000Z,1
2019-10-24T14:57:13.000Z,1
2019-10-24T14:59:56.000Z,1
2019-10-24T15:08:26.000Z,1
2019-10-24T16:02:10.000Z,1
2019-10-24T17:29:58.000Z,1
2019-10-24T17:53:43.000Z,3
2019-10-24T17:56:35.000Z,1
2019-10-25T09:04:03.000Z,1
2019-10-24T09:21:07.000Z,1
2019-10-24T11:34:41.000Z,1
2019-10-24T12:07:41.000Z,1
2019-10-24T15:05:25.000Z,1
2019-10-24T15:46:59.000Z,1
2019-10-24T15:56:06.000Z,1
2019-10-24T16:10:33.000Z,2
2019-10-24T16:48:51.000Z,1
2019-10-24T16:52:32.000Z,2
2019-10-24T17:06:49.000Z,1
2019-10-24T17:10:03.000Z,1
2019-10-24T17:33:41.000Z,1
2019-10-24T17:40:57.000Z,1
2019-10-24T17:54:26.000Z,1
2019-10-24T17:54:35.000Z,1
2019-10-24T18:11:53.000Z,1
2019-10-24T18:29:54.000Z,3
2019-10-24T18:41:22.000Z,1
2019-10-24T18:57:14.000Z,1
2019-10-24T19:12:43.000Z,1
2019-10-24T19:20:50.000Z,1
2019-10-24T20:11:25.000Z,1
2019-10-24T20:27:32.000Z,1
2019-10-24T20:29:00.000Z,2
2019-10-24T20:42:42.000Z,1
2019-10-24T21:12:59.000Z,1
2019-10-24T21:47:26.000Z,1
2019-10-24T22:53:14.000Z,1
2019-10-25T05:55:54.000Z,1
2019-10-25T06:00:44.000Z,1
2019-10-25T06:13:14.000Z,1
2019-10-25T06:16:09.000Z,1
2019-10-25T06:28:04.000Z,1
2019-10-25T07:02:18.000Z,1
2019-10-25T07:02:51.000Z,1
2019-10-25T07:07:22.000Z,1
2019-10-25T07:32:18.000Z,2
2019-10-25T07:38:54.000Z,1
2019-10-25T07:39:37.000Z,1
2019-10-25T08:05:51.000Z,1
2019-10-25T08:08:47.000Z,1
2019-10-25T08:09:15.000Z,1
2019-10-25T08:17:10.000Z,1
2019-10-25T08:48:01.000Z,1
2019-10-25T09:01:47.000Z,1
2019-10-25T11:25:49.000Z,1
2019-10-25T11:40:59.000Z,2
2019-10-25T11:55:10.000Z,1
2019-10-25T12:24:01.000Z,1
2019-10-25T13:06:24.000Z,1
2019-10-25T13:52:35.000Z,1
2019-10-25T13:56:51.000Z,1
2019-10-25T14:38:03.000Z,1
2019-10-25T15:32:01.000Z,1
2019-10-25T15:34:29.000Z,2
2019-10-25T16:30:51.000Z,1
2019-10-25T16:42:06.000Z,3
2019-10-25T16:53:58.000Z,1
2019-10-25T17:05:33.000Z,3
2019-10-25T17:14:45.000Z,1
2019-10-25T17:16:17.000Z,1
2019-10-25T17:18:38.000Z,1
2019-10-25T17:23:25.000Z,2
2019-10-25T17:23:48.000Z,3
2019-10-25T17:32:13.000Z,1
2019-10-25T17:33:03.000Z,1
2019-10-25T17:36:51.000Z,1
2019-10-25T17:42:33.000Z,2
2019-10-25T17:45:05.000Z,1
2019-10-25T18:03:30.000Z,1
2019-10-25T18:10:58.000Z,1
2019-10-25T18:12:53.000Z,1
2019-10-25T18:20:10.000Z,1
2019-10-25T18:23:38.000Z,1
2019-10-25T18:36:38.000Z,1
2019-10-25T18:52:35.000Z,1
2019-10-25T19:48:40.000Z,1
2019-10-25T20:38:43.000Z,1
2019-10-25T22:27:28.000Z,1
2019-10-25T22:27:52.000Z,1
2019-10-25T23:01:48.000Z,1
2019-10-26T03:07:07.000Z,1
2019-10-26T07:11:36.000Z,1
2019-10-26T08:26:33.000Z,1
2019-10-26T08:44:27.000Z,1
2019-10-26T09:06:27.000Z,1
2019-10-26T09:29:36.000Z,2
2019-10-26T09:47:29.000Z,1
2019-10-26T10:10:13.000Z,1
2019-10-26T10:58:59.000Z,1
2019-10-26T11:33:15.000Z,1
2019-10-26T12:14:46.000Z,1
2019-10-26T12:30:07.000Z,1
2019-10-26T12:30:02.000Z,1
2019-10-26T13:56:47.000Z,1
2019-10-26T21:43:44.000Z,1
2019-10-27T08:05:08.000Z,1
2019-10-27T08:31:03.000Z,2
2019-10-27T09:57:35.000Z,3
2019-10-27T10:03:40.000Z,1
2019-10-27T10:12:47.000Z,1
2019-10-27T10:14:43.000Z,1
2019-10-27T10:16:15.000Z,1
2019-10-27T11:33:50.000Z,1
2019-10-27T11:34:27.000Z,1
2019-10-27T11:45:10.000Z,1
2019-10-27T11:48:29.000Z,1
2019-10-27T11:51:33.000Z,1
2019-10-27T12:28:18.000Z,1
2019-10-27T12:34:25.000Z,1
2019-10-27T12:57:27.000Z,1
2019-10-27T13:04:37.000Z,1
2019-10-27T13:41:36.000Z,1
2019-10-27T13:54:58.000Z,1
2019-10-27T14:03:14.000Z,1
2019-10-27T14:14:44.000Z,2
2019-10-27T15:22:02.000Z,1
2019-10-27T15:39:26.000Z,1
2019-10-27T15:57:12.000Z,1
2019-10-27T16:04:13.000Z,1
2019-10-27T16:08:45.000Z,1
2019-10-27T16:09:05.000Z,1
2019-10-27T16:09:33.000Z,1
2019-10-27T16:19:34.000Z,1
2019-10-27T16:31:08.000Z,1
2019-10-27T16:49:23.000Z,1
2019-10-27T16:51:15.000Z,1
2019-10-27T16:57:14.000Z,1
2019-10-27T17:12:00.000Z,1
2019-10-27T17:30:54.000Z,1
2019-10-27T17:37:57.000Z,1
2019-10-27T17:40:20.000Z,1
2019-10-27T17:40:41.000Z,1
2019-10-27T17:45:08.000Z,1
2019-10-27T18:30:39.000Z,1
2019-10-27T18:35:06.000Z,1
2019-10-27T19:01:10.000Z,1
2019-10-27T19:07:27.000Z,1
2019-10-27T19:20:36.000Z,1
2019-10-27T19:29:57.000Z,1
2019-10-27T19:49:20.000Z,1
2019-10-27T20:15:58.000Z,1
2019-10-27T20:41:46.000Z,1
2019-10-27T23:33:18.000Z,1
2019-10-28T00:05:38.000Z,1
2019-10-28T05:43:55.000Z,1
2019-10-28T06:49:21.000Z,1
2019-10-28T07:04:02.000Z,1
2019-10-28T07:09:08.000Z,1
2019-10-28T07:31:00.000Z,1
2019-10-28T07:35:24.000Z,1
2019-10-28T07:43:10.000Z,1
2019-10-28T07:52:34.000Z,1
2019-10-28T07:58:40.000Z,1
2019-10-28T07:59:39.000Z,1
2019-10-28T08:02:56.000Z,1
2019-10-28T08:10:31.000Z,1
2019-10-28T08:14:53.000Z,1
2019-10-28T08:32:03.000Z,1
2019-10-28T08:46:40.000Z,1
2019-10-28T08:48:33.000Z,1
2019-10-28T09:07:21.000Z,1
2019-10-28T09:12:40.000Z,1
2019-10-28T09:56:15.000Z,2
2019-10-28T11:04:50.000Z,1
2019-10-28T11:17:29.000Z,1
2019-10-28T11:37:38.000Z,1
2019-10-28T11:39:23.000Z,1
2019-10-28T12:13:59.000Z,1
2019-10-28T14:20:49.000Z,1
2019-10-28T14:32:38.000Z,1
2019-10-28T15:10:26.000Z,1
2019-10-28T15:32:41.000Z,1
2019-10-28T15:34:30.000Z,1
2019-10-28T15:38:06.000Z,1
2019-10-28T16:00:18.000Z,1
2019-10-28T16:09:34.000Z,1
2019-10-28T16:47:47.000Z,2
2019-10-28T16:59:22.000Z,2
2019-10-28T17:01:47.000Z,1
2019-10-28T17:03:11.000Z,1
2019-10-28T17:12:18.000Z,1
2019-10-28T17:16:41.000Z,1
2019-10-28T17:20:27.000Z,1
2019-10-28T17:26:30.000Z,1
2019-10-28T17:49:56.000Z,2
2019-10-28T17:55:10.000Z,1
2019-10-28T18:12:19.000Z,1
2019-10-28T18:20:00.000Z,1
2019-10-28T18:37:24.000Z,1
2019-10-28T18:47:31.000Z,1
2019-10-28T19:10:21.000Z,1
2019-10-28T19:16:22.000Z,1
2019-10-28T19:44:20.000Z,1
2019-10-28T19:46:39.000Z,1
2019-10-28T21:53:56.000Z,1
2019-10-28T22:22:00.000Z,1
2019-10-28T22:48:43.000Z,1
2019-10-29T06:00:55.000Z,1
2019-10-29T07:34:30.000Z,1
2019-10-29T07:41:47.000Z,1
2019-10-29T07:48:38.000Z,1
2019-10-29T07:50:46.000Z,1
2019-10-29T07:52:23.000Z,1
2019-10-29T07:52:29.000Z,1
2019-10-29T07:54:03.000Z,1
2019-10-29T08:09:50.000Z,2
2019-10-29T08:15:45.000Z,1
2019-10-29T08:17:30.000Z,1
2019-10-29T08:21:39.000Z,1
2019-10-29T08:30:05.000Z,1
2019-10-29T08:42:05.000Z,1
2019-10-29T08:49:35.000Z,1
2019-10-29T08:58:06.000Z,1
2019-10-29T09:08:57.000Z,1
2019-10-29T10:13:35.000Z,1
2019-10-29T11:41:37.000Z,1
2019-10-29T12:12:41.000Z,1
2019-10-29T13:20:06.000Z,1
2019-10-29T13:37:44.000Z,1
2019-10-29T13:42:33.000Z,1
2019-10-29T14:00:24.000Z,1
2019-10-29T14:04:53.000Z,1
2019-10-29T14:41:27.000Z,1
2019-10-29T15:22:29.000Z,2
2019-10-29T15:34:34.000Z,1
2019-10-29T15:48:03.000Z,1
2019-10-29T15:57:46.000Z,1
2019-10-29T16:04:33.000Z,1
2019-10-29T16:10:44.000Z,4
2019-10-29T16:16:41.000Z,2
2019-10-29T16:18:41.000Z,1
2019-10-29T16:24:49.000Z,1
2019-10-29T17:09:24.000Z,1
2019-10-29T17:14:45.000Z,2
2019-10-29T17:15:45.000Z,1
2019-10-29T17:19:34.000Z,1
2019-10-29T17:19:45.000Z,1
2019-10-29T17:20:18.000Z,1
2019-10-29T17:20:49.000Z,1
2019-10-29T17:24:21.000Z,1
2019-10-29T17:33:25.000Z,1
2019-10-29T17:48:40.000Z,1
2019-10-29T17:51:28.000Z,3
2019-10-29T17:51:41.000Z,1
2019-10-29T17:54:27.000Z,1
2019-10-29T18:01:02.000Z,1
2019-10-29T18:06:48.000Z,1
2019-10-29T19:27:51.000Z,2
2019-10-29T19:31:11.000Z,1
2019-10-29T19:37:52.000Z,1
2019-10-29T19:40:36.000Z,2
2019-10-29T20:01:01.000Z,1
2019-10-29T20:39:25.000Z,1
2019-10-29T21:03:45.000Z,1
2019-10-29T23:18:40.000Z,1
2019-10-29T23:49:31.000Z,1
2019-10-30T07:38:29.000Z,1
2019-10-30T08:15:53.000Z,1
2019-10-30T08:33:33.000Z,1
2019-10-30T08:37:52.000Z,1
2019-10-30T09:03:52.000Z,1
2019-10-30T12:39:21.000Z,1
2019-10-30T13:15:13.000Z,1
2019-10-30T15:28:16.000Z,1
2019-10-30T16:08:11.000Z,1
2019-10-30T16:25:19.000Z,1
2019-10-30T16:33:02.000Z,1
2019-10-30T16:53:09.000Z,1
2019-10-30T16:53:28.000Z,1
2019-10-30T17:18:25.000Z,1
2019-10-30T17:34:12.000Z,1
2019-10-30T17:35:55.000Z,1
2019-10-30T17:53:25.000Z,1
2019-10-30T17:59:56.000Z,1
2019-10-30T18:04:07.000Z,1
2019-10-30T18:30:44.000Z,1
2019-10-30T18:47:21.000Z,1
2019-10-30T19:19:47.000Z,1
2019-10-30T20:05:42.000Z,1
2019-10-30T21:27:17.000Z,1
2019-10-30T21:29:25.000Z,1
2019-10-30T22:33:23.000Z,1
2019-10-31T07:13:36.000Z,1
2019-10-31T08:24:33.000Z,1
2019-10-31T08:57:14.000Z,1
2019-10-31T13:35:13.000Z,1
2019-10-31T15:24:00.000Z,1
2019-10-31T16:40:58.000Z,1
2019-10-31T17:27:29.000Z,1
2019-10-31T18:38:17.000Z,1
2019-10-31T20:35:10.000Z,1
2019-11-01T09:08:03.000Z,1
2019-11-01T09:29:53.000Z,1
2019-10-31T09:48:36.000Z,1
2019-10-31T15:25:55.000Z,1
2019-10-31T23:59:41.000Z,1
2019-11-01T05:43:27.000Z,1
2019-11-01T07:11:42.000Z,1
2019-11-01T07:42:06.000Z,1
2019-11-01T07:45:17.000Z,1
2019-11-01T08:47:35.000Z,1
2019-11-01T09:51:00.000Z,1
2019-11-01T10:08:14.000Z,1
2019-11-01T12:17:52.000Z,1
2019-11-01T12:35:09.000Z,1
2019-11-01T13:31:21.000Z,1
2019-11-01T15:07:33.000Z,1
2019-11-01T15:09:11.000Z,2
2019-11-01T16:19:15.000Z,3
2019-11-01T16:35:22.000Z,2
2019-11-01T16:53:14.000Z,1
2019-11-01T16:58:01.000Z,1
2019-11-01T17:18:03.000Z,1
2019-11-01T17:23:56.000Z,1
2019-11-01T17:35:23.000Z,1
2019-11-01T18:24:03.000Z,1
2019-11-01T18:36:31.000Z,1
2019-11-01T19:16:10.000Z,1
2019-11-01T19:51:46.000Z,1
2019-11-01T20:02:56.000Z,1
2019-11-01T20:38:20.000Z,1
2019-11-01T21:10:37.000Z,1
2019-11-02T00:07:31.000Z,1
2019-11-02T04:11:26.000Z,1
2019-11-02T08:06:41.000Z,1
2019-11-02T11:26:18.000Z,1
2019-11-02T11:32:28.000Z,1
2019-11-02T12:33:36.000Z,1
2019-11-02T12:59:01.000Z,1
2019-11-02T13:23:03.000Z,1
2019-11-02T14:26:14.000Z,1
2019-11-02T14:53:52.000Z,1
2019-11-02T15:40:19.000Z,1
2019-11-02T15:47:56.000Z,1
2019-11-02T16:02:36.000Z,1
2019-11-02T16:19:37.000Z,1
2019-11-02T16:22:47.000Z,1
2019-11-02T17:24:28.000Z,1
2019-11-02T17:48:05.000Z,1
2019-11-02T18:03:08.000Z,1
2019-11-02T19:22:07.000Z,1
2019-11-02T20:51:15.000Z,1
2019-11-03T00:16:13.000Z,1
2019-11-03T00:22:03.000Z,1
2019-11-03T03:09:47.000Z,1
2019-11-03T08:45:14.000Z,1
2019-11-03T08:55:39.000Z,1
2019-11-03T09:13:25.000Z,2
2019-11-03T10:30:44.000Z,1
2019-11-03T11:34:44.000Z,1
2019-11-03T12:40:39.000Z,1
2019-11-03T14:05:24.000Z,1
2019-11-03T14:24:16.000Z,1
2019-11-03T14:44:29.000Z,1
2019-11-03T14:55:23.000Z,1
2019-11-03T16:28:42.000Z,1
2019-11-03T17:05:38.000Z,1
2019-11-03T17:14:12.000Z,1
2019-11-03T17:36:09.000Z,1
2019-11-03T18:16:10.000Z,1
2019-11-03T18:28:01.000Z,1
2019-11-03T18:45:37.000Z,1
2019-11-03T19:18:48.000Z,1
2019-11-03T19:31:53.000Z,1
2019-11-03T19:32:32.000Z,1
2019-11-03T20:22:07.000Z,1
2019-11-03T20:46:14.000Z,1
2019-11-03T21:09:38.000Z,1
2019-11-04T05:00:15.000Z,1
2019-11-04T06:16:26.000Z,1
2019-11-04T06:53:10.000Z,1
2019-11-04T07:06:06.000Z,1
2019-11-04T07:08:53.000Z,1
2019-11-04T07:14:52.000Z,1
2019-11-04T07:17:33.000Z,1
2019-11-04T07:27:10.000Z,1
2019-11-04T07:37:03.000Z,1
2019-11-04T07:41:22.000Z,1
2019-11-04T07:42:00.000Z,1
2019-11-04T07:47:36.000Z,3
2019-11-04T07:50:53.000Z,2
2019-11-04T07:54:49.000Z,1
2019-11-04T08:09:36.000Z,1
2019-11-04T08:11:46.000Z,2
2019-11-04T08:18:31.000Z,2
2019-11-04T08:35:33.000Z,1
2019-11-04T08:39:55.000Z,1
2019-11-04T08:48:06.000Z,1
2019-11-04T08:57:25.000Z,1
2019-11-04T09:06:51.000Z,1
2019-11-04T10:56:21.000Z,1
2019-11-04T12:13:29.000Z,1
2019-11-04T12:30:30.000Z,1
2019-11-04T13:32:51.000Z,1
2019-11-04T14:05:54.000Z,1
2019-11-04T15:17:48.000Z,2
2019-11-04T15:40:12.000Z,1
2019-11-04T15:58:29.000Z,1
2019-11-04T16:09:55.000Z,1
2019-11-04T16:17:13.000Z,1
2019-11-04T16:34:27.000Z,1
2019-11-04T16:37:01.000Z,1
2019-11-04T16:43:42.000Z,1
2019-11-04T16:48:27.000Z,1
2019-11-04T16:49:24.000Z,2
2019-11-04T17:03:22.000Z,2
2019-11-04T17:07:21.000Z,1
2019-11-04T17:17:07.000Z,1
2019-11-04T17:17:18.000Z,2
2019-11-04T17:35:46.000Z,1
2019-11-04T17:37:49.000Z,1
2019-11-04T17:39:34.000Z,1
2019-11-04T17:40:53.000Z,1
2019-11-04T17:49:49.000Z,1
2019-11-04T18:12:48.000Z,1
2019-11-04T18:58:34.000Z,1
2019-11-04T19:06:45.000Z,1
2019-11-04T19:33:29.000Z,2
2019-11-04T20:42:33.000Z,1
2019-11-05T05:33:25.000Z,1
2019-11-05T06:43:13.000Z,1
2019-11-05T07:44:08.000Z,1
2019-11-05T08:07:19.000Z,1
2019-11-05T08:40:47.000Z,1
2019-11-05T08:42:06.000Z,1
2019-11-05T08:55:41.000Z,1
2019-11-05T09:04:17.000Z,1
2019-11-05T12:01:45.000Z,1
2019-11-05T12:02:04.000Z,1
2019-11-05T13:27:12.000Z,1
2019-11-05T13:36:07.000Z,1
2019-11-05T13:40:21.000Z,1
2019-11-05T13:58:07.000Z,1
2019-11-05T14:27:18.000Z,2
2019-11-05T14:52:59.000Z,1
2019-11-05T15:06:31.000Z,1
2019-11-05T15:47:51.000Z,1
2019-11-05T15:58:54.000Z,1
2019-11-05T16:04:53.000Z,1
2019-11-05T16:09:17.000Z,1
2019-11-05T16:09:45.000Z,1
2019-11-05T16:11:07.000Z,2
2019-11-05T16:12:49.000Z,1
2019-11-05T16:15:01.000Z,1
2019-11-05T16:20:40.000Z,2
2019-11-05T17:10:19.000Z,1
2019-11-05T17:20:26.000Z,1
2019-11-05T17:23:43.000Z,2
2019-11-05T17:25:59.000Z,1
2019-11-05T17:30:05.000Z,1
2019-11-05T17:30:26.000Z,2
2019-11-05T17:31:23.000Z,1
2019-11-05T18:13:10.000Z,1
2019-11-05T18:25:25.000Z,1
2019-11-05T18:27:52.000Z,2
2019-11-05T18:31:19.000Z,1
2019-11-05T18:43:06.000Z,2
2019-11-05T19:13:10.000Z,1
2019-11-05T19:36:04.000Z,1
2019-11-05T20:27:42.000Z,1
2019-11-05T20:59:39.000Z,1
2019-11-05T21:21:51.000Z,1
2019-11-05T23:18:10.000Z,1
2019-11-06T06:07:12.000Z,1
2019-11-06T07:20:43.000Z,1
2019-11-06T07:29:22.000Z,1
2019-11-06T07:32:39.000Z,1
2019-11-06T07:32:52.000Z,1
2019-11-06T07:34:53.000Z,1
2019-11-06T07:55:29.000Z,1
2019-11-06T07:59:08.000Z,1
2019-11-06T08:06:08.000Z,1
2019-11-06T08:14:58.000Z,1
2019-11-06T08:22:21.000Z,1
2019-11-06T08:26:09.000Z,1
2019-11-06T08:42:58.000Z,2
2019-11-06T09:00:25.000Z,2
2019-11-06T09:08:31.000Z,2
2019-11-06T09:10:47.000Z,1
2019-11-06T09:28:50.000Z,1
2019-11-06T09:34:51.000Z,1
2019-11-06T10:46:54.000Z,1
2019-11-06T11:40:05.000Z,1
2019-11-06T11:54:43.000Z,1
2019-11-06T12:04:04.000Z,1
2019-11-06T13:31:49.000Z,1
2019-11-06T14:29:03.000Z,2
2019-11-06T15:45:56.000Z,1
2019-11-06T16:24:41.000Z,1
2019-11-06T16:27:51.000Z,1
2019-11-06T16:32:51.000Z,1
2019-11-06T16:48:46.000Z,1
2019-11-06T17:22:41.000Z,1
2019-11-06T17:44:46.000Z,1
2019-11-06T17:51:31.000Z,1
2019-11-06T18:51:01.000Z,1
2019-11-06T20:04:50.000Z,1
2019-11-06T20:20:53.000Z,1
2019-11-07T05:39:49.000Z,2
2019-11-07T06:10:50.000Z,1
2019-11-07T07:21:52.000Z,1
2019-11-07T07:30:34.000Z,1
2019-11-07T07:54:32.000Z,1
2019-11-07T07:59:31.000Z,1
2019-11-07T08:14:01.000Z,1
2019-11-07T08:22:22.000Z,1
2019-11-07T08:34:27.000Z,1
2019-11-07T08:36:16.000Z,1
2019-11-07T09:01:41.000Z,1
2019-11-07T09:03:20.000Z,2
2019-11-07T11:02:58.000Z,1
2019-11-07T11:21:29.000Z,1
2019-11-07T12:41:34.000Z,1
2019-11-07T12:45:13.000Z,1
2019-11-07T12:51:17.000Z,1
2019-11-07T15:11:06.000Z,1
2019-11-07T15:28:53.000Z,1
2019-11-07T15:43:58.000Z,1
2019-11-07T16:01:09.000Z,1
2019-11-07T16:18:31.000Z,1
2019-11-07T16:29:04.000Z,1
2019-11-07T16:33:26.000Z,1
2019-11-07T16:43:38.000Z,1
2019-11-07T16:52:38.000Z,1
2019-11-07T17:06:44.000Z,1
2019-11-07T17:10:54.000Z,1
2019-11-07T17:19:30.000Z,1
2019-11-07T17:42:21.000Z,1
2019-11-07T17:43:06.000Z,2
2019-11-07T18:02:02.000Z,1
2019-11-07T18:02:33.000Z,1
2019-11-07T18:36:23.000Z,1
2019-11-07T18:36:29.000Z,1
2019-11-07T20:02:10.000Z,1
2019-11-07T21:24:05.000Z,1
2019-11-07T22:13:34.000Z,1
2019-10-30T19:34:22.000Z,1
2019-10-30T19:40:07.000Z,1
2019-10-30T20:05:13.000Z,1
2019-10-30T21:47:25.000Z,1
2019-10-30T22:07:01.000Z,1
2019-10-31T07:16:01.000Z,1
2019-10-31T07:48:43.000Z,1
2019-10-31T07:51:48.000Z,1
2019-10-31T10:49:29.000Z,1
2019-10-31T12:03:48.000Z,1
2019-10-31T17:01:35.000Z,1
2019-10-31T17:29:06.000Z,1
2019-10-31T17:30:35.000Z,1
2019-10-31T16:56:00.000Z,1
2019-10-31T18:34:39.000Z,1
2019-10-31T21:43:07.000Z,1
2019-11-01T00:13:34.000Z,1
2019-11-01T05:48:03.000Z,1
2019-11-01T06:39:43.000Z,1
2019-11-01T07:48:41.000Z,1
2019-11-01T10:02:15.000Z,1
2019-11-01T10:29:15.000Z,1
2019-11-01T13:34:16.000Z,1
2019-11-01T13:40:06.000Z,1
2019-11-01T19:31:19.000Z,1
2019-11-02T11:17:16.000Z,1
2019-11-02T21:12:04.000Z,1
2019-10-31T08:28:25.000Z,1
2019-10-31T16:00:53.000Z,1
2019-10-31T17:12:57.000Z,1
2019-10-31T17:37:28.000Z,1
2019-10-31T17:10:46.000Z,1
2019-10-31T16:11:31.000Z,1
2019-11-01T06:35:03.000Z,1
2019-11-01T07:44:09.000Z,1
2019-11-01T07:52:30.000Z,1
2019-11-01T07:52:43.000Z,1
2019-11-01T07:53:35.000Z,1
2019-11-01T08:15:22.000Z,1
2019-11-01T08:26:22.000Z,1
2019-11-01T09:24:21.000Z,1
2019-11-01T09:28:26.000Z,1
2019-11-01T11:14:42.000Z,1
2019-11-01T11:47:55.000Z,1
2019-11-01T14:27:35.000Z,1
2019-11-01T15:20:13.000Z,1
2019-11-01T15:46:42.000Z,1
2019-11-01T16:18:25.000Z,2
2019-11-01T16:41:15.000Z,1
2019-11-01T16:47:20.000Z,1
2019-11-01T16:53:25.000Z,1
2019-11-01T17:14:41.000Z,1
2019-11-01T17:18:30.000Z,1
2019-11-01T17:18:38.000Z,1
2019-11-01T17:34:05.000Z,1
2019-11-01T17:34:24.000Z,1
2019-11-01T17:38:05.000Z,1
2019-11-01T18:45:30.000Z,1
2019-11-01T19:17:28.000Z,1
2019-11-01T19:38:02.000Z,1
2019-11-01T19:44:23.000Z,1
2019-11-02T06:46:48.000Z,1
2019-11-02T09:07:00.000Z,1
2019-11-02T10:02:13.000Z,1
2019-11-02T10:03:49.000Z,1
2019-11-02T11:20:39.000Z,1
2019-11-02T11:54:47.000Z,1
2019-11-02T12:08:44.000Z,1
2019-11-02T12:51:21.000Z,1
2019-11-02T12:54:21.000Z,1
2019-11-02T13:35:09.000Z,1
2019-11-02T14:35:39.000Z,1
2019-11-02T14:47:49.000Z,1
2019-11-02T15:31:24.000Z,2
2019-11-02T15:48:05.000Z,2
2019-11-02T15:48:59.000Z,1
2019-11-02T15:52:38.000Z,1
2019-11-02T16:22:22.000Z,1
2019-11-02T16:25:10.000Z,1
2019-11-02T17:10:29.000Z,2
2019-11-02T19:19:25.000Z,1
2019-11-02T21:09:25.000Z,1
2019-11-02T21:10:54.000Z,1
2019-11-02T22:10:31.000Z,1
2019-11-02T22:53:35.000Z,1
2019-11-03T00:56:40.000Z,1
2019-11-03T02:24:31.000Z,1
2019-11-03T03:16:02.000Z,1
2019-11-03T05:36:06.000Z,1
2019-11-03T07:57:58.000Z,3
2019-11-03T09:16:27.000Z,1
2019-11-03T09:22:49.000Z,1
2019-11-03T10:00:35.000Z,1
2019-11-03T10:31:31.000Z,1
2019-11-03T10:55:07.000Z,1
2019-11-03T11:42:25.000Z,1
2019-11-03T11:59:05.000Z,1
2019-11-03T12:15:18.000Z,1
2019-11-03T12:37:47.000Z,1
2019-11-03T12:55:16.000Z,2
2019-11-03T13:17:58.000Z,1
2019-11-03T13:30:27.000Z,1
2019-11-03T14:02:47.000Z,1
2019-11-03T16:40:18.000Z,1
2019-11-03T18:04:44.000Z,1
2019-11-03T18:22:59.000Z,1
2019-11-03T18:25:59.000Z,1
2019-11-03T19:47:13.000Z,1
2019-11-03T19:54:12.000Z,1
2019-11-03T22:03:12.000Z,1
2019-11-03T23:00:07.000Z,1
2019-11-03T23:06:15.000Z,1
2019-11-04T00:00:31.000Z,1
2019-11-04T05:24:43.000Z,1
2019-11-04T05:51:11.000Z,1
2019-11-04T06:45:09.000Z,1
2019-11-04T07:26:11.000Z,1
2019-11-04T07:49:25.000Z,1
2019-11-04T07:58:51.000Z,1
2019-11-04T08:22:51.000Z,1
2019-11-04T08:36:40.000Z,1
2019-11-04T09:06:33.000Z,1
2019-11-04T09:17:35.000Z,1
2019-11-04T10:20:31.000Z,1
2019-11-04T11:28:05.000Z,1
2019-11-04T12:11:52.000Z,1
2019-11-04T13:18:01.000Z,1
2019-11-04T14:02:01.000Z,1
2019-11-04T14:12:47.000Z,1
2019-11-04T14:46:25.000Z,1
2019-11-04T14:58:03.000Z,1
2019-11-04T15:06:10.000Z,1
2019-11-04T15:34:42.000Z,1
2019-11-04T15:47:25.000Z,2
2019-11-04T16:02:13.000Z,1
2019-11-04T16:06:45.000Z,1
2019-11-04T16:20:18.000Z,1
2019-11-04T16:28:11.000Z,1
2019-11-04T16:35:13.000Z,1
2019-11-04T16:58:57.000Z,1
2019-11-04T17:01:27.000Z,1
2019-11-04T17:03:13.000Z,3
2019-11-04T17:19:34.000Z,1
2019-11-04T17:21:42.000Z,1
2019-11-04T17:23:34.000Z,2
2019-11-04T17:27:32.000Z,1
2019-11-04T17:28:48.000Z,1
2019-11-04T17:42:19.000Z,1
2019-11-04T17:48:58.000Z,2
2019-11-04T18:06:47.000Z,1
2019-11-04T18:08:23.000Z,1
2019-11-04T18:09:52.000Z,1
2019-11-04T18:45:46.000Z,1
2019-11-04T19:08:33.000Z,1
2019-11-04T19:12:06.000Z,1
2019-11-04T19:32:51.000Z,1
2019-11-04T20:01:01.000Z,1
2019-11-04T20:07:41.000Z,1
2019-11-04T20:35:13.000Z,1
2019-11-04T20:57:31.000Z,1
2019-11-04T23:04:28.000Z,1
2019-11-05T06:21:24.000Z,1
2019-11-05T06:49:16.000Z,1
2019-11-05T07:25:10.000Z,2
2019-11-05T07:35:45.000Z,1
2019-11-05T07:47:26.000Z,1
2019-11-05T07:54:45.000Z,1
2019-11-05T07:55:02.000Z,1
2019-11-05T07:56:31.000Z,1
2019-11-05T08:05:58.000Z,1
2019-11-05T08:23:51.000Z,1
2019-11-05T08:31:51.000Z,2
2019-11-05T08:46:34.000Z,1
2019-11-05T08:52:20.000Z,2
2019-11-05T09:26:20.000Z,1
2019-11-05T11:01:02.000Z,1
2019-11-05T11:51:23.000Z,1
2019-11-05T12:13:40.000Z,1
2019-11-05T14:50:01.000Z,1
2019-11-05T15:32:11.000Z,1
2019-11-05T15:41:49.000Z,1
2019-11-05T15:48:35.000Z,2
2019-11-05T15:49:04.000Z,1
2019-11-05T15:51:26.000Z,1
2019-11-05T15:58:24.000Z,1
2019-11-05T16:52:18.000Z,1
2019-11-05T17:00:28.000Z,1
2019-11-05T17:15:05.000Z,1
2019-11-05T17:21:26.000Z,1
2019-11-05T17:48:24.000Z,1
2019-11-05T18:07:49.000Z,1
2019-11-05T18:08:55.000Z,1
2019-11-05T18:12:57.000Z,1
2019-11-05T18:15:33.000Z,1
2019-11-05T18:18:24.000Z,1
2019-11-05T18:52:55.000Z,1
2019-11-05T18:55:05.000Z,1
2019-11-05T18:55:42.000Z,1
2019-11-06T05:51:45.000Z,1
2019-11-06T06:23:17.000Z,1
2019-11-06T06:43:58.000Z,1
2019-11-06T07:16:31.000Z,1
2019-11-06T07:17:27.000Z,1
2019-11-06T07:28:15.000Z,1
2019-11-06T07:32:37.000Z,1
2019-11-06T07:51:57.000Z,1
2019-11-06T09:15:39.000Z,1
2019-11-06T09:48:31.000Z,1
2019-11-06T09:54:53.000Z,1
2019-11-06T10:21:43.000Z,1
2019-11-06T11:09:15.000Z,1
2019-11-06T12:02:37.000Z,1
2019-11-06T12:19:24.000Z,1
2019-11-06T13:03:12.000Z,1
2019-11-06T13:46:49.000Z,1
2019-11-06T15:04:14.000Z,1
2019-11-06T16:30:36.000Z,2
2019-11-06T17:00:32.000Z,1
2019-11-06T17:01:32.000Z,1
2019-11-06T17:13:54.000Z,1
2019-11-06T17:15:55.000Z,1
2019-11-06T17:22:26.000Z,1
2019-11-06T17:28:57.000Z,1
2019-11-06T17:53:40.000Z,1
2019-11-06T18:25:44.000Z,1
2019-11-06T18:31:11.000Z,2
2019-11-06T18:44:02.000Z,1
2019-11-06T19:16:55.000Z,1
2019-11-06T19:49:49.000Z,1
2019-11-06T20:53:10.000Z,1
2019-11-06T23:15:24.000Z,1
2019-11-06T23:18:23.000Z,1
2019-11-07T05:20:21.000Z,1
2019-11-07T07:04:41.000Z,1
2019-11-07T07:28:29.000Z,1
2019-11-07T07:58:13.000Z,1
2019-11-07T08:18:09.000Z,1
2019-11-07T08:18:27.000Z,1
2019-11-07T09:04:48.000Z,1
2019-11-07T09:21:02.000Z,1
2019-11-07T09:26:31.000Z,2
2019-11-07T11:25:33.000Z,1
2019-11-07T14:04:57.000Z,1
2019-11-07T15:30:43.000Z,1
2019-11-07T15:39:17.000Z,1
2019-11-07T15:42:38.000Z,1
2019-11-07T15:59:04.000Z,1
2019-11-07T16:26:42.000Z,1
2019-11-07T16:30:17.000Z,1
2019-11-07T16:33:38.000Z,1
2019-11-07T17:01:10.000Z,1
2019-11-07T17:08:12.000Z,1
2019-11-07T17:20:06.000Z,1
2019-11-07T17:25:24.000Z,1
2019-11-07T17:33:18.000Z,1
2019-11-07T17:48:40.000Z,1
2019-11-07T18:20:48.000Z,1
2019-11-07T18:29:16.000Z,1
2019-11-07T18:31:59.000Z,1
2019-11-07T19:09:33.000Z,2
2019-11-07T20:02:01.000Z,1
2019-11-07T22:44:59.000Z,1
2019-11-08T00:43:49.000Z,1
2019-11-08T04:49:58.000Z,1
2019-10-30T19:24:09.000Z,1
2019-10-30T22:43:25.000Z,1
2019-10-31T07:25:17.000Z,1
2019-10-31T08:14:14.000Z,1
2019-10-31T08:32:07.000Z,1
2019-10-31T09:21:11.000Z,1
2019-10-31T09:21:17.000Z,1
2019-10-31T11:12:39.000Z,1
2019-10-31T15:53:16.000Z,1
2019-10-31T17:28:50.000Z,1
2019-10-31T16:50:06.000Z,1
2019-10-31T17:51:04.000Z,1
2019-10-31T17:31:21.000Z,1
2019-10-31T17:48:32.000Z,1
2019-10-31T18:46:00.000Z,1
2019-10-31T20:37:13.000Z,1
2019-10-31T21:18:42.000Z,1
2019-11-01T06:16:21.000Z,1
2019-11-01T07:29:56.000Z,2
2019-11-01T07:47:59.000Z,1
2019-11-01T07:54:08.000Z,1
2019-11-01T07:56:43.000Z,1
2019-11-01T09:20:33.000Z,1
2019-11-01T09:22:19.000Z,1
2019-11-01T15:40:38.000Z,1
2019-11-01T16:32:09.000Z,1
2019-11-01T16:59:35.000Z,1
2019-10-31T15:08:45.000Z,2
2019-10-31T21:01:27.000Z,1
2019-11-01T07:09:48.000Z,1
2019-11-01T07:21:14.000Z,1
2019-11-01T07:41:24.000Z,1
2019-11-01T08:25:11.000Z,1
2019-11-01T09:16:34.000Z,1
2019-11-01T12:14:09.000Z,2
2019-11-01T12:36:46.000Z,1
2019-11-01T13:37:00.000Z,1
2019-11-01T14:03:34.000Z,1
2019-11-01T16:01:15.000Z,1
2019-11-01T16:10:10.000Z,1
2019-11-01T16:19:19.000Z,2
2019-11-01T16:27:37.000Z,1
2019-11-01T16:43:32.000Z,1
2019-11-01T16:45:06.000Z,1
2019-11-01T17:41:07.000Z,1
2019-11-01T17:52:40.000Z,1
2019-11-01T18:21:43.000Z,1
2019-11-01T18:40:52.000Z,1
2019-11-01T19:13:14.000Z,1
2019-11-01T19:16:35.000Z,1
2019-11-01T19:37:17.000Z,1
2019-11-01T20:28:12.000Z,1
2019-11-01T20:48:41.000Z,1
2019-11-02T00:02:10.000Z,1
2019-11-02T00:19:35.000Z,1
2019-11-02T01:37:44.000Z,1
2019-11-02T08:47:53.000Z,1
2019-11-02T10:58:16.000Z,1
2019-11-02T11:24:06.000Z,1
2019-11-02T12:03:24.000Z,1
2019-11-02T12:17:59.000Z,1
2019-11-02T13:04:07.000Z,1
2019-11-02T13:38:19.000Z,1
2019-11-02T14:25:29.000Z,1
2019-11-02T14:33:58.000Z,1
2019-11-02T14:36:55.000Z,1
2019-11-02T14:45:22.000Z,1
2019-11-02T14:56:47.000Z,1
2019-11-02T15:33:07.000Z,1
2019-11-02T16:29:28.000Z,1
2019-11-02T16:48:22.000Z,1
2019-11-02T17:09:26.000Z,1
2019-11-02T17:31:47.000Z,2
2019-11-02T18:43:01.000Z,1
2019-11-02T19:11:27.000Z,1
2019-11-02T21:43:33.000Z,1
2019-11-02T22:30:17.000Z,1
2019-11-03T01:26:43.000Z,1
2019-11-03T07:46:18.000Z,1
2019-11-03T09:11:14.000Z,1
2019-11-03T09:11:26.000Z,1
2019-11-03T11:11:06.000Z,1
2019-11-03T11:15:39.000Z,1
2019-11-03T11:43:17.000Z,1
2019-11-03T12:58:51.000Z,1
2019-11-03T13:07:19.000Z,1
2019-11-03T13:40:38.000Z,1
2019-11-03T13:42:26.000Z,2
2019-11-03T13:43:39.000Z,1
2019-11-03T13:53:31.000Z,1
2019-11-03T14:09:38.000Z,1
2019-11-03T14:26:25.000Z,1
2019-11-03T14:39:55.000Z,1
2019-11-03T14:46:20.000Z,1
2019-11-03T14:49:30.000Z,1
2019-11-03T15:16:58.000Z,2
2019-11-03T17:00:36.000Z,1
2019-11-03T17:10:24.000Z,1
2019-11-03T17:33:27.000Z,2
2019-11-03T18:25:45.000Z,1
2019-10-31T16:55:04.000Z,1
2019-11-04T07:03:07.000Z,1
2019-11-04T07:24:58.000Z,2
2019-11-04T07:39:24.000Z,1
2019-11-04T07:40:15.000Z,1
2019-11-04T07:51:47.000Z,1
2019-11-04T07:54:13.000Z,1
2019-11-04T08:05:07.000Z,1
2019-11-04T08:23:14.000Z,1
2019-11-04T08:27:32.000Z,1
2019-11-04T09:19:48.000Z,1
2019-11-04T10:37:47.000Z,1
2019-11-04T11:31:22.000Z,1
2019-11-04T11:37:10.000Z,1
2019-11-04T11:59:41.000Z,1
2019-11-04T12:28:14.000Z,1
2019-11-04T12:49:22.000Z,1
2019-11-04T13:05:59.000Z,1
2019-11-04T13:24:52.000Z,1
2019-11-04T13:55:14.000Z,1
2019-11-04T13:56:01.000Z,1
2019-11-04T14:01:39.000Z,1
2019-11-04T14:29:01.000Z,1
2019-11-04T15:50:34.000Z,1
2019-11-04T16:44:39.000Z,1
2019-11-04T16:53:55.000Z,1
2019-11-04T16:55:47.000Z,1
2019-11-04T16:56:23.000Z,2
2019-11-04T17:10:07.000Z,1
2019-11-04T17:22:03.000Z,2
2019-11-04T18:13:02.000Z,1
2019-11-04T18:23:41.000Z,1
2019-11-04T18:40:03.000Z,1
2019-11-04T18:47:50.000Z,1
2019-11-04T19:43:42.000Z,1
2019-11-04T19:51:18.000Z,1
2019-11-04T20:33:25.000Z,1
2019-11-04T21:00:54.000Z,1
2019-11-04T21:26:28.000Z,1
2019-11-04T21:25:13.000Z,1
2019-11-04T22:24:07.000Z,1
2019-11-05T04:09:26.000Z,1
2019-11-05T04:27:32.000Z,1
2019-11-05T06:08:33.000Z,1
2019-11-05T06:17:48.000Z,1
2019-11-05T06:31:28.000Z,1
2019-11-05T07:18:33.000Z,1
2019-11-05T07:20:27.000Z,1
2019-11-05T07:25:26.000Z,1
2019-11-05T07:38:13.000Z,1
2019-11-05T07:51:04.000Z,1
2019-11-05T07:57:04.000Z,1
2019-11-05T08:15:06.000Z,1
2019-11-05T08:22:47.000Z,2
2019-11-05T08:24:29.000Z,1
2019-11-05T08:27:21.000Z,1
2019-11-05T08:36:43.000Z,2
2019-11-05T09:10:33.000Z,1
2019-11-05T10:39:32.000Z,1
2019-11-05T11:46:34.000Z,1
2019-11-05T12:16:17.000Z,1
2019-11-05T13:50:32.000Z,1
2019-11-05T13:53:17.000Z,1
2019-11-05T14:13:11.000Z,1
2019-11-05T14:21:46.000Z,1
2019-11-05T14:30:53.000Z,1
2019-11-05T15:05:01.000Z,1
2019-11-05T16:29:45.000Z,1
2019-11-05T16:38:33.000Z,1
2019-11-05T16:40:08.000Z,1
2019-11-05T16:54:53.000Z,1
2019-11-05T16:59:11.000Z,3
2019-11-05T17:03:17.000Z,1
2019-11-05T17:09:30.000Z,1
2019-11-05T17:12:09.000Z,1
2019-11-05T17:49:06.000Z,2
2019-11-05T18:17:34.000Z,1
2019-11-05T18:30:47.000Z,1
2019-11-05T18:57:58.000Z,2
2019-11-05T19:03:17.000Z,1
2019-11-05T19:08:01.000Z,1
2019-11-05T19:23:24.000Z,1
2019-11-05T19:59:46.000Z,1
2019-11-05T20:20:02.000Z,1
2019-11-05T20:56:51.000Z,1
2019-11-05T21:12:41.000Z,1
2019-11-05T22:00:20.000Z,1
2019-11-06T06:20:42.000Z,1
2019-11-06T06:24:31.000Z,1
2019-11-06T06:52:48.000Z,1
2019-11-06T07:23:56.000Z,1
2019-11-06T07:24:01.000Z,1
2019-11-06T07:55:28.000Z,1
2019-11-06T07:57:26.000Z,1
2019-11-06T08:09:54.000Z,1
2019-11-06T08:14:37.000Z,2
2019-11-06T08:31:56.000Z,1
2019-11-06T09:40:43.000Z,1
2019-11-06T11:18:37.000Z,1
2019-11-06T12:02:10.000Z,1
2019-11-06T12:13:55.000Z,1
2019-11-06T12:30:58.000Z,1
2019-11-06T13:39:10.000Z,1
2019-11-06T15:20:37.000Z,1
2019-11-06T15:23:07.000Z,1
2019-11-06T15:41:43.000Z,1
2019-11-06T15:56:27.000Z,1
2019-11-06T15:57:13.000Z,1
2019-11-06T16:02:02.000Z,1
2019-11-06T16:02:06.000Z,1
2019-11-06T16:05:41.000Z,1
2019-11-06T16:29:15.000Z,1
2019-11-06T16:34:31.000Z,1
2019-11-06T16:39:01.000Z,1
2019-11-06T16:57:40.000Z,2
2019-11-06T17:01:58.000Z,2
2019-11-06T17:03:01.000Z,1
2019-11-06T17:14:40.000Z,1
2019-11-06T17:28:04.000Z,2
2019-11-06T17:38:38.000Z,1
2019-11-06T17:38:45.000Z,1
2019-11-06T17:41:39.000Z,1
2019-11-06T17:43:20.000Z,3
2019-11-06T17:57:09.000Z,1
2019-11-06T17:59:24.000Z,1
2019-11-06T18:01:46.000Z,1
2019-11-06T18:04:02.000Z,1
2019-11-06T18:04:37.000Z,1
2019-11-06T18:11:16.000Z,1
2019-11-06T18:13:35.000Z,1
2019-11-06T18:51:25.000Z,1
2019-11-06T19:08:06.000Z,1
2019-11-06T19:20:17.000Z,1
2019-11-06T19:32:32.000Z,1
2019-11-06T20:21:07.000Z,1
2019-11-06T20:58:57.000Z,1
2019-11-06T23:32:32.000Z,1
2019-11-07T02:36:39.000Z,1
2019-11-07T06:17:16.000Z,1
2019-11-07T06:29:00.000Z,1
2019-11-07T06:52:49.000Z,1
2019-11-07T07:23:08.000Z,1
2019-11-07T07:28:41.000Z,1
2019-11-07T08:17:21.000Z,1
2019-11-07T08:24:11.000Z,2
2019-11-07T08:51:40.000Z,1
2019-11-07T08:59:05.000Z,1
2019-11-07T11:00:22.000Z,1
2019-11-07T11:06:14.000Z,1
2019-11-07T11:19:17.000Z,1
2019-11-07T12:28:58.000Z,1
2019-11-07T12:59:45.000Z,2
2019-11-07T13:01:30.000Z,1
2019-11-07T14:36:45.000Z,1
2019-11-07T15:26:41.000Z,1
2019-11-07T16:06:14.000Z,1
2019-11-07T16:10:22.000Z,1
2019-11-07T16:25:37.000Z,1
2019-11-07T17:05:31.000Z,1
2019-11-07T17:51:32.000Z,1
2019-11-07T18:30:01.000Z,1
2019-11-07T18:35:32.000Z,1
2019-11-07T19:38:28.000Z,1
2019-11-07T19:41:49.000Z,1
2019-11-07T23:20:25.000Z,1
2019-10-30T19:03:58.000Z,1
2019-10-30T19:30:58.000Z,1
2019-10-31T07:30:14.000Z,1
2019-10-31T08:02:14.000Z,1
2019-10-31T08:41:33.000Z,1
2019-10-31T09:29:08.000Z,1
2019-10-31T15:21:37.000Z,1
2019-10-31T17:06:29.000Z,1
2019-10-31T15:21:03.000Z,1
2019-10-31T18:19:28.000Z,1
2019-10-31T18:20:54.000Z,1
2019-10-31T18:50:53.000Z,2
2019-10-31T19:14:11.000Z,1
2019-10-31T20:37:15.000Z,1
2019-11-01T07:28:33.000Z,1
2019-11-01T07:46:03.000Z,1
2019-11-01T09:10:16.000Z,1
2019-11-01T09:35:06.000Z,1
2019-11-01T13:12:52.000Z,1
2019-11-01T16:01:42.000Z,1
2019-11-01T16:02:58.000Z,1
2019-10-31T17:01:46.000Z,1
2019-10-31T17:28:51.000Z,1
2019-10-31T17:57:57.000Z,1
2019-10-31T18:07:58.000Z,1
2019-10-31T23:52:37.000Z,1
2019-11-01T00:51:00.000Z,1
2019-11-01T07:13:56.000Z,1
2019-11-01T07:21:10.000Z,1
2019-11-01T08:16:02.000Z,1
2019-11-01T08:22:45.000Z,1
2019-11-01T08:50:43.000Z,2
2019-11-01T08:57:06.000Z,1
2019-11-01T09:24:09.000Z,1
2019-11-01T11:56:18.000Z,1
2019-11-01T12:26:10.000Z,1
2019-11-01T13:44:53.000Z,1
2019-11-01T15:08:09.000Z,1
2019-11-01T15:15:50.000Z,1
2019-11-01T15:49:58.000Z,1
2019-11-01T16:47:54.000Z,1
2019-11-01T17:08:45.000Z,1
2019-11-01T17:28:34.000Z,2
2019-11-01T18:04:45.000Z,1
2019-11-01T18:08:35.000Z,1
2019-11-01T18:38:46.000Z,1
2019-11-01T18:41:10.000Z,1
2019-11-01T19:10:51.000Z,1
2019-11-01T19:58:21.000Z,1
2019-11-01T20:00:35.000Z,1
2019-11-01T20:30:08.000Z,1
2019-11-02T07:17:33.000Z,1
2019-11-02T07:45:59.000Z,1
2019-11-02T08:45:57.000Z,1
2019-11-02T09:51:53.000Z,1
2019-11-02T09:55:25.000Z,1
2019-11-02T10:12:47.000Z,1
2019-11-02T10:49:57.000Z,1
2019-11-02T12:15:55.000Z,1
2019-11-02T13:00:45.000Z,1
2019-11-02T13:08:02.000Z,1
2019-11-02T13:10:48.000Z,1
2019-11-02T13:41:10.000Z,1
2019-11-02T13:57:13.000Z,1
2019-11-02T14:20:12.000Z,1
2019-11-02T17:24:48.000Z,1
2019-11-02T18:02:44.000Z,1
2019-11-02T18:03:24.000Z,1
2019-11-02T18:30:36.000Z,1
2019-11-02T19:07:17.000Z,1
2019-11-02T19:42:30.000Z,1
2019-11-02T21:06:12.000Z,1
2019-11-02T21:21:48.000Z,1
2019-11-02T23:44:39.000Z,1
2019-11-03T06:33:02.000Z,1
2019-11-03T07:35:23.000Z,1
2019-11-03T07:49:05.000Z,1
2019-11-03T10:00:05.000Z,1
2019-11-03T11:07:13.000Z,1
2019-11-03T11:30:30.000Z,1
2019-11-03T11:54:24.000Z,1
2019-11-03T12:30:20.000Z,1
2019-11-03T13:47:41.000Z,1
2019-11-03T13:53:05.000Z,1
2019-11-03T14:25:35.000Z,1
2019-11-03T14:31:12.000Z,1
2019-11-03T14:47:05.000Z,1
2019-11-03T14:48:08.000Z,1
2019-11-03T14:48:58.000Z,1
2019-11-03T15:07:15.000Z,1
2019-11-03T15:18:40.000Z,1
2019-11-03T15:25:10.000Z,1
2019-11-03T15:50:31.000Z,1
2019-11-03T16:20:19.000Z,1
2019-11-03T16:30:27.000Z,1
2019-11-03T16:37:17.000Z,2
2019-11-03T16:37:21.000Z,1
2019-11-03T16:40:54.000Z,1
2019-11-03T17:03:27.000Z,1
2019-11-03T17:20:12.000Z,1
2019-11-03T19:55:48.000Z,1
2019-11-03T22:04:02.000Z,1
2019-11-03T23:07:28.000Z,1
2019-11-04T00:48:05.000Z,1
2019-11-04T06:57:39.000Z,1
2019-11-04T07:07:26.000Z,1
2019-11-04T07:10:18.000Z,1
2019-11-04T07:14:32.000Z,2
2019-11-04T07:15:21.000Z,1
2019-11-04T07:31:34.000Z,1
2019-11-04T07:35:01.000Z,1
2019-11-04T07:39:34.000Z,1
2019-11-04T07:49:20.000Z,2
2019-11-04T07:53:58.000Z,1
2019-11-04T08:01:52.000Z,1
2019-11-04T08:31:53.000Z,1
2019-11-04T08:32:11.000Z,1
2019-11-04T08:38:39.000Z,1
2019-11-04T08:40:01.000Z,1
2019-11-04T09:27:09.000Z,1
2019-11-04T09:53:18.000Z,1
2019-11-04T09:54:21.000Z,1
2019-11-04T10:22:44.000Z,1
2019-11-04T10:40:33.000Z,1
2019-11-04T11:36:40.000Z,1
2019-11-04T12:03:47.000Z,1
2019-11-04T13:57:05.000Z,1
2019-11-04T14:27:04.000Z,1
2019-11-04T14:36:17.000Z,1
2019-11-04T14:40:30.000Z,1
2019-11-04T14:46:36.000Z,1
2019-11-04T15:00:08.000Z,1
2019-11-04T15:08:53.000Z,1
2019-11-04T15:24:19.000Z,1
2019-11-04T15:53:12.000Z,1
2019-11-04T15:53:30.000Z,1
2019-11-04T15:59:01.000Z,1
2019-11-04T16:17:59.000Z,1
2019-11-04T16:35:41.000Z,1
2019-11-04T16:37:58.000Z,1
2019-11-04T16:55:36.000Z,1
2019-11-04T16:58:55.000Z,3
2019-11-04T17:06:06.000Z,1
2019-11-04T17:08:29.000Z,1
2019-11-04T17:15:23.000Z,1
2019-11-04T17:16:08.000Z,1
2019-11-04T17:17:38.000Z,2
2019-11-04T17:19:00.000Z,1
2019-11-04T17:22:14.000Z,1
2019-11-04T17:25:58.000Z,1
2019-11-04T17:26:49.000Z,1
2019-11-04T18:12:04.000Z,1
2019-11-04T18:24:48.000Z,1
2019-11-04T18:28:30.000Z,1
2019-11-04T19:17:21.000Z,1
2019-11-04T20:18:34.000Z,2
2019-11-04T20:49:41.000Z,1
2019-11-04T21:59:11.000Z,1
2019-11-04T22:46:55.000Z,1
2019-11-05T04:31:04.000Z,1
2019-11-05T05:50:20.000Z,1
2019-11-05T06:11:54.000Z,1
2019-11-05T06:46:02.000Z,1
2019-11-05T06:57:17.000Z,1
2019-11-05T07:03:16.000Z,1
2019-11-05T07:11:29.000Z,1
2019-11-05T07:19:05.000Z,1
2019-11-05T07:47:13.000Z,1
2019-11-05T08:06:50.000Z,2
2019-11-05T08:39:17.000Z,1
2019-11-05T09:06:00.000Z,1
2019-11-05T09:12:41.000Z,1
2019-11-05T09:14:35.000Z,1
2019-11-05T09:48:00.000Z,1
2019-11-05T09:59:43.000Z,1
2019-11-05T10:17:48.000Z,1
2019-11-05T10:32:55.000Z,1
2019-11-05T10:46:55.000Z,1
2019-11-05T11:29:16.000Z,1
2019-11-05T11:39:06.000Z,1
2019-11-05T12:35:49.000Z,1
2019-11-05T13:08:30.000Z,1
2019-11-05T13:51:18.000Z,1
2019-11-05T13:58:42.000Z,1
2019-11-05T14:13:58.000Z,1
2019-11-05T15:40:54.000Z,1
2019-11-05T15:56:59.000Z,2
2019-11-05T16:12:43.000Z,1
2019-11-05T16:35:19.000Z,2
2019-11-05T16:36:28.000Z,1
2019-11-05T16:40:50.000Z,1
2019-11-05T16:51:16.000Z,1
2019-11-05T16:54:02.000Z,1
2019-11-05T17:05:14.000Z,1
2019-11-05T17:29:08.000Z,1
2019-11-05T17:33:16.000Z,1
2019-11-05T17:57:37.000Z,2
2019-11-05T18:11:12.000Z,1
2019-11-05T18:17:18.000Z,1
2019-11-05T18:25:47.000Z,1
2019-11-05T18:29:38.000Z,1
2019-11-05T18:30:34.000Z,1
2019-11-05T18:43:54.000Z,1
2019-11-05T19:08:58.000Z,1
2019-11-05T19:47:34.000Z,1
2019-11-05T19:51:38.000Z,1
2019-11-05T21:20:25.000Z,1
2019-11-05T21:56:05.000Z,1
2019-11-05T22:40:24.000Z,1
2019-11-06T06:14:03.000Z,2
2019-11-06T06:18:15.000Z,1
2019-11-06T06:19:09.000Z,1
2019-11-06T06:36:56.000Z,1
2019-11-06T07:06:45.000Z,1
2019-11-06T07:43:39.000Z,1
2019-11-06T07:59:43.000Z,1
2019-11-06T08:05:02.000Z,1
2019-11-06T08:19:28.000Z,1
2019-11-06T08:22:00.000Z,1
2019-11-06T08:41:22.000Z,1
2019-11-06T08:45:18.000Z,1
2019-11-06T09:32:49.000Z,2
2019-11-06T09:35:03.000Z,1
2019-11-06T10:33:39.000Z,1
2019-11-06T10:38:56.000Z,1
2019-11-06T10:48:31.000Z,1
2019-11-06T11:38:27.000Z,1
2019-11-06T13:09:47.000Z,1
2019-11-06T14:44:36.000Z,1
2019-11-06T16:17:35.000Z,1
2019-11-06T16:23:37.000Z,1
2019-11-06T16:28:20.000Z,1
2019-11-06T16:38:00.000Z,1
2019-11-06T16:47:47.000Z,2
2019-11-06T16:58:45.000Z,1
2019-11-06T17:06:23.000Z,1
2019-11-06T17:06:50.000Z,1
2019-11-06T17:21:34.000Z,2
2019-11-06T17:33:21.000Z,1
2019-11-06T17:40:04.000Z,1
2019-11-06T18:11:38.000Z,1
2019-11-06T18:20:51.000Z,1
2019-11-06T18:28:08.000Z,1
2019-11-06T18:32:06.000Z,1
2019-11-06T18:32:53.000Z,1
2019-11-06T18:58:52.000Z,2
2019-11-06T19:46:55.000Z,1
2019-11-06T19:49:28.000Z,1
2019-11-06T20:08:41.000Z,1
2019-11-06T20:57:32.000Z,2
2019-11-07T06:13:39.000Z,1
2019-11-07T06:49:50.000Z,1
2019-11-07T07:09:22.000Z,1
2019-11-07T07:28:37.000Z,1
2019-11-07T07:39:48.000Z,1
2019-11-07T07:49:47.000Z,2
2019-11-07T07:53:40.000Z,1
2019-11-07T08:14:48.000Z,1
2019-11-07T08:17:15.000Z,1
2019-11-07T08:30:12.000Z,1
2019-11-07T08:33:06.000Z,1
2019-11-07T08:33:46.000Z,1
2019-11-07T08:39:14.000Z,1
2019-11-07T09:12:46.000Z,1
2019-11-07T10:39:05.000Z,1
2019-11-07T10:44:32.000Z,1
2019-11-07T11:08:24.000Z,1
2019-11-07T11:16:26.000Z,1
2019-11-07T11:25:40.000Z,1
2019-11-07T13:07:34.000Z,1
2019-11-07T15:29:09.000Z,1
2019-11-07T16:22:03.000Z,1
2019-11-07T16:40:02.000Z,1
2019-11-07T17:01:21.000Z,1
2019-11-07T17:09:32.000Z,1
2019-11-07T17:17:10.000Z,1
2019-11-07T17:25:43.000Z,1
2019-11-07T17:34:06.000Z,1
2019-11-07T18:20:12.000Z,1
2019-11-07T19:27:55.000Z,1
2019-11-07T20:35:56.000Z,1
2019-10-30T19:10:33.000Z,1
2019-10-30T19:22:13.000Z,1
2019-10-30T19:36:27.000Z,1
2019-10-30T20:04:43.000Z,1
2019-10-30T21:23:19.000Z,1
2019-10-30T21:25:04.000Z,1
2019-10-30T21:56:08.000Z,1
2019-10-31T05:43:17.000Z,1
2019-10-31T06:04:00.000Z,1
2019-10-31T06:48:54.000Z,1
2019-10-31T06:57:12.000Z,1
2019-10-31T08:40:09.000Z,1
2019-10-31T08:44:53.000Z,1
2019-10-31T08:58:06.000Z,1
2019-10-31T09:31:38.000Z,1
2019-10-31T12:35:01.000Z,1
2019-10-31T13:28:46.000Z,1
2019-10-31T16:50:20.000Z,1
2019-10-31T16:27:00.000Z,1
2019-10-31T19:49:01.000Z,1
2019-10-31T21:00:59.000Z,1
2019-11-01T07:55:39.000Z,1
2019-11-01T09:00:00.000Z,1
2019-11-01T09:15:17.000Z,1
2019-11-01T13:40:22.000Z,1
2019-11-01T14:09:26.000Z,1
2019-11-01T15:06:09.000Z,1
2019-10-31T18:20:03.000Z,1
2019-10-31T18:55:06.000Z,1
2019-10-31T18:56:11.000Z,1
2019-10-31T19:38:48.000Z,1
2019-11-01T05:17:45.000Z,1
2019-11-01T06:53:19.000Z,1
2019-11-01T07:38:42.000Z,1
2019-11-01T07:53:33.000Z,1
2019-11-01T08:47:42.000Z,1
2019-11-01T09:39:47.000Z,1
2019-11-01T12:10:44.000Z,1
2019-11-01T14:31:06.000Z,2
2019-11-01T14:31:34.000Z,1
2019-11-01T14:59:56.000Z,1
2019-11-01T15:08:46.000Z,1
2019-11-01T15:21:10.000Z,1
2019-11-01T15:39:20.000Z,1
2019-11-01T15:43:51.000Z,1
2019-11-01T16:09:58.000Z,1
2019-11-01T16:26:20.000Z,1
2019-11-01T16:35:13.000Z,1
2019-11-01T16:43:05.000Z,1
2019-11-01T16:46:29.000Z,2
2019-11-01T16:53:33.000Z,1
2019-11-01T17:04:20.000Z,1
2019-11-01T17:10:32.000Z,2
2019-11-01T17:11:00.000Z,1
2019-11-01T17:25:05.000Z,1
2019-11-01T17:26:00.000Z,1
2019-11-01T17:47:17.000Z,1
2019-11-01T17:48:07.000Z,1
2019-11-01T18:55:51.000Z,1
2019-11-01T19:40:41.000Z,1
2019-11-01T20:27:08.000Z,1
2019-11-01T21:14:28.000Z,1
2019-11-02T07:46:22.000Z,1
2019-11-02T07:54:59.000Z,1
2019-11-02T11:21:47.000Z,1
2019-11-02T12:19:35.000Z,1
2019-11-02T12:40:55.000Z,1
2019-11-02T13:15:55.000Z,2
2019-11-02T13:32:11.000Z,2
2019-11-02T14:12:23.000Z,2
2019-11-02T15:06:17.000Z,1
2019-11-02T16:57:42.000Z,1
2019-11-02T18:37:30.000Z,3
2019-11-02T21:10:05.000Z,1
2019-11-03T00:11:24.000Z,1
2019-11-03T05:52:08.000Z,1
2019-11-03T06:32:12.000Z,1
2019-11-03T08:55:34.000Z,1
2019-11-03T09:55:43.000Z,1
2019-11-03T10:12:25.000Z,2
2019-11-03T11:57:58.000Z,1
2019-11-03T12:09:19.000Z,1
2019-11-03T12:19:27.000Z,1
2019-11-03T12:33:07.000Z,1
2019-11-03T12:36:44.000Z,1
2019-11-03T12:58:36.000Z,1
2019-11-03T13:36:08.000Z,1
2019-11-03T13:42:37.000Z,1
2019-11-03T13:59:21.000Z,1
2019-11-03T14:01:07.000Z,1
2019-11-03T14:10:03.000Z,1
2019-11-03T14:31:00.000Z,1
2019-11-03T15:01:32.000Z,1
2019-11-03T15:12:19.000Z,2
2019-11-03T15:28:29.000Z,1
2019-11-03T15:38:03.000Z,1
2019-11-03T15:54:37.000Z,1
2019-11-03T16:27:46.000Z,2
2019-11-03T16:36:52.000Z,1
2019-11-03T16:38:24.000Z,1
2019-11-03T16:58:27.000Z,1
2019-11-03T16:58:59.000Z,1
2019-11-03T18:06:59.000Z,1
2019-11-03T18:09:41.000Z,1
2019-11-03T18:44:28.000Z,1
2019-11-03T18:52:01.000Z,1
2019-11-03T18:53:10.000Z,2
2019-11-03T19:04:22.000Z,1
2019-11-03T19:36:46.000Z,1
2019-11-03T21:42:18.000Z,1
2019-11-03T22:27:33.000Z,1
2019-11-04T05:19:42.000Z,1
2019-11-04T06:31:19.000Z,1
2019-11-04T07:02:34.000Z,1
2019-11-04T07:07:50.000Z,1
2019-11-04T07:12:56.000Z,1
2019-11-04T07:44:06.000Z,1
2019-11-04T07:48:28.000Z,1
2019-11-04T08:02:04.000Z,1
2019-11-04T08:31:19.000Z,1
2019-11-04T08:34:41.000Z,1
2019-11-04T08:47:06.000Z,1
2019-11-04T09:02:30.000Z,2
2019-11-04T09:15:52.000Z,1
2019-11-04T09:16:27.000Z,1
2019-11-04T09:27:28.000Z,1
2019-11-04T11:28:46.000Z,1
2019-11-04T12:12:28.000Z,1
2019-11-04T12:27:02.000Z,1
2019-11-04T13:07:30.000Z,1
2019-11-04T14:45:59.000Z,1
2019-11-04T15:10:29.000Z,2
2019-11-04T15:29:00.000Z,1
2019-11-04T15:33:03.000Z,1
2019-11-04T16:02:51.000Z,1
2019-11-04T16:18:11.000Z,1
2019-11-04T16:38:36.000Z,1
2019-11-04T16:46:03.000Z,1
2019-11-04T16:47:53.000Z,2
2019-11-04T17:16:30.000Z,1
2019-11-04T17:17:37.000Z,1
2019-11-04T17:38:14.000Z,1
2019-11-04T17:48:23.000Z,1
2019-11-04T17:58:07.000Z,2
2019-11-04T18:07:51.000Z,1
2019-11-04T18:09:25.000Z,2
2019-11-04T18:17:34.000Z,1
2019-11-04T18:34:23.000Z,1
2019-11-04T18:34:44.000Z,1
2019-11-04T18:37:06.000Z,1
2019-11-04T18:37:42.000Z,1
2019-11-04T18:39:10.000Z,1
2019-11-04T18:39:16.000Z,1
2019-11-04T19:36:53.000Z,1
2019-11-04T20:22:51.000Z,1
2019-11-04T20:30:00.000Z,1
2019-11-05T00:14:32.000Z,1
2019-11-05T03:47:22.000Z,1
2019-11-05T05:35:24.000Z,1
2019-11-05T06:16:50.000Z,1
2019-11-05T06:19:38.000Z,1
2019-11-05T06:38:00.000Z,1
2019-11-05T07:46:54.000Z,1
2019-11-05T07:52:08.000Z,1
2019-11-05T08:04:28.000Z,2
2019-11-05T08:05:22.000Z,2
2019-11-05T08:17:46.000Z,1
2019-11-05T08:28:46.000Z,2
2019-11-05T08:55:02.000Z,1
2019-11-05T08:55:38.000Z,1
2019-11-05T09:11:43.000Z,1
2019-11-05T09:30:42.000Z,1
2019-11-05T10:35:04.000Z,1
2019-11-05T10:55:03.000Z,1
2019-11-05T10:57:03.000Z,2
2019-11-05T11:08:14.000Z,1
2019-11-05T11:13:33.000Z,1
2019-11-05T12:10:07.000Z,1
2019-11-05T13:53:41.000Z,1
2019-11-05T14:07:42.000Z,1
2019-11-05T14:33:45.000Z,1
2019-11-05T15:44:09.000Z,1
2019-11-05T16:11:39.000Z,1
2019-11-05T16:16:57.000Z,1
2019-11-05T16:31:09.000Z,1
2019-11-05T16:35:28.000Z,1
2019-11-05T16:37:52.000Z,1
2019-11-05T16:38:43.000Z,1
2019-11-05T16:44:29.000Z,2
2019-11-05T16:56:44.000Z,1
2019-11-05T16:57:12.000Z,1
2019-11-05T17:23:16.000Z,1
2019-11-05T17:51:45.000Z,1
2019-11-05T18:01:38.000Z,2
2019-11-05T18:31:02.000Z,1
2019-11-05T18:32:53.000Z,1
2019-11-05T19:13:54.000Z,1
2019-11-05T22:30:40.000Z,1
2019-11-05T22:54:24.000Z,1
2019-11-05T22:55:43.000Z,1
2019-11-06T05:59:10.000Z,1
2019-11-06T06:23:42.000Z,1
2019-11-06T07:26:09.000Z,1
2019-11-06T07:28:34.000Z,1
2019-11-06T07:46:25.000Z,1
2019-11-06T08:00:50.000Z,1
2019-11-06T08:06:52.000Z,2
2019-11-06T08:16:44.000Z,1
2019-11-06T08:36:01.000Z,2
2019-11-06T08:36:59.000Z,1
2019-11-06T08:46:10.000Z,3
2019-11-06T09:03:02.000Z,1
2019-11-06T11:41:51.000Z,1
2019-11-06T11:41:57.000Z,1
2019-11-06T11:48:29.000Z,1
2019-11-06T13:00:47.000Z,1
2019-11-06T13:58:10.000Z,1
2019-11-06T14:29:53.000Z,1
2019-11-06T14:51:44.000Z,1
2019-11-06T16:01:36.000Z,1
2019-11-06T16:11:17.000Z,1
2019-11-06T16:21:23.000Z,1
2019-11-06T16:25:42.000Z,2
2019-11-06T16:40:58.000Z,1
2019-11-06T16:55:34.000Z,2
2019-11-06T17:00:35.000Z,3
2019-11-06T17:12:11.000Z,1
2019-11-06T17:15:43.000Z,2
2019-11-06T17:20:55.000Z,2
2019-11-06T18:09:18.000Z,2
2019-11-06T18:18:22.000Z,1
2019-11-06T18:37:15.000Z,1
2019-11-06T19:15:47.000Z,1
2019-11-06T19:50:05.000Z,1
2019-11-06T19:59:23.000Z,1
2019-11-06T20:21:44.000Z,2
2019-11-07T04:50:46.000Z,1
2019-11-07T05:39:40.000Z,1
2019-11-07T06:37:00.000Z,2
2019-11-07T07:08:22.000Z,1
2019-11-07T07:40:59.000Z,1
2019-11-07T07:41:13.000Z,1
2019-11-07T07:47:21.000Z,1
2019-11-07T08:42:35.000Z,1
2019-11-07T08:52:40.000Z,1
2019-11-07T08:59:55.000Z,1
2019-11-07T09:33:04.000Z,1
2019-11-07T11:03:10.000Z,1
2019-11-07T11:45:46.000Z,1
2019-11-07T12:56:22.000Z,1
2019-11-07T13:23:35.000Z,1
2019-11-07T14:14:03.000Z,1
2019-11-07T15:35:06.000Z,1
2019-11-07T16:18:51.000Z,1
2019-11-07T16:49:32.000Z,1
2019-11-07T16:55:49.000Z,1
2019-11-07T17:13:39.000Z,1
2019-11-07T17:14:48.000Z,1
2019-11-07T17:29:41.000Z,1
2019-11-07T17:33:00.000Z,1
2019-11-07T18:12:24.000Z,1
2019-11-07T18:51:49.000Z,1
2019-11-07T20:18:43.000Z,1
2019-11-07T20:22:26.000Z,1
2019-11-07T20:44:37.000Z,1
2019-11-07T23:17:24.000Z,1
2019-11-08T00:47:13.000Z,1
2019-11-08T05:36:12.000Z,1
2019-10-30T19:13:11.000Z,1
2019-10-30T19:23:26.000Z,1
2019-10-30T19:23:35.000Z,1
2019-10-30T19:39:38.000Z,1
2019-10-30T21:54:08.000Z,1
2019-10-31T08:37:52.000Z,1
2019-10-31T08:47:30.000Z,1
2019-10-31T09:29:42.000Z,1
2019-10-31T09:36:27.000Z,1
2019-10-31T10:48:35.000Z,1
2019-10-31T16:07:39.000Z,1
2019-10-31T16:37:32.000Z,1
2019-10-31T16:39:50.000Z,1
2019-10-31T15:56:06.000Z,1
2019-10-31T19:46:35.000Z,1
2019-10-31T20:50:52.000Z,1
2019-10-31T22:19:59.000Z,1
2019-11-01T00:45:59.000Z,1
2019-11-01T04:55:18.000Z,1
2019-11-01T13:40:04.000Z,1
2019-11-01T13:57:08.000Z,1
2019-11-01T15:36:36.000Z,1
2019-11-01T18:36:21.000Z,1
2019-10-31T14:03:15.000Z,1
2019-10-31T16:59:56.000Z,1
2019-10-31T18:01:41.000Z,1
2019-11-01T05:20:03.000Z,1
2019-11-01T06:55:20.000Z,1
2019-11-01T07:24:51.000Z,1
2019-11-01T07:57:39.000Z,1
2019-11-01T07:59:57.000Z,1
2019-11-01T08:40:03.000Z,1
2019-11-01T11:36:36.000Z,1
2019-11-01T11:58:37.000Z,1
2019-11-01T12:56:20.000Z,1
2019-11-01T13:09:17.000Z,1
2019-11-01T13:22:32.000Z,1
2019-11-01T13:25:11.000Z,2
2019-11-01T13:46:38.000Z,1
2019-11-01T14:11:41.000Z,1
2019-11-01T14:20:57.000Z,1
2019-11-01T14:55:52.000Z,1
2019-11-01T15:11:03.000Z,1
2019-11-01T16:01:07.000Z,1
2019-11-01T16:31:53.000Z,1
2019-11-01T16:55:05.000Z,1
2019-11-01T17:36:05.000Z,2
2019-11-01T17:42:47.000Z,1
2019-11-01T17:52:47.000Z,1
2019-11-01T18:18:49.000Z,1
2019-11-01T19:00:49.000Z,1
2019-11-01T19:05:34.000Z,1
2019-11-01T19:06:40.000Z,1
2019-11-01T21:07:19.000Z,1
2019-11-01T21:45:50.000Z,1
2019-11-01T22:05:20.000Z,1
2019-11-02T08:36:38.000Z,1
2019-11-02T08:58:14.000Z,1
2019-11-02T10:49:45.000Z,1
2019-11-02T11:37:21.000Z,1
2019-11-02T11:45:47.000Z,1
2019-11-02T12:05:16.000Z,2
2019-11-02T12:34:09.000Z,1
2019-11-02T13:11:42.000Z,1
2019-11-02T13:12:06.000Z,1
2019-11-02T13:23:57.000Z,1
2019-11-02T14:02:01.000Z,1
2019-11-02T14:45:21.000Z,1
2019-11-02T15:24:25.000Z,1
2019-11-02T15:32:39.000Z,1
2019-11-02T17:13:39.000Z,1
2019-11-02T18:01:23.000Z,1
2019-11-02T18:33:05.000Z,1
2019-11-02T18:52:35.000Z,1
2019-11-02T18:52:36.000Z,1
2019-11-02T19:17:59.000Z,1
2019-11-02T20:12:55.000Z,1
2019-11-03T01:05:22.000Z,1
2019-11-03T09:12:51.000Z,1
2019-11-03T09:16:55.000Z,1
2019-11-03T09:35:15.000Z,1
2019-11-03T09:37:00.000Z,1
2019-11-03T10:23:53.000Z,1
2019-11-03T10:53:20.000Z,1
2019-11-03T11:02:01.000Z,1
2019-11-03T11:20:10.000Z,1
2019-11-03T11:38:40.000Z,1
2019-11-03T12:01:10.000Z,1
2019-11-03T12:49:10.000Z,1
2019-11-03T13:21:28.000Z,1
2019-11-03T13:51:24.000Z,1
2019-11-03T16:31:35.000Z,1
2019-11-03T16:41:26.000Z,1
2019-11-03T16:44:24.000Z,1
2019-11-03T18:31:08.000Z,1
2019-11-03T20:26:04.000Z,1
2019-11-03T20:51:54.000Z,1
2019-11-04T00:20:04.000Z,1
2019-11-04T05:37:56.000Z,1
2019-11-04T05:48:49.000Z,1
2019-11-04T06:05:37.000Z,1
2019-11-04T06:45:38.000Z,1
2019-11-04T07:09:31.000Z,1
2019-11-04T07:09:32.000Z,1
2019-11-04T07:24:48.000Z,1
2019-11-04T07:29:08.000Z,1
2019-11-04T07:31:59.000Z,1
2019-11-04T07:33:08.000Z,1
2019-11-04T07:46:14.000Z,1
2019-11-04T07:52:11.000Z,1
2019-11-04T07:58:16.000Z,1
2019-11-04T07:58:52.000Z,1
2019-11-04T08:07:04.000Z,1
2019-11-04T08:09:06.000Z,1
2019-11-04T08:21:34.000Z,1
2019-11-04T08:23:47.000Z,1
2019-11-04T08:29:47.000Z,1
2019-11-04T08:44:41.000Z,1
2019-11-04T08:46:51.000Z,1
2019-11-04T08:56:50.000Z,2
2019-11-04T09:28:26.000Z,1
2019-11-04T09:29:18.000Z,1
2019-11-04T10:15:33.000Z,1
2019-11-04T10:24:10.000Z,1
2019-11-04T11:08:35.000Z,2
2019-11-04T11:33:37.000Z,1
2019-11-04T12:09:33.000Z,1
2019-11-04T12:49:37.000Z,1
2019-11-04T13:19:51.000Z,1
2019-11-04T13:54:56.000Z,1
2019-11-04T13:58:36.000Z,1
2019-11-04T14:47:46.000Z,1
2019-11-04T15:05:53.000Z,1
2019-11-04T15:08:16.000Z,1
2019-11-04T15:11:59.000Z,1
2019-11-04T15:31:03.000Z,1
2019-11-04T16:03:40.000Z,1
2019-11-04T16:04:15.000Z,1
2019-11-04T16:32:03.000Z,1
2019-11-04T16:42:24.000Z,1
2019-11-04T16:48:22.000Z,1
2019-11-04T16:48:48.000Z,1
2019-11-04T16:51:27.000Z,1
2019-11-04T16:53:09.000Z,1
2019-11-04T16:58:32.000Z,1
2019-11-04T17:07:13.000Z,2
2019-11-04T17:13:27.000Z,1
2019-11-04T17:13:58.000Z,2
2019-11-04T17:20:22.000Z,1
2019-11-04T17:24:38.000Z,1
2019-11-04T17:30:00.000Z,3
2019-11-04T17:37:45.000Z,1
2019-11-04T17:55:59.000Z,1
2019-11-04T18:04:47.000Z,2
2019-11-04T18:24:21.000Z,1
2019-11-04T18:45:07.000Z,1
2019-11-04T19:07:31.000Z,1
2019-11-04T19:12:10.000Z,1
2019-11-04T19:31:31.000Z,1
2019-11-04T19:54:13.000Z,1
2019-11-04T20:10:30.000Z,1
2019-11-04T20:24:34.000Z,1
2019-11-04T20:39:31.000Z,1
2019-11-05T05:51:42.000Z,1
2019-11-05T06:18:46.000Z,1
2019-11-05T06:47:52.000Z,1
2019-11-05T07:24:22.000Z,1
2019-11-05T07:37:02.000Z,1
2019-11-05T07:43:18.000Z,1
2019-11-05T07:46:30.000Z,2
2019-11-05T08:13:04.000Z,1
2019-11-05T08:15:50.000Z,1
2019-11-05T08:46:29.000Z,1
2019-11-05T08:47:04.000Z,1
2019-11-05T08:47:47.000Z,1
2019-11-05T09:01:05.000Z,1
2019-11-05T09:24:15.000Z,1
2019-11-05T10:39:02.000Z,1
2019-11-05T11:28:43.000Z,1
2019-11-05T11:47:34.000Z,1
2019-11-05T11:50:02.000Z,1
2019-11-05T13:22:36.000Z,1
2019-11-05T15:40:28.000Z,1
2019-11-05T15:50:10.000Z,1
2019-11-05T15:56:01.000Z,1
2019-11-05T16:18:47.000Z,1
2019-11-05T17:03:18.000Z,1
2019-11-05T17:04:56.000Z,1
2019-11-05T17:12:05.000Z,1
2019-11-05T17:13:21.000Z,1
2019-11-05T17:17:05.000Z,1
2019-11-05T17:19:48.000Z,1
2019-11-05T17:46:56.000Z,1
2019-11-05T18:04:50.000Z,1
2019-11-05T18:07:08.000Z,1
2019-11-05T18:14:21.000Z,2
2019-11-05T18:18:36.000Z,1
2019-11-05T18:45:14.000Z,1
2019-11-05T20:31:41.000Z,2
2019-11-05T21:02:12.000Z,1
2019-11-06T05:36:57.000Z,1
2019-11-06T05:50:00.000Z,1
2019-11-06T06:24:49.000Z,1
2019-11-06T06:37:57.000Z,1
2019-11-06T06:39:57.000Z,1
2019-11-06T06:45:55.000Z,1
2019-11-06T06:55:21.000Z,1
2019-11-06T07:03:08.000Z,1
2019-11-06T07:20:07.000Z,1
2019-11-06T07:41:36.000Z,1
2019-11-06T08:13:59.000Z,2
2019-11-06T08:14:23.000Z,1
2019-11-06T08:38:22.000Z,2
2019-11-06T08:54:47.000Z,1
2019-11-06T09:07:03.000Z,1
2019-11-06T09:15:53.000Z,1
2019-11-06T10:12:43.000Z,1
2019-11-06T10:54:32.000Z,1
2019-11-06T11:54:59.000Z,1
2019-11-06T12:02:38.000Z,1
2019-11-06T12:30:11.000Z,1
2019-11-06T12:43:55.000Z,1
2019-11-06T13:01:31.000Z,1
2019-11-06T13:29:28.000Z,1
2019-11-06T14:20:59.000Z,1
2019-11-06T14:41:42.000Z,1
2019-11-06T15:38:30.000Z,1
2019-11-06T15:39:55.000Z,1
2019-11-06T16:33:53.000Z,1
2019-11-06T17:11:38.000Z,2
2019-11-06T17:14:00.000Z,1
2019-11-06T17:20:13.000Z,1
2019-11-06T17:20:45.000Z,1
2019-11-06T17:31:42.000Z,1
2019-11-06T17:34:52.000Z,1
2019-11-06T17:38:19.000Z,1
2019-11-06T17:40:30.000Z,1
2019-11-06T17:55:35.000Z,1
2019-11-06T17:59:35.000Z,1
2019-11-06T18:05:10.000Z,1
2019-11-06T18:19:17.000Z,1
2019-11-06T18:26:28.000Z,1
2019-11-06T18:26:45.000Z,1
2019-11-06T18:36:08.000Z,1
2019-11-06T19:12:39.000Z,1
2019-11-06T19:19:14.000Z,1
2019-11-06T20:07:17.000Z,1
2019-11-06T20:59:20.000Z,1
2019-11-07T05:52:00.000Z,1
2019-11-07T06:33:58.000Z,1
2019-11-07T06:47:20.000Z,1
2019-11-07T07:11:13.000Z,1
2019-11-07T07:22:08.000Z,1
2019-11-07T07:25:07.000Z,1
2019-11-07T07:51:18.000Z,2
2019-11-07T07:56:41.000Z,2
2019-11-07T07:59:34.000Z,1
2019-11-07T08:02:53.000Z,1
2019-11-07T08:23:02.000Z,1
2019-11-07T08:39:00.000Z,1
2019-11-07T08:40:18.000Z,1
2019-11-07T09:18:20.000Z,1
2019-11-07T11:42:05.000Z,1
2019-11-07T11:45:50.000Z,1
2019-11-07T15:17:47.000Z,1
2019-11-07T15:39:58.000Z,1
2019-11-07T15:54:39.000Z,1
2019-11-07T16:35:20.000Z,1
2019-11-07T17:09:37.000Z,1
2019-11-07T17:37:25.000Z,1
2019-11-07T18:01:35.000Z,1
2019-11-07T18:02:03.000Z,1
2019-11-07T18:15:15.000Z,1
2019-11-07T18:26:04.000Z,1
2019-11-07T18:45:25.000Z,1
2019-11-07T18:45:32.000Z,1
2019-11-07T20:25:32.000Z,1
2019-11-07T20:31:49.000Z,1
2019-11-07T22:38:47.000Z,1
2019-11-07T23:12:53.000Z,1
2019-10-30T20:46:37.000Z,1
2019-10-30T23:00:13.000Z,1
2019-10-31T00:45:48.000Z,1
2019-10-31T06:14:56.000Z,1
2019-10-31T06:51:21.000Z,1
2019-10-31T07:07:33.000Z,1
2019-10-31T07:23:34.000Z,1
2019-10-31T08:17:38.000Z,1
2019-10-31T08:21:11.000Z,1
2019-10-31T08:40:49.000Z,1
2019-10-31T09:48:21.000Z,1
2019-10-31T15:22:54.000Z,1
2019-10-31T16:47:43.000Z,1
2019-10-31T17:23:45.000Z,1
2019-10-31T17:32:45.000Z,2
2019-10-31T17:29:42.000Z,1
2019-10-31T17:50:43.000Z,1
2019-10-31T20:06:56.000Z,1
2019-10-31T22:08:24.000Z,1
2019-11-01T05:53:51.000Z,1
2019-11-01T06:52:49.000Z,2
2019-11-01T06:54:18.000Z,1
2019-11-01T07:29:30.000Z,1
2019-11-01T08:11:31.000Z,1
2019-11-01T15:17:15.000Z,1
2019-11-01T18:55:20.000Z,1
2019-10-31T18:51:10.000Z,1
2019-10-31T21:16:46.000Z,1
2019-10-31T21:44:51.000Z,1
2019-10-31T22:35:21.000Z,1
2019-11-01T00:07:51.000Z,1
2019-11-01T06:49:13.000Z,1
2019-11-01T08:33:18.000Z,1
2019-11-01T08:40:16.000Z,2
2019-11-01T08:43:31.000Z,1
2019-11-01T08:52:36.000Z,1
2019-11-01T09:19:55.000Z,1
2019-11-01T09:38:16.000Z,1
2019-11-01T12:50:02.000Z,1
2019-11-01T14:38:27.000Z,1
2019-11-01T15:34:11.000Z,1
2019-11-01T16:10:03.000Z,2
2019-11-01T16:23:04.000Z,2
2019-11-01T16:58:52.000Z,1
2019-11-01T17:16:15.000Z,1
2019-11-01T17:20:38.000Z,1
2019-11-01T18:20:02.000Z,1
2019-11-01T18:26:01.000Z,1
2019-11-01T18:44:38.000Z,1
2019-11-01T18:53:04.000Z,1
2019-11-01T19:11:47.000Z,1
2019-11-01T19:28:28.000Z,1
2019-11-01T19:43:59.000Z,1
2019-11-01T21:20:26.000Z,1
2019-11-01T22:15:43.000Z,1
2019-11-02T06:07:28.000Z,1
2019-11-02T07:15:59.000Z,1
2019-11-02T08:19:30.000Z,1
2019-11-02T09:24:48.000Z,1
2019-11-02T09:50:23.000Z,1
2019-11-02T09:54:08.000Z,1
2019-11-02T10:16:51.000Z,1
2019-11-02T10:40:40.000Z,1
2019-11-02T10:46:23.000Z,1
2019-11-02T11:33:01.000Z,1
2019-11-02T12:40:28.000Z,1
2019-11-02T13:23:11.000Z,1
2019-11-02T13:44:39.000Z,1
2019-11-02T14:18:51.000Z,1
2019-11-02T14:19:19.000Z,1
2019-11-02T14:26:06.000Z,1
2019-11-02T14:36:36.000Z,1
2019-11-02T14:48:51.000Z,1
2019-11-02T15:29:23.000Z,1
2019-11-02T15:37:03.000Z,1
2019-11-02T16:04:09.000Z,1
2019-11-02T16:19:25.000Z,1
2019-11-02T19:00:58.000Z,1
2019-11-02T20:25:11.000Z,1
2019-11-02T20:34:28.000Z,1
2019-11-02T21:53:43.000Z,1
2019-11-02T23:02:27.000Z,1
2019-11-03T00:11:39.000Z,1
2019-11-03T00:59:31.000Z,1
2019-11-03T01:10:39.000Z,1
2019-11-03T09:26:34.000Z,1
2019-11-03T09:39:31.000Z,1
2019-11-03T09:42:00.000Z,1
2019-11-03T10:14:28.000Z,1
2019-11-03T10:39:14.000Z,1
2019-11-03T11:38:23.000Z,1
2019-11-03T12:07:51.000Z,1
2019-11-03T12:24:46.000Z,1
2019-11-03T12:29:58.000Z,3
2019-11-03T12:51:02.000Z,1
2019-11-03T13:17:30.000Z,1
2019-11-03T13:20:47.000Z,1
2019-11-03T13:49:57.000Z,2
2019-11-03T13:53:49.000Z,1
2019-11-03T14:06:26.000Z,1
2019-11-03T14:12:59.000Z,1
2019-11-03T14:17:56.000Z,1
2019-11-03T14:21:53.000Z,1
2019-11-03T14:28:45.000Z,1
2019-11-03T14:41:06.000Z,1
2019-11-03T14:51:11.000Z,1
2019-11-03T15:23:32.000Z,1
2019-11-03T15:59:42.000Z,1
2019-11-03T16:02:37.000Z,2
2019-11-03T16:10:59.000Z,2
2019-11-03T16:13:36.000Z,1
2019-11-03T16:35:19.000Z,1
2019-11-03T16:46:43.000Z,1
2019-11-03T16:47:02.000Z,1
2019-11-03T17:07:45.000Z,1
2019-11-03T17:41:33.000Z,2
2019-10-31T17:10:14.000Z,1
2019-11-03T18:36:30.000Z,1
2019-11-03T18:43:49.000Z,1
2019-11-03T18:57:09.000Z,1
2019-11-03T19:36:35.000Z,1
2019-11-03T19:49:12.000Z,1
2019-11-04T02:19:53.000Z,1
2019-11-04T06:22:50.000Z,1
2019-11-04T06:47:23.000Z,1
2019-11-04T06:53:08.000Z,1
2019-11-04T07:05:21.000Z,1
2019-11-04T07:53:59.000Z,2
2019-11-04T07:54:38.000Z,2
2019-11-04T08:03:33.000Z,1
2019-11-04T08:04:13.000Z,1
2019-11-04T08:17:53.000Z,2
2019-11-04T08:21:58.000Z,1
2019-11-04T08:22:05.000Z,2
2019-11-04T08:37:37.000Z,1
2019-11-04T08:43:34.000Z,1
2019-11-04T08:50:17.000Z,2
2019-11-04T08:52:54.000Z,1
2019-11-04T09:21:40.000Z,1
2019-11-04T10:00:21.000Z,1
2019-11-04T10:12:34.000Z,1
2019-11-04T11:21:55.000Z,1
2019-11-04T12:17:13.000Z,1
2019-11-04T12:24:00.000Z,1
2019-11-04T12:44:06.000Z,1
2019-11-04T13:01:33.000Z,1
2019-11-04T14:36:26.000Z,1
2019-11-04T15:00:00.000Z,1
2019-11-04T15:48:17.000Z,1
2019-11-04T15:54:57.000Z,1
2019-11-04T16:05:25.000Z,1
2019-11-04T16:08:49.000Z,1
2019-11-04T16:27:48.000Z,1
2019-11-04T16:36:35.000Z,1
2019-11-04T16:47:24.000Z,1
2019-11-04T17:10:31.000Z,1
2019-11-04T17:12:14.000Z,1
2019-11-04T17:18:23.000Z,1
2019-11-04T18:25:25.000Z,1
2019-11-04T18:26:01.000Z,1
2019-11-04T18:32:02.000Z,1
2019-11-04T20:04:27.000Z,1
2019-11-04T20:29:33.000Z,1
2019-11-04T22:02:32.000Z,1
2019-11-04T22:45:34.000Z,1
2019-11-05T05:53:50.000Z,1
2019-11-05T05:56:58.000Z,1
2019-11-05T06:25:15.000Z,1
2019-11-05T06:52:51.000Z,1
2019-11-05T06:59:44.000Z,1
2019-11-05T07:04:44.000Z,1
2019-11-05T07:42:28.000Z,1
2019-11-05T07:56:09.000Z,1
2019-11-05T07:58:47.000Z,1
2019-11-05T08:30:01.000Z,1
2019-11-05T08:53:04.000Z,1
2019-11-05T09:01:19.000Z,1
2019-11-05T09:03:47.000Z,1
2019-11-05T09:10:28.000Z,1
2019-11-05T09:19:52.000Z,1
2019-11-05T09:29:46.000Z,1
2019-11-05T09:37:00.000Z,1
2019-11-05T09:44:23.000Z,2
2019-11-05T10:30:52.000Z,1
2019-11-05T10:53:01.000Z,1
2019-11-05T10:55:30.000Z,1
2019-11-05T11:18:07.000Z,1
2019-11-05T12:04:17.000Z,1
2019-11-05T13:04:03.000Z,1
2019-11-05T13:50:14.000Z,1
2019-11-05T15:48:16.000Z,1
2019-11-05T15:50:58.000Z,1
2019-11-05T16:06:37.000Z,3
2019-11-05T16:09:49.000Z,1
2019-11-05T16:23:06.000Z,1
2019-11-05T16:51:42.000Z,1
2019-11-05T16:58:27.000Z,1
2019-11-05T17:02:23.000Z,2
2019-11-05T17:07:23.000Z,1
2019-11-05T17:18:33.000Z,1
2019-11-05T17:45:28.000Z,1
2019-11-05T17:49:03.000Z,1
2019-11-05T18:15:53.000Z,1
2019-11-05T18:28:27.000Z,1
2019-11-05T18:33:58.000Z,1
2019-11-05T18:47:45.000Z,2
2019-11-05T19:36:21.000Z,1
2019-11-05T19:46:36.000Z,1
2019-11-05T19:55:10.000Z,1
2019-11-05T20:21:18.000Z,2
2019-11-05T20:50:28.000Z,1
2019-11-06T06:12:13.000Z,1
2019-11-06T06:48:13.000Z,1
2019-11-06T06:55:30.000Z,1
2019-11-06T07:49:15.000Z,1
2019-11-06T07:56:23.000Z,1
2019-11-06T08:01:11.000Z,2
2019-11-06T08:02:58.000Z,1
2019-11-06T08:04:57.000Z,1
2019-11-06T08:07:36.000Z,1
2019-11-06T08:15:34.000Z,1
2019-11-06T08:21:05.000Z,1
2019-11-06T08:24:07.000Z,1
2019-11-06T08:54:54.000Z,1
2019-11-06T08:46:29.000Z,1
2019-11-06T08:57:24.000Z,1
2019-11-06T09:01:19.000Z,1
2019-11-06T09:21:12.000Z,1
2019-11-06T10:43:21.000Z,1
2019-11-06T11:28:40.000Z,1
2019-11-06T11:53:57.000Z,1
2019-11-06T12:08:42.000Z,1
2019-11-06T13:56:44.000Z,1
2019-11-06T14:11:54.000Z,1
2019-11-06T14:29:37.000Z,1
2019-11-06T15:46:11.000Z,1
2019-11-06T15:47:28.000Z,1
2019-11-06T16:07:10.000Z,1
2019-11-06T16:28:16.000Z,1
2019-11-06T16:31:47.000Z,1
2019-11-06T16:37:29.000Z,1
2019-11-06T16:55:16.000Z,1
2019-11-06T17:05:31.000Z,1
2019-11-06T17:35:41.000Z,1
2019-11-06T17:40:23.000Z,1
2019-11-06T17:44:39.000Z,1
2019-11-06T17:55:03.000Z,1
2019-11-06T18:01:53.000Z,1
2019-11-06T18:07:19.000Z,1
2019-11-06T18:11:23.000Z,1
2019-11-06T18:23:04.000Z,1
2019-11-06T18:28:18.000Z,1
2019-11-06T18:35:40.000Z,1
2019-11-06T18:37:14.000Z,1
2019-11-06T19:32:04.000Z,1
2019-11-06T19:38:50.000Z,1
2019-11-06T19:45:48.000Z,1
2019-11-06T19:51:57.000Z,1
2019-11-06T20:02:00.000Z,1
2019-11-07T04:13:55.000Z,1
2019-11-07T06:53:57.000Z,1
2019-11-07T07:09:48.000Z,1
2019-11-07T07:40:25.000Z,1
2019-11-07T07:58:25.000Z,1
2019-11-07T08:03:19.000Z,1
2019-11-07T08:18:33.000Z,1
2019-11-07T08:58:50.000Z,1
2019-11-07T08:58:59.000Z,1
2019-11-07T09:10:38.000Z,1
2019-11-07T10:16:11.000Z,1
2019-11-07T10:42:01.000Z,1
2019-11-07T11:14:26.000Z,1
2019-11-07T12:27:52.000Z,1
2019-11-07T12:31:32.000Z,2
2019-11-07T13:51:55.000Z,1
2019-11-07T14:00:09.000Z,1
2019-11-07T14:15:11.000Z,1
2019-11-07T14:24:45.000Z,1
2019-11-07T14:41:46.000Z,1
2019-11-07T15:11:29.000Z,1
2019-11-07T15:22:12.000Z,1
2019-11-07T16:05:01.000Z,1
2019-11-07T16:38:20.000Z,1
2019-11-07T16:56:29.000Z,1
2019-11-07T17:16:24.000Z,1
2019-11-07T17:18:56.000Z,1
2019-11-07T18:02:52.000Z,2
2019-11-07T18:26:36.000Z,1
2019-11-07T18:51:42.000Z,1
2019-11-07T19:34:53.000Z,1
2019-11-07T20:35:44.000Z,2
2019-11-07T20:56:21.000Z,1
2019-11-08T05:31:19.000Z,1
2019-10-30T21:20:01.000Z,1
2019-10-31T05:50:38.000Z,1
2019-10-31T06:50:54.000Z,1
2019-10-31T07:07:20.000Z,1
2019-10-31T07:49:34.000Z,1
2019-10-31T08:09:26.000Z,1
2019-10-31T11:59:58.000Z,1
2019-10-31T12:28:22.000Z,1
2019-10-31T15:48:08.000Z,1
2019-10-31T16:27:24.000Z,1
2019-10-31T16:38:11.000Z,2
2019-10-31T16:56:40.000Z,1
2019-10-31T16:56:59.000Z,1
2019-10-31T16:59:29.000Z,1
2019-10-31T17:31:55.000Z,2
2019-10-31T18:59:42.000Z,1
2019-10-31T21:36:03.000Z,1
2019-11-01T07:33:51.000Z,2
2019-11-01T07:56:01.000Z,1
2019-11-01T07:57:54.000Z,1
2019-11-01T09:03:47.000Z,1
2019-11-01T11:43:08.000Z,1
2019-11-01T13:35:30.000Z,1
2019-11-01T14:16:07.000Z,1
2019-11-01T16:39:47.000Z,1
2019-11-01T17:16:08.000Z,1
2019-10-31T10:51:48.000Z,1
2019-10-31T11:52:42.000Z,1
2019-10-31T12:31:51.000Z,1
2019-10-31T18:50:37.000Z,1
2019-11-01T02:44:15.000Z,1
2019-11-01T05:33:11.000Z,1
2019-11-01T07:19:15.000Z,1
2019-11-01T08:16:11.000Z,1
2019-11-01T08:20:34.000Z,1
2019-11-01T08:30:11.000Z,1
2019-11-01T08:45:42.000Z,1
2019-11-01T13:55:02.000Z,1
2019-11-01T14:03:18.000Z,1
2019-11-01T14:52:51.000Z,1
2019-11-01T15:08:14.000Z,1
2019-11-01T15:29:52.000Z,1
2019-11-01T16:17:36.000Z,1
2019-11-01T16:28:25.000Z,1
2019-11-01T17:22:27.000Z,1
2019-11-01T17:26:25.000Z,1
2019-11-01T17:42:33.000Z,2
2019-11-01T20:16:53.000Z,1
2019-11-01T22:00:55.000Z,1
2019-11-01T22:56:26.000Z,1
2019-11-01T23:16:10.000Z,1
2019-11-01T23:54:53.000Z,1
2019-11-02T08:26:10.000Z,1
2019-11-02T08:46:40.000Z,1
2019-11-02T10:16:34.000Z,1
2019-11-02T10:50:38.000Z,1
2019-11-02T11:43:07.000Z,1
2019-11-02T12:28:34.000Z,1
2019-11-02T13:54:03.000Z,1
2019-11-02T14:00:25.000Z,1
2019-11-02T14:05:03.000Z,1
2019-11-02T14:12:19.000Z,1
2019-11-02T14:18:19.000Z,1
2019-11-02T14:36:20.000Z,1
2019-11-02T14:36:44.000Z,1
2019-11-02T14:48:34.000Z,1
2019-11-02T15:07:52.000Z,1
2019-11-02T15:16:25.000Z,1
2019-11-02T16:01:45.000Z,1
2019-11-02T17:12:23.000Z,1
2019-11-02T17:14:16.000Z,1
2019-11-02T17:47:09.000Z,1
2019-11-02T18:02:39.000Z,1
2019-11-02T18:48:18.000Z,1
2019-11-02T19:51:14.000Z,2
2019-11-02T22:59:39.000Z,1
2019-11-03T00:50:46.000Z,1
2019-11-03T06:14:27.000Z,1
2019-11-03T06:39:29.000Z,1
2019-11-03T07:12:50.000Z,1
2019-11-03T09:34:18.000Z,1
2019-11-03T10:06:04.000Z,1
2019-11-03T11:08:33.000Z,1
2019-11-03T12:04:13.000Z,1
2019-11-03T12:08:04.000Z,3
2019-11-03T12:08:43.000Z,1
2019-11-03T12:16:23.000Z,1
2019-11-03T12:17:16.000Z,1
2019-11-03T12:57:10.000Z,1
2019-11-03T13:00:40.000Z,1
2019-11-03T13:18:01.000Z,1
2019-11-03T13:34:12.000Z,1
2019-11-03T13:47:23.000Z,1
2019-11-03T13:55:48.000Z,2
2019-11-03T14:07:11.000Z,1
2019-11-03T14:16:44.000Z,1
2019-11-03T14:45:05.000Z,1
2019-11-03T15:00:57.000Z,2
2019-11-03T15:05:02.000Z,1
2019-11-03T16:08:37.000Z,1
2019-11-03T16:17:11.000Z,1
2019-11-03T16:25:31.000Z,1
2019-11-03T16:37:10.000Z,1
2019-11-03T16:41:12.000Z,3
2019-11-03T16:49:58.000Z,1
2019-11-03T16:53:54.000Z,1
2019-11-03T17:05:21.000Z,1
2019-11-03T17:15:20.000Z,1
2019-11-03T17:50:30.000Z,1
2019-11-03T17:58:14.000Z,1
2019-11-03T18:05:29.000Z,1
2019-10-31T16:18:44.000Z,1
2019-11-03T18:46:46.000Z,1
2019-11-03T19:01:07.000Z,1
2019-11-03T19:44:37.000Z,1
2019-11-03T19:57:11.000Z,2
2019-11-03T20:12:26.000Z,1
2019-11-03T20:31:22.000Z,1
2019-11-03T20:53:19.000Z,1
2019-11-04T00:47:05.000Z,1
2019-11-04T06:32:46.000Z,1
2019-11-04T06:36:17.000Z,1
2019-11-04T06:54:48.000Z,1
2019-11-04T07:14:57.000Z,1
2019-11-04T07:34:17.000Z,1
2019-11-04T07:55:53.000Z,1
2019-11-04T07:59:39.000Z,1
2019-11-04T08:01:25.000Z,2
2019-11-04T08:13:58.000Z,1
2019-11-04T08:19:07.000Z,1
2019-11-04T08:38:33.000Z,1
2019-11-04T08:39:17.000Z,2
2019-11-04T08:51:23.000Z,1
2019-11-04T08:59:53.000Z,1
2019-11-04T09:28:21.000Z,1
2019-11-04T09:37:22.000Z,1
2019-11-04T09:38:11.000Z,1
2019-11-04T11:24:06.000Z,1
2019-11-04T12:49:44.000Z,1
2019-11-04T13:56:02.000Z,1
2019-11-04T14:28:32.000Z,1
2019-11-04T14:52:08.000Z,1
2019-11-04T15:36:17.000Z,1
2019-11-04T16:18:18.000Z,1
2019-11-04T16:34:13.000Z,1
2019-11-04T17:09:14.000Z,1
2019-11-04T17:14:11.000Z,1
2019-11-04T17:25:16.000Z,1
2019-11-04T17:27:53.000Z,1
2019-11-04T17:34:09.000Z,2
2019-11-04T17:38:28.000Z,1
2019-11-04T17:45:51.000Z,1
2019-11-04T17:48:19.000Z,1
2019-11-04T17:51:34.000Z,1
2019-11-04T18:09:06.000Z,2
2019-11-04T18:12:57.000Z,1
2019-11-04T18:19:43.000Z,1
2019-11-04T18:36:02.000Z,1
2019-11-04T18:36:33.000Z,1
2019-11-04T19:25:37.000Z,1
2019-11-04T19:33:36.000Z,1
2019-11-04T20:34:10.000Z,1
2019-11-04T20:34:24.000Z,1
2019-11-04T20:59:39.000Z,1
2019-11-04T21:19:24.000Z,1
2019-11-04T22:29:15.000Z,1
2019-11-04T23:05:50.000Z,1
2019-11-04T23:52:27.000Z,1
2019-11-05T00:08:47.000Z,1
2019-11-05T05:43:16.000Z,1
2019-11-05T06:01:57.000Z,1
2019-11-05T06:46:25.000Z,2
2019-11-05T07:07:10.000Z,1
2019-11-05T07:07:46.000Z,1
2019-11-05T07:33:09.000Z,1
2019-11-05T08:23:23.000Z,1
2019-11-05T08:24:23.000Z,1
2019-11-05T08:27:26.000Z,1
2019-11-05T08:37:41.000Z,1
2019-11-05T08:45:37.000Z,1
2019-11-05T08:59:44.000Z,1
2019-11-05T09:05:57.000Z,1
2019-11-05T09:17:25.000Z,1
2019-11-05T09:44:45.000Z,1
2019-11-05T10:58:30.000Z,1
2019-11-05T11:28:51.000Z,1
2019-11-05T11:32:20.000Z,1
2019-11-05T13:26:32.000Z,1
2019-11-05T14:22:47.000Z,1
2019-11-05T14:24:23.000Z,1
2019-11-05T15:11:18.000Z,1
2019-11-05T15:25:55.000Z,1
2019-11-05T15:44:27.000Z,1
2019-11-05T15:51:41.000Z,1
2019-11-05T15:55:40.000Z,1
2019-11-05T16:20:03.000Z,1
2019-11-05T16:22:49.000Z,1
2019-11-05T16:34:02.000Z,1
2019-11-05T17:01:35.000Z,2
2019-11-05T17:07:09.000Z,1
2019-11-05T17:29:16.000Z,1
2019-11-05T17:31:52.000Z,2
2019-11-05T17:43:28.000Z,1
2019-11-05T17:45:55.000Z,1
2019-11-05T17:50:04.000Z,1
2019-11-05T18:03:19.000Z,1
2019-11-05T18:23:48.000Z,1
2019-11-05T18:27:51.000Z,1
2019-11-05T18:47:33.000Z,1
2019-11-05T19:56:16.000Z,1
2019-11-05T20:23:12.000Z,1
2019-11-05T20:43:03.000Z,1
2019-11-06T06:15:33.000Z,1
2019-11-06T06:43:35.000Z,1
2019-11-06T06:51:46.000Z,1
2019-11-06T07:13:01.000Z,1
2019-11-06T07:18:39.000Z,1
2019-11-06T07:20:34.000Z,1
2019-11-06T07:22:37.000Z,1
2019-11-06T07:28:14.000Z,1
2019-11-06T07:35:17.000Z,1
2019-11-06T07:41:44.000Z,1
2019-11-06T08:07:50.000Z,1
2019-11-06T08:27:15.000Z,1
2019-11-06T08:28:00.000Z,2
2019-11-06T08:28:51.000Z,1
2019-11-06T08:32:08.000Z,1
2019-11-06T08:32:47.000Z,1
2019-11-06T08:33:19.000Z,1
2019-11-06T08:35:35.000Z,1
2019-11-06T08:35:58.000Z,2
2019-11-06T08:51:35.000Z,1
2019-11-06T08:51:55.000Z,1
2019-11-06T09:10:03.000Z,1
2019-11-06T09:53:09.000Z,1
2019-11-06T10:12:56.000Z,1
2019-11-06T11:35:47.000Z,1
2019-11-06T11:45:36.000Z,1
2019-11-06T12:33:56.000Z,1
2019-11-06T12:40:56.000Z,1
2019-11-06T13:31:01.000Z,1
2019-11-06T13:40:56.000Z,1
2019-11-06T15:10:46.000Z,1
2019-11-06T15:51:27.000Z,1
2019-11-06T16:00:59.000Z,1
2019-11-06T16:02:49.000Z,1
2019-11-06T16:14:53.000Z,1
2019-11-06T16:26:50.000Z,1
2019-11-06T16:30:49.000Z,1
2019-11-06T16:31:35.000Z,1
2019-11-06T17:03:27.000Z,1
2019-11-06T17:35:58.000Z,2
2019-11-06T17:48:38.000Z,1
2019-11-06T17:51:27.000Z,1
2019-11-06T18:12:35.000Z,3
2019-11-06T21:40:45.000Z,1
2019-11-06T22:22:57.000Z,1
2019-11-07T04:57:25.000Z,1
2019-11-07T05:47:49.000Z,1
2019-11-07T06:02:12.000Z,1
2019-11-07T07:08:36.000Z,1
2019-11-07T08:03:10.000Z,1
2019-11-07T10:50:09.000Z,2
2019-11-07T12:06:23.000Z,1
2019-11-07T13:05:59.000Z,1
2019-11-07T13:50:25.000Z,1
2019-11-07T14:06:26.000Z,1
2019-11-07T16:05:20.000Z,1
2019-11-07T16:11:19.000Z,1
2019-11-07T16:36:07.000Z,1
2019-11-07T16:40:07.000Z,1
2019-11-07T16:49:58.000Z,1
2019-11-07T17:01:54.000Z,1
2019-11-07T17:08:57.000Z,1
2019-11-07T17:17:38.000Z,1
2019-11-07T17:19:04.000Z,1
2019-11-07T17:30:02.000Z,1
2019-11-07T17:42:59.000Z,1
2019-11-07T18:12:03.000Z,1
2019-11-07T18:22:34.000Z,2
2019-11-07T20:10:01.000Z,1
2019-11-07T20:15:36.000Z,1
2019-11-07T21:33:41.000Z,1
2019-11-07T21:53:48.000Z,1
2019-11-08T01:09:31.000Z,1
2019-10-30T18:58:44.000Z,2
2019-10-31T05:35:39.000Z,1
2019-10-31T07:38:38.000Z,1
2019-10-31T07:44:17.000Z,1
2019-10-31T07:49:11.000Z,1
2019-10-31T08:03:14.000Z,1
2019-10-31T08:05:07.000Z,1
2019-10-31T08:35:44.000Z,1
2019-10-31T09:57:41.000Z,1
2019-10-31T10:49:34.000Z,1
2019-10-31T14:42:21.000Z,1
2019-10-31T18:30:09.000Z,1
2019-11-01T06:59:00.000Z,2
2019-11-01T07:57:15.000Z,1
2019-11-01T16:38:46.000Z,1
2019-11-02T13:36:17.000Z,1
2019-11-02T21:10:53.000Z,1
2019-10-31T08:30:04.000Z,1
2019-10-31T19:45:47.000Z,1
2019-10-31T20:28:47.000Z,1
2019-10-31T22:05:04.000Z,1
2019-11-01T05:44:19.000Z,1
2019-11-01T06:41:35.000Z,1
2019-11-01T07:37:12.000Z,1
2019-11-01T08:37:38.000Z,1
2019-11-01T08:47:29.000Z,2
2019-11-01T10:12:05.000Z,1
2019-11-01T10:38:53.000Z,2
2019-11-01T10:44:10.000Z,1
2019-11-01T10:46:26.000Z,1
2019-11-01T12:31:16.000Z,1
2019-11-01T14:40:30.000Z,1
2019-11-01T15:21:42.000Z,2
2019-11-01T15:22:35.000Z,1
2019-11-01T15:44:18.000Z,1
2019-11-01T15:52:58.000Z,1
2019-11-01T16:29:56.000Z,1
2019-11-01T16:31:12.000Z,1
2019-11-01T16:40:58.000Z,1
2019-11-01T16:49:03.000Z,1
2019-11-01T16:56:11.000Z,1
2019-11-01T17:07:04.000Z,1
2019-11-01T17:10:10.000Z,2
2019-11-01T17:14:45.000Z,1
2019-11-01T17:14:52.000Z,1
2019-11-01T18:01:52.000Z,1
2019-11-01T18:29:59.000Z,1
2019-11-01T18:45:15.000Z,1
2019-11-01T20:38:48.000Z,1
2019-11-01T22:33:51.000Z,1
2019-11-02T03:27:42.000Z,1
2019-11-02T07:40:04.000Z,1
2019-11-02T08:54:01.000Z,1
2019-11-02T09:41:12.000Z,1
2019-11-02T09:46:38.000Z,1
2019-11-02T09:51:17.000Z,1
2019-11-02T11:18:42.000Z,1
2019-11-02T12:02:23.000Z,1
2019-11-02T12:13:47.000Z,1
2019-11-02T13:12:46.000Z,1
2019-11-02T13:32:13.000Z,1
2019-11-02T14:21:26.000Z,1
2019-11-02T14:38:32.000Z,1
2019-11-02T14:52:59.000Z,1
2019-11-02T15:24:52.000Z,1
2019-11-02T16:30:44.000Z,2
2019-11-02T16:54:23.000Z,1
2019-11-02T17:29:06.000Z,1
2019-11-02T18:59:47.000Z,1
2019-11-02T19:42:57.000Z,1
2019-11-03T10:19:15.000Z,1
2019-11-03T11:09:13.000Z,1
2019-11-03T11:34:05.000Z,1
2019-11-03T12:06:31.000Z,1
2019-11-03T12:43:46.000Z,1
2019-11-03T12:57:47.000Z,2
2019-11-03T13:03:28.000Z,1
2019-11-03T14:48:17.000Z,1
2019-11-03T14:51:22.000Z,1
2019-11-03T15:10:24.000Z,1
2019-11-03T15:20:26.000Z,1
2019-11-03T15:54:35.000Z,1
2019-11-03T16:18:51.000Z,1
2019-11-03T16:38:18.000Z,1
2019-11-03T16:48:52.000Z,1
2019-11-03T17:46:01.000Z,1
2019-11-03T17:58:03.000Z,1
2019-11-03T18:27:13.000Z,1
2019-11-03T18:36:36.000Z,1
2019-11-03T19:12:47.000Z,1
2019-11-03T20:44:17.000Z,2
2019-11-03T21:45:54.000Z,1
2019-11-03T21:56:43.000Z,1
2019-11-03T22:26:32.000Z,1
2019-11-03T22:29:16.000Z,1
2019-11-03T23:37:52.000Z,1
2019-11-04T05:36:43.000Z,2
2019-11-04T07:12:52.000Z,1
2019-11-04T07:15:51.000Z,1
2019-11-04T07:29:32.000Z,1
2019-11-04T07:45:59.000Z,1
2019-11-04T07:50:59.000Z,3
2019-11-04T07:57:49.000Z,1
2019-11-04T08:04:25.000Z,1
2019-11-04T08:04:26.000Z,1
2019-11-04T08:17:13.000Z,1
2019-11-04T08:23:44.000Z,1
2019-11-04T08:59:45.000Z,2
2019-11-04T10:10:11.000Z,1
2019-11-04T10:10:36.000Z,1
2019-11-04T10:27:33.000Z,1
2019-11-04T10:38:53.000Z,1
2019-11-04T10:47:22.000Z,1
2019-11-04T11:49:46.000Z,2
2019-11-04T11:54:22.000Z,1
2019-11-04T13:21:44.000Z,1
2019-11-04T13:50:32.000Z,1
2019-11-04T13:54:49.000Z,1
2019-11-04T15:46:11.000Z,1
2019-11-04T16:28:01.000Z,1
2019-11-04T16:42:18.000Z,1
2019-11-04T16:58:06.000Z,1
2019-11-04T17:01:55.000Z,1
2019-11-04T17:18:40.000Z,2
2019-11-04T17:20:12.000Z,1
2019-11-04T17:32:00.000Z,1
2019-11-04T17:33:07.000Z,1
2019-11-04T17:35:12.000Z,1
2019-11-04T17:38:42.000Z,3
2019-11-04T18:16:19.000Z,1
2019-11-04T18:17:00.000Z,1
2019-11-04T19:02:54.000Z,1
2019-11-04T19:04:12.000Z,1
2019-11-04T19:07:24.000Z,2
2019-11-04T19:17:54.000Z,1
2019-11-04T19:18:02.000Z,1
2019-11-04T19:38:47.000Z,1
2019-11-04T20:09:11.000Z,1
2019-11-04T20:09:59.000Z,1
2019-11-04T21:27:44.000Z,1
2019-11-04T21:48:23.000Z,1
2019-11-05T04:52:40.000Z,1
2019-11-05T05:35:39.000Z,2
2019-11-05T05:57:11.000Z,1
2019-11-05T06:13:21.000Z,1
2019-11-05T06:27:51.000Z,1
2019-11-05T06:31:43.000Z,1
2019-11-05T06:47:22.000Z,1
2019-11-05T07:15:26.000Z,1
2019-11-05T07:15:41.000Z,1
2019-11-05T07:53:53.000Z,3
2019-11-05T07:56:48.000Z,1
2019-11-05T07:58:17.000Z,1
2019-11-05T08:00:04.000Z,1
2019-11-05T08:06:14.000Z,1
2019-11-05T08:17:28.000Z,1
2019-11-05T08:26:25.000Z,1
2019-11-05T08:41:49.000Z,1
2019-11-05T08:50:28.000Z,1
2019-11-05T09:10:44.000Z,1
2019-11-05T09:11:36.000Z,1
2019-11-05T09:47:18.000Z,1
2019-11-05T10:08:59.000Z,1
2019-11-05T10:36:32.000Z,1
2019-11-05T11:02:34.000Z,1
2019-11-05T11:26:58.000Z,1
2019-11-05T11:42:14.000Z,1
2019-11-05T13:02:18.000Z,1
2019-11-05T13:05:49.000Z,1
2019-11-05T14:43:11.000Z,1
2019-11-05T14:53:32.000Z,1
2019-11-05T15:14:49.000Z,1
2019-11-05T15:33:07.000Z,1
2019-11-05T15:54:42.000Z,1
2019-11-05T16:25:19.000Z,1
2019-11-05T16:33:57.000Z,1
2019-11-05T16:51:23.000Z,2
2019-11-05T16:58:47.000Z,1
2019-11-05T17:38:57.000Z,2
2019-11-05T17:40:44.000Z,1
2019-11-05T17:43:19.000Z,1
2019-11-05T17:53:05.000Z,2
2019-11-05T17:57:50.000Z,1
2019-11-05T18:17:44.000Z,1
2019-11-05T18:24:37.000Z,2
2019-11-05T19:13:46.000Z,1
2019-11-05T19:14:41.000Z,1
2019-11-05T19:19:16.000Z,1
2019-11-05T19:50:43.000Z,1
2019-11-05T19:55:12.000Z,1
2019-11-05T20:25:41.000Z,1
2019-11-06T05:38:17.000Z,1
2019-11-06T06:10:07.000Z,1
2019-11-06T06:19:03.000Z,1
2019-11-06T07:17:55.000Z,1
2019-11-06T07:35:19.000Z,1
2019-11-06T08:11:48.000Z,1
2019-11-06T08:30:34.000Z,1
2019-11-06T08:43:10.000Z,1
2019-11-06T08:45:31.000Z,1
2019-11-06T09:06:22.000Z,1
2019-11-06T09:06:23.000Z,1
2019-11-06T09:19:41.000Z,1
2019-11-06T09:47:00.000Z,1
2019-11-06T10:24:59.000Z,1
2019-11-06T10:59:50.000Z,1
2019-11-06T11:41:45.000Z,1
2019-11-06T12:21:51.000Z,1
2019-11-06T12:39:57.000Z,1
2019-11-06T13:50:53.000Z,1
2019-11-06T13:55:23.000Z,1
2019-11-06T14:05:59.000Z,1
2019-11-06T14:38:37.000Z,1
2019-11-06T14:44:15.000Z,1
2019-11-06T15:10:14.000Z,1
2019-11-06T15:24:50.000Z,2
2019-11-06T16:02:54.000Z,1
2019-11-06T16:28:05.000Z,1
2019-11-06T16:38:50.000Z,1
2019-11-06T16:39:51.000Z,1
2019-11-06T16:40:33.000Z,1
2019-11-06T16:44:07.000Z,1
2019-11-06T16:51:34.000Z,1
2019-11-06T16:52:31.000Z,1
2019-11-06T17:01:30.000Z,2
2019-11-06T17:12:04.000Z,1
2019-11-06T17:13:36.000Z,1
2019-11-06T17:20:10.000Z,1
2019-11-06T17:38:17.000Z,1
2019-11-06T17:52:44.000Z,1
2019-11-06T18:05:27.000Z,1
2019-11-06T18:05:50.000Z,1
2019-11-06T18:16:18.000Z,1
2019-11-06T18:17:40.000Z,1
2019-11-06T18:21:55.000Z,1
2019-11-06T18:37:39.000Z,1
2019-11-06T18:39:43.000Z,1
2019-11-06T20:10:18.000Z,1
2019-11-06T22:19:00.000Z,1
2019-11-07T05:54:13.000Z,1
2019-11-07T06:08:29.000Z,1
2019-11-07T06:40:39.000Z,2
2019-11-07T06:41:20.000Z,1
2019-11-07T07:16:13.000Z,1
2019-11-07T07:23:28.000Z,1
2019-11-07T07:33:19.000Z,2
2019-11-07T07:59:45.000Z,1
2019-11-07T08:03:34.000Z,1
2019-11-07T08:05:02.000Z,2
2019-11-07T08:21:51.000Z,1
2019-11-07T08:28:17.000Z,1
2019-11-07T08:31:40.000Z,1
2019-11-07T08:52:49.000Z,2
2019-11-07T09:02:53.000Z,1
2019-11-07T09:25:35.000Z,1
2019-11-07T09:51:59.000Z,1
2019-11-07T10:03:26.000Z,1
2019-11-07T10:09:38.000Z,1
2019-11-07T11:25:51.000Z,1
2019-11-07T12:31:42.000Z,1
2019-11-07T12:38:00.000Z,1
2019-11-07T12:44:34.000Z,1
2019-11-07T12:51:38.000Z,2
2019-11-07T13:59:31.000Z,1
2019-11-07T15:32:11.000Z,1
2019-11-07T15:35:51.000Z,1
2019-11-07T15:51:53.000Z,1
2019-11-07T16:05:23.000Z,1
2019-11-07T16:06:54.000Z,2
2019-11-07T16:15:45.000Z,1
2019-11-07T17:07:46.000Z,1
2019-11-07T17:14:47.000Z,1
2019-11-07T17:17:00.000Z,1
2019-11-07T17:18:10.000Z,1
2019-11-07T17:23:48.000Z,1
2019-11-07T17:34:29.000Z,1
2019-11-07T18:16:25.000Z,1
2019-11-07T19:06:18.000Z,1
2019-11-07T19:23:50.000Z,1
2019-11-07T22:55:34.000Z,1
2019-10-30T19:23:25.000Z,1
2019-10-30T21:34:03.000Z,1
2019-10-31T04:41:48.000Z,1
2019-10-31T06:11:10.000Z,1
2019-10-31T07:19:22.000Z,1
2019-10-31T07:42:38.000Z,1
2019-10-31T08:28:38.000Z,1
2019-10-31T09:07:02.000Z,1
2019-10-31T09:21:40.000Z,1
2019-10-31T10:27:31.000Z,1
2019-10-31T10:41:28.000Z,1
2019-10-31T12:16:47.000Z,1
2019-10-31T14:01:42.000Z,1
2019-10-31T16:51:39.000Z,1
2019-10-31T17:27:15.000Z,1
2019-10-31T18:34:37.000Z,1
2019-10-31T18:55:28.000Z,1
2019-11-01T07:02:47.000Z,1
2019-11-01T07:08:51.000Z,1
2019-11-01T07:37:39.000Z,1
2019-11-01T08:02:35.000Z,1
2019-11-01T08:08:02.000Z,1
2019-11-01T09:32:27.000Z,1
2019-11-01T10:47:04.000Z,1
2019-11-01T11:15:39.000Z,1
2019-11-01T12:38:17.000Z,1
2019-10-31T07:26:01.000Z,1
2019-10-31T12:22:15.000Z,1
2019-10-31T13:35:05.000Z,1
2019-10-31T17:18:42.000Z,1
2019-10-31T17:34:22.000Z,1
2019-11-01T07:47:24.000Z,1
2019-11-01T07:58:36.000Z,1
2019-11-01T09:43:51.000Z,1
2019-11-01T10:34:40.000Z,1
2019-11-01T11:47:57.000Z,1
2019-11-01T11:57:12.000Z,1
2019-11-01T13:02:28.000Z,1
2019-11-01T13:32:30.000Z,1
2019-11-01T15:25:25.000Z,1
2019-11-01T15:32:40.000Z,1
2019-11-01T15:40:02.000Z,1
2019-11-01T16:03:00.000Z,1
2019-11-01T16:08:13.000Z,2
2019-11-01T16:18:01.000Z,2
2019-11-01T17:25:28.000Z,1
2019-11-01T17:38:29.000Z,1
2019-11-01T17:40:15.000Z,1
2019-11-01T18:02:19.000Z,1
2019-11-01T18:17:03.000Z,1
2019-11-01T18:38:06.000Z,1
2019-11-01T18:46:05.000Z,2
2019-11-01T18:53:11.000Z,1
2019-11-01T19:45:03.000Z,1
2019-11-01T20:09:56.000Z,1
2019-11-01T23:14:50.000Z,1
2019-11-01T23:24:13.000Z,1
2019-11-02T03:24:05.000Z,1
2019-11-02T07:12:10.000Z,1
2019-11-02T07:42:00.000Z,1
2019-11-02T09:18:41.000Z,2
2019-11-02T09:36:19.000Z,1
2019-11-02T10:11:19.000Z,1
2019-11-02T10:13:40.000Z,1
2019-11-02T10:19:36.000Z,1
2019-11-02T12:53:06.000Z,1
2019-11-02T13:46:07.000Z,1
2019-11-02T14:13:24.000Z,1
2019-11-02T14:19:16.000Z,1
2019-11-02T14:21:14.000Z,1
2019-11-02T14:21:29.000Z,1
2019-11-02T14:57:01.000Z,1
2019-11-02T15:38:33.000Z,1
2019-11-02T16:48:30.000Z,1
2019-11-02T17:43:19.000Z,1
2019-11-02T18:24:01.000Z,1
2019-11-02T18:24:23.000Z,1
2019-11-02T20:09:01.000Z,1
2019-11-02T22:59:58.000Z,1
2019-11-02T23:29:38.000Z,2
2019-11-03T00:09:44.000Z,1
2019-11-03T00:25:36.000Z,1
2019-11-03T09:00:53.000Z,2
2019-11-03T09:18:02.000Z,1
2019-11-03T09:59:23.000Z,1
2019-11-03T11:31:57.000Z,1
2019-11-03T11:37:08.000Z,1
2019-11-03T12:14:42.000Z,1
2019-11-03T12:19:57.000Z,1
2019-11-03T12:56:36.000Z,1
2019-11-03T12:57:02.000Z,1
2019-11-03T13:21:18.000Z,1
2019-11-03T13:26:54.000Z,1
2019-11-03T14:13:42.000Z,1
2019-11-03T15:02:09.000Z,1
2019-11-03T15:18:26.000Z,1
2019-11-03T15:27:04.000Z,1
2019-11-03T16:25:45.000Z,1
2019-11-03T17:16:38.000Z,1
2019-11-03T17:39:49.000Z,1
2019-11-03T17:55:51.000Z,1
2019-11-03T18:03:28.000Z,1
2019-11-03T18:09:10.000Z,1
2019-11-03T22:09:24.000Z,1
2019-11-04T06:19:22.000Z,1
2019-11-04T06:54:10.000Z,1
2019-11-04T07:07:20.000Z,1
2019-11-04T07:13:29.000Z,1
2019-11-04T07:19:46.000Z,1
2019-11-04T07:59:28.000Z,1
2019-11-04T08:14:56.000Z,1
2019-11-04T08:31:47.000Z,2
2019-11-04T08:47:55.000Z,2
2019-11-04T10:16:20.000Z,1
2019-11-04T11:19:23.000Z,1
2019-11-04T11:27:56.000Z,1
2019-11-04T12:09:08.000Z,1
2019-11-04T12:45:15.000Z,1
2019-11-04T13:05:32.000Z,1
2019-11-04T13:38:26.000Z,1
2019-11-04T14:10:42.000Z,1
2019-11-04T14:18:00.000Z,1
2019-11-04T14:38:06.000Z,1
2019-11-04T14:44:40.000Z,1
2019-11-04T15:34:08.000Z,1
2019-11-04T16:27:27.000Z,2
2019-11-04T16:31:12.000Z,1
2019-11-04T16:41:44.000Z,1
2019-11-04T16:47:13.000Z,1
2019-11-04T16:48:17.000Z,1
2019-11-04T16:49:18.000Z,1
2019-11-04T16:59:36.000Z,1
2019-11-04T17:29:38.000Z,1
2019-11-04T17:32:07.000Z,1
2019-11-04T17:40:57.000Z,1
2019-11-04T18:10:03.000Z,1
2019-11-04T18:14:14.000Z,2
2019-11-04T19:05:07.000Z,1
2019-11-04T19:32:03.000Z,1
2019-11-04T19:34:30.000Z,1
2019-11-04T20:05:22.000Z,1
2019-11-04T20:18:25.000Z,1
2019-11-04T20:32:16.000Z,1
2019-11-04T20:32:50.000Z,1
2019-11-04T20:35:09.000Z,1
2019-11-04T20:47:08.000Z,1
2019-11-05T05:52:13.000Z,1
2019-11-05T06:51:14.000Z,1
2019-11-05T06:59:46.000Z,2
2019-11-05T07:31:51.000Z,1
2019-11-05T07:36:21.000Z,2
2019-11-05T07:54:06.000Z,1
2019-11-05T08:01:59.000Z,1
2019-11-05T08:07:53.000Z,2
2019-11-05T08:13:51.000Z,1
2019-11-05T08:30:35.000Z,1
2019-11-05T08:34:22.000Z,1
2019-11-05T08:34:47.000Z,2
2019-11-05T08:43:55.000Z,1
2019-11-05T08:44:36.000Z,1
2019-11-05T08:51:43.000Z,1
2019-11-05T08:55:31.000Z,1
2019-11-05T08:57:42.000Z,1
2019-11-05T09:15:55.000Z,1
2019-11-05T11:22:47.000Z,1
2019-11-05T12:06:39.000Z,1
2019-11-05T12:23:28.000Z,1
2019-11-05T13:14:30.000Z,1
2019-11-05T14:05:54.000Z,1
2019-11-05T14:49:51.000Z,1
2019-11-05T15:15:09.000Z,1
2019-11-05T15:57:44.000Z,1
2019-11-05T16:02:21.000Z,1
2019-11-05T16:07:22.000Z,1
2019-11-05T16:11:59.000Z,1
2019-11-05T16:26:17.000Z,2
2019-11-05T16:31:08.000Z,1
2019-11-05T17:03:24.000Z,3
2019-11-05T17:05:51.000Z,1
2019-11-05T17:20:56.000Z,1
2019-11-05T17:56:15.000Z,1
2019-11-05T18:48:19.000Z,1
2019-11-05T21:28:40.000Z,1
2019-11-05T21:31:07.000Z,1
2019-11-05T21:45:21.000Z,1
2019-11-05T23:25:39.000Z,1
2019-11-06T00:54:56.000Z,1
2019-11-06T06:19:36.000Z,1
2019-11-06T06:49:21.000Z,1
2019-11-06T06:55:02.000Z,1
2019-11-06T07:17:53.000Z,1
2019-11-06T07:23:58.000Z,1
2019-11-06T07:27:35.000Z,1
2019-11-06T07:37:09.000Z,1
2019-11-06T08:14:29.000Z,1
2019-11-06T08:27:49.000Z,2
2019-11-06T08:32:46.000Z,1
2019-11-06T08:41:19.000Z,2
2019-11-06T08:44:03.000Z,1
2019-11-06T08:49:33.000Z,1
2019-11-06T09:44:22.000Z,1
2019-11-06T09:49:58.000Z,1
2019-11-06T11:10:09.000Z,1
2019-11-06T11:19:43.000Z,1
2019-11-06T11:51:01.000Z,1
2019-11-06T12:54:44.000Z,1
2019-11-06T13:36:14.000Z,1
2019-11-06T13:52:24.000Z,1
2019-11-06T14:44:59.000Z,1
2019-11-06T15:13:44.000Z,1
2019-11-06T16:02:33.000Z,1
2019-11-06T16:20:05.000Z,1
2019-11-06T16:40:28.000Z,1
2019-11-06T16:42:29.000Z,1
2019-11-06T16:43:47.000Z,1
2019-11-06T17:32:47.000Z,1
2019-11-06T17:43:25.000Z,1
2019-11-06T17:46:42.000Z,1
2019-11-06T18:16:41.000Z,1
2019-11-06T18:20:07.000Z,2
2019-11-06T18:20:48.000Z,1
2019-11-07T00:54:11.000Z,1
2019-11-07T05:16:57.000Z,1
2019-11-07T07:53:41.000Z,1
2019-11-07T08:00:47.000Z,1
2019-11-07T08:18:20.000Z,1
2019-11-07T08:19:22.000Z,1
2019-11-07T08:22:09.000Z,1
2019-11-07T08:25:29.000Z,2
2019-11-07T08:26:52.000Z,2
2019-11-07T08:42:37.000Z,1
2019-11-07T09:27:51.000Z,1
2019-11-07T09:34:17.000Z,1
2019-11-07T10:28:24.000Z,1
2019-11-07T11:20:01.000Z,1
2019-11-07T11:35:50.000Z,1
2019-11-07T11:37:54.000Z,1
2019-11-07T12:02:18.000Z,1
2019-11-07T13:11:08.000Z,1
2019-11-07T13:34:04.000Z,1
2019-11-07T14:42:26.000Z,1
2019-11-07T15:27:12.000Z,1
2019-11-07T15:30:09.000Z,1
2019-11-07T15:36:54.000Z,1
2019-11-07T15:50:29.000Z,1
2019-11-07T16:02:21.000Z,1
2019-11-07T16:05:24.000Z,1
2019-11-07T16:05:37.000Z,2
2019-11-07T16:10:19.000Z,1
2019-11-07T16:38:13.000Z,1
2019-11-07T16:46:45.000Z,1
2019-11-07T16:54:45.000Z,1
2019-11-07T17:17:03.000Z,2
2019-11-07T17:30:29.000Z,1
2019-11-07T18:41:07.000Z,1
2019-11-07T19:04:41.000Z,1
2019-11-07T22:46:08.000Z,1
2019-10-30T18:57:45.000Z,1
2019-10-30T19:20:27.000Z,1
2019-10-30T20:30:16.000Z,1
2019-10-31T05:38:29.000Z,1
2019-10-31T06:21:13.000Z,1
2019-10-31T08:41:28.000Z,1
2019-10-31T12:20:43.000Z,1
2019-10-31T12:45:42.000Z,1
2019-10-31T15:55:43.000Z,1
2019-10-31T17:40:37.000Z,2
2019-10-31T17:43:12.000Z,1
2019-11-01T07:19:28.000Z,1
2019-11-01T10:36:33.000Z,1
2019-11-01T11:57:04.000Z,2
2019-11-01T14:42:24.000Z,1
2019-11-01T17:20:06.000Z,1
2019-11-01T20:42:55.000Z,1
2019-10-31T16:18:18.000Z,1
2019-10-31T17:08:04.000Z,1
2019-10-31T17:08:50.000Z,1
2019-10-31T18:43:44.000Z,1
2019-10-31T19:14:14.000Z,1
2019-10-31T20:48:27.000Z,1
2019-11-01T07:41:14.000Z,1
2019-11-01T08:25:47.000Z,1
2019-11-01T08:41:37.000Z,1
2019-11-01T11:02:45.000Z,1
2019-11-01T12:39:08.000Z,1
2019-11-01T12:46:18.000Z,1
2019-11-01T13:12:06.000Z,1
2019-11-01T13:25:07.000Z,1
2019-11-01T15:06:40.000Z,1
2019-11-01T15:59:36.000Z,1
2019-11-01T16:25:49.000Z,1
2019-11-01T16:30:36.000Z,1
2019-11-01T16:49:41.000Z,2
2019-11-01T17:06:23.000Z,2
2019-11-01T17:14:23.000Z,1
2019-11-01T17:29:15.000Z,1
2019-11-01T18:13:26.000Z,1
2019-11-01T18:16:40.000Z,1
2019-11-01T18:56:48.000Z,1
2019-11-01T20:45:47.000Z,1
2019-11-01T21:35:23.000Z,1
2019-11-01T21:57:44.000Z,1
2019-11-02T00:46:40.000Z,1
2019-11-02T09:05:17.000Z,1
2019-11-02T09:49:59.000Z,1
2019-11-02T10:09:50.000Z,1
2019-11-02T10:31:13.000Z,1
2019-11-02T11:00:14.000Z,1
2019-11-02T12:21:37.000Z,1
2019-11-02T12:43:55.000Z,2
2019-11-02T12:52:23.000Z,1
2019-11-02T13:12:28.000Z,1
2019-11-02T13:19:17.000Z,1
2019-11-02T13:32:41.000Z,1
2019-11-02T13:41:08.000Z,1
2019-11-02T14:27:28.000Z,2
2019-11-02T14:31:36.000Z,1
2019-11-02T15:31:52.000Z,1
2019-11-02T17:36:24.000Z,1
2019-11-02T17:55:18.000Z,1
2019-11-02T18:02:47.000Z,1
2019-11-02T18:34:16.000Z,1
2019-11-02T19:52:38.000Z,1
2019-11-02T22:02:35.000Z,1
2019-11-02T23:35:26.000Z,1
2019-11-03T10:00:18.000Z,1
2019-11-03T10:01:25.000Z,1
2019-11-03T11:27:13.000Z,1
2019-11-03T11:32:23.000Z,1
2019-11-03T12:15:58.000Z,1
2019-11-03T12:25:46.000Z,1
2019-11-03T13:35:52.000Z,1
2019-11-03T14:55:38.000Z,1
2019-11-03T15:04:19.000Z,1
2019-11-03T15:06:16.000Z,1
2019-11-03T15:23:57.000Z,1
2019-11-03T16:09:50.000Z,1
2019-11-03T16:19:04.000Z,1
2019-11-03T16:22:26.000Z,1
2019-11-03T16:44:33.000Z,1
2019-11-03T17:08:20.000Z,1
2019-11-03T17:52:49.000Z,1
2019-11-03T18:03:50.000Z,1
2019-11-03T19:27:13.000Z,1
2019-11-03T22:15:30.000Z,1
2019-11-03T23:49:30.000Z,1
2019-11-04T05:20:22.000Z,1
2019-11-04T06:12:47.000Z,1
2019-11-04T06:23:18.000Z,1
2019-11-04T06:55:37.000Z,2
2019-11-04T07:03:17.000Z,1
2019-11-04T07:06:56.000Z,1
2019-11-04T07:20:05.000Z,1
2019-11-04T07:27:31.000Z,1
2019-11-04T07:40:04.000Z,1
2019-11-04T07:45:57.000Z,1
2019-11-04T07:52:06.000Z,1
2019-11-04T08:04:37.000Z,1
2019-11-04T08:05:45.000Z,1
2019-11-04T08:14:59.000Z,1
2019-11-04T08:16:12.000Z,1
2019-11-04T08:22:27.000Z,2
2019-11-04T08:24:10.000Z,1
2019-11-04T08:42:23.000Z,1
2019-11-04T09:04:44.000Z,1
2019-11-04T09:17:58.000Z,1
2019-11-04T10:22:12.000Z,1
2019-11-04T13:10:43.000Z,1
2019-11-04T14:05:39.000Z,1
2019-11-04T14:08:40.000Z,1
2019-11-04T14:13:22.000Z,1
2019-11-04T14:40:17.000Z,1
2019-11-04T15:19:11.000Z,2
2019-11-04T15:29:31.000Z,1
2019-11-04T15:30:44.000Z,1
2019-11-04T15:31:15.000Z,1
2019-11-04T15:55:12.000Z,1
2019-11-04T16:13:01.000Z,1
2019-11-04T16:21:06.000Z,1
2019-11-04T16:23:47.000Z,1
2019-11-04T16:30:56.000Z,1
2019-11-04T16:34:08.000Z,1
2019-11-04T16:37:18.000Z,1
2019-11-04T16:40:55.000Z,1
2019-11-04T16:44:08.000Z,1
2019-11-04T16:52:57.000Z,1
2019-11-04T17:06:38.000Z,2
2019-11-04T17:29:15.000Z,1
2019-11-04T17:53:35.000Z,1
2019-11-04T18:38:11.000Z,1
2019-11-04T18:56:55.000Z,1
2019-11-04T19:17:10.000Z,1
2019-11-04T20:11:17.000Z,2
2019-11-04T20:33:27.000Z,1
2019-11-04T21:35:44.000Z,1
2019-11-04T22:21:11.000Z,1
2019-11-05T00:18:10.000Z,1
2019-11-05T06:15:23.000Z,1
2019-11-05T06:49:11.000Z,1
2019-11-05T07:00:51.000Z,1
2019-11-05T07:05:59.000Z,1
2019-11-05T07:15:55.000Z,1
2019-11-05T07:46:44.000Z,1
2019-11-05T08:13:58.000Z,1
2019-11-05T09:04:09.000Z,1
2019-11-05T10:45:33.000Z,2
2019-11-05T10:48:06.000Z,1
2019-11-05T10:59:33.000Z,1
2019-11-05T12:04:23.000Z,1
2019-11-05T13:41:23.000Z,1
2019-11-05T13:53:46.000Z,1
2019-11-05T13:59:28.000Z,1
2019-11-05T14:06:59.000Z,1
2019-11-05T15:19:47.000Z,1
2019-11-05T16:07:10.000Z,1
2019-11-05T16:24:46.000Z,2
2019-11-05T16:54:37.000Z,1
2019-11-05T17:03:07.000Z,1
2019-11-05T17:10:01.000Z,1
2019-11-05T17:10:18.000Z,1
2019-11-05T17:12:15.000Z,1
2019-11-05T17:15:06.000Z,1
2019-11-05T17:17:18.000Z,2
2019-11-05T17:26:51.000Z,1
2019-11-05T17:29:39.000Z,1
2019-11-05T18:04:20.000Z,1
2019-11-05T18:04:51.000Z,1
2019-11-05T18:09:16.000Z,1
2019-11-05T18:23:22.000Z,1
2019-11-05T18:46:36.000Z,1
2019-11-05T18:51:44.000Z,1
2019-11-05T18:58:57.000Z,1
2019-11-05T19:06:49.000Z,1
2019-11-05T19:43:41.000Z,1
2019-11-05T20:39:40.000Z,1
2019-11-05T21:25:07.000Z,1
2019-11-05T22:13:20.000Z,1
2019-11-05T22:17:03.000Z,2
2019-11-05T22:45:52.000Z,1
2019-11-05T23:22:47.000Z,1
2019-11-05T23:51:11.000Z,1
2019-11-06T05:02:11.000Z,1
2019-11-06T06:39:38.000Z,1
2019-11-06T07:18:31.000Z,1
2019-11-06T07:29:04.000Z,1
2019-11-06T07:47:39.000Z,2
2019-11-06T07:49:26.000Z,1
2019-11-06T07:55:27.000Z,3
2019-11-06T08:06:33.000Z,2
2019-11-06T08:13:38.000Z,2
2019-11-06T08:24:18.000Z,1
2019-11-06T08:24:39.000Z,1
2019-11-06T08:28:52.000Z,2
2019-11-06T08:41:51.000Z,1
2019-11-06T08:43:39.000Z,1
2019-11-06T08:50:01.000Z,1
2019-11-06T08:54:25.000Z,1
2019-11-06T09:12:28.000Z,1
2019-11-06T09:23:24.000Z,1
2019-11-06T10:25:09.000Z,1
2019-11-06T11:32:11.000Z,1
2019-11-06T11:37:20.000Z,1
2019-11-06T13:09:15.000Z,1
2019-11-06T14:32:02.000Z,1
2019-11-06T14:34:15.000Z,1
2019-11-06T14:34:37.000Z,1
2019-11-06T15:13:41.000Z,1
2019-11-06T15:31:41.000Z,1
2019-11-06T15:56:01.000Z,1
2019-11-06T15:57:09.000Z,1
2019-11-06T16:18:54.000Z,1
2019-11-06T16:27:34.000Z,1
2019-11-06T16:33:30.000Z,1
2019-11-06T16:40:59.000Z,1
2019-11-06T16:43:44.000Z,2
2019-11-06T16:44:19.000Z,3
2019-11-06T16:53:25.000Z,1
2019-11-06T16:55:13.000Z,2
2019-11-06T16:56:28.000Z,1
2019-11-06T17:08:39.000Z,1
2019-11-06T17:10:10.000Z,2
2019-11-06T17:15:04.000Z,1
2019-11-06T17:20:22.000Z,1
2019-11-06T17:26:11.000Z,1
2019-11-06T17:53:00.000Z,1
2019-11-06T17:54:26.000Z,1
2019-11-06T18:22:03.000Z,1
2019-11-06T18:44:38.000Z,1
2019-11-06T18:45:36.000Z,1
2019-11-06T19:04:31.000Z,1
2019-11-06T19:53:41.000Z,2
2019-11-06T19:57:30.000Z,1
2019-11-06T20:46:08.000Z,1
2019-11-06T23:32:37.000Z,1
2019-11-07T06:45:31.000Z,1
2019-11-07T07:10:49.000Z,1
2019-11-07T07:10:57.000Z,1
2019-11-07T07:16:02.000Z,1
2019-11-07T07:38:51.000Z,1
2019-11-07T07:47:19.000Z,3
2019-11-07T07:52:30.000Z,1
2019-11-07T07:53:14.000Z,1
2019-11-07T08:21:43.000Z,1
2019-11-07T08:39:30.000Z,1
2019-11-07T08:54:51.000Z,1
2019-11-07T10:05:33.000Z,1
2019-11-07T10:25:05.000Z,2
2019-11-07T11:21:52.000Z,1
2019-11-07T13:03:55.000Z,1
2019-11-07T13:46:01.000Z,1
2019-11-07T13:48:03.000Z,1
2019-11-07T14:20:09.000Z,1
2019-11-07T14:44:13.000Z,1
2019-11-07T15:06:03.000Z,1
2019-11-07T16:05:46.000Z,1
2019-11-07T16:41:48.000Z,1
2019-11-07T16:53:53.000Z,1
2019-11-07T16:59:59.000Z,1
2019-11-07T17:08:59.000Z,1
2019-11-07T17:08:17.000Z,1
2019-11-07T17:27:11.000Z,1
2019-11-07T17:28:06.000Z,2
2019-11-07T17:28:23.000Z,1
2019-11-07T17:41:44.000Z,1
2019-11-07T17:57:28.000Z,1
2019-11-07T18:07:36.000Z,2
2019-11-07T18:10:47.000Z,1
2019-11-07T18:18:45.000Z,1
2019-11-07T18:21:35.000Z,3
2019-11-07T20:22:40.000Z,1
2019-11-07T20:25:31.000Z,1
2019-11-07T20:44:38.000Z,1
2019-11-07T23:39:15.000Z,1
2019-10-30T19:18:47.000Z,1
2019-10-30T19:47:11.000Z,1
2019-10-31T06:07:14.000Z,1
2019-10-31T07:14:07.000Z,1
2019-10-31T07:55:57.000Z,2
2019-10-31T08:53:05.000Z,1
2019-10-31T09:02:44.000Z,1
2019-10-31T15:50:50.000Z,1
2019-10-31T16:53:56.000Z,1
2019-10-31T17:37:53.000Z,1
2019-10-31T16:22:37.000Z,1
2019-10-31T18:28:07.000Z,1
2019-10-31T19:24:21.000Z,1
2019-10-31T20:15:11.000Z,1
2019-11-01T06:12:36.000Z,1
2019-11-01T08:20:39.000Z,1
2019-11-01T08:41:12.000Z,1
2019-11-01T09:30:58.000Z,1
2019-11-01T14:21:58.000Z,1
2019-11-02T11:25:54.000Z,1
2019-10-31T09:07:34.000Z,1
2019-10-31T15:18:45.000Z,1
2019-10-31T15:37:40.000Z,1
2019-10-31T16:27:16.000Z,1
2019-10-31T18:48:25.000Z,1
2019-11-01T07:19:44.000Z,1
2019-11-01T07:28:35.000Z,1
2019-11-01T08:04:18.000Z,1
2019-11-01T08:35:01.000Z,1
2019-11-01T09:12:49.000Z,1
2019-11-01T12:25:21.000Z,1
2019-11-01T13:34:54.000Z,1
2019-11-01T13:55:04.000Z,1
2019-11-01T14:46:26.000Z,1
2019-11-01T14:57:28.000Z,1
2019-11-01T15:22:44.000Z,1
2019-11-01T15:26:04.000Z,1
2019-11-01T15:25:59.000Z,1
2019-11-01T15:50:25.000Z,1
2019-11-01T15:54:29.000Z,1
2019-11-01T16:14:26.000Z,1
2019-11-01T16:47:41.000Z,1
2019-11-01T16:47:55.000Z,1
2019-11-01T17:15:05.000Z,2
2019-11-01T17:15:57.000Z,1
2019-11-01T17:43:22.000Z,1
2019-11-01T17:43:30.000Z,1
2019-11-01T17:46:35.000Z,1
2019-11-01T17:52:34.000Z,1
2019-11-01T18:22:51.000Z,1
2019-11-01T19:36:09.000Z,1
2019-11-01T21:31:06.000Z,1
2019-11-01T23:03:12.000Z,1
2019-11-02T07:51:54.000Z,1
2019-11-02T09:05:40.000Z,1
2019-11-02T09:55:31.000Z,1
2019-11-02T10:22:40.000Z,1
2019-11-02T10:28:05.000Z,1
2019-11-02T10:54:55.000Z,1
2019-11-02T10:56:21.000Z,1
2019-11-02T10:59:55.000Z,1
2019-11-02T11:32:42.000Z,1
2019-11-02T11:38:27.000Z,1
2019-11-02T12:06:25.000Z,1
2019-11-02T12:49:45.000Z,1
2019-11-02T12:56:00.000Z,1
2019-11-02T13:08:30.000Z,1
2019-11-02T13:21:23.000Z,1
2019-11-02T13:47:25.000Z,1
2019-11-02T14:20:13.000Z,1
2019-11-02T14:20:18.000Z,1
2019-11-02T14:41:37.000Z,1
2019-11-02T15:02:17.000Z,1
2019-11-02T15:10:36.000Z,1
2019-11-02T15:48:12.000Z,2
2019-11-02T16:58:47.000Z,1
2019-11-02T18:08:04.000Z,2
2019-11-02T18:46:03.000Z,1
2019-11-02T18:52:05.000Z,1
2019-11-02T19:30:29.000Z,1
2019-11-02T19:43:46.000Z,1
2019-11-02T21:12:46.000Z,1
2019-11-02T23:24:39.000Z,1
2019-11-03T06:30:57.000Z,1
2019-11-03T07:01:19.000Z,1
2019-11-03T09:55:16.000Z,1
2019-11-03T10:10:07.000Z,1
2019-11-03T10:57:53.000Z,1
2019-11-03T11:25:45.000Z,1
2019-11-03T11:41:01.000Z,1
2019-11-03T12:18:22.000Z,1
2019-11-03T12:34:04.000Z,1
2019-11-03T12:45:13.000Z,1
2019-11-03T12:51:27.000Z,1
2019-11-03T12:56:29.000Z,1
2019-11-03T13:03:09.000Z,1
2019-11-03T13:21:22.000Z,2
2019-11-03T13:30:33.000Z,2
2019-11-03T14:09:35.000Z,1
2019-11-03T14:38:53.000Z,1
2019-11-03T15:16:15.000Z,1
2019-11-03T15:40:41.000Z,1
2019-11-03T15:42:24.000Z,1
2019-11-03T15:47:14.000Z,1
2019-11-03T16:30:06.000Z,1
2019-11-03T16:42:51.000Z,1
2019-11-03T17:12:50.000Z,1
2019-11-03T17:37:48.000Z,1
2019-11-03T17:41:12.000Z,1
2019-11-03T17:57:33.000Z,1
2019-11-03T18:42:19.000Z,1
2019-11-03T19:18:24.000Z,1
2019-11-03T22:03:41.000Z,1
2019-11-03T23:15:31.000Z,1
2019-11-03T23:31:47.000Z,1
2019-11-04T05:06:54.000Z,1
2019-11-04T05:26:54.000Z,1
2019-11-04T06:35:23.000Z,1
2019-11-04T06:39:37.000Z,1
2019-11-04T06:51:16.000Z,1
2019-11-04T07:28:31.000Z,1
2019-11-04T07:31:36.000Z,1
2019-11-04T07:39:43.000Z,2
2019-11-04T07:44:59.000Z,1
2019-11-04T07:46:18.000Z,1
2019-11-04T07:58:45.000Z,1
2019-11-04T07:59:26.000Z,1
2019-11-04T08:15:11.000Z,1
2019-11-04T08:32:31.000Z,1
2019-11-04T08:33:45.000Z,2
2019-11-04T08:58:17.000Z,1
2019-11-04T09:09:15.000Z,1
2019-11-04T09:21:17.000Z,1
2019-11-04T09:21:58.000Z,1
2019-11-04T10:24:34.000Z,1
2019-11-04T10:29:52.000Z,1
2019-11-04T11:56:56.000Z,1
2019-11-04T12:27:42.000Z,1
2019-11-04T13:05:05.000Z,1
2019-11-04T13:20:27.000Z,1
2019-11-04T13:40:42.000Z,1
2019-11-04T13:40:39.000Z,1
2019-11-04T13:47:25.000Z,1
2019-11-04T13:49:23.000Z,1
2019-11-04T14:26:11.000Z,1
2019-11-04T15:04:58.000Z,1
2019-11-04T15:33:52.000Z,1
2019-11-04T15:46:43.000Z,1
2019-11-04T15:49:04.000Z,2
2019-11-04T15:58:43.000Z,1
2019-11-04T16:02:23.000Z,1
2019-11-04T16:36:08.000Z,1
2019-11-04T16:39:34.000Z,1
2019-11-04T16:44:54.000Z,1
2019-11-04T16:52:27.000Z,1
2019-11-04T17:13:22.000Z,1
2019-11-04T17:28:46.000Z,2
2019-11-04T17:30:09.000Z,2
2019-11-04T17:34:58.000Z,1
2019-11-04T17:40:50.000Z,2
2019-11-04T18:07:22.000Z,1
2019-11-04T18:21:11.000Z,1
2019-11-04T18:23:28.000Z,1
2019-11-04T18:50:03.000Z,1
2019-11-04T18:50:09.000Z,1
2019-11-04T19:27:18.000Z,1
2019-11-04T19:38:39.000Z,1
2019-11-04T19:48:49.000Z,1
2019-11-04T19:58:02.000Z,1
2019-11-04T20:42:36.000Z,1
2019-11-04T22:35:32.000Z,1
2019-11-05T05:48:00.000Z,1
2019-11-05T06:07:17.000Z,1
2019-11-05T06:32:42.000Z,1
2019-11-05T06:45:31.000Z,1
2019-11-05T07:12:55.000Z,1
2019-11-05T07:13:36.000Z,1
2019-11-05T07:19:55.000Z,1
2019-11-05T07:37:18.000Z,2
2019-11-05T07:55:17.000Z,2
2019-11-05T07:57:59.000Z,3
2019-11-05T08:01:58.000Z,1
2019-11-05T08:09:32.000Z,1
2019-11-05T08:10:01.000Z,1
2019-11-05T08:17:21.000Z,1
2019-11-05T08:30:26.000Z,1
2019-11-05T08:36:11.000Z,1
2019-11-05T08:42:52.000Z,1
2019-11-05T09:05:55.000Z,1
2019-11-05T09:22:03.000Z,1
2019-11-05T11:29:43.000Z,1
2019-11-05T12:36:00.000Z,1
2019-11-05T12:51:27.000Z,1
2019-11-05T12:58:40.000Z,1
2019-11-05T13:04:11.000Z,1
2019-11-05T17:04:32.000Z,1
2019-11-05T17:20:22.000Z,1
2019-11-05T17:25:48.000Z,2
2019-11-05T17:44:44.000Z,1
2019-11-05T17:55:52.000Z,1
2019-11-05T18:49:37.000Z,1
2019-11-05T19:41:36.000Z,1
2019-11-05T19:52:13.000Z,1
2019-11-05T21:05:48.000Z,1
2019-11-05T23:45:19.000Z,1
2019-11-06T06:19:31.000Z,1
2019-11-06T06:28:44.000Z,1
2019-11-06T06:45:42.000Z,1
2019-11-06T07:07:50.000Z,1
2019-11-06T07:09:27.000Z,1
2019-11-06T07:22:07.000Z,1
2019-11-06T07:23:45.000Z,1
2019-11-06T07:28:04.000Z,1
2019-11-06T07:31:52.000Z,1
2019-11-06T07:41:42.000Z,1
2019-11-06T07:50:57.000Z,1
2019-11-06T08:11:00.000Z,2
2019-11-06T08:12:18.000Z,1
2019-11-06T09:30:20.000Z,1
2019-11-06T10:14:05.000Z,1
2019-11-06T10:22:20.000Z,1
2019-11-06T10:53:15.000Z,1
2019-11-06T11:11:43.000Z,1
2019-11-06T11:32:06.000Z,1
2019-11-06T11:57:59.000Z,1
2019-11-06T12:11:41.000Z,1
2019-11-06T12:47:45.000Z,1
2019-11-06T13:51:38.000Z,1
2019-11-06T14:28:08.000Z,1
2019-11-06T14:34:20.000Z,1
2019-11-06T15:16:34.000Z,1
2019-11-06T15:32:29.000Z,1
2019-11-06T16:07:05.000Z,1
2019-11-06T16:07:06.000Z,1
2019-11-06T16:15:16.000Z,2
2019-11-06T16:18:11.000Z,1
2019-11-06T16:44:10.000Z,1
2019-11-06T16:54:48.000Z,1
2019-11-06T17:10:06.000Z,1
2019-11-06T17:13:30.000Z,3
2019-11-06T17:13:34.000Z,1
2019-11-06T17:14:09.000Z,1
2019-11-06T17:22:13.000Z,1
2019-11-06T17:30:13.000Z,1
2019-11-06T17:31:19.000Z,2
2019-11-06T17:45:50.000Z,1
2019-11-06T17:50:28.000Z,1
2019-11-06T17:51:17.000Z,1
2019-11-06T17:56:40.000Z,1
2019-11-06T18:34:32.000Z,1
2019-11-06T18:57:56.000Z,1
2019-11-06T18:59:41.000Z,1
2019-11-06T19:01:01.000Z,1
2019-11-06T19:06:43.000Z,1
2019-11-06T19:14:19.000Z,1
2019-11-06T19:45:47.000Z,1
2019-11-06T20:03:05.000Z,1
2019-11-06T22:42:57.000Z,1
2019-11-07T03:41:42.000Z,1
2019-11-07T05:46:25.000Z,1
2019-11-07T06:03:54.000Z,1
2019-11-07T06:37:27.000Z,1
2019-11-07T06:48:05.000Z,2
2019-11-07T07:22:39.000Z,1
2019-11-07T08:05:34.000Z,1
2019-11-07T08:23:15.000Z,1
2019-11-07T08:35:36.000Z,1
2019-11-07T09:58:34.000Z,1
2019-11-07T10:21:46.000Z,1
2019-11-07T16:11:25.000Z,1
2019-11-07T17:09:12.000Z,1
2019-11-07T17:13:53.000Z,1
2019-11-07T17:21:52.000Z,1
2019-11-07T17:33:57.000Z,1
2019-11-07T17:34:01.000Z,1
2019-11-07T17:36:00.000Z,1
2019-11-07T17:44:45.000Z,1
2019-11-07T18:28:36.000Z,2
2019-11-07T18:29:23.000Z,1
2019-11-07T19:56:02.000Z,1
2019-11-07T20:12:44.000Z,1
2019-11-07T20:42:15.000Z,1
2019-11-07T21:33:32.000Z,1
2019-11-08T00:06:12.000Z,1
2019-10-30T18:57:09.000Z,1
2019-10-30T20:05:30.000Z,1
2019-10-30T21:03:43.000Z,1
2019-10-30T21:45:34.000Z,1
2019-10-30T22:59:41.000Z,1
2019-10-31T01:07:01.000Z,1
2019-10-31T07:31:52.000Z,1
2019-10-31T08:03:49.000Z,1
2019-10-31T08:15:34.000Z,1
2019-10-31T09:36:12.000Z,1
2019-10-31T12:29:35.000Z,1
2019-10-31T12:45:52.000Z,1
2019-10-31T14:05:55.000Z,1
2019-10-31T17:24:03.000Z,1
2019-11-01T07:12:25.000Z,1
2019-11-01T07:30:16.000Z,1
2019-11-01T08:01:07.000Z,1
2019-11-01T08:12:39.000Z,1
2019-11-01T09:02:27.000Z,1
2019-11-01T10:10:59.000Z,1
2019-11-01T12:57:42.000Z,1
2019-11-01T15:23:49.000Z,1
2019-10-31T06:55:24.000Z,1
2019-10-31T08:17:06.000Z,1
2019-10-31T11:41:54.000Z,1
2019-10-31T16:55:03.000Z,1
2019-10-31T18:12:11.000Z,1
2019-10-31T19:25:30.000Z,1
2019-10-31T20:18:39.000Z,1
2019-10-31T20:28:27.000Z,1
2019-10-31T20:53:04.000Z,1
2019-10-31T20:53:59.000Z,1
2019-10-31T23:55:48.000Z,1
2019-11-01T07:48:11.000Z,2
2019-11-01T08:01:14.000Z,1
2019-11-01T08:06:36.000Z,1
2019-11-01T08:44:51.000Z,2
2019-11-01T08:51:42.000Z,1
2019-11-01T09:03:03.000Z,1
2019-11-01T10:02:00.000Z,1
2019-11-01T10:12:40.000Z,1
2019-11-01T10:38:19.000Z,1
2019-11-01T12:51:45.000Z,1
2019-11-01T13:25:28.000Z,1
2019-11-01T13:53:08.000Z,1
2019-11-01T14:13:17.000Z,1
2019-11-01T14:25:43.000Z,1
2019-11-01T15:06:35.000Z,1
2019-11-01T15:10:12.000Z,1
2019-11-01T15:26:51.000Z,1
2019-11-01T15:58:06.000Z,1
2019-11-01T16:22:54.000Z,2
2019-11-01T16:40:27.000Z,1
2019-11-01T16:45:43.000Z,1
2019-11-01T17:57:26.000Z,2
2019-11-01T18:01:59.000Z,1
2019-11-01T18:19:00.000Z,1
2019-11-01T18:21:24.000Z,1
2019-11-01T18:27:20.000Z,2
2019-11-01T18:29:03.000Z,1
2019-11-01T19:16:02.000Z,1
2019-11-01T19:23:36.000Z,1
2019-11-01T19:42:26.000Z,1
2019-11-01T20:06:40.000Z,1
2019-11-01T20:07:29.000Z,1
2019-11-01T23:42:34.000Z,1
2019-11-02T08:35:31.000Z,1
2019-11-02T09:35:53.000Z,1
2019-11-02T09:49:51.000Z,1
2019-11-02T10:07:01.000Z,1
2019-11-02T10:52:20.000Z,2
2019-11-02T11:09:28.000Z,1
2019-11-02T11:10:52.000Z,1
2019-11-02T11:12:43.000Z,1
2019-11-02T11:15:56.000Z,1
2019-11-02T11:18:52.000Z,1
2019-11-02T11:27:36.000Z,1
2019-11-02T11:56:47.000Z,1
2019-11-02T12:20:52.000Z,1
2019-11-02T12:38:15.000Z,1
2019-11-02T13:31:52.000Z,1
2019-11-02T13:35:23.000Z,1
2019-11-02T13:37:37.000Z,1
2019-11-02T15:05:20.000Z,1
2019-11-02T15:34:30.000Z,1
2019-11-02T16:07:53.000Z,1
2019-11-02T16:18:58.000Z,1
2019-11-02T16:22:44.000Z,1
2019-11-02T16:32:12.000Z,1
2019-11-02T16:45:28.000Z,1
2019-11-02T17:23:46.000Z,1
2019-11-02T18:13:56.000Z,1
2019-11-02T19:42:59.000Z,1
2019-11-02T20:00:07.000Z,2
2019-11-02T23:53:07.000Z,1
2019-11-03T01:55:53.000Z,1
2019-11-03T05:03:01.000Z,1
2019-11-03T06:54:31.000Z,1
2019-11-03T07:27:43.000Z,1
2019-11-03T09:40:07.000Z,1
2019-11-03T09:40:30.000Z,1
2019-11-03T09:56:01.000Z,1
2019-11-03T10:11:20.000Z,1
2019-11-03T10:43:46.000Z,1
2019-11-03T10:47:26.000Z,1
2019-11-03T11:08:01.000Z,1
2019-11-03T12:56:18.000Z,1
2019-11-03T13:58:55.000Z,2
2019-11-03T14:19:35.000Z,1
2019-11-03T14:21:44.000Z,1
2019-11-03T15:15:29.000Z,1
2019-11-03T15:20:46.000Z,1
2019-11-03T15:47:59.000Z,1
2019-11-03T15:49:19.000Z,1
2019-11-03T15:51:49.000Z,1
2019-11-03T16:02:05.000Z,1
2019-11-03T16:49:27.000Z,1
2019-11-03T17:43:27.000Z,1
2019-11-03T18:27:00.000Z,1
2019-11-03T18:52:28.000Z,1
2019-11-03T19:02:49.000Z,1
2019-11-03T20:04:50.000Z,1
2019-11-03T20:13:40.000Z,1
2019-11-03T23:31:35.000Z,1
2019-11-04T05:49:07.000Z,1
2019-11-04T06:37:29.000Z,1
2019-11-04T07:10:57.000Z,1
2019-11-04T07:21:01.000Z,1
2019-11-04T07:22:46.000Z,1
2019-11-04T07:25:32.000Z,1
2019-11-04T07:32:19.000Z,1
2019-11-04T07:44:51.000Z,1
2019-11-04T07:46:25.000Z,1
2019-11-04T07:47:27.000Z,1
2019-11-04T07:48:43.000Z,1
2019-11-04T07:49:42.000Z,2
2019-11-04T07:52:05.000Z,1
2019-11-04T08:06:52.000Z,1
2019-11-04T08:16:17.000Z,2
2019-11-04T08:16:33.000Z,1
2019-11-04T08:17:16.000Z,1
2019-11-04T08:33:54.000Z,1
2019-11-04T08:39:30.000Z,1
2019-11-04T08:41:20.000Z,1
2019-11-04T08:52:04.000Z,1
2019-11-04T09:21:51.000Z,1
2019-11-04T09:59:47.000Z,2
2019-11-04T10:01:59.000Z,1
2019-11-04T10:22:47.000Z,1
2019-11-04T11:37:35.000Z,1
2019-11-04T12:03:41.000Z,1
2019-11-04T13:37:52.000Z,1
2019-11-04T13:38:19.000Z,1
2019-11-04T13:51:45.000Z,1
2019-11-04T13:59:43.000Z,1
2019-11-04T14:28:44.000Z,1
2019-11-04T15:05:18.000Z,1
2019-11-04T15:15:46.000Z,1
2019-11-04T15:34:26.000Z,1
2019-11-04T15:44:38.000Z,1
2019-11-04T15:58:42.000Z,1
2019-11-04T16:09:44.000Z,1
2019-11-04T16:11:53.000Z,1
2019-11-04T16:24:39.000Z,1
2019-11-04T16:49:16.000Z,3
2019-11-04T17:28:14.000Z,2
2019-11-04T17:34:00.000Z,1
2019-11-04T17:41:48.000Z,1
2019-11-04T17:42:02.000Z,1
2019-11-04T17:45:24.000Z,1
2019-11-04T18:01:39.000Z,1
2019-11-04T18:02:57.000Z,2
2019-11-04T19:12:49.000Z,1
2019-11-04T19:31:01.000Z,1
2019-11-04T19:31:45.000Z,1
2019-11-04T19:32:13.000Z,2
2019-11-04T19:49:35.000Z,1
2019-11-04T20:29:14.000Z,1
2019-11-04T22:41:10.000Z,1
2019-11-05T05:55:12.000Z,1
2019-11-05T07:03:40.000Z,1
2019-11-05T07:04:40.000Z,1
2019-11-05T07:08:39.000Z,1
2019-11-05T07:11:03.000Z,1
2019-11-05T07:16:27.000Z,1
2019-11-05T07:19:20.000Z,1
2019-11-05T07:44:47.000Z,2
2019-11-05T07:50:47.000Z,1
2019-11-05T07:53:34.000Z,1
2019-11-05T08:03:08.000Z,1
2019-11-05T08:04:43.000Z,2
2019-11-05T08:11:09.000Z,1
2019-11-05T08:21:49.000Z,1
2019-11-05T08:39:12.000Z,1
2019-11-05T09:33:42.000Z,1
2019-11-05T10:09:03.000Z,1
2019-11-05T12:15:54.000Z,1
2019-11-05T12:19:17.000Z,1
2019-11-05T12:26:36.000Z,1
2019-11-05T12:27:20.000Z,1
2019-11-05T13:05:06.000Z,1
2019-11-05T13:46:29.000Z,1
2019-11-05T13:51:25.000Z,1
2019-11-05T14:11:26.000Z,1
2019-11-05T15:17:27.000Z,1
2019-11-05T15:43:24.000Z,1
2019-11-05T16:46:47.000Z,1
2019-11-05T16:53:54.000Z,1
2019-11-05T16:54:43.000Z,1
2019-11-05T16:59:44.000Z,1
2019-11-05T17:05:22.000Z,1
2019-11-05T17:07:55.000Z,1
2019-11-05T17:08:16.000Z,1
2019-11-05T17:34:01.000Z,1
2019-11-05T17:34:57.000Z,1
2019-11-05T17:39:49.000Z,1
2019-11-05T17:40:47.000Z,1
2019-11-05T18:02:56.000Z,1
2019-11-05T20:50:12.000Z,1
2019-11-05T21:36:01.000Z,1
2019-11-06T05:53:51.000Z,1
2019-11-06T06:30:56.000Z,1
2019-11-06T06:40:16.000Z,1
2019-11-06T06:56:37.000Z,1
2019-11-06T07:02:51.000Z,1
2019-11-06T07:30:36.000Z,1
2019-11-06T08:02:24.000Z,1
2019-11-06T08:26:00.000Z,1
2019-11-06T08:40:38.000Z,1
2019-11-06T09:25:25.000Z,1
2019-11-06T10:04:54.000Z,1
2019-11-06T10:34:08.000Z,1
2019-11-06T10:34:25.000Z,1
2019-11-06T12:01:57.000Z,1
2019-11-06T12:21:45.000Z,1
2019-11-06T12:44:20.000Z,1
2019-11-06T13:54:44.000Z,1
2019-11-06T14:20:02.000Z,1
2019-11-06T14:44:51.000Z,1
2019-11-06T15:15:02.000Z,2
2019-11-06T15:30:26.000Z,1
2019-11-06T15:43:50.000Z,1
2019-11-06T16:01:49.000Z,1
2019-11-06T16:03:08.000Z,1
2019-11-06T16:17:03.000Z,1
2019-11-06T16:35:57.000Z,1
2019-11-06T16:44:40.000Z,1
2019-11-06T17:00:45.000Z,1
2019-11-06T17:03:36.000Z,1
2019-11-06T17:06:53.000Z,1
2019-11-06T17:28:23.000Z,1
2019-11-06T17:50:01.000Z,1
2019-11-06T17:55:36.000Z,1
2019-11-06T17:55:50.000Z,1
2019-11-06T18:18:39.000Z,1
2019-11-06T18:21:57.000Z,1
2019-11-06T18:56:28.000Z,1
2019-11-06T20:44:48.000Z,1
2019-11-07T05:31:49.000Z,1
2019-11-07T07:47:10.000Z,2
2019-11-07T07:53:01.000Z,1
2019-11-07T08:32:58.000Z,1
2019-11-07T08:43:28.000Z,2
2019-11-07T09:04:59.000Z,1
2019-11-07T09:06:28.000Z,1
2019-11-07T10:43:26.000Z,1
2019-11-07T11:21:56.000Z,1
2019-11-07T14:22:17.000Z,1
2019-11-07T15:37:55.000Z,1
2019-11-07T15:49:02.000Z,1
2019-11-07T16:02:55.000Z,1
2019-11-07T16:06:13.000Z,1
2019-11-07T16:55:29.000Z,1
2019-11-07T17:05:12.000Z,1
2019-11-07T17:25:12.000Z,1
2019-11-07T17:32:56.000Z,1
2019-11-07T17:49:40.000Z,1
2019-11-07T18:02:48.000Z,1
2019-11-07T18:20:11.000Z,1
2019-11-07T19:27:02.000Z,1
2019-11-07T19:45:50.000Z,1
2019-11-07T20:08:34.000Z,1
2019-11-07T20:45:21.000Z,1
2019-11-07T23:50:45.000Z,1
2019-11-08T05:32:52.000Z,1
2019-10-30T19:14:20.000Z,1
2019-10-30T19:14:38.000Z,1
2019-10-30T19:44:38.000Z,1
2019-10-30T19:56:40.000Z,1
2019-10-30T23:15:14.000Z,1
2019-10-31T04:48:54.000Z,1
2019-10-31T09:04:14.000Z,1
2019-10-31T20:23:54.000Z,1
2019-10-31T20:55:00.000Z,1
2019-11-01T07:27:29.000Z,1
2019-11-01T09:08:44.000Z,1
2019-11-01T17:52:54.000Z,1
2019-10-31T06:14:42.000Z,1
2019-10-31T15:42:57.000Z,1
2019-10-31T18:23:50.000Z,1
2019-10-31T22:44:38.000Z,1
2019-11-01T07:27:03.000Z,1
2019-11-01T07:53:06.000Z,3
2019-11-01T07:56:55.000Z,1
2019-11-01T08:06:10.000Z,1
2019-11-01T08:12:29.000Z,1
2019-11-01T08:27:14.000Z,1
2019-11-01T08:50:16.000Z,2
2019-11-01T08:52:41.000Z,2
2019-11-01T09:49:13.000Z,1
2019-11-01T11:34:33.000Z,1
2019-11-01T11:44:12.000Z,1
2019-11-01T11:48:32.000Z,1
2019-11-01T12:28:30.000Z,1
2019-11-01T12:29:15.000Z,1
2019-11-01T14:01:24.000Z,1
2019-11-01T14:28:49.000Z,1
2019-11-01T14:39:36.000Z,1
2019-11-01T14:51:09.000Z,2
2019-11-01T14:59:50.000Z,1
2019-11-01T15:31:15.000Z,2
2019-11-01T15:39:24.000Z,1
2019-11-01T16:51:53.000Z,1
2019-11-01T17:07:20.000Z,1
2019-11-01T18:08:21.000Z,1
2019-11-01T18:42:56.000Z,1
2019-11-01T18:56:42.000Z,1
2019-11-01T21:08:21.000Z,1
2019-11-01T22:13:57.000Z,1
2019-11-01T23:20:33.000Z,1
2019-11-02T07:40:33.000Z,1
2019-11-02T08:13:41.000Z,1
2019-11-02T08:56:51.000Z,1
2019-11-02T09:54:43.000Z,1
2019-11-02T12:22:48.000Z,1
2019-11-02T12:22:50.000Z,1
2019-11-02T12:37:21.000Z,1
2019-11-02T12:53:45.000Z,1
2019-11-02T12:58:51.000Z,1
2019-11-02T13:41:00.000Z,1
2019-11-02T13:43:18.000Z,1
2019-11-02T13:47:57.000Z,1
2019-11-02T14:37:17.000Z,1
2019-11-02T14:50:13.000Z,1
2019-11-02T15:52:22.000Z,2
2019-11-02T15:53:03.000Z,1
2019-11-02T17:03:20.000Z,1
2019-11-02T17:13:10.000Z,1
2019-11-02T19:44:25.000Z,1
2019-11-02T21:29:25.000Z,1
2019-11-03T00:07:13.000Z,1
2019-11-03T08:57:39.000Z,1
2019-11-03T09:03:24.000Z,1
2019-11-03T09:53:38.000Z,1
2019-11-03T10:01:57.000Z,1
2019-11-03T10:13:10.000Z,1
2019-11-03T10:49:45.000Z,1
2019-11-03T11:35:52.000Z,2
2019-11-03T11:56:44.000Z,1
2019-11-03T12:08:49.000Z,1
2019-11-03T12:40:17.000Z,2
2019-11-03T13:05:58.000Z,1
2019-11-03T13:19:51.000Z,1
2019-11-03T13:40:39.000Z,1
2019-11-03T15:03:26.000Z,1
2019-11-03T15:38:41.000Z,1
2019-11-03T16:18:50.000Z,1
2019-11-03T16:19:02.000Z,1
2019-11-03T18:30:13.000Z,1
2019-11-03T18:59:28.000Z,1
2019-11-03T19:08:42.000Z,1
2019-11-03T19:27:45.000Z,1
2019-11-03T20:26:38.000Z,1
2019-11-03T21:02:52.000Z,1
2019-11-04T06:26:27.000Z,1
2019-11-04T07:16:27.000Z,1
2019-11-04T07:39:27.000Z,1
2019-11-04T07:50:31.000Z,1
2019-11-04T07:51:03.000Z,1
2019-11-04T08:05:24.000Z,1
2019-11-04T08:20:43.000Z,1
2019-11-04T08:22:19.000Z,1
2019-11-04T08:52:11.000Z,1
2019-11-04T09:01:59.000Z,1
2019-11-04T11:28:18.000Z,1
2019-11-04T11:33:08.000Z,1
2019-11-04T12:41:26.000Z,1
2019-11-04T12:42:21.000Z,1
2019-11-04T13:16:35.000Z,1
2019-11-04T13:36:44.000Z,1
2019-11-04T13:37:01.000Z,1
2019-11-04T13:45:34.000Z,1
2019-11-04T13:47:48.000Z,3
2019-11-04T14:12:16.000Z,2
2019-11-04T14:39:45.000Z,1
2019-11-04T14:40:15.000Z,1
2019-11-04T15:18:31.000Z,1
2019-11-04T16:10:26.000Z,1
2019-11-04T16:11:46.000Z,1
2019-11-04T16:12:37.000Z,1
2019-11-04T16:13:49.000Z,1
2019-11-04T16:30:46.000Z,2
2019-11-04T16:35:08.000Z,1
2019-11-04T16:41:04.000Z,1
2019-11-04T16:52:47.000Z,2
2019-11-04T16:57:08.000Z,1
2019-11-04T17:05:16.000Z,1
2019-11-04T17:08:08.000Z,2
2019-11-04T17:13:20.000Z,1
2019-11-04T17:14:47.000Z,1
2019-11-04T17:21:45.000Z,1
2019-11-04T17:35:30.000Z,1
2019-11-04T17:38:08.000Z,1
2019-11-04T17:46:11.000Z,1
2019-11-04T17:52:10.000Z,2
2019-11-04T17:52:43.000Z,1
2019-11-04T18:05:29.000Z,1
2019-11-04T18:52:44.000Z,1
2019-11-04T18:59:35.000Z,1
2019-11-04T19:03:06.000Z,1
2019-11-04T19:37:36.000Z,1
2019-11-04T19:54:37.000Z,1
2019-11-04T20:04:49.000Z,1
2019-11-04T21:50:40.000Z,1
2019-11-04T23:34:58.000Z,1
2019-11-05T00:26:29.000Z,1
2019-11-05T05:17:49.000Z,1
2019-11-05T05:18:18.000Z,1
2019-11-05T06:50:38.000Z,2
2019-11-05T07:00:53.000Z,1
2019-11-05T07:01:03.000Z,1
2019-11-05T07:15:13.000Z,1
2019-11-05T07:17:58.000Z,1
2019-11-05T07:22:28.000Z,1
2019-11-05T07:24:01.000Z,1
2019-11-05T07:34:10.000Z,1
2019-11-05T07:58:07.000Z,1
2019-11-05T07:58:27.000Z,2
2019-11-05T08:03:59.000Z,1
2019-11-05T08:10:37.000Z,1
2019-11-05T08:13:02.000Z,2
2019-11-05T08:23:30.000Z,2
2019-11-05T08:32:27.000Z,1
2019-11-05T09:08:05.000Z,1
2019-11-05T09:25:58.000Z,1
2019-11-05T09:33:55.000Z,1
2019-11-05T09:52:14.000Z,1
2019-11-05T10:51:26.000Z,2
2019-11-05T11:27:45.000Z,1
2019-11-05T11:31:46.000Z,2
2019-11-05T12:23:55.000Z,1
2019-11-05T12:41:25.000Z,1
2019-11-05T13:04:43.000Z,1
2019-11-05T13:14:25.000Z,1
2019-11-05T13:15:20.000Z,1
2019-11-05T13:43:16.000Z,1
2019-11-05T14:22:21.000Z,1
2019-11-05T14:39:45.000Z,1
2019-11-05T14:40:05.000Z,2
2019-11-05T14:54:15.000Z,2
2019-11-05T15:03:40.000Z,1
2019-11-05T15:39:34.000Z,1
2019-11-05T15:48:27.000Z,1
2019-11-05T16:03:46.000Z,1
2019-11-05T16:12:39.000Z,1
2019-11-05T16:23:32.000Z,1
2019-11-05T16:39:52.000Z,1
2019-11-05T16:46:59.000Z,1
2019-11-05T16:48:53.000Z,1
2019-11-05T17:06:56.000Z,1
2019-11-05T17:12:07.000Z,1
2019-11-05T17:18:00.000Z,1
2019-11-05T17:29:50.000Z,1
2019-11-05T17:43:15.000Z,1
2019-11-05T17:53:46.000Z,2
2019-11-05T18:07:00.000Z,1
2019-11-05T18:21:00.000Z,1
2019-11-05T18:27:14.000Z,1
2019-11-05T18:38:31.000Z,1
2019-11-05T18:39:20.000Z,1
2019-11-05T19:51:09.000Z,1
2019-11-05T20:15:15.000Z,1
2019-11-05T20:21:12.000Z,2
2019-11-05T20:36:13.000Z,1
2019-11-05T21:22:20.000Z,1
2019-11-05T21:25:54.000Z,1
2019-11-05T21:54:38.000Z,1
2019-11-06T00:47:32.000Z,1
2019-11-06T05:57:09.000Z,1
2019-11-06T06:34:50.000Z,1
2019-11-06T07:35:47.000Z,1
2019-11-06T08:10:52.000Z,1
2019-11-06T08:21:03.000Z,1
2019-11-06T08:40:42.000Z,1
2019-11-06T08:54:34.000Z,1
2019-11-06T09:15:20.000Z,1
2019-11-06T09:35:18.000Z,1
2019-11-06T11:14:52.000Z,1
2019-11-06T11:22:15.000Z,1
2019-11-06T11:22:55.000Z,1
2019-11-06T11:35:57.000Z,1
2019-11-06T12:42:46.000Z,1
2019-11-06T13:59:01.000Z,1
2019-11-06T14:28:14.000Z,1
2019-11-06T14:38:12.000Z,1
2019-11-06T15:45:19.000Z,1
2019-11-06T16:08:26.000Z,1
2019-11-06T16:31:10.000Z,1
2019-11-06T16:36:41.000Z,1
2019-11-06T16:38:11.000Z,1
2019-11-06T16:39:33.000Z,1
2019-11-06T16:43:11.000Z,1
2019-11-06T16:46:34.000Z,1
2019-11-06T16:47:27.000Z,1
2019-11-06T16:52:00.000Z,2
2019-11-06T16:53:58.000Z,1
2019-11-06T17:02:56.000Z,2
2019-11-06T17:09:30.000Z,1
2019-11-06T17:12:29.000Z,1
2019-11-06T17:13:35.000Z,1
2019-11-06T17:19:50.000Z,1
2019-11-06T17:21:28.000Z,1
2019-11-06T18:16:17.000Z,1
2019-11-06T19:02:56.000Z,1
2019-11-06T19:06:21.000Z,1
2019-11-06T19:56:58.000Z,1
2019-11-06T20:32:45.000Z,1
2019-11-06T21:59:18.000Z,1
2019-11-07T00:03:20.000Z,1
2019-11-07T05:19:26.000Z,1
2019-11-07T05:38:15.000Z,1
2019-11-07T07:00:59.000Z,1
2019-11-07T07:20:47.000Z,2
2019-11-07T07:41:01.000Z,1
2019-11-07T07:50:52.000Z,1
2019-11-07T08:05:27.000Z,1
2019-11-07T08:10:43.000Z,1
2019-11-07T08:10:52.000Z,1
2019-11-07T08:22:37.000Z,1
2019-11-07T08:24:40.000Z,1
2019-11-07T08:40:53.000Z,1
2019-11-07T08:48:26.000Z,1
2019-11-07T09:02:04.000Z,1
2019-11-07T10:14:15.000Z,1
2019-11-07T11:03:35.000Z,1
2019-11-07T11:20:22.000Z,1
2019-11-07T13:07:43.000Z,1
2019-11-07T15:37:03.000Z,1
2019-11-07T16:14:02.000Z,1
2019-11-07T16:41:05.000Z,1
2019-11-07T17:22:34.000Z,1
2019-11-07T17:35:36.000Z,1
2019-11-07T18:36:31.000Z,1
2019-11-07T18:44:48.000Z,1
2019-11-07T19:00:56.000Z,1
2019-11-07T20:52:31.000Z,1
2019-11-07T21:43:08.000Z,1
2019-11-07T22:55:41.000Z,1
2019-10-30T19:07:45.000Z,1
2019-10-30T21:12:30.000Z,1
2019-10-30T22:17:31.000Z,1
2019-10-31T05:24:49.000Z,1
2019-10-31T08:58:33.000Z,1
2019-10-31T10:36:04.000Z,1
2019-10-31T11:52:02.000Z,1
2019-10-31T13:04:38.000Z,1
2019-10-31T16:57:42.000Z,1
2019-10-31T16:59:07.000Z,1
2019-10-31T16:59:58.000Z,1
2019-10-31T16:57:16.000Z,1
2019-10-31T16:09:48.000Z,1
2019-10-31T18:07:10.000Z,1
2019-11-01T07:07:44.000Z,1
2019-11-01T08:40:46.000Z,1
2019-11-01T10:13:54.000Z,1
2019-10-31T10:02:31.000Z,1
2019-10-31T10:41:55.000Z,1
2019-10-31T18:13:05.000Z,1
2019-10-31T18:26:31.000Z,1
2019-10-31T19:58:18.000Z,1
2019-10-31T20:19:30.000Z,1
2019-11-01T07:39:12.000Z,1
2019-11-01T07:41:16.000Z,1
2019-11-01T07:45:14.000Z,1
2019-11-01T08:30:22.000Z,1
2019-11-01T08:52:24.000Z,1
2019-11-01T09:25:43.000Z,1
2019-11-01T09:36:08.000Z,1
2019-11-01T09:58:15.000Z,1
2019-11-01T11:29:09.000Z,1
2019-11-01T12:22:01.000Z,1
2019-11-01T14:30:05.000Z,1
2019-11-01T15:18:48.000Z,1
2019-11-01T15:23:57.000Z,1
2019-11-01T15:31:57.000Z,1
2019-11-01T15:50:36.000Z,1
2019-11-01T16:24:01.000Z,1
2019-11-01T16:26:42.000Z,1
2019-11-01T16:32:13.000Z,1
2019-11-01T16:48:06.000Z,1
2019-11-01T17:08:58.000Z,1
2019-11-01T17:19:54.000Z,2
2019-11-01T18:02:28.000Z,1
2019-11-01T18:21:07.000Z,1
2019-11-01T20:57:35.000Z,2
2019-11-01T21:46:02.000Z,1
2019-11-01T22:06:35.000Z,1
2019-11-01T23:58:56.000Z,1
2019-11-02T08:28:02.000Z,1
2019-11-02T09:14:58.000Z,2
2019-11-02T09:17:53.000Z,1
2019-11-02T12:00:01.000Z,1
2019-11-02T12:00:40.000Z,1
2019-11-02T12:24:14.000Z,1
2019-11-02T13:07:51.000Z,1
2019-11-02T13:18:17.000Z,1
2019-11-02T13:22:33.000Z,1
2019-11-02T13:43:38.000Z,1
2019-11-02T14:18:31.000Z,1
2019-11-02T14:43:44.000Z,1
2019-11-02T14:51:54.000Z,1
2019-11-02T16:00:31.000Z,1
2019-11-02T16:10:21.000Z,1
2019-11-02T16:13:11.000Z,1
2019-11-02T16:33:36.000Z,1
2019-11-02T16:50:22.000Z,1
2019-11-02T18:01:16.000Z,1
2019-11-02T20:32:50.000Z,1
2019-11-02T20:47:21.000Z,1
2019-11-03T08:08:47.000Z,1
2019-11-03T10:19:13.000Z,1
2019-11-03T11:16:17.000Z,1
2019-11-03T11:35:26.000Z,1
2019-11-03T11:38:13.000Z,1
2019-11-03T11:44:21.000Z,1
2019-11-03T11:51:32.000Z,1
2019-11-03T11:59:53.000Z,1
2019-11-03T12:21:05.000Z,1
2019-11-03T12:41:52.000Z,1
2019-11-03T12:43:20.000Z,1
2019-11-03T12:56:10.000Z,1
2019-11-03T13:01:18.000Z,1
2019-11-03T13:27:53.000Z,1
2019-11-03T13:39:27.000Z,1
2019-11-03T14:42:20.000Z,1
2019-11-03T14:50:53.000Z,1
2019-11-03T15:27:51.000Z,1
2019-11-03T15:28:53.000Z,1
2019-11-03T16:26:48.000Z,1
2019-11-03T18:11:10.000Z,1
2019-11-03T19:04:11.000Z,1
2019-11-04T02:09:20.000Z,1
2019-11-04T02:28:24.000Z,1
2019-11-04T03:55:17.000Z,1
2019-11-04T05:46:27.000Z,1
2019-11-04T05:48:34.000Z,1
2019-11-04T06:14:23.000Z,1
2019-11-04T06:38:05.000Z,1
2019-11-04T06:55:06.000Z,1
2019-11-04T06:59:50.000Z,1
2019-11-04T07:12:31.000Z,1
2019-11-04T07:21:40.000Z,1
2019-11-04T07:24:09.000Z,1
2019-11-04T07:28:03.000Z,1
2019-11-04T07:29:26.000Z,1
2019-11-04T07:41:46.000Z,1
2019-11-04T07:55:56.000Z,1
2019-11-04T08:09:18.000Z,1
2019-11-04T08:44:39.000Z,1
2019-11-04T08:46:29.000Z,1
2019-11-04T09:27:47.000Z,1
2019-11-04T09:55:27.000Z,1
2019-11-04T10:08:14.000Z,1
2019-11-04T10:58:18.000Z,1
2019-11-04T11:54:13.000Z,1
2019-11-04T13:23:03.000Z,1
2019-11-04T13:39:36.000Z,1
2019-11-04T14:48:20.000Z,1
2019-11-04T14:58:06.000Z,1
2019-11-04T15:50:22.000Z,1
2019-11-04T15:55:42.000Z,1
2019-11-04T16:07:27.000Z,2
2019-11-04T16:23:06.000Z,1
2019-11-04T16:32:43.000Z,1
2019-11-04T16:38:13.000Z,1
2019-11-04T16:39:05.000Z,1
2019-11-04T16:47:51.000Z,1
2019-11-04T17:09:35.000Z,1
2019-11-04T17:28:08.000Z,2
2019-11-04T17:29:29.000Z,2
2019-11-04T17:51:16.000Z,1
2019-11-04T17:52:29.000Z,1
2019-11-04T18:09:45.000Z,1
2019-11-04T18:25:31.000Z,1
2019-11-04T18:31:55.000Z,1
2019-11-04T18:36:45.000Z,1
2019-11-04T18:53:18.000Z,1
2019-11-04T20:22:14.000Z,1
2019-11-04T20:59:33.000Z,1
2019-11-04T21:38:19.000Z,2
2019-11-04T22:59:32.000Z,1
2019-11-05T00:59:04.000Z,1
2019-11-05T06:46:04.000Z,1
2019-11-05T06:57:45.000Z,1
2019-11-05T07:12:23.000Z,1
2019-11-05T07:17:59.000Z,1
2019-11-05T07:31:16.000Z,1
2019-11-05T07:35:01.000Z,1
2019-11-05T07:36:07.000Z,1
2019-11-05T07:50:44.000Z,1
2019-11-05T07:50:50.000Z,1
2019-11-05T08:00:22.000Z,1
2019-11-05T08:00:37.000Z,3
2019-11-05T08:13:30.000Z,1
2019-11-05T08:17:14.000Z,1
2019-11-05T08:23:26.000Z,1
2019-11-05T08:52:22.000Z,1
2019-11-05T09:12:40.000Z,1
2019-11-05T09:21:51.000Z,1
2019-11-05T09:43:08.000Z,1
2019-11-05T09:48:24.000Z,1
2019-11-05T10:32:23.000Z,1
2019-11-05T13:05:41.000Z,2
2019-11-05T13:06:04.000Z,1
2019-11-05T13:30:16.000Z,1
2019-11-05T14:04:24.000Z,1
2019-11-05T14:37:16.000Z,1
2019-11-05T15:00:23.000Z,1
2019-11-05T15:08:38.000Z,1
2019-11-05T15:44:11.000Z,1
2019-11-05T15:51:59.000Z,1
2019-11-05T16:00:46.000Z,1
2019-11-05T16:01:44.000Z,1
2019-11-05T16:03:26.000Z,2
2019-11-05T16:14:58.000Z,1
2019-11-05T16:23:29.000Z,1
2019-11-05T16:26:05.000Z,1
2019-11-05T16:47:36.000Z,1
2019-11-05T16:57:46.000Z,2
2019-11-05T17:24:20.000Z,1
2019-11-05T17:26:25.000Z,2
2019-11-05T17:27:22.000Z,1
2019-11-05T17:47:20.000Z,1
2019-11-05T17:56:56.000Z,1
2019-11-05T18:28:36.000Z,2
2019-11-05T18:53:09.000Z,1
2019-11-05T19:07:14.000Z,1
2019-11-05T20:39:18.000Z,1
2019-11-05T21:52:50.000Z,1
2019-11-06T05:23:08.000Z,1
2019-11-06T07:14:55.000Z,1
2019-11-06T07:22:49.000Z,3
2019-11-06T07:59:32.000Z,1
2019-11-06T08:02:16.000Z,1
2019-11-06T08:26:14.000Z,1
2019-11-06T08:47:38.000Z,1
2019-11-06T09:00:04.000Z,1
2019-11-06T09:20:51.000Z,1
2019-11-06T09:26:00.000Z,1
2019-11-06T09:26:30.000Z,1
2019-11-06T10:04:39.000Z,1
2019-11-06T10:35:09.000Z,1
2019-11-06T12:14:20.000Z,1
2019-11-06T12:50:04.000Z,1
2019-11-06T13:14:32.000Z,1
2019-11-06T13:22:10.000Z,1
2019-11-06T14:34:18.000Z,1
2019-11-06T14:44:30.000Z,1
2019-11-06T14:58:10.000Z,1
2019-11-06T14:59:21.000Z,1
2019-11-06T16:33:19.000Z,1
2019-11-06T16:41:58.000Z,1
2019-11-06T16:54:58.000Z,1
2019-11-06T16:57:13.000Z,1
2019-11-06T17:06:15.000Z,2
2019-11-06T17:11:11.000Z,1
2019-11-06T17:20:18.000Z,2
2019-11-06T17:22:56.000Z,1
2019-11-06T17:23:55.000Z,1
2019-11-06T17:32:45.000Z,1
2019-11-06T17:54:23.000Z,1
2019-11-06T17:54:52.000Z,1
2019-11-06T18:07:04.000Z,1
2019-11-06T18:08:48.000Z,1
2019-11-06T18:21:14.000Z,1
2019-11-06T18:37:00.000Z,1
2019-11-06T18:47:08.000Z,1
2019-11-06T18:49:32.000Z,1
2019-11-06T19:02:03.000Z,1
2019-11-06T19:07:53.000Z,2
2019-11-06T19:21:46.000Z,1
2019-11-06T22:29:04.000Z,1
2019-11-07T05:35:42.000Z,1
2019-11-07T06:57:56.000Z,1
2019-11-07T07:12:56.000Z,1
2019-11-07T07:22:03.000Z,2
2019-11-07T07:27:36.000Z,2
2019-11-07T07:36:36.000Z,1
2019-11-07T08:13:00.000Z,1
2019-11-07T08:13:21.000Z,1
2019-11-07T08:20:54.000Z,1
2019-11-07T08:26:30.000Z,1
2019-11-07T08:26:56.000Z,2
2019-11-07T08:35:29.000Z,1
2019-11-07T08:52:48.000Z,1
2019-11-07T08:58:39.000Z,1
2019-11-07T09:34:43.000Z,1
2019-11-07T10:55:13.000Z,1
2019-11-07T13:04:05.000Z,1
2019-11-07T13:33:41.000Z,1
2019-11-07T13:51:03.000Z,1
2019-11-07T14:05:04.000Z,1
2019-11-07T14:15:29.000Z,1
2019-11-07T14:44:52.000Z,1
2019-11-07T14:59:47.000Z,1
2019-11-07T15:01:10.000Z,1
2019-11-07T15:03:29.000Z,1
2019-11-07T15:17:24.000Z,1
2019-11-07T16:20:09.000Z,1
2019-11-07T16:36:57.000Z,1
2019-11-07T16:40:58.000Z,1
2019-11-07T17:04:35.000Z,1
2019-11-07T17:18:58.000Z,1
2019-11-07T17:30:00.000Z,1
2019-11-07T17:49:39.000Z,1
2019-11-07T18:33:01.000Z,1
2019-11-07T20:21:08.000Z,1
2019-11-07T21:55:06.000Z,1
2019-10-30T19:35:17.000Z,1
2019-10-30T19:39:14.000Z,1
2019-10-30T20:08:58.000Z,2
2019-10-30T23:52:25.000Z,1
2019-10-31T07:50:43.000Z,1
2019-10-31T08:16:26.000Z,1
2019-10-31T08:23:33.000Z,1
2019-10-31T08:25:00.000Z,1
2019-10-31T08:51:10.000Z,1
2019-10-31T09:11:58.000Z,1
2019-10-31T11:25:59.000Z,1
2019-10-31T16:39:00.000Z,1
2019-10-31T17:29:16.000Z,1
2019-11-01T05:44:45.000Z,1
2019-11-01T06:34:37.000Z,1
2019-11-01T07:16:58.000Z,1
2019-11-01T08:33:38.000Z,1
2019-11-01T09:53:40.000Z,1
2019-11-01T12:09:17.000Z,1
2019-11-01T14:21:46.000Z,1
2019-11-01T16:06:22.000Z,2
2019-11-01T16:58:46.000Z,1
2019-11-01T19:19:46.000Z,1
2019-11-02T10:48:24.000Z,1
2019-10-31T08:33:03.000Z,1
2019-10-31T11:53:57.000Z,1
2019-10-31T14:25:28.000Z,1
2019-10-31T17:50:39.000Z,1
2019-10-31T21:19:43.000Z,1
2019-11-01T07:14:53.000Z,1
2019-11-01T07:23:56.000Z,1
2019-11-01T07:33:27.000Z,1
2019-11-01T07:43:00.000Z,1
2019-11-01T07:51:47.000Z,1
2019-11-01T09:33:52.000Z,1
2019-11-01T10:43:17.000Z,1
2019-11-01T12:12:09.000Z,1
2019-11-01T12:39:02.000Z,1
2019-11-01T13:28:59.000Z,1
2019-11-01T13:33:28.000Z,1
2019-11-01T13:35:49.000Z,1
2019-11-01T13:43:35.000Z,1
2019-11-01T14:20:55.000Z,1
2019-11-01T14:28:44.000Z,1
2019-11-01T14:31:03.000Z,1
2019-11-01T15:26:32.000Z,1
2019-11-01T15:40:11.000Z,1
2019-11-01T16:20:48.000Z,1
2019-11-01T16:24:20.000Z,1
2019-11-01T16:28:58.000Z,1
2019-11-01T16:40:59.000Z,1
2019-11-01T16:42:06.000Z,1
2019-11-01T17:04:36.000Z,1
2019-11-01T17:11:56.000Z,1
2019-11-01T17:13:58.000Z,2
2019-11-01T17:18:14.000Z,1
2019-11-01T17:53:50.000Z,1
2019-11-01T18:01:42.000Z,1
2019-11-01T18:19:24.000Z,1
2019-11-01T20:14:09.000Z,1
2019-11-01T20:35:35.000Z,1
2019-11-01T20:55:44.000Z,1
2019-11-02T00:05:13.000Z,1
2019-11-02T00:21:33.000Z,1
2019-11-02T09:35:28.000Z,1
2019-11-02T09:45:19.000Z,1
2019-11-02T10:55:13.000Z,1
2019-11-02T11:03:05.000Z,1
2019-11-02T11:09:01.000Z,1
2019-11-02T12:11:07.000Z,1
2019-11-02T12:14:11.000Z,1
2019-11-02T13:10:23.000Z,1
2019-11-02T13:12:35.000Z,1
2019-11-02T14:06:32.000Z,1
2019-11-02T14:10:11.000Z,1
2019-11-02T14:13:55.000Z,1
2019-11-02T14:52:07.000Z,1
2019-11-02T16:29:46.000Z,1
2019-11-02T16:43:35.000Z,1
2019-11-02T16:58:31.000Z,1
2019-11-02T17:32:08.000Z,1
2019-11-02T17:40:42.000Z,1
2019-11-02T17:42:50.000Z,1
2019-11-02T18:13:40.000Z,1
2019-11-02T18:16:46.000Z,1
2019-11-02T18:59:51.000Z,1
2019-11-02T22:54:25.000Z,1
2019-11-03T00:03:17.000Z,1
2019-11-03T01:25:07.000Z,1
2019-11-03T04:03:15.000Z,1
2019-11-03T05:48:16.000Z,1
2019-11-03T08:08:14.000Z,2
2019-11-03T09:10:40.000Z,1
2019-11-03T09:23:03.000Z,1
2019-11-03T09:36:54.000Z,1
2019-11-03T11:36:56.000Z,1
2019-11-03T11:46:52.000Z,1
2019-11-03T12:11:23.000Z,1
2019-11-03T12:17:02.000Z,1
2019-11-03T12:28:34.000Z,1
2019-11-03T12:33:43.000Z,1
2019-11-03T13:37:32.000Z,1
2019-11-03T13:50:16.000Z,2
2019-11-03T15:24:40.000Z,1
2019-11-03T15:29:20.000Z,1
2019-11-03T15:33:04.000Z,1
2019-11-03T16:04:40.000Z,1
2019-11-03T16:15:39.000Z,1
2019-11-03T16:53:30.000Z,1
2019-11-03T17:15:05.000Z,1
2019-11-03T17:29:24.000Z,1
2019-11-03T18:21:05.000Z,1
2019-11-03T19:10:31.000Z,1
2019-11-03T19:17:22.000Z,1
2019-11-03T23:06:21.000Z,1
2019-11-04T04:57:41.000Z,1
2019-11-04T06:09:05.000Z,1
2019-11-04T06:17:19.000Z,1
2019-11-04T07:36:22.000Z,5
2019-11-04T07:54:02.000Z,1
2019-11-04T08:08:52.000Z,1
2019-11-04T08:18:38.000Z,2
2019-11-04T08:20:38.000Z,1
2019-11-04T08:21:05.000Z,1
2019-11-04T08:23:37.000Z,1
2019-11-04T08:31:27.000Z,1
2019-11-04T08:43:58.000Z,1
2019-11-04T09:14:13.000Z,1
2019-11-04T09:29:41.000Z,1
2019-11-04T10:13:38.000Z,1
2019-11-04T10:16:21.000Z,1
2019-11-04T10:49:29.000Z,1
2019-11-04T11:01:31.000Z,1
2019-11-04T11:21:10.000Z,1
2019-11-04T12:12:26.000Z,1
2019-11-04T12:33:25.000Z,1
2019-11-04T12:44:51.000Z,1
2019-11-04T13:51:10.000Z,1
2019-11-04T14:33:14.000Z,1
2019-11-04T15:53:00.000Z,1
2019-11-04T16:10:27.000Z,1
2019-11-04T16:11:40.000Z,1
2019-11-04T16:12:26.000Z,1
2019-11-04T16:13:56.000Z,1
2019-11-04T16:23:39.000Z,1
2019-11-04T16:30:05.000Z,1
2019-11-04T16:37:32.000Z,1
2019-11-04T16:37:43.000Z,1
2019-11-04T16:38:38.000Z,1
2019-11-04T16:53:03.000Z,1
2019-11-04T17:10:44.000Z,1
2019-11-04T17:28:20.000Z,1
2019-11-04T17:28:43.000Z,1
2019-11-04T17:35:03.000Z,1
2019-11-04T17:36:44.000Z,2
2019-11-04T18:39:45.000Z,1
2019-11-04T19:08:25.000Z,1
2019-11-04T19:17:39.000Z,1
2019-11-04T19:23:21.000Z,1
2019-11-04T19:33:57.000Z,1
2019-11-04T20:01:11.000Z,1
2019-11-04T21:14:49.000Z,1
2019-11-05T06:37:44.000Z,2
2019-11-05T06:43:09.000Z,1
2019-11-05T06:43:27.000Z,1
2019-11-05T07:03:48.000Z,1
2019-11-05T07:08:06.000Z,1
2019-11-05T07:31:42.000Z,2
2019-11-05T07:33:16.000Z,1
2019-11-05T07:40:46.000Z,1
2019-11-05T08:06:34.000Z,1
2019-11-05T08:39:41.000Z,1
2019-11-05T08:41:00.000Z,3
2019-11-05T08:42:10.000Z,1
2019-11-05T08:58:41.000Z,1
2019-11-05T09:21:00.000Z,1
2019-11-05T09:51:44.000Z,1
2019-11-05T09:52:45.000Z,1
2019-11-05T10:31:35.000Z,1
2019-11-05T10:56:14.000Z,1
2019-11-05T11:15:08.000Z,1
2019-11-05T12:33:03.000Z,1
2019-11-05T13:05:20.000Z,1
2019-11-05T13:08:51.000Z,1
2019-11-05T13:35:01.000Z,1
2019-11-05T14:00:49.000Z,1
2019-11-05T14:05:19.000Z,1
2019-11-05T14:09:28.000Z,1
2019-11-05T14:25:46.000Z,1
2019-11-05T15:01:18.000Z,1
2019-11-05T15:26:04.000Z,1
2019-11-05T15:58:25.000Z,1
2019-11-05T16:08:05.000Z,1
2019-11-05T16:28:36.000Z,1
2019-11-05T17:09:00.000Z,1
2019-11-05T17:09:41.000Z,1
2019-11-05T17:43:41.000Z,1
2019-11-05T18:01:49.000Z,1
2019-11-05T18:33:32.000Z,1
2019-11-05T18:44:42.000Z,1
2019-11-05T18:49:52.000Z,1
2019-11-05T19:12:39.000Z,1
2019-11-05T19:32:33.000Z,1
2019-11-05T20:14:22.000Z,1
2019-11-05T20:20:57.000Z,1
2019-11-05T20:27:59.000Z,1
2019-11-05T21:41:09.000Z,1
2019-11-06T01:12:59.000Z,1
2019-11-06T03:08:59.000Z,1
2019-11-06T06:12:56.000Z,1
2019-11-06T06:40:36.000Z,1
2019-11-06T07:10:38.000Z,1
2019-11-06T07:24:07.000Z,1
2019-11-06T07:31:48.000Z,1
2019-11-06T07:41:07.000Z,1
2019-11-06T08:01:02.000Z,1
2019-11-06T08:10:14.000Z,1
2019-11-06T08:12:58.000Z,1
2019-11-06T08:16:07.000Z,1
2019-11-06T08:21:07.000Z,2
2019-11-06T08:43:05.000Z,2
2019-11-06T09:02:20.000Z,1
2019-11-06T10:18:32.000Z,1
2019-11-06T11:22:33.000Z,1
2019-11-06T11:45:13.000Z,1
2019-11-06T11:51:45.000Z,1
2019-11-06T12:53:09.000Z,1
2019-11-06T13:17:29.000Z,1
2019-11-06T13:20:59.000Z,1
2019-11-06T13:36:26.000Z,1
2019-11-06T14:20:32.000Z,1
2019-11-06T14:51:14.000Z,2
2019-11-06T15:20:14.000Z,2
2019-11-06T15:34:35.000Z,1
2019-11-06T15:47:37.000Z,1
2019-11-06T15:53:41.000Z,1
2019-11-06T16:30:32.000Z,1
2019-11-06T16:45:27.000Z,2
2019-11-06T16:48:20.000Z,1
2019-11-06T17:05:11.000Z,1
2019-11-06T17:12:06.000Z,1
2019-11-06T17:12:51.000Z,1
2019-11-06T17:15:08.000Z,2
2019-11-06T17:15:13.000Z,1
2019-11-06T17:15:23.000Z,1
2019-11-06T17:46:33.000Z,1
2019-11-06T19:02:12.000Z,1
2019-11-06T19:10:50.000Z,1
2019-11-06T20:00:06.000Z,1
2019-11-06T20:09:57.000Z,1
2019-11-06T20:20:39.000Z,1
2019-11-06T20:51:14.000Z,1
2019-11-06T22:33:32.000Z,1
2019-11-07T05:31:04.000Z,1
2019-11-07T05:49:22.000Z,1
2019-11-07T07:25:49.000Z,1
2019-11-07T07:49:07.000Z,1
2019-11-07T08:00:28.000Z,1
2019-11-07T08:42:51.000Z,1
2019-11-07T08:55:12.000Z,1
2019-11-07T09:07:56.000Z,1
2019-11-07T09:15:15.000Z,2
2019-11-07T09:34:07.000Z,1
2019-11-07T11:45:20.000Z,1
2019-11-07T12:09:21.000Z,2
2019-11-07T12:55:06.000Z,2
2019-11-07T13:10:00.000Z,1
2019-11-07T14:29:05.000Z,1
2019-11-07T15:36:44.000Z,1
2019-11-07T15:58:24.000Z,1
2019-11-07T16:04:49.000Z,1
2019-11-07T16:14:15.000Z,1
2019-11-07T16:51:24.000Z,1
2019-11-07T16:56:00.000Z,1
2019-11-07T16:57:11.000Z,1
2019-11-07T16:58:37.000Z,1
2019-11-07T17:05:30.000Z,1
2019-11-07T17:05:39.000Z,1
2019-11-07T17:24:22.000Z,1
2019-11-07T17:58:07.000Z,1
2019-11-07T18:04:56.000Z,1
2019-11-07T18:05:35.000Z,1
2019-11-07T18:07:12.000Z,2
2019-11-07T18:09:47.000Z,1
2019-11-07T18:28:16.000Z,2
2019-11-07T18:33:24.000Z,1
2019-11-07T18:43:03.000Z,2
2019-11-07T18:44:30.000Z,1
2019-11-07T19:25:44.000Z,1
2019-11-07T21:04:00.000Z,1
2019-11-07T21:11:20.000Z,1
2019-11-07T23:47:17.000Z,1
2019-11-08T00:13:49.000Z,1
2019-11-08T04:41:13.000Z,1
2019-11-08T05:27:56.000Z,1
2019-10-30T19:27:39.000Z,1
2019-10-30T22:16:11.000Z,1
2019-10-31T07:36:53.000Z,1
2019-10-31T07:44:45.000Z,1
2019-10-31T08:35:30.000Z,1
2019-10-31T09:09:25.000Z,1
2019-10-31T09:13:43.000Z,1
2019-10-31T14:54:20.000Z,1
2019-10-31T16:56:31.000Z,1
2019-10-31T18:34:34.000Z,1
2019-10-31T19:18:05.000Z,1
2019-11-01T17:40:35.000Z,1
2019-10-31T08:50:09.000Z,1
2019-10-31T17:19:42.000Z,2
2019-10-31T21:30:27.000Z,1
2019-10-31T23:20:33.000Z,1
2019-11-01T08:18:32.000Z,1
2019-11-01T08:18:38.000Z,1
2019-11-01T08:39:46.000Z,1
2019-11-01T12:28:50.000Z,1
2019-11-01T12:51:51.000Z,1
2019-11-01T14:22:57.000Z,1
2019-11-01T14:29:02.000Z,1
2019-11-01T15:20:55.000Z,1
2019-11-01T16:09:11.000Z,1
2019-11-01T16:16:53.000Z,1
2019-11-01T16:27:19.000Z,1
2019-11-01T17:23:42.000Z,1
2019-11-01T17:51:27.000Z,1
2019-11-01T19:01:53.000Z,1
2019-11-01T19:11:10.000Z,1
2019-11-01T20:48:18.000Z,1
2019-11-01T23:26:50.000Z,1
2019-11-02T03:00:03.000Z,1
2019-11-02T08:10:14.000Z,1
2019-11-02T09:20:50.000Z,1
2019-11-02T09:42:53.000Z,2
2019-11-02T10:00:10.000Z,1
2019-11-02T10:06:32.000Z,1
2019-11-02T10:09:09.000Z,1
2019-11-02T10:20:56.000Z,1
2019-11-02T10:35:59.000Z,1
2019-11-02T11:34:01.000Z,1
2019-11-02T11:51:32.000Z,1
2019-11-02T12:33:55.000Z,1
2019-11-02T13:20:12.000Z,1
2019-11-02T13:25:33.000Z,1
2019-11-02T13:32:54.000Z,2
2019-11-02T13:53:50.000Z,1
2019-11-02T14:26:03.000Z,1
2019-11-02T14:48:01.000Z,1
2019-11-02T15:21:00.000Z,1
2019-11-02T15:28:59.000Z,1
2019-11-02T17:37:13.000Z,1
2019-11-02T17:56:01.000Z,1
2019-11-02T19:09:45.000Z,1
2019-11-02T21:26:06.000Z,1
2019-11-02T22:43:30.000Z,1
2019-11-03T00:57:36.000Z,1
2019-11-03T05:57:54.000Z,1
2019-11-03T09:05:32.000Z,1
2019-11-03T09:47:57.000Z,1
2019-11-03T10:18:30.000Z,1
2019-11-03T10:34:15.000Z,1
2019-11-03T10:36:54.000Z,1
2019-11-03T10:38:21.000Z,1
2019-11-03T11:20:15.000Z,1
2019-11-03T11:48:32.000Z,1
2019-11-03T12:21:09.000Z,1
2019-11-03T13:18:08.000Z,1
2019-11-03T13:18:16.000Z,1
2019-11-03T13:32:58.000Z,1
2019-11-03T14:09:53.000Z,1
2019-11-03T14:14:13.000Z,1
2019-11-03T15:03:22.000Z,2
2019-11-03T15:20:30.000Z,1
2019-11-03T15:43:12.000Z,1
2019-11-03T16:55:48.000Z,1
2019-11-03T17:38:04.000Z,2
2019-11-03T17:59:34.000Z,2
2019-11-03T19:19:08.000Z,1
2019-11-04T05:27:53.000Z,1
2019-11-04T05:31:07.000Z,1
2019-11-04T05:36:05.000Z,1
2019-11-04T05:52:15.000Z,1
2019-11-04T07:17:16.000Z,1
2019-11-04T07:39:17.000Z,1
2019-11-04T07:54:26.000Z,1
2019-11-04T07:57:41.000Z,1
2019-11-04T08:52:15.000Z,1
2019-11-04T09:28:40.000Z,1
2019-11-04T09:48:01.000Z,1
2019-11-04T11:36:05.000Z,1
2019-11-04T11:46:15.000Z,1
2019-11-04T12:59:43.000Z,1
2019-11-04T13:06:12.000Z,1
2019-11-04T13:21:57.000Z,1
2019-11-04T13:34:33.000Z,1
2019-11-04T15:21:38.000Z,1
2019-11-04T15:44:54.000Z,1
2019-11-04T15:46:06.000Z,1
2019-11-04T15:50:31.000Z,1
2019-11-04T16:25:51.000Z,1
2019-11-04T16:34:07.000Z,1
2019-11-04T16:36:56.000Z,1
2019-11-04T16:40:13.000Z,1
2019-11-04T16:44:53.000Z,1
2019-11-04T16:50:57.000Z,2
2019-11-04T16:59:38.000Z,1
2019-11-04T17:13:26.000Z,1
2019-11-04T17:30:58.000Z,1
2019-11-04T17:52:05.000Z,1
2019-11-04T17:52:33.000Z,1
2019-11-04T18:04:05.000Z,1
2019-11-04T18:30:54.000Z,1
2019-11-04T18:37:51.000Z,1
2019-11-04T18:54:35.000Z,1
2019-11-04T18:55:18.000Z,1
2019-11-04T19:26:58.000Z,1
2019-11-04T19:30:41.000Z,1
2019-11-04T19:35:41.000Z,1
2019-11-04T20:09:37.000Z,1
2019-11-04T20:39:21.000Z,1
2019-11-04T21:17:35.000Z,1
2019-11-04T22:42:39.000Z,1
2019-11-05T06:00:05.000Z,1
2019-11-05T06:44:05.000Z,1
2019-11-05T06:52:44.000Z,1
2019-11-05T07:37:24.000Z,1
2019-11-05T07:42:09.000Z,1
2019-11-05T07:57:22.000Z,1
2019-11-05T08:02:46.000Z,1
2019-11-05T08:06:42.000Z,1
2019-11-05T08:09:39.000Z,1
2019-11-05T08:14:39.000Z,1
2019-11-05T08:25:48.000Z,2
2019-11-05T08:29:10.000Z,1
2019-11-05T08:37:19.000Z,1
2019-11-05T08:38:48.000Z,2
2019-11-05T08:44:21.000Z,1
2019-11-05T08:47:43.000Z,1
2019-11-05T08:53:16.000Z,1
2019-11-05T09:18:03.000Z,1
2019-11-05T09:58:51.000Z,1
2019-11-05T10:58:02.000Z,1
2019-11-05T15:17:47.000Z,1
2019-11-05T15:35:05.000Z,1
2019-11-05T15:44:42.000Z,1
2019-11-05T15:47:34.000Z,1
2019-11-05T16:12:26.000Z,1
2019-11-05T16:26:59.000Z,1
2019-11-05T16:30:29.000Z,1
2019-11-05T16:51:46.000Z,2
2019-11-05T16:57:04.000Z,2
2019-11-05T16:59:07.000Z,1
2019-11-05T17:05:02.000Z,3
2019-11-05T17:11:34.000Z,2
2019-11-05T17:25:17.000Z,1
2019-11-05T17:35:25.000Z,2
2019-11-05T17:55:48.000Z,1
2019-11-05T18:04:37.000Z,1
2019-11-05T18:38:00.000Z,1
2019-11-05T18:42:39.000Z,1
2019-11-05T18:55:19.000Z,2
2019-11-05T19:00:06.000Z,1
2019-11-05T19:43:28.000Z,1
2019-11-05T20:23:31.000Z,3
2019-11-05T20:38:41.000Z,1
2019-11-06T06:21:11.000Z,1
2019-11-06T06:32:32.000Z,1
2019-11-06T06:50:38.000Z,1
2019-11-06T07:15:25.000Z,1
2019-11-06T07:25:02.000Z,1
2019-11-06T07:36:50.000Z,1
2019-11-06T08:04:21.000Z,1
2019-11-06T08:33:12.000Z,1
2019-11-06T08:51:59.000Z,1
2019-11-06T09:09:55.000Z,1
2019-11-06T09:15:14.000Z,1
2019-11-06T09:58:53.000Z,2
2019-11-06T10:12:33.000Z,1
2019-11-06T10:32:41.000Z,1
2019-11-06T11:03:53.000Z,1
2019-11-06T11:48:54.000Z,1
2019-11-06T12:48:41.000Z,1
2019-11-06T13:28:18.000Z,1
2019-11-06T13:39:23.000Z,1
2019-11-06T14:23:37.000Z,1
2019-11-06T15:17:53.000Z,1
2019-11-06T15:36:30.000Z,1
2019-11-06T15:49:16.000Z,1
2019-11-06T15:51:42.000Z,1
2019-11-06T16:16:52.000Z,1
2019-11-06T16:16:57.000Z,1
2019-11-06T16:19:57.000Z,1
2019-11-06T16:31:13.000Z,1
2019-11-06T16:39:32.000Z,1
2019-11-06T17:07:57.000Z,1
2019-11-06T17:08:22.000Z,1
2019-11-06T17:12:44.000Z,2
2019-11-06T17:13:20.000Z,1
2019-11-06T17:24:05.000Z,2
2019-11-06T17:45:08.000Z,4
2019-11-06T17:45:24.000Z,1
2019-11-06T17:55:59.000Z,1
2019-11-06T18:36:18.000Z,1
2019-11-06T18:50:16.000Z,1
2019-11-06T19:38:44.000Z,1
2019-11-06T20:11:29.000Z,1
2019-11-06T20:48:25.000Z,1
2019-11-06T21:16:17.000Z,1
2019-11-06T22:02:04.000Z,1
2019-11-06T23:26:55.000Z,1
2019-11-07T06:21:21.000Z,1
2019-11-07T06:33:51.000Z,1
2019-11-07T07:01:25.000Z,1
2019-11-07T07:05:50.000Z,1
2019-11-07T07:13:59.000Z,1
2019-11-07T07:34:15.000Z,2
2019-11-07T07:39:29.000Z,1
2019-11-07T07:41:09.000Z,1
2019-11-07T07:52:38.000Z,1
2019-11-07T07:57:59.000Z,1
2019-11-07T08:18:00.000Z,1
2019-11-07T08:27:22.000Z,1
2019-11-07T08:47:12.000Z,1
2019-11-07T08:54:47.000Z,1
2019-11-07T10:14:26.000Z,1
2019-11-07T11:01:54.000Z,1
2019-11-07T12:11:52.000Z,1
2019-11-07T12:44:18.000Z,1
2019-11-07T12:48:42.000Z,1
2019-11-07T13:16:04.000Z,1
2019-11-07T13:18:27.000Z,1
2019-11-07T14:06:48.000Z,1
2019-11-07T15:06:07.000Z,1
2019-11-07T15:38:41.000Z,1
2019-11-07T16:10:54.000Z,1
2019-11-07T16:12:09.000Z,1
2019-11-07T16:39:44.000Z,1
2019-11-07T16:51:54.000Z,1
2019-11-07T17:03:59.000Z,1
2019-11-07T17:20:18.000Z,3
2019-11-07T17:28:33.000Z,1
2019-11-07T17:43:25.000Z,1
2019-11-07T18:52:54.000Z,1
2019-11-07T21:54:18.000Z,1
2019-11-08T05:24:28.000Z,1
2019-10-30T20:21:27.000Z,1
2019-10-30T21:15:13.000Z,1
2019-10-30T23:25:05.000Z,1
2019-10-31T07:19:31.000Z,1
2019-10-31T07:48:47.000Z,1
2019-10-31T08:25:55.000Z,1
2019-10-31T08:40:29.000Z,1
2019-10-31T12:51:48.000Z,1
2019-10-31T15:33:17.000Z,1
2019-10-31T16:55:16.000Z,1
2019-10-31T17:27:02.000Z,1
2019-10-31T19:00:54.000Z,1
2019-10-31T19:09:03.000Z,1
2019-10-31T19:34:14.000Z,1
2019-10-31T21:03:27.000Z,1
2019-11-01T06:31:02.000Z,1
2019-11-01T07:54:28.000Z,1
2019-11-01T07:57:23.000Z,1
2019-11-01T16:10:13.000Z,1
2019-11-01T17:16:26.000Z,1
2019-10-31T08:44:25.000Z,1
2019-10-31T18:58:05.000Z,1
2019-10-31T23:52:07.000Z,1
2019-11-01T06:36:34.000Z,1
2019-11-01T07:18:13.000Z,2
2019-11-01T07:22:54.000Z,1
2019-11-01T07:26:09.000Z,1
2019-11-01T07:45:11.000Z,1
2019-11-01T08:22:14.000Z,1
2019-11-01T08:25:07.000Z,1
2019-11-01T08:28:16.000Z,1
2019-11-01T11:11:53.000Z,1
2019-11-01T11:18:48.000Z,1
2019-11-01T11:33:47.000Z,1
2019-11-01T14:00:20.000Z,1
2019-11-01T14:57:19.000Z,1
2019-11-01T15:21:17.000Z,1
2019-11-01T15:24:05.000Z,1
2019-11-01T15:36:51.000Z,1
2019-11-01T16:26:15.000Z,1
2019-11-01T16:55:13.000Z,1
2019-11-01T17:01:30.000Z,1
2019-11-01T17:06:45.000Z,1
2019-11-01T17:11:23.000Z,2
2019-11-01T17:14:48.000Z,1
2019-11-01T17:35:45.000Z,2
2019-11-01T17:40:06.000Z,2
2019-11-01T18:55:23.000Z,1
2019-11-01T18:58:29.000Z,1
2019-11-01T20:49:08.000Z,1
2019-11-02T06:41:48.000Z,1
2019-11-02T08:04:33.000Z,1
2019-11-02T08:27:48.000Z,1
2019-11-02T08:43:16.000Z,1
2019-11-02T09:01:17.000Z,1
2019-11-02T09:08:10.000Z,1
2019-11-02T09:28:00.000Z,1
2019-11-02T10:33:15.000Z,1
2019-11-02T10:34:22.000Z,1
2019-11-02T11:02:59.000Z,1
2019-11-02T11:20:03.000Z,1
2019-11-02T11:51:10.000Z,1
2019-11-02T13:05:20.000Z,1
2019-11-02T13:31:38.000Z,1
2019-11-02T13:46:13.000Z,1
2019-11-02T14:18:36.000Z,1
2019-11-02T14:44:47.000Z,1
2019-11-02T14:54:29.000Z,1
2019-11-02T16:26:43.000Z,1
2019-11-02T16:40:20.000Z,1
2019-11-02T17:19:17.000Z,1
2019-11-02T17:54:59.000Z,3
2019-11-02T18:12:10.000Z,1
2019-11-02T19:14:00.000Z,1
2019-11-02T20:16:49.000Z,1
2019-11-03T00:06:18.000Z,1
2019-11-03T01:50:31.000Z,1
2019-11-03T01:52:23.000Z,1
2019-11-03T06:05:28.000Z,1
2019-11-03T09:27:17.000Z,2
2019-11-03T09:39:52.000Z,1
2019-11-03T10:20:02.000Z,1
2019-11-03T10:24:01.000Z,1
2019-11-03T10:33:38.000Z,1
2019-11-03T10:50:24.000Z,1
2019-11-03T10:55:37.000Z,1
2019-11-03T10:56:28.000Z,1
2019-11-03T11:18:13.000Z,1
2019-11-03T11:28:37.000Z,1
2019-11-03T11:43:36.000Z,1
2019-11-03T11:45:29.000Z,1
2019-11-03T12:21:43.000Z,1
2019-11-03T12:38:55.000Z,1
2019-11-03T13:07:46.000Z,1
2019-11-03T13:07:44.000Z,1
2019-11-03T13:17:44.000Z,1
2019-11-03T13:46:44.000Z,1
2019-11-03T14:04:29.000Z,1
2019-11-03T15:04:50.000Z,1
2019-11-03T15:15:18.000Z,1
2019-11-03T15:33:22.000Z,1
2019-11-03T15:38:40.000Z,1
2019-11-03T15:48:38.000Z,1
2019-11-03T16:19:08.000Z,1
2019-11-03T16:50:24.000Z,1
2019-11-03T17:11:04.000Z,1
2019-11-03T17:42:25.000Z,1
2019-11-03T17:59:59.000Z,1
2019-11-03T18:23:10.000Z,1
2019-11-03T18:46:59.000Z,1
2019-11-03T21:27:34.000Z,1
2019-11-03T22:27:14.000Z,1
2019-11-03T23:25:16.000Z,1
2019-11-04T05:32:16.000Z,1
2019-11-04T05:48:36.000Z,1
2019-11-04T06:50:04.000Z,1
2019-11-04T07:07:24.000Z,1
2019-11-04T07:11:05.000Z,1
2019-11-04T07:23:34.000Z,1
2019-11-04T07:40:35.000Z,1
2019-11-04T07:44:28.000Z,1
2019-11-04T07:46:45.000Z,1
2019-11-04T07:47:57.000Z,1
2019-11-04T07:56:26.000Z,2
2019-11-04T08:16:45.000Z,1
2019-11-04T08:54:26.000Z,1
2019-11-04T08:59:37.000Z,1
2019-11-04T09:00:19.000Z,1
2019-11-04T09:10:25.000Z,1
2019-11-04T09:17:54.000Z,1
2019-11-04T10:26:27.000Z,1
2019-11-04T10:26:23.000Z,1
2019-11-04T10:35:54.000Z,1
2019-11-04T11:49:36.000Z,1
2019-11-04T12:27:49.000Z,1
2019-11-04T12:56:21.000Z,1
2019-11-04T14:49:30.000Z,1
2019-11-04T15:11:01.000Z,1
2019-11-04T15:22:38.000Z,1
2019-11-04T15:46:28.000Z,1
2019-11-04T15:58:02.000Z,1
2019-11-04T16:19:51.000Z,1
2019-11-04T16:20:26.000Z,1
2019-11-04T16:29:41.000Z,1
2019-11-04T16:35:18.000Z,1
2019-11-04T16:50:19.000Z,1
2019-11-04T17:08:21.000Z,1
2019-11-04T17:15:44.000Z,1
2019-11-04T17:23:56.000Z,1
2019-11-04T17:25:18.000Z,1
2019-11-04T17:26:07.000Z,1
2019-11-04T17:26:53.000Z,1
2019-11-04T17:34:19.000Z,1
2019-11-04T17:34:38.000Z,1
2019-11-04T17:50:11.000Z,1
2019-11-04T17:51:59.000Z,2
2019-11-04T18:16:23.000Z,1
2019-11-04T18:18:15.000Z,1
2019-11-04T18:34:06.000Z,1
2019-11-04T18:39:30.000Z,1
2019-11-04T18:43:34.000Z,1
2019-11-04T19:03:36.000Z,1
2019-11-04T19:19:00.000Z,1
2019-11-04T19:39:51.000Z,1
2019-11-04T20:26:40.000Z,1
2019-11-04T21:58:15.000Z,1
2019-11-04T22:25:25.000Z,1
2019-11-05T05:28:59.000Z,1
2019-11-05T06:12:23.000Z,1
2019-11-05T06:50:39.000Z,1
2019-11-05T06:57:55.000Z,1
2019-11-05T07:27:39.000Z,3
2019-11-05T07:34:38.000Z,1
2019-11-05T07:53:21.000Z,1
2019-11-05T07:54:10.000Z,1
2019-11-05T07:58:19.000Z,1
2019-11-05T08:02:02.000Z,1
2019-11-05T08:08:59.000Z,1
2019-11-05T08:20:16.000Z,1
2019-11-05T08:28:14.000Z,1
2019-11-05T09:45:11.000Z,1
2019-11-05T10:36:41.000Z,1
2019-11-05T11:26:30.000Z,1
2019-11-05T12:52:54.000Z,1
2019-11-05T12:54:26.000Z,1
2019-11-05T12:55:23.000Z,1
2019-11-05T13:29:42.000Z,1
2019-11-05T13:33:40.000Z,1
2019-11-05T13:39:02.000Z,1
2019-11-05T13:52:04.000Z,1
2019-11-05T14:32:54.000Z,1
2019-11-05T15:50:44.000Z,1
2019-11-05T16:21:26.000Z,1
2019-11-05T16:42:58.000Z,1
2019-11-05T17:09:44.000Z,1
2019-11-05T17:10:49.000Z,1
2019-11-05T17:22:15.000Z,1
2019-11-05T17:29:44.000Z,1
2019-11-05T17:31:04.000Z,1
2019-11-05T17:35:09.000Z,1
2019-11-05T17:48:07.000Z,1
2019-11-05T18:05:01.000Z,1
2019-11-05T18:18:19.000Z,1
2019-11-05T18:21:38.000Z,1
2019-11-05T18:26:58.000Z,1
2019-11-05T19:18:56.000Z,1
2019-11-05T19:25:53.000Z,1
2019-11-05T21:12:37.000Z,1
2019-11-05T22:29:00.000Z,1
2019-11-05T23:14:50.000Z,1
2019-11-06T07:19:07.000Z,1
2019-11-06T07:45:45.000Z,1
2019-11-06T07:46:01.000Z,1
2019-11-06T07:54:50.000Z,1
2019-11-06T08:15:05.000Z,1
2019-11-06T08:18:16.000Z,1
2019-11-06T08:20:12.000Z,1
2019-11-06T08:27:47.000Z,1
2019-11-06T08:30:41.000Z,1
2019-11-06T08:38:54.000Z,2
2019-11-06T08:39:47.000Z,1
2019-11-06T08:40:12.000Z,1
2019-11-06T08:43:52.000Z,1
2019-11-06T09:00:31.000Z,1
2019-11-06T10:39:11.000Z,1
2019-11-06T11:27:33.000Z,1
2019-11-06T12:23:49.000Z,1
2019-11-06T14:05:12.000Z,1
2019-11-06T14:06:07.000Z,1
2019-11-06T14:19:53.000Z,1
2019-11-06T14:42:00.000Z,1
2019-11-06T15:00:01.000Z,1
2019-11-06T15:11:59.000Z,1
2019-11-06T15:28:39.000Z,1
2019-11-06T15:52:57.000Z,1
2019-11-06T15:54:59.000Z,1
2019-11-06T15:56:49.000Z,1
2019-11-06T16:27:19.000Z,1
2019-11-06T16:30:56.000Z,1
2019-11-06T16:43:04.000Z,1
2019-11-06T16:44:02.000Z,1
2019-11-06T16:55:26.000Z,1
2019-11-06T17:02:37.000Z,1
2019-11-06T17:45:31.000Z,3
2019-11-06T17:49:17.000Z,1
2019-11-06T18:23:18.000Z,2
2019-11-06T19:09:46.000Z,1
2019-11-06T19:11:02.000Z,1
2019-11-06T20:17:01.000Z,1
2019-11-06T20:52:20.000Z,1
2019-11-06T21:47:05.000Z,1
2019-11-06T21:57:39.000Z,1
2019-11-06T22:18:32.000Z,1
2019-11-06T22:41:35.000Z,1
2019-11-07T06:17:21.000Z,1
2019-11-07T06:53:24.000Z,1
2019-11-07T07:48:09.000Z,1
2019-11-07T07:48:20.000Z,1
2019-11-07T07:55:11.000Z,1
2019-11-07T08:15:54.000Z,1
2019-11-07T08:16:30.000Z,2
2019-11-07T08:34:21.000Z,1
2019-11-07T08:36:29.000Z,1
2019-11-07T08:42:38.000Z,1
2019-11-07T08:48:08.000Z,1
2019-11-07T08:53:19.000Z,1
2019-11-07T09:19:42.000Z,1
2019-11-07T10:21:37.000Z,1
2019-11-07T10:35:56.000Z,1
2019-11-07T11:13:32.000Z,1
2019-11-07T11:33:52.000Z,1
2019-11-07T13:32:19.000Z,1
2019-11-07T13:43:19.000Z,1
2019-11-07T13:55:05.000Z,1
2019-11-07T15:05:24.000Z,1
2019-11-07T15:36:35.000Z,1
2019-11-07T16:00:03.000Z,1
2019-11-07T16:11:10.000Z,1
2019-11-07T16:21:25.000Z,1
2019-11-07T16:34:23.000Z,1
2019-11-07T16:37:56.000Z,1
2019-11-07T16:50:39.000Z,1
2019-11-07T16:59:27.000Z,1
2019-11-07T17:04:18.000Z,1
2019-11-07T17:15:29.000Z,1
2019-11-07T17:26:30.000Z,1
2019-11-07T17:27:51.000Z,1
2019-11-07T18:58:03.000Z,1
2019-11-07T19:16:43.000Z,1
2019-11-07T20:31:16.000Z,1
2019-11-08T05:15:39.000Z,1
2019-10-30T20:00:20.000Z,1
2019-10-30T22:10:40.000Z,1
2019-10-30T22:39:47.000Z,1
2019-10-31T07:09:03.000Z,1
2019-10-31T07:27:09.000Z,1
2019-10-31T07:36:57.000Z,1
2019-10-31T08:13:46.000Z,1
2019-10-31T08:46:27.000Z,1
2019-10-31T09:00:01.000Z,1
2019-10-31T09:24:35.000Z,1
2019-10-31T10:29:41.000Z,1
2019-10-31T16:18:35.000Z,1
2019-10-31T18:20:23.000Z,1
2019-10-31T21:05:58.000Z,1
2019-11-01T07:56:05.000Z,1
2019-11-01T16:05:29.000Z,1
2019-11-02T15:51:28.000Z,1
2019-11-03T13:31:42.000Z,1
2019-10-31T09:19:41.000Z,2
2019-10-31T10:23:20.000Z,1
2019-10-31T11:11:46.000Z,1
2019-10-31T11:54:05.000Z,1
2019-10-31T13:27:58.000Z,1
2019-10-31T14:16:35.000Z,1
2019-10-31T17:51:17.000Z,1
2019-10-31T17:08:54.000Z,1
2019-10-31T22:50:27.000Z,1
2019-11-01T01:04:38.000Z,1
2019-11-01T07:03:51.000Z,1
2019-11-01T07:06:49.000Z,1
2019-11-01T07:37:09.000Z,1
2019-11-01T08:01:35.000Z,1
2019-11-01T08:47:45.000Z,1
2019-11-01T09:34:14.000Z,1
2019-11-01T10:36:22.000Z,1
2019-11-01T12:24:43.000Z,1
2019-11-01T12:37:48.000Z,1
2019-11-01T12:45:40.000Z,1
2019-11-01T13:52:56.000Z,1
2019-11-01T14:17:48.000Z,1
2019-11-01T15:02:07.000Z,1
2019-11-01T15:55:30.000Z,2
2019-11-01T16:15:42.000Z,1
2019-11-01T16:20:16.000Z,1
2019-11-01T16:31:48.000Z,1
2019-11-01T16:59:33.000Z,1
2019-11-01T17:00:36.000Z,1
2019-11-01T17:11:01.000Z,1
2019-11-01T17:11:55.000Z,1
2019-11-01T17:20:32.000Z,1
2019-11-01T17:21:07.000Z,1
2019-11-01T17:27:53.000Z,1
2019-11-01T17:57:25.000Z,1
2019-11-01T19:13:49.000Z,1
2019-11-01T19:43:39.000Z,1
2019-11-01T20:04:27.000Z,1
2019-11-01T20:17:41.000Z,1
2019-11-01T20:55:55.000Z,1
2019-11-01T22:18:44.000Z,1
2019-11-02T07:15:52.000Z,1
2019-11-02T09:00:49.000Z,1
2019-11-02T09:01:04.000Z,1
2019-11-02T09:39:20.000Z,1
2019-11-02T09:50:56.000Z,2
2019-11-02T10:00:27.000Z,1
2019-11-02T10:14:10.000Z,1
2019-11-02T10:52:45.000Z,1
2019-11-02T11:53:30.000Z,1
2019-11-02T12:19:07.000Z,1
2019-11-02T12:24:06.000Z,1
2019-11-02T12:33:46.000Z,2
2019-11-02T12:37:17.000Z,1
2019-11-02T13:08:55.000Z,1
2019-11-02T13:21:17.000Z,1
2019-11-02T13:42:06.000Z,1
2019-11-02T14:19:26.000Z,1
2019-11-02T14:34:00.000Z,1
2019-11-02T14:46:48.000Z,1
2019-11-02T16:23:25.000Z,1
2019-11-02T17:16:23.000Z,1
2019-11-02T17:23:26.000Z,1
2019-11-02T17:59:07.000Z,1
2019-11-02T18:37:53.000Z,1
2019-11-02T19:06:02.000Z,1
2019-11-02T19:14:29.000Z,1
2019-11-02T20:02:00.000Z,1
2019-11-02T20:46:30.000Z,1
2019-11-02T23:24:38.000Z,1
2019-11-03T05:58:22.000Z,1
2019-11-03T08:56:51.000Z,1
2019-11-03T09:07:39.000Z,1
2019-11-03T09:41:46.000Z,1
2019-11-03T10:24:00.000Z,1
2019-11-03T10:24:41.000Z,1
2019-11-03T10:42:58.000Z,2
2019-11-03T10:52:20.000Z,1
2019-11-03T10:52:59.000Z,1
2019-11-03T11:02:44.000Z,1
2019-11-03T11:31:15.000Z,1
2019-11-03T11:34:48.000Z,1
2019-11-03T11:55:46.000Z,1
2019-11-03T12:15:22.000Z,1
2019-11-03T12:41:12.000Z,1
2019-11-03T12:43:00.000Z,1
2019-11-03T12:46:17.000Z,1
2019-11-03T13:19:32.000Z,1
2019-11-03T13:48:08.000Z,1
2019-11-03T14:10:46.000Z,1
2019-11-03T15:00:03.000Z,1
2019-11-03T15:11:24.000Z,2
2019-11-03T15:23:35.000Z,1
2019-11-03T15:58:36.000Z,1
2019-11-03T16:34:00.000Z,1
2019-11-03T17:11:22.000Z,1
2019-11-03T17:12:12.000Z,1
2019-11-03T17:21:11.000Z,1
2019-11-03T18:12:19.000Z,1
2019-11-03T20:33:54.000Z,1
2019-11-04T02:49:05.000Z,1
2019-11-04T05:21:53.000Z,1
2019-11-04T05:38:06.000Z,1
2019-11-04T06:19:35.000Z,1
2019-11-04T06:43:39.000Z,1
2019-11-04T06:58:38.000Z,1
2019-11-04T07:04:09.000Z,1
2019-11-04T07:11:24.000Z,1
2019-11-04T08:03:06.000Z,1
2019-11-04T08:19:48.000Z,1
2019-11-04T08:43:10.000Z,1
2019-11-04T08:47:43.000Z,1
2019-11-04T08:54:43.000Z,1
2019-11-04T09:01:51.000Z,1
2019-11-04T09:33:50.000Z,1
2019-11-04T09:49:11.000Z,1
2019-11-04T11:07:02.000Z,1
2019-11-04T12:41:28.000Z,1
2019-11-04T13:00:16.000Z,1
2019-11-04T14:51:01.000Z,1
2019-11-04T15:22:13.000Z,1
2019-11-04T16:22:05.000Z,2
2019-11-04T16:22:11.000Z,1
2019-11-04T16:34:22.000Z,1
2019-11-04T16:35:58.000Z,1
2019-11-04T16:42:33.000Z,1
2019-11-04T17:02:16.000Z,1
2019-11-04T17:16:31.000Z,1
2019-11-04T17:16:23.000Z,1
2019-11-04T17:31:02.000Z,1
2019-11-04T17:37:32.000Z,3
2019-11-04T17:41:57.000Z,1
2019-11-04T17:54:26.000Z,1
2019-11-04T17:56:00.000Z,1
2019-11-04T18:03:28.000Z,2
2019-11-04T18:23:26.000Z,1
2019-11-04T18:36:41.000Z,1
2019-11-04T18:48:51.000Z,1
2019-11-04T18:50:14.000Z,1
2019-11-04T18:56:50.000Z,1
2019-11-04T18:59:34.000Z,1
2019-11-04T19:21:24.000Z,1
2019-11-04T19:44:18.000Z,1
2019-11-04T21:28:56.000Z,1
2019-11-04T22:14:05.000Z,1
2019-11-04T22:29:02.000Z,1
2019-11-04T23:01:16.000Z,1
2019-11-05T01:29:02.000Z,1
2019-11-05T05:05:10.000Z,1
2019-11-05T06:17:28.000Z,1
2019-11-05T06:41:15.000Z,1
2019-11-05T07:17:11.000Z,1
2019-11-05T07:20:25.000Z,1
2019-11-05T07:20:57.000Z,1
2019-11-05T07:24:56.000Z,1
2019-11-05T07:58:49.000Z,1
2019-11-05T08:06:27.000Z,1
2019-11-05T08:07:32.000Z,1
2019-11-05T08:17:47.000Z,2
2019-11-05T08:20:51.000Z,1
2019-11-05T08:22:22.000Z,2
2019-11-05T08:40:52.000Z,1
2019-11-05T08:41:17.000Z,1
2019-11-05T08:43:00.000Z,2
2019-11-05T08:58:22.000Z,1
2019-11-05T12:08:54.000Z,1
2019-11-05T12:18:52.000Z,1
2019-11-05T12:50:26.000Z,2
2019-11-05T14:23:48.000Z,1
2019-11-05T14:57:39.000Z,1
2019-11-05T15:24:07.000Z,1
2019-11-05T15:41:05.000Z,1
2019-11-05T15:45:06.000Z,1
2019-11-05T16:11:05.000Z,1
2019-11-05T16:33:32.000Z,1
2019-11-05T16:40:37.000Z,1
2019-11-05T16:53:45.000Z,1
2019-11-05T17:01:44.000Z,1
2019-11-05T17:04:52.000Z,1
2019-11-05T17:07:40.000Z,1
2019-11-05T17:24:05.000Z,1
2019-11-05T17:25:24.000Z,2
2019-11-05T17:46:15.000Z,2
2019-11-05T17:49:00.000Z,1
2019-11-05T17:51:35.000Z,1
2019-11-05T17:53:55.000Z,1
2019-11-05T18:04:44.000Z,1
2019-11-05T18:05:53.000Z,1
2019-11-05T18:07:18.000Z,1
2019-11-05T18:19:44.000Z,1
2019-11-05T18:23:08.000Z,1
2019-11-05T18:35:04.000Z,1
2019-11-05T18:44:27.000Z,1
2019-11-05T18:45:13.000Z,1
2019-11-05T18:48:25.000Z,1
2019-11-05T19:17:05.000Z,1
2019-11-05T19:34:27.000Z,1
2019-11-05T19:39:21.000Z,1
2019-11-05T21:02:47.000Z,1
2019-11-05T21:17:18.000Z,1
2019-11-05T21:58:03.000Z,1
2019-11-05T22:55:57.000Z,1
2019-11-05T23:01:53.000Z,1
2019-11-06T05:16:39.000Z,1
2019-11-06T06:24:51.000Z,1
2019-11-06T06:42:04.000Z,1
2019-11-06T06:46:06.000Z,1
2019-11-06T06:48:36.000Z,1
2019-11-06T07:02:47.000Z,1
2019-11-06T07:16:39.000Z,1
2019-11-06T07:18:54.000Z,1
2019-11-06T07:33:04.000Z,1
2019-11-06T07:53:34.000Z,1
2019-11-06T08:06:24.000Z,1
2019-11-06T08:10:06.000Z,2
2019-11-06T08:15:07.000Z,1
2019-11-06T08:18:29.000Z,1
2019-11-06T08:38:36.000Z,1
2019-11-06T08:45:44.000Z,2
2019-11-06T08:48:02.000Z,1
2019-11-06T08:48:29.000Z,1
2019-11-06T08:52:20.000Z,1
2019-11-06T09:09:47.000Z,3
2019-11-06T09:20:53.000Z,1
2019-11-06T09:45:20.000Z,1
2019-11-06T10:08:09.000Z,1
2019-11-06T11:04:46.000Z,1
2019-11-06T12:08:12.000Z,2
2019-11-06T12:09:09.000Z,1
2019-11-06T12:15:45.000Z,1
2019-11-06T12:25:34.000Z,1
2019-11-06T13:11:47.000Z,2
2019-11-06T13:50:04.000Z,1
2019-11-06T14:51:19.000Z,1
2019-11-06T15:21:17.000Z,1
2019-11-06T15:26:51.000Z,1
2019-11-06T15:58:25.000Z,1
2019-11-06T16:19:10.000Z,1
2019-11-06T16:19:20.000Z,1
2019-11-06T16:36:48.000Z,1
2019-11-06T16:44:35.000Z,1
2019-11-06T17:08:38.000Z,1
2019-11-06T17:17:06.000Z,2
2019-11-06T17:19:13.000Z,1
2019-11-06T17:20:02.000Z,1
2019-11-06T17:50:10.000Z,1
2019-11-06T18:24:41.000Z,2
2019-11-06T19:57:05.000Z,1
2019-11-06T20:27:14.000Z,1
2019-11-06T20:43:33.000Z,1
2019-11-07T06:44:55.000Z,1
2019-11-07T07:06:02.000Z,1
2019-11-07T07:22:02.000Z,1
2019-11-07T07:23:11.000Z,2
2019-11-07T07:32:35.000Z,1
2019-11-07T07:38:43.000Z,2
2019-11-07T07:42:53.000Z,1
2019-11-07T08:00:35.000Z,1
2019-11-07T08:07:40.000Z,1
2019-11-07T08:10:58.000Z,1
2019-11-07T08:33:50.000Z,1
2019-11-07T08:43:57.000Z,1
2019-11-07T11:44:41.000Z,1
2019-11-07T12:43:50.000Z,1
2019-11-07T12:50:20.000Z,1
2019-11-07T14:29:58.000Z,1
2019-11-07T14:37:31.000Z,1
2019-11-07T16:16:15.000Z,1
2019-11-07T16:44:18.000Z,1
2019-11-07T16:45:22.000Z,1
2019-11-07T16:46:28.000Z,1
2019-11-07T17:31:50.000Z,1
2019-11-07T17:42:40.000Z,1
2019-11-07T17:42:52.000Z,1
2019-11-07T17:48:20.000Z,1
2019-11-07T17:59:30.000Z,1
2019-11-07T18:58:54.000Z,1
2019-11-07T20:25:47.000Z,1
2019-11-07T20:40:15.000Z,1
2019-11-07T21:16:57.000Z,1
2019-11-07T22:42:01.000Z,1
2019-10-30T20:20:43.000Z,1
2019-10-30T20:56:34.000Z,1
2019-10-30T23:02:18.000Z,1
2019-10-30T23:49:09.000Z,1
2019-10-31T06:11:13.000Z,1
2019-10-31T08:04:34.000Z,2
2019-10-31T08:59:55.000Z,1
2019-10-31T09:23:35.000Z,1
2019-10-31T12:01:08.000Z,1
2019-10-31T12:19:46.000Z,1
2019-10-31T12:35:54.000Z,1
2019-10-31T16:26:12.000Z,1
2019-10-31T17:20:43.000Z,1
2019-10-31T18:40:35.000Z,1
2019-11-01T07:23:00.000Z,1
2019-11-01T08:31:07.000Z,1
2019-11-01T11:54:52.000Z,1
2019-11-01T13:21:31.000Z,1
2019-11-01T16:48:49.000Z,1
2019-11-01T22:13:50.000Z,1
2019-11-02T01:59:15.000Z,1
2019-10-31T17:29:13.000Z,1
2019-10-31T18:03:59.000Z,1
2019-10-31T18:22:51.000Z,1
2019-10-31T20:55:35.000Z,1
2019-11-01T06:47:54.000Z,1
2019-11-01T08:00:47.000Z,1
2019-11-01T08:30:39.000Z,1
2019-11-01T09:00:43.000Z,1
2019-11-01T09:31:22.000Z,1
2019-11-01T11:40:19.000Z,1
2019-11-01T12:18:49.000Z,1
2019-11-01T13:01:41.000Z,1
2019-11-01T13:11:28.000Z,1
2019-11-01T13:45:57.000Z,1
2019-11-01T13:58:39.000Z,1
2019-11-01T14:58:26.000Z,1
2019-11-01T15:05:48.000Z,1
2019-11-01T15:33:34.000Z,1
2019-11-01T16:36:43.000Z,2
2019-11-01T16:42:49.000Z,2
2019-11-01T17:08:42.000Z,1
2019-11-01T18:12:54.000Z,1
2019-11-01T18:23:49.000Z,1
2019-11-01T18:58:47.000Z,1
2019-11-01T19:17:29.000Z,1
2019-11-01T19:47:32.000Z,1
2019-11-01T20:15:01.000Z,1
2019-11-01T21:24:14.000Z,1
2019-11-01T21:45:15.000Z,1
2019-11-01T22:18:37.000Z,1
2019-11-02T03:48:13.000Z,1
2019-11-02T06:41:47.000Z,1
2019-11-02T08:29:37.000Z,1
2019-11-02T08:39:42.000Z,1
2019-11-02T10:20:47.000Z,2
2019-11-02T11:44:45.000Z,1
2019-11-02T13:00:29.000Z,1
2019-11-02T13:13:00.000Z,1
2019-11-02T13:51:52.000Z,1
2019-11-02T13:56:51.000Z,1
2019-11-02T14:28:58.000Z,1
2019-11-02T15:01:07.000Z,1
2019-11-02T15:01:47.000Z,1
2019-11-02T15:31:33.000Z,1
2019-11-02T15:57:42.000Z,1
2019-11-02T16:01:21.000Z,1
2019-11-02T16:10:42.000Z,1
2019-11-02T16:17:04.000Z,1
2019-11-02T16:27:01.000Z,1
2019-11-02T16:34:44.000Z,1
2019-11-02T16:58:09.000Z,1
2019-11-02T17:27:22.000Z,1
2019-11-02T17:41:49.000Z,1
2019-11-02T17:45:21.000Z,1
2019-11-02T18:59:13.000Z,1
2019-11-02T19:21:05.000Z,1
2019-11-03T00:23:34.000Z,1
2019-11-03T00:39:17.000Z,1
2019-11-03T01:44:04.000Z,1
2019-11-03T06:20:23.000Z,2
2019-11-03T07:25:15.000Z,1
2019-11-03T08:00:53.000Z,1
2019-11-03T08:24:29.000Z,1
2019-11-03T08:26:51.000Z,1
2019-11-03T08:29:28.000Z,1
2019-11-03T08:48:33.000Z,1
2019-11-03T09:11:50.000Z,1
2019-11-03T09:14:07.000Z,1
2019-11-03T09:46:11.000Z,1
2019-11-03T09:50:36.000Z,1
2019-11-03T10:20:12.000Z,1
2019-11-03T10:43:32.000Z,2
2019-11-03T10:55:58.000Z,1
2019-11-03T11:11:10.000Z,1
2019-11-03T11:14:15.000Z,1
2019-11-03T11:16:05.000Z,1
2019-11-03T11:46:25.000Z,2
2019-11-03T12:00:29.000Z,1
2019-11-03T12:02:07.000Z,1
2019-11-03T12:07:50.000Z,2
2019-11-03T12:10:18.000Z,1
2019-11-03T12:16:44.000Z,1
2019-11-03T12:22:40.000Z,1
2019-11-03T12:41:43.000Z,1
2019-11-03T13:38:48.000Z,1
2019-11-03T13:45:33.000Z,1
2019-11-03T14:08:52.000Z,1
2019-11-03T14:20:45.000Z,1
2019-11-03T14:48:50.000Z,1
2019-11-03T15:06:11.000Z,1
2019-11-03T15:47:52.000Z,1
2019-11-03T16:54:33.000Z,1
2019-10-31T17:01:07.000Z,1
2019-11-03T18:59:03.000Z,1
2019-11-03T19:04:26.000Z,1
2019-11-03T22:39:04.000Z,1
2019-11-03T22:58:43.000Z,1
2019-11-04T00:19:18.000Z,1
2019-11-04T00:32:42.000Z,1
2019-11-04T05:42:59.000Z,1
2019-11-04T06:06:59.000Z,1
2019-11-04T06:53:37.000Z,1
2019-11-04T07:15:48.000Z,1
2019-11-04T07:36:01.000Z,1
2019-11-04T07:44:47.000Z,1
2019-11-04T07:58:18.000Z,1
2019-11-04T08:19:24.000Z,1
2019-11-04T08:40:44.000Z,1
2019-11-04T08:55:48.000Z,1
2019-11-04T08:57:37.000Z,1
2019-11-04T09:48:57.000Z,1
2019-11-04T10:39:27.000Z,1
2019-11-04T11:10:40.000Z,1
2019-11-04T11:11:19.000Z,1
2019-11-04T11:50:37.000Z,1
2019-11-04T13:04:32.000Z,1
2019-11-04T13:35:03.000Z,1
2019-11-04T13:50:18.000Z,1
2019-11-04T15:23:33.000Z,1
2019-11-04T15:25:45.000Z,1
2019-11-04T15:41:15.000Z,1
2019-11-04T15:59:08.000Z,1
2019-11-04T16:24:59.000Z,1
2019-11-04T16:25:03.000Z,1
2019-11-04T16:54:34.000Z,1
2019-11-04T17:12:03.000Z,2
2019-11-04T17:26:16.000Z,1
2019-11-04T17:30:05.000Z,2
2019-11-04T17:30:12.000Z,1
2019-11-04T17:32:58.000Z,1
2019-11-04T17:45:29.000Z,1
2019-11-04T18:05:18.000Z,1
2019-11-04T18:18:40.000Z,1
2019-11-04T18:22:47.000Z,2
2019-11-04T19:17:27.000Z,1
2019-11-04T19:33:09.000Z,1
2019-11-04T20:03:16.000Z,1
2019-11-04T20:06:09.000Z,1
2019-11-04T20:17:53.000Z,1
2019-11-04T21:17:36.000Z,1
2019-11-05T06:12:49.000Z,2
2019-11-05T06:13:16.000Z,1
2019-11-05T06:41:03.000Z,1
2019-11-05T07:16:10.000Z,1
2019-11-05T07:21:31.000Z,1
2019-11-05T07:42:15.000Z,1
2019-11-05T07:42:51.000Z,1
2019-11-05T07:43:37.000Z,2
2019-11-05T07:50:40.000Z,1
2019-11-05T08:12:51.000Z,1
2019-11-05T08:27:23.000Z,1
2019-11-05T08:36:22.000Z,1
2019-11-05T08:38:14.000Z,1
2019-11-05T08:43:56.000Z,1
2019-11-05T08:49:35.000Z,1
2019-11-05T09:09:19.000Z,1
2019-11-05T09:20:41.000Z,1
2019-11-05T09:39:54.000Z,1
2019-11-05T10:03:59.000Z,1
2019-11-05T10:32:59.000Z,1
2019-11-05T10:54:26.000Z,1
2019-11-05T11:47:59.000Z,1
2019-11-05T11:49:42.000Z,1
2019-11-05T11:50:03.000Z,1
2019-11-05T13:03:20.000Z,1
2019-11-05T13:22:02.000Z,1
2019-11-05T14:20:24.000Z,1
2019-11-05T14:52:56.000Z,1
2019-11-05T15:24:38.000Z,1
2019-11-05T15:53:47.000Z,1
2019-11-05T16:20:55.000Z,1
2019-11-05T16:24:00.000Z,2
2019-11-05T16:37:56.000Z,1
2019-11-05T16:39:12.000Z,1
2019-11-05T16:49:38.000Z,1
2019-11-05T16:54:21.000Z,1
2019-11-05T17:03:50.000Z,1
2019-11-05T17:08:14.000Z,1
2019-11-05T17:18:48.000Z,1
2019-11-05T17:43:18.000Z,1
2019-11-05T17:50:59.000Z,3
2019-11-05T17:59:15.000Z,1
2019-11-05T18:00:48.000Z,1
2019-11-05T18:00:50.000Z,1
2019-11-05T18:08:31.000Z,1
2019-11-05T18:27:16.000Z,1
2019-11-05T18:38:25.000Z,1
2019-11-05T18:55:26.000Z,1
2019-11-05T19:25:30.000Z,1
2019-11-05T19:52:02.000Z,1
2019-11-05T19:53:23.000Z,1
2019-11-05T19:54:03.000Z,1
2019-11-05T20:24:24.000Z,1
2019-11-05T20:48:02.000Z,1
2019-11-05T21:03:28.000Z,1
2019-11-06T06:08:54.000Z,1
2019-11-06T06:22:12.000Z,1
2019-11-06T06:30:45.000Z,1
2019-11-06T06:42:08.000Z,1
2019-11-06T07:07:48.000Z,1
2019-11-06T07:17:23.000Z,2
2019-11-06T07:32:14.000Z,1
2019-11-06T07:34:39.000Z,1
2019-11-06T07:44:03.000Z,1
2019-11-06T08:07:44.000Z,1
2019-11-06T08:18:31.000Z,1
2019-11-06T08:24:36.000Z,1
2019-11-06T08:28:40.000Z,2
2019-11-06T08:29:19.000Z,1
2019-11-06T08:31:15.000Z,2
2019-11-06T08:36:30.000Z,1
2019-11-06T08:45:04.000Z,1
2019-11-06T08:52:40.000Z,1
2019-11-06T08:54:46.000Z,1
2019-11-06T09:06:18.000Z,1
2019-11-06T11:41:31.000Z,1
2019-11-06T13:02:53.000Z,1
2019-11-06T13:14:33.000Z,1
2019-11-06T13:38:21.000Z,1
2019-11-06T13:47:10.000Z,1
2019-11-06T14:02:08.000Z,1
2019-11-06T14:07:41.000Z,1
2019-11-06T14:43:00.000Z,1
2019-11-06T15:01:05.000Z,1
2019-11-06T15:16:26.000Z,1
2019-11-06T15:48:21.000Z,1
2019-11-06T16:27:26.000Z,2
2019-11-06T16:44:43.000Z,1
2019-11-06T16:44:51.000Z,1
2019-11-06T16:55:12.000Z,1
2019-11-06T16:55:43.000Z,1
2019-11-06T17:16:40.000Z,1
2019-11-06T17:22:30.000Z,1
2019-11-06T17:30:57.000Z,1
2019-11-06T17:43:32.000Z,1
2019-11-06T18:28:07.000Z,1
2019-11-06T18:54:21.000Z,1
2019-11-06T19:21:06.000Z,1
2019-11-06T22:36:31.000Z,1
2019-11-07T01:53:34.000Z,1
2019-11-07T06:51:04.000Z,1
2019-11-07T07:50:10.000Z,1
2019-11-07T08:01:53.000Z,2
2019-11-07T08:08:12.000Z,2
2019-11-07T08:46:37.000Z,1
2019-11-07T08:55:09.000Z,1
2019-11-07T10:12:34.000Z,1
2019-11-07T10:54:31.000Z,1
2019-11-07T11:16:01.000Z,1
2019-11-07T11:43:11.000Z,1
2019-11-07T13:23:51.000Z,1
2019-11-07T13:34:45.000Z,1
2019-11-07T13:40:59.000Z,1
2019-11-07T15:30:29.000Z,1
2019-11-07T16:00:34.000Z,1
2019-11-07T16:10:08.000Z,1
2019-11-07T16:54:29.000Z,2
2019-11-07T16:57:01.000Z,2
2019-11-07T16:57:07.000Z,2
2019-11-07T16:57:59.000Z,1
2019-11-07T17:06:07.000Z,1
2019-11-07T17:21:05.000Z,1
2019-11-07T17:27:15.000Z,1
2019-11-07T17:28:09.000Z,1
2019-11-07T17:47:31.000Z,1
2019-11-07T17:55:14.000Z,1
2019-11-07T18:35:12.000Z,1
2019-11-07T18:38:33.000Z,1
2019-11-07T18:42:45.000Z,1
2019-11-07T19:56:10.000Z,1
2019-11-07T21:00:02.000Z,1
2019-11-07T23:00:18.000Z,1
2019-10-30T19:01:16.000Z,1
2019-10-30T19:29:30.000Z,1
2019-10-30T19:40:30.000Z,1
2019-10-30T20:59:23.000Z,1
2019-10-30T22:38:10.000Z,1
2019-10-31T08:44:55.000Z,1
2019-10-31T10:18:34.000Z,1
2019-10-31T17:38:54.000Z,1
2019-10-31T18:09:07.000Z,1
2019-10-31T18:42:02.000Z,1
2019-11-01T05:50:00.000Z,1
2019-11-01T07:41:33.000Z,1
2019-11-01T07:47:50.000Z,1
2019-11-01T08:16:56.000Z,1
2019-11-01T08:58:40.000Z,1
2019-11-01T12:12:06.000Z,1
2019-11-01T14:17:11.000Z,1
2019-11-01T14:57:21.000Z,1
2019-11-01T15:07:11.000Z,2
2019-11-01T17:59:33.000Z,1
2019-10-31T09:28:53.000Z,1
2019-10-31T12:53:41.000Z,1
2019-10-31T16:40:08.000Z,1
2019-10-31T17:43:13.000Z,1
2019-10-31T19:27:44.000Z,2
2019-10-31T20:25:22.000Z,1
2019-10-31T20:51:26.000Z,1
2019-11-01T00:02:24.000Z,1
2019-11-01T05:54:57.000Z,1
2019-11-01T06:44:17.000Z,1
2019-11-01T07:33:48.000Z,2
2019-11-01T08:12:25.000Z,2
2019-11-01T08:34:44.000Z,1
2019-11-01T09:08:00.000Z,1
2019-11-01T09:57:33.000Z,1
2019-11-01T11:33:03.000Z,1
2019-11-01T12:14:23.000Z,1
2019-11-01T12:30:48.000Z,1
2019-11-01T12:52:01.000Z,2
2019-11-01T15:06:37.000Z,1
2019-11-01T15:14:37.000Z,1
2019-11-01T15:42:26.000Z,1
2019-11-01T15:48:33.000Z,2
2019-11-01T15:59:06.000Z,1
2019-11-01T16:00:14.000Z,1
2019-11-01T16:10:59.000Z,1
2019-11-01T16:17:31.000Z,1
2019-11-01T16:27:58.000Z,1
2019-11-01T16:49:53.000Z,1
2019-11-01T16:55:44.000Z,1
2019-11-01T17:04:16.000Z,1
2019-11-01T17:06:59.000Z,2
2019-11-01T17:14:21.000Z,1
2019-11-01T17:21:53.000Z,1
2019-11-01T17:56:13.000Z,1
2019-11-01T18:25:28.000Z,1
2019-11-01T18:41:23.000Z,1
2019-11-01T21:38:13.000Z,1
2019-11-02T01:22:15.000Z,1
2019-11-02T07:05:56.000Z,1
2019-11-02T09:54:55.000Z,1
2019-11-02T10:09:06.000Z,1
2019-11-02T10:27:49.000Z,1
2019-11-02T10:29:19.000Z,1
2019-11-02T11:30:13.000Z,1
2019-11-02T12:22:11.000Z,1
2019-11-02T13:03:12.000Z,1
2019-11-02T13:15:43.000Z,1
2019-11-02T13:29:00.000Z,1
2019-11-02T13:59:15.000Z,1
2019-11-02T14:03:22.000Z,1
2019-11-02T14:24:44.000Z,2
2019-11-02T14:32:34.000Z,3
2019-11-02T14:41:38.000Z,1
2019-11-02T14:59:19.000Z,1
2019-11-02T15:06:35.000Z,1
2019-11-02T15:54:07.000Z,1
2019-11-02T16:59:52.000Z,1
2019-11-02T19:16:38.000Z,1
2019-11-02T20:26:52.000Z,2
2019-11-02T21:20:44.000Z,1
2019-11-02T23:10:06.000Z,1
2019-11-02T23:40:53.000Z,1
2019-11-03T03:12:32.000Z,1
2019-11-03T08:17:35.000Z,2
2019-11-03T08:39:10.000Z,1
2019-11-03T08:40:41.000Z,1
2019-11-03T09:12:46.000Z,1
2019-11-03T09:12:45.000Z,1
2019-11-03T09:43:35.000Z,1
2019-11-03T10:06:38.000Z,1
2019-11-03T10:53:45.000Z,1
2019-11-03T11:16:39.000Z,1
2019-11-03T11:25:02.000Z,1
2019-11-03T12:05:16.000Z,1
2019-11-03T12:08:19.000Z,1
2019-11-03T12:45:49.000Z,1
2019-11-03T12:50:47.000Z,1
2019-11-03T13:13:25.000Z,1
2019-11-03T13:22:12.000Z,1
2019-11-03T13:31:55.000Z,1
2019-11-03T13:57:47.000Z,1
2019-11-03T14:09:02.000Z,2
2019-11-03T14:34:49.000Z,1
2019-11-03T16:05:26.000Z,1
2019-11-03T16:54:22.000Z,1
2019-11-03T17:35:00.000Z,2
2019-11-03T19:02:12.000Z,1
2019-11-03T19:19:37.000Z,1
2019-11-03T19:56:22.000Z,1
2019-11-03T21:13:17.000Z,1
2019-11-04T06:24:16.000Z,1
2019-11-04T07:03:45.000Z,1
2019-11-04T07:19:37.000Z,2
2019-11-04T07:22:22.000Z,1
2019-11-04T07:25:46.000Z,1
2019-11-04T07:26:56.000Z,1
2019-11-04T07:32:42.000Z,1
2019-11-04T07:32:55.000Z,1
2019-11-04T07:47:42.000Z,1
2019-11-04T08:06:06.000Z,1
2019-11-04T08:18:43.000Z,1
2019-11-04T08:21:06.000Z,1
2019-11-04T08:38:23.000Z,1
2019-11-04T08:43:03.000Z,1
2019-11-04T08:55:50.000Z,1
2019-11-04T09:49:34.000Z,1
2019-11-04T10:03:27.000Z,1
2019-11-04T10:29:11.000Z,1
2019-11-04T10:40:13.000Z,1
2019-11-04T10:42:50.000Z,1
2019-11-04T11:15:27.000Z,1
2019-11-04T11:23:59.000Z,1
2019-11-04T11:53:52.000Z,2
2019-11-04T12:03:30.000Z,1
2019-11-04T12:08:10.000Z,1
2019-11-04T12:25:29.000Z,1
2019-11-04T13:36:06.000Z,1
2019-11-04T13:37:12.000Z,2
2019-11-04T13:54:39.000Z,1
2019-11-04T14:29:51.000Z,1
2019-11-04T15:02:16.000Z,1
2019-11-04T15:19:03.000Z,1
2019-11-04T15:22:00.000Z,1
2019-11-04T15:47:48.000Z,1
2019-11-04T15:49:09.000Z,1
2019-11-04T15:53:08.000Z,2
2019-11-04T16:03:03.000Z,2
2019-11-04T16:17:41.000Z,1
2019-11-04T16:49:00.000Z,1
2019-11-04T16:55:03.000Z,3
2019-11-04T17:13:08.000Z,3
2019-11-04T17:27:55.000Z,1
2019-11-04T17:36:23.000Z,1
2019-11-04T18:41:31.000Z,1
2019-11-04T18:48:37.000Z,1
2019-11-04T19:32:34.000Z,1
2019-11-04T20:58:20.000Z,1
2019-11-04T21:46:24.000Z,1
2019-11-05T06:21:23.000Z,2
2019-11-05T06:23:50.000Z,1
2019-11-05T07:42:55.000Z,1
2019-11-05T07:59:21.000Z,1
2019-11-05T08:09:36.000Z,3
2019-11-05T08:27:24.000Z,2
2019-11-05T08:44:46.000Z,1
2019-11-05T09:03:57.000Z,1
2019-11-05T09:09:30.000Z,1
2019-11-05T09:15:30.000Z,1
2019-11-05T09:38:08.000Z,1
2019-11-05T09:59:09.000Z,1
2019-11-05T10:26:01.000Z,1
2019-11-05T11:22:54.000Z,1
2019-11-05T12:28:04.000Z,1
2019-11-05T12:37:25.000Z,1
2019-11-05T14:34:24.000Z,1
2019-11-05T14:48:50.000Z,1
2019-11-05T14:49:40.000Z,1
2019-11-05T14:52:53.000Z,1
2019-11-05T15:01:43.000Z,1
2019-11-05T15:32:27.000Z,1
2019-11-05T16:07:28.000Z,1
2019-11-05T16:23:11.000Z,1
2019-11-05T16:25:46.000Z,1
2019-11-05T16:45:18.000Z,3
2019-11-05T16:46:43.000Z,1
2019-11-05T17:00:16.000Z,1
2019-11-05T17:05:42.000Z,2
2019-11-05T17:06:05.000Z,2
2019-11-05T17:07:34.000Z,1
2019-11-05T17:11:15.000Z,1
2019-11-05T17:24:30.000Z,2
2019-11-05T17:32:04.000Z,1
2019-11-05T17:35:03.000Z,1
2019-11-05T17:41:02.000Z,2
2019-11-05T17:41:37.000Z,1
2019-11-05T17:44:05.000Z,2
2019-11-05T17:58:33.000Z,1
2019-11-05T17:59:38.000Z,2
2019-11-05T18:48:49.000Z,1
2019-11-05T18:50:35.000Z,1
2019-11-05T19:36:30.000Z,1
2019-11-05T19:56:40.000Z,1
2019-11-05T20:51:38.000Z,1
2019-11-05T20:53:05.000Z,1
2019-11-05T23:46:04.000Z,1
2019-11-06T00:16:45.000Z,1
2019-11-06T05:56:15.000Z,1
2019-11-06T05:58:53.000Z,1
2019-11-06T06:10:12.000Z,2
2019-11-06T06:40:24.000Z,1
2019-11-06T06:51:29.000Z,2
2019-11-06T06:53:02.000Z,1
2019-11-06T07:00:08.000Z,1
2019-11-06T07:15:21.000Z,1
2019-11-06T07:22:38.000Z,1
2019-11-06T07:25:15.000Z,1
2019-11-06T07:27:25.000Z,1
2019-11-06T07:37:41.000Z,1
2019-11-06T07:37:58.000Z,2
2019-11-06T07:39:38.000Z,1
2019-11-06T07:55:05.000Z,1
2019-11-06T07:58:44.000Z,1
2019-11-06T08:14:04.000Z,1
2019-11-06T08:17:48.000Z,1
2019-11-06T08:19:36.000Z,1
2019-11-06T08:23:09.000Z,1
2019-11-06T08:23:54.000Z,2
2019-11-06T08:31:41.000Z,1
2019-11-06T08:37:36.000Z,2
2019-11-06T08:39:01.000Z,1
2019-11-06T09:06:53.000Z,1
2019-11-06T09:11:13.000Z,1
2019-11-06T09:35:01.000Z,1
2019-11-06T10:29:01.000Z,1
2019-11-06T10:36:48.000Z,1
2019-11-06T10:57:53.000Z,1
2019-11-06T11:23:27.000Z,1
2019-11-06T11:35:20.000Z,1
2019-11-06T12:08:15.000Z,1
2019-11-06T12:11:19.000Z,1
2019-11-06T13:44:38.000Z,1
2019-11-06T14:35:39.000Z,1
2019-11-06T14:36:55.000Z,1
2019-11-06T15:45:33.000Z,1
2019-11-06T16:12:55.000Z,1
2019-11-06T16:28:58.000Z,1
2019-11-06T16:31:33.000Z,1
2019-11-06T17:00:49.000Z,1
2019-11-06T17:04:58.000Z,2
2019-11-06T17:09:21.000Z,1
2019-11-06T17:33:02.000Z,1
2019-11-06T17:47:15.000Z,1
2019-11-06T17:57:58.000Z,1
2019-11-06T18:09:56.000Z,2
2019-11-06T18:26:17.000Z,1
2019-11-06T18:50:18.000Z,1
2019-11-06T19:03:10.000Z,1
2019-11-06T19:29:49.000Z,1
2019-11-06T20:26:05.000Z,1
2019-11-06T21:54:08.000Z,1
2019-11-06T21:54:31.000Z,1
2019-11-06T22:24:13.000Z,1
2019-11-07T05:38:23.000Z,1
2019-11-07T06:11:03.000Z,1
2019-11-07T06:56:06.000Z,1
2019-11-07T07:11:35.000Z,1
2019-11-07T07:20:19.000Z,1
2019-11-07T07:27:51.000Z,1
2019-11-07T08:06:41.000Z,1
2019-11-07T08:30:26.000Z,1
2019-11-07T08:37:14.000Z,1
2019-11-07T08:49:20.000Z,1
2019-11-07T08:52:08.000Z,1
2019-11-07T09:21:03.000Z,1
2019-11-07T09:28:33.000Z,1
2019-11-07T10:15:53.000Z,1
2019-11-07T10:20:39.000Z,1
2019-11-07T12:07:28.000Z,1
2019-11-07T14:49:47.000Z,1
2019-11-07T14:49:55.000Z,1
2019-11-07T16:09:04.000Z,1
2019-11-07T16:19:43.000Z,1
2019-11-07T16:21:44.000Z,1
2019-11-07T16:30:44.000Z,1
2019-11-07T16:51:49.000Z,1
2019-11-07T16:54:50.000Z,1
2019-11-07T16:59:28.000Z,1
2019-11-07T17:07:37.000Z,1
2019-11-07T17:10:24.000Z,1
2019-11-07T17:13:37.000Z,1
2019-11-07T17:14:10.000Z,1
2019-11-07T17:14:58.000Z,1
2019-11-07T17:29:45.000Z,1
2019-11-07T17:37:35.000Z,1
2019-11-07T18:16:03.000Z,1
2019-11-07T18:20:31.000Z,1
2019-11-07T18:35:34.000Z,2
2019-11-07T18:45:05.000Z,1
2019-11-07T19:14:43.000Z,1
2019-11-07T21:12:39.000Z,1
2019-11-07T21:25:08.000Z,1
2019-11-07T21:45:08.000Z,1
2019-11-07T23:10:07.000Z,1
2019-10-30T19:00:07.000Z,1
2019-10-30T19:58:25.000Z,1
2019-10-30T20:16:39.000Z,1
2019-10-30T20:32:41.000Z,1
2019-10-30T21:08:30.000Z,1
2019-10-31T07:31:05.000Z,1
2019-10-31T08:17:49.000Z,1
2019-10-31T08:28:19.000Z,1
2019-10-31T09:26:14.000Z,1
2019-10-31T10:40:23.000Z,1
2019-10-31T15:44:20.000Z,1
2019-10-31T15:35:44.000Z,1
2019-10-31T16:48:15.000Z,1
2019-10-31T15:49:29.000Z,1
2019-10-31T18:23:13.000Z,1
2019-10-31T19:03:26.000Z,1
2019-10-31T19:53:35.000Z,1
2019-11-01T07:43:51.000Z,1
2019-11-01T07:50:16.000Z,1
2019-11-01T08:47:31.000Z,1
2019-11-01T13:27:28.000Z,1
2019-11-01T13:29:16.000Z,1
2019-11-01T15:16:10.000Z,1
2019-10-31T13:21:14.000Z,1
2019-10-31T16:30:47.000Z,1
2019-10-31T17:41:00.000Z,1
2019-10-31T18:32:24.000Z,1
2019-10-31T22:00:37.000Z,1
2019-11-01T07:11:38.000Z,1
2019-11-01T07:19:00.000Z,1
2019-11-01T07:22:14.000Z,1
2019-11-01T07:58:11.000Z,1
2019-11-01T08:01:20.000Z,1
2019-11-01T08:11:18.000Z,2
2019-11-01T08:22:49.000Z,1
2019-11-01T08:45:05.000Z,1
2019-11-01T10:01:31.000Z,1
2019-11-01T10:09:43.000Z,1
2019-11-01T11:18:17.000Z,1
2019-11-01T13:06:52.000Z,1
2019-11-01T14:02:41.000Z,1
2019-11-01T14:45:12.000Z,1
2019-11-01T15:23:08.000Z,1
2019-11-01T15:23:35.000Z,1
2019-11-01T16:15:25.000Z,1
2019-11-01T16:43:47.000Z,1
2019-11-01T16:46:16.000Z,1
2019-11-01T16:48:25.000Z,1
2019-11-01T16:59:45.000Z,1
2019-11-01T17:26:34.000Z,1
2019-11-01T17:40:03.000Z,1
2019-11-01T17:45:20.000Z,1
2019-11-01T17:51:03.000Z,2
2019-11-01T18:00:58.000Z,1
2019-11-01T18:44:46.000Z,1
2019-11-01T19:05:15.000Z,1
2019-11-01T19:58:54.000Z,1
2019-11-01T21:39:21.000Z,1
2019-11-01T22:54:09.000Z,1
2019-11-02T00:25:30.000Z,1
2019-11-02T03:18:13.000Z,1
2019-11-02T07:42:57.000Z,1
2019-11-02T08:03:58.000Z,1
2019-11-02T08:10:57.000Z,1
2019-11-02T08:29:02.000Z,1
2019-11-02T08:34:34.000Z,1
2019-11-02T08:46:22.000Z,1
2019-11-02T09:17:56.000Z,1
2019-11-02T09:41:24.000Z,1
2019-11-02T09:48:22.000Z,2
2019-11-02T10:47:49.000Z,1
2019-11-02T11:17:44.000Z,1
2019-11-02T12:00:56.000Z,1
2019-11-02T12:18:56.000Z,1
2019-11-02T12:21:02.000Z,1
2019-11-02T12:46:01.000Z,1
2019-11-02T13:02:30.000Z,1
2019-11-02T13:03:19.000Z,1
2019-11-02T13:32:39.000Z,3
2019-11-02T13:44:29.000Z,1
2019-11-02T13:50:10.000Z,1
2019-11-02T14:29:39.000Z,1
2019-11-02T14:32:10.000Z,1
2019-11-02T14:39:48.000Z,1
2019-11-02T15:03:54.000Z,2
2019-11-02T15:18:00.000Z,1
2019-11-02T15:43:08.000Z,1
2019-11-02T15:51:34.000Z,1
2019-11-02T15:58:33.000Z,1
2019-11-02T16:53:48.000Z,1
2019-11-02T17:25:00.000Z,1
2019-11-02T17:44:42.000Z,1
2019-11-02T17:57:52.000Z,1
2019-11-02T18:07:21.000Z,1
2019-11-02T18:40:25.000Z,1
2019-11-02T19:31:55.000Z,1
2019-11-02T19:37:26.000Z,1
2019-11-02T23:28:04.000Z,1
2019-11-03T06:48:47.000Z,1
2019-11-03T08:38:53.000Z,1
2019-11-03T09:20:37.000Z,1
2019-11-03T11:37:23.000Z,1
2019-11-03T11:57:18.000Z,1
2019-11-03T12:09:57.000Z,1
2019-11-03T13:13:02.000Z,1
2019-11-03T13:21:04.000Z,1
2019-11-03T15:12:37.000Z,1
2019-11-03T15:53:42.000Z,1
2019-11-03T15:57:22.000Z,1
2019-11-03T16:21:40.000Z,1
2019-11-03T16:27:21.000Z,1
2019-11-03T16:28:03.000Z,1
2019-11-03T16:28:35.000Z,1
2019-11-03T17:20:56.000Z,1
2019-10-31T17:39:16.000Z,1
2019-11-03T18:57:45.000Z,1
2019-11-03T19:45:28.000Z,1
2019-11-03T20:59:36.000Z,1
2019-11-03T21:49:26.000Z,1
2019-11-03T23:03:37.000Z,1
2019-11-04T00:09:54.000Z,1
2019-11-04T00:20:43.000Z,1
2019-11-04T05:19:26.000Z,1
2019-11-04T06:34:28.000Z,1
2019-11-04T06:58:30.000Z,2
2019-11-04T07:09:10.000Z,2
2019-11-04T07:12:03.000Z,1
2019-11-04T07:18:26.000Z,1
2019-11-04T07:19:49.000Z,1
2019-11-04T07:20:09.000Z,1
2019-11-04T07:29:52.000Z,1
2019-11-04T07:38:53.000Z,1
2019-11-04T07:44:24.000Z,1
2019-11-04T08:13:55.000Z,2
2019-11-04T09:23:44.000Z,1
2019-11-04T09:23:37.000Z,1
2019-11-04T11:58:05.000Z,1
2019-11-04T12:07:21.000Z,1
2019-11-04T12:10:30.000Z,1
2019-11-04T12:21:40.000Z,1
2019-11-04T13:13:40.000Z,1
2019-11-04T13:42:08.000Z,1
2019-11-04T13:47:05.000Z,1
2019-11-04T15:10:50.000Z,1
2019-11-04T15:12:13.000Z,1
2019-11-04T16:21:04.000Z,1
2019-11-04T16:23:36.000Z,1
2019-11-04T16:26:22.000Z,1
2019-11-04T16:45:25.000Z,1
2019-11-04T17:01:34.000Z,2
2019-11-04T17:10:53.000Z,1
2019-11-04T17:16:02.000Z,1
2019-11-04T17:19:19.000Z,1
2019-11-04T17:22:25.000Z,2
2019-11-04T17:28:27.000Z,1
2019-11-04T17:37:46.000Z,2
2019-11-04T17:38:36.000Z,1
2019-11-04T18:16:09.000Z,2
2019-11-04T18:17:41.000Z,1
2019-11-04T19:23:35.000Z,1
2019-11-04T19:31:59.000Z,1
2019-11-04T19:32:29.000Z,1
2019-11-04T20:50:00.000Z,1
2019-11-04T21:51:46.000Z,1
2019-11-04T22:01:13.000Z,1
2019-11-04T22:49:05.000Z,1
2019-11-05T05:22:25.000Z,1
2019-11-05T06:14:54.000Z,1
2019-11-05T07:00:03.000Z,1
2019-11-05T07:10:37.000Z,1
2019-11-05T07:22:22.000Z,1
2019-11-05T08:01:11.000Z,1
2019-11-05T08:01:53.000Z,2
2019-11-05T08:07:35.000Z,1
2019-11-05T08:11:17.000Z,1
2019-11-05T08:32:55.000Z,1
2019-11-05T08:33:29.000Z,1
2019-11-05T08:48:05.000Z,3
2019-11-05T08:48:55.000Z,1
2019-11-05T08:57:52.000Z,2
2019-11-05T08:58:39.000Z,1
2019-11-05T09:03:00.000Z,1
2019-11-05T09:06:29.000Z,1
2019-11-05T09:08:25.000Z,1
2019-11-05T09:18:01.000Z,1
2019-11-05T09:32:14.000Z,1
2019-11-05T10:20:20.000Z,1
2019-11-05T11:49:34.000Z,1
2019-11-05T12:08:28.000Z,1
2019-11-05T12:19:31.000Z,1
2019-11-05T12:30:34.000Z,1
2019-11-05T12:30:47.000Z,1
2019-11-05T12:55:27.000Z,1
2019-11-05T13:09:35.000Z,1
2019-11-05T15:13:23.000Z,1
2019-11-05T15:33:37.000Z,1
2019-11-05T15:39:44.000Z,1
2019-11-05T15:50:53.000Z,1
2019-11-05T15:55:21.000Z,1
2019-11-05T16:11:18.000Z,1
2019-11-05T16:18:13.000Z,1
2019-11-05T16:25:35.000Z,2
2019-11-05T16:35:56.000Z,1
2019-11-05T17:03:33.000Z,1
2019-11-05T17:08:26.000Z,3
2019-11-05T17:09:35.000Z,1
2019-11-05T17:14:11.000Z,1
2019-11-05T17:33:58.000Z,1
2019-11-05T17:38:38.000Z,1
2019-11-05T17:38:41.000Z,1
2019-11-05T17:44:50.000Z,1
2019-11-05T17:58:46.000Z,1
2019-11-05T18:00:27.000Z,1
2019-11-05T18:00:59.000Z,1
2019-11-05T18:12:48.000Z,1
2019-11-05T18:19:18.000Z,1
2019-11-05T18:52:28.000Z,1
2019-11-05T19:26:58.000Z,1
2019-11-05T20:06:12.000Z,1
2019-11-05T21:26:44.000Z,1
2019-11-05T22:44:43.000Z,1
2019-11-05T23:26:24.000Z,1
2019-11-06T06:21:47.000Z,1
2019-11-06T06:26:02.000Z,1
2019-11-06T06:38:39.000Z,1
2019-11-06T06:39:58.000Z,1
2019-11-06T07:04:30.000Z,1
2019-11-06T07:12:30.000Z,1
2019-11-06T07:16:09.000Z,1
2019-11-06T07:58:06.000Z,1
2019-11-06T08:00:36.000Z,1
2019-11-06T08:08:07.000Z,2
2019-11-06T08:12:57.000Z,1
2019-11-06T08:24:20.000Z,2
2019-11-06T08:27:37.000Z,1
2019-11-06T08:43:09.000Z,1
2019-11-06T08:48:23.000Z,1
2019-11-06T09:02:39.000Z,1
2019-11-06T10:16:55.000Z,1
2019-11-06T10:18:00.000Z,1
2019-11-06T10:43:58.000Z,1
2019-11-06T10:49:17.000Z,1
2019-11-06T10:49:16.000Z,1
2019-11-06T12:00:15.000Z,1
2019-11-06T12:41:21.000Z,1
2019-11-06T13:56:10.000Z,1
2019-11-06T14:10:49.000Z,1
2019-11-06T15:19:55.000Z,1
2019-11-06T16:17:57.000Z,1
2019-11-06T17:01:50.000Z,2
2019-11-06T17:06:44.000Z,1
2019-11-06T17:16:15.000Z,1
2019-11-06T17:33:41.000Z,1
2019-11-06T17:36:43.000Z,1
2019-11-06T17:58:04.000Z,1
2019-11-06T18:04:28.000Z,1
2019-11-06T18:06:20.000Z,1
2019-11-06T18:24:36.000Z,1
2019-11-06T18:29:01.000Z,1
2019-11-06T18:45:34.000Z,1
2019-11-06T18:50:29.000Z,1
2019-11-06T19:19:58.000Z,1
2019-11-06T19:28:31.000Z,1
2019-11-06T19:37:00.000Z,1
2019-11-06T19:57:31.000Z,1
2019-11-06T20:22:09.000Z,1
2019-11-06T20:24:39.000Z,1
2019-11-06T20:26:54.000Z,1
2019-11-07T05:23:22.000Z,1
2019-11-07T06:19:20.000Z,1
2019-11-07T06:25:09.000Z,1
2019-11-07T06:49:28.000Z,1
2019-11-07T07:36:33.000Z,2
2019-11-07T07:37:00.000Z,1
2019-11-07T08:28:15.000Z,1
2019-11-07T08:47:42.000Z,1
2019-11-07T08:52:04.000Z,1
2019-11-07T09:25:38.000Z,1
2019-11-07T09:52:49.000Z,1
2019-11-07T10:42:41.000Z,1
2019-11-07T11:36:25.000Z,1
2019-11-07T11:43:24.000Z,1
2019-11-07T11:56:11.000Z,1
2019-11-07T12:25:27.000Z,1
2019-11-07T12:35:46.000Z,1
2019-11-07T12:48:00.000Z,1
2019-11-07T13:09:58.000Z,1
2019-11-07T15:09:29.000Z,1
2019-11-07T15:43:54.000Z,2
2019-11-07T16:06:15.000Z,1
2019-11-07T16:37:40.000Z,1
2019-11-07T16:39:11.000Z,1
2019-11-07T16:39:45.000Z,1
2019-11-07T16:45:46.000Z,1
2019-11-07T16:54:07.000Z,1
2019-11-07T17:00:19.000Z,1
2019-11-07T17:12:38.000Z,1
2019-11-07T17:15:21.000Z,2
2019-11-07T17:16:36.000Z,2
2019-11-07T17:17:25.000Z,1
2019-11-07T17:32:12.000Z,1
2019-11-07T17:41:53.000Z,1
2019-11-07T18:00:54.000Z,1
2019-11-07T18:25:28.000Z,1
2019-11-07T19:20:19.000Z,1
2019-11-07T20:09:42.000Z,1
2019-11-07T20:50:45.000Z,1
2019-11-07T22:16:18.000Z,1
2019-10-30T19:57:00.000Z,1
2019-10-30T19:58:20.000Z,1
2019-10-31T08:04:38.000Z,1
2019-10-31T08:27:39.000Z,1
2019-10-31T10:12:02.000Z,1
2019-10-31T10:30:30.000Z,1
2019-10-31T12:09:35.000Z,1
2019-10-31T13:36:19.000Z,1
2019-10-31T18:05:32.000Z,1
2019-10-31T21:24:44.000Z,1
2019-11-01T06:39:44.000Z,1
2019-11-01T07:45:35.000Z,1
2019-11-01T08:03:22.000Z,1
2019-11-01T08:52:04.000Z,1
2019-10-31T08:28:12.000Z,1
2019-10-31T14:08:43.000Z,1
2019-10-31T19:25:26.000Z,1
2019-11-01T06:12:12.000Z,1
2019-11-01T07:26:06.000Z,1
2019-11-01T07:48:45.000Z,1
2019-11-01T08:13:15.000Z,1
2019-11-01T08:20:48.000Z,1
2019-11-01T08:55:32.000Z,1
2019-11-01T09:16:18.000Z,1
2019-11-01T09:28:28.000Z,1
2019-11-01T09:55:10.000Z,1
2019-11-01T10:50:41.000Z,1
2019-11-01T10:50:39.000Z,1
2019-11-01T11:08:04.000Z,1
2019-11-01T13:39:29.000Z,1
2019-11-01T13:39:35.000Z,1
2019-11-01T14:29:10.000Z,1
2019-11-01T14:44:18.000Z,2
2019-11-01T14:46:53.000Z,1
2019-11-01T14:50:21.000Z,1
2019-11-01T14:51:37.000Z,1
2019-11-01T15:32:48.000Z,1
2019-11-01T15:41:32.000Z,1
2019-11-01T16:15:53.000Z,1
2019-11-01T16:20:22.000Z,1
2019-11-01T16:31:00.000Z,1
2019-11-01T16:51:06.000Z,1
2019-11-01T18:20:20.000Z,1
2019-11-01T18:40:50.000Z,1
2019-11-01T18:45:41.000Z,1
2019-11-01T18:59:45.000Z,1
2019-11-01T19:09:16.000Z,1
2019-11-01T21:13:10.000Z,1
2019-11-01T21:31:49.000Z,1
2019-11-02T01:44:43.000Z,1
2019-11-02T07:10:32.000Z,1
2019-11-02T09:17:39.000Z,1
2019-11-02T10:50:18.000Z,2
2019-11-02T12:00:23.000Z,1
2019-11-02T12:19:59.000Z,2
2019-11-02T12:39:35.000Z,1
2019-11-02T12:46:11.000Z,1
2019-11-02T13:17:25.000Z,1
2019-11-02T13:19:16.000Z,1
2019-11-02T15:03:03.000Z,1
2019-11-02T15:47:50.000Z,1
2019-11-02T16:20:55.000Z,1
2019-11-02T17:09:29.000Z,1
2019-11-02T17:16:37.000Z,1
2019-11-02T18:34:19.000Z,1
2019-11-02T19:23:24.000Z,1
2019-11-02T19:58:14.000Z,1
2019-11-02T20:32:06.000Z,1
2019-11-03T00:36:25.000Z,1
2019-11-03T07:34:13.000Z,1
2019-11-03T07:43:53.000Z,1
2019-11-03T08:24:50.000Z,1
2019-11-03T09:42:10.000Z,1
2019-11-03T10:19:05.000Z,1
2019-11-03T11:35:28.000Z,1
2019-11-03T11:52:36.000Z,1
2019-11-03T12:17:43.000Z,1
2019-11-03T12:24:14.000Z,1
2019-11-03T12:47:45.000Z,1
2019-11-03T12:52:04.000Z,1
2019-11-03T13:28:32.000Z,1
2019-11-03T15:09:41.000Z,1
2019-11-03T15:26:00.000Z,1
2019-11-03T15:56:26.000Z,1
2019-11-03T16:32:53.000Z,1
2019-11-03T16:39:45.000Z,1
2019-11-03T16:54:55.000Z,1
2019-11-03T16:55:52.000Z,1
2019-11-03T16:59:25.000Z,1
2019-11-03T17:18:16.000Z,1
2019-11-03T17:43:20.000Z,1
2019-11-03T17:43:48.000Z,1
2019-11-03T17:51:30.000Z,1
2019-11-03T18:18:20.000Z,1
2019-11-03T19:28:00.000Z,1
2019-11-03T19:58:26.000Z,1
2019-11-03T20:25:52.000Z,1
2019-11-03T21:52:08.000Z,1
2019-11-04T05:52:28.000Z,1
2019-11-04T06:31:07.000Z,1
2019-11-04T06:40:30.000Z,1
2019-11-04T06:47:30.000Z,1
2019-11-04T07:33:56.000Z,1
2019-11-04T07:38:54.000Z,1
2019-11-04T07:47:54.000Z,1
2019-11-04T07:59:03.000Z,1
2019-11-04T08:08:23.000Z,1
2019-11-04T08:12:26.000Z,1
2019-11-04T08:12:36.000Z,1
2019-11-04T08:38:45.000Z,1
2019-11-04T08:41:39.000Z,1
2019-11-04T08:49:04.000Z,1
2019-11-04T08:54:50.000Z,1
2019-11-04T09:53:50.000Z,1
2019-11-04T11:44:28.000Z,1
2019-11-04T11:46:44.000Z,1
2019-11-04T12:01:53.000Z,1
2019-11-04T12:13:31.000Z,1
2019-11-04T12:45:49.000Z,1
2019-11-04T13:33:55.000Z,1
2019-11-04T13:43:04.000Z,1
2019-11-04T14:30:51.000Z,1
2019-11-04T15:09:11.000Z,1
2019-11-04T15:43:19.000Z,1
2019-11-04T16:09:39.000Z,1
2019-11-04T16:48:59.000Z,1
2019-11-04T17:04:59.000Z,2
2019-11-04T17:16:40.000Z,1
2019-11-04T17:30:47.000Z,1
2019-11-04T17:31:01.000Z,1
2019-11-04T17:33:30.000Z,1
2019-11-04T17:39:24.000Z,1
2019-11-04T17:44:28.000Z,1
2019-11-04T17:53:04.000Z,1
2019-11-04T18:24:50.000Z,2
2019-11-04T18:50:17.000Z,1
2019-11-04T18:52:38.000Z,1
2019-11-04T19:47:46.000Z,1
2019-11-04T19:49:47.000Z,1
2019-11-04T19:57:50.000Z,1
2019-11-04T21:01:17.000Z,1
2019-11-04T22:11:07.000Z,1
2019-11-05T05:26:14.000Z,1
2019-11-05T06:12:38.000Z,1
2019-11-05T06:29:33.000Z,1
2019-11-05T06:33:01.000Z,1
2019-11-05T06:43:23.000Z,1
2019-11-05T06:49:41.000Z,1
2019-11-05T06:55:16.000Z,1
2019-11-05T07:00:52.000Z,1
2019-11-05T07:12:16.000Z,1
2019-11-05T07:20:04.000Z,2
2019-11-05T07:24:26.000Z,1
2019-11-05T07:36:00.000Z,1
2019-11-05T07:50:06.000Z,1
2019-11-05T08:03:41.000Z,1
2019-11-05T08:15:46.000Z,1
2019-11-05T08:17:36.000Z,1
2019-11-05T08:59:56.000Z,1
2019-11-05T11:18:26.000Z,1
2019-11-05T11:33:00.000Z,1
2019-11-05T13:21:07.000Z,1
2019-11-05T13:47:40.000Z,1
2019-11-05T14:04:43.000Z,1
2019-11-05T14:25:53.000Z,1
2019-11-05T15:07:07.000Z,1
2019-11-05T15:30:59.000Z,2
2019-11-05T16:11:52.000Z,1
2019-11-05T16:20:44.000Z,1
2019-11-05T16:46:55.000Z,1
2019-11-05T16:52:48.000Z,2
2019-11-05T17:05:44.000Z,1
2019-11-05T17:09:36.000Z,3
2019-11-05T17:18:02.000Z,2
2019-11-05T17:44:43.000Z,1
2019-11-05T19:19:25.000Z,1
2019-11-05T19:52:34.000Z,1
2019-11-05T20:29:54.000Z,2
2019-11-05T21:03:37.000Z,1
2019-11-05T22:38:55.000Z,1
2019-11-05T22:49:04.000Z,1
2019-11-05T23:19:41.000Z,1
2019-11-05T23:32:59.000Z,1
2019-11-06T00:55:31.000Z,1
2019-11-06T04:13:00.000Z,1
2019-11-06T06:36:51.000Z,1
2019-11-06T07:03:27.000Z,1
2019-11-06T07:24:43.000Z,1
2019-11-06T07:34:02.000Z,1
2019-11-06T07:58:00.000Z,1
2019-11-06T07:59:20.000Z,1
2019-11-06T08:00:18.000Z,1
2019-11-06T08:30:44.000Z,2
2019-11-06T08:39:43.000Z,1
2019-11-06T08:51:49.000Z,2
2019-11-06T08:53:17.000Z,1
2019-11-06T08:54:58.000Z,1
2019-11-06T10:54:12.000Z,1
2019-11-06T11:54:47.000Z,1
2019-11-06T12:35:04.000Z,1
2019-11-06T12:46:30.000Z,1
2019-11-06T12:55:34.000Z,1
2019-11-06T13:22:47.000Z,1
2019-11-06T13:56:03.000Z,1
2019-11-06T14:13:49.000Z,1
2019-11-06T14:29:35.000Z,1
2019-11-06T15:13:04.000Z,1
2019-11-06T15:56:30.000Z,1
2019-11-06T15:59:53.000Z,1
2019-11-06T16:25:15.000Z,1
2019-11-06T16:28:13.000Z,1
2019-11-06T16:31:28.000Z,1
2019-11-06T16:33:39.000Z,1
2019-11-06T16:41:31.000Z,1
2019-11-06T16:43:39.000Z,1
2019-11-06T16:46:07.000Z,1
2019-11-06T17:07:21.000Z,2
2019-11-06T17:09:33.000Z,1
2019-11-06T17:15:57.000Z,1
2019-11-06T17:16:26.000Z,1
2019-11-06T17:17:55.000Z,1
2019-11-06T17:21:20.000Z,2
2019-11-06T17:26:42.000Z,2
2019-11-06T17:39:41.000Z,1
2019-11-06T17:55:19.000Z,1
2019-11-06T18:27:40.000Z,1
2019-11-06T18:37:25.000Z,1
2019-11-06T18:49:04.000Z,1
2019-11-06T19:25:54.000Z,1
2019-11-06T19:52:24.000Z,1
2019-11-06T20:16:34.000Z,1
2019-11-07T04:54:28.000Z,1
2019-11-07T05:33:22.000Z,1
2019-11-07T05:35:55.000Z,1
2019-11-07T06:09:44.000Z,1
2019-11-07T06:31:51.000Z,1
2019-11-07T07:13:03.000Z,1
2019-11-07T07:34:29.000Z,1
2019-11-07T08:10:57.000Z,1
2019-11-07T08:11:04.000Z,1
2019-11-07T08:13:46.000Z,1
2019-11-07T08:33:56.000Z,1
2019-11-07T08:35:34.000Z,2
2019-11-07T10:44:18.000Z,1
2019-11-07T11:20:27.000Z,1
2019-11-07T12:31:22.000Z,1
2019-11-07T14:59:20.000Z,1
2019-11-07T15:09:30.000Z,1
2019-11-07T15:46:56.000Z,1
2019-11-07T16:34:31.000Z,1
2019-11-07T16:36:05.000Z,1
2019-11-07T16:37:37.000Z,2
2019-11-07T16:37:54.000Z,2
2019-11-07T16:50:02.000Z,1
2019-11-07T16:54:18.000Z,1
2019-11-07T17:00:32.000Z,1
2019-11-07T17:28:14.000Z,1
2019-11-07T17:38:30.000Z,1
2019-11-07T18:54:25.000Z,1
2019-11-07T19:45:15.000Z,1
2019-11-07T21:21:31.000Z,1
2019-11-07T22:51:57.000Z,1
2019-10-30T19:06:54.000Z,1
2019-10-30T19:10:10.000Z,1
2019-10-30T19:49:05.000Z,1
2019-10-30T20:34:54.000Z,1
2019-10-30T21:43:36.000Z,1
2019-10-31T05:31:08.000Z,1
2019-10-31T06:49:09.000Z,1
2019-10-31T07:33:07.000Z,1
2019-10-31T07:55:22.000Z,1
2019-10-31T14:21:09.000Z,1
2019-10-31T16:46:45.000Z,1
2019-10-31T17:12:51.000Z,1
2019-10-31T17:40:48.000Z,1
2019-10-31T19:19:58.000Z,1
2019-10-31T23:26:50.000Z,1
2019-11-01T05:20:11.000Z,1
2019-11-01T07:57:46.000Z,1
2019-11-01T08:42:47.000Z,1
2019-11-01T14:01:44.000Z,1
2019-11-01T15:03:29.000Z,1
2019-11-01T17:24:47.000Z,1
2019-11-01T17:25:50.000Z,1
2019-11-02T10:14:37.000Z,1
2019-10-31T14:42:17.000Z,1
2019-10-31T14:46:15.000Z,1
2019-10-31T16:23:13.000Z,1
2019-10-31T17:22:33.000Z,2
2019-10-31T16:14:53.000Z,1
2019-10-31T16:29:47.000Z,1
2019-10-31T15:59:28.000Z,1
2019-10-31T19:11:20.000Z,1
2019-10-31T20:17:14.000Z,1
2019-10-31T21:39:08.000Z,1
2019-11-01T05:29:14.000Z,1
2019-11-01T06:09:08.000Z,1
2019-11-01T07:37:43.000Z,2
2019-11-01T08:21:31.000Z,1
2019-11-01T10:10:05.000Z,1
2019-11-01T10:18:48.000Z,1
2019-11-01T10:20:52.000Z,1
2019-11-01T11:17:53.000Z,1
2019-11-01T13:47:41.000Z,1
2019-11-01T14:10:02.000Z,1
2019-11-01T14:15:06.000Z,1
2019-11-01T15:04:15.000Z,1
2019-11-01T15:44:19.000Z,1
2019-11-01T16:16:39.000Z,1
2019-11-01T16:23:40.000Z,1
2019-11-01T16:32:08.000Z,1
2019-11-01T16:41:02.000Z,2
2019-11-01T16:42:25.000Z,1
2019-11-01T16:43:21.000Z,1
2019-11-01T16:56:01.000Z,2
2019-11-01T16:56:17.000Z,1
2019-11-01T16:59:34.000Z,1
2019-11-01T17:10:40.000Z,1
2019-11-01T17:22:04.000Z,2
2019-11-01T17:26:26.000Z,1
2019-11-01T17:32:02.000Z,1
2019-11-01T17:36:49.000Z,1
2019-11-01T17:48:33.000Z,1
2019-11-01T18:14:35.000Z,1
2019-11-01T18:15:39.000Z,2
2019-11-01T18:27:28.000Z,1
2019-11-01T18:36:46.000Z,1
2019-11-01T19:47:48.000Z,1
2019-11-01T22:21:31.000Z,1
2019-11-01T22:57:27.000Z,1
2019-11-01T23:24:24.000Z,1
2019-11-02T06:59:42.000Z,1
2019-11-02T09:05:30.000Z,1
2019-11-02T10:53:00.000Z,1
2019-11-02T11:08:10.000Z,1
2019-11-02T11:15:30.000Z,1
2019-11-02T11:25:50.000Z,1
2019-11-02T13:30:07.000Z,1
2019-11-02T13:39:08.000Z,1
2019-11-02T14:05:10.000Z,1
2019-11-02T14:19:30.000Z,1
2019-11-02T14:53:42.000Z,2
2019-11-02T15:13:08.000Z,1
2019-11-02T15:46:11.000Z,1
2019-11-02T16:01:04.000Z,1
2019-11-02T16:04:47.000Z,1
2019-11-02T16:16:26.000Z,1
2019-11-02T17:34:36.000Z,1
2019-11-02T18:39:40.000Z,1
2019-11-02T18:54:09.000Z,1
2019-11-02T20:36:24.000Z,1
2019-11-02T21:43:53.000Z,1
2019-11-02T22:35:26.000Z,1
2019-11-03T05:57:45.000Z,1
2019-11-03T09:43:32.000Z,1
2019-11-03T11:10:28.000Z,1
2019-11-03T11:20:39.000Z,1
2019-11-03T11:24:50.000Z,1
2019-11-03T11:30:10.000Z,1
2019-11-03T11:55:00.000Z,1
2019-11-03T12:28:59.000Z,1
2019-11-03T13:16:37.000Z,1
2019-11-03T13:22:18.000Z,1
2019-11-03T13:50:45.000Z,1
2019-11-03T14:09:30.000Z,1
2019-11-03T14:58:26.000Z,1
2019-11-03T15:02:06.000Z,2
2019-11-03T15:34:15.000Z,1
2019-11-03T15:55:20.000Z,1
2019-11-03T16:00:48.000Z,1
2019-11-03T16:22:52.000Z,1
2019-11-03T16:42:17.000Z,1
2019-11-03T17:13:45.000Z,1
2019-11-03T17:36:46.000Z,1
2019-11-03T17:43:36.000Z,1
2019-11-03T17:49:47.000Z,1
2019-11-03T22:05:36.000Z,1
2019-11-03T23:26:21.000Z,1
2019-11-04T05:34:35.000Z,1
2019-11-04T06:16:07.000Z,1
2019-11-04T06:40:17.000Z,1
2019-11-04T06:45:53.000Z,1
2019-11-04T07:24:44.000Z,1
2019-11-04T07:29:55.000Z,1
2019-11-04T07:38:37.000Z,1
2019-11-04T07:43:38.000Z,1
2019-11-04T07:55:35.000Z,1
2019-11-04T08:06:41.000Z,1
2019-11-04T08:09:08.000Z,2
2019-11-04T08:09:56.000Z,1
2019-11-04T08:12:28.000Z,1
2019-11-04T08:19:03.000Z,1
2019-11-04T08:20:08.000Z,1
2019-11-04T08:27:51.000Z,1
2019-11-04T08:31:29.000Z,1
2019-11-04T08:32:37.000Z,1
2019-11-04T08:40:15.000Z,1
2019-11-04T08:46:33.000Z,1
2019-11-04T08:50:04.000Z,1
2019-11-04T09:03:37.000Z,1
2019-11-04T09:08:50.000Z,1
2019-11-04T12:27:07.000Z,1
2019-11-04T12:41:30.000Z,1
2019-11-04T12:59:55.000Z,1
2019-11-04T13:41:37.000Z,1
2019-11-04T14:08:27.000Z,1
2019-11-04T14:42:09.000Z,1
2019-11-04T15:00:36.000Z,1
2019-11-04T15:06:52.000Z,1
2019-11-04T15:36:00.000Z,1
2019-11-04T15:59:18.000Z,1
2019-11-04T16:02:54.000Z,1
2019-11-04T16:11:54.000Z,1
2019-11-04T16:23:08.000Z,1
2019-11-04T16:50:51.000Z,1
2019-11-04T16:55:33.000Z,1
2019-11-04T16:58:31.000Z,1
2019-11-04T17:07:09.000Z,1
2019-11-04T17:23:02.000Z,1
2019-11-04T17:42:12.000Z,2
2019-11-04T17:49:46.000Z,1
2019-11-04T17:56:18.000Z,1
2019-11-04T18:21:59.000Z,1
2019-11-04T18:24:10.000Z,1
2019-11-04T18:53:16.000Z,1
2019-11-04T19:08:58.000Z,1
2019-11-04T19:36:44.000Z,1
2019-11-04T19:45:24.000Z,1
2019-11-04T19:51:56.000Z,1
2019-11-04T19:52:50.000Z,1
2019-11-04T20:04:52.000Z,1
2019-11-04T20:22:20.000Z,1
2019-11-05T06:03:05.000Z,1
2019-11-05T06:57:10.000Z,1
2019-11-05T07:07:08.000Z,1
2019-11-05T07:19:12.000Z,1
2019-11-05T07:23:10.000Z,2
2019-11-05T07:30:48.000Z,1
2019-11-05T07:36:55.000Z,1
2019-11-05T07:39:33.000Z,1
2019-11-05T07:55:33.000Z,1
2019-11-05T08:07:17.000Z,1
2019-11-05T08:27:28.000Z,1
2019-11-05T08:28:35.000Z,1
2019-11-05T08:29:38.000Z,1
2019-11-05T08:30:54.000Z,1
2019-11-05T08:31:24.000Z,2
2019-11-05T08:44:00.000Z,1
2019-11-05T08:58:56.000Z,1
2019-11-05T10:55:42.000Z,1
2019-11-05T12:12:37.000Z,1
2019-11-05T13:43:04.000Z,1
2019-11-05T13:52:31.000Z,1
2019-11-05T14:16:47.000Z,1
2019-11-05T14:50:42.000Z,1
2019-11-05T15:00:21.000Z,1
2019-11-05T15:21:24.000Z,1
2019-11-05T15:52:08.000Z,1
2019-11-05T16:40:57.000Z,1
2019-11-05T16:40:51.000Z,2
2019-11-05T16:47:44.000Z,1
2019-11-05T16:48:55.000Z,1
2019-11-05T16:56:23.000Z,1
2019-11-05T16:59:03.000Z,1
2019-11-05T17:18:26.000Z,1
2019-11-05T17:20:48.000Z,1
2019-11-05T17:25:26.000Z,1
2019-11-05T17:40:36.000Z,1
2019-11-05T17:52:43.000Z,1
2019-11-05T18:13:57.000Z,1
2019-11-05T18:31:10.000Z,1
2019-11-05T18:31:25.000Z,1
2019-11-05T18:46:09.000Z,1
2019-11-05T19:00:27.000Z,1
2019-11-05T19:25:34.000Z,1
2019-11-05T19:27:24.000Z,1
2019-11-05T20:33:44.000Z,1
2019-11-05T21:29:24.000Z,1
2019-11-05T23:13:33.000Z,1
2019-11-06T06:03:41.000Z,1
2019-11-06T06:22:48.000Z,1
2019-11-06T06:23:12.000Z,1
2019-11-06T06:29:24.000Z,1
2019-11-06T06:38:24.000Z,1
2019-11-06T06:55:53.000Z,1
2019-11-06T07:40:52.000Z,2
2019-11-06T07:50:59.000Z,2
2019-11-06T08:06:03.000Z,1
2019-11-06T08:12:36.000Z,1
2019-11-06T08:14:48.000Z,1
2019-11-06T08:38:05.000Z,1
2019-11-06T08:38:18.000Z,2
2019-11-06T08:46:40.000Z,1
2019-11-06T08:47:23.000Z,1
2019-11-06T08:50:47.000Z,1
2019-11-06T08:51:05.000Z,1
2019-11-06T08:53:51.000Z,1
2019-11-06T09:12:35.000Z,1
2019-11-06T09:14:54.000Z,1
2019-11-06T09:49:53.000Z,1
2019-11-06T10:01:52.000Z,1
2019-11-06T10:04:52.000Z,1
2019-11-06T11:46:54.000Z,1
2019-11-06T12:14:36.000Z,1
2019-11-06T12:50:11.000Z,1
2019-11-06T13:13:20.000Z,1
2019-11-06T13:18:15.000Z,1
2019-11-06T14:30:22.000Z,1
2019-11-06T15:17:52.000Z,1
2019-11-06T15:28:50.000Z,1
2019-11-06T15:43:28.000Z,1
2019-11-06T15:44:59.000Z,1
2019-11-06T15:53:45.000Z,1
2019-11-06T16:59:49.000Z,1
2019-11-06T17:05:52.000Z,2
2019-11-06T17:09:54.000Z,1
2019-11-06T17:10:16.000Z,1
2019-11-06T17:11:55.000Z,2
2019-11-06T17:15:30.000Z,2
2019-11-06T17:20:17.000Z,2
2019-11-06T17:26:19.000Z,2
2019-11-06T17:41:18.000Z,1
2019-11-06T17:43:02.000Z,1
2019-11-06T17:44:44.000Z,1
2019-11-06T17:55:07.000Z,1
2019-11-06T18:05:48.000Z,2
2019-11-06T18:18:26.000Z,1
2019-11-06T18:53:32.000Z,1
2019-11-06T19:30:01.000Z,1
2019-11-06T21:53:53.000Z,1
2019-11-07T00:33:49.000Z,1
2019-11-07T05:51:16.000Z,1
2019-11-07T06:01:46.000Z,1
2019-11-07T06:55:55.000Z,1
2019-11-07T07:00:58.000Z,1
2019-11-07T07:32:10.000Z,1
2019-11-07T09:03:57.000Z,1
2019-11-07T09:27:46.000Z,1
2019-11-07T09:46:13.000Z,1
2019-11-07T10:10:23.000Z,1
2019-11-07T10:11:08.000Z,1
2019-11-07T10:45:55.000Z,1
2019-11-07T13:23:15.000Z,1
2019-11-07T14:17:15.000Z,1
2019-11-07T14:34:25.000Z,1
2019-11-07T15:45:49.000Z,1
2019-11-07T15:56:28.000Z,1
2019-11-07T16:08:41.000Z,1
2019-11-07T16:57:20.000Z,1
2019-11-07T17:01:23.000Z,1
2019-11-07T17:13:34.000Z,1
2019-11-07T17:29:02.000Z,2
2019-11-07T17:51:56.000Z,1
2019-11-07T19:20:55.000Z,1
2019-11-07T20:18:53.000Z,1
2019-11-07T20:40:14.000Z,1
2019-11-07T21:37:01.000Z,1
2019-11-07T22:38:07.000Z,1
2019-11-08T05:36:02.000Z,1
2019-10-30T20:23:28.000Z,1
2019-10-30T21:36:53.000Z,1
2019-10-31T07:00:07.000Z,1
2019-10-31T07:22:07.000Z,1
2019-10-31T07:33:00.000Z,1
2019-10-31T08:18:47.000Z,1
2019-10-31T08:53:04.000Z,1
2019-10-31T12:12:27.000Z,1
2019-10-31T12:52:29.000Z,1
2019-10-31T16:41:44.000Z,1
2019-10-31T18:15:55.000Z,1
2019-10-31T19:05:06.000Z,1
2019-11-01T06:47:27.000Z,1
2019-11-01T07:29:53.000Z,1
2019-11-01T07:39:21.000Z,1
2019-11-01T08:04:04.000Z,1
2019-11-01T14:08:15.000Z,1
2019-10-31T14:38:35.000Z,1
2019-10-31T15:36:37.000Z,1
2019-10-31T22:08:05.000Z,1
2019-11-01T08:19:55.000Z,2
2019-11-01T08:23:11.000Z,1
2019-11-01T08:28:15.000Z,1
2019-11-01T08:30:16.000Z,1
2019-11-01T08:38:04.000Z,2
2019-11-01T09:10:24.000Z,1
2019-11-01T09:12:04.000Z,1
2019-11-01T10:38:49.000Z,1
2019-11-01T11:21:30.000Z,1
2019-11-01T11:30:44.000Z,1
2019-11-01T12:01:11.000Z,1
2019-11-01T13:09:58.000Z,1
2019-11-01T13:13:27.000Z,1
2019-11-01T13:49:58.000Z,1
2019-11-01T13:53:02.000Z,1
2019-11-01T14:33:33.000Z,1
2019-11-01T15:11:36.000Z,2
2019-11-01T15:46:46.000Z,1
2019-11-01T16:05:00.000Z,1
2019-11-01T16:08:06.000Z,1
2019-11-01T16:16:58.000Z,2
2019-11-01T16:44:15.000Z,1
2019-11-01T16:46:07.000Z,1
2019-11-01T16:54:23.000Z,1
2019-11-01T17:00:31.000Z,1
2019-11-01T17:18:40.000Z,2
2019-11-01T17:19:13.000Z,1
2019-11-01T17:29:14.000Z,1
2019-11-01T17:49:21.000Z,1
2019-11-01T18:17:25.000Z,1
2019-11-01T18:21:55.000Z,1
2019-11-01T18:35:21.000Z,2
2019-11-01T18:55:15.000Z,1
2019-11-01T20:29:14.000Z,1
2019-11-01T22:53:57.000Z,1
2019-11-02T00:10:01.000Z,1
2019-11-02T00:21:05.000Z,1
2019-11-02T07:23:16.000Z,1
2019-11-02T07:58:11.000Z,1
2019-11-02T09:14:03.000Z,1
2019-11-02T09:14:26.000Z,1
2019-11-02T09:41:52.000Z,1
2019-11-02T11:38:50.000Z,1
2019-11-02T12:08:38.000Z,1
2019-11-02T12:21:39.000Z,1
2019-11-02T12:22:15.000Z,1
2019-11-02T12:26:57.000Z,1
2019-11-02T13:08:45.000Z,1
2019-11-02T13:34:59.000Z,1
2019-11-02T14:08:32.000Z,1
2019-11-02T16:19:26.000Z,1
2019-11-02T16:30:40.000Z,1
2019-11-02T16:49:35.000Z,1
2019-11-02T16:49:40.000Z,1
2019-11-02T16:53:21.000Z,1
2019-11-02T17:37:23.000Z,1
2019-11-02T17:47:10.000Z,1
2019-11-02T18:05:22.000Z,1
2019-11-02T18:14:25.000Z,1
2019-11-02T18:23:56.000Z,1
2019-11-02T18:50:47.000Z,1
2019-11-02T19:58:16.000Z,1
2019-11-02T20:51:44.000Z,1
2019-11-02T21:58:17.000Z,1
2019-11-02T22:07:17.000Z,1
2019-11-02T23:08:41.000Z,1
2019-11-02T23:25:37.000Z,1
2019-11-02T23:57:00.000Z,1
2019-11-03T08:45:29.000Z,1
2019-11-03T09:18:33.000Z,1
2019-11-03T11:36:54.000Z,1
2019-11-03T11:52:24.000Z,1
2019-11-03T12:23:05.000Z,1
2019-11-03T12:59:21.000Z,1
2019-11-03T13:25:44.000Z,1
2019-11-03T13:33:40.000Z,2
2019-11-03T13:41:34.000Z,1
2019-11-03T13:44:48.000Z,1
2019-11-03T13:58:50.000Z,1
2019-11-03T14:44:21.000Z,1
2019-11-03T14:57:45.000Z,1
2019-11-03T14:59:44.000Z,1
2019-11-03T15:01:51.000Z,1
2019-11-03T15:09:26.000Z,1
2019-11-03T15:36:58.000Z,1
2019-11-03T15:44:17.000Z,1
2019-11-03T15:46:36.000Z,1
2019-11-03T16:03:29.000Z,2
2019-11-03T16:30:52.000Z,1
2019-11-03T16:39:16.000Z,1
2019-11-03T16:51:33.000Z,1
2019-11-03T17:02:17.000Z,1
2019-11-03T17:51:54.000Z,1
2019-11-03T17:52:23.000Z,1
2019-11-03T20:39:03.000Z,1
2019-11-04T00:24:10.000Z,1
2019-11-04T06:21:07.000Z,1
2019-11-04T07:04:53.000Z,2
2019-11-04T07:16:22.000Z,1
2019-11-04T07:25:23.000Z,1
2019-11-04T07:26:24.000Z,1
2019-11-04T07:27:55.000Z,1
2019-11-04T07:44:54.000Z,2
2019-11-04T07:59:49.000Z,2
2019-11-04T08:01:46.000Z,1
2019-11-04T08:04:10.000Z,1
2019-11-04T08:17:40.000Z,1
2019-11-04T08:20:27.000Z,2
2019-11-04T08:45:17.000Z,1
2019-11-04T09:04:32.000Z,1
2019-11-04T09:11:14.000Z,1
2019-11-04T09:12:17.000Z,1
2019-11-04T09:35:17.000Z,1
2019-11-04T10:27:42.000Z,1
2019-11-04T11:08:14.000Z,1
2019-11-04T11:34:02.000Z,1
2019-11-04T12:15:39.000Z,1
2019-11-04T12:35:39.000Z,1
2019-11-04T12:40:03.000Z,1
2019-11-04T12:59:10.000Z,1
2019-11-04T13:25:59.000Z,1
2019-11-04T13:53:35.000Z,1
2019-11-04T14:00:29.000Z,1
2019-11-04T14:17:08.000Z,1
2019-11-04T15:33:04.000Z,1
2019-11-04T15:37:52.000Z,1
2019-11-04T15:49:54.000Z,1
2019-11-04T16:28:05.000Z,1
2019-11-04T16:28:48.000Z,1
2019-11-04T16:30:10.000Z,1
2019-11-04T16:38:28.000Z,2
2019-11-04T16:51:17.000Z,1
2019-11-04T17:02:40.000Z,1
2019-11-04T17:06:13.000Z,1
2019-11-04T17:07:25.000Z,3
2019-11-04T17:23:30.000Z,1
2019-11-04T17:25:42.000Z,1
2019-11-04T17:32:44.000Z,2
2019-11-04T17:58:46.000Z,1
2019-11-04T18:02:12.000Z,1
2019-11-04T18:06:32.000Z,1
2019-11-04T18:17:53.000Z,1
2019-11-04T18:44:08.000Z,1
2019-11-04T18:53:48.000Z,1
2019-11-04T19:55:24.000Z,1
2019-11-04T22:10:24.000Z,1
2019-11-05T04:40:36.000Z,1
2019-11-05T06:33:27.000Z,1
2019-11-05T07:18:42.000Z,1
2019-11-05T07:30:19.000Z,1
2019-11-05T07:39:39.000Z,1
2019-11-05T07:43:19.000Z,2
2019-11-05T07:49:12.000Z,2
2019-11-05T08:01:34.000Z,1
2019-11-05T08:30:21.000Z,1
2019-11-05T08:34:27.000Z,1
2019-11-05T08:49:05.000Z,1
2019-11-05T09:06:04.000Z,3
2019-11-05T09:43:50.000Z,2
2019-11-05T10:45:15.000Z,1
2019-11-05T11:25:28.000Z,1
2019-11-05T11:45:12.000Z,1
2019-11-05T14:22:32.000Z,1
2019-11-05T15:18:33.000Z,1
2019-11-05T16:12:56.000Z,1
2019-11-05T16:38:40.000Z,1
2019-11-05T16:50:42.000Z,1
2019-11-05T16:51:03.000Z,1
2019-11-05T17:06:54.000Z,1
2019-11-05T17:40:25.000Z,1
2019-11-05T17:48:08.000Z,1
2019-11-05T18:03:02.000Z,1
2019-11-05T18:38:47.000Z,1
2019-11-05T18:42:41.000Z,1
2019-11-05T18:44:40.000Z,1
2019-11-05T18:49:45.000Z,1
2019-11-05T19:11:16.000Z,1
2019-11-05T19:31:46.000Z,1
2019-11-05T19:58:33.000Z,1
2019-11-05T20:35:35.000Z,1
2019-11-05T20:50:40.000Z,1
2019-11-05T21:21:45.000Z,1
2019-11-05T23:13:01.000Z,1
2019-11-06T02:59:06.000Z,1
2019-11-06T05:23:58.000Z,1
2019-11-06T07:00:04.000Z,1
2019-11-06T07:23:46.000Z,1
2019-11-06T07:26:21.000Z,2
2019-11-06T07:29:10.000Z,2
2019-11-06T07:33:22.000Z,1
2019-11-06T07:53:57.000Z,1
2019-11-06T08:08:15.000Z,1
2019-11-06T08:08:30.000Z,1
2019-11-06T08:14:35.000Z,1
2019-11-06T08:15:48.000Z,2
2019-11-06T08:17:52.000Z,1
2019-11-06T08:37:10.000Z,2
2019-11-06T09:18:04.000Z,1
2019-11-06T09:35:51.000Z,1
2019-11-06T09:50:42.000Z,1
2019-11-06T10:26:33.000Z,1
2019-11-06T10:56:10.000Z,1
2019-11-06T11:42:55.000Z,1
2019-11-06T13:30:56.000Z,1
2019-11-06T14:52:40.000Z,1
2019-11-06T14:52:56.000Z,1
2019-11-06T15:25:39.000Z,1
2019-11-06T15:36:45.000Z,2
2019-11-06T16:02:08.000Z,1
2019-11-06T16:20:42.000Z,1
2019-11-06T16:34:36.000Z,1
2019-11-06T16:46:14.000Z,2
2019-11-06T17:00:52.000Z,1
2019-11-06T17:07:39.000Z,1
2019-11-06T17:10:38.000Z,1
2019-11-06T17:19:20.000Z,1
2019-11-06T17:28:13.000Z,2
2019-11-06T17:39:03.000Z,1
2019-11-06T17:44:21.000Z,1
2019-11-06T17:45:58.000Z,2
2019-11-06T18:11:14.000Z,1
2019-11-06T18:22:10.000Z,2
2019-11-06T19:45:11.000Z,1
2019-11-06T19:49:16.000Z,1
2019-11-06T20:06:52.000Z,1
2019-11-06T21:13:25.000Z,1
2019-11-07T06:24:16.000Z,1
2019-11-07T07:01:37.000Z,1
2019-11-07T07:04:07.000Z,1
2019-11-07T07:39:32.000Z,1
2019-11-07T08:01:47.000Z,1
2019-11-07T08:25:05.000Z,1
2019-11-07T08:48:30.000Z,1
2019-11-07T09:13:05.000Z,1
2019-11-07T11:53:33.000Z,1
2019-11-07T13:03:16.000Z,1
2019-11-07T13:34:37.000Z,1
2019-11-07T13:36:31.000Z,1
2019-11-07T16:16:45.000Z,1
2019-11-07T16:25:18.000Z,2
2019-11-07T16:32:53.000Z,1
2019-11-07T16:35:34.000Z,1
2019-11-07T17:01:09.000Z,1
2019-11-07T17:21:45.000Z,1
2019-11-07T17:29:32.000Z,1
2019-11-07T17:37:48.000Z,1
2019-11-07T17:48:54.000Z,1
2019-11-07T18:07:18.000Z,1
2019-11-07T18:09:26.000Z,2
2019-11-07T18:09:28.000Z,1
2019-11-07T18:34:39.000Z,1
2019-11-07T18:48:14.000Z,1
2019-11-07T19:04:33.000Z,1
2019-11-07T19:48:01.000Z,1
2019-11-07T20:13:31.000Z,1
2019-11-08T05:23:34.000Z,1
2019-10-30T18:59:30.000Z,1
2019-10-30T19:30:19.000Z,1
2019-10-31T06:33:11.000Z,1
2019-10-31T06:36:27.000Z,1
2019-10-31T06:44:03.000Z,1
2019-10-31T07:04:49.000Z,1
2019-10-31T07:27:26.000Z,1
2019-10-31T07:39:28.000Z,1
2019-10-31T08:37:43.000Z,1
2019-10-31T08:41:17.000Z,1
2019-10-31T15:15:31.000Z,1
2019-10-31T17:13:38.000Z,1
2019-10-31T15:44:16.000Z,1
2019-10-31T15:30:39.000Z,1
2019-10-31T18:16:55.000Z,1
2019-10-31T18:56:50.000Z,1
2019-10-31T19:23:11.000Z,1
2019-10-31T20:17:44.000Z,1
2019-10-31T21:32:48.000Z,1
2019-10-31T22:06:49.000Z,1
2019-11-01T00:54:40.000Z,1
2019-11-01T11:39:05.000Z,1
2019-11-01T12:51:25.000Z,1
2019-11-01T19:33:55.000Z,1
2019-10-31T06:19:55.000Z,2
2019-10-31T09:07:45.000Z,1
2019-10-31T13:47:21.000Z,1
2019-10-31T16:21:43.000Z,1
2019-10-31T17:32:27.000Z,1
2019-10-31T19:07:46.000Z,1
2019-10-31T23:29:50.000Z,1
2019-11-01T08:29:48.000Z,1
2019-11-01T08:32:48.000Z,2
2019-11-01T08:34:28.000Z,1
2019-11-01T09:27:01.000Z,1
2019-11-01T11:54:35.000Z,1
2019-11-01T12:13:09.000Z,1
2019-11-01T13:30:56.000Z,1
2019-11-01T13:38:50.000Z,1
2019-11-01T15:26:29.000Z,3
2019-11-01T15:30:44.000Z,1
2019-11-01T16:01:16.000Z,1
2019-11-01T16:18:17.000Z,2
2019-11-01T16:34:20.000Z,1
2019-11-01T16:41:34.000Z,1
2019-11-01T17:04:03.000Z,1
2019-11-01T17:07:03.000Z,1
2019-11-01T17:11:27.000Z,2
2019-11-01T17:22:12.000Z,1
2019-11-01T17:23:49.000Z,1
2019-11-01T17:33:46.000Z,1
2019-11-01T17:48:16.000Z,1
2019-11-01T17:53:21.000Z,1
2019-11-01T17:54:35.000Z,1
2019-11-01T18:14:02.000Z,2
2019-11-01T18:14:43.000Z,1
2019-11-01T20:00:24.000Z,1
2019-11-01T20:00:43.000Z,1
2019-11-02T09:41:25.000Z,1
2019-11-02T09:51:54.000Z,1
2019-11-02T10:46:30.000Z,1
2019-11-02T11:05:24.000Z,1
2019-11-02T11:46:50.000Z,1
2019-11-02T12:01:16.000Z,1
2019-11-02T12:05:20.000Z,1
2019-11-02T13:57:05.000Z,1
2019-11-02T14:12:04.000Z,1
2019-11-02T15:07:07.000Z,1
2019-11-02T16:11:16.000Z,1
2019-11-02T17:18:03.000Z,1
2019-11-02T18:11:39.000Z,1
2019-11-02T18:46:56.000Z,1
2019-11-02T19:30:30.000Z,1
2019-11-02T20:34:20.000Z,1
2019-11-02T20:53:17.000Z,1
2019-11-02T21:18:15.000Z,1
2019-11-02T21:50:57.000Z,2
2019-11-03T01:53:36.000Z,1
2019-11-03T08:07:50.000Z,1
2019-11-03T08:16:46.000Z,1
2019-11-03T09:09:09.000Z,1
2019-11-03T11:41:24.000Z,1
2019-11-03T12:20:16.000Z,1
2019-11-03T12:20:34.000Z,1
2019-11-03T13:10:14.000Z,1
2019-11-03T13:38:30.000Z,1
2019-11-03T13:41:07.000Z,1
2019-11-03T13:49:49.000Z,1
2019-11-03T14:07:52.000Z,1
2019-11-03T15:39:55.000Z,1
2019-11-03T15:48:20.000Z,1
2019-11-03T15:51:09.000Z,1
2019-11-03T15:53:44.000Z,1
2019-11-03T16:09:32.000Z,1
2019-11-03T16:28:15.000Z,1
2019-11-03T17:06:11.000Z,1
2019-11-03T18:04:39.000Z,1
2019-11-03T18:10:46.000Z,1
2019-11-03T19:12:10.000Z,1
2019-11-03T20:16:11.000Z,1
2019-11-03T22:36:38.000Z,1
2019-11-04T02:53:08.000Z,1
2019-11-04T05:51:57.000Z,1
2019-11-04T06:55:52.000Z,1
2019-11-04T07:10:24.000Z,1
2019-11-04T07:16:16.000Z,1
2019-11-04T07:24:26.000Z,1
2019-11-04T07:34:05.000Z,1
2019-11-04T07:35:07.000Z,1
2019-11-04T07:46:44.000Z,1
2019-11-04T08:03:39.000Z,2
2019-11-04T08:27:16.000Z,1
2019-11-04T08:41:36.000Z,1
2019-11-04T08:49:22.000Z,1
2019-11-04T09:32:57.000Z,1
2019-11-04T09:59:40.000Z,1
2019-11-04T10:42:40.000Z,1
2019-11-04T10:56:33.000Z,1
2019-11-04T11:44:01.000Z,1
2019-11-04T12:32:15.000Z,1
2019-11-04T12:47:47.000Z,1
2019-11-04T12:49:50.000Z,1
2019-11-04T12:59:52.000Z,1
2019-11-04T14:09:52.000Z,1
2019-11-04T14:10:26.000Z,1
2019-11-04T14:48:33.000Z,1
2019-11-04T16:26:55.000Z,1
2019-11-04T16:26:47.000Z,1
2019-11-04T16:39:07.000Z,1
2019-11-04T16:39:50.000Z,2
2019-11-04T16:42:55.000Z,1
2019-11-04T16:43:06.000Z,1
2019-11-04T16:46:35.000Z,1
2019-11-04T16:51:35.000Z,1
2019-11-04T16:54:27.000Z,1
2019-11-04T17:02:15.000Z,1
2019-11-04T17:09:00.000Z,1
2019-11-04T17:16:46.000Z,2
2019-11-04T17:20:06.000Z,1
2019-11-04T17:24:13.000Z,2
2019-11-04T17:36:39.000Z,1
2019-11-04T17:50:03.000Z,1
2019-11-04T17:56:15.000Z,1
2019-11-04T18:11:28.000Z,1
2019-11-04T18:38:59.000Z,1
2019-11-04T18:41:52.000Z,1
2019-11-04T19:33:27.000Z,1
2019-11-04T20:17:21.000Z,1
2019-11-04T21:21:10.000Z,1
2019-11-04T22:11:51.000Z,1
2019-11-05T03:31:08.000Z,1
2019-11-05T04:49:19.000Z,1
2019-11-05T06:29:46.000Z,1
2019-11-05T07:25:33.000Z,1
2019-11-05T07:40:55.000Z,1
2019-11-05T08:04:42.000Z,1
2019-11-05T08:08:44.000Z,1
2019-11-05T08:17:13.000Z,1
2019-11-05T08:37:30.000Z,1
2019-11-05T08:37:57.000Z,1
2019-11-05T08:46:44.000Z,1
2019-11-05T09:01:13.000Z,1
2019-11-05T09:03:52.000Z,1
2019-11-05T09:37:33.000Z,1
2019-11-05T11:52:45.000Z,1
2019-11-05T12:36:48.000Z,1
2019-11-05T12:55:33.000Z,1
2019-11-05T13:04:14.000Z,1
2019-11-05T13:05:17.000Z,2
2019-11-05T14:03:54.000Z,1
2019-11-05T14:06:45.000Z,1
2019-11-05T16:04:18.000Z,2
2019-11-05T16:10:59.000Z,1
2019-11-05T16:23:27.000Z,1
2019-11-05T16:41:22.000Z,1
2019-11-05T16:41:30.000Z,2
2019-11-05T16:45:48.000Z,1
2019-11-05T16:46:57.000Z,3
2019-11-05T16:57:53.000Z,1
2019-11-05T17:04:55.000Z,1
2019-11-05T17:19:55.000Z,1
2019-11-05T17:22:40.000Z,1
2019-11-05T17:40:32.000Z,1
2019-11-05T17:46:35.000Z,1
2019-11-05T17:58:27.000Z,1
2019-11-05T18:02:00.000Z,2
2019-11-05T18:11:48.000Z,1
2019-11-05T18:37:49.000Z,1
2019-11-05T18:46:17.000Z,1
2019-11-05T19:44:36.000Z,2
2019-11-05T19:44:54.000Z,2
2019-11-05T20:59:13.000Z,1
2019-11-05T21:50:58.000Z,1
2019-11-06T06:16:24.000Z,1
2019-11-06T06:22:18.000Z,2
2019-11-06T07:05:40.000Z,1
2019-11-06T07:25:38.000Z,1
2019-11-06T08:00:43.000Z,1
2019-11-06T08:25:20.000Z,1
2019-11-06T08:47:32.000Z,1
2019-11-06T08:53:16.000Z,1
2019-11-06T09:07:28.000Z,2
2019-11-06T09:48:34.000Z,1
2019-11-06T10:00:06.000Z,2
2019-11-06T10:27:40.000Z,1
2019-11-06T12:02:24.000Z,1
2019-11-06T12:08:32.000Z,1
2019-11-06T12:28:35.000Z,1
2019-11-06T12:34:09.000Z,2
2019-11-06T12:34:41.000Z,1
2019-11-06T14:26:07.000Z,1
2019-11-06T14:47:28.000Z,1
2019-11-06T16:17:53.000Z,1
2019-11-06T16:20:41.000Z,1
2019-11-06T16:53:14.000Z,1
2019-11-06T16:53:33.000Z,1
2019-11-06T16:58:00.000Z,1
2019-11-06T17:05:36.000Z,3
2019-11-06T17:30:29.000Z,1
2019-11-06T17:56:31.000Z,1
2019-11-06T18:02:41.000Z,1
2019-11-06T18:21:48.000Z,1
2019-11-06T19:26:37.000Z,1
2019-11-06T20:46:00.000Z,1
2019-11-06T20:52:08.000Z,1
2019-11-06T21:14:52.000Z,1
2019-11-06T21:41:07.000Z,1
2019-11-06T22:45:58.000Z,1
2019-11-07T06:16:22.000Z,1
2019-11-07T07:05:51.000Z,1
2019-11-07T07:05:45.000Z,1
2019-11-07T07:06:12.000Z,1
2019-11-07T07:15:55.000Z,1
2019-11-07T07:28:44.000Z,1
2019-11-07T07:34:27.000Z,1
2019-11-07T07:56:00.000Z,1
2019-11-07T08:11:23.000Z,1
2019-11-07T08:11:59.000Z,1
2019-11-07T08:12:02.000Z,1
2019-11-07T08:19:25.000Z,3
2019-11-07T08:25:26.000Z,1
2019-11-07T08:40:13.000Z,1
2019-11-07T08:45:18.000Z,1
2019-11-07T08:47:52.000Z,2
2019-11-07T08:58:24.000Z,1
2019-11-07T09:04:13.000Z,1
2019-11-07T09:12:59.000Z,1
2019-11-07T09:25:56.000Z,1
2019-11-07T09:49:40.000Z,1
2019-11-07T10:27:44.000Z,1
2019-11-07T11:11:05.000Z,1
2019-11-07T12:18:59.000Z,1
2019-11-07T12:42:21.000Z,1
2019-11-07T12:46:02.000Z,1
2019-11-07T13:17:29.000Z,1
2019-11-07T13:19:33.000Z,1
2019-11-07T16:01:08.000Z,1
2019-11-07T16:19:57.000Z,1
2019-11-07T16:28:16.000Z,2
2019-11-07T16:29:21.000Z,1
2019-11-07T16:46:42.000Z,1
2019-11-07T17:08:40.000Z,1
2019-11-07T17:23:35.000Z,1
2019-11-07T17:39:06.000Z,1
2019-11-07T18:01:09.000Z,1
2019-11-07T18:12:19.000Z,1
2019-11-07T18:37:40.000Z,1
2019-11-07T18:51:40.000Z,1
2019-11-07T18:52:30.000Z,1
2019-11-07T19:22:06.000Z,1
2019-11-07T20:03:44.000Z,1
2019-11-07T20:19:00.000Z,1
2019-10-30T19:00:11.000Z,1
2019-10-30T20:13:27.000Z,1
2019-10-30T20:28:56.000Z,1
2019-10-30T20:38:58.000Z,1
2019-10-30T21:10:17.000Z,1
2019-10-30T21:44:13.000Z,1
2019-10-30T23:33:28.000Z,1
2019-10-31T06:06:54.000Z,1
2019-10-31T08:32:20.000Z,1
2019-10-31T08:32:48.000Z,1
2019-10-31T09:08:00.000Z,1
2019-10-31T09:18:21.000Z,1
2019-10-31T13:17:55.000Z,1
2019-10-31T15:38:42.000Z,1
2019-10-31T18:12:45.000Z,1
2019-10-31T20:09:05.000Z,1
2019-11-01T00:03:44.000Z,1
2019-11-01T08:02:19.000Z,1
2019-11-01T08:14:23.000Z,1
2019-11-01T12:35:36.000Z,1
2019-11-01T14:43:18.000Z,1
2019-11-01T17:04:31.000Z,1
2019-10-31T12:14:08.000Z,1
2019-10-31T12:51:55.000Z,1
2019-10-31T17:37:24.000Z,1
2019-10-31T17:57:46.000Z,1
2019-10-31T20:30:40.000Z,1
2019-11-01T08:18:31.000Z,1
2019-11-01T08:28:30.000Z,1
2019-11-01T08:32:19.000Z,1
2019-11-01T09:26:18.000Z,1
2019-11-01T09:30:01.000Z,2
2019-11-01T10:41:30.000Z,1
2019-11-01T11:30:04.000Z,1
2019-11-01T11:39:55.000Z,1
2019-11-01T12:01:26.000Z,1
2019-11-01T12:32:36.000Z,1
2019-11-01T14:30:34.000Z,1
2019-11-01T14:55:05.000Z,1
2019-11-01T15:00:32.000Z,1
2019-11-01T15:55:59.000Z,1
2019-11-01T16:04:51.000Z,1
2019-11-01T16:13:08.000Z,1
2019-11-01T16:32:47.000Z,1
2019-11-01T16:38:26.000Z,1
2019-11-01T16:38:58.000Z,1
2019-11-01T17:14:16.000Z,1
2019-11-01T17:16:54.000Z,1
2019-11-01T17:28:01.000Z,1
2019-11-01T17:31:50.000Z,1
2019-11-01T17:40:50.000Z,2
2019-11-01T17:57:06.000Z,1
2019-11-01T18:10:53.000Z,1
2019-11-01T18:13:31.000Z,1
2019-11-01T18:13:41.000Z,1
2019-11-01T18:17:41.000Z,1
2019-11-01T18:18:18.000Z,1
2019-11-01T18:19:07.000Z,1
2019-11-01T18:56:10.000Z,1
2019-11-01T19:10:39.000Z,1
2019-11-01T19:21:45.000Z,1
2019-11-01T20:20:06.000Z,1
2019-11-01T20:35:17.000Z,1
2019-11-01T21:17:05.000Z,1
2019-11-01T21:39:52.000Z,1
2019-11-01T22:18:16.000Z,1
2019-11-01T23:25:00.000Z,1
2019-11-02T00:54:31.000Z,1
2019-11-02T05:21:01.000Z,1
2019-11-02T08:01:28.000Z,1
2019-11-02T08:57:22.000Z,1
2019-11-02T09:08:33.000Z,1
2019-11-02T09:25:41.000Z,1
2019-11-02T12:31:14.000Z,1
2019-11-02T12:32:06.000Z,1
2019-11-02T12:47:25.000Z,2
2019-11-02T12:52:19.000Z,1
2019-11-02T12:57:45.000Z,2
2019-11-02T13:20:06.000Z,1
2019-11-02T13:33:14.000Z,1
2019-11-02T13:36:07.000Z,1
2019-11-02T13:51:43.000Z,1
2019-11-02T15:26:28.000Z,1
2019-11-02T15:56:00.000Z,2
2019-11-02T17:12:26.000Z,1
2019-11-02T17:53:50.000Z,1
2019-11-02T18:11:05.000Z,1
2019-11-02T20:04:25.000Z,1
2019-11-02T21:44:21.000Z,1
2019-11-02T22:19:50.000Z,1
2019-11-02T23:33:28.000Z,1
2019-11-03T04:48:42.000Z,1
2019-11-03T07:50:44.000Z,1
2019-11-03T10:35:39.000Z,1
2019-11-03T10:57:09.000Z,1
2019-11-03T12:23:31.000Z,1
2019-11-03T12:45:12.000Z,1
2019-11-03T13:02:14.000Z,1
2019-11-03T13:12:51.000Z,1
2019-11-03T13:33:24.000Z,1
2019-11-03T14:05:03.000Z,1
2019-11-03T14:28:38.000Z,1
2019-11-03T14:44:01.000Z,1
2019-11-03T16:11:16.000Z,1
2019-11-03T16:43:49.000Z,1
2019-11-03T16:58:20.000Z,1
2019-11-03T17:11:51.000Z,1
2019-11-03T17:13:32.000Z,1
2019-11-03T17:33:04.000Z,1
2019-11-03T17:40:57.000Z,2
2019-11-03T18:10:56.000Z,1
2019-11-03T19:36:22.000Z,1
2019-11-04T00:10:10.000Z,1
2019-11-04T05:41:41.000Z,1
2019-11-04T06:57:53.000Z,1
2019-11-04T07:13:47.000Z,1
2019-11-04T07:24:07.000Z,1
2019-11-04T07:42:06.000Z,1
2019-11-04T08:01:35.000Z,2
2019-11-04T08:11:26.000Z,1
2019-11-04T08:15:06.000Z,1
2019-11-04T08:31:41.000Z,1
2019-11-04T08:45:40.000Z,1
2019-11-04T08:59:16.000Z,1
2019-11-04T09:38:15.000Z,1
2019-11-04T10:30:26.000Z,1
2019-11-04T10:51:36.000Z,1
2019-11-04T11:13:56.000Z,1
2019-11-04T11:29:23.000Z,1
2019-11-04T11:41:35.000Z,2
2019-11-04T12:39:52.000Z,1
2019-11-04T13:20:59.000Z,1
2019-11-04T13:22:04.000Z,1
2019-11-04T13:54:11.000Z,1
2019-11-04T13:54:26.000Z,1
2019-11-04T14:11:24.000Z,1
2019-11-04T15:03:27.000Z,1
2019-11-04T15:15:22.000Z,1
2019-11-04T15:36:53.000Z,1
2019-11-04T16:06:32.000Z,1
2019-11-04T16:07:29.000Z,1
2019-11-04T16:10:31.000Z,1
2019-11-04T16:14:22.000Z,1
2019-11-04T16:37:22.000Z,1
2019-11-04T16:37:42.000Z,1
2019-11-04T16:38:32.000Z,1
2019-11-04T16:40:04.000Z,2
2019-11-04T16:42:00.000Z,3
2019-11-04T16:42:26.000Z,1
2019-11-04T16:51:36.000Z,1
2019-11-04T16:59:58.000Z,1
2019-11-04T17:04:37.000Z,2
2019-11-04T17:05:52.000Z,2
2019-11-04T17:42:11.000Z,1
2019-11-04T17:43:08.000Z,1
2019-11-04T17:59:26.000Z,1
2019-11-04T18:00:29.000Z,1
2019-11-04T18:03:17.000Z,1
2019-11-04T18:04:40.000Z,1
2019-11-04T18:07:18.000Z,1
2019-11-04T18:23:20.000Z,1
2019-11-04T19:32:50.000Z,1
2019-11-04T20:16:53.000Z,1
2019-11-04T20:18:48.000Z,1
2019-11-04T20:57:14.000Z,1
2019-11-04T21:17:02.000Z,1
2019-11-05T05:31:14.000Z,1
2019-11-05T05:49:00.000Z,1
2019-11-05T06:00:35.000Z,1
2019-11-05T06:15:24.000Z,1
2019-11-05T06:27:32.000Z,1
2019-11-05T06:52:11.000Z,1
2019-11-05T07:15:22.000Z,1
2019-11-05T07:56:27.000Z,1
2019-11-05T08:02:07.000Z,2
2019-11-05T08:22:55.000Z,2
2019-11-05T08:36:33.000Z,1
2019-11-05T08:37:29.000Z,1
2019-11-05T08:57:34.000Z,1
2019-11-05T09:02:14.000Z,1
2019-11-05T10:04:34.000Z,1
2019-11-05T11:46:04.000Z,1
2019-11-05T11:56:23.000Z,1
2019-11-05T12:49:15.000Z,1
2019-11-05T12:55:06.000Z,2
2019-11-05T13:27:00.000Z,1
2019-11-05T14:23:36.000Z,1
2019-11-05T15:46:30.000Z,1
2019-11-05T16:03:03.000Z,1
2019-11-05T16:24:50.000Z,1
2019-11-05T16:49:30.000Z,1
2019-11-05T17:18:22.000Z,1
2019-11-05T17:18:43.000Z,1
2019-11-05T17:21:58.000Z,2
2019-11-05T17:42:46.000Z,2
2019-11-05T17:43:56.000Z,1
2019-11-05T17:47:59.000Z,1
2019-11-05T18:12:13.000Z,1
2019-11-05T18:19:01.000Z,1
2019-11-05T18:33:37.000Z,1
2019-11-05T18:50:06.000Z,1
2019-11-05T19:25:22.000Z,1
2019-11-05T19:53:40.000Z,1
2019-11-05T19:55:13.000Z,1
2019-11-05T21:13:46.000Z,1
2019-11-05T21:15:52.000Z,1
2019-11-05T21:41:06.000Z,1
2019-11-06T04:56:37.000Z,1
2019-11-06T06:23:36.000Z,1
2019-11-06T06:51:58.000Z,1
2019-11-06T07:03:47.000Z,1
2019-11-06T07:09:10.000Z,1
2019-11-06T07:15:54.000Z,1
2019-11-06T07:22:35.000Z,3
2019-11-06T07:38:31.000Z,1
2019-11-06T08:09:41.000Z,1
2019-11-06T08:14:43.000Z,1
2019-11-06T08:29:24.000Z,2
2019-11-06T08:45:45.000Z,1
2019-11-06T08:47:05.000Z,1
2019-11-06T09:13:05.000Z,1
2019-11-06T09:13:37.000Z,1
2019-11-06T09:19:52.000Z,1
2019-11-06T09:27:10.000Z,2
2019-11-06T09:37:54.000Z,1
2019-11-06T10:04:17.000Z,1
2019-11-06T10:45:13.000Z,1
2019-11-06T11:53:33.000Z,1
2019-11-06T12:12:04.000Z,1
2019-11-06T13:33:43.000Z,1
2019-11-06T13:58:40.000Z,1
2019-11-06T14:15:44.000Z,1
2019-11-06T14:34:16.000Z,1
2019-11-06T14:41:37.000Z,1
2019-11-06T15:07:56.000Z,1
2019-11-06T15:26:25.000Z,1
2019-11-06T15:57:58.000Z,1
2019-11-06T16:15:26.000Z,1
2019-11-06T16:25:29.000Z,1
2019-11-06T16:28:33.000Z,2
2019-11-06T17:18:06.000Z,1
2019-11-06T17:32:05.000Z,1
2019-11-06T18:29:26.000Z,1
2019-11-06T18:35:14.000Z,1
2019-11-06T18:48:21.000Z,1
2019-11-06T18:56:51.000Z,1
2019-11-06T18:57:09.000Z,2
2019-11-06T18:59:05.000Z,1
2019-11-06T19:10:31.000Z,1
2019-11-06T20:48:53.000Z,1
2019-11-07T07:05:36.000Z,1
2019-11-07T07:36:17.000Z,1
2019-11-07T07:44:16.000Z,1
2019-11-07T07:52:19.000Z,1
2019-11-07T08:23:54.000Z,1
2019-11-07T08:28:05.000Z,1
2019-11-07T08:51:42.000Z,1
2019-11-07T09:12:42.000Z,1
2019-11-07T09:30:38.000Z,1
2019-11-07T09:58:03.000Z,1
2019-11-07T10:04:09.000Z,1
2019-11-07T10:33:16.000Z,1
2019-11-07T12:01:31.000Z,1
2019-11-07T13:01:24.000Z,1
2019-11-07T13:23:38.000Z,1
2019-11-07T13:36:22.000Z,1
2019-11-07T13:55:44.000Z,1
2019-11-07T16:11:27.000Z,1
2019-11-07T16:55:33.000Z,2
2019-11-07T16:57:40.000Z,1
2019-11-07T17:05:52.000Z,1
2019-11-07T17:08:07.000Z,1
2019-11-07T17:21:03.000Z,1
2019-11-07T17:34:19.000Z,1
2019-11-07T17:41:42.000Z,1
2019-11-07T17:42:42.000Z,1
2019-11-07T17:46:09.000Z,1
2019-11-07T17:46:49.000Z,3
2019-11-07T17:51:35.000Z,2
2019-11-07T17:59:03.000Z,1
2019-11-07T18:13:07.000Z,2
2019-11-07T19:37:31.000Z,1
2019-11-07T20:12:05.000Z,1
2019-11-07T21:35:05.000Z,1
2019-11-08T00:48:02.000Z,1
2019-10-30T20:46:27.000Z,1
2019-10-31T05:26:16.000Z,1
2019-10-31T06:59:26.000Z,1
2019-10-31T08:45:46.000Z,1
2019-10-31T09:18:47.000Z,1
2019-10-31T11:02:41.000Z,1
2019-10-31T16:24:30.000Z,1
2019-10-31T19:42:51.000Z,1
2019-11-01T08:39:18.000Z,1
2019-11-01T12:47:52.000Z,1
2019-11-01T17:11:54.000Z,1
2019-11-01T19:31:54.000Z,1
2019-11-02T13:41:30.000Z,1
2019-10-30T22:58:50.000Z,1
2019-10-31T12:13:40.000Z,1
2019-10-31T14:12:05.000Z,1
2019-10-31T16:05:41.000Z,1
2019-10-31T16:28:02.000Z,1
2019-11-01T02:40:49.000Z,1
2019-11-01T05:32:00.000Z,1
2019-11-01T07:09:15.000Z,1
2019-11-01T08:19:40.000Z,1
2019-11-01T09:22:21.000Z,1
2019-11-01T09:29:46.000Z,1
2019-11-01T10:52:44.000Z,1
2019-11-01T11:02:46.000Z,1
2019-11-01T12:55:20.000Z,1
2019-11-01T14:55:30.000Z,1
2019-11-01T15:08:08.000Z,1
2019-11-01T15:10:32.000Z,2
2019-11-01T15:27:19.000Z,1
2019-11-01T15:44:26.000Z,1
2019-11-01T16:19:18.000Z,1
2019-11-01T16:24:37.000Z,1
2019-11-01T16:24:54.000Z,1
2019-11-01T16:36:21.000Z,1
2019-11-01T16:41:45.000Z,1
2019-11-01T16:52:58.000Z,1
2019-11-01T17:16:55.000Z,1
2019-11-01T17:24:04.000Z,1
2019-11-01T17:29:01.000Z,1
2019-11-01T18:01:19.000Z,1
2019-11-01T18:37:33.000Z,1
2019-11-01T18:43:06.000Z,1
2019-11-01T22:53:47.000Z,1
2019-11-01T23:03:17.000Z,1
2019-11-02T08:40:40.000Z,1
2019-11-02T09:30:38.000Z,1
2019-11-02T09:46:55.000Z,1
2019-11-02T10:27:02.000Z,1
2019-11-02T11:00:47.000Z,1
2019-11-02T11:20:12.000Z,1
2019-11-02T12:19:26.000Z,1
2019-11-02T13:15:13.000Z,1
2019-11-02T13:27:41.000Z,1
2019-11-02T13:38:49.000Z,1
2019-11-02T13:42:57.000Z,1
2019-11-02T13:51:44.000Z,1
2019-11-02T15:31:55.000Z,1
2019-11-02T17:29:23.000Z,1
2019-11-02T20:33:08.000Z,1
2019-11-03T06:49:27.000Z,1
2019-11-03T07:43:16.000Z,1
2019-11-03T07:43:22.000Z,1
2019-11-03T08:39:52.000Z,1
2019-11-03T09:26:16.000Z,1
2019-11-03T10:01:44.000Z,1
2019-11-03T10:19:14.000Z,1
2019-11-03T10:45:55.000Z,1
2019-11-03T10:55:54.000Z,1
2019-11-03T11:06:26.000Z,1
2019-11-03T12:02:48.000Z,1
2019-11-03T12:16:50.000Z,1
2019-11-03T12:32:27.000Z,1
2019-11-03T12:36:35.000Z,1
2019-11-03T12:39:31.000Z,1
2019-11-03T12:46:53.000Z,1
2019-11-03T12:47:02.000Z,1
2019-11-03T12:48:01.000Z,1
2019-11-03T13:29:24.000Z,1
2019-11-03T14:01:16.000Z,1
2019-11-03T14:15:15.000Z,2
2019-11-03T14:46:12.000Z,1
2019-11-03T15:08:12.000Z,1
2019-11-03T15:18:30.000Z,1
2019-11-03T16:14:03.000Z,1
2019-11-03T18:11:30.000Z,1
2019-11-03T20:50:08.000Z,1
2019-11-03T21:35:25.000Z,1
2019-11-04T06:07:25.000Z,1
2019-11-04T06:13:51.000Z,1
2019-11-04T06:36:20.000Z,1
2019-11-04T06:52:59.000Z,1
2019-11-04T07:01:54.000Z,1
2019-11-04T07:09:45.000Z,1
2019-11-04T07:26:23.000Z,1
2019-11-04T07:34:27.000Z,1
2019-11-04T07:50:33.000Z,1
2019-11-04T07:51:23.000Z,1
2019-11-04T08:06:36.000Z,2
2019-11-04T08:07:08.000Z,1
2019-11-04T08:07:47.000Z,1
2019-11-04T08:21:43.000Z,1
2019-11-04T08:40:52.000Z,1
2019-11-04T08:42:36.000Z,2
2019-11-04T09:31:48.000Z,1
2019-11-04T09:53:20.000Z,1
2019-11-04T10:30:08.000Z,1
2019-11-04T10:59:33.000Z,2
2019-11-04T12:14:31.000Z,1
2019-11-04T13:10:56.000Z,1
2019-11-04T13:36:08.000Z,1
2019-11-04T13:46:12.000Z,1
2019-11-04T13:49:31.000Z,1
2019-11-04T14:51:05.000Z,1
2019-11-04T15:27:55.000Z,1
2019-11-04T15:50:19.000Z,1
2019-11-04T16:12:33.000Z,1
2019-11-04T16:18:54.000Z,1
2019-11-04T16:24:42.000Z,1
2019-11-04T16:31:10.000Z,1
2019-11-04T16:35:23.000Z,1
2019-11-04T16:51:01.000Z,1
2019-11-04T16:51:11.000Z,1
2019-11-04T16:51:05.000Z,1
2019-11-04T17:00:28.000Z,1
2019-11-04T17:09:22.000Z,1
2019-11-04T17:25:36.000Z,1
2019-11-04T17:37:23.000Z,1
2019-11-04T17:52:01.000Z,2
2019-11-04T17:52:20.000Z,1
2019-11-04T18:03:00.000Z,1
2019-11-04T18:04:21.000Z,1
2019-11-04T18:19:34.000Z,1
2019-11-04T18:32:57.000Z,1
2019-11-04T18:33:16.000Z,1
2019-11-04T18:36:24.000Z,2
2019-11-04T18:39:23.000Z,1
2019-11-04T19:08:18.000Z,1
2019-11-04T19:40:05.000Z,1
2019-11-04T21:09:46.000Z,1
2019-11-04T21:22:42.000Z,1
2019-11-05T06:12:58.000Z,1
2019-11-05T06:30:29.000Z,1
2019-11-05T07:17:40.000Z,1
2019-11-05T07:22:39.000Z,1
2019-11-05T07:26:44.000Z,1
2019-11-05T07:49:07.000Z,1
2019-11-05T07:52:16.000Z,1
2019-11-05T08:08:24.000Z,1
2019-11-05T08:16:32.000Z,4
2019-11-05T08:18:02.000Z,1
2019-11-05T08:21:01.000Z,1
2019-11-05T08:26:51.000Z,1
2019-11-05T08:31:13.000Z,1
2019-11-05T08:34:21.000Z,1
2019-11-05T08:44:55.000Z,1
2019-11-05T08:56:28.000Z,1
2019-11-05T08:58:31.000Z,1
2019-11-05T09:05:40.000Z,2
2019-11-05T10:27:04.000Z,1
2019-11-05T11:51:25.000Z,1
2019-11-05T12:57:24.000Z,1
2019-11-05T13:15:05.000Z,1
2019-11-05T13:57:07.000Z,1
2019-11-05T15:09:15.000Z,1
2019-11-05T15:19:39.000Z,1
2019-11-05T15:37:59.000Z,2
2019-11-05T15:47:45.000Z,1
2019-11-05T15:51:16.000Z,1
2019-11-05T15:55:09.000Z,1
2019-11-05T16:52:33.000Z,2
2019-11-05T17:21:09.000Z,1
2019-11-05T17:40:11.000Z,1
2019-11-05T17:40:53.000Z,1
2019-11-05T18:08:03.000Z,2
2019-11-05T18:22:13.000Z,1
2019-11-05T18:34:24.000Z,1
2019-11-05T18:40:15.000Z,1
2019-11-05T18:41:19.000Z,1
2019-11-05T18:43:34.000Z,1
2019-11-05T18:58:21.000Z,2
2019-11-05T19:12:50.000Z,1
2019-11-05T19:41:53.000Z,1
2019-11-05T20:53:53.000Z,1
2019-11-05T21:10:54.000Z,1
2019-11-05T21:39:30.000Z,1
2019-11-05T22:28:29.000Z,1
2019-11-06T02:34:20.000Z,1
2019-11-06T05:17:34.000Z,1
2019-11-06T06:13:18.000Z,2
2019-11-06T06:30:09.000Z,1
2019-11-06T06:35:11.000Z,1
2019-11-06T06:42:59.000Z,1
2019-11-06T07:16:21.000Z,1
2019-11-06T07:33:17.000Z,1
2019-11-06T07:41:27.000Z,1
2019-11-06T08:18:55.000Z,1
2019-11-06T08:36:05.000Z,1
2019-11-06T09:03:20.000Z,1
2019-11-06T09:34:44.000Z,1
2019-11-06T09:41:50.000Z,1
2019-11-06T09:45:32.000Z,1
2019-11-06T09:55:08.000Z,1
2019-11-06T11:09:20.000Z,1
2019-11-06T11:09:57.000Z,1
2019-11-06T11:12:36.000Z,1
2019-11-06T13:08:24.000Z,1
2019-11-06T13:21:08.000Z,1
2019-11-06T13:46:54.000Z,1
2019-11-06T14:02:44.000Z,1
2019-11-06T14:19:18.000Z,1
2019-11-06T15:01:00.000Z,1
2019-11-06T15:15:53.000Z,1
2019-11-06T15:33:12.000Z,1
2019-11-06T16:03:58.000Z,1
2019-11-06T16:28:43.000Z,1
2019-11-06T17:10:46.000Z,1
2019-11-06T17:14:01.000Z,1
2019-11-06T17:21:10.000Z,1
2019-11-06T17:21:05.000Z,1
2019-11-06T17:39:18.000Z,1
2019-11-06T18:01:40.000Z,2
2019-11-06T18:02:02.000Z,1
2019-11-06T18:11:21.000Z,1
2019-11-06T18:16:10.000Z,1
2019-11-06T18:53:33.000Z,1
2019-11-06T19:16:46.000Z,1
2019-11-06T20:54:43.000Z,1
2019-11-07T07:20:22.000Z,1
2019-11-07T07:32:36.000Z,2
2019-11-07T07:44:48.000Z,2
2019-11-07T08:07:27.000Z,2
2019-11-07T08:11:17.000Z,1
2019-11-07T08:13:19.000Z,1
2019-11-07T08:28:28.000Z,2
2019-11-07T08:36:02.000Z,1
2019-11-07T11:47:07.000Z,1
2019-11-07T12:37:10.000Z,1
2019-11-07T13:38:07.000Z,1
2019-11-07T13:38:44.000Z,1
2019-11-07T14:12:10.000Z,1
2019-11-07T14:50:53.000Z,1
2019-11-07T15:34:54.000Z,1
2019-11-07T16:04:52.000Z,1
2019-11-07T16:13:32.000Z,1
2019-11-07T16:22:49.000Z,1
2019-11-07T16:23:39.000Z,1
2019-11-07T16:48:40.000Z,1
2019-11-07T16:53:18.000Z,1
2019-11-07T17:07:33.000Z,1
2019-11-07T17:17:27.000Z,1
2019-11-07T17:36:45.000Z,1
2019-11-07T17:45:56.000Z,1
2019-11-07T17:48:39.000Z,1
2019-11-07T17:50:37.000Z,2
2019-11-07T17:54:26.000Z,1
2019-11-07T18:16:13.000Z,1
2019-11-07T18:46:35.000Z,1
2019-11-07T19:04:50.000Z,1
2019-11-07T19:33:03.000Z,1
2019-11-07T19:57:48.000Z,1
2019-11-07T21:52:22.000Z,1
2019-11-07T21:57:11.000Z,1
2019-11-07T23:50:35.000Z,2
2019-11-08T00:21:46.000Z,1
2019-11-08T04:31:59.000Z,1
2019-11-08T05:26:00.000Z,1
2019-10-30T19:27:30.000Z,1
2019-10-31T07:02:03.000Z,1
2019-10-31T08:31:35.000Z,1
2019-10-31T08:39:39.000Z,1
2019-10-31T08:54:32.000Z,1
2019-10-31T11:52:33.000Z,1
2019-10-31T12:17:59.000Z,1
2019-10-31T13:55:15.000Z,1
2019-10-31T14:24:17.000Z,1
2019-10-31T15:09:57.000Z,1
2019-10-31T17:08:02.000Z,1
2019-10-31T17:44:24.000Z,1
2019-10-31T17:48:43.000Z,1
2019-10-31T17:51:36.000Z,1
2019-11-01T06:49:32.000Z,1
2019-11-01T09:04:33.000Z,1
2019-11-01T09:54:35.000Z,1
2019-11-01T14:49:40.000Z,1
2019-10-31T09:57:17.000Z,1
2019-10-31T11:38:45.000Z,1
2019-10-31T21:21:12.000Z,1
2019-10-31T22:38:24.000Z,1
2019-11-01T04:55:49.000Z,1
2019-11-01T07:20:18.000Z,2
2019-11-01T07:36:34.000Z,1
2019-11-01T08:05:18.000Z,1
2019-11-01T09:07:35.000Z,1
2019-11-01T09:39:05.000Z,1
2019-11-01T09:57:05.000Z,1
2019-11-01T09:57:48.000Z,1
2019-11-01T10:17:33.000Z,1
2019-11-01T10:51:15.000Z,1
2019-11-01T11:10:30.000Z,1
2019-11-01T14:51:29.000Z,1
2019-11-01T16:03:40.000Z,1
2019-11-01T16:20:27.000Z,1
2019-11-01T16:49:10.000Z,1
2019-11-01T16:52:29.000Z,2
2019-11-01T17:10:36.000Z,1
2019-11-01T17:13:06.000Z,1
2019-11-01T17:26:37.000Z,1
2019-11-01T17:45:46.000Z,1
2019-11-01T18:07:27.000Z,1
2019-11-01T18:07:35.000Z,1
2019-11-01T18:33:54.000Z,1
2019-11-01T18:34:34.000Z,2
2019-11-01T18:50:42.000Z,1
2019-11-01T20:07:12.000Z,1
2019-11-01T20:14:40.000Z,1
2019-11-02T06:44:14.000Z,1
2019-11-02T09:15:33.000Z,1
2019-11-02T09:47:52.000Z,1
2019-11-02T10:25:07.000Z,1
2019-11-02T11:25:21.000Z,1
2019-11-02T11:31:37.000Z,1
2019-11-02T11:34:17.000Z,1
2019-11-02T12:14:50.000Z,1
2019-11-02T12:28:24.000Z,1
2019-11-02T12:55:45.000Z,1
2019-11-02T13:05:14.000Z,1
2019-11-02T13:24:15.000Z,1
2019-11-02T13:45:12.000Z,1
2019-11-02T13:54:28.000Z,1
2019-11-02T14:12:57.000Z,1
2019-11-02T14:13:02.000Z,1
2019-11-02T14:49:10.000Z,1
2019-11-02T14:51:44.000Z,1
2019-11-02T15:07:26.000Z,1
2019-11-02T15:09:46.000Z,1
2019-11-02T15:24:19.000Z,1
2019-11-02T15:31:12.000Z,1
2019-11-02T16:16:37.000Z,1
2019-11-02T16:46:18.000Z,1
2019-11-02T16:58:48.000Z,1
2019-11-02T17:42:16.000Z,1
2019-11-02T17:43:07.000Z,1
2019-11-02T19:52:34.000Z,1
2019-11-02T21:24:36.000Z,1
2019-11-02T21:41:27.000Z,1
2019-11-02T21:58:04.000Z,1
2019-11-02T22:54:24.000Z,1
2019-11-02T23:33:26.000Z,1
2019-11-03T00:09:51.000Z,1
2019-11-03T01:06:26.000Z,1
2019-11-03T05:46:58.000Z,1
2019-11-03T07:18:23.000Z,1
2019-11-03T09:06:54.000Z,1
2019-11-03T09:22:43.000Z,1
2019-11-03T09:59:10.000Z,1
2019-11-03T10:08:42.000Z,1
2019-11-03T10:19:47.000Z,1
2019-11-03T11:04:21.000Z,1
2019-11-03T11:35:44.000Z,1
2019-11-03T12:33:16.000Z,1
2019-11-03T12:37:36.000Z,1
2019-11-03T12:55:30.000Z,1
2019-11-03T13:10:53.000Z,1
2019-11-03T13:13:22.000Z,1
2019-11-03T13:49:17.000Z,2
2019-11-03T13:58:34.000Z,1
2019-11-03T14:16:03.000Z,1
2019-11-03T15:31:56.000Z,1
2019-11-03T15:41:08.000Z,1
2019-11-03T15:41:43.000Z,1
2019-11-03T15:54:40.000Z,1
2019-11-03T16:07:51.000Z,1
2019-11-03T17:46:10.000Z,1
2019-11-03T18:25:53.000Z,1
2019-11-03T19:05:03.000Z,1
2019-11-03T19:08:59.000Z,1
2019-11-03T20:18:16.000Z,1
2019-11-03T20:49:13.000Z,1
2019-11-03T22:47:07.000Z,1
2019-11-04T05:34:25.000Z,1
2019-11-04T06:15:22.000Z,1
2019-11-04T06:29:28.000Z,1
2019-11-04T06:42:02.000Z,1
2019-11-04T07:24:45.000Z,1
2019-11-04T07:36:26.000Z,2
2019-11-04T07:43:37.000Z,1
2019-11-04T07:45:21.000Z,1
2019-11-04T08:02:55.000Z,1
2019-11-04T08:03:27.000Z,1
2019-11-04T08:03:52.000Z,1
2019-11-04T08:07:51.000Z,1
2019-11-04T08:14:02.000Z,1
2019-11-04T08:40:56.000Z,1
2019-11-04T09:39:15.000Z,2
2019-11-04T09:42:34.000Z,1
2019-11-04T10:05:16.000Z,1
2019-11-04T10:07:32.000Z,1
2019-11-04T10:08:02.000Z,1
2019-11-04T11:26:15.000Z,1
2019-11-04T11:38:59.000Z,1
2019-11-04T11:56:40.000Z,2
2019-11-04T12:46:24.000Z,1
2019-11-04T14:04:26.000Z,1
2019-11-04T14:08:30.000Z,1
2019-11-04T15:44:28.000Z,1
2019-11-04T16:20:56.000Z,1
2019-11-04T16:46:48.000Z,1
2019-11-04T16:58:35.000Z,1
2019-11-04T17:02:19.000Z,2
2019-11-04T17:08:22.000Z,3
2019-11-04T17:13:00.000Z,4
2019-11-04T17:13:51.000Z,1
2019-11-04T17:27:30.000Z,2
2019-11-04T17:35:52.000Z,1
2019-11-04T17:54:41.000Z,1
2019-11-04T18:04:34.000Z,1
2019-11-04T18:17:55.000Z,1
2019-11-04T18:27:43.000Z,1
2019-11-04T18:40:33.000Z,1
2019-11-04T18:40:43.000Z,1
2019-11-04T18:47:29.000Z,1
2019-11-04T19:18:04.000Z,1
2019-11-04T19:38:16.000Z,1
2019-11-04T20:01:49.000Z,2
2019-11-04T20:58:41.000Z,1
2019-11-04T21:45:28.000Z,1
2019-11-04T22:32:45.000Z,1
2019-11-05T06:48:08.000Z,1
2019-11-05T07:57:40.000Z,1
2019-11-05T08:01:49.000Z,2
2019-11-05T08:16:38.000Z,1
2019-11-05T08:20:48.000Z,1
2019-11-05T08:36:57.000Z,1
2019-11-05T08:44:41.000Z,1
2019-11-05T09:06:56.000Z,1
2019-11-05T09:32:55.000Z,1
2019-11-05T09:51:12.000Z,1
2019-11-05T09:54:17.000Z,1
2019-11-05T10:02:37.000Z,1
2019-11-05T10:20:05.000Z,1
2019-11-05T11:43:25.000Z,1
2019-11-05T12:03:31.000Z,1
2019-11-05T13:27:16.000Z,1
2019-11-05T14:39:22.000Z,1
2019-11-05T14:55:09.000Z,1
2019-11-05T14:55:12.000Z,1
2019-11-05T15:25:50.000Z,1
2019-11-05T15:41:42.000Z,1
2019-11-05T16:10:29.000Z,2
2019-11-05T17:02:40.000Z,1
2019-11-05T17:06:28.000Z,2
2019-11-05T17:19:43.000Z,1
2019-11-05T17:25:09.000Z,1
2019-11-05T17:28:14.000Z,1
2019-11-05T17:31:38.000Z,1
2019-11-05T17:41:39.000Z,2
2019-11-05T17:44:40.000Z,1
2019-11-05T17:50:35.000Z,1
2019-11-05T18:01:42.000Z,1
2019-11-05T18:30:50.000Z,1
2019-11-05T18:38:59.000Z,2
2019-11-05T18:43:13.000Z,1
2019-11-05T18:59:57.000Z,1
2019-11-05T19:43:08.000Z,1
2019-11-05T19:45:03.000Z,1
2019-11-05T21:28:34.000Z,1
2019-11-05T21:51:35.000Z,1
2019-11-05T21:51:55.000Z,1
2019-11-05T22:08:00.000Z,1
2019-11-06T06:54:25.000Z,3
2019-11-06T07:01:41.000Z,1
2019-11-06T07:17:52.000Z,1
2019-11-06T07:21:03.000Z,1
2019-11-06T07:26:53.000Z,2
2019-11-06T07:55:02.000Z,1
2019-11-06T08:21:23.000Z,1
2019-11-06T08:28:05.000Z,1
2019-11-06T08:29:31.000Z,1
2019-11-06T08:47:11.000Z,1
2019-11-06T08:59:58.000Z,1
2019-11-06T09:05:00.000Z,1
2019-11-06T10:13:27.000Z,1
2019-11-06T10:29:06.000Z,1
2019-11-06T11:20:55.000Z,1
2019-11-06T12:08:40.000Z,1
2019-11-06T12:39:31.000Z,1
2019-11-06T12:59:23.000Z,1
2019-11-06T13:00:35.000Z,1
2019-11-06T14:07:05.000Z,2
2019-11-06T14:16:29.000Z,1
2019-11-06T15:03:14.000Z,1
2019-11-06T15:03:28.000Z,1
2019-11-06T15:42:34.000Z,2
2019-11-06T16:48:19.000Z,2
2019-11-06T16:50:51.000Z,1
2019-11-06T17:02:38.000Z,1
2019-11-06T17:16:53.000Z,1
2019-11-06T17:33:53.000Z,3
2019-11-06T17:49:19.000Z,2
2019-11-06T18:03:53.000Z,1
2019-11-06T19:41:51.000Z,1
2019-11-06T20:37:22.000Z,1
2019-11-06T23:06:11.000Z,1
2019-11-07T01:48:07.000Z,1
2019-11-07T05:22:45.000Z,1
2019-11-07T06:16:03.000Z,1
2019-11-07T06:18:59.000Z,1
2019-11-07T06:27:22.000Z,2
2019-11-07T06:42:46.000Z,1
2019-11-07T06:44:05.000Z,1
2019-11-07T06:54:39.000Z,2
2019-11-07T07:15:04.000Z,1
2019-11-07T07:17:33.000Z,1
2019-11-07T07:25:41.000Z,1
2019-11-07T07:26:47.000Z,1
2019-11-07T08:02:47.000Z,1
2019-11-07T08:13:41.000Z,1
2019-11-07T08:21:26.000Z,2
2019-11-07T08:47:32.000Z,2
2019-11-07T09:13:51.000Z,1
2019-11-07T13:39:23.000Z,1
2019-11-07T14:28:29.000Z,1
2019-11-07T15:08:30.000Z,1
2019-11-07T15:28:08.000Z,1
2019-11-07T15:28:24.000Z,1
2019-11-07T16:13:26.000Z,1
2019-11-07T16:29:59.000Z,1
2019-11-07T16:31:44.000Z,2
2019-11-07T16:36:14.000Z,2
2019-11-07T16:58:22.000Z,2
2019-11-07T17:28:58.000Z,1
2019-11-07T17:30:06.000Z,1
2019-11-07T17:30:18.000Z,1
2019-11-07T17:34:30.000Z,1
2019-11-07T18:11:35.000Z,1
2019-11-07T18:27:55.000Z,1
2019-11-07T20:17:43.000Z,1
2019-11-07T23:56:16.000Z,1
2019-10-30T19:21:32.000Z,1
2019-10-30T19:28:45.000Z,1
2019-10-30T21:57:45.000Z,1
2019-10-31T04:55:58.000Z,1
2019-10-31T07:40:23.000Z,1
2019-10-31T07:52:16.000Z,1
2019-10-31T07:52:19.000Z,1
2019-10-31T09:17:40.000Z,1
2019-10-31T12:34:56.000Z,1
2019-10-31T14:11:20.000Z,1
2019-10-31T15:11:06.000Z,1
2019-10-31T15:43:22.000Z,1
2019-10-31T16:20:57.000Z,1
2019-10-31T16:30:02.000Z,1
2019-10-31T17:24:55.000Z,1
2019-10-31T17:48:38.000Z,1
2019-10-31T19:08:02.000Z,1
2019-11-01T06:48:15.000Z,1
2019-11-01T08:03:15.000Z,1
2019-11-01T08:03:58.000Z,1
2019-10-31T14:19:52.000Z,1
2019-10-31T17:17:47.000Z,1
2019-10-31T17:50:05.000Z,1
2019-10-31T18:00:58.000Z,1
2019-10-31T19:26:20.000Z,1
2019-10-31T22:49:03.000Z,1
2019-10-31T23:34:25.000Z,1
2019-11-01T06:08:49.000Z,1
2019-11-01T06:44:08.000Z,1
2019-11-01T06:57:32.000Z,1
2019-11-01T07:18:14.000Z,1
2019-11-01T07:43:40.000Z,1
2019-11-01T08:09:29.000Z,1
2019-11-01T08:28:10.000Z,1
2019-11-01T09:11:24.000Z,1
2019-11-01T09:32:11.000Z,1
2019-11-01T10:23:46.000Z,1
2019-11-01T11:49:03.000Z,1
2019-11-01T12:25:05.000Z,1
2019-11-01T12:41:17.000Z,1
2019-11-01T15:44:53.000Z,1
2019-11-01T16:03:46.000Z,1
2019-11-01T16:24:11.000Z,2
2019-11-01T16:24:23.000Z,1
2019-11-01T16:36:34.000Z,1
2019-11-01T16:45:42.000Z,1
2019-11-01T17:02:28.000Z,1
2019-11-01T17:25:37.000Z,1
2019-11-01T17:49:06.000Z,1
2019-11-01T18:06:24.000Z,1
2019-11-01T18:10:44.000Z,1
2019-11-01T18:22:12.000Z,1
2019-11-01T18:26:13.000Z,1
2019-11-01T18:27:40.000Z,1
2019-11-01T18:35:23.000Z,1
2019-11-01T18:53:08.000Z,1
2019-11-01T19:56:10.000Z,1
2019-11-01T20:24:05.000Z,1
2019-11-01T20:26:06.000Z,1
2019-11-01T20:45:13.000Z,1
2019-11-01T20:53:35.000Z,1
2019-11-01T21:12:54.000Z,1
2019-11-02T06:17:47.000Z,1
2019-11-02T06:27:35.000Z,1
2019-11-02T07:06:31.000Z,1
2019-11-02T07:18:31.000Z,1
2019-11-02T08:57:57.000Z,1
2019-11-02T09:21:11.000Z,1
2019-11-02T09:22:50.000Z,1
2019-11-02T09:56:57.000Z,1
2019-11-02T11:19:19.000Z,1
2019-11-02T11:50:21.000Z,1
2019-11-02T12:17:07.000Z,1
2019-11-02T12:20:06.000Z,1
2019-11-02T12:44:18.000Z,1
2019-11-02T12:59:17.000Z,1
2019-11-02T13:34:08.000Z,1
2019-11-02T13:39:37.000Z,1
2019-11-02T13:46:35.000Z,1
2019-11-02T14:14:51.000Z,1
2019-11-02T14:26:35.000Z,1
2019-11-02T16:17:17.000Z,1
2019-11-02T16:23:33.000Z,1
2019-11-02T16:42:57.000Z,1
2019-11-02T16:53:04.000Z,1
2019-11-02T17:18:33.000Z,1
2019-11-02T17:49:13.000Z,1
2019-11-02T18:41:25.000Z,1
2019-11-02T18:57:08.000Z,1
2019-11-02T19:27:47.000Z,1
2019-11-02T20:21:50.000Z,1
2019-11-02T21:18:23.000Z,1
2019-11-03T02:06:46.000Z,1
2019-11-03T07:33:34.000Z,1
2019-11-03T08:18:11.000Z,1
2019-11-03T08:18:17.000Z,1
2019-11-03T08:53:58.000Z,1
2019-11-03T08:55:25.000Z,1
2019-11-03T09:10:34.000Z,1
2019-11-03T09:37:03.000Z,1
2019-11-03T10:03:17.000Z,1
2019-11-03T10:24:11.000Z,1
2019-11-03T10:28:08.000Z,1
2019-11-03T11:20:36.000Z,1
2019-11-03T12:07:33.000Z,1
2019-11-03T12:16:45.000Z,1
2019-11-03T12:48:39.000Z,1
2019-11-03T12:52:25.000Z,1
2019-11-03T12:58:46.000Z,1
2019-11-03T13:15:38.000Z,1
2019-11-03T13:18:11.000Z,1
2019-11-03T15:34:22.000Z,1
2019-11-03T16:20:28.000Z,1
2019-11-03T16:32:24.000Z,2
2019-11-03T17:05:56.000Z,1
2019-11-03T17:08:52.000Z,1
2019-11-03T17:25:47.000Z,1
2019-11-03T17:58:44.000Z,1
2019-11-03T19:59:12.000Z,1
2019-11-03T23:31:05.000Z,1
2019-11-04T06:20:29.000Z,1
2019-11-04T06:28:06.000Z,2
2019-11-04T06:57:57.000Z,1
2019-11-04T07:06:14.000Z,1
2019-11-04T07:34:35.000Z,1
2019-11-04T07:52:30.000Z,1
2019-11-04T07:53:12.000Z,1
2019-11-04T08:00:11.000Z,2
2019-11-04T08:01:09.000Z,1
2019-11-04T08:09:19.000Z,1
2019-11-04T08:14:38.000Z,2
2019-11-04T08:40:42.000Z,1
2019-11-04T08:49:41.000Z,1
2019-11-04T08:58:22.000Z,1
2019-11-04T09:32:30.000Z,1
2019-11-04T09:32:45.000Z,1
2019-11-04T10:27:59.000Z,1
2019-11-04T12:39:13.000Z,1
2019-11-04T12:44:03.000Z,1
2019-11-04T13:02:57.000Z,1
2019-11-04T13:32:05.000Z,1
2019-11-04T13:56:26.000Z,1
2019-11-04T14:26:54.000Z,1
2019-11-04T14:40:45.000Z,1
2019-11-04T14:51:02.000Z,1
2019-11-04T15:20:45.000Z,1
2019-11-04T16:06:05.000Z,1
2019-11-04T16:54:21.000Z,1
2019-11-04T16:54:37.000Z,1
2019-11-04T17:02:07.000Z,1
2019-11-04T17:06:27.000Z,1
2019-11-04T17:14:08.000Z,1
2019-11-04T17:33:34.000Z,1
2019-11-04T18:05:45.000Z,1
2019-11-04T18:15:29.000Z,1
2019-11-04T18:23:16.000Z,1
2019-11-04T18:36:47.000Z,1
2019-11-04T19:08:07.000Z,1
2019-11-04T19:21:46.000Z,1
2019-11-04T19:32:21.000Z,1
2019-11-04T19:46:18.000Z,1
2019-11-04T19:52:35.000Z,1
2019-11-04T20:29:29.000Z,1
2019-11-04T21:35:57.000Z,1
2019-11-05T00:20:10.000Z,1
2019-11-05T05:05:39.000Z,1
2019-11-05T05:50:21.000Z,1
2019-11-05T05:55:32.000Z,1
2019-11-05T06:34:01.000Z,1
2019-11-05T06:46:30.000Z,1
2019-11-05T07:24:20.000Z,1
2019-11-05T07:28:39.000Z,1
2019-11-05T07:34:46.000Z,1
2019-11-05T07:36:58.000Z,1
2019-11-05T08:03:06.000Z,1
2019-11-05T08:14:44.000Z,1
2019-11-05T08:32:25.000Z,1
2019-11-05T08:33:43.000Z,2
2019-11-05T08:44:45.000Z,2
2019-11-05T10:36:02.000Z,1
2019-11-05T10:46:15.000Z,1
2019-11-05T10:52:39.000Z,1
2019-11-05T11:33:49.000Z,1
2019-11-05T11:35:19.000Z,1
2019-11-05T11:58:15.000Z,1
2019-11-05T12:52:23.000Z,1
2019-11-05T13:10:09.000Z,1
2019-11-05T13:13:06.000Z,1
2019-11-05T13:13:16.000Z,1
2019-11-05T13:13:20.000Z,1
2019-11-05T15:05:05.000Z,1
2019-11-05T15:10:41.000Z,1
2019-11-05T15:26:14.000Z,1
2019-11-05T15:28:13.000Z,1
2019-11-05T15:34:06.000Z,1
2019-11-05T16:07:53.000Z,1
2019-11-05T16:22:48.000Z,2
2019-11-05T16:49:08.000Z,1
2019-11-05T16:49:35.000Z,1
2019-11-05T17:02:13.000Z,1
2019-11-05T17:12:01.000Z,1
2019-11-05T17:22:30.000Z,1
2019-11-05T17:24:07.000Z,1
2019-11-05T17:24:15.000Z,1
2019-11-05T17:29:59.000Z,2
2019-11-05T17:45:23.000Z,1
2019-11-05T18:02:55.000Z,1
2019-11-05T18:23:17.000Z,1
2019-11-05T18:33:06.000Z,1
2019-11-05T18:59:03.000Z,1
2019-11-05T19:46:04.000Z,1
2019-11-05T19:48:20.000Z,1
2019-11-05T20:18:02.000Z,1
2019-11-05T20:22:49.000Z,1
2019-11-05T21:07:08.000Z,1
2019-11-05T22:06:28.000Z,1
2019-11-05T22:18:31.000Z,1
2019-11-05T22:57:29.000Z,1
2019-11-06T03:53:18.000Z,1
2019-11-06T06:21:15.000Z,1
2019-11-06T06:45:13.000Z,1
2019-11-06T07:15:08.000Z,1
2019-11-06T07:15:31.000Z,2
2019-11-06T07:17:34.000Z,1
2019-11-06T07:36:41.000Z,1
2019-11-06T07:43:31.000Z,1
2019-11-06T07:43:46.000Z,1
2019-11-06T07:45:10.000Z,1
2019-11-06T08:06:10.000Z,1
2019-11-06T08:22:27.000Z,1
2019-11-06T08:28:42.000Z,1
2019-11-06T08:37:30.000Z,3
2019-11-06T09:12:01.000Z,2
2019-11-06T09:26:53.000Z,1
2019-11-06T09:45:34.000Z,1
2019-11-06T10:44:41.000Z,1
2019-11-06T11:00:08.000Z,2
2019-11-06T11:00:32.000Z,1
2019-11-06T12:43:20.000Z,1
2019-11-06T12:43:32.000Z,1
2019-11-06T12:54:38.000Z,1
2019-11-06T13:14:35.000Z,1
2019-11-06T13:18:22.000Z,1
2019-11-06T13:33:50.000Z,1
2019-11-06T13:48:50.000Z,1
2019-11-06T14:03:11.000Z,1
2019-11-06T15:18:24.000Z,1
2019-11-06T15:31:21.000Z,1
2019-11-06T15:35:44.000Z,1
2019-11-06T15:42:01.000Z,1
2019-11-06T16:09:00.000Z,1
2019-11-06T16:38:04.000Z,2
2019-11-06T16:43:18.000Z,1
2019-11-06T16:58:35.000Z,1
2019-11-06T17:04:49.000Z,1
2019-11-06T17:17:38.000Z,1
2019-11-06T17:31:43.000Z,1
2019-11-06T17:32:50.000Z,1
2019-11-06T17:44:42.000Z,1
2019-11-06T18:17:58.000Z,2
2019-11-06T20:40:04.000Z,1
2019-11-06T21:20:23.000Z,1
2019-11-07T05:35:29.000Z,1
2019-11-07T06:20:17.000Z,1
2019-11-07T06:40:13.000Z,1
2019-11-07T07:15:49.000Z,2
2019-11-07T07:17:15.000Z,2
2019-11-07T07:22:25.000Z,1
2019-11-07T08:35:18.000Z,2
2019-11-07T08:51:49.000Z,1
2019-11-07T09:08:53.000Z,1
2019-11-07T11:46:27.000Z,1
2019-11-07T12:12:19.000Z,1
2019-11-07T12:12:50.000Z,1
2019-11-07T14:03:14.000Z,1
2019-11-07T14:21:49.000Z,2
2019-11-07T14:32:37.000Z,1
2019-11-07T14:49:25.000Z,1
2019-11-07T15:04:53.000Z,1
2019-11-07T15:19:04.000Z,1
2019-11-07T15:59:35.000Z,1
2019-11-07T16:04:00.000Z,1
2019-11-07T16:36:28.000Z,1
2019-11-07T16:39:04.000Z,1
2019-11-07T16:53:39.000Z,1
2019-11-07T16:59:12.000Z,1
2019-11-07T17:09:46.000Z,1
2019-11-07T17:36:13.000Z,1
2019-11-07T17:53:58.000Z,1
2019-11-07T17:59:31.000Z,1
2019-11-07T18:00:21.000Z,2
2019-11-07T18:11:51.000Z,1
2019-11-07T18:15:37.000Z,1
2019-11-07T18:18:41.000Z,1
2019-11-07T19:02:18.000Z,1
2019-11-07T19:09:22.000Z,1
2019-11-07T19:24:37.000Z,2
2019-11-07T19:29:14.000Z,1
2019-11-07T19:37:43.000Z,1
2019-11-07T20:04:22.000Z,1
2019-10-30T19:05:14.000Z,1
2019-10-30T19:09:55.000Z,1
2019-10-30T20:13:34.000Z,1
2019-10-30T20:26:28.000Z,1
2019-10-30T20:45:33.000Z,1
2019-10-30T21:21:28.000Z,1
2019-10-31T03:12:06.000Z,1
2019-10-31T06:51:57.000Z,1
2019-10-31T06:59:27.000Z,1
2019-10-31T07:20:09.000Z,1
2019-10-31T07:49:48.000Z,1
2019-10-31T07:58:58.000Z,1
2019-10-31T08:41:24.000Z,1
2019-10-31T09:14:52.000Z,1
2019-10-31T15:18:59.000Z,1
2019-10-31T16:22:28.000Z,1
2019-10-31T15:38:12.000Z,1
2019-10-31T16:56:21.000Z,1
2019-10-31T17:10:40.000Z,1
2019-10-31T17:32:16.000Z,1
2019-10-31T17:51:44.000Z,1
2019-10-31T20:16:46.000Z,1
2019-11-01T08:43:29.000Z,1
2019-11-01T09:44:51.000Z,1
2019-11-01T11:14:28.000Z,1
2019-11-01T13:43:34.000Z,1
2019-10-31T12:24:40.000Z,1
2019-10-31T16:12:45.000Z,1
2019-10-31T17:07:15.000Z,1
2019-11-01T07:15:28.000Z,1
2019-11-01T07:16:44.000Z,2
2019-11-01T08:47:12.000Z,1
2019-11-01T09:08:01.000Z,1
2019-11-01T12:12:51.000Z,1
2019-11-01T13:42:03.000Z,1
2019-11-01T14:35:19.000Z,1
2019-11-01T14:56:46.000Z,1
2019-11-01T15:46:31.000Z,1
2019-11-01T15:57:38.000Z,1
2019-11-01T15:58:31.000Z,1
2019-11-01T16:28:56.000Z,1
2019-11-01T16:35:31.000Z,2
2019-11-01T16:42:37.000Z,1
2019-11-01T16:47:42.000Z,1
2019-11-01T16:57:01.000Z,1
2019-11-01T17:08:49.000Z,1
2019-11-01T17:12:22.000Z,1
2019-11-01T17:18:56.000Z,2
2019-11-01T17:36:21.000Z,1
2019-11-01T17:53:28.000Z,1
2019-11-01T18:01:47.000Z,1
2019-11-01T19:51:05.000Z,1
2019-11-01T20:52:08.000Z,1
2019-11-01T21:20:25.000Z,1
2019-11-01T22:32:22.000Z,1
2019-11-02T00:20:55.000Z,1
2019-11-02T06:36:49.000Z,1
2019-11-02T06:50:49.000Z,1
2019-11-02T08:10:01.000Z,2
2019-11-02T08:18:32.000Z,1
2019-11-02T08:30:52.000Z,1
2019-11-02T10:05:53.000Z,1
2019-11-02T10:27:34.000Z,1
2019-11-02T10:39:50.000Z,1
2019-11-02T11:14:51.000Z,1
2019-11-02T11:34:32.000Z,1
2019-11-02T11:51:50.000Z,1
2019-11-02T11:55:09.000Z,1
2019-11-02T11:56:50.000Z,1
2019-11-02T12:33:20.000Z,2
2019-11-02T13:13:42.000Z,1
2019-11-02T13:28:05.000Z,1
2019-11-02T14:34:55.000Z,1
2019-11-02T14:38:15.000Z,1
2019-11-02T15:53:26.000Z,1
2019-11-02T16:01:50.000Z,1
2019-11-02T19:39:03.000Z,1
2019-11-03T00:23:57.000Z,1
2019-11-03T06:16:37.000Z,1
2019-11-03T07:05:43.000Z,1
2019-11-03T08:44:33.000Z,1
2019-11-03T09:27:16.000Z,1
2019-11-03T10:07:50.000Z,1
2019-11-03T10:26:20.000Z,1
2019-11-03T12:13:41.000Z,1
2019-11-03T12:43:54.000Z,1
2019-11-03T13:07:07.000Z,2
2019-11-03T13:42:10.000Z,1
2019-11-03T13:46:35.000Z,1
2019-11-03T14:04:21.000Z,1
2019-11-03T14:12:10.000Z,1
2019-11-03T14:27:38.000Z,1
2019-11-03T14:31:28.000Z,1
2019-11-03T15:15:12.000Z,1
2019-11-03T15:17:56.000Z,1
2019-11-03T16:08:05.000Z,1
2019-11-03T16:35:37.000Z,1
2019-11-03T19:23:23.000Z,1
2019-11-03T19:37:38.000Z,1
2019-11-03T20:13:33.000Z,1
2019-11-03T22:06:22.000Z,1
2019-11-03T22:48:29.000Z,1
2019-11-04T06:21:13.000Z,1
2019-11-04T06:56:43.000Z,1
2019-11-04T07:25:15.000Z,1
2019-11-04T07:41:20.000Z,1
2019-11-04T08:04:23.000Z,1
2019-11-04T08:21:33.000Z,1
2019-11-04T08:29:40.000Z,1
2019-11-04T10:05:11.000Z,1
2019-11-04T10:24:38.000Z,1
2019-11-04T10:27:16.000Z,1
2019-11-04T10:46:34.000Z,1
2019-11-04T10:56:50.000Z,1
2019-11-04T11:43:36.000Z,1
2019-11-04T11:48:48.000Z,1
2019-11-04T13:30:39.000Z,1
2019-11-04T14:22:48.000Z,1
2019-11-04T14:35:45.000Z,1
2019-11-04T14:45:27.000Z,1
2019-11-04T15:29:42.000Z,1
2019-11-04T15:41:32.000Z,1
2019-11-04T15:43:39.000Z,1
2019-11-04T16:31:19.000Z,1
2019-11-04T16:39:51.000Z,3
2019-11-04T16:42:12.000Z,2
2019-11-04T17:08:56.000Z,1
2019-11-04T17:15:51.000Z,1
2019-11-04T17:16:54.000Z,1
2019-11-04T17:23:04.000Z,1
2019-11-04T17:24:25.000Z,3
2019-11-04T17:41:51.000Z,1
2019-11-04T18:04:58.000Z,1
2019-11-04T18:09:07.000Z,1
2019-11-04T18:37:29.000Z,1
2019-11-04T19:05:02.000Z,1
2019-11-04T20:10:28.000Z,1
2019-11-04T20:27:08.000Z,1
2019-11-04T22:02:29.000Z,1
2019-11-04T22:53:26.000Z,1
2019-11-05T04:43:05.000Z,1
2019-11-05T06:22:38.000Z,1
2019-11-05T06:55:32.000Z,1
2019-11-05T07:12:41.000Z,1
2019-11-05T07:19:43.000Z,2
2019-11-05T07:26:29.000Z,1
2019-11-05T07:30:26.000Z,1
2019-11-05T07:35:12.000Z,1
2019-11-05T07:41:31.000Z,1
2019-11-05T07:48:06.000Z,1
2019-11-05T08:10:04.000Z,1
2019-11-05T08:19:54.000Z,1
2019-11-05T08:26:19.000Z,1
2019-11-05T08:47:00.000Z,1
2019-11-05T08:53:53.000Z,1
2019-11-05T09:00:46.000Z,1
2019-11-05T09:01:33.000Z,1
2019-11-05T12:01:37.000Z,1
2019-11-05T12:17:01.000Z,1
2019-11-05T12:32:40.000Z,1
2019-11-05T13:02:51.000Z,1
2019-11-05T15:33:08.000Z,1
2019-11-05T16:07:05.000Z,1
2019-11-05T16:09:07.000Z,2
2019-11-05T16:32:46.000Z,1
2019-11-05T16:48:11.000Z,1
2019-11-05T17:00:55.000Z,2
2019-11-05T17:06:40.000Z,1
2019-11-05T17:11:54.000Z,1
2019-11-05T17:18:41.000Z,1
2019-11-05T17:21:17.000Z,3
2019-11-05T17:24:25.000Z,3
2019-11-05T17:40:30.000Z,1
2019-11-05T17:53:53.000Z,1
2019-11-05T18:01:47.000Z,1
2019-11-05T18:13:03.000Z,1
2019-11-05T18:27:58.000Z,1
2019-11-05T18:31:49.000Z,1
2019-11-05T19:19:41.000Z,1
2019-11-05T19:23:55.000Z,1
2019-11-05T20:07:21.000Z,1
2019-11-05T20:17:28.000Z,1
2019-11-06T05:35:28.000Z,1
2019-11-06T05:39:20.000Z,1
2019-11-06T05:49:21.000Z,1
2019-11-06T05:59:14.000Z,2
2019-11-06T06:38:02.000Z,1
2019-11-06T06:50:45.000Z,1
2019-11-06T06:52:15.000Z,1
2019-11-06T06:54:29.000Z,1
2019-11-06T07:03:48.000Z,1
2019-11-06T07:09:38.000Z,1
2019-11-06T07:11:31.000Z,1
2019-11-06T07:26:58.000Z,1
2019-11-06T07:36:25.000Z,1
2019-11-06T07:40:08.000Z,2
2019-11-06T07:45:39.000Z,1
2019-11-06T08:08:04.000Z,1
2019-11-06T08:16:34.000Z,1
2019-11-06T08:18:07.000Z,2
2019-11-06T08:30:17.000Z,1
2019-11-06T08:35:54.000Z,1
2019-11-06T08:55:05.000Z,2
2019-11-06T08:58:27.000Z,1
2019-11-06T09:47:16.000Z,1
2019-11-06T10:27:48.000Z,1
2019-11-06T11:17:47.000Z,1
2019-11-06T11:25:27.000Z,1
2019-11-06T11:43:44.000Z,1
2019-11-06T12:36:26.000Z,1
2019-11-06T16:09:22.000Z,1
2019-11-06T16:10:29.000Z,1
2019-11-06T16:15:41.000Z,1
2019-11-06T16:21:30.000Z,1
2019-11-06T16:29:29.000Z,1
2019-11-06T16:32:00.000Z,1
2019-11-06T17:07:13.000Z,1
2019-11-06T17:08:47.000Z,1
2019-11-06T17:10:51.000Z,1
2019-11-06T17:22:43.000Z,1
2019-11-06T17:27:03.000Z,2
2019-11-06T17:36:33.000Z,1
2019-11-06T17:40:08.000Z,1
2019-11-06T18:06:57.000Z,2
2019-11-06T18:07:40.000Z,1
2019-11-06T18:27:09.000Z,1
2019-11-06T19:40:34.000Z,1
2019-11-06T21:43:58.000Z,1
2019-11-07T06:56:19.000Z,1
2019-11-07T07:04:05.000Z,1
2019-11-07T07:38:20.000Z,1
2019-11-07T07:49:44.000Z,1
2019-11-07T08:16:59.000Z,1
2019-11-07T08:21:32.000Z,1
2019-11-07T10:08:11.000Z,1
2019-11-07T11:20:04.000Z,1
2019-11-07T11:51:06.000Z,1
2019-11-07T14:42:58.000Z,2
2019-11-07T14:52:02.000Z,1
2019-11-07T15:04:49.000Z,1
2019-11-07T15:06:04.000Z,1
2019-11-07T16:01:54.000Z,2
2019-11-07T16:29:40.000Z,1
2019-11-07T17:03:56.000Z,2
2019-11-07T17:09:05.000Z,1
2019-11-07T17:29:40.000Z,1
2019-11-07T18:03:56.000Z,1
2019-11-07T18:14:52.000Z,1
2019-11-07T18:19:26.000Z,1
2019-11-07T18:27:16.000Z,1
2019-11-07T18:50:11.000Z,1
2019-11-07T18:51:36.000Z,1
2019-11-07T19:30:47.000Z,1
2019-11-07T20:13:25.000Z,1
2019-11-07T20:18:42.000Z,1
2019-11-07T21:43:47.000Z,1
2019-11-07T23:14:43.000Z,1
2019-10-31T02:00:04.000Z,1
2019-10-31T05:32:29.000Z,1
2019-10-31T07:38:40.000Z,1
2019-10-31T09:54:18.000Z,1
2019-10-31T13:08:46.000Z,1
2019-10-31T15:54:15.000Z,1
2019-10-31T17:39:55.000Z,1
2019-10-31T17:54:47.000Z,1
2019-10-31T18:15:57.000Z,1
2019-11-01T07:59:19.000Z,1
2019-11-01T08:16:23.000Z,1
2019-11-01T08:26:46.000Z,1
2019-11-01T08:32:47.000Z,1
2019-11-01T17:09:11.000Z,1
2019-11-01T18:45:57.000Z,1
2019-10-31T09:02:56.000Z,2
2019-10-31T12:14:00.000Z,1
2019-10-31T12:46:27.000Z,1
2019-10-31T17:55:46.000Z,1
2019-10-31T23:01:02.000Z,1
2019-11-01T05:43:18.000Z,1
2019-11-01T06:46:27.000Z,1
2019-11-01T06:48:04.000Z,1
2019-11-01T08:02:13.000Z,1
2019-11-01T08:08:57.000Z,1
2019-11-01T08:11:58.000Z,1
2019-11-01T09:38:12.000Z,1
2019-11-01T10:02:12.000Z,1
2019-11-01T10:24:56.000Z,1
2019-11-01T11:56:22.000Z,1
2019-11-01T14:53:58.000Z,1
2019-11-01T15:11:13.000Z,1
2019-11-01T15:17:50.000Z,1
2019-11-01T15:40:07.000Z,1
2019-11-01T15:33:17.000Z,1
2019-11-01T16:05:38.000Z,1
2019-11-01T16:11:27.000Z,1
2019-11-01T16:19:50.000Z,1
2019-11-01T16:32:45.000Z,1
2019-11-01T17:06:13.000Z,1
2019-11-01T17:07:33.000Z,1
2019-11-01T17:16:49.000Z,2
2019-11-01T17:37:16.000Z,1
2019-11-01T17:54:45.000Z,1
2019-11-01T18:05:50.000Z,1
2019-11-01T18:45:59.000Z,1
2019-11-01T19:20:13.000Z,1
2019-11-01T19:27:19.000Z,1
2019-11-01T19:35:24.000Z,2
2019-11-01T20:12:01.000Z,1
2019-11-01T20:21:33.000Z,1
2019-11-01T20:32:57.000Z,1
2019-11-01T20:47:00.000Z,1
2019-11-01T21:09:30.000Z,1
2019-11-02T03:30:14.000Z,1
2019-11-02T05:26:18.000Z,1
2019-11-02T06:31:36.000Z,1
2019-11-02T07:56:09.000Z,1
2019-11-02T08:55:12.000Z,2
2019-11-02T09:12:50.000Z,1
2019-11-02T11:55:04.000Z,1
2019-11-02T12:23:03.000Z,1
2019-11-02T12:56:17.000Z,1
2019-11-02T13:04:06.000Z,1
2019-11-02T13:05:48.000Z,1
2019-11-02T13:14:55.000Z,1
2019-11-02T13:43:20.000Z,1
2019-11-02T14:25:58.000Z,1
2019-11-02T15:28:06.000Z,1
2019-11-02T15:38:17.000Z,1
2019-11-02T15:51:29.000Z,1
2019-11-02T15:57:27.000Z,1
2019-11-02T16:43:00.000Z,1
2019-11-02T17:09:43.000Z,1
2019-11-02T17:20:38.000Z,1
2019-11-02T17:35:12.000Z,1
2019-11-02T17:43:32.000Z,1
2019-11-02T18:01:34.000Z,1
2019-11-02T20:51:27.000Z,1
2019-11-02T21:06:08.000Z,1
2019-11-03T00:06:23.000Z,1
2019-11-03T00:56:03.000Z,1
2019-11-03T01:50:53.000Z,1
2019-11-03T06:22:08.000Z,1
2019-11-03T07:49:57.000Z,1
2019-11-03T07:53:06.000Z,1
2019-11-03T08:25:34.000Z,1
2019-11-03T09:10:11.000Z,1
2019-11-03T10:43:39.000Z,1
2019-11-03T11:10:47.000Z,1
2019-11-03T11:30:43.000Z,1
2019-11-03T11:32:51.000Z,1
2019-11-03T11:44:26.000Z,1
2019-11-03T12:02:33.000Z,1
2019-11-03T12:06:41.000Z,1
2019-11-03T12:46:56.000Z,1
2019-11-03T12:57:43.000Z,1
2019-11-03T13:03:22.000Z,1
2019-11-03T13:15:34.000Z,1
2019-11-03T13:21:15.000Z,1
2019-11-03T13:37:25.000Z,1
2019-11-03T14:17:53.000Z,1
2019-11-03T14:41:39.000Z,1
2019-11-03T14:57:44.000Z,1
2019-11-03T15:19:52.000Z,1
2019-11-03T15:41:29.000Z,1
2019-11-03T15:44:03.000Z,3
2019-11-03T15:46:02.000Z,1
2019-11-03T15:55:29.000Z,1
2019-11-03T16:02:22.000Z,1
2019-11-03T16:28:37.000Z,1
2019-11-03T17:22:43.000Z,1
2019-11-03T17:31:30.000Z,1
2019-11-03T17:31:43.000Z,1
2019-11-03T18:02:10.000Z,1
2019-11-03T18:35:43.000Z,3
2019-11-03T18:44:48.000Z,1
2019-11-03T19:46:15.000Z,1
2019-11-03T22:34:25.000Z,1
2019-11-03T23:51:55.000Z,1
2019-11-04T00:36:40.000Z,1
2019-11-04T06:55:00.000Z,1
2019-11-04T07:28:47.000Z,2
2019-11-04T07:41:12.000Z,1
2019-11-04T07:55:57.000Z,1
2019-11-04T08:15:07.000Z,1
2019-11-04T08:20:21.000Z,1
2019-11-04T08:29:39.000Z,1
2019-11-04T08:31:08.000Z,2
2019-11-04T08:46:02.000Z,1
2019-11-04T09:01:46.000Z,1
2019-11-04T09:46:26.000Z,1
2019-11-04T10:34:46.000Z,1
2019-11-04T11:33:09.000Z,1
2019-11-04T11:47:23.000Z,1
2019-11-04T12:19:46.000Z,1
2019-11-04T13:17:26.000Z,1
2019-11-04T13:21:54.000Z,1
2019-11-04T15:47:41.000Z,1
2019-11-04T16:14:36.000Z,1
2019-11-04T16:14:58.000Z,1
2019-11-04T16:19:21.000Z,1
2019-11-04T16:28:00.000Z,1
2019-11-04T16:40:14.000Z,3
2019-11-04T16:45:48.000Z,2
2019-11-04T16:57:07.000Z,1
2019-11-04T17:42:56.000Z,1
2019-11-04T17:43:41.000Z,1
2019-11-04T17:59:32.000Z,1
2019-11-04T18:22:23.000Z,1
2019-11-04T18:57:26.000Z,1
2019-11-04T19:23:50.000Z,1
2019-11-04T19:50:46.000Z,1
2019-11-04T19:59:48.000Z,1
2019-11-04T20:45:43.000Z,1
2019-11-04T20:56:05.000Z,1
2019-11-04T20:58:30.000Z,1
2019-11-04T21:16:04.000Z,1
2019-11-05T06:06:54.000Z,1
2019-11-05T06:28:30.000Z,1
2019-11-05T06:55:53.000Z,1
2019-11-05T07:35:48.000Z,1
2019-11-05T07:37:10.000Z,1
2019-11-05T07:44:49.000Z,1
2019-11-05T07:53:35.000Z,1
2019-11-05T07:53:47.000Z,1
2019-11-05T08:00:50.000Z,1
2019-11-05T08:09:14.000Z,1
2019-11-05T08:17:56.000Z,1
2019-11-05T08:28:39.000Z,1
2019-11-05T09:00:44.000Z,1
2019-11-05T10:56:47.000Z,1
2019-11-05T11:18:47.000Z,1
2019-11-05T11:35:37.000Z,1
2019-11-05T11:37:05.000Z,1
2019-11-05T11:56:21.000Z,1
2019-11-05T12:21:43.000Z,1
2019-11-05T12:36:20.000Z,1
2019-11-05T12:37:29.000Z,1
2019-11-05T12:38:32.000Z,1
2019-11-05T13:39:04.000Z,1
2019-11-05T13:46:07.000Z,1
2019-11-05T13:49:19.000Z,1
2019-11-05T13:57:43.000Z,1
2019-11-05T14:25:32.000Z,1
2019-11-05T15:00:33.000Z,1
2019-11-05T15:12:02.000Z,1
2019-11-05T15:13:11.000Z,1
2019-11-05T15:20:13.000Z,1
2019-11-05T15:33:44.000Z,1
2019-11-05T15:59:39.000Z,1
2019-11-05T16:18:38.000Z,2
2019-11-05T16:23:51.000Z,1
2019-11-05T16:25:09.000Z,1
2019-11-05T17:07:32.000Z,1
2019-11-05T17:14:50.000Z,1
2019-11-05T17:17:29.000Z,1
2019-11-05T17:18:59.000Z,2
2019-11-05T18:36:08.000Z,1
2019-11-05T18:54:10.000Z,1
2019-11-05T19:03:45.000Z,1
2019-11-05T19:15:15.000Z,1
2019-11-05T21:53:22.000Z,1
2019-11-06T05:49:18.000Z,1
2019-11-06T07:08:07.000Z,1
2019-11-06T07:14:01.000Z,1
2019-11-06T07:22:00.000Z,1
2019-11-06T07:24:51.000Z,1
2019-11-06T07:50:04.000Z,1
2019-11-06T07:56:00.000Z,1
2019-11-06T08:03:47.000Z,1
2019-11-06T08:16:27.000Z,2
2019-11-06T08:26:03.000Z,2
2019-11-06T08:27:46.000Z,1
2019-11-06T08:33:11.000Z,1
2019-11-06T08:41:23.000Z,1
2019-11-06T08:46:06.000Z,1
2019-11-06T08:47:30.000Z,2
2019-11-06T08:47:31.000Z,1
2019-11-06T08:50:42.000Z,1
2019-11-06T09:13:58.000Z,1
2019-11-06T09:53:28.000Z,1
2019-11-06T10:07:23.000Z,1
2019-11-06T11:54:19.000Z,1
2019-11-06T11:57:22.000Z,1
2019-11-06T12:14:35.000Z,1
2019-11-06T12:22:05.000Z,1
2019-11-06T12:44:42.000Z,1
2019-11-06T12:54:13.000Z,1
2019-11-06T12:58:28.000Z,2
2019-11-06T13:07:01.000Z,1
2019-11-06T13:09:57.000Z,1
2019-11-06T13:30:03.000Z,1
2019-11-06T14:21:33.000Z,1
2019-11-06T14:35:27.000Z,1
2019-11-06T15:59:42.000Z,1
2019-11-06T16:25:33.000Z,1
2019-11-06T16:25:54.000Z,1
2019-11-06T17:07:44.000Z,1
2019-11-06T17:10:45.000Z,1
2019-11-06T17:22:44.000Z,1
2019-11-06T17:33:00.000Z,1
2019-11-06T18:20:33.000Z,1
2019-11-06T18:21:06.000Z,1
2019-11-06T18:34:22.000Z,2
2019-11-06T18:38:41.000Z,1
2019-11-06T18:51:45.000Z,1
2019-11-06T19:47:04.000Z,1
2019-11-06T21:04:50.000Z,1
2019-11-06T21:12:54.000Z,1
2019-11-06T22:00:22.000Z,1
2019-11-06T22:06:23.000Z,1
2019-11-06T22:51:54.000Z,1
2019-11-06T23:38:15.000Z,1
2019-11-06T23:48:30.000Z,1
2019-11-07T06:44:30.000Z,1
2019-11-07T07:01:10.000Z,1
2019-11-07T07:14:44.000Z,1
2019-11-07T07:21:31.000Z,2
2019-11-07T07:42:50.000Z,1
2019-11-07T07:45:34.000Z,1
2019-11-07T08:20:06.000Z,1
2019-11-07T08:58:51.000Z,1
2019-11-07T09:05:20.000Z,2
2019-11-07T09:10:08.000Z,1
2019-11-07T10:09:32.000Z,1
2019-11-07T11:30:13.000Z,1
2019-11-07T11:45:01.000Z,1
2019-11-07T13:03:30.000Z,1
2019-11-07T14:29:47.000Z,1
2019-11-07T16:39:53.000Z,1
2019-11-07T16:46:19.000Z,1
2019-11-07T17:02:02.000Z,1
2019-11-07T17:14:08.000Z,1
2019-11-07T17:28:42.000Z,1
2019-11-07T17:30:26.000Z,1
2019-11-07T18:12:55.000Z,1
2019-11-07T18:36:18.000Z,1
2019-11-07T18:37:16.000Z,1
2019-11-07T18:40:50.000Z,1
2019-11-07T20:13:05.000Z,1
2019-11-08T05:11:16.000Z,1
2019-11-08T05:26:31.000Z,1
2019-10-30T19:38:54.000Z,1
2019-10-30T21:07:18.000Z,1
2019-10-30T21:32:34.000Z,1
2019-10-30T23:29:19.000Z,1
2019-10-31T00:27:26.000Z,1
2019-10-31T06:07:00.000Z,1
2019-10-31T06:52:07.000Z,1
2019-10-31T07:39:03.000Z,1
2019-10-31T07:59:56.000Z,1
2019-10-31T08:33:16.000Z,1
2019-10-31T08:33:26.000Z,1
2019-10-31T09:40:42.000Z,1
2019-10-31T10:19:51.000Z,1
2019-10-31T16:11:40.000Z,1
2019-10-31T18:11:46.000Z,1
2019-11-01T04:57:24.000Z,1
2019-11-01T06:52:18.000Z,1
2019-11-01T07:09:25.000Z,1
2019-11-01T08:14:34.000Z,1
2019-11-01T08:18:02.000Z,1
2019-11-01T14:01:40.000Z,1
2019-11-01T16:14:41.000Z,1
2019-11-01T17:31:21.000Z,1
2019-10-31T11:15:31.000Z,1
2019-10-31T17:19:57.000Z,1
2019-10-31T18:06:52.000Z,1
2019-10-31T19:35:29.000Z,1
2019-11-01T05:27:58.000Z,1
2019-11-01T07:05:32.000Z,1
2019-11-01T07:20:14.000Z,1
2019-11-01T10:24:40.000Z,1
2019-11-01T11:15:32.000Z,1
2019-11-01T11:49:34.000Z,1
2019-11-01T12:10:32.000Z,1
2019-11-01T13:01:51.000Z,1
2019-11-01T13:01:57.000Z,1
2019-11-01T13:08:43.000Z,1
2019-11-01T13:09:23.000Z,2
2019-11-01T13:27:49.000Z,1
2019-11-01T13:31:03.000Z,1
2019-11-01T13:39:31.000Z,1
2019-11-01T14:08:14.000Z,1
2019-11-01T15:52:55.000Z,1
2019-11-01T16:34:15.000Z,1
2019-11-01T16:49:20.000Z,1
2019-11-01T16:56:07.000Z,1
2019-11-01T17:05:27.000Z,1
2019-11-01T17:07:38.000Z,1
2019-11-01T17:34:55.000Z,2
2019-11-01T17:44:49.000Z,1
2019-11-01T17:48:22.000Z,2
2019-11-01T19:02:25.000Z,1
2019-11-01T20:12:42.000Z,1
2019-11-01T23:27:14.000Z,1
2019-11-02T08:22:32.000Z,1
2019-11-02T08:33:35.000Z,2
2019-11-02T08:39:54.000Z,1
2019-11-02T09:14:04.000Z,1
2019-11-02T09:44:35.000Z,1
2019-11-02T09:49:11.000Z,2
2019-11-02T09:52:35.000Z,1
2019-11-02T10:06:55.000Z,1
2019-11-02T10:17:27.000Z,1
2019-11-02T10:31:32.000Z,1
2019-11-02T11:09:29.000Z,1
2019-11-02T12:10:06.000Z,1
2019-11-02T12:45:36.000Z,1
2019-11-02T13:02:17.000Z,1
2019-11-02T13:23:39.000Z,1
2019-11-02T13:29:57.000Z,1
2019-11-02T13:34:19.000Z,1
2019-11-02T13:36:10.000Z,2
2019-11-02T14:00:54.000Z,1
2019-11-02T14:39:46.000Z,1
2019-11-02T15:10:26.000Z,1
2019-11-02T16:43:52.000Z,1
2019-11-02T16:58:08.000Z,1
2019-11-02T18:49:09.000Z,1
2019-11-02T19:04:44.000Z,1
2019-11-02T20:13:48.000Z,1
2019-11-02T20:47:33.000Z,1
2019-11-02T21:37:13.000Z,1
2019-11-03T00:14:47.000Z,1
2019-11-03T07:47:49.000Z,1
2019-11-03T08:09:21.000Z,1
2019-11-03T10:39:16.000Z,1
2019-11-03T10:41:52.000Z,1
2019-11-03T11:10:52.000Z,1
2019-11-03T11:13:38.000Z,1
2019-11-03T11:23:12.000Z,1
2019-11-03T11:46:59.000Z,1
2019-11-03T11:49:27.000Z,1
2019-11-03T11:57:27.000Z,1
2019-11-03T12:37:05.000Z,1
2019-11-03T12:42:33.000Z,1
2019-11-03T13:20:07.000Z,1
2019-11-03T13:42:58.000Z,1
2019-11-03T13:45:25.000Z,1
2019-11-03T14:10:06.000Z,1
2019-11-03T14:15:58.000Z,1
2019-11-03T14:20:13.000Z,1
2019-11-03T15:11:36.000Z,1
2019-11-03T15:23:59.000Z,1
2019-11-03T15:25:54.000Z,1
2019-11-03T15:40:38.000Z,2
2019-11-03T15:42:43.000Z,1
2019-11-03T15:49:16.000Z,1
2019-11-03T16:06:36.000Z,3
2019-11-03T16:18:49.000Z,1
2019-11-03T16:27:45.000Z,1
2019-11-03T16:31:38.000Z,1
2019-11-03T16:54:35.000Z,1
2019-11-03T18:33:35.000Z,1
2019-11-03T19:03:20.000Z,1
2019-11-03T19:18:59.000Z,1
2019-11-03T19:44:06.000Z,1
2019-11-03T20:01:35.000Z,1
2019-11-03T22:16:28.000Z,1
2019-11-03T22:32:18.000Z,1
2019-11-04T06:48:26.000Z,1
2019-11-04T06:58:09.000Z,1
2019-11-04T07:10:56.000Z,1
2019-11-04T07:13:37.000Z,1
2019-11-04T07:35:59.000Z,1
2019-11-04T07:38:38.000Z,2
2019-11-04T08:01:23.000Z,2
2019-11-04T08:04:45.000Z,1
2019-11-04T08:24:12.000Z,1
2019-11-04T08:32:46.000Z,1
2019-11-04T08:33:40.000Z,2
2019-11-04T08:41:00.000Z,2
2019-11-04T08:58:57.000Z,1
2019-11-04T09:02:28.000Z,1
2019-11-04T09:12:47.000Z,1
2019-11-04T09:17:05.000Z,1
2019-11-04T09:25:47.000Z,1
2019-11-04T09:30:10.000Z,1
2019-11-04T10:03:13.000Z,1
2019-11-04T10:25:03.000Z,1
2019-11-04T11:17:56.000Z,1
2019-11-04T11:37:25.000Z,1
2019-11-04T12:03:53.000Z,1
2019-11-04T12:27:58.000Z,1
2019-11-04T13:09:40.000Z,1
2019-11-04T13:16:39.000Z,1
2019-11-04T13:19:46.000Z,1
2019-11-04T14:05:45.000Z,1
2019-11-04T14:18:22.000Z,1
2019-11-04T15:10:11.000Z,1
2019-11-04T15:27:54.000Z,1
2019-11-04T16:12:15.000Z,1
2019-11-04T16:37:45.000Z,2
2019-11-04T16:39:28.000Z,1
2019-11-04T17:09:54.000Z,1
2019-11-04T17:16:10.000Z,1
2019-11-04T17:44:21.000Z,1
2019-11-04T17:48:48.000Z,1
2019-11-04T17:53:40.000Z,1
2019-11-04T18:16:06.000Z,1
2019-11-04T18:27:07.000Z,1
2019-11-04T18:30:08.000Z,2
2019-11-04T19:56:41.000Z,1
2019-11-04T20:17:10.000Z,1
2019-11-04T20:23:47.000Z,1
2019-11-04T20:34:09.000Z,1
2019-11-04T22:13:16.000Z,1
2019-11-04T23:22:58.000Z,1
2019-11-05T06:40:22.000Z,1
2019-11-05T06:54:03.000Z,1
2019-11-05T06:59:15.000Z,1
2019-11-05T07:22:23.000Z,1
2019-11-05T07:27:26.000Z,1
2019-11-05T07:28:00.000Z,1
2019-11-05T07:28:50.000Z,2
2019-11-05T07:53:32.000Z,1
2019-11-05T08:03:58.000Z,1
2019-11-05T08:16:48.000Z,1
2019-11-05T08:19:35.000Z,1
2019-11-05T08:21:44.000Z,1
2019-11-05T08:23:45.000Z,1
2019-11-05T08:26:15.000Z,1
2019-11-05T08:28:48.000Z,1
2019-11-05T08:43:18.000Z,2
2019-11-05T08:52:57.000Z,1
2019-11-05T08:58:47.000Z,2
2019-11-05T09:03:59.000Z,1
2019-11-05T09:25:29.000Z,1
2019-11-05T09:34:14.000Z,1
2019-11-05T10:03:07.000Z,1
2019-11-05T11:46:12.000Z,1
2019-11-05T12:15:47.000Z,1
2019-11-05T12:24:17.000Z,1
2019-11-05T12:52:27.000Z,1
2019-11-05T13:05:11.000Z,1
2019-11-05T13:33:39.000Z,1
2019-11-05T14:29:24.000Z,1
2019-11-05T14:43:05.000Z,1
2019-11-05T14:58:41.000Z,1
2019-11-05T15:10:46.000Z,1
2019-11-05T15:15:30.000Z,1
2019-11-05T15:20:38.000Z,1
2019-11-05T16:30:48.000Z,1
2019-11-05T17:05:16.000Z,2
2019-11-05T17:13:00.000Z,1
2019-11-05T17:20:07.000Z,1
2019-11-05T17:30:40.000Z,1
2019-11-05T17:54:07.000Z,1
2019-11-05T17:55:31.000Z,1
2019-11-05T17:59:23.000Z,1
2019-11-05T18:03:04.000Z,2
2019-11-05T17:59:40.000Z,1
2019-11-05T18:41:02.000Z,1
2019-11-05T18:51:36.000Z,1
2019-11-05T19:09:26.000Z,1
2019-11-05T20:16:34.000Z,1
2019-11-05T20:37:32.000Z,1
2019-11-05T21:20:49.000Z,1
2019-11-05T21:40:17.000Z,1
2019-11-05T21:56:17.000Z,1
2019-11-05T22:06:26.000Z,1
2019-11-06T05:46:51.000Z,1
2019-11-06T06:42:05.000Z,1
2019-11-06T07:05:38.000Z,1
2019-11-06T07:18:05.000Z,1
2019-11-06T07:23:26.000Z,1
2019-11-06T07:25:12.000Z,1
2019-11-06T07:56:34.000Z,1
2019-11-06T08:01:21.000Z,1
2019-11-06T08:13:45.000Z,1
2019-11-06T08:28:20.000Z,1
2019-11-06T08:52:41.000Z,1
2019-11-06T08:53:25.000Z,1
2019-11-06T09:17:22.000Z,1
2019-11-06T09:18:19.000Z,1
2019-11-06T09:48:36.000Z,1
2019-11-06T10:09:09.000Z,1
2019-11-06T10:40:39.000Z,1
2019-11-06T11:40:41.000Z,1
2019-11-06T11:49:26.000Z,1
2019-11-06T11:52:25.000Z,2
2019-11-06T12:39:01.000Z,1
2019-11-06T12:54:18.000Z,1
2019-11-06T13:00:05.000Z,1
2019-11-06T13:28:17.000Z,1
2019-11-06T13:40:57.000Z,2
2019-11-06T14:55:08.000Z,1
2019-11-06T14:55:50.000Z,1
2019-11-06T15:06:40.000Z,1
2019-11-06T16:29:26.000Z,1
2019-11-06T16:41:12.000Z,1
2019-11-06T16:45:14.000Z,1
2019-11-06T17:07:49.000Z,1
2019-11-06T17:10:25.000Z,1
2019-11-06T18:17:56.000Z,1
2019-11-06T18:35:23.000Z,1
2019-11-06T19:12:19.000Z,1
2019-11-06T21:00:19.000Z,1
2019-11-07T05:59:32.000Z,1
2019-11-07T06:21:59.000Z,1
2019-11-07T06:33:34.000Z,1
2019-11-07T06:41:43.000Z,1
2019-11-07T06:48:20.000Z,1
2019-11-07T06:51:46.000Z,1
2019-11-07T07:26:45.000Z,1
2019-11-07T08:23:56.000Z,1
2019-11-07T08:59:08.000Z,1
2019-11-07T10:00:32.000Z,1
2019-11-07T10:29:23.000Z,1
2019-11-07T13:16:47.000Z,1
2019-11-07T13:37:06.000Z,1
2019-11-07T15:22:47.000Z,1
2019-11-07T15:25:37.000Z,1
2019-11-07T15:48:17.000Z,1
2019-11-07T16:25:41.000Z,1
2019-11-07T16:53:25.000Z,1
2019-11-07T17:01:28.000Z,1
2019-11-07T17:14:45.000Z,1
2019-11-07T18:03:14.000Z,1
2019-11-07T18:27:18.000Z,1
2019-11-07T19:01:09.000Z,1
2019-11-07T19:51:13.000Z,1
2019-11-07T20:19:07.000Z,1
2019-11-07T21:33:51.000Z,1
2019-10-30T19:20:39.000Z,1
2019-10-30T19:56:02.000Z,1
2019-10-30T20:24:39.000Z,1
2019-10-30T22:52:14.000Z,1
2019-10-31T07:47:48.000Z,1
2019-10-31T08:15:51.000Z,1
2019-10-31T08:24:37.000Z,1
2019-10-31T08:48:37.000Z,1
2019-10-31T12:09:38.000Z,1
2019-10-31T14:22:31.000Z,1
2019-10-31T15:02:26.000Z,1
2019-10-31T17:14:54.000Z,1
2019-10-31T18:45:45.000Z,1
2019-11-01T07:42:43.000Z,1
2019-11-01T12:23:23.000Z,1
2019-11-01T12:54:45.000Z,1
2019-11-01T15:04:16.000Z,1
2019-11-01T16:10:35.000Z,1
2019-11-01T18:22:01.000Z,1
2019-10-31T08:49:15.000Z,1
2019-10-31T14:15:26.000Z,1
2019-10-31T15:07:01.000Z,1
2019-10-31T17:29:59.000Z,1
2019-10-31T18:55:54.000Z,1
2019-10-31T19:35:33.000Z,1
2019-11-01T06:41:01.000Z,1
2019-11-01T07:19:29.000Z,1
2019-11-01T07:42:39.000Z,1
2019-11-01T08:01:47.000Z,1
2019-11-01T08:27:58.000Z,1
2019-11-01T08:37:07.000Z,1
2019-11-01T08:40:00.000Z,1
2019-11-01T08:47:47.000Z,1
2019-11-01T08:53:45.000Z,1
2019-11-01T09:15:18.000Z,1
2019-11-01T09:34:19.000Z,1
2019-11-01T11:03:27.000Z,1
2019-11-01T11:08:54.000Z,1
2019-11-01T11:55:18.000Z,1
2019-11-01T12:47:05.000Z,1
2019-11-01T12:56:27.000Z,2
2019-11-01T13:05:24.000Z,1
2019-11-01T13:14:35.000Z,1
2019-11-01T14:27:36.000Z,1
2019-11-01T15:21:29.000Z,1
2019-11-01T15:23:37.000Z,1
2019-11-01T15:41:45.000Z,1
2019-11-01T16:18:16.000Z,1
2019-11-01T16:37:05.000Z,1
2019-11-01T17:55:04.000Z,1
2019-11-01T18:02:59.000Z,1
2019-11-01T18:18:37.000Z,1
2019-11-01T19:08:15.000Z,1
2019-11-01T19:36:42.000Z,1
2019-11-02T00:32:26.000Z,1
2019-11-02T01:22:34.000Z,1
2019-11-02T07:07:23.000Z,1
2019-11-02T07:55:43.000Z,1
2019-11-02T08:10:38.000Z,1
2019-11-02T09:30:01.000Z,1
2019-11-02T09:45:28.000Z,1
2019-11-02T10:28:36.000Z,1
2019-11-02T11:32:02.000Z,1
2019-11-02T11:40:51.000Z,4
2019-11-02T11:46:39.000Z,1
2019-11-02T12:10:39.000Z,1
2019-11-02T12:21:52.000Z,1
2019-11-02T13:02:59.000Z,1
2019-11-02T13:18:21.000Z,1
2019-11-02T13:28:02.000Z,1
2019-11-02T13:31:53.000Z,1
2019-11-02T13:52:40.000Z,1
2019-11-02T14:08:50.000Z,1
2019-11-02T14:23:02.000Z,1
2019-11-02T14:27:49.000Z,1
2019-11-02T15:57:00.000Z,2
2019-11-02T15:59:20.000Z,1
2019-11-02T16:29:03.000Z,1
2019-11-02T18:17:12.000Z,1
2019-11-02T18:23:15.000Z,1
2019-11-02T19:55:51.000Z,1
2019-11-02T21:58:13.000Z,1
2019-11-03T00:10:04.000Z,1
2019-11-03T09:05:09.000Z,1
2019-11-03T09:14:00.000Z,1
2019-11-03T09:43:47.000Z,1
2019-11-03T10:47:05.000Z,1
2019-11-03T10:56:15.000Z,1
2019-11-03T11:32:39.000Z,1
2019-11-03T11:33:41.000Z,1
2019-11-03T12:07:31.000Z,2
2019-11-03T12:28:37.000Z,1
2019-11-03T12:31:08.000Z,1
2019-11-03T12:39:43.000Z,1
2019-11-03T12:53:06.000Z,1
2019-11-03T13:08:03.000Z,1
2019-11-03T13:53:40.000Z,1
2019-11-03T14:08:05.000Z,1
2019-11-03T14:38:00.000Z,2
2019-11-03T14:47:52.000Z,1
2019-11-03T15:07:09.000Z,1
2019-11-03T15:11:43.000Z,1
2019-11-03T16:40:41.000Z,1
2019-11-03T17:10:53.000Z,1
2019-11-03T17:23:05.000Z,1
2019-11-03T17:24:35.000Z,1
2019-11-03T17:50:39.000Z,1
2019-11-03T18:47:17.000Z,1
2019-11-03T18:55:26.000Z,1
2019-11-03T19:15:36.000Z,1
2019-11-03T20:47:47.000Z,1
2019-11-04T05:35:34.000Z,1
2019-11-04T05:46:00.000Z,1
2019-11-04T06:46:23.000Z,1
2019-11-04T07:13:15.000Z,2
2019-11-04T07:32:11.000Z,1
2019-11-04T07:48:10.000Z,1
2019-11-04T07:59:57.000Z,1
2019-11-04T08:09:53.000Z,1
2019-11-04T08:10:00.000Z,1
2019-11-04T08:10:35.000Z,2
2019-11-04T08:38:50.000Z,1
2019-11-04T08:55:02.000Z,1
2019-11-04T09:17:12.000Z,1
2019-11-04T09:22:52.000Z,1
2019-11-04T09:47:43.000Z,1
2019-11-04T11:25:08.000Z,1
2019-11-04T11:28:01.000Z,1
2019-11-04T11:50:04.000Z,1
2019-11-04T12:40:48.000Z,1
2019-11-04T12:45:29.000Z,1
2019-11-04T13:04:44.000Z,1
2019-11-04T14:20:52.000Z,1
2019-11-04T14:22:24.000Z,1
2019-11-04T14:52:03.000Z,1
2019-11-04T15:52:24.000Z,1
2019-11-04T16:04:35.000Z,1
2019-11-04T16:20:43.000Z,1
2019-11-04T16:33:10.000Z,1
2019-11-04T16:37:04.000Z,1
2019-11-04T16:51:45.000Z,1
2019-11-04T16:53:58.000Z,1
2019-11-04T17:06:35.000Z,2
2019-11-04T17:38:51.000Z,1
2019-11-04T18:16:17.000Z,1
2019-11-04T18:29:36.000Z,2
2019-11-04T18:37:22.000Z,1
2019-11-04T18:39:33.000Z,1
2019-11-04T18:45:39.000Z,1
2019-11-04T20:25:40.000Z,2
2019-11-04T21:00:25.000Z,1
2019-11-04T21:06:16.000Z,1
2019-11-04T21:20:35.000Z,1
2019-11-04T21:38:08.000Z,1
2019-11-04T22:16:00.000Z,1
2019-11-05T05:48:29.000Z,1
2019-11-05T06:46:28.000Z,1
2019-11-05T06:52:09.000Z,2
2019-11-05T07:11:25.000Z,1
2019-11-05T07:13:47.000Z,2
2019-11-05T07:51:22.000Z,1
2019-11-05T07:55:57.000Z,1
2019-11-05T07:58:00.000Z,1
2019-11-05T08:53:21.000Z,1
2019-11-05T09:31:42.000Z,1
2019-11-05T10:45:16.000Z,1
2019-11-05T10:54:51.000Z,2
2019-11-05T11:00:05.000Z,1
2019-11-05T11:10:21.000Z,1
2019-11-05T11:31:45.000Z,1
2019-11-05T11:51:05.000Z,1
2019-11-05T14:16:32.000Z,1
2019-11-05T15:05:33.000Z,1
2019-11-05T15:31:55.000Z,1
2019-11-05T16:54:50.000Z,1
2019-11-05T17:00:19.000Z,1
2019-11-05T17:05:40.000Z,2
2019-11-05T17:10:47.000Z,1
2019-11-05T17:17:14.000Z,1
2019-11-05T17:33:46.000Z,1
2019-11-05T17:36:13.000Z,1
2019-11-05T17:36:52.000Z,1
2019-11-05T17:53:33.000Z,1
2019-11-05T17:57:16.000Z,2
2019-11-05T17:57:15.000Z,1
2019-11-05T18:37:57.000Z,1
2019-11-05T19:06:53.000Z,1
2019-11-05T19:58:56.000Z,1
2019-11-05T22:56:37.000Z,1
2019-11-06T06:03:12.000Z,1
2019-11-06T06:25:15.000Z,1
2019-11-06T06:30:13.000Z,1
2019-11-06T07:18:18.000Z,1
2019-11-06T07:23:32.000Z,1
2019-11-06T07:24:26.000Z,1
2019-11-06T07:49:00.000Z,1
2019-11-06T07:57:13.000Z,1
2019-11-06T08:44:39.000Z,1
2019-11-06T08:51:08.000Z,1
2019-11-06T08:58:55.000Z,1
2019-11-06T09:15:47.000Z,1
2019-11-06T09:21:54.000Z,1
2019-11-06T09:27:25.000Z,1
2019-11-06T09:38:21.000Z,1
2019-11-06T09:47:09.000Z,2
2019-11-06T10:39:14.000Z,1
2019-11-06T12:10:23.000Z,1
2019-11-06T13:11:49.000Z,1
2019-11-06T13:22:59.000Z,1
2019-11-06T13:41:12.000Z,1
2019-11-06T14:41:59.000Z,1
2019-11-06T14:44:45.000Z,1
2019-11-06T14:52:36.000Z,1
2019-11-06T14:59:11.000Z,1
2019-11-06T15:23:59.000Z,1
2019-11-06T15:41:39.000Z,1
2019-11-06T15:58:00.000Z,1
2019-11-06T15:59:59.000Z,1
2019-11-06T16:24:22.000Z,1
2019-11-06T16:42:54.000Z,1
2019-11-06T17:07:56.000Z,3
2019-11-06T17:14:47.000Z,1
2019-11-06T17:15:27.000Z,1
2019-11-06T17:28:55.000Z,1
2019-11-06T17:30:42.000Z,1
2019-11-06T17:33:36.000Z,1
2019-11-06T17:35:23.000Z,2
2019-11-06T17:35:32.000Z,1
2019-11-06T17:42:49.000Z,1
2019-11-06T17:48:31.000Z,2
2019-11-06T18:24:06.000Z,1
2019-11-06T18:40:26.000Z,1
2019-11-06T19:13:53.000Z,1
2019-11-06T21:34:37.000Z,1
2019-11-06T21:46:43.000Z,1
2019-11-06T23:22:52.000Z,1
2019-11-06T23:52:01.000Z,1
2019-11-07T04:46:41.000Z,1
2019-11-07T06:52:21.000Z,1
2019-11-07T07:25:01.000Z,1
2019-11-07T07:36:29.000Z,1
2019-11-07T07:51:05.000Z,1
2019-11-07T08:43:37.000Z,2
2019-11-07T10:42:38.000Z,1
2019-11-07T10:45:56.000Z,1
2019-11-07T11:35:16.000Z,1
2019-11-07T11:51:47.000Z,1
2019-11-07T11:56:55.000Z,1
2019-11-07T12:21:56.000Z,1
2019-11-07T12:41:07.000Z,1
2019-11-07T14:08:15.000Z,1
2019-11-07T14:34:52.000Z,1
2019-11-07T14:43:35.000Z,1
2019-11-07T17:10:41.000Z,1
2019-11-07T17:42:22.000Z,1
2019-11-07T18:50:41.000Z,1
2019-11-07T19:29:02.000Z,1
2019-11-07T21:39:10.000Z,1
2019-11-07T22:11:29.000Z,1
2019-11-08T02:29:20.000Z,1
2019-10-30T20:02:42.000Z,1
2019-10-30T20:04:47.000Z,1
2019-10-30T20:16:59.000Z,1
2019-10-31T07:59:06.000Z,1
2019-10-31T08:08:56.000Z,1
2019-10-31T08:27:22.000Z,1
2019-10-31T08:38:47.000Z,1
2019-10-31T09:20:43.000Z,1
2019-10-31T09:37:38.000Z,1
2019-10-31T12:18:13.000Z,1
2019-10-31T15:03:56.000Z,1
2019-10-31T16:56:04.000Z,1
2019-10-31T16:21:48.000Z,1
2019-10-31T18:11:45.000Z,1
2019-10-31T19:47:47.000Z,1
2019-10-31T19:48:40.000Z,1
2019-11-01T06:30:22.000Z,1
2019-11-01T07:22:00.000Z,1
2019-11-01T08:08:59.000Z,1
2019-11-01T12:56:57.000Z,1
2019-11-01T16:25:58.000Z,1
2019-11-01T17:01:42.000Z,1
2019-10-31T08:50:16.000Z,1
2019-10-31T21:33:45.000Z,1
2019-10-31T22:16:05.000Z,1
2019-11-01T06:40:08.000Z,1
2019-11-01T07:35:07.000Z,1
2019-11-01T08:01:16.000Z,1
2019-11-01T08:02:03.000Z,1
2019-11-01T08:34:46.000Z,1
2019-11-01T09:11:49.000Z,1
2019-11-01T11:56:16.000Z,1
2019-11-01T12:48:13.000Z,1
2019-11-01T12:54:02.000Z,1
2019-11-01T13:05:40.000Z,1
2019-11-01T13:42:19.000Z,1
2019-11-01T14:04:17.000Z,1
2019-11-01T14:30:48.000Z,1
2019-11-01T15:45:09.000Z,1
2019-11-01T15:58:45.000Z,1
2019-11-01T16:00:37.000Z,1
2019-11-01T16:09:19.000Z,1
2019-11-01T16:22:15.000Z,1
2019-11-01T17:04:09.000Z,1
2019-11-01T17:10:30.000Z,1
2019-11-01T17:16:57.000Z,1
2019-11-01T17:21:02.000Z,1
2019-11-01T17:21:59.000Z,1
2019-11-01T17:36:18.000Z,1
2019-11-01T17:37:54.000Z,1
2019-11-01T17:58:59.000Z,1
2019-11-01T18:20:33.000Z,1
2019-11-01T18:45:27.000Z,1
2019-11-01T18:54:32.000Z,1
2019-11-01T19:01:51.000Z,3
2019-11-01T19:02:41.000Z,1
2019-11-01T19:46:01.000Z,1
2019-11-01T20:50:39.000Z,1
2019-11-01T23:39:38.000Z,1
2019-11-02T06:13:19.000Z,1
2019-11-02T08:51:18.000Z,2
2019-11-02T10:05:28.000Z,1
2019-11-02T10:24:49.000Z,3
2019-11-02T10:28:01.000Z,1
2019-11-02T11:13:51.000Z,1
2019-11-02T11:29:00.000Z,1
2019-11-02T11:53:36.000Z,1
2019-11-02T13:00:19.000Z,1
2019-11-02T13:17:33.000Z,1
2019-11-02T13:23:52.000Z,1
2019-11-02T13:52:14.000Z,1
2019-11-02T13:58:57.000Z,1
2019-11-02T14:35:38.000Z,1
2019-11-02T14:37:12.000Z,1
2019-11-02T14:37:16.000Z,1
2019-11-02T14:46:38.000Z,1
2019-11-02T14:56:43.000Z,1
2019-11-02T15:44:08.000Z,2
2019-11-02T16:39:58.000Z,1
2019-11-02T16:50:42.000Z,1
2019-11-02T17:01:36.000Z,1
2019-11-02T17:16:16.000Z,1
2019-11-02T17:31:52.000Z,1
2019-11-02T17:36:55.000Z,1
2019-11-02T17:55:43.000Z,1
2019-11-02T18:53:16.000Z,1
2019-11-02T19:18:05.000Z,1
2019-11-02T21:15:26.000Z,1
2019-11-02T21:48:40.000Z,1
2019-11-02T22:26:33.000Z,1
2019-11-02T23:30:40.000Z,1
2019-11-03T08:06:26.000Z,1
2019-11-03T08:09:02.000Z,1
2019-11-03T09:21:38.000Z,1
2019-11-03T09:23:44.000Z,1
2019-11-03T10:24:02.000Z,1
2019-11-03T11:25:14.000Z,1
2019-11-03T11:35:13.000Z,1
2019-11-03T11:38:05.000Z,1
2019-11-03T11:45:13.000Z,1
2019-11-03T12:35:41.000Z,1
2019-11-03T12:52:01.000Z,1
2019-11-03T13:40:34.000Z,1
2019-11-03T13:54:16.000Z,1
2019-11-03T14:29:29.000Z,1
2019-11-03T14:31:17.000Z,1
2019-11-03T14:48:40.000Z,1
2019-11-03T15:22:21.000Z,1
2019-11-03T15:42:22.000Z,1
2019-11-03T16:09:40.000Z,1
2019-11-03T17:43:51.000Z,1
2019-11-03T17:44:05.000Z,1
2019-11-03T18:45:13.000Z,1
2019-11-03T19:32:13.000Z,1
2019-11-03T22:50:16.000Z,1
2019-11-04T06:18:50.000Z,1
2019-11-04T06:40:10.000Z,1
2019-11-04T07:08:55.000Z,1
2019-11-04T07:16:30.000Z,1
2019-11-04T07:21:19.000Z,1
2019-11-04T07:46:49.000Z,1
2019-11-04T07:49:01.000Z,1
2019-11-04T07:49:23.000Z,1
2019-11-04T07:52:09.000Z,1
2019-11-04T07:58:38.000Z,1
2019-11-04T08:11:10.000Z,2
2019-11-04T08:12:46.000Z,2
2019-11-04T09:06:12.000Z,1
2019-11-04T09:18:42.000Z,1
2019-11-04T10:33:38.000Z,1
2019-11-04T13:40:58.000Z,1
2019-11-04T13:51:17.000Z,1
2019-11-04T14:12:11.000Z,1
2019-11-04T14:20:08.000Z,1
2019-11-04T14:48:10.000Z,1
2019-11-04T14:50:11.000Z,1
2019-11-04T15:13:41.000Z,1
2019-11-04T15:35:17.000Z,1
2019-11-04T16:08:52.000Z,1
2019-11-04T16:20:05.000Z,1
2019-11-04T16:35:29.000Z,1
2019-11-04T16:44:56.000Z,1
2019-11-04T16:54:17.000Z,1
2019-11-04T17:09:59.000Z,1
2019-11-04T17:18:50.000Z,1
2019-11-04T17:32:59.000Z,1
2019-11-04T17:35:33.000Z,1
2019-11-04T17:41:25.000Z,1
2019-11-04T17:54:33.000Z,1
2019-11-04T17:56:03.000Z,2
2019-11-04T17:56:48.000Z,1
2019-11-04T18:03:47.000Z,2
2019-11-04T18:31:54.000Z,1
2019-11-04T18:35:30.000Z,1
2019-11-04T18:44:44.000Z,1
2019-11-04T18:51:26.000Z,1
2019-11-04T20:06:28.000Z,1
2019-11-04T20:19:57.000Z,1
2019-11-04T21:39:48.000Z,1
2019-11-04T22:24:17.000Z,1
2019-11-05T04:37:20.000Z,1
2019-11-05T04:37:40.000Z,1
2019-11-05T05:54:38.000Z,1
2019-11-05T06:19:50.000Z,1
2019-11-05T06:26:36.000Z,1
2019-11-05T06:38:12.000Z,1
2019-11-05T06:43:53.000Z,2
2019-11-05T06:45:36.000Z,1
2019-11-05T07:25:49.000Z,1
2019-11-05T07:33:08.000Z,1
2019-11-05T07:35:42.000Z,1
2019-11-05T07:38:15.000Z,2
2019-11-05T07:41:20.000Z,1
2019-11-05T07:52:30.000Z,2
2019-11-05T08:25:50.000Z,1
2019-11-05T08:44:23.000Z,1
2019-11-05T08:57:01.000Z,1
2019-11-05T09:04:35.000Z,1
2019-11-05T09:30:13.000Z,2
2019-11-05T11:05:25.000Z,1
2019-11-05T11:18:29.000Z,1
2019-11-05T11:20:54.000Z,1
2019-11-05T12:06:09.000Z,1
2019-11-05T12:50:51.000Z,1
2019-11-05T13:30:34.000Z,1
2019-11-05T13:51:56.000Z,1
2019-11-05T14:00:00.000Z,1
2019-11-05T14:14:18.000Z,1
2019-11-05T15:12:24.000Z,1
2019-11-05T15:53:21.000Z,1
2019-11-05T16:17:19.000Z,1
2019-11-05T16:22:13.000Z,1
2019-11-05T16:26:22.000Z,2
2019-11-05T16:30:25.000Z,1
2019-11-05T16:39:17.000Z,1
2019-11-05T16:43:18.000Z,2
2019-11-05T16:56:20.000Z,1
2019-11-05T16:58:17.000Z,1
2019-11-05T17:09:07.000Z,1
2019-11-05T17:14:08.000Z,1
2019-11-05T17:16:11.000Z,1
2019-11-05T17:24:26.000Z,2
2019-11-05T17:56:28.000Z,1
2019-11-05T17:58:57.000Z,1
2019-11-05T17:59:25.000Z,1
2019-11-05T18:31:50.000Z,1
2019-11-05T18:41:29.000Z,1
2019-11-05T18:53:57.000Z,1
2019-11-05T18:57:11.000Z,1
2019-11-05T18:59:13.000Z,1
2019-11-05T19:17:28.000Z,1
2019-11-05T20:31:22.000Z,1
2019-11-05T20:58:03.000Z,1
2019-11-05T21:28:06.000Z,1
2019-11-05T21:31:16.000Z,1
2019-11-05T22:04:15.000Z,2
2019-11-05T23:04:41.000Z,1
2019-11-06T01:52:42.000Z,1
2019-11-06T07:26:27.000Z,1
2019-11-06T08:14:07.000Z,1
2019-11-06T08:28:49.000Z,2
2019-11-06T08:51:07.000Z,1
2019-11-06T09:12:48.000Z,1
2019-11-06T09:39:00.000Z,1
2019-11-06T09:47:30.000Z,1
2019-11-06T09:48:32.000Z,1
2019-11-06T11:10:06.000Z,1
2019-11-06T12:42:01.000Z,1
2019-11-06T12:55:28.000Z,1
2019-11-06T13:23:47.000Z,1
2019-11-06T13:28:45.000Z,1
2019-11-06T14:01:25.000Z,1
2019-11-06T15:24:14.000Z,2
2019-11-06T15:49:52.000Z,1
2019-11-06T16:21:43.000Z,1
2019-11-06T16:22:51.000Z,1
2019-11-06T16:42:04.000Z,1
2019-11-06T17:13:31.000Z,2
2019-11-06T17:27:41.000Z,1
2019-11-06T17:37:49.000Z,1
2019-11-06T17:46:07.000Z,1
2019-11-06T17:46:21.000Z,1
2019-11-06T17:50:05.000Z,1
2019-11-06T18:05:07.000Z,1
2019-11-06T18:10:16.000Z,1
2019-11-06T18:13:44.000Z,1
2019-11-06T18:26:08.000Z,1
2019-11-06T18:27:20.000Z,1
2019-11-06T19:06:07.000Z,1
2019-11-06T20:43:43.000Z,1
2019-11-06T22:23:40.000Z,1
2019-11-07T06:46:30.000Z,1
2019-11-07T06:50:42.000Z,1
2019-11-07T06:52:14.000Z,1
2019-11-07T07:18:01.000Z,1
2019-11-07T07:23:37.000Z,1
2019-11-07T07:30:26.000Z,1
2019-11-07T07:49:43.000Z,1
2019-11-07T08:02:42.000Z,1
2019-11-07T08:06:18.000Z,1
2019-11-07T08:12:47.000Z,1
2019-11-07T08:33:15.000Z,1
2019-11-07T08:40:19.000Z,2
2019-11-07T08:48:35.000Z,1
2019-11-07T08:54:16.000Z,1
2019-11-07T08:55:15.000Z,1
2019-11-07T11:36:29.000Z,1
2019-11-07T11:52:06.000Z,1
2019-11-07T12:06:01.000Z,1
2019-11-07T12:10:39.000Z,1
2019-11-07T12:14:49.000Z,1
2019-11-07T12:23:20.000Z,1
2019-11-07T12:51:04.000Z,1
2019-11-07T13:07:54.000Z,1
2019-11-07T13:22:33.000Z,1
2019-11-07T15:21:19.000Z,2
2019-11-07T15:25:20.000Z,1
2019-11-07T15:52:33.000Z,1
2019-11-07T16:04:35.000Z,1
2019-11-07T16:13:15.000Z,1
2019-11-07T16:48:14.000Z,1
2019-11-07T16:52:44.000Z,1
2019-11-07T17:06:03.000Z,1
2019-11-07T17:07:44.000Z,1
2019-11-07T17:09:04.000Z,1
2019-11-07T17:18:05.000Z,1
2019-11-07T17:23:07.000Z,2
2019-11-07T17:38:23.000Z,1
2019-11-07T17:43:01.000Z,1
2019-11-07T17:49:06.000Z,1
2019-11-07T17:55:11.000Z,1
2019-11-07T18:08:38.000Z,1
2019-11-07T18:12:38.000Z,1
2019-11-07T18:39:16.000Z,1
2019-11-07T18:56:19.000Z,1
2019-11-07T18:58:53.000Z,1
2019-11-07T19:35:31.000Z,2
2019-11-07T19:45:06.000Z,1
2019-11-07T20:20:18.000Z,1
2019-11-07T21:19:13.000Z,1
2019-10-30T20:49:04.000Z,1
2019-10-31T07:20:50.000Z,1
2019-10-31T07:33:49.000Z,1
2019-10-31T08:25:43.000Z,1
2019-10-31T12:25:38.000Z,1
2019-10-31T12:46:07.000Z,1
2019-10-31T17:32:21.000Z,1
2019-10-31T18:04:55.000Z,1
2019-10-31T15:20:13.000Z,1
2019-10-31T21:19:19.000Z,1
2019-11-01T07:08:12.000Z,1
2019-11-01T08:05:51.000Z,1
2019-11-01T08:40:19.000Z,1
2019-11-01T11:41:28.000Z,1
2019-11-01T19:27:22.000Z,1
2019-11-01T20:06:18.000Z,1
2019-10-31T08:58:58.000Z,1
2019-10-31T15:53:04.000Z,1
2019-10-31T16:43:44.000Z,1
2019-10-31T17:27:34.000Z,1
2019-10-31T17:30:29.000Z,1
2019-11-01T04:53:45.000Z,1
2019-11-01T07:38:23.000Z,1
2019-11-01T07:44:32.000Z,1
2019-11-01T08:12:06.000Z,1
2019-11-01T08:39:38.000Z,1
2019-11-01T09:56:53.000Z,1
2019-11-01T11:37:13.000Z,1
2019-11-01T11:46:55.000Z,2
2019-11-01T12:03:18.000Z,2
2019-11-01T14:02:44.000Z,1
2019-11-01T14:10:42.000Z,1
2019-11-01T14:47:51.000Z,1
2019-11-01T15:23:04.000Z,1
2019-11-01T15:53:03.000Z,1
2019-11-01T15:54:04.000Z,1
2019-11-01T15:56:49.000Z,1
2019-11-01T16:37:28.000Z,1
2019-11-01T16:41:17.000Z,1
2019-11-01T16:46:48.000Z,2
2019-11-01T16:48:50.000Z,1
2019-11-01T16:55:21.000Z,1
2019-11-01T16:59:58.000Z,1
2019-11-01T17:11:38.000Z,2
2019-11-01T17:27:43.000Z,1
2019-11-01T17:29:58.000Z,1
2019-11-01T17:41:02.000Z,1
2019-11-01T17:41:59.000Z,1
2019-11-01T17:45:21.000Z,1
2019-11-01T18:27:13.000Z,1
2019-11-01T18:32:25.000Z,1
2019-11-01T18:56:03.000Z,1
2019-11-01T20:00:50.000Z,1
2019-11-01T20:10:57.000Z,1
2019-11-01T21:10:32.000Z,1
2019-11-01T23:25:01.000Z,1
2019-11-01T23:36:43.000Z,1
2019-11-02T00:07:34.000Z,1
2019-11-02T07:47:58.000Z,1
2019-11-02T08:15:55.000Z,1
2019-11-02T09:46:15.000Z,1
2019-11-02T09:48:39.000Z,1
2019-11-02T10:22:05.000Z,1
2019-11-02T11:07:55.000Z,1
2019-11-02T11:32:00.000Z,1
2019-11-02T11:34:03.000Z,1
2019-11-02T11:38:30.000Z,1
2019-11-02T11:41:45.000Z,1
2019-11-02T12:39:19.000Z,1
2019-11-02T13:41:18.000Z,1
2019-11-02T13:44:06.000Z,1
2019-11-02T13:50:11.000Z,1
2019-11-02T13:59:33.000Z,1
2019-11-02T14:09:50.000Z,1
2019-11-02T14:19:38.000Z,1
2019-11-02T14:23:22.000Z,1
2019-11-02T14:44:05.000Z,1
2019-11-02T15:05:02.000Z,1
2019-11-02T15:06:04.000Z,1
2019-11-02T15:07:44.000Z,1
2019-11-02T16:37:33.000Z,1
2019-11-02T17:07:58.000Z,1
2019-11-02T17:08:59.000Z,1
2019-11-02T18:10:33.000Z,2
2019-11-02T18:22:04.000Z,1
2019-11-02T22:38:30.000Z,1
2019-11-02T22:51:28.000Z,1
2019-11-03T00:56:15.000Z,1
2019-11-03T02:09:21.000Z,1
2019-11-03T05:52:12.000Z,1
2019-11-03T06:13:37.000Z,1
2019-11-03T06:40:16.000Z,1
2019-11-03T08:09:09.000Z,2
2019-11-03T08:41:38.000Z,1
2019-11-03T10:38:26.000Z,1
2019-11-03T10:57:13.000Z,1
2019-11-03T11:30:49.000Z,1
2019-11-03T11:41:23.000Z,1
2019-11-03T11:55:11.000Z,2
2019-11-03T12:04:51.000Z,1
2019-11-03T12:05:59.000Z,1
2019-11-03T12:21:29.000Z,2
2019-11-03T13:10:42.000Z,1
2019-11-03T13:48:43.000Z,1
2019-11-03T14:06:50.000Z,1
2019-11-03T14:32:07.000Z,1
2019-11-03T15:07:21.000Z,1
2019-11-03T15:10:45.000Z,1
2019-11-03T16:08:56.000Z,1
2019-11-03T16:44:16.000Z,1
2019-11-03T17:31:02.000Z,1
2019-11-03T17:36:06.000Z,2
2019-11-03T17:50:23.000Z,1
2019-11-03T19:48:26.000Z,1
2019-11-03T20:04:26.000Z,1
2019-11-03T21:49:07.000Z,1
2019-11-03T23:42:03.000Z,2
2019-11-04T05:28:47.000Z,1
2019-11-04T06:09:22.000Z,1
2019-11-04T06:12:36.000Z,1
2019-11-04T06:18:36.000Z,1
2019-11-04T06:20:20.000Z,1
2019-11-04T06:27:18.000Z,2
2019-11-04T06:48:55.000Z,1
2019-11-04T07:27:15.000Z,1
2019-11-04T07:55:46.000Z,1
2019-11-04T08:04:49.000Z,1
2019-11-04T08:19:38.000Z,2
2019-11-04T08:37:10.000Z,1
2019-11-04T08:43:52.000Z,1
2019-11-04T08:57:22.000Z,1
2019-11-04T08:59:06.000Z,1
2019-11-04T09:02:35.000Z,1
2019-11-04T09:25:11.000Z,1
2019-11-04T09:42:38.000Z,1
2019-11-04T09:45:23.000Z,1
2019-11-04T10:10:47.000Z,1
2019-11-04T10:49:44.000Z,1
2019-11-04T11:19:24.000Z,1
2019-11-04T11:40:47.000Z,1
2019-11-04T11:44:20.000Z,1
2019-11-04T12:13:00.000Z,1
2019-11-04T12:46:37.000Z,1
2019-11-04T14:56:13.000Z,1
2019-11-04T15:38:40.000Z,1
2019-11-04T15:41:43.000Z,1
2019-11-04T15:55:10.000Z,1
2019-11-04T16:24:18.000Z,1
2019-11-04T16:28:12.000Z,1
2019-11-04T16:39:47.000Z,1
2019-11-04T16:42:40.000Z,1
2019-11-04T17:03:59.000Z,1
2019-11-04T17:15:47.000Z,1
2019-11-04T17:24:12.000Z,1
2019-11-04T17:34:03.000Z,1
2019-11-04T17:53:32.000Z,1
2019-11-04T17:56:31.000Z,1
2019-11-04T18:04:37.000Z,2
2019-11-04T18:25:18.000Z,1
2019-11-04T18:40:06.000Z,1
2019-11-04T18:55:25.000Z,1
2019-11-04T19:07:17.000Z,1
2019-11-04T19:10:19.000Z,1
2019-11-04T19:19:35.000Z,1
2019-11-04T20:22:53.000Z,1
2019-11-04T21:06:00.000Z,1
2019-11-05T05:18:44.000Z,1
2019-11-05T05:41:29.000Z,1
2019-11-05T06:02:14.000Z,1
2019-11-05T06:08:56.000Z,1
2019-11-05T06:29:09.000Z,1
2019-11-05T06:43:21.000Z,1
2019-11-05T06:44:39.000Z,1
2019-11-05T06:53:33.000Z,1
2019-11-05T07:04:11.000Z,1
2019-11-05T07:23:23.000Z,1
2019-11-05T07:45:57.000Z,1
2019-11-05T08:13:23.000Z,3
2019-11-05T08:22:21.000Z,1
2019-11-05T08:32:38.000Z,1
2019-11-05T08:43:51.000Z,1
2019-11-05T09:46:10.000Z,1
2019-11-05T10:11:18.000Z,1
2019-11-05T10:17:52.000Z,1
2019-11-05T11:23:34.000Z,1
2019-11-05T11:58:24.000Z,1
2019-11-05T12:54:43.000Z,1
2019-11-05T13:20:11.000Z,2
2019-11-05T13:24:09.000Z,1
2019-11-05T13:32:03.000Z,2
2019-11-05T13:50:12.000Z,1
2019-11-05T14:18:03.000Z,1
2019-11-05T14:32:15.000Z,1
2019-11-05T14:36:55.000Z,1
2019-11-05T14:40:46.000Z,2
2019-11-05T14:43:21.000Z,1
2019-11-05T15:26:43.000Z,1
2019-11-05T15:29:28.000Z,1
2019-11-05T16:05:11.000Z,1
2019-11-05T16:07:02.000Z,1
2019-11-05T16:38:17.000Z,1
2019-11-05T17:01:30.000Z,1
2019-11-05T17:13:41.000Z,1
2019-11-05T17:19:24.000Z,1
2019-11-05T17:41:12.000Z,1
2019-11-05T17:54:24.000Z,1
2019-11-05T18:10:10.000Z,2
2019-11-05T18:16:27.000Z,1
2019-11-05T18:26:24.000Z,1
2019-11-05T18:58:29.000Z,1
2019-11-05T19:25:14.000Z,1
2019-11-05T20:08:29.000Z,1
2019-11-05T20:47:36.000Z,1
2019-11-05T21:01:01.000Z,1
2019-11-05T21:22:58.000Z,1
2019-11-05T21:58:41.000Z,1
2019-11-05T23:31:06.000Z,1
2019-11-06T05:55:10.000Z,1
2019-11-06T06:14:08.000Z,1
2019-11-06T06:21:05.000Z,1
2019-11-06T07:01:29.000Z,1
2019-11-06T07:10:08.000Z,1
2019-11-06T07:16:15.000Z,1
2019-11-06T07:22:59.000Z,1
2019-11-06T07:54:01.000Z,1
2019-11-06T07:58:31.000Z,1
2019-11-06T08:25:48.000Z,1
2019-11-06T09:20:46.000Z,1
2019-11-06T09:36:06.000Z,1
2019-11-06T09:37:11.000Z,1
2019-11-06T09:40:09.000Z,1
2019-11-06T09:52:33.000Z,1
2019-11-06T10:39:02.000Z,1
2019-11-06T11:03:17.000Z,1
2019-11-06T12:27:13.000Z,1
2019-11-06T12:31:05.000Z,1
2019-11-06T13:01:13.000Z,1
2019-11-06T13:39:20.000Z,1
2019-11-06T14:47:45.000Z,1
2019-11-06T14:56:16.000Z,3
2019-11-06T15:03:37.000Z,1
2019-11-06T15:07:19.000Z,1
2019-11-06T15:52:21.000Z,1
2019-11-06T16:31:00.000Z,1
2019-11-06T16:36:08.000Z,1
2019-11-06T17:01:08.000Z,1
2019-11-06T17:06:00.000Z,1
2019-11-06T17:10:59.000Z,1
2019-11-06T17:11:21.000Z,1
2019-11-06T17:14:05.000Z,1
2019-11-06T17:23:38.000Z,2
2019-11-06T17:27:11.000Z,1
2019-11-06T17:28:46.000Z,1
2019-11-06T17:47:56.000Z,1
2019-11-06T17:48:04.000Z,1
2019-11-06T17:52:37.000Z,1
2019-11-06T18:11:24.000Z,1
2019-11-06T18:48:01.000Z,1
2019-11-06T18:56:14.000Z,1
2019-11-06T20:10:57.000Z,1
2019-11-07T07:20:51.000Z,1
2019-11-07T07:35:37.000Z,1
2019-11-07T07:43:37.000Z,1
2019-11-07T07:45:53.000Z,1
2019-11-07T07:50:51.000Z,2
2019-11-07T07:55:31.000Z,1
2019-11-07T08:02:15.000Z,1
2019-11-07T08:23:24.000Z,2
2019-11-07T08:24:47.000Z,2
2019-11-07T08:26:37.000Z,1
2019-11-07T08:28:39.000Z,1
2019-11-07T08:40:58.000Z,1
2019-11-07T09:07:15.000Z,1
2019-11-07T09:39:12.000Z,1
2019-11-07T09:42:12.000Z,1
2019-11-07T11:12:36.000Z,1
2019-11-07T11:37:51.000Z,1
2019-11-07T11:39:37.000Z,1
2019-11-07T11:42:11.000Z,1
2019-11-07T12:30:01.000Z,1
2019-11-07T15:29:17.000Z,1
2019-11-07T16:59:14.000Z,2
2019-11-07T17:16:53.000Z,1
2019-11-07T17:43:09.000Z,1
2019-11-07T17:43:43.000Z,1
2019-11-07T19:01:19.000Z,2
2019-11-07T19:17:17.000Z,1
2019-11-07T19:41:28.000Z,1
2019-11-07T19:43:35.000Z,1
2019-11-07T19:52:42.000Z,1
2019-11-07T20:55:30.000Z,1
2019-11-07T20:57:13.000Z,1
2019-11-07T21:03:21.000Z,1
2019-11-08T05:38:35.000Z,1
2019-11-08T07:20:49.000Z,1
2019-11-08T07:23:34.000Z,1
2019-11-08T07:36:27.000Z,1
2019-11-08T07:40:45.000Z,1
2019-11-08T07:50:46.000Z,1
2019-11-08T07:50:58.000Z,1
2019-11-08T08:12:44.000Z,1
2019-11-08T08:26:45.000Z,1
2019-11-08T08:46:32.000Z,1
2019-11-08T09:13:37.000Z,1
2019-11-08T10:01:04.000Z,1
2019-11-08T12:07:31.000Z,1
2019-11-08T13:09:12.000Z,1
2019-11-08T13:17:35.000Z,1
2019-11-08T14:17:55.000Z,1
2019-11-08T14:18:19.000Z,2
2019-11-08T14:56:08.000Z,1
2019-11-08T14:57:56.000Z,1
2019-11-08T16:30:07.000Z,1
2019-11-08T16:52:32.000Z,1
2019-11-08T17:08:22.000Z,2
2019-11-08T17:19:48.000Z,1
2019-11-09T21:40:21.000Z,1
2019-11-08T08:31:50.000Z,1
2019-11-08T09:38:00.000Z,1
2019-11-08T11:54:36.000Z,1
2019-11-08T12:49:31.000Z,1
2019-11-08T14:08:52.000Z,1
2019-11-08T15:42:56.000Z,1
2019-11-08T15:49:48.000Z,2
2019-11-08T16:16:24.000Z,1
2019-11-08T18:01:59.000Z,1
2019-11-08T18:43:35.000Z,1
2019-11-08T19:24:57.000Z,1
2019-11-08T20:28:41.000Z,1
2019-11-08T21:52:18.000Z,1
2019-11-08T23:21:54.000Z,1
2019-11-09T05:30:21.000Z,1
2019-11-09T11:25:23.000Z,1
2019-11-09T11:27:53.000Z,1
2019-11-09T11:55:08.000Z,1
2019-11-09T12:47:10.000Z,1
2019-11-09T13:13:08.000Z,1
2019-11-09T13:13:53.000Z,1
2019-11-09T13:46:10.000Z,1
2019-11-09T13:47:17.000Z,1
2019-11-09T14:39:24.000Z,2
2019-11-09T15:03:45.000Z,1
2019-11-09T16:42:59.000Z,1
2019-11-09T16:48:56.000Z,1
2019-11-09T17:42:57.000Z,1
2019-11-09T22:44:27.000Z,1
2019-11-09T22:44:26.000Z,1
2019-11-10T01:02:22.000Z,1
2019-11-10T07:36:49.000Z,1
2019-11-10T08:09:56.000Z,1
2019-11-10T09:30:28.000Z,1
2019-11-10T09:34:05.000Z,1
2019-11-10T11:50:06.000Z,1
2019-11-10T12:32:54.000Z,1
2019-11-10T12:38:13.000Z,1
2019-11-10T13:14:11.000Z,1
2019-11-10T13:21:15.000Z,1
2019-11-10T13:26:43.000Z,1
2019-11-10T13:30:25.000Z,1
2019-11-10T14:08:45.000Z,1
2019-11-10T14:56:25.000Z,1
2019-11-10T15:22:14.000Z,2
2019-11-10T15:26:05.000Z,2
2019-11-10T15:35:04.000Z,1
2019-11-10T15:48:37.000Z,2
2019-11-10T16:26:49.000Z,2
2019-11-10T16:47:39.000Z,1
2019-11-10T17:56:35.000Z,1
2019-11-10T18:46:08.000Z,1
2019-11-10T19:44:56.000Z,1
2019-11-11T05:48:37.000Z,2
2019-11-11T06:18:08.000Z,1
2019-11-11T08:23:53.000Z,1
2019-11-11T08:47:13.000Z,1
2019-11-11T15:31:17.000Z,1
2019-11-11T16:21:50.000Z,1
2019-11-11T17:24:52.000Z,1
2019-11-11T18:19:19.000Z,1
2019-11-11T18:56:20.000Z,1
2019-11-12T00:11:32.000Z,1
2019-11-12T06:27:40.000Z,1
2019-11-12T07:28:56.000Z,1
2019-11-12T08:10:51.000Z,1
2019-11-12T08:22:42.000Z,1
2019-11-12T08:46:05.000Z,1
2019-11-12T08:55:33.000Z,1
2019-11-12T09:26:07.000Z,1
2019-11-12T14:13:19.000Z,1
2019-11-12T16:18:33.000Z,1
2019-11-12T17:16:35.000Z,1
2019-11-12T17:28:58.000Z,1
2019-11-12T17:32:23.000Z,1
2019-11-12T18:20:48.000Z,1
2019-11-12T21:06:23.000Z,1
2019-11-13T05:41:10.000Z,1
2019-11-13T07:37:27.000Z,1
2019-11-13T08:16:12.000Z,1
2019-11-13T08:31:04.000Z,1
2019-11-13T09:10:49.000Z,1
2019-11-13T10:44:20.000Z,1
2019-11-13T15:27:58.000Z,1
2019-11-13T16:16:03.000Z,1
2019-11-13T16:44:18.000Z,1
2019-11-13T16:51:53.000Z,1
2019-11-13T17:05:55.000Z,2
2019-11-13T17:09:45.000Z,1
2019-11-13T17:14:20.000Z,1
2019-11-13T17:27:15.000Z,1
2019-11-13T17:34:13.000Z,1
2019-11-13T17:57:50.000Z,1
2019-11-13T18:19:51.000Z,2
2019-11-13T18:44:33.000Z,1
2019-11-13T19:01:01.000Z,1
2019-11-13T20:34:55.000Z,1
2019-11-14T05:41:37.000Z,1
2019-11-14T07:26:15.000Z,1
2019-11-14T07:48:28.000Z,1
2019-11-14T07:51:28.000Z,1
2019-11-14T07:52:31.000Z,1
2019-11-14T08:12:00.000Z,1
2019-11-14T08:28:33.000Z,1
2019-11-14T08:40:21.000Z,1
2019-11-14T08:51:09.000Z,1
2019-11-14T09:11:28.000Z,1
2019-11-14T09:24:24.000Z,1
2019-11-14T14:09:53.000Z,1
2019-11-14T14:48:52.000Z,1
2019-11-14T15:37:39.000Z,1
2019-11-14T15:59:52.000Z,1
2019-11-14T16:13:03.000Z,1
2019-11-14T16:21:31.000Z,1
2019-11-14T16:52:27.000Z,1
2019-11-14T17:10:08.000Z,1
2019-11-14T17:10:22.000Z,1
2019-11-14T17:15:38.000Z,1
2019-11-14T17:22:10.000Z,1
2019-11-14T17:33:23.000Z,1
2019-11-14T17:45:07.000Z,1
2019-11-14T18:47:22.000Z,1
2019-11-14T19:10:38.000Z,1
2019-11-14T20:02:04.000Z,1
2019-11-14T20:20:52.000Z,1
2019-11-14T20:42:19.000Z,1
2019-11-14T22:11:53.000Z,1
2019-11-14T22:38:32.000Z,1
2019-11-14T22:46:03.000Z,1
2019-11-15T05:05:20.000Z,1
2019-11-15T07:13:06.000Z,1
2019-11-15T07:36:52.000Z,1
2019-11-15T07:54:27.000Z,4
2019-11-15T08:13:56.000Z,2
2019-11-15T08:20:46.000Z,1
2019-11-15T08:23:31.000Z,1
2019-11-15T09:42:38.000Z,1
2019-11-15T12:24:59.000Z,1
2019-11-15T12:25:48.000Z,1
2019-11-15T12:34:39.000Z,1
2019-11-15T15:20:07.000Z,1
2019-11-15T16:23:29.000Z,1
2019-11-15T16:26:38.000Z,1
2019-11-15T17:05:50.000Z,1
2019-11-15T17:40:48.000Z,1
2019-11-15T17:48:17.000Z,1
2019-11-15T18:25:39.000Z,1
2019-11-15T18:44:04.000Z,1
2019-11-15T18:49:34.000Z,1
2019-11-15T19:48:40.000Z,1
2019-11-16T07:51:59.000Z,1
2019-11-16T08:04:18.000Z,1
2019-11-16T08:05:16.000Z,1
2019-11-16T08:08:52.000Z,1
2019-11-16T09:19:44.000Z,1
2019-11-16T10:02:08.000Z,1
2019-11-16T10:57:52.000Z,1
2019-11-16T11:50:05.000Z,1
2019-11-16T11:53:55.000Z,1
2019-11-16T11:57:40.000Z,1
2019-11-16T12:00:39.000Z,1
2019-11-16T12:24:18.000Z,1
2019-11-16T12:28:12.000Z,1
2019-11-16T12:33:22.000Z,1
2019-11-16T13:16:24.000Z,1
2019-11-16T13:58:28.000Z,1
2019-11-16T14:05:25.000Z,1
2019-11-16T14:29:59.000Z,1
2019-11-16T14:57:58.000Z,1
2019-11-16T16:21:11.000Z,1
2019-11-16T16:44:56.000Z,1
2019-11-16T16:57:24.000Z,1
2019-11-16T17:33:34.000Z,1
2019-11-16T19:11:31.000Z,1
2019-11-16T23:16:02.000Z,1
2019-11-17T08:46:27.000Z,1
2019-11-17T10:14:32.000Z,1
2019-11-17T10:19:18.000Z,1
2019-11-17T10:41:38.000Z,1
2019-11-17T10:46:47.000Z,1
2019-11-17T10:58:05.000Z,1
2019-11-17T11:30:51.000Z,1
2019-11-17T13:30:26.000Z,1
2019-11-17T14:07:24.000Z,1
2019-11-17T14:38:07.000Z,1
2019-11-18T06:29:57.000Z,1
2019-11-18T06:40:42.000Z,1
2019-11-18T06:53:08.000Z,1
2019-11-18T06:56:37.000Z,1
2019-11-18T07:37:37.000Z,1
2019-11-18T07:56:03.000Z,1
2019-11-18T08:12:46.000Z,1
2019-11-18T08:31:50.000Z,1
2019-11-18T08:39:19.000Z,1
2019-11-18T08:48:26.000Z,1
2019-11-18T08:54:17.000Z,1
2019-11-18T09:04:50.000Z,1
2019-11-18T09:35:58.000Z,1
2019-11-18T09:37:15.000Z,1
2019-11-18T09:38:26.000Z,1
2019-11-18T10:22:10.000Z,1
2019-11-18T11:17:52.000Z,1
2019-11-18T12:28:21.000Z,1
2019-11-18T14:36:35.000Z,1
2019-11-18T15:48:28.000Z,1
2019-11-18T16:31:01.000Z,1
2019-11-18T16:34:07.000Z,2
2019-11-18T16:39:01.000Z,2
2019-11-18T16:42:18.000Z,1
2019-11-18T17:41:33.000Z,1
2019-11-18T17:45:27.000Z,2
2019-11-18T18:02:01.000Z,2
2019-11-18T18:08:08.000Z,1
2019-11-18T18:08:33.000Z,1
2019-11-18T18:15:57.000Z,1
2019-11-18T18:28:47.000Z,1
2019-11-18T19:21:34.000Z,1
2019-11-18T19:29:04.000Z,1
2019-11-18T21:28:28.000Z,1
2019-11-18T21:53:23.000Z,1
2019-11-19T07:34:16.000Z,1
2019-11-19T07:37:59.000Z,1
2019-11-19T08:09:05.000Z,1
2019-11-19T08:10:01.000Z,1
2019-11-19T08:18:02.000Z,1
2019-11-19T08:18:31.000Z,1
2019-11-19T08:19:00.000Z,1
2019-11-19T08:24:04.000Z,1
2019-11-19T08:33:51.000Z,1
2019-11-19T09:48:57.000Z,1
2019-11-19T10:27:19.000Z,1
2019-11-19T10:44:30.000Z,1
2019-11-19T11:06:14.000Z,1
2019-11-19T11:40:49.000Z,1
2019-11-19T12:50:53.000Z,1
2019-11-19T14:31:23.000Z,1
2019-11-19T15:36:50.000Z,1
2019-11-19T15:44:58.000Z,1
2019-11-19T16:08:50.000Z,1
2019-11-19T16:11:23.000Z,1
2019-11-19T16:38:22.000Z,1
2019-11-19T16:52:59.000Z,1
2019-11-19T17:07:52.000Z,1
2019-11-19T17:28:45.000Z,1
2019-11-19T17:32:50.000Z,1
2019-11-19T18:03:35.000Z,1
2019-11-19T18:27:22.000Z,1
2019-11-19T18:49:47.000Z,1
2019-11-19T19:13:43.000Z,1
2019-11-19T19:20:46.000Z,1
2019-11-19T19:40:31.000Z,1
2019-11-19T20:42:45.000Z,1
2019-11-19T20:43:23.000Z,1
2019-11-19T20:44:40.000Z,1
2019-11-19T20:44:43.000Z,1
2019-11-19T21:01:42.000Z,1
2019-11-19T21:24:20.000Z,1
2019-11-19T23:11:29.000Z,1
2019-11-08T06:44:16.000Z,1
2019-11-08T06:44:22.000Z,1
2019-11-08T07:34:15.000Z,1
2019-11-08T07:46:48.000Z,1
2019-11-08T07:54:58.000Z,1
2019-11-08T07:59:51.000Z,1
2019-11-08T08:14:16.000Z,1
2019-11-08T08:27:17.000Z,1
2019-11-08T08:40:18.000Z,1
2019-11-08T09:16:48.000Z,1
2019-11-08T10:23:09.000Z,1
2019-11-08T12:19:47.000Z,1
2019-11-08T13:19:41.000Z,1
2019-11-08T13:47:11.000Z,1
2019-11-08T15:28:14.000Z,1
2019-11-08T17:12:57.000Z,1
2019-11-08T17:26:30.000Z,1
2019-11-09T09:06:54.000Z,1
2019-11-09T10:35:54.000Z,1
2019-11-08T09:19:10.000Z,1
2019-11-08T12:14:51.000Z,1
2019-11-08T12:37:12.000Z,1
2019-11-08T12:54:54.000Z,1
2019-11-08T15:08:49.000Z,1
2019-11-08T16:26:35.000Z,1
2019-11-08T17:24:48.000Z,1
2019-11-08T17:46:42.000Z,1
2019-11-08T18:51:18.000Z,2
2019-11-08T18:57:05.000Z,1
2019-11-08T19:25:55.000Z,1
2019-11-08T20:03:29.000Z,1
2019-11-09T01:48:35.000Z,1
2019-11-09T10:01:20.000Z,1
2019-11-09T10:17:36.000Z,1
2019-11-09T10:25:27.000Z,1
2019-11-09T11:01:17.000Z,1
2019-11-09T12:34:52.000Z,1
2019-11-09T14:50:28.000Z,1
2019-11-09T15:01:44.000Z,1
2019-11-09T15:37:04.000Z,1
2019-11-09T16:10:18.000Z,1
2019-11-09T16:38:23.000Z,1
2019-11-09T17:14:13.000Z,1
2019-11-09T17:59:01.000Z,1
2019-11-09T18:08:55.000Z,1
2019-11-09T18:16:03.000Z,1
2019-11-09T18:19:25.000Z,1
2019-11-09T18:20:49.000Z,1
2019-11-09T19:17:40.000Z,1
2019-11-09T19:23:48.000Z,1
2019-11-09T20:52:40.000Z,1
2019-11-09T21:10:21.000Z,1
2019-11-09T22:10:53.000Z,1
2019-11-09T23:59:19.000Z,1
2019-11-10T00:07:21.000Z,1
2019-11-10T10:33:31.000Z,1
2019-11-10T11:12:47.000Z,1
2019-11-10T12:37:26.000Z,1
2019-11-10T12:38:47.000Z,1
2019-11-10T12:41:42.000Z,1
2019-11-10T12:58:29.000Z,1
2019-11-10T13:41:05.000Z,1
2019-11-10T13:59:51.000Z,1
2019-11-10T14:23:47.000Z,1
2019-11-10T15:05:42.000Z,1
2019-11-10T15:26:31.000Z,1
2019-11-10T15:40:49.000Z,2
2019-11-10T15:54:03.000Z,1
2019-11-10T16:45:30.000Z,1
2019-11-10T17:00:25.000Z,1
2019-11-10T17:11:01.000Z,1
2019-11-10T18:38:32.000Z,1
2019-11-10T18:47:08.000Z,1
2019-11-11T07:15:53.000Z,1
2019-11-11T08:29:02.000Z,1
2019-11-11T09:23:10.000Z,1
2019-11-11T12:23:49.000Z,1
2019-11-11T14:59:29.000Z,1
2019-11-11T16:10:35.000Z,1
2019-11-11T16:37:08.000Z,1
2019-11-11T16:42:57.000Z,1
2019-11-11T16:58:18.000Z,1
2019-11-11T18:23:07.000Z,1
2019-11-11T19:26:29.000Z,1
2019-11-11T21:09:53.000Z,2
2019-11-11T22:05:08.000Z,1
2019-11-11T22:40:22.000Z,1
2019-11-12T06:39:36.000Z,1
2019-11-12T08:37:21.000Z,1
2019-11-12T10:28:59.000Z,1
2019-11-12T10:37:05.000Z,1
2019-11-12T11:33:38.000Z,1
2019-11-12T13:08:23.000Z,1
2019-11-12T15:30:16.000Z,1
2019-11-12T15:48:05.000Z,2
2019-11-12T16:16:35.000Z,1
2019-11-12T17:14:56.000Z,1
2019-11-12T20:21:38.000Z,1
2019-11-12T21:07:12.000Z,1
2019-11-13T06:16:49.000Z,1
2019-11-13T08:17:20.000Z,1
2019-11-13T08:52:32.000Z,1
2019-11-13T09:31:36.000Z,1
2019-11-13T11:02:56.000Z,1
2019-11-13T14:09:18.000Z,1
2019-11-13T15:37:58.000Z,1
2019-11-13T15:54:08.000Z,1
2019-11-13T16:10:09.000Z,1
2019-11-13T17:06:07.000Z,1
2019-11-13T17:06:32.000Z,3
2019-11-13T17:10:06.000Z,1
2019-11-13T17:31:32.000Z,1
2019-11-13T17:31:40.000Z,2
2019-11-13T17:42:06.000Z,1
2019-11-13T18:24:43.000Z,1
2019-11-13T18:35:29.000Z,1
2019-11-13T19:50:39.000Z,1
2019-11-13T21:59:13.000Z,1
2019-11-14T00:03:38.000Z,1
2019-11-14T06:25:47.000Z,1
2019-11-14T06:31:02.000Z,1
2019-11-14T07:51:58.000Z,1
2019-11-14T07:54:04.000Z,1
2019-11-14T07:54:44.000Z,1
2019-11-14T08:40:25.000Z,1
2019-11-14T08:46:40.000Z,1
2019-11-14T08:54:01.000Z,1
2019-11-14T09:30:44.000Z,1
2019-11-14T12:43:18.000Z,1
2019-11-14T15:31:24.000Z,1
2019-11-14T16:20:06.000Z,1
2019-11-14T16:42:27.000Z,1
2019-11-14T16:42:43.000Z,1
2019-11-14T17:35:18.000Z,1
2019-11-14T17:40:05.000Z,1
2019-11-14T17:48:10.000Z,1
2019-11-14T18:12:51.000Z,1
2019-11-14T18:19:14.000Z,1
2019-11-14T18:36:58.000Z,1
2019-11-14T19:47:47.000Z,1
2019-11-15T06:03:53.000Z,1
2019-11-15T06:59:56.000Z,1
2019-11-15T07:59:18.000Z,1
2019-11-15T08:05:18.000Z,1
2019-11-15T08:17:23.000Z,1
2019-11-15T08:43:16.000Z,1
2019-11-15T09:13:31.000Z,1
2019-11-15T11:06:25.000Z,1
2019-11-15T11:30:09.000Z,1
2019-11-15T11:35:57.000Z,1
2019-11-15T11:41:38.000Z,1
2019-11-15T11:57:00.000Z,1
2019-11-15T12:02:02.000Z,1
2019-11-15T12:03:54.000Z,1
2019-11-15T13:14:03.000Z,1
2019-11-15T13:16:11.000Z,1
2019-11-15T13:30:14.000Z,1
2019-11-15T13:38:26.000Z,1
2019-11-15T14:03:33.000Z,1
2019-11-15T15:43:56.000Z,1
2019-11-15T15:48:48.000Z,1
2019-11-15T16:11:37.000Z,1
2019-11-15T16:14:34.000Z,1
2019-11-15T16:41:07.000Z,1
2019-11-15T16:45:50.000Z,2
2019-11-15T16:47:01.000Z,1
2019-11-15T17:13:36.000Z,1
2019-11-15T17:20:38.000Z,2
2019-11-15T17:45:39.000Z,1
2019-11-15T17:51:54.000Z,1
2019-11-15T19:21:26.000Z,1
2019-11-15T19:26:40.000Z,1
2019-11-15T19:48:00.000Z,1
2019-11-15T20:32:58.000Z,1
2019-11-16T00:43:21.000Z,1
2019-11-16T01:40:47.000Z,1
2019-11-16T09:47:51.000Z,1
2019-11-16T09:56:23.000Z,1
2019-11-16T10:02:17.000Z,1
2019-11-16T10:59:17.000Z,2
2019-11-16T11:15:59.000Z,1
2019-11-16T11:21:44.000Z,1
2019-11-16T11:39:56.000Z,1
2019-11-16T12:11:36.000Z,1
2019-11-16T12:15:30.000Z,1
2019-11-16T13:12:36.000Z,1
2019-11-16T13:37:31.000Z,1
2019-11-16T13:52:40.000Z,2
2019-11-16T14:25:54.000Z,2
2019-11-16T15:14:51.000Z,1
2019-11-16T16:02:34.000Z,1
2019-11-16T16:33:05.000Z,1
2019-11-16T22:08:01.000Z,1
2019-11-16T22:17:29.000Z,1
2019-11-16T23:08:12.000Z,1
2019-11-17T10:13:24.000Z,1
2019-11-17T10:53:29.000Z,1
2019-11-17T10:56:19.000Z,1
2019-11-17T11:14:04.000Z,1
2019-11-17T11:35:08.000Z,1
2019-11-17T12:01:28.000Z,1
2019-11-17T12:13:19.000Z,1
2019-11-17T12:19:15.000Z,1
2019-11-17T12:46:27.000Z,1
2019-11-17T13:37:16.000Z,1
2019-11-17T13:37:08.000Z,1
2019-11-17T14:28:55.000Z,1
2019-11-17T14:56:05.000Z,1
2019-11-17T15:44:35.000Z,1
2019-11-17T16:17:45.000Z,1
2019-11-17T16:30:14.000Z,1
2019-11-18T07:20:26.000Z,1
2019-11-18T07:35:19.000Z,1
2019-11-18T07:48:56.000Z,1
2019-11-18T07:51:48.000Z,1
2019-11-18T08:27:09.000Z,1
2019-11-18T08:28:14.000Z,1
2019-11-18T08:39:25.000Z,1
2019-11-18T08:43:06.000Z,3
2019-11-18T09:04:47.000Z,1
2019-11-18T09:33:11.000Z,1
2019-11-18T11:47:33.000Z,1
2019-11-18T13:07:58.000Z,1
2019-11-18T15:31:08.000Z,1
2019-11-18T15:39:59.000Z,1
2019-11-18T16:08:30.000Z,1
2019-11-18T16:11:03.000Z,2
2019-11-18T16:55:07.000Z,1
2019-11-18T16:55:32.000Z,1
2019-11-18T16:56:37.000Z,1
2019-11-18T17:05:54.000Z,1
2019-11-18T17:07:55.000Z,1
2019-11-18T17:30:26.000Z,1
2019-11-18T17:34:05.000Z,1
2019-11-18T17:50:48.000Z,1
2019-11-18T17:59:53.000Z,1
2019-11-18T18:01:47.000Z,1
2019-11-18T18:25:04.000Z,1
2019-11-18T18:53:43.000Z,1
2019-11-18T19:15:21.000Z,1
2019-11-18T19:31:45.000Z,1
2019-11-18T20:29:51.000Z,1
2019-11-18T20:51:53.000Z,1
2019-11-18T21:05:56.000Z,1
2019-11-18T22:18:43.000Z,1
2019-11-19T06:41:58.000Z,1
2019-11-19T07:03:06.000Z,1
2019-11-19T08:07:04.000Z,1
2019-11-19T08:16:29.000Z,1
2019-11-19T08:39:38.000Z,1
2019-11-19T08:51:11.000Z,1
2019-11-19T09:06:06.000Z,1
2019-11-19T09:17:55.000Z,1
2019-11-19T10:27:50.000Z,1
2019-11-19T11:55:24.000Z,3
2019-11-19T14:18:19.000Z,1
2019-11-19T16:32:11.000Z,1
2019-11-19T16:59:03.000Z,1
2019-11-19T17:30:41.000Z,1
2019-11-19T18:24:25.000Z,1
2019-11-19T18:29:19.000Z,1
2019-11-19T19:12:43.000Z,1
2019-11-19T19:23:33.000Z,1
2019-11-19T19:53:57.000Z,1
2019-11-19T21:05:43.000Z,1
2019-11-19T21:09:42.000Z,1
2019-11-19T21:13:59.000Z,1
2019-11-19T22:10:15.000Z,1
2019-11-08T06:10:47.000Z,1
2019-11-08T08:15:31.000Z,1
2019-11-08T08:39:25.000Z,1
2019-11-08T09:08:37.000Z,2
2019-11-08T09:37:19.000Z,1
2019-11-08T09:51:05.000Z,1
2019-11-08T10:42:36.000Z,1
2019-11-08T11:07:10.000Z,1
2019-11-08T13:11:56.000Z,1
2019-11-08T13:18:50.000Z,1
2019-11-08T15:45:19.000Z,1
2019-11-08T15:48:27.000Z,1
2019-11-08T16:09:10.000Z,1
2019-11-08T16:54:51.000Z,1
2019-11-08T17:20:32.000Z,1
2019-11-08T18:08:55.000Z,1
2019-11-08T18:21:31.000Z,1
2019-11-09T14:27:59.000Z,1
2019-11-09T14:42:15.000Z,1
2019-11-08T08:05:32.000Z,1
2019-11-08T08:47:42.000Z,1
2019-11-08T12:57:14.000Z,1
2019-11-08T14:43:50.000Z,1
2019-11-08T15:11:07.000Z,1
2019-11-08T16:19:23.000Z,1
2019-11-08T17:01:01.000Z,1
2019-11-08T17:18:34.000Z,1
2019-11-08T17:37:47.000Z,2
2019-11-08T18:05:48.000Z,1
2019-11-08T18:09:49.000Z,1
2019-11-08T18:24:01.000Z,1
2019-11-08T19:13:52.000Z,1
2019-11-08T19:49:41.000Z,1
2019-11-08T20:29:15.000Z,1
2019-11-09T01:24:09.000Z,1
2019-11-09T06:14:33.000Z,1
2019-11-09T06:30:29.000Z,1
2019-11-09T06:58:57.000Z,1
2019-11-09T08:01:59.000Z,1
2019-11-09T08:45:41.000Z,2
2019-11-09T08:54:17.000Z,1
2019-11-09T10:21:58.000Z,1
2019-11-09T10:27:36.000Z,1
2019-11-09T11:21:15.000Z,1
2019-11-09T11:50:26.000Z,1
2019-11-09T11:51:31.000Z,1
2019-11-09T12:03:21.000Z,1
2019-11-09T12:17:12.000Z,1
2019-11-09T12:41:55.000Z,1
2019-11-09T13:08:16.000Z,1
2019-11-09T13:17:28.000Z,1
2019-11-09T14:05:49.000Z,1
2019-11-09T14:25:03.000Z,1
2019-11-09T14:30:44.000Z,1
2019-11-09T14:42:33.000Z,1
2019-11-09T14:48:32.000Z,1
2019-11-09T14:59:02.000Z,1
2019-11-09T15:55:28.000Z,1
2019-11-09T16:38:57.000Z,1
2019-11-09T16:57:10.000Z,1
2019-11-09T17:12:58.000Z,1
2019-11-09T17:41:21.000Z,2
2019-11-09T18:59:35.000Z,2
2019-11-09T19:24:30.000Z,1
2019-11-09T21:50:53.000Z,1
2019-11-10T10:18:12.000Z,1
2019-11-10T10:27:36.000Z,1
2019-11-10T10:31:25.000Z,1
2019-11-10T10:46:54.000Z,1
2019-11-10T11:27:33.000Z,1
2019-11-10T11:53:59.000Z,1
2019-11-10T12:13:27.000Z,1
2019-11-10T13:40:12.000Z,1
2019-11-10T13:40:39.000Z,1
2019-11-10T13:56:34.000Z,1
2019-11-10T14:51:29.000Z,1
2019-11-10T15:03:29.000Z,1
2019-11-10T15:11:00.000Z,2
2019-11-10T15:22:05.000Z,1
2019-11-10T16:49:26.000Z,1
2019-11-10T16:54:06.000Z,1
2019-11-10T17:55:57.000Z,1
2019-11-10T18:07:47.000Z,1
2019-11-10T18:41:12.000Z,1
2019-11-10T19:26:22.000Z,1
2019-11-11T03:03:36.000Z,1
2019-11-11T05:48:09.000Z,1
2019-11-11T06:38:46.000Z,1
2019-11-11T06:52:53.000Z,1
2019-11-11T07:02:11.000Z,1
2019-11-11T09:08:00.000Z,1
2019-11-11T13:55:15.000Z,1
2019-11-11T15:33:10.000Z,1
2019-11-11T16:44:27.000Z,1
2019-11-11T18:03:14.000Z,1
2019-11-11T18:57:20.000Z,1
2019-11-11T20:03:44.000Z,1
2019-11-11T20:21:59.000Z,1
2019-11-11T22:11:38.000Z,1
2019-11-12T05:16:23.000Z,1
2019-11-12T06:37:23.000Z,1
2019-11-12T07:25:16.000Z,1
2019-11-12T08:26:28.000Z,1
2019-11-12T08:33:12.000Z,1
2019-11-12T16:10:59.000Z,1
2019-11-12T16:21:26.000Z,1
2019-11-12T16:32:58.000Z,1
2019-11-12T16:51:48.000Z,1
2019-11-12T17:17:14.000Z,1
2019-11-12T17:24:11.000Z,1
2019-11-12T17:25:01.000Z,1
2019-11-12T17:26:14.000Z,3
2019-11-12T17:34:03.000Z,1
2019-11-12T17:39:02.000Z,1
2019-11-12T17:47:11.000Z,1
2019-11-12T17:50:33.000Z,1
2019-11-12T18:11:48.000Z,1
2019-11-12T18:50:36.000Z,1
2019-11-12T19:55:28.000Z,1
2019-11-12T20:02:53.000Z,1
2019-11-12T21:19:25.000Z,1
2019-11-13T05:37:42.000Z,1
2019-11-13T06:51:51.000Z,1
2019-11-13T07:40:06.000Z,1
2019-11-13T07:58:42.000Z,1
2019-11-13T08:23:57.000Z,1
2019-11-13T08:52:43.000Z,1
2019-11-13T09:24:32.000Z,1
2019-11-13T09:24:43.000Z,1
2019-11-13T10:46:14.000Z,1
2019-11-13T11:30:27.000Z,1
2019-11-13T12:46:05.000Z,1
2019-11-13T13:30:55.000Z,1
2019-11-13T14:09:56.000Z,1
2019-11-13T16:28:24.000Z,1
2019-11-13T16:48:57.000Z,1
2019-11-13T17:29:23.000Z,1
2019-11-13T17:45:07.000Z,1
2019-11-13T18:15:15.000Z,1
2019-11-13T19:33:45.000Z,1
2019-11-13T20:40:40.000Z,1
2019-11-13T21:17:43.000Z,1
2019-11-13T23:08:04.000Z,1
2019-11-14T06:11:57.000Z,1
2019-11-14T06:26:33.000Z,1
2019-11-14T06:27:31.000Z,1
2019-11-14T06:43:25.000Z,1
2019-11-14T06:51:51.000Z,1
2019-11-14T06:59:39.000Z,1
2019-11-14T07:15:45.000Z,1
2019-11-14T07:30:03.000Z,1
2019-11-14T08:00:23.000Z,1
2019-11-14T08:19:03.000Z,1
2019-11-14T08:38:56.000Z,2
2019-11-14T12:10:46.000Z,1
2019-11-14T13:41:20.000Z,1
2019-11-14T15:30:10.000Z,1
2019-11-14T16:33:41.000Z,1
2019-11-14T17:03:20.000Z,1
2019-11-14T17:16:36.000Z,1
2019-11-14T17:33:50.000Z,1
2019-11-14T18:34:15.000Z,1
2019-11-14T18:42:34.000Z,1
2019-11-14T23:05:44.000Z,1
2019-11-15T00:35:56.000Z,1
2019-11-15T02:26:58.000Z,1
2019-11-15T05:40:38.000Z,1
2019-11-15T06:41:28.000Z,1
2019-11-15T06:59:33.000Z,1
2019-11-15T07:18:37.000Z,1
2019-11-15T07:46:17.000Z,1
2019-11-15T08:04:04.000Z,1
2019-11-15T08:05:27.000Z,1
2019-11-15T08:10:05.000Z,2
2019-11-15T08:20:12.000Z,1
2019-11-15T08:21:18.000Z,1
2019-11-15T08:27:01.000Z,1
2019-11-15T08:29:45.000Z,1
2019-11-15T08:41:14.000Z,1
2019-11-15T08:47:31.000Z,1
2019-11-15T09:05:23.000Z,1
2019-11-15T09:19:04.000Z,1
2019-11-15T09:53:30.000Z,1
2019-11-15T10:12:18.000Z,1
2019-11-15T10:36:58.000Z,1
2019-11-15T10:44:39.000Z,1
2019-11-15T12:37:13.000Z,1
2019-11-15T12:43:12.000Z,1
2019-11-15T12:45:21.000Z,1
2019-11-15T13:37:07.000Z,1
2019-11-15T13:59:21.000Z,1
2019-11-15T14:30:01.000Z,1
2019-11-15T15:01:35.000Z,1
2019-11-15T15:09:06.000Z,2
2019-11-15T15:23:36.000Z,1
2019-11-15T15:30:58.000Z,1
2019-11-15T15:35:07.000Z,1
2019-11-15T16:37:22.000Z,1
2019-11-15T16:49:05.000Z,1
2019-11-15T17:02:36.000Z,1
2019-11-15T17:18:47.000Z,1
2019-11-15T17:42:12.000Z,1
2019-11-15T17:55:17.000Z,1
2019-11-15T18:50:40.000Z,1
2019-11-15T19:00:10.000Z,1
2019-11-15T20:06:53.000Z,1
2019-11-15T20:56:30.000Z,1
2019-11-15T22:17:26.000Z,1
2019-11-16T07:29:22.000Z,1
2019-11-16T09:33:06.000Z,1
2019-11-16T09:48:27.000Z,1
2019-11-16T11:08:43.000Z,1
2019-11-16T11:25:13.000Z,1
2019-11-16T11:35:41.000Z,1
2019-11-16T12:37:29.000Z,1
2019-11-16T13:19:18.000Z,1
2019-11-16T13:41:28.000Z,1
2019-11-16T14:05:35.000Z,1
2019-11-16T15:13:21.000Z,1
2019-11-16T16:16:45.000Z,1
2019-11-16T16:20:36.000Z,1
2019-11-16T16:34:39.000Z,1
2019-11-16T16:48:03.000Z,1
2019-11-16T17:11:06.000Z,1
2019-11-16T17:47:57.000Z,1
2019-11-16T21:37:44.000Z,1
2019-11-16T21:56:42.000Z,1
2019-11-17T00:27:08.000Z,1
2019-11-17T04:05:48.000Z,1
2019-11-17T06:16:15.000Z,1
2019-11-17T10:34:46.000Z,1
2019-11-17T11:13:53.000Z,1
2019-11-17T11:20:34.000Z,1
2019-11-17T11:31:21.000Z,1
2019-11-17T12:52:38.000Z,1
2019-11-17T12:53:19.000Z,1
2019-11-17T13:14:51.000Z,1
2019-11-17T13:37:13.000Z,1
2019-11-17T13:41:36.000Z,1
2019-11-17T13:51:37.000Z,1
2019-11-17T14:37:24.000Z,1
2019-11-17T14:52:31.000Z,1
2019-11-17T14:59:14.000Z,1
2019-11-17T15:26:58.000Z,1
2019-11-17T15:38:59.000Z,1
2019-11-17T16:23:43.000Z,1
2019-11-17T22:37:09.000Z,1
2019-11-17T22:50:25.000Z,1
2019-11-18T07:17:16.000Z,1
2019-11-18T07:29:04.000Z,1
2019-11-18T07:31:12.000Z,1
2019-11-18T07:58:18.000Z,1
2019-11-18T08:14:39.000Z,1
2019-11-18T08:18:03.000Z,1
2019-11-18T08:18:10.000Z,1
2019-11-18T08:54:20.000Z,1
2019-11-18T10:47:03.000Z,1
2019-11-18T10:52:03.000Z,1
2019-11-18T10:52:12.000Z,1
2019-11-18T11:22:16.000Z,1
2019-11-18T13:01:51.000Z,1
2019-11-18T13:11:29.000Z,1
2019-11-18T13:16:47.000Z,1
2019-11-18T14:09:22.000Z,1
2019-11-18T14:59:23.000Z,1
2019-11-18T15:28:13.000Z,1
2019-11-18T15:28:21.000Z,1
2019-11-18T15:41:25.000Z,1
2019-11-18T16:02:13.000Z,1
2019-11-18T16:04:44.000Z,2
2019-11-18T16:05:21.000Z,1
2019-11-18T16:17:20.000Z,1
2019-11-18T16:48:15.000Z,1
2019-11-18T17:29:39.000Z,1
2019-11-18T17:38:21.000Z,1
2019-11-18T17:53:52.000Z,1
2019-11-18T17:56:48.000Z,3
2019-11-18T18:21:49.000Z,1
2019-11-18T18:25:32.000Z,1
2019-11-18T18:35:48.000Z,1
2019-11-18T18:38:27.000Z,2
2019-11-18T18:57:00.000Z,1
2019-11-18T19:28:46.000Z,1
2019-11-19T00:47:57.000Z,1
2019-11-19T05:46:25.000Z,1
2019-11-19T06:40:19.000Z,1
2019-11-19T07:31:12.000Z,1
2019-11-19T07:33:21.000Z,1
2019-11-19T07:45:19.000Z,1
2019-11-19T09:00:15.000Z,1
2019-11-19T09:05:30.000Z,1
2019-11-19T09:31:37.000Z,1
2019-11-19T09:38:49.000Z,2
2019-11-19T09:48:04.000Z,1
2019-11-19T10:12:30.000Z,1
2019-11-19T11:20:42.000Z,1
2019-11-19T11:25:03.000Z,1
2019-11-19T11:55:25.000Z,1
2019-11-19T15:15:26.000Z,1
2019-11-19T15:34:39.000Z,1
2019-11-19T15:47:27.000Z,1
2019-11-19T16:27:22.000Z,1
2019-11-19T17:26:33.000Z,1
2019-11-19T17:32:29.000Z,2
2019-11-19T17:39:35.000Z,1
2019-11-19T17:44:38.000Z,1
2019-11-19T18:04:03.000Z,1
2019-11-19T18:16:38.000Z,1
2019-11-19T18:24:30.000Z,1
2019-11-19T18:33:55.000Z,1
2019-11-19T18:51:56.000Z,1
2019-11-19T19:19:54.000Z,1
2019-11-19T19:33:26.000Z,1
2019-11-19T19:59:40.000Z,1
2019-11-19T20:12:30.000Z,1
2019-11-19T21:12:13.000Z,1
2019-11-19T22:53:10.000Z,1
2019-11-08T06:25:42.000Z,1
2019-11-08T07:07:07.000Z,1
2019-11-08T08:03:44.000Z,1
2019-11-08T08:03:56.000Z,1
2019-11-08T08:10:35.000Z,1
2019-11-08T08:14:11.000Z,1
2019-11-08T08:28:29.000Z,1
2019-11-08T12:25:13.000Z,1
2019-11-08T13:08:34.000Z,1
2019-11-08T14:14:48.000Z,1
2019-11-08T15:00:59.000Z,1
2019-11-08T15:05:05.000Z,1
2019-11-08T15:25:24.000Z,1
2019-11-08T16:39:23.000Z,1
2019-11-08T17:26:50.000Z,1
2019-11-08T22:00:38.000Z,1
2019-11-08T23:36:47.000Z,1
2019-11-10T13:30:43.000Z,1
2019-11-08T09:31:03.000Z,1
2019-11-08T09:46:08.000Z,1
2019-11-08T11:16:47.000Z,1
2019-11-08T12:46:29.000Z,1
2019-11-08T15:13:23.000Z,2
2019-11-08T16:08:34.000Z,1
2019-11-08T16:18:33.000Z,1
2019-11-08T16:29:16.000Z,1
2019-11-08T16:49:58.000Z,1
2019-11-08T16:51:33.000Z,1
2019-11-08T16:59:01.000Z,1
2019-11-08T17:18:57.000Z,1
2019-11-08T17:25:17.000Z,1
2019-11-08T19:57:03.000Z,1
2019-11-08T20:22:15.000Z,1
2019-11-08T20:52:18.000Z,1
2019-11-09T08:53:04.000Z,1
2019-11-09T09:15:45.000Z,1
2019-11-09T11:34:48.000Z,1
2019-11-09T11:36:59.000Z,1
2019-11-09T12:01:39.000Z,1
2019-11-09T12:15:16.000Z,2
2019-11-09T12:29:47.000Z,1
2019-11-09T12:32:13.000Z,1
2019-11-09T13:05:22.000Z,1
2019-11-09T13:05:20.000Z,1
2019-11-09T14:33:34.000Z,1
2019-11-09T14:47:10.000Z,1
2019-11-09T15:04:44.000Z,1
2019-11-09T15:14:38.000Z,1
2019-11-09T15:59:14.000Z,1
2019-11-09T16:25:51.000Z,1
2019-11-09T17:47:54.000Z,1
2019-11-09T19:30:23.000Z,1
2019-11-09T20:34:56.000Z,1
2019-11-09T22:10:07.000Z,1
2019-11-09T23:52:19.000Z,1
2019-11-10T00:27:09.000Z,2
2019-11-10T01:44:56.000Z,1
2019-11-10T02:16:59.000Z,1
2019-11-10T09:53:16.000Z,1
2019-11-10T10:18:14.000Z,1
2019-11-10T10:36:12.000Z,1
2019-11-10T10:45:17.000Z,1
2019-11-10T10:45:50.000Z,1
2019-11-10T11:03:26.000Z,1
2019-11-10T11:59:35.000Z,1
2019-11-10T12:16:19.000Z,1
2019-11-10T12:37:52.000Z,1
2019-11-10T14:14:58.000Z,1
2019-11-10T14:18:14.000Z,2
2019-11-10T15:17:31.000Z,1
2019-11-10T15:17:32.000Z,1
2019-11-10T15:50:05.000Z,1
2019-11-10T16:11:06.000Z,1
2019-11-10T16:47:17.000Z,1
2019-11-10T16:57:21.000Z,1
2019-11-10T17:09:49.000Z,1
2019-11-10T18:05:06.000Z,1
2019-11-10T18:09:21.000Z,1
2019-11-10T19:22:28.000Z,1
2019-11-10T19:23:18.000Z,1
2019-11-10T21:12:22.000Z,1
2019-11-11T05:54:31.000Z,1
2019-11-11T07:23:07.000Z,1
2019-11-11T08:02:38.000Z,1
2019-11-11T15:57:23.000Z,1
2019-11-11T16:00:10.000Z,1
2019-11-11T16:16:36.000Z,1
2019-11-11T16:37:16.000Z,1
2019-11-11T17:42:43.000Z,1
2019-11-11T19:37:41.000Z,1
2019-11-11T20:38:51.000Z,1
2019-11-11T20:46:42.000Z,1
2019-11-11T21:59:30.000Z,1
2019-11-12T05:25:20.000Z,1
2019-11-12T07:28:17.000Z,1
2019-11-12T07:37:27.000Z,1
2019-11-12T07:57:48.000Z,1
2019-11-12T07:59:50.000Z,1
2019-11-12T08:01:16.000Z,1
2019-11-12T08:08:43.000Z,1
2019-11-12T12:33:07.000Z,1
2019-11-12T12:45:23.000Z,1
2019-11-12T15:30:07.000Z,1
2019-11-12T15:57:12.000Z,1
2019-11-12T16:08:29.000Z,1
2019-11-12T17:01:08.000Z,1
2019-11-12T17:05:37.000Z,1
2019-11-12T17:09:50.000Z,2
2019-11-12T17:25:08.000Z,1
2019-11-12T17:32:35.000Z,1
2019-11-12T17:33:50.000Z,1
2019-11-12T17:57:40.000Z,1
2019-11-12T19:52:00.000Z,1
2019-11-12T20:25:54.000Z,1
2019-11-13T04:02:55.000Z,1
2019-11-13T06:10:43.000Z,1
2019-11-13T06:20:19.000Z,1
2019-11-13T06:52:04.000Z,1
2019-11-13T07:30:12.000Z,1
2019-11-13T08:47:32.000Z,1
2019-11-13T09:27:00.000Z,1
2019-11-13T12:02:58.000Z,1
2019-11-13T16:48:17.000Z,1
2019-11-13T16:52:27.000Z,1
2019-11-13T17:09:15.000Z,1
2019-11-13T17:15:34.000Z,1
2019-11-13T17:23:30.000Z,1
2019-11-13T17:32:38.000Z,1
2019-11-13T18:05:37.000Z,1
2019-11-13T18:22:03.000Z,1
2019-11-13T18:59:08.000Z,1
2019-11-14T07:34:29.000Z,1
2019-11-14T08:36:58.000Z,1
2019-11-14T08:43:19.000Z,1
2019-11-14T08:43:32.000Z,1
2019-11-14T08:56:41.000Z,1
2019-11-14T09:36:19.000Z,1
2019-11-14T10:00:45.000Z,1
2019-11-14T10:41:43.000Z,1
2019-11-14T12:52:02.000Z,1
2019-11-14T13:06:28.000Z,1
2019-11-14T14:40:38.000Z,1
2019-11-14T15:55:41.000Z,2
2019-11-14T16:08:50.000Z,1
2019-11-14T17:02:32.000Z,1
2019-11-14T17:22:51.000Z,1
2019-11-14T17:32:09.000Z,1
2019-11-14T17:36:36.000Z,2
2019-11-14T17:49:26.000Z,1
2019-11-14T18:49:23.000Z,3
2019-11-14T19:21:33.000Z,1
2019-11-15T05:36:14.000Z,1
2019-11-15T06:23:18.000Z,1
2019-11-15T07:34:35.000Z,1
2019-11-15T08:09:14.000Z,1
2019-11-15T08:21:17.000Z,1
2019-11-15T08:22:09.000Z,1
2019-11-15T08:36:18.000Z,1
2019-11-15T08:38:57.000Z,1
2019-11-15T08:46:08.000Z,1
2019-11-15T08:52:16.000Z,2
2019-11-15T09:19:20.000Z,1
2019-11-15T10:54:32.000Z,1
2019-11-15T11:18:03.000Z,1
2019-11-15T11:29:51.000Z,1
2019-11-15T13:02:24.000Z,1
2019-11-15T13:32:43.000Z,1
2019-11-15T16:03:48.000Z,1
2019-11-15T16:10:41.000Z,1
2019-11-15T16:11:04.000Z,1
2019-11-15T16:20:30.000Z,1
2019-11-15T17:00:26.000Z,1
2019-11-15T17:04:56.000Z,2
2019-11-15T17:16:27.000Z,1
2019-11-15T17:30:56.000Z,1
2019-11-15T18:19:23.000Z,1
2019-11-15T18:22:14.000Z,2
2019-11-15T18:57:06.000Z,1
2019-11-15T19:30:05.000Z,1
2019-11-15T20:08:46.000Z,1
2019-11-15T20:50:01.000Z,1
2019-11-15T23:01:22.000Z,1
2019-11-15T23:25:52.000Z,1
2019-11-16T00:08:01.000Z,1
2019-11-16T09:36:10.000Z,1
2019-11-16T10:09:13.000Z,1
2019-11-16T10:20:11.000Z,1
2019-11-16T10:29:01.000Z,1
2019-11-16T10:32:42.000Z,1
2019-11-16T11:00:32.000Z,1
2019-11-16T11:08:07.000Z,1
2019-11-16T11:14:13.000Z,1
2019-11-16T11:17:36.000Z,2
2019-11-16T12:04:51.000Z,1
2019-11-16T12:23:21.000Z,1
2019-11-16T12:55:28.000Z,1
2019-11-16T13:06:08.000Z,1
2019-11-16T13:39:27.000Z,1
2019-11-16T13:53:54.000Z,1
2019-11-16T14:27:25.000Z,1
2019-11-16T15:01:35.000Z,1
2019-11-16T15:36:06.000Z,1
2019-11-16T15:37:38.000Z,1
2019-11-16T15:48:21.000Z,2
2019-11-16T16:16:25.000Z,1
2019-11-16T16:58:48.000Z,1
2019-11-16T17:29:34.000Z,1
2019-11-16T17:57:49.000Z,1
2019-11-16T18:14:55.000Z,1
2019-11-16T18:18:00.000Z,1
2019-11-16T19:16:42.000Z,1
2019-11-16T19:24:54.000Z,1
2019-11-16T19:30:51.000Z,1
2019-11-16T22:04:24.000Z,1
2019-11-17T00:22:54.000Z,1
2019-11-17T08:50:25.000Z,1
2019-11-17T09:10:49.000Z,1
2019-11-17T09:33:44.000Z,1
2019-11-17T11:13:49.000Z,1
2019-11-17T11:41:55.000Z,1
2019-11-17T12:02:27.000Z,1
2019-11-17T12:20:02.000Z,1
2019-11-17T12:40:38.000Z,1
2019-11-17T13:17:34.000Z,1
2019-11-17T13:23:52.000Z,1
2019-11-17T13:35:34.000Z,1
2019-11-17T13:43:15.000Z,1
2019-11-17T13:56:02.000Z,1
2019-11-17T13:56:41.000Z,1
2019-11-17T15:12:24.000Z,1
2019-11-17T15:31:24.000Z,1
2019-11-17T18:04:08.000Z,1
2019-11-17T18:20:47.000Z,1
2019-11-17T18:41:01.000Z,1
2019-11-17T22:56:24.000Z,1
2019-11-18T00:21:07.000Z,1
2019-11-18T06:02:23.000Z,1
2019-11-18T06:05:49.000Z,1
2019-11-18T06:36:41.000Z,1
2019-11-18T07:16:02.000Z,1
2019-11-18T07:22:19.000Z,1
2019-11-18T07:39:13.000Z,1
2019-11-18T07:58:16.000Z,1
2019-11-18T09:06:58.000Z,2
2019-11-18T09:32:11.000Z,1
2019-11-18T09:42:52.000Z,1
2019-11-18T11:04:05.000Z,1
2019-11-18T11:29:37.000Z,1
2019-11-18T12:47:46.000Z,1
2019-11-18T13:19:10.000Z,1
2019-11-18T13:44:04.000Z,1
2019-11-18T16:02:21.000Z,1
2019-11-18T16:08:05.000Z,1
2019-11-18T16:44:18.000Z,1
2019-11-18T16:56:25.000Z,2
2019-11-18T17:28:18.000Z,1
2019-11-18T17:45:12.000Z,1
2019-11-18T17:45:26.000Z,1
2019-11-18T17:54:10.000Z,2
2019-11-18T18:48:40.000Z,1
2019-11-18T20:15:34.000Z,1
2019-11-18T21:03:22.000Z,1
2019-11-18T21:21:18.000Z,1
2019-11-18T21:52:05.000Z,1
2019-11-19T00:00:39.000Z,1
2019-11-19T05:22:49.000Z,1
2019-11-19T06:33:35.000Z,1
2019-11-19T06:49:55.000Z,1
2019-11-19T07:01:33.000Z,1
2019-11-19T07:03:12.000Z,1
2019-11-19T07:07:36.000Z,1
2019-11-19T07:16:41.000Z,1
2019-11-19T07:17:23.000Z,1
2019-11-19T07:40:19.000Z,1
2019-11-19T07:43:33.000Z,1
2019-11-19T07:46:01.000Z,1
2019-11-19T07:55:04.000Z,1
2019-11-19T07:59:54.000Z,1
2019-11-19T08:01:41.000Z,1
2019-11-19T08:10:34.000Z,1
2019-11-19T08:15:44.000Z,1
2019-11-19T08:28:24.000Z,1
2019-11-19T08:48:38.000Z,1
2019-11-19T09:01:07.000Z,1
2019-11-19T09:09:11.000Z,1
2019-11-19T09:16:19.000Z,1
2019-11-19T09:32:33.000Z,1
2019-11-19T11:16:42.000Z,1
2019-11-19T11:40:50.000Z,1
2019-11-19T12:04:01.000Z,1
2019-11-19T15:17:11.000Z,1
2019-11-19T15:22:47.000Z,1
2019-11-19T16:09:27.000Z,1
2019-11-19T16:11:58.000Z,1
2019-11-19T16:21:51.000Z,1
2019-11-19T16:41:49.000Z,1
2019-11-19T17:24:15.000Z,1
2019-11-19T17:26:46.000Z,1
2019-11-19T17:42:24.000Z,1
2019-11-19T17:44:18.000Z,1
2019-11-19T18:15:12.000Z,1
2019-11-19T18:21:03.000Z,1
2019-11-19T18:26:40.000Z,1
2019-11-19T18:35:22.000Z,1
2019-11-19T18:41:25.000Z,1
2019-11-19T19:14:29.000Z,2
2019-11-19T19:25:00.000Z,1
2019-11-19T19:50:07.000Z,1
2019-11-19T20:35:48.000Z,2
2019-11-19T21:05:57.000Z,2
2019-11-19T21:46:24.000Z,1
2019-11-19T22:48:29.000Z,1
2019-11-19T23:32:37.000Z,1
2019-11-08T06:11:27.000Z,1
2019-11-08T06:56:52.000Z,1
2019-11-08T06:58:11.000Z,1
2019-11-08T07:09:12.000Z,1
2019-11-08T07:55:56.000Z,1
2019-11-08T08:12:14.000Z,1
2019-11-08T08:33:13.000Z,1
2019-11-08T08:46:50.000Z,1
2019-11-08T09:01:10.000Z,1
2019-11-08T11:36:58.000Z,1
2019-11-08T11:56:24.000Z,1
2019-11-08T13:51:57.000Z,1
2019-11-08T15:05:08.000Z,1
2019-11-08T15:06:36.000Z,1
2019-11-08T15:12:30.000Z,1
2019-11-08T15:13:14.000Z,1
2019-11-08T16:39:04.000Z,1
2019-11-08T17:27:48.000Z,1
2019-11-08T17:40:05.000Z,1
2019-11-08T23:39:22.000Z,1
2019-11-09T11:21:07.000Z,1
2019-11-09T11:54:25.000Z,1
2019-11-09T13:54:22.000Z,1
2019-11-08T15:49:14.000Z,1
2019-11-08T17:00:29.000Z,1
2019-11-08T17:04:21.000Z,1
2019-11-08T17:40:16.000Z,1
2019-11-08T18:17:49.000Z,1
2019-11-08T18:25:03.000Z,1
2019-11-08T18:52:15.000Z,1
2019-11-08T19:59:25.000Z,1
2019-11-08T21:37:18.000Z,1
2019-11-09T11:15:51.000Z,1
2019-11-09T11:56:21.000Z,1
2019-11-09T11:57:35.000Z,1
2019-11-09T11:58:19.000Z,1
2019-11-09T12:27:58.000Z,1
2019-11-09T12:36:55.000Z,1
2019-11-09T12:37:03.000Z,1
2019-11-09T13:12:07.000Z,1
2019-11-09T13:45:25.000Z,2
2019-11-09T14:18:05.000Z,1
2019-11-09T14:21:48.000Z,1
2019-11-09T14:38:35.000Z,1
2019-11-09T14:53:51.000Z,1
2019-11-09T15:03:28.000Z,1
2019-11-09T15:08:12.000Z,1
2019-11-09T15:45:23.000Z,1
2019-11-09T15:52:59.000Z,1
2019-11-09T16:01:54.000Z,1
2019-11-09T16:44:37.000Z,1
2019-11-09T18:35:26.000Z,1
2019-11-09T19:10:58.000Z,1
2019-11-09T19:27:08.000Z,1
2019-11-09T19:28:11.000Z,1
2019-11-10T08:41:27.000Z,1
2019-11-10T08:55:44.000Z,1
2019-11-10T09:02:09.000Z,1
2019-11-10T09:31:58.000Z,1
2019-11-10T10:21:08.000Z,1
2019-11-10T10:31:48.000Z,1
2019-11-10T10:31:41.000Z,1
2019-11-10T11:34:12.000Z,1
2019-11-10T12:05:53.000Z,2
2019-11-10T12:47:25.000Z,1
2019-11-10T14:23:21.000Z,1
2019-11-10T14:24:38.000Z,1
2019-11-10T14:30:30.000Z,1
2019-11-10T15:45:56.000Z,1
2019-11-10T16:03:36.000Z,1
2019-11-10T16:07:06.000Z,1
2019-11-10T16:08:15.000Z,1
2019-11-10T17:03:52.000Z,1
2019-11-10T19:00:48.000Z,1
2019-11-10T20:26:52.000Z,1
2019-11-10T21:02:14.000Z,1
2019-11-11T06:39:31.000Z,1
2019-11-11T08:01:48.000Z,1
2019-11-11T09:19:59.000Z,1
2019-11-11T09:56:59.000Z,1
2019-11-11T15:58:49.000Z,1
2019-11-11T16:09:22.000Z,2
2019-11-11T17:25:01.000Z,1
2019-11-11T18:20:40.000Z,1
2019-11-11T18:28:49.000Z,1
2019-11-11T21:18:07.000Z,1
2019-11-11T23:27:24.000Z,1
2019-11-12T05:19:03.000Z,1
2019-11-12T08:36:38.000Z,1
2019-11-12T09:19:18.000Z,1
2019-11-12T12:16:14.000Z,1
2019-11-12T13:55:17.000Z,1
2019-11-12T15:05:44.000Z,1
2019-11-12T16:03:39.000Z,1
2019-11-12T16:38:15.000Z,1
2019-11-12T17:38:56.000Z,1
2019-11-12T18:04:42.000Z,1
2019-11-12T20:05:23.000Z,1
2019-11-13T06:16:32.000Z,1
2019-11-13T06:42:13.000Z,1
2019-11-13T07:13:54.000Z,1
2019-11-13T07:29:08.000Z,2
2019-11-13T08:33:50.000Z,1
2019-11-13T14:52:42.000Z,1
2019-11-13T16:13:26.000Z,1
2019-11-13T17:28:18.000Z,1
2019-11-13T17:56:34.000Z,1
2019-11-13T18:14:34.000Z,1
2019-11-13T19:26:37.000Z,1
2019-11-13T19:40:53.000Z,1
2019-11-13T20:17:56.000Z,1
2019-11-14T06:14:20.000Z,1
2019-11-14T07:53:22.000Z,1
2019-11-14T08:01:09.000Z,1
2019-11-14T08:02:44.000Z,1
2019-11-14T08:11:15.000Z,1
2019-11-14T08:11:19.000Z,1
2019-11-14T08:39:31.000Z,1
2019-11-14T08:44:19.000Z,1
2019-11-14T08:50:40.000Z,1
2019-11-14T09:28:27.000Z,1
2019-11-14T09:32:03.000Z,1
2019-11-14T09:45:26.000Z,1
2019-11-14T09:59:11.000Z,1
2019-11-14T10:09:58.000Z,1
2019-11-14T13:46:01.000Z,1
2019-11-14T13:50:52.000Z,1
2019-11-14T15:01:44.000Z,1
2019-11-14T15:30:31.000Z,1
2019-11-14T15:33:35.000Z,1
2019-11-14T16:20:07.000Z,1
2019-11-14T16:41:06.000Z,1
2019-11-14T16:46:43.000Z,1
2019-11-14T16:52:36.000Z,1
2019-11-14T16:53:06.000Z,1
2019-11-14T17:04:13.000Z,1
2019-11-14T17:08:13.000Z,1
2019-11-14T17:25:53.000Z,1
2019-11-14T17:44:45.000Z,1
2019-11-14T18:23:38.000Z,1
2019-11-14T18:29:24.000Z,1
2019-11-14T18:36:36.000Z,1
2019-11-14T18:39:50.000Z,1
2019-11-14T20:18:02.000Z,1
2019-11-14T21:38:03.000Z,1
2019-11-14T22:03:23.000Z,1
2019-11-14T23:02:22.000Z,1
2019-11-14T23:04:56.000Z,1
2019-11-15T07:24:45.000Z,1
2019-11-15T07:40:47.000Z,1
2019-11-15T07:53:51.000Z,1
2019-11-15T08:07:48.000Z,1
2019-11-15T08:34:41.000Z,1
2019-11-15T08:43:14.000Z,1
2019-11-15T09:23:34.000Z,1
2019-11-15T11:10:35.000Z,1
2019-11-15T12:02:16.000Z,1
2019-11-15T12:06:08.000Z,1
2019-11-15T12:14:05.000Z,1
2019-11-15T12:19:07.000Z,1
2019-11-15T12:53:17.000Z,1
2019-11-15T13:12:50.000Z,1
2019-11-15T14:01:40.000Z,1
2019-11-15T14:21:36.000Z,1
2019-11-15T14:37:04.000Z,1
2019-11-15T14:45:21.000Z,1
2019-11-15T15:19:09.000Z,1
2019-11-15T15:34:55.000Z,1
2019-11-15T15:47:26.000Z,1
2019-11-15T16:26:29.000Z,1
2019-11-15T16:35:35.000Z,1
2019-11-15T16:36:28.000Z,1
2019-11-15T16:54:25.000Z,1
2019-11-15T16:59:49.000Z,1
2019-11-15T17:04:18.000Z,1
2019-11-15T17:40:59.000Z,1
2019-11-15T17:50:49.000Z,1
2019-11-15T17:53:57.000Z,1
2019-11-15T18:41:25.000Z,1
2019-11-15T19:00:08.000Z,1
2019-11-15T19:31:33.000Z,1
2019-11-15T19:58:21.000Z,1
2019-11-15T20:11:15.000Z,1
2019-11-16T01:54:10.000Z,1
2019-11-16T05:22:28.000Z,1
2019-11-16T08:30:42.000Z,1
2019-11-16T08:32:58.000Z,1
2019-11-16T10:07:50.000Z,1
2019-11-16T10:36:02.000Z,2
2019-11-16T10:57:13.000Z,2
2019-11-16T12:30:26.000Z,1
2019-11-16T12:38:38.000Z,1
2019-11-16T14:08:43.000Z,1
2019-11-16T14:23:43.000Z,1
2019-11-16T15:10:14.000Z,1
2019-11-16T15:15:53.000Z,1
2019-11-16T15:16:36.000Z,2
2019-11-16T15:42:37.000Z,1
2019-11-16T15:48:08.000Z,1
2019-11-16T18:37:04.000Z,1
2019-11-16T18:45:21.000Z,1
2019-11-16T19:19:26.000Z,1
2019-11-17T08:55:13.000Z,1
2019-11-17T09:18:21.000Z,1
2019-11-17T09:51:27.000Z,1
2019-11-17T13:30:02.000Z,1
2019-11-17T13:47:25.000Z,1
2019-11-17T14:01:09.000Z,1
2019-11-17T14:18:11.000Z,1
2019-11-17T14:24:39.000Z,1
2019-11-17T14:36:57.000Z,1
2019-11-17T14:55:01.000Z,1
2019-11-17T14:58:34.000Z,1
2019-11-17T15:29:59.000Z,1
2019-11-17T15:48:37.000Z,1
2019-11-17T18:42:44.000Z,1
2019-11-17T19:00:05.000Z,2
2019-11-17T21:50:12.000Z,1
2019-11-18T06:28:38.000Z,1
2019-11-18T06:44:11.000Z,1
2019-11-18T07:04:43.000Z,1
2019-11-18T07:26:28.000Z,1
2019-11-18T07:28:47.000Z,1
2019-11-18T07:34:24.000Z,1
2019-11-18T07:54:02.000Z,1
2019-11-18T07:59:48.000Z,1
2019-11-18T08:15:03.000Z,1
2019-11-18T08:28:41.000Z,2
2019-11-18T09:06:04.000Z,1
2019-11-18T09:17:22.000Z,1
2019-11-18T09:59:28.000Z,1
2019-11-18T10:47:43.000Z,1
2019-11-18T11:06:57.000Z,1
2019-11-18T11:32:46.000Z,1
2019-11-18T12:00:05.000Z,1
2019-11-18T12:00:53.000Z,1
2019-11-18T14:13:08.000Z,1
2019-11-18T14:15:12.000Z,1
2019-11-18T16:33:51.000Z,1
2019-11-18T16:37:04.000Z,1
2019-11-18T16:43:06.000Z,1
2019-11-18T17:06:20.000Z,1
2019-11-18T17:31:15.000Z,1
2019-11-18T17:37:35.000Z,1
2019-11-18T17:49:38.000Z,1
2019-11-18T17:53:44.000Z,1
2019-11-18T18:11:01.000Z,1
2019-11-18T18:14:13.000Z,1
2019-11-18T18:21:56.000Z,1
2019-11-18T19:03:23.000Z,1
2019-11-18T20:24:04.000Z,1
2019-11-18T20:55:43.000Z,1
2019-11-18T21:27:35.000Z,1
2019-11-19T06:12:48.000Z,2
2019-11-19T06:28:14.000Z,1
2019-11-19T06:53:06.000Z,1
2019-11-19T07:11:10.000Z,1
2019-11-19T07:12:12.000Z,1
2019-11-19T07:48:08.000Z,1
2019-11-19T08:01:59.000Z,1
2019-11-19T08:40:50.000Z,2
2019-11-19T08:53:09.000Z,1
2019-11-19T08:55:15.000Z,1
2019-11-19T09:57:42.000Z,1
2019-11-19T10:46:31.000Z,1
2019-11-19T11:19:30.000Z,1
2019-11-19T11:49:48.000Z,1
2019-11-19T12:21:07.000Z,2
2019-11-19T15:28:51.000Z,1
2019-11-19T15:34:49.000Z,1
2019-11-19T16:00:14.000Z,1
2019-11-19T16:03:45.000Z,1
2019-11-19T16:07:47.000Z,1
2019-11-19T16:33:37.000Z,1
2019-11-19T16:37:08.000Z,2
2019-11-19T16:57:14.000Z,1
2019-11-19T17:38:59.000Z,1
2019-11-19T17:56:22.000Z,1
2019-11-19T17:57:16.000Z,2
2019-11-19T17:58:37.000Z,1
2019-11-19T18:02:54.000Z,1
2019-11-19T18:10:13.000Z,1
2019-11-19T18:11:06.000Z,1
2019-11-19T18:39:52.000Z,1
2019-11-19T19:05:04.000Z,1
2019-11-19T19:09:20.000Z,1
2019-11-19T19:19:21.000Z,1
2019-11-19T20:11:20.000Z,1
2019-11-19T20:18:00.000Z,1
2019-11-19T21:37:28.000Z,1
2019-11-19T22:14:37.000Z,1
2019-11-08T05:44:00.000Z,1
2019-11-08T06:05:00.000Z,1
2019-11-08T06:44:43.000Z,1
2019-11-08T07:07:58.000Z,1
2019-11-08T07:36:46.000Z,1
2019-11-08T07:40:58.000Z,1
2019-11-08T07:42:48.000Z,1
2019-11-08T07:52:56.000Z,1
2019-11-08T08:21:21.000Z,1
2019-11-08T08:48:30.000Z,1
2019-11-08T08:57:06.000Z,1
2019-11-08T09:23:00.000Z,1
2019-11-08T09:49:58.000Z,1
2019-11-08T11:32:50.000Z,1
2019-11-08T12:15:55.000Z,1
2019-11-08T13:25:40.000Z,1
2019-11-08T14:14:16.000Z,1
2019-11-08T16:41:25.000Z,1
2019-11-08T16:55:33.000Z,1
2019-11-09T11:01:04.000Z,1
2019-11-10T10:08:10.000Z,1
2019-11-08T11:23:53.000Z,1
2019-11-08T11:44:12.000Z,1
2019-11-08T13:09:13.000Z,1
2019-11-08T13:17:42.000Z,1
2019-11-08T15:44:14.000Z,1
2019-11-08T15:53:22.000Z,1
2019-11-08T16:01:43.000Z,1
2019-11-08T16:16:06.000Z,1
2019-11-08T16:23:53.000Z,1
2019-11-08T17:06:51.000Z,1
2019-11-08T17:54:08.000Z,1
2019-11-08T18:23:14.000Z,1
2019-11-08T19:09:07.000Z,1
2019-11-08T21:33:46.000Z,1
2019-11-09T05:39:11.000Z,1
2019-11-09T11:21:59.000Z,2
2019-11-09T11:22:01.000Z,1
2019-11-09T11:24:52.000Z,1
2019-11-09T11:44:58.000Z,1
2019-11-09T12:45:55.000Z,1
2019-11-09T12:56:20.000Z,2
2019-11-09T13:02:16.000Z,1
2019-11-09T13:05:02.000Z,2
2019-11-09T13:17:22.000Z,1
2019-11-09T13:29:21.000Z,1
2019-11-09T14:04:21.000Z,1
2019-11-09T15:28:39.000Z,2
2019-11-09T15:55:15.000Z,2
2019-11-09T16:10:43.000Z,1
2019-11-09T16:53:07.000Z,1
2019-11-09T17:34:52.000Z,1
2019-11-09T18:16:40.000Z,1
2019-11-09T18:52:36.000Z,1
2019-11-09T22:45:02.000Z,1
2019-11-10T03:18:59.000Z,1
2019-11-10T07:42:17.000Z,1
2019-11-10T07:49:31.000Z,1
2019-11-10T08:03:15.000Z,1
2019-11-10T09:21:36.000Z,1
2019-11-10T09:32:22.000Z,2
2019-11-10T10:33:44.000Z,1
2019-11-10T11:12:56.000Z,1
2019-11-10T11:46:30.000Z,1
2019-11-10T11:51:32.000Z,1
2019-11-10T12:21:00.000Z,1
2019-11-10T12:35:01.000Z,2
2019-11-10T12:45:28.000Z,1
2019-11-10T13:27:50.000Z,1
2019-11-10T13:50:33.000Z,1
2019-11-10T14:43:14.000Z,1
2019-11-10T15:54:24.000Z,1
2019-11-10T16:45:44.000Z,1
2019-11-10T17:43:00.000Z,1
2019-11-10T17:55:54.000Z,1
2019-11-10T19:14:25.000Z,1
2019-11-10T19:41:30.000Z,1
2019-11-10T21:26:14.000Z,1
2019-11-10T21:57:32.000Z,1
2019-11-11T07:32:28.000Z,1
2019-11-11T15:21:35.000Z,1
2019-11-11T17:17:24.000Z,1
2019-11-11T17:25:21.000Z,1
2019-11-11T17:32:01.000Z,1
2019-11-11T17:52:09.000Z,1
2019-11-12T06:35:28.000Z,1
2019-11-12T07:57:55.000Z,1
2019-11-12T09:00:49.000Z,1
2019-11-12T09:04:43.000Z,1
2019-11-12T10:31:44.000Z,1
2019-11-12T12:37:54.000Z,1
2019-11-12T13:10:58.000Z,1
2019-11-12T14:14:28.000Z,1
2019-11-12T14:45:19.000Z,1
2019-11-12T15:33:39.000Z,1
2019-11-12T15:44:02.000Z,1
2019-11-12T16:04:16.000Z,1
2019-11-12T16:22:31.000Z,1
2019-11-12T16:36:55.000Z,1
2019-11-12T17:43:51.000Z,1
2019-11-12T18:11:29.000Z,1
2019-11-12T18:44:36.000Z,2
2019-11-12T18:51:04.000Z,1
2019-11-12T19:33:18.000Z,1
2019-11-12T20:00:34.000Z,1
2019-11-12T20:05:28.000Z,1
2019-11-13T07:16:59.000Z,1
2019-11-13T07:21:37.000Z,1
2019-11-13T07:44:44.000Z,1
2019-11-13T07:53:23.000Z,1
2019-11-13T08:03:05.000Z,1
2019-11-13T09:44:39.000Z,1
2019-11-13T11:55:52.000Z,1
2019-11-13T12:04:14.000Z,1
2019-11-13T15:16:19.000Z,1
2019-11-13T15:28:49.000Z,1
2019-11-13T16:06:51.000Z,1
2019-11-13T16:50:01.000Z,1
2019-11-13T17:05:03.000Z,1
2019-11-13T17:17:18.000Z,1
2019-11-13T17:50:06.000Z,1
2019-11-13T18:05:07.000Z,1
2019-11-13T18:06:26.000Z,1
2019-11-13T18:11:52.000Z,1
2019-11-13T18:13:04.000Z,1
2019-11-13T18:18:32.000Z,1
2019-11-13T18:25:31.000Z,1
2019-11-13T18:46:10.000Z,1
2019-11-13T18:50:24.000Z,1
2019-11-13T20:51:37.000Z,1
2019-11-13T20:53:58.000Z,1
2019-11-13T21:56:47.000Z,1
2019-11-14T06:51:23.000Z,1
2019-11-14T08:10:38.000Z,1
2019-11-14T08:13:39.000Z,2
2019-11-14T08:35:21.000Z,1
2019-11-14T08:39:04.000Z,1
2019-11-14T08:54:26.000Z,1
2019-11-14T09:16:30.000Z,1
2019-11-14T09:17:21.000Z,1
2019-11-14T09:21:28.000Z,1
2019-11-14T09:40:02.000Z,1
2019-11-14T10:12:53.000Z,1
2019-11-14T10:51:23.000Z,1
2019-11-14T11:43:47.000Z,1
2019-11-14T13:31:36.000Z,1
2019-11-14T14:42:41.000Z,1
2019-11-14T14:47:32.000Z,1
2019-11-14T15:12:49.000Z,1
2019-11-14T15:57:30.000Z,1
2019-11-14T16:21:01.000Z,1
2019-11-14T16:36:55.000Z,2
2019-11-14T17:13:45.000Z,1
2019-11-14T17:53:03.000Z,1
2019-11-14T18:05:58.000Z,1
2019-11-14T18:15:46.000Z,2
2019-11-14T18:30:53.000Z,1
2019-11-14T23:04:17.000Z,1
2019-11-15T07:20:10.000Z,1
2019-11-15T07:34:51.000Z,1
2019-11-15T07:36:13.000Z,1
2019-11-15T07:53:28.000Z,1
2019-11-15T07:57:55.000Z,1
2019-11-15T08:03:41.000Z,1
2019-11-15T08:26:05.000Z,2
2019-11-15T09:18:45.000Z,1
2019-11-15T09:45:46.000Z,1
2019-11-15T13:12:14.000Z,1
2019-11-15T13:55:00.000Z,1
2019-11-15T13:59:27.000Z,1
2019-11-15T13:59:52.000Z,1
2019-11-15T14:26:00.000Z,1
2019-11-15T14:33:41.000Z,1
2019-11-15T15:54:41.000Z,1
2019-11-15T15:56:39.000Z,1
2019-11-15T16:24:03.000Z,1
2019-11-15T17:03:40.000Z,1
2019-11-15T17:18:33.000Z,1
2019-11-15T17:23:05.000Z,1
2019-11-15T17:53:47.000Z,1
2019-11-15T17:59:37.000Z,1
2019-11-15T18:13:35.000Z,1
2019-11-15T18:35:15.000Z,1
2019-11-15T20:02:43.000Z,1
2019-11-16T06:46:01.000Z,1
2019-11-16T07:19:30.000Z,1
2019-11-16T07:59:24.000Z,1
2019-11-16T09:24:36.000Z,1
2019-11-16T09:52:48.000Z,1
2019-11-16T10:26:53.000Z,1
2019-11-16T10:40:46.000Z,1
2019-11-16T11:12:18.000Z,1
2019-11-16T11:28:42.000Z,2
2019-11-16T11:56:42.000Z,1
2019-11-16T12:26:40.000Z,1
2019-11-16T12:36:51.000Z,1
2019-11-16T12:57:50.000Z,1
2019-11-16T13:15:53.000Z,1
2019-11-16T13:56:48.000Z,1
2019-11-16T16:40:08.000Z,1
2019-11-16T16:44:22.000Z,1
2019-11-16T17:08:25.000Z,1
2019-11-16T17:47:39.000Z,1
2019-11-16T18:43:44.000Z,1
2019-11-16T19:52:12.000Z,1
2019-11-16T20:35:25.000Z,1
2019-11-16T20:46:47.000Z,1
2019-11-16T23:53:34.000Z,1
2019-11-17T09:02:19.000Z,1
2019-11-17T09:03:24.000Z,1
2019-11-17T09:50:55.000Z,1
2019-11-17T10:30:57.000Z,1
2019-11-17T10:59:27.000Z,1
2019-11-17T12:27:38.000Z,1
2019-11-17T13:35:43.000Z,1
2019-11-17T13:54:53.000Z,1
2019-11-17T14:12:08.000Z,2
2019-11-17T14:51:18.000Z,1
2019-11-17T16:57:17.000Z,1
2019-11-17T17:04:28.000Z,1
2019-11-17T17:31:07.000Z,1
2019-11-17T19:06:23.000Z,1
2019-11-17T19:21:49.000Z,1
2019-11-17T20:46:33.000Z,1
2019-11-17T21:22:16.000Z,1
2019-11-17T23:28:53.000Z,1
2019-11-18T06:58:45.000Z,1
2019-11-18T07:02:07.000Z,1
2019-11-18T07:38:05.000Z,2
2019-11-18T07:39:14.000Z,1
2019-11-18T07:55:19.000Z,1
2019-11-18T08:04:57.000Z,1
2019-11-18T08:07:39.000Z,1
2019-11-18T08:24:55.000Z,1
2019-11-18T08:27:26.000Z,1
2019-11-18T09:07:53.000Z,1
2019-11-18T09:17:44.000Z,1
2019-11-18T09:39:50.000Z,1
2019-11-18T10:27:48.000Z,1
2019-11-18T11:49:08.000Z,1
2019-11-18T13:31:50.000Z,1
2019-11-18T13:43:36.000Z,1
2019-11-18T14:51:06.000Z,1
2019-11-18T15:09:14.000Z,1
2019-11-18T15:36:45.000Z,1
2019-11-18T15:51:32.000Z,1
2019-11-18T16:29:06.000Z,1
2019-11-18T16:50:36.000Z,1
2019-11-18T16:55:48.000Z,1
2019-11-18T17:00:47.000Z,1
2019-11-18T17:04:02.000Z,1
2019-11-18T17:10:23.000Z,1
2019-11-18T17:27:03.000Z,1
2019-11-18T17:51:18.000Z,2
2019-11-18T17:57:03.000Z,1
2019-11-18T18:44:31.000Z,1
2019-11-18T18:45:43.000Z,2
2019-11-18T18:52:37.000Z,1
2019-11-18T18:59:58.000Z,1
2019-11-18T19:31:11.000Z,1
2019-11-18T19:36:42.000Z,1
2019-11-18T20:32:46.000Z,1
2019-11-18T20:50:12.000Z,1
2019-11-18T22:45:55.000Z,1
2019-11-19T04:49:05.000Z,1
2019-11-19T05:16:18.000Z,1
2019-11-19T05:45:29.000Z,1
2019-11-19T06:26:51.000Z,1
2019-11-19T06:31:47.000Z,1
2019-11-19T06:54:07.000Z,1
2019-11-19T07:05:35.000Z,1
2019-11-19T07:31:43.000Z,1
2019-11-19T07:45:54.000Z,1
2019-11-19T07:55:22.000Z,1
2019-11-19T08:08:27.000Z,1
2019-11-19T08:09:47.000Z,1
2019-11-19T08:26:03.000Z,1
2019-11-19T08:34:46.000Z,1
2019-11-19T08:35:24.000Z,1
2019-11-19T08:43:10.000Z,1
2019-11-19T08:52:14.000Z,2
2019-11-19T09:06:08.000Z,1
2019-11-19T09:07:14.000Z,1
2019-11-19T10:12:10.000Z,1
2019-11-19T12:27:35.000Z,1
2019-11-19T14:33:04.000Z,1
2019-11-19T14:41:23.000Z,1
2019-11-19T14:43:14.000Z,1
2019-11-19T15:07:17.000Z,1
2019-11-19T15:59:51.000Z,1
2019-11-19T16:13:45.000Z,1
2019-11-19T16:39:36.000Z,1
2019-11-19T16:39:39.000Z,1
2019-11-19T16:49:05.000Z,2
2019-11-19T17:09:07.000Z,1
2019-11-19T17:10:24.000Z,1
2019-11-19T17:55:57.000Z,3
2019-11-19T18:27:42.000Z,1
2019-11-19T18:43:05.000Z,1
2019-11-19T19:33:47.000Z,1
2019-11-19T19:38:04.000Z,1
2019-11-19T20:22:59.000Z,1
2019-11-19T22:03:39.000Z,1
2019-11-08T06:20:17.000Z,1
2019-11-08T07:39:18.000Z,1
2019-11-08T07:40:21.000Z,1
2019-11-08T08:13:50.000Z,2
2019-11-08T08:14:24.000Z,2
2019-11-08T08:37:30.000Z,1
2019-11-08T08:38:06.000Z,1
2019-11-08T09:32:44.000Z,1
2019-11-08T10:28:48.000Z,1
2019-11-08T11:36:20.000Z,1
2019-11-08T13:35:49.000Z,1
2019-11-08T14:00:13.000Z,1
2019-11-08T15:21:15.000Z,1
2019-11-08T18:48:33.000Z,1
2019-11-08T23:45:13.000Z,1
2019-11-09T09:27:38.000Z,1
2019-11-09T12:29:09.000Z,1
2019-11-09T18:12:03.000Z,1
2019-11-08T09:18:49.000Z,1
2019-11-08T13:25:29.000Z,2
2019-11-08T15:41:38.000Z,1
2019-11-08T16:13:21.000Z,2
2019-11-08T17:18:08.000Z,1
2019-11-08T18:43:36.000Z,1
2019-11-08T19:41:12.000Z,1
2019-11-08T20:00:42.000Z,1
2019-11-08T21:10:12.000Z,1
2019-11-09T01:09:48.000Z,1
2019-11-09T07:43:43.000Z,1
2019-11-09T07:59:57.000Z,1
2019-11-09T09:18:36.000Z,1
2019-11-09T10:25:39.000Z,1
2019-11-09T11:22:35.000Z,1
2019-11-09T11:40:26.000Z,1
2019-11-09T11:57:13.000Z,1
2019-11-09T12:37:09.000Z,1
2019-11-09T13:20:59.000Z,2
2019-11-09T13:28:40.000Z,1
2019-11-09T14:15:34.000Z,1
2019-11-09T14:46:16.000Z,1
2019-11-09T14:46:22.000Z,1
2019-11-09T14:54:27.000Z,1
2019-11-09T14:57:57.000Z,1
2019-11-09T17:07:34.000Z,1
2019-11-09T17:23:21.000Z,1
2019-11-09T17:39:44.000Z,1
2019-11-09T17:47:43.000Z,1
2019-11-09T18:29:09.000Z,1
2019-11-09T21:25:57.000Z,1
2019-11-10T01:12:28.000Z,1
2019-11-10T08:44:17.000Z,1
2019-11-10T09:15:35.000Z,2
2019-11-10T09:29:40.000Z,1
2019-11-10T10:12:58.000Z,2
2019-11-10T11:40:48.000Z,1
2019-11-10T12:56:41.000Z,1
2019-11-10T13:36:00.000Z,1
2019-11-10T13:50:13.000Z,1
2019-11-10T14:30:12.000Z,1
2019-11-10T14:39:12.000Z,1
2019-11-10T14:43:00.000Z,1
2019-11-10T15:01:01.000Z,1
2019-11-10T15:29:12.000Z,1
2019-11-10T18:05:54.000Z,1
2019-11-10T18:55:33.000Z,1
2019-11-10T19:07:38.000Z,1
2019-11-10T20:18:44.000Z,1
2019-11-11T07:06:45.000Z,1
2019-11-11T07:15:21.000Z,1
2019-11-11T07:16:41.000Z,1
2019-11-11T08:02:58.000Z,2
2019-11-11T11:10:07.000Z,1
2019-11-11T16:05:44.000Z,1
2019-11-11T16:27:05.000Z,1
2019-11-11T16:54:32.000Z,1
2019-11-11T16:59:40.000Z,1
2019-11-11T17:10:39.000Z,1
2019-11-11T19:16:46.000Z,2
2019-11-11T19:44:01.000Z,1
2019-11-12T06:14:55.000Z,1
2019-11-12T06:15:04.000Z,1
2019-11-12T06:55:15.000Z,1
2019-11-12T07:16:06.000Z,1
2019-11-12T07:47:14.000Z,1
2019-11-12T07:48:54.000Z,1
2019-11-12T08:21:22.000Z,1
2019-11-12T09:10:01.000Z,1
2019-11-12T09:24:19.000Z,1
2019-11-12T12:10:47.000Z,1
2019-11-12T13:41:46.000Z,1
2019-11-12T14:44:37.000Z,1
2019-11-12T14:59:26.000Z,1
2019-11-12T15:13:10.000Z,1
2019-11-12T17:21:12.000Z,1
2019-11-12T21:41:19.000Z,1
2019-11-13T05:54:03.000Z,1
2019-11-13T06:55:15.000Z,1
2019-11-13T07:24:03.000Z,1
2019-11-13T07:26:58.000Z,1
2019-11-13T07:51:18.000Z,1
2019-11-13T07:57:27.000Z,1
2019-11-13T08:06:10.000Z,1
2019-11-13T10:03:18.000Z,1
2019-11-13T13:21:42.000Z,2
2019-11-13T13:22:20.000Z,1
2019-11-13T13:36:02.000Z,1
2019-11-13T15:29:10.000Z,1
2019-11-13T15:44:23.000Z,1
2019-11-13T16:27:45.000Z,1
2019-11-13T16:35:51.000Z,2
2019-11-13T16:55:58.000Z,1
2019-11-13T17:10:17.000Z,1
2019-11-13T17:41:13.000Z,1
2019-11-13T18:00:16.000Z,1
2019-11-13T18:06:10.000Z,1
2019-11-13T18:54:00.000Z,1
2019-11-13T19:15:17.000Z,1
2019-11-13T20:13:11.000Z,1
2019-11-13T20:34:04.000Z,1
2019-11-14T05:34:27.000Z,1
2019-11-14T07:10:23.000Z,1
2019-11-14T07:31:34.000Z,1
2019-11-14T08:06:44.000Z,1
2019-11-14T08:16:09.000Z,1
2019-11-14T08:29:56.000Z,1
2019-11-14T09:04:24.000Z,1
2019-11-14T09:09:10.000Z,1
2019-11-14T09:56:39.000Z,1
2019-11-14T10:01:50.000Z,1
2019-11-14T12:16:12.000Z,1
2019-11-14T12:21:24.000Z,1
2019-11-14T13:46:57.000Z,1
2019-11-14T14:48:46.000Z,1
2019-11-14T16:26:37.000Z,1
2019-11-14T17:05:01.000Z,1
2019-11-14T17:09:15.000Z,1
2019-11-14T17:14:50.000Z,1
2019-11-14T17:19:25.000Z,1
2019-11-14T18:02:28.000Z,1
2019-11-14T18:14:18.000Z,1
2019-11-14T19:17:17.000Z,1
2019-11-14T20:08:48.000Z,1
2019-11-14T21:28:45.000Z,1
2019-11-14T22:29:13.000Z,1
2019-11-15T07:56:29.000Z,1
2019-11-15T07:57:59.000Z,1
2019-11-15T08:02:41.000Z,1
2019-11-15T08:03:38.000Z,1
2019-11-15T08:05:11.000Z,1
2019-11-15T08:42:36.000Z,1
2019-11-15T09:03:35.000Z,1
2019-11-15T09:07:08.000Z,1
2019-11-15T10:57:08.000Z,1
2019-11-15T11:49:55.000Z,1
2019-11-15T12:21:16.000Z,1
2019-11-15T15:42:46.000Z,1
2019-11-15T16:22:00.000Z,1
2019-11-15T17:01:16.000Z,1
2019-11-15T17:14:39.000Z,1
2019-11-15T17:21:37.000Z,2
2019-11-15T17:53:12.000Z,1
2019-11-15T18:19:16.000Z,1
2019-11-15T18:20:14.000Z,1
2019-11-15T18:52:59.000Z,1
2019-11-15T19:23:45.000Z,1
2019-11-15T21:14:02.000Z,1
2019-11-15T21:19:12.000Z,1
2019-11-15T21:43:01.000Z,1
2019-11-15T22:51:50.000Z,1
2019-11-16T04:57:48.000Z,1
2019-11-16T05:02:07.000Z,1
2019-11-16T11:03:46.000Z,1
2019-11-16T11:24:57.000Z,1
2019-11-16T12:38:22.000Z,1
2019-11-16T13:25:32.000Z,1
2019-11-16T13:53:06.000Z,1
2019-11-16T13:56:24.000Z,1
2019-11-16T14:34:50.000Z,1
2019-11-16T14:52:16.000Z,1
2019-11-16T15:40:57.000Z,1
2019-11-16T15:47:50.000Z,1
2019-11-16T16:05:22.000Z,1
2019-11-16T16:13:06.000Z,1
2019-11-16T16:19:35.000Z,1
2019-11-16T16:20:21.000Z,1
2019-11-16T18:18:42.000Z,1
2019-11-16T18:34:57.000Z,1
2019-11-16T18:43:46.000Z,1
2019-11-17T08:12:07.000Z,1
2019-11-17T09:50:42.000Z,1
2019-11-17T10:03:24.000Z,1
2019-11-17T10:48:30.000Z,1
2019-11-17T11:01:17.000Z,1
2019-11-17T11:22:16.000Z,1
2019-11-17T11:22:26.000Z,1
2019-11-17T11:26:38.000Z,2
2019-11-17T11:28:46.000Z,1
2019-11-17T11:54:46.000Z,1
2019-11-17T13:39:11.000Z,1
2019-11-17T13:43:28.000Z,1
2019-11-17T14:04:03.000Z,1
2019-11-17T14:40:02.000Z,2
2019-11-17T14:41:08.000Z,1
2019-11-17T15:16:17.000Z,1
2019-11-17T15:55:19.000Z,1
2019-11-17T16:14:58.000Z,1
2019-11-17T16:48:23.000Z,1
2019-11-17T17:05:48.000Z,1
2019-11-17T19:47:39.000Z,1
2019-11-17T23:13:05.000Z,1
2019-11-17T23:13:38.000Z,1
2019-11-18T05:45:38.000Z,1
2019-11-18T07:11:40.000Z,1
2019-11-18T07:14:28.000Z,1
2019-11-18T07:31:14.000Z,1
2019-11-18T07:44:41.000Z,2
2019-11-18T07:45:37.000Z,1
2019-11-18T07:49:32.000Z,1
2019-11-18T07:53:18.000Z,1
2019-11-18T08:08:38.000Z,1
2019-11-18T08:10:04.000Z,1
2019-11-18T08:25:24.000Z,2
2019-11-18T08:25:33.000Z,1
2019-11-18T08:44:18.000Z,1
2019-11-18T08:49:25.000Z,2
2019-11-18T08:49:47.000Z,1
2019-11-18T09:27:47.000Z,1
2019-11-18T09:55:30.000Z,1
2019-11-18T11:48:35.000Z,1
2019-11-18T13:26:40.000Z,1
2019-11-18T13:39:21.000Z,1
2019-11-18T14:05:55.000Z,2
2019-11-18T14:32:25.000Z,1
2019-11-18T15:25:10.000Z,1
2019-11-18T15:30:35.000Z,1
2019-11-18T15:35:09.000Z,1
2019-11-18T15:40:02.000Z,1
2019-11-18T16:12:58.000Z,1
2019-11-18T16:34:12.000Z,1
2019-11-18T17:03:17.000Z,1
2019-11-18T17:20:17.000Z,1
2019-11-18T17:26:58.000Z,1
2019-11-18T17:28:45.000Z,1
2019-11-18T17:49:12.000Z,1
2019-11-18T17:52:07.000Z,1
2019-11-18T17:52:46.000Z,1
2019-11-18T18:05:05.000Z,1
2019-11-18T18:23:44.000Z,1
2019-11-18T18:48:26.000Z,1
2019-11-18T21:52:50.000Z,1
2019-11-18T21:53:11.000Z,1
2019-11-19T06:28:03.000Z,1
2019-11-19T06:36:33.000Z,1
2019-11-19T06:37:22.000Z,2
2019-11-19T06:55:18.000Z,1
2019-11-19T07:36:21.000Z,1
2019-11-19T07:58:13.000Z,1
2019-11-19T08:06:09.000Z,1
2019-11-19T08:19:33.000Z,1
2019-11-19T08:58:17.000Z,1
2019-11-19T09:05:25.000Z,1
2019-11-19T09:37:48.000Z,1
2019-11-19T10:08:31.000Z,1
2019-11-19T10:26:56.000Z,1
2019-11-19T10:28:32.000Z,1
2019-11-19T10:33:41.000Z,1
2019-11-19T12:50:12.000Z,1
2019-11-19T13:43:48.000Z,1
2019-11-19T14:01:39.000Z,1
2019-11-19T14:37:49.000Z,1
2019-11-19T16:19:28.000Z,1
2019-11-19T16:44:55.000Z,1
2019-11-19T16:58:18.000Z,1
2019-11-19T17:08:04.000Z,1
2019-11-19T17:11:48.000Z,1
2019-11-19T17:17:52.000Z,3
2019-11-19T18:02:33.000Z,2
2019-11-19T18:05:03.000Z,1
2019-11-19T18:21:55.000Z,1
2019-11-19T18:46:33.000Z,1
2019-11-19T19:12:40.000Z,1
2019-11-19T20:02:55.000Z,1
2019-11-19T20:23:05.000Z,1
2019-11-19T21:07:53.000Z,1
2019-11-19T21:11:14.000Z,1
2019-11-19T23:50:50.000Z,1
2019-11-08T07:10:57.000Z,1
2019-11-08T07:17:42.000Z,1
2019-11-08T07:31:26.000Z,1
2019-11-08T07:32:59.000Z,1
2019-11-08T07:36:00.000Z,1
2019-11-08T07:58:18.000Z,1
2019-11-08T08:39:05.000Z,1
2019-11-08T08:44:40.000Z,2
2019-11-08T10:33:40.000Z,1
2019-11-08T14:10:51.000Z,1
2019-11-08T14:57:19.000Z,1
2019-11-08T17:05:05.000Z,1
2019-11-08T18:01:56.000Z,1
2019-11-08T18:08:33.000Z,1
2019-11-08T21:16:24.000Z,1
2019-11-09T10:40:57.000Z,1
2019-11-09T12:51:42.000Z,1
2019-11-08T12:41:02.000Z,1
2019-11-08T13:08:13.000Z,1
2019-11-08T16:34:35.000Z,1
2019-11-08T16:36:38.000Z,1
2019-11-08T17:58:24.000Z,1
2019-11-08T18:03:04.000Z,1
2019-11-08T19:11:19.000Z,1
2019-11-08T19:19:23.000Z,1
2019-11-08T19:46:39.000Z,1
2019-11-09T09:57:49.000Z,1
2019-11-09T12:42:30.000Z,1
2019-11-09T13:12:11.000Z,1
2019-11-09T13:18:49.000Z,1
2019-11-09T14:14:35.000Z,1
2019-11-09T14:24:26.000Z,1
2019-11-09T14:42:50.000Z,1
2019-11-09T14:46:58.000Z,1
2019-11-09T15:06:05.000Z,1
2019-11-09T15:32:22.000Z,1
2019-11-09T15:56:00.000Z,1
2019-11-09T17:51:24.000Z,1
2019-11-09T18:36:44.000Z,1
2019-11-09T18:37:14.000Z,1
2019-11-09T19:26:58.000Z,1
2019-11-09T19:38:52.000Z,1
2019-11-09T22:28:36.000Z,2
2019-11-09T22:32:43.000Z,1
2019-11-09T23:28:51.000Z,1
2019-11-09T23:39:17.000Z,1
2019-11-09T23:50:17.000Z,1
2019-11-10T00:16:48.000Z,1
2019-11-10T09:38:37.000Z,1
2019-11-10T09:43:59.000Z,1
2019-11-10T10:18:07.000Z,1
2019-11-10T10:33:28.000Z,1
2019-11-10T10:44:14.000Z,1
2019-11-10T10:46:15.000Z,1
2019-11-10T11:30:12.000Z,1
2019-11-10T11:40:25.000Z,1
2019-11-10T11:51:46.000Z,1
2019-11-10T12:15:46.000Z,1
2019-11-10T15:07:37.000Z,1
2019-11-10T15:16:04.000Z,1
2019-11-10T15:30:11.000Z,1
2019-11-10T15:34:20.000Z,1
2019-11-10T16:12:13.000Z,1
2019-11-10T16:37:33.000Z,1
2019-11-10T16:39:45.000Z,1
2019-11-10T16:43:42.000Z,1
2019-11-10T17:42:35.000Z,1
2019-11-10T20:09:11.000Z,1
2019-11-10T22:16:37.000Z,1
2019-11-10T22:25:35.000Z,1
2019-11-11T06:19:32.000Z,1
2019-11-11T07:53:21.000Z,1
2019-11-11T08:27:32.000Z,1
2019-11-11T09:55:23.000Z,1
2019-11-11T15:04:44.000Z,1
2019-11-11T16:38:20.000Z,1
2019-11-11T17:10:21.000Z,1
2019-11-11T18:11:19.000Z,1
2019-11-11T20:03:24.000Z,1
2019-11-12T06:46:23.000Z,1
2019-11-12T07:51:54.000Z,1
2019-11-12T07:59:16.000Z,1
2019-11-12T08:06:58.000Z,1
2019-11-12T08:13:08.000Z,1
2019-11-12T08:23:08.000Z,1
2019-11-12T11:57:35.000Z,1
2019-11-12T14:09:08.000Z,1
2019-11-12T16:25:50.000Z,3
2019-11-12T16:44:31.000Z,1
2019-11-12T18:01:57.000Z,1
2019-11-12T20:17:58.000Z,1
2019-11-13T04:34:19.000Z,1
2019-11-13T08:29:54.000Z,1
2019-11-13T08:54:42.000Z,1
2019-11-13T11:29:04.000Z,1
2019-11-13T12:44:03.000Z,1
2019-11-13T14:27:48.000Z,1
2019-11-13T14:39:32.000Z,1
2019-11-13T16:16:40.000Z,1
2019-11-13T16:32:17.000Z,1
2019-11-13T16:35:08.000Z,1
2019-11-13T16:43:20.000Z,1
2019-11-13T17:23:21.000Z,1
2019-11-13T18:00:44.000Z,2
2019-11-13T18:45:49.000Z,1
2019-11-13T18:47:19.000Z,1
2019-11-13T21:27:03.000Z,1
2019-11-14T07:14:10.000Z,1
2019-11-14T07:50:02.000Z,1
2019-11-14T08:06:54.000Z,1
2019-11-14T08:12:12.000Z,1
2019-11-14T08:52:05.000Z,1
2019-11-14T08:54:12.000Z,1
2019-11-14T09:28:07.000Z,1
2019-11-14T11:03:55.000Z,1
2019-11-14T11:53:09.000Z,1
2019-11-14T12:40:43.000Z,1
2019-11-14T13:44:25.000Z,1
2019-11-14T14:05:03.000Z,2
2019-11-14T15:54:58.000Z,1
2019-11-14T16:50:37.000Z,1
2019-11-14T17:17:19.000Z,1
2019-11-14T17:22:52.000Z,1
2019-11-14T17:34:10.000Z,1
2019-11-14T17:53:53.000Z,1
2019-11-14T19:13:02.000Z,1
2019-11-14T19:40:14.000Z,1
2019-11-14T22:01:56.000Z,1
2019-11-15T05:52:08.000Z,1
2019-11-15T06:51:56.000Z,1
2019-11-15T07:26:34.000Z,1
2019-11-15T08:06:08.000Z,2
2019-11-15T08:09:47.000Z,1
2019-11-15T08:10:09.000Z,1
2019-11-15T08:18:21.000Z,1
2019-11-15T08:35:25.000Z,1
2019-11-15T09:22:35.000Z,1
2019-11-15T09:31:43.000Z,1
2019-11-15T10:13:11.000Z,1
2019-11-15T10:58:40.000Z,1
2019-11-15T12:33:53.000Z,1
2019-11-15T12:47:51.000Z,1
2019-11-15T13:40:48.000Z,1
2019-11-15T14:36:34.000Z,1
2019-11-15T14:41:28.000Z,1
2019-11-15T15:13:29.000Z,1
2019-11-15T15:56:16.000Z,1
2019-11-15T16:23:00.000Z,1
2019-11-15T16:46:24.000Z,3
2019-11-15T16:49:53.000Z,1
2019-11-15T17:06:08.000Z,3
2019-11-15T17:10:33.000Z,1
2019-11-15T17:23:24.000Z,1
2019-11-15T17:25:55.000Z,1
2019-11-15T18:00:04.000Z,1
2019-11-15T18:12:37.000Z,1
2019-11-15T18:14:02.000Z,1
2019-11-15T18:38:37.000Z,2
2019-11-15T19:01:31.000Z,1
2019-11-15T19:07:23.000Z,1
2019-11-15T20:16:34.000Z,1
2019-11-15T20:18:32.000Z,1
2019-11-15T20:50:11.000Z,1
2019-11-15T23:03:11.000Z,1
2019-11-15T23:44:08.000Z,1
2019-11-16T08:34:29.000Z,1
2019-11-16T09:10:41.000Z,1
2019-11-16T09:43:54.000Z,1
2019-11-16T09:55:57.000Z,1
2019-11-16T10:51:00.000Z,2
2019-11-16T12:19:31.000Z,1
2019-11-16T12:27:18.000Z,1
2019-11-16T14:42:03.000Z,1
2019-11-16T15:04:27.000Z,1
2019-11-16T15:07:14.000Z,1
2019-11-16T15:11:48.000Z,1
2019-11-16T15:49:39.000Z,1
2019-11-16T16:45:56.000Z,1
2019-11-16T19:11:42.000Z,1
2019-11-16T19:12:54.000Z,1
2019-11-16T19:29:42.000Z,1
2019-11-16T20:18:50.000Z,2
2019-11-16T23:22:54.000Z,1
2019-11-17T06:34:22.000Z,1
2019-11-17T08:46:20.000Z,1
2019-11-17T09:38:24.000Z,1
2019-11-17T09:46:53.000Z,1
2019-11-17T09:55:20.000Z,1
2019-11-17T13:31:29.000Z,1
2019-11-17T14:46:08.000Z,1
2019-11-17T15:33:09.000Z,1
2019-11-17T15:44:24.000Z,1
2019-11-17T15:45:16.000Z,1
2019-11-17T18:29:24.000Z,1
2019-11-17T19:10:12.000Z,1
2019-11-17T20:52:19.000Z,1
2019-11-18T05:43:50.000Z,1
2019-11-18T06:01:27.000Z,1
2019-11-18T06:07:43.000Z,1
2019-11-18T06:44:02.000Z,1
2019-11-18T06:46:13.000Z,1
2019-11-18T07:10:35.000Z,1
2019-11-18T07:11:22.000Z,1
2019-11-18T07:16:59.000Z,1
2019-11-18T07:17:58.000Z,1
2019-11-18T07:23:02.000Z,1
2019-11-18T07:49:38.000Z,1
2019-11-18T08:00:44.000Z,1
2019-11-18T08:06:16.000Z,1
2019-11-18T08:10:40.000Z,1
2019-11-18T08:19:18.000Z,2
2019-11-18T08:30:35.000Z,1
2019-11-18T08:33:33.000Z,1
2019-11-18T09:40:18.000Z,1
2019-11-18T10:49:13.000Z,1
2019-11-18T12:16:25.000Z,1
2019-11-18T12:48:40.000Z,1
2019-11-18T13:11:36.000Z,1
2019-11-18T15:05:24.000Z,1
2019-11-18T15:18:59.000Z,1
2019-11-18T16:48:52.000Z,1
2019-11-18T17:06:13.000Z,1
2019-11-18T17:32:38.000Z,1
2019-11-18T17:40:01.000Z,1
2019-11-18T17:41:17.000Z,2
2019-11-18T18:04:05.000Z,2
2019-11-18T18:09:56.000Z,1
2019-11-18T18:32:52.000Z,1
2019-11-18T18:47:22.000Z,1
2019-11-18T19:00:30.000Z,2
2019-11-18T19:00:44.000Z,1
2019-11-18T19:24:14.000Z,1
2019-11-18T19:45:51.000Z,1
2019-11-18T20:26:49.000Z,1
2019-11-18T21:23:45.000Z,1
2019-11-19T05:53:43.000Z,1
2019-11-19T06:50:57.000Z,1
2019-11-19T07:11:11.000Z,1
2019-11-19T07:16:28.000Z,2
2019-11-19T07:29:08.000Z,1
2019-11-19T07:34:31.000Z,1
2019-11-19T07:38:07.000Z,1
2019-11-19T07:45:08.000Z,1
2019-11-19T08:13:48.000Z,1
2019-11-19T08:19:39.000Z,1
2019-11-19T08:26:44.000Z,1
2019-11-19T08:47:18.000Z,1
2019-11-19T08:48:52.000Z,1
2019-11-19T09:00:37.000Z,1
2019-11-19T09:11:04.000Z,1
2019-11-19T09:16:20.000Z,1
2019-11-19T09:16:33.000Z,2
2019-11-19T09:48:06.000Z,1
2019-11-19T11:45:23.000Z,1
2019-11-19T13:55:45.000Z,1
2019-11-19T14:11:59.000Z,1
2019-11-19T14:55:18.000Z,1
2019-11-19T16:27:42.000Z,1
2019-11-19T17:06:18.000Z,1
2019-11-19T17:13:06.000Z,1
2019-11-19T17:14:49.000Z,1
2019-11-19T17:36:27.000Z,1
2019-11-19T18:08:37.000Z,1
2019-11-19T18:36:56.000Z,3
2019-11-19T18:47:56.000Z,1
2019-11-19T19:22:54.000Z,1
2019-11-19T19:28:54.000Z,1
2019-11-19T19:33:11.000Z,1
2019-11-19T20:58:37.000Z,1
2019-11-19T21:46:51.000Z,1
2019-11-19T22:25:38.000Z,1
2019-11-08T06:44:47.000Z,1
2019-11-08T06:59:22.000Z,2
2019-11-08T08:03:42.000Z,1
2019-11-08T08:05:52.000Z,1
2019-11-08T08:16:57.000Z,1
2019-11-08T08:24:15.000Z,1
2019-11-08T08:50:05.000Z,1
2019-11-08T09:00:18.000Z,1
2019-11-08T09:30:36.000Z,1
2019-11-08T09:33:13.000Z,1
2019-11-08T11:21:52.000Z,1
2019-11-08T12:58:27.000Z,1
2019-11-08T16:45:49.000Z,1
2019-11-08T17:57:31.000Z,1
2019-11-09T13:08:00.000Z,1
2019-11-08T09:18:54.000Z,1
2019-11-08T10:26:13.000Z,1
2019-11-08T13:17:59.000Z,1
2019-11-08T13:34:25.000Z,1
2019-11-08T14:38:43.000Z,1
2019-11-08T15:37:09.000Z,1
2019-11-08T16:17:05.000Z,1
2019-11-08T16:48:16.000Z,1
2019-11-08T17:58:37.000Z,1
2019-11-08T18:16:03.000Z,1
2019-11-08T18:19:31.000Z,1
2019-11-08T18:54:08.000Z,1
2019-11-08T19:08:18.000Z,1
2019-11-08T19:50:56.000Z,1
2019-11-08T21:02:30.000Z,2
2019-11-08T21:45:53.000Z,1
2019-11-08T22:28:04.000Z,1
2019-11-09T08:14:18.000Z,1
2019-11-09T08:15:29.000Z,1
2019-11-09T08:56:29.000Z,1
2019-11-09T09:26:20.000Z,1
2019-11-09T10:19:34.000Z,3
2019-11-09T10:39:00.000Z,1
2019-11-09T11:14:19.000Z,1
2019-11-09T12:12:56.000Z,1
2019-11-09T12:39:44.000Z,1
2019-11-09T13:12:53.000Z,1
2019-11-09T15:03:29.000Z,1
2019-11-09T15:06:22.000Z,1
2019-11-09T15:23:13.000Z,1
2019-11-09T15:31:43.000Z,1
2019-11-09T16:20:52.000Z,1
2019-11-09T16:47:15.000Z,1
2019-11-09T18:02:17.000Z,1
2019-11-09T18:57:34.000Z,1
2019-11-10T00:44:41.000Z,1
2019-11-10T01:34:00.000Z,1
2019-11-10T05:58:16.000Z,1
2019-11-10T09:27:03.000Z,1
2019-11-10T10:18:09.000Z,1
2019-11-10T11:15:27.000Z,1
2019-11-10T11:38:03.000Z,1
2019-11-10T12:13:44.000Z,1
2019-11-10T13:12:38.000Z,1
2019-11-10T13:19:09.000Z,1
2019-11-10T13:30:46.000Z,1
2019-11-10T13:52:09.000Z,1
2019-11-10T14:46:18.000Z,1
2019-11-10T15:12:51.000Z,1
2019-11-10T15:15:14.000Z,1
2019-11-10T15:57:08.000Z,1
2019-11-10T16:22:25.000Z,1
2019-11-10T17:28:05.000Z,1
2019-11-10T19:09:54.000Z,1
2019-11-10T19:36:48.000Z,1
2019-11-10T21:57:23.000Z,1
2019-11-11T06:00:10.000Z,1
2019-11-11T07:36:48.000Z,1
2019-11-11T07:45:37.000Z,1
2019-11-11T08:45:17.000Z,1
2019-11-11T08:53:30.000Z,1
2019-11-11T16:21:38.000Z,1
2019-11-11T16:59:28.000Z,1
2019-11-11T17:15:17.000Z,1
2019-11-11T18:01:53.000Z,1
2019-11-11T18:07:32.000Z,1
2019-11-11T18:19:05.000Z,1
2019-11-11T18:34:34.000Z,1
2019-11-11T19:24:27.000Z,1
2019-11-11T19:58:21.000Z,1
2019-11-12T06:22:33.000Z,1
2019-11-12T06:43:59.000Z,1
2019-11-12T07:23:24.000Z,1
2019-11-12T07:49:20.000Z,1
2019-11-12T08:35:38.000Z,1
2019-11-12T09:03:36.000Z,1
2019-11-12T09:05:10.000Z,1
2019-11-12T09:30:45.000Z,1
2019-11-12T12:12:30.000Z,1
2019-11-12T15:57:18.000Z,1
2019-11-12T16:05:31.000Z,1
2019-11-12T16:48:14.000Z,1
2019-11-12T17:29:20.000Z,1
2019-11-12T17:49:26.000Z,1
2019-11-12T17:56:40.000Z,1
2019-11-12T17:58:34.000Z,1
2019-11-13T06:29:44.000Z,1
2019-11-13T07:45:40.000Z,1
2019-11-13T08:01:06.000Z,1
2019-11-13T08:11:08.000Z,1
2019-11-13T08:18:56.000Z,1
2019-11-13T08:25:51.000Z,1
2019-11-13T08:38:23.000Z,1
2019-11-13T09:07:49.000Z,1
2019-11-13T09:35:47.000Z,1
2019-11-13T10:32:26.000Z,1
2019-11-13T14:16:55.000Z,1
2019-11-13T14:31:33.000Z,1
2019-11-13T14:59:46.000Z,1
2019-11-13T15:39:38.000Z,1
2019-11-13T17:19:05.000Z,1
2019-11-13T17:23:52.000Z,1
2019-11-13T17:24:27.000Z,2
2019-11-13T17:52:30.000Z,1
2019-11-13T19:41:05.000Z,2
2019-11-13T20:21:11.000Z,1
2019-11-13T20:22:21.000Z,1
2019-11-13T20:54:05.000Z,1
2019-11-13T20:58:12.000Z,1
2019-11-13T21:49:55.000Z,1
2019-11-14T00:57:58.000Z,1
2019-11-14T05:32:19.000Z,1
2019-11-14T07:24:51.000Z,1
2019-11-14T07:33:11.000Z,1
2019-11-14T07:48:48.000Z,1
2019-11-14T07:53:56.000Z,1
2019-11-14T08:04:35.000Z,2
2019-11-14T08:08:52.000Z,1
2019-11-14T08:13:58.000Z,1
2019-11-14T08:19:41.000Z,1
2019-11-14T08:27:55.000Z,2
2019-11-14T08:33:54.000Z,1
2019-11-14T08:34:08.000Z,1
2019-11-14T09:09:44.000Z,1
2019-11-14T09:13:28.000Z,1
2019-11-14T10:26:50.000Z,1
2019-11-14T10:40:12.000Z,1
2019-11-14T10:57:36.000Z,1
2019-11-14T11:34:39.000Z,1
2019-11-14T12:01:35.000Z,1
2019-11-14T12:35:23.000Z,1
2019-11-14T15:04:14.000Z,1
2019-11-14T16:09:07.000Z,1
2019-11-14T16:34:04.000Z,2
2019-11-14T16:40:00.000Z,1
2019-11-14T17:01:37.000Z,1
2019-11-14T17:24:48.000Z,1
2019-11-14T17:27:32.000Z,1
2019-11-14T20:37:20.000Z,1
2019-11-14T20:51:34.000Z,1
2019-11-14T23:45:39.000Z,1
2019-11-15T01:10:28.000Z,1
2019-11-15T06:37:15.000Z,1
2019-11-15T07:31:21.000Z,1
2019-11-15T07:52:00.000Z,1
2019-11-15T07:58:06.000Z,1
2019-11-15T08:01:11.000Z,1
2019-11-15T08:23:07.000Z,1
2019-11-15T08:28:41.000Z,1
2019-11-15T08:36:11.000Z,2
2019-11-15T08:43:38.000Z,1
2019-11-15T09:06:01.000Z,1
2019-11-15T09:12:45.000Z,1
2019-11-15T09:13:00.000Z,1
2019-11-15T09:13:06.000Z,1
2019-11-15T09:29:53.000Z,1
2019-11-15T09:41:30.000Z,1
2019-11-15T10:07:44.000Z,2
2019-11-15T11:46:10.000Z,1
2019-11-15T12:36:26.000Z,1
2019-11-15T14:06:59.000Z,2
2019-11-15T14:08:02.000Z,1
2019-11-15T14:37:08.000Z,1
2019-11-15T14:59:27.000Z,1
2019-11-15T15:04:43.000Z,1
2019-11-15T16:09:47.000Z,1
2019-11-15T16:15:14.000Z,1
2019-11-15T16:22:45.000Z,1
2019-11-15T16:41:18.000Z,1
2019-11-15T16:43:19.000Z,1
2019-11-15T17:01:02.000Z,1
2019-11-15T17:10:14.000Z,1
2019-11-15T17:15:26.000Z,1
2019-11-15T17:21:39.000Z,1
2019-11-15T18:39:03.000Z,1
2019-11-15T19:56:16.000Z,1
2019-11-15T20:24:29.000Z,1
2019-11-15T20:32:03.000Z,1
2019-11-15T20:39:43.000Z,2
2019-11-15T22:44:10.000Z,1
2019-11-15T23:03:29.000Z,1
2019-11-16T06:09:14.000Z,1
2019-11-16T06:37:06.000Z,1
2019-11-16T08:16:06.000Z,1
2019-11-16T10:15:41.000Z,1
2019-11-16T10:31:54.000Z,1
2019-11-16T11:05:05.000Z,1
2019-11-16T12:27:07.000Z,1
2019-11-16T12:34:31.000Z,1
2019-11-16T12:48:25.000Z,1
2019-11-16T13:30:14.000Z,1
2019-11-16T14:05:00.000Z,1
2019-11-16T16:46:06.000Z,1
2019-11-16T17:20:23.000Z,1
2019-11-16T18:17:24.000Z,1
2019-11-17T09:04:33.000Z,1
2019-11-17T10:26:04.000Z,1
2019-11-17T12:18:08.000Z,1
2019-11-17T12:38:44.000Z,1
2019-11-17T13:52:04.000Z,1
2019-11-17T16:15:42.000Z,1
2019-11-17T16:32:09.000Z,1
2019-11-17T18:28:10.000Z,1
2019-11-17T19:47:29.000Z,1
2019-11-17T20:53:55.000Z,1
2019-11-17T21:06:44.000Z,1
2019-11-18T06:10:35.000Z,1
2019-11-18T06:34:04.000Z,2
2019-11-18T06:57:14.000Z,1
2019-11-18T07:35:41.000Z,1
2019-11-18T07:36:09.000Z,2
2019-11-18T08:03:07.000Z,1
2019-11-18T08:07:00.000Z,2
2019-11-18T08:16:13.000Z,1
2019-11-18T08:36:19.000Z,1
2019-11-18T08:40:44.000Z,1
2019-11-18T08:42:46.000Z,1
2019-11-18T08:56:04.000Z,1
2019-11-18T09:08:20.000Z,1
2019-11-18T09:31:57.000Z,1
2019-11-18T10:17:51.000Z,1
2019-11-18T10:29:00.000Z,1
2019-11-18T11:13:00.000Z,1
2019-11-18T12:31:46.000Z,1
2019-11-18T12:42:28.000Z,1
2019-11-18T13:19:08.000Z,1
2019-11-18T15:30:45.000Z,1
2019-11-18T15:38:01.000Z,1
2019-11-18T16:16:48.000Z,1
2019-11-18T16:28:19.000Z,1
2019-11-18T16:55:27.000Z,2
2019-11-18T17:01:05.000Z,2
2019-11-18T17:12:32.000Z,1
2019-11-18T17:15:30.000Z,1
2019-11-18T17:24:54.000Z,1
2019-11-18T17:29:21.000Z,1
2019-11-18T17:45:19.000Z,1
2019-11-18T17:56:50.000Z,1
2019-11-18T18:39:30.000Z,1
2019-11-18T19:01:31.000Z,1
2019-11-18T19:22:22.000Z,1
2019-11-18T20:12:56.000Z,1
2019-11-18T20:42:30.000Z,1
2019-11-18T21:14:27.000Z,1
2019-11-18T21:34:20.000Z,1
2019-11-19T05:41:04.000Z,1
2019-11-19T05:51:30.000Z,1
2019-11-19T06:08:14.000Z,2
2019-11-19T06:11:39.000Z,1
2019-11-19T06:17:34.000Z,1
2019-11-19T06:50:15.000Z,1
2019-11-19T06:58:37.000Z,3
2019-11-19T07:32:10.000Z,1
2019-11-19T07:52:43.000Z,2
2019-11-19T08:16:24.000Z,1
2019-11-19T08:27:58.000Z,1
2019-11-19T08:33:26.000Z,1
2019-11-19T08:35:56.000Z,1
2019-11-19T08:38:48.000Z,1
2019-11-19T08:43:52.000Z,1
2019-11-19T09:02:28.000Z,1
2019-11-19T09:05:15.000Z,1
2019-11-19T09:20:28.000Z,1
2019-11-19T09:20:25.000Z,1
2019-11-19T09:44:46.000Z,1
2019-11-19T10:15:41.000Z,1
2019-11-19T10:30:03.000Z,1
2019-11-19T11:03:37.000Z,1
2019-11-19T11:15:44.000Z,1
2019-11-19T11:39:25.000Z,1
2019-11-19T11:43:41.000Z,1
2019-11-19T11:45:51.000Z,1
2019-11-19T13:35:05.000Z,1
2019-11-19T15:18:00.000Z,1
2019-11-19T17:04:02.000Z,1
2019-11-19T17:47:07.000Z,1
2019-11-19T17:51:10.000Z,1
2019-11-19T18:08:38.000Z,1
2019-11-19T19:24:06.000Z,1
2019-11-19T19:50:16.000Z,1
2019-11-19T21:23:09.000Z,1
2019-11-08T06:25:01.000Z,1
2019-11-08T06:29:30.000Z,1
2019-11-08T06:36:25.000Z,1
2019-11-08T07:12:43.000Z,1
2019-11-08T07:48:02.000Z,1
2019-11-08T08:04:31.000Z,1
2019-11-08T08:08:26.000Z,1
2019-11-08T08:21:58.000Z,1
2019-11-08T08:23:50.000Z,1
2019-11-08T09:24:43.000Z,1
2019-11-08T11:09:15.000Z,1
2019-11-08T11:45:11.000Z,1
2019-11-08T14:46:21.000Z,1
2019-11-08T15:18:12.000Z,1
2019-11-08T17:13:23.000Z,1
2019-11-08T21:47:39.000Z,1
2019-11-09T08:20:24.000Z,1
2019-11-09T10:38:27.000Z,1
2019-11-09T12:07:19.000Z,1
2019-11-09T12:35:43.000Z,1
2019-11-08T13:00:38.000Z,1
2019-11-08T13:08:15.000Z,1
2019-11-08T14:12:56.000Z,1
2019-11-08T14:15:30.000Z,1
2019-11-08T15:04:08.000Z,1
2019-11-08T16:53:47.000Z,1
2019-11-08T17:06:28.000Z,2
2019-11-08T17:06:52.000Z,1
2019-11-08T17:10:07.000Z,1
2019-11-08T17:21:00.000Z,1
2019-11-08T17:50:24.000Z,1
2019-11-08T20:36:11.000Z,1
2019-11-09T00:48:31.000Z,1
2019-11-09T08:22:13.000Z,1
2019-11-09T10:07:28.000Z,1
2019-11-09T10:52:53.000Z,1
2019-11-09T11:01:14.000Z,1
2019-11-09T11:12:32.000Z,1
2019-11-09T11:58:08.000Z,1
2019-11-09T12:08:41.000Z,1
2019-11-09T12:30:10.000Z,1
2019-11-09T12:31:44.000Z,1
2019-11-09T12:48:59.000Z,1
2019-11-09T13:35:33.000Z,1
2019-11-09T13:41:19.000Z,1
2019-11-09T13:42:38.000Z,1
2019-11-09T13:50:49.000Z,1
2019-11-09T14:02:08.000Z,1
2019-11-09T14:11:59.000Z,1
2019-11-09T14:25:34.000Z,1
2019-11-09T14:30:10.000Z,1
2019-11-09T14:33:00.000Z,1
2019-11-09T15:49:32.000Z,1
2019-11-09T16:17:58.000Z,1
2019-11-09T17:00:35.000Z,1
2019-11-09T18:15:43.000Z,1
2019-11-09T19:48:19.000Z,1
2019-11-09T20:12:57.000Z,1
2019-11-09T21:37:22.000Z,1
2019-11-10T00:03:01.000Z,1
2019-11-10T01:13:22.000Z,1
2019-11-10T01:50:21.000Z,1
2019-11-10T07:35:29.000Z,1
2019-11-10T11:00:44.000Z,1
2019-11-10T11:03:24.000Z,1
2019-11-10T11:15:22.000Z,1
2019-11-10T11:16:15.000Z,1
2019-11-10T11:45:58.000Z,1
2019-11-10T11:56:06.000Z,1
2019-11-10T13:02:10.000Z,1
2019-11-10T15:11:05.000Z,1
2019-11-10T15:59:07.000Z,1
2019-11-10T17:11:58.000Z,1
2019-11-10T17:53:24.000Z,1
2019-11-10T19:58:30.000Z,1
2019-11-10T22:31:16.000Z,1
2019-11-11T04:08:12.000Z,1
2019-11-11T06:09:31.000Z,1
2019-11-11T07:47:03.000Z,1
2019-11-11T07:54:49.000Z,1
2019-11-11T08:03:55.000Z,1
2019-11-11T08:11:24.000Z,1
2019-11-11T09:11:08.000Z,1
2019-11-11T09:27:40.000Z,1
2019-11-11T09:44:06.000Z,1
2019-11-11T10:40:30.000Z,1
2019-11-11T12:54:49.000Z,1
2019-11-11T16:13:53.000Z,1
2019-11-11T16:33:22.000Z,1
2019-11-11T16:52:26.000Z,1
2019-11-11T17:00:04.000Z,1
2019-11-11T17:05:26.000Z,1
2019-11-11T17:53:38.000Z,1
2019-11-11T19:32:12.000Z,1
2019-11-11T19:47:08.000Z,1
2019-11-12T07:28:13.000Z,1
2019-11-12T08:09:50.000Z,1
2019-11-12T08:18:31.000Z,1
2019-11-12T08:55:21.000Z,1
2019-11-12T10:03:39.000Z,1
2019-11-12T15:56:43.000Z,1
2019-11-12T16:15:22.000Z,1
2019-11-12T16:35:04.000Z,1
2019-11-12T17:00:53.000Z,1
2019-11-12T18:48:59.000Z,1
2019-11-12T19:04:07.000Z,1
2019-11-12T19:17:51.000Z,1
2019-11-12T19:29:41.000Z,1
2019-11-12T19:37:05.000Z,1
2019-11-12T22:33:59.000Z,1
2019-11-13T05:12:08.000Z,1
2019-11-13T06:36:27.000Z,1
2019-11-13T07:43:18.000Z,1
2019-11-13T08:14:32.000Z,1
2019-11-13T08:17:27.000Z,1
2019-11-13T08:24:15.000Z,1
2019-11-13T08:50:23.000Z,1
2019-11-13T15:07:16.000Z,1
2019-11-13T16:03:50.000Z,2
2019-11-13T16:40:57.000Z,1
2019-11-13T16:46:42.000Z,1
2019-11-13T17:03:16.000Z,1
2019-11-13T17:10:28.000Z,1
2019-11-13T17:31:50.000Z,1
2019-11-13T17:41:27.000Z,1
2019-11-13T18:01:36.000Z,1
2019-11-13T18:03:19.000Z,1
2019-11-13T18:21:48.000Z,1
2019-11-13T19:52:34.000Z,1
2019-11-13T20:23:16.000Z,1
2019-11-13T23:25:24.000Z,1
2019-11-14T06:42:37.000Z,1
2019-11-14T06:53:32.000Z,1
2019-11-14T07:02:22.000Z,1
2019-11-14T07:02:31.000Z,1
2019-11-14T07:05:27.000Z,1
2019-11-14T09:30:56.000Z,1
2019-11-14T10:46:21.000Z,1
2019-11-14T12:27:23.000Z,1
2019-11-14T12:30:48.000Z,1
2019-11-14T16:06:04.000Z,1
2019-11-14T16:39:56.000Z,1
2019-11-14T16:48:13.000Z,1
2019-11-14T17:23:31.000Z,1
2019-11-14T17:49:53.000Z,1
2019-11-14T18:04:41.000Z,1
2019-11-14T18:53:28.000Z,1
2019-11-14T18:59:42.000Z,1
2019-11-14T19:04:26.000Z,1
2019-11-14T19:10:30.000Z,1
2019-11-14T19:12:40.000Z,1
2019-11-14T19:18:19.000Z,1
2019-11-14T21:20:19.000Z,1
2019-11-15T05:13:35.000Z,1
2019-11-15T07:33:50.000Z,1
2019-11-15T07:35:44.000Z,1
2019-11-15T07:42:14.000Z,1
2019-11-15T08:21:12.000Z,1
2019-11-15T08:23:03.000Z,1
2019-11-15T08:36:31.000Z,1
2019-11-15T09:07:05.000Z,1
2019-11-15T10:25:06.000Z,1
2019-11-15T11:52:34.000Z,1
2019-11-15T12:28:15.000Z,1
2019-11-15T12:57:56.000Z,1
2019-11-15T13:33:42.000Z,1
2019-11-15T13:41:44.000Z,1
2019-11-15T13:55:58.000Z,1
2019-11-15T15:02:06.000Z,1
2019-11-15T15:26:49.000Z,1
2019-11-15T15:51:00.000Z,1
2019-11-15T15:58:01.000Z,1
2019-11-15T16:47:03.000Z,1
2019-11-15T16:59:07.000Z,1
2019-11-15T17:00:20.000Z,1
2019-11-15T17:27:17.000Z,1
2019-11-15T17:38:33.000Z,1
2019-11-15T17:40:27.000Z,1
2019-11-15T17:48:01.000Z,1
2019-11-15T17:58:25.000Z,1
2019-11-15T18:11:05.000Z,1
2019-11-15T18:42:50.000Z,1
2019-11-15T18:44:17.000Z,1
2019-11-15T19:00:30.000Z,1
2019-11-15T20:18:44.000Z,1
2019-11-15T20:29:33.000Z,1
2019-11-16T03:20:33.000Z,1
2019-11-16T08:23:57.000Z,1
2019-11-16T09:12:10.000Z,1
2019-11-16T09:28:54.000Z,1
2019-11-16T10:18:50.000Z,1
2019-11-16T10:34:22.000Z,1
2019-11-16T11:23:37.000Z,2
2019-11-16T11:31:11.000Z,1
2019-11-16T11:31:21.000Z,1
2019-11-16T11:52:53.000Z,1
2019-11-16T12:03:16.000Z,1
2019-11-16T12:24:40.000Z,1
2019-11-16T13:45:03.000Z,1
2019-11-16T13:56:29.000Z,1
2019-11-16T14:04:05.000Z,1
2019-11-16T17:26:46.000Z,1
2019-11-16T19:12:13.000Z,1
2019-11-17T00:21:12.000Z,1
2019-11-17T08:25:47.000Z,1
2019-11-17T09:01:10.000Z,1
2019-11-17T10:13:10.000Z,1
2019-11-17T10:18:58.000Z,1
2019-11-17T10:21:46.000Z,1
2019-11-17T10:43:58.000Z,1
2019-11-17T10:51:15.000Z,1
2019-11-17T11:17:12.000Z,1
2019-11-17T11:47:39.000Z,1
2019-11-17T12:32:16.000Z,1
2019-11-17T14:54:05.000Z,1
2019-11-17T16:18:35.000Z,1
2019-11-17T17:07:12.000Z,1
2019-11-17T18:21:15.000Z,1
2019-11-17T18:28:44.000Z,1
2019-11-17T18:43:58.000Z,1
2019-11-17T19:05:34.000Z,1
2019-11-18T06:48:13.000Z,1
2019-11-18T07:03:03.000Z,1
2019-11-18T07:30:31.000Z,1
2019-11-18T07:42:55.000Z,1
2019-11-18T07:45:50.000Z,1
2019-11-18T07:48:32.000Z,1
2019-11-18T07:51:38.000Z,1
2019-11-18T08:20:30.000Z,1
2019-11-18T08:24:51.000Z,1
2019-11-18T08:47:05.000Z,1
2019-11-18T09:00:14.000Z,1
2019-11-18T12:55:09.000Z,1
2019-11-18T14:00:30.000Z,1
2019-11-18T15:04:01.000Z,1
2019-11-18T16:20:19.000Z,1
2019-11-18T16:30:39.000Z,1
2019-11-18T16:35:33.000Z,1
2019-11-18T16:36:33.000Z,1
2019-11-18T17:03:20.000Z,1
2019-11-18T17:07:50.000Z,1
2019-11-18T17:24:44.000Z,1
2019-11-18T17:48:01.000Z,1
2019-11-18T17:57:30.000Z,1
2019-11-18T17:58:32.000Z,1
2019-11-18T18:11:26.000Z,1
2019-11-18T18:21:50.000Z,1
2019-11-18T18:45:37.000Z,1
2019-11-18T19:01:38.000Z,1
2019-11-18T19:02:32.000Z,1
2019-11-18T19:10:26.000Z,1
2019-11-18T20:35:51.000Z,1
2019-11-18T21:20:45.000Z,1
2019-11-19T06:42:22.000Z,1
2019-11-19T07:25:27.000Z,1
2019-11-19T07:39:49.000Z,2
2019-11-19T07:46:23.000Z,1
2019-11-19T07:58:11.000Z,1
2019-11-19T08:00:16.000Z,1
2019-11-19T08:04:13.000Z,2
2019-11-19T08:15:12.000Z,1
2019-11-19T08:20:53.000Z,1
2019-11-19T08:21:44.000Z,1
2019-11-19T08:32:45.000Z,1
2019-11-19T08:36:22.000Z,1
2019-11-19T08:47:49.000Z,1
2019-11-19T08:58:24.000Z,1
2019-11-19T09:16:40.000Z,1
2019-11-19T09:22:14.000Z,1
2019-11-19T09:24:14.000Z,1
2019-11-19T10:15:59.000Z,1
2019-11-19T13:11:08.000Z,1
2019-11-19T15:27:13.000Z,1
2019-11-19T16:30:45.000Z,1
2019-11-19T16:42:22.000Z,1
2019-11-19T17:00:56.000Z,2
2019-11-19T17:02:40.000Z,1
2019-11-19T17:38:10.000Z,1
2019-11-19T18:01:55.000Z,1
2019-11-19T18:07:31.000Z,1
2019-11-19T18:23:48.000Z,1
2019-11-19T19:19:38.000Z,1
2019-11-19T19:39:27.000Z,1
2019-11-19T21:18:02.000Z,1
2019-11-19T22:45:47.000Z,1
2019-11-08T06:49:18.000Z,1
2019-11-08T06:54:33.000Z,1
2019-11-08T08:07:11.000Z,2
2019-11-08T08:12:24.000Z,1
2019-11-08T08:13:32.000Z,1
2019-11-08T08:28:34.000Z,1
2019-11-08T08:36:31.000Z,1
2019-11-08T08:36:57.000Z,1
2019-11-08T08:57:15.000Z,1
2019-11-08T09:48:04.000Z,1
2019-11-08T10:14:45.000Z,1
2019-11-08T11:40:56.000Z,1
2019-11-08T13:30:22.000Z,1
2019-11-08T13:49:53.000Z,1
2019-11-08T15:08:18.000Z,1
2019-11-08T15:18:14.000Z,1
2019-11-08T15:18:27.000Z,1
2019-11-08T15:39:20.000Z,1
2019-11-08T15:40:55.000Z,1
2019-11-08T16:08:53.000Z,1
2019-11-08T16:30:40.000Z,1
2019-11-08T16:46:35.000Z,1
2019-11-08T17:09:27.000Z,1
2019-11-08T17:35:44.000Z,1
2019-11-08T18:04:22.000Z,1
2019-11-09T17:00:32.000Z,1
2019-11-08T08:13:07.000Z,1
2019-11-08T13:25:37.000Z,1
2019-11-08T13:40:55.000Z,1
2019-11-08T14:24:39.000Z,1
2019-11-08T16:19:54.000Z,1
2019-11-08T16:41:40.000Z,1
2019-11-08T16:45:30.000Z,1
2019-11-08T17:16:15.000Z,1
2019-11-08T17:21:32.000Z,2
2019-11-08T17:51:03.000Z,1
2019-11-08T18:01:22.000Z,1
2019-11-08T22:21:03.000Z,1
2019-11-09T08:02:01.000Z,1
2019-11-09T10:01:44.000Z,1
2019-11-09T10:33:30.000Z,1
2019-11-09T11:00:03.000Z,1
2019-11-09T11:47:04.000Z,1
2019-11-09T11:50:57.000Z,1
2019-11-09T12:40:35.000Z,1
2019-11-09T12:48:41.000Z,1
2019-11-09T12:53:42.000Z,1
2019-11-09T13:31:04.000Z,1
2019-11-09T13:37:57.000Z,1
2019-11-09T14:17:16.000Z,1
2019-11-09T14:23:21.000Z,1
2019-11-09T15:22:19.000Z,1
2019-11-09T15:33:18.000Z,1
2019-11-09T15:33:50.000Z,1
2019-11-09T15:51:49.000Z,1
2019-11-09T15:53:35.000Z,1
2019-11-09T16:17:02.000Z,1
2019-11-09T16:55:14.000Z,1
2019-11-09T17:11:02.000Z,1
2019-11-09T18:26:04.000Z,1
2019-11-09T18:44:11.000Z,1
2019-11-09T19:32:56.000Z,1
2019-11-09T20:28:51.000Z,1
2019-11-09T22:13:51.000Z,1
2019-11-09T23:43:48.000Z,1
2019-11-10T10:54:47.000Z,1
2019-11-10T11:26:38.000Z,1
2019-11-10T12:04:57.000Z,1
2019-11-10T12:30:18.000Z,1
2019-11-10T12:38:58.000Z,1
2019-11-10T12:46:15.000Z,1
2019-11-10T12:52:08.000Z,1
2019-11-10T13:10:57.000Z,1
2019-11-10T13:11:36.000Z,1
2019-11-10T13:51:44.000Z,1
2019-11-10T15:19:41.000Z,1
2019-11-10T16:05:50.000Z,1
2019-11-10T16:19:27.000Z,1
2019-11-10T16:30:48.000Z,1
2019-11-10T17:28:12.000Z,1
2019-11-10T19:38:35.000Z,1
2019-11-11T07:49:17.000Z,1
2019-11-11T08:07:13.000Z,1
2019-11-11T08:16:34.000Z,1
2019-11-11T08:23:18.000Z,1
2019-11-11T15:33:39.000Z,1
2019-11-11T16:12:53.000Z,1
2019-11-11T17:26:43.000Z,1
2019-11-11T18:37:11.000Z,1
2019-11-12T06:00:29.000Z,1
2019-11-12T06:52:18.000Z,1
2019-11-12T07:16:29.000Z,1
2019-11-12T07:47:06.000Z,1
2019-11-12T07:58:07.000Z,1
2019-11-12T08:26:12.000Z,1
2019-11-12T08:35:15.000Z,2
2019-11-12T08:40:36.000Z,1
2019-11-12T10:13:44.000Z,1
2019-11-12T11:08:32.000Z,1
2019-11-12T14:54:45.000Z,1
2019-11-12T15:22:37.000Z,1
2019-11-12T17:19:50.000Z,1
2019-11-12T17:41:35.000Z,1
2019-11-12T17:53:19.000Z,1
2019-11-12T18:18:37.000Z,1
2019-11-12T21:28:03.000Z,1
2019-11-12T23:01:26.000Z,1
2019-11-13T08:10:45.000Z,1
2019-11-13T08:18:21.000Z,1
2019-11-13T08:22:02.000Z,1
2019-11-13T08:34:51.000Z,1
2019-11-13T08:35:19.000Z,1
2019-11-13T08:40:24.000Z,1
2019-11-13T08:43:34.000Z,1
2019-11-13T08:48:28.000Z,1
2019-11-13T11:37:37.000Z,1
2019-11-13T11:51:18.000Z,1
2019-11-13T12:39:05.000Z,1
2019-11-13T15:02:03.000Z,1
2019-11-13T16:26:38.000Z,1
2019-11-13T16:31:48.000Z,1
2019-11-13T16:37:13.000Z,1
2019-11-13T17:08:52.000Z,1
2019-11-13T17:13:36.000Z,1
2019-11-13T17:35:34.000Z,1
2019-11-13T18:12:31.000Z,1
2019-11-13T19:15:04.000Z,1
2019-11-13T19:15:20.000Z,1
2019-11-13T19:42:18.000Z,1
2019-11-13T21:39:27.000Z,1
2019-11-14T06:53:54.000Z,1
2019-11-14T07:42:17.000Z,1
2019-11-14T07:44:52.000Z,1
2019-11-14T08:04:32.000Z,1
2019-11-14T08:11:42.000Z,2
2019-11-14T09:10:55.000Z,1
2019-11-14T09:19:43.000Z,1
2019-11-14T10:07:17.000Z,1
2019-11-14T11:13:05.000Z,1
2019-11-14T13:16:12.000Z,1
2019-11-14T14:12:16.000Z,1
2019-11-14T15:18:04.000Z,1
2019-11-14T15:47:27.000Z,1
2019-11-14T16:07:12.000Z,1
2019-11-14T16:08:57.000Z,1
2019-11-14T16:24:33.000Z,1
2019-11-14T16:27:11.000Z,1
2019-11-14T17:16:35.000Z,2
2019-11-14T17:22:31.000Z,2
2019-11-14T19:08:30.000Z,1
2019-11-14T23:20:13.000Z,1
2019-11-15T01:53:13.000Z,1
2019-11-15T05:38:32.000Z,1
2019-11-15T05:42:53.000Z,1
2019-11-15T06:33:49.000Z,1
2019-11-15T06:45:10.000Z,1
2019-11-15T07:11:07.000Z,1
2019-11-15T07:17:12.000Z,1
2019-11-15T07:43:28.000Z,2
2019-11-15T07:54:57.000Z,1
2019-11-15T08:15:15.000Z,1
2019-11-15T09:31:09.000Z,1
2019-11-15T10:03:07.000Z,1
2019-11-15T10:04:59.000Z,1
2019-11-15T11:34:57.000Z,1
2019-11-15T11:47:19.000Z,1
2019-11-15T12:05:29.000Z,1
2019-11-15T12:36:42.000Z,1
2019-11-15T12:37:23.000Z,1
2019-11-15T14:45:37.000Z,1
2019-11-15T15:12:29.000Z,1
2019-11-15T15:24:08.000Z,1
2019-11-15T15:49:39.000Z,1
2019-11-15T16:18:17.000Z,1
2019-11-15T16:29:54.000Z,1
2019-11-15T16:35:29.000Z,1
2019-11-15T16:35:59.000Z,1
2019-11-15T16:42:45.000Z,1
2019-11-15T17:02:26.000Z,1
2019-11-15T17:02:42.000Z,1
2019-11-15T17:03:52.000Z,1
2019-11-15T17:10:58.000Z,1
2019-11-15T17:26:07.000Z,1
2019-11-15T19:14:14.000Z,1
2019-11-15T19:35:06.000Z,1
2019-11-15T20:54:44.000Z,1
2019-11-15T22:07:07.000Z,1
2019-11-15T22:57:35.000Z,1
2019-11-15T23:42:29.000Z,1
2019-11-16T00:30:51.000Z,1
2019-11-16T05:45:17.000Z,1
2019-11-16T08:25:45.000Z,1
2019-11-16T08:59:32.000Z,1
2019-11-16T09:56:48.000Z,1
2019-11-16T10:25:13.000Z,1
2019-11-16T11:14:09.000Z,1
2019-11-16T11:47:43.000Z,1
2019-11-16T12:14:09.000Z,1
2019-11-16T12:57:51.000Z,1
2019-11-16T13:26:28.000Z,1
2019-11-16T13:26:30.000Z,1
2019-11-16T14:18:00.000Z,1
2019-11-16T14:34:34.000Z,3
2019-11-16T14:37:07.000Z,1
2019-11-16T14:46:13.000Z,1
2019-11-16T15:07:06.000Z,1
2019-11-16T17:02:19.000Z,1
2019-11-16T19:24:05.000Z,1
2019-11-16T19:24:52.000Z,1
2019-11-16T19:40:35.000Z,1
2019-11-16T21:21:23.000Z,1
2019-11-16T23:17:48.000Z,1
2019-11-16T23:40:39.000Z,1
2019-11-17T07:59:04.000Z,1
2019-11-17T08:52:36.000Z,1
2019-11-17T10:21:36.000Z,1
2019-11-17T11:21:49.000Z,1
2019-11-17T14:03:55.000Z,2
2019-11-17T14:42:54.000Z,1
2019-11-17T18:54:09.000Z,1
2019-11-17T19:31:07.000Z,1
2019-11-17T20:32:16.000Z,1
2019-11-17T20:41:44.000Z,1
2019-11-18T06:22:53.000Z,1
2019-11-18T06:45:03.000Z,1
2019-11-18T07:13:08.000Z,1
2019-11-18T07:17:00.000Z,1
2019-11-18T07:18:50.000Z,1
2019-11-18T07:49:29.000Z,2
2019-11-18T07:56:41.000Z,1
2019-11-18T08:36:10.000Z,1
2019-11-18T08:55:26.000Z,1
2019-11-18T09:31:37.000Z,1
2019-11-18T09:56:02.000Z,1
2019-11-18T10:18:25.000Z,1
2019-11-18T10:27:47.000Z,1
2019-11-18T12:13:40.000Z,1
2019-11-18T12:23:10.000Z,1
2019-11-18T12:36:01.000Z,1
2019-11-18T12:38:18.000Z,1
2019-11-18T13:50:01.000Z,1
2019-11-18T14:14:18.000Z,1
2019-11-18T14:55:35.000Z,1
2019-11-18T15:56:03.000Z,1
2019-11-18T15:59:31.000Z,1
2019-11-18T16:17:03.000Z,3
2019-11-18T16:21:08.000Z,1
2019-11-18T16:28:02.000Z,1
2019-11-18T17:03:33.000Z,1
2019-11-18T17:13:56.000Z,1
2019-11-18T17:21:45.000Z,1
2019-11-18T17:30:53.000Z,1
2019-11-18T17:41:42.000Z,1
2019-11-18T18:02:32.000Z,2
2019-11-18T18:10:30.000Z,1
2019-11-18T18:29:19.000Z,1
2019-11-18T18:52:36.000Z,1
2019-11-18T19:06:41.000Z,2
2019-11-18T19:08:58.000Z,1
2019-11-18T19:11:50.000Z,1
2019-11-18T19:38:52.000Z,1
2019-11-18T19:42:39.000Z,2
2019-11-18T20:26:50.000Z,1
2019-11-18T20:45:05.000Z,1
2019-11-18T21:23:38.000Z,1
2019-11-18T21:36:12.000Z,1
2019-11-19T05:39:23.000Z,1
2019-11-19T05:41:26.000Z,1
2019-11-19T06:23:07.000Z,1
2019-11-19T07:01:05.000Z,1
2019-11-19T07:26:42.000Z,1
2019-11-19T07:42:55.000Z,1
2019-11-19T07:51:34.000Z,1
2019-11-19T08:14:49.000Z,1
2019-11-19T08:20:10.000Z,1
2019-11-19T08:22:59.000Z,1
2019-11-19T08:29:09.000Z,1
2019-11-19T08:31:36.000Z,2
2019-11-19T08:33:23.000Z,1
2019-11-19T08:41:30.000Z,1
2019-11-19T08:54:12.000Z,1
2019-11-19T08:59:30.000Z,1
2019-11-19T09:33:09.000Z,1
2019-11-19T09:50:26.000Z,1
2019-11-19T10:00:11.000Z,1
2019-11-19T10:51:13.000Z,1
2019-11-19T13:05:03.000Z,1
2019-11-19T13:14:21.000Z,1
2019-11-19T13:18:11.000Z,1
2019-11-19T13:36:23.000Z,1
2019-11-19T14:07:33.000Z,1
2019-11-19T14:09:49.000Z,1
2019-11-19T14:38:54.000Z,1
2019-11-19T15:21:44.000Z,1
2019-11-19T16:55:16.000Z,1
2019-11-19T17:06:12.000Z,2
2019-11-19T17:18:38.000Z,1
2019-11-19T17:22:38.000Z,1
2019-11-19T17:32:37.000Z,1
2019-11-19T17:59:48.000Z,2
2019-11-19T19:15:54.000Z,1
2019-11-19T19:16:51.000Z,1
2019-11-19T20:28:10.000Z,1
2019-11-19T23:09:18.000Z,1
2019-11-19T23:17:35.000Z,1
2019-11-08T07:32:12.000Z,1
2019-11-08T07:36:30.000Z,1
2019-11-08T07:39:25.000Z,1
2019-11-08T07:39:55.000Z,1
2019-11-08T08:23:34.000Z,1
2019-11-08T08:25:09.000Z,1
2019-11-08T08:31:09.000Z,1
2019-11-08T08:52:54.000Z,1
2019-11-08T09:45:09.000Z,2
2019-11-08T09:46:41.000Z,1
2019-11-08T10:22:49.000Z,1
2019-11-08T12:53:23.000Z,1
2019-11-08T13:24:19.000Z,1
2019-11-08T13:33:45.000Z,1
2019-11-08T13:46:14.000Z,1
2019-11-08T14:26:35.000Z,1
2019-11-08T15:07:46.000Z,1
2019-11-08T15:46:21.000Z,1
2019-11-08T15:47:30.000Z,1
2019-11-08T17:02:22.000Z,1
2019-11-08T17:10:49.000Z,1
2019-11-08T17:48:09.000Z,1
2019-11-08T19:15:42.000Z,1
2019-11-09T08:45:08.000Z,1
2019-11-09T11:14:14.000Z,1
2019-11-08T13:26:33.000Z,1
2019-11-08T14:38:07.000Z,1
2019-11-08T14:48:45.000Z,1
2019-11-08T15:54:31.000Z,2
2019-11-08T15:56:33.000Z,1
2019-11-08T16:01:46.000Z,2
2019-11-08T16:48:44.000Z,1
2019-11-08T16:53:41.000Z,1
2019-11-08T17:20:53.000Z,1
2019-11-08T18:01:07.000Z,1
2019-11-08T18:11:15.000Z,1
2019-11-08T19:03:13.000Z,1
2019-11-08T19:51:53.000Z,1
2019-11-08T20:31:14.000Z,1
2019-11-08T20:33:28.000Z,1
2019-11-08T21:53:29.000Z,1
2019-11-08T23:31:45.000Z,1
2019-11-09T09:00:51.000Z,1
2019-11-09T10:02:09.000Z,1
2019-11-09T12:09:40.000Z,1
2019-11-09T12:16:37.000Z,1
2019-11-09T12:17:38.000Z,1
2019-11-09T12:30:15.000Z,1
2019-11-09T12:54:10.000Z,1
2019-11-09T13:05:05.000Z,1
2019-11-09T13:28:58.000Z,1
2019-11-09T13:41:40.000Z,1
2019-11-09T13:58:08.000Z,1
2019-11-09T14:36:10.000Z,1
2019-11-09T14:46:10.000Z,1
2019-11-09T15:21:36.000Z,1
2019-11-09T15:23:36.000Z,1
2019-11-09T15:47:20.000Z,2
2019-11-09T15:55:21.000Z,1
2019-11-09T16:37:52.000Z,1
2019-11-09T16:50:52.000Z,1
2019-11-09T17:18:27.000Z,1
2019-11-09T18:22:48.000Z,1
2019-11-09T21:09:43.000Z,1
2019-11-09T22:05:58.000Z,1
2019-11-09T22:24:23.000Z,1
2019-11-09T22:24:36.000Z,1
2019-11-10T09:14:25.000Z,1
2019-11-10T09:27:53.000Z,1
2019-11-10T09:57:21.000Z,1
2019-11-10T10:30:47.000Z,2
2019-11-10T10:35:12.000Z,1
2019-11-10T10:45:35.000Z,1
2019-11-10T11:32:01.000Z,1
2019-11-10T11:36:13.000Z,1
2019-11-10T12:21:25.000Z,1
2019-11-10T13:21:27.000Z,1
2019-11-10T13:28:56.000Z,1
2019-11-10T14:41:11.000Z,1
2019-11-10T15:07:51.000Z,1
2019-11-10T15:26:03.000Z,1
2019-11-10T16:05:43.000Z,1
2019-11-10T16:36:22.000Z,1
2019-11-10T17:24:55.000Z,1
2019-11-10T17:37:06.000Z,1
2019-11-10T17:41:39.000Z,1
2019-11-10T19:25:18.000Z,1
2019-11-11T06:33:32.000Z,1
2019-11-11T06:42:26.000Z,1
2019-11-11T07:20:22.000Z,1
2019-11-11T16:14:47.000Z,1
2019-11-11T17:19:10.000Z,1
2019-11-11T17:29:06.000Z,1
2019-11-11T18:44:24.000Z,1
2019-11-11T19:22:30.000Z,1
2019-11-11T21:19:40.000Z,1
2019-11-12T06:13:31.000Z,1
2019-11-12T07:38:04.000Z,1
2019-11-12T07:42:44.000Z,1
2019-11-12T08:04:48.000Z,1
2019-11-12T08:32:38.000Z,1
2019-11-12T09:03:23.000Z,1
2019-11-12T10:57:33.000Z,1
2019-11-12T12:31:07.000Z,1
2019-11-12T15:15:17.000Z,1
2019-11-12T15:53:14.000Z,1
2019-11-12T15:59:19.000Z,1
2019-11-12T16:02:39.000Z,1
2019-11-12T16:58:20.000Z,1
2019-11-12T17:39:03.000Z,1
2019-11-12T17:55:32.000Z,1
2019-11-12T20:52:47.000Z,1
2019-11-12T21:49:50.000Z,1
2019-11-13T08:26:24.000Z,1
2019-11-13T08:29:43.000Z,1
2019-11-13T11:32:29.000Z,1
2019-11-13T12:30:55.000Z,1
2019-11-13T14:11:39.000Z,1
2019-11-13T14:43:40.000Z,1
2019-11-13T14:53:22.000Z,1
2019-11-13T16:17:20.000Z,1
2019-11-13T16:33:05.000Z,2
2019-11-13T16:35:58.000Z,1
2019-11-13T16:41:26.000Z,1
2019-11-13T17:01:58.000Z,1
2019-11-13T17:24:21.000Z,1
2019-11-13T18:20:15.000Z,1
2019-11-13T18:24:18.000Z,1
2019-11-13T18:27:59.000Z,1
2019-11-13T18:42:26.000Z,2
2019-11-13T18:45:27.000Z,1
2019-11-13T20:34:50.000Z,1
2019-11-13T21:21:12.000Z,1
2019-11-14T05:32:54.000Z,1
2019-11-14T05:41:16.000Z,1
2019-11-14T06:41:40.000Z,1
2019-11-14T06:55:57.000Z,1
2019-11-14T07:37:17.000Z,1
2019-11-14T08:46:02.000Z,1
2019-11-14T12:49:36.000Z,1
2019-11-14T14:48:05.000Z,1
2019-11-14T15:26:41.000Z,1
2019-11-14T16:33:10.000Z,1
2019-11-14T16:37:13.000Z,1
2019-11-14T16:38:51.000Z,1
2019-11-14T17:10:19.000Z,1
2019-11-14T17:13:22.000Z,1
2019-11-14T17:31:52.000Z,2
2019-11-14T17:33:27.000Z,1
2019-11-14T18:08:08.000Z,1
2019-11-14T18:15:03.000Z,1
2019-11-14T18:47:56.000Z,1
2019-11-14T18:52:23.000Z,1
2019-11-14T19:27:11.000Z,1
2019-11-14T20:20:30.000Z,1
2019-11-15T06:47:38.000Z,1
2019-11-15T07:49:13.000Z,1
2019-11-15T07:57:41.000Z,2
2019-11-15T11:10:40.000Z,1
2019-11-15T11:12:34.000Z,1
2019-11-15T14:17:47.000Z,1
2019-11-15T14:48:02.000Z,1
2019-11-15T14:58:33.000Z,1
2019-11-15T15:34:37.000Z,1
2019-11-15T15:34:49.000Z,1
2019-11-15T15:52:57.000Z,1
2019-11-15T15:59:23.000Z,1
2019-11-15T16:07:06.000Z,1
2019-11-15T16:20:02.000Z,1
2019-11-15T16:44:26.000Z,1
2019-11-15T16:49:19.000Z,1
2019-11-15T17:01:46.000Z,1
2019-11-15T17:10:29.000Z,1
2019-11-15T17:10:43.000Z,1
2019-11-15T17:52:08.000Z,1
2019-11-15T18:09:21.000Z,1
2019-11-16T07:18:04.000Z,1
2019-11-16T09:24:03.000Z,1
2019-11-16T10:17:14.000Z,1
2019-11-16T10:26:57.000Z,1
2019-11-16T10:35:47.000Z,1
2019-11-16T11:29:50.000Z,1
2019-11-16T11:43:59.000Z,1
2019-11-16T14:09:05.000Z,1
2019-11-16T14:51:52.000Z,1
2019-11-16T17:03:27.000Z,2
2019-11-16T17:10:04.000Z,1
2019-11-16T17:46:43.000Z,1
2019-11-16T22:39:13.000Z,1
2019-11-16T23:25:30.000Z,1
2019-11-16T23:32:59.000Z,1
2019-11-17T01:08:32.000Z,1
2019-11-17T08:06:01.000Z,1
2019-11-17T08:39:40.000Z,1
2019-11-17T09:41:43.000Z,1
2019-11-17T10:58:39.000Z,1
2019-11-17T12:32:57.000Z,1
2019-11-17T12:49:03.000Z,1
2019-11-17T13:41:03.000Z,1
2019-11-17T14:59:57.000Z,1
2019-11-17T16:53:45.000Z,1
2019-11-17T17:04:56.000Z,2
2019-11-17T17:31:03.000Z,1
2019-11-17T18:36:27.000Z,1
2019-11-18T06:01:49.000Z,1
2019-11-18T06:26:36.000Z,1
2019-11-18T07:05:01.000Z,1
2019-11-18T07:32:47.000Z,1
2019-11-18T07:54:00.000Z,2
2019-11-18T07:54:25.000Z,1
2019-11-18T07:57:26.000Z,1
2019-11-18T08:08:35.000Z,2
2019-11-18T08:20:03.000Z,1
2019-11-18T08:30:10.000Z,1
2019-11-18T08:34:09.000Z,1
2019-11-18T08:43:56.000Z,1
2019-11-18T08:55:24.000Z,1
2019-11-18T09:21:44.000Z,1
2019-11-18T12:01:01.000Z,1
2019-11-18T12:30:44.000Z,1
2019-11-18T13:23:50.000Z,1
2019-11-18T15:25:34.000Z,2
2019-11-18T16:09:50.000Z,1
2019-11-18T16:38:01.000Z,1
2019-11-18T17:01:02.000Z,2
2019-11-18T17:01:42.000Z,2
2019-11-18T17:01:50.000Z,1
2019-11-18T17:07:23.000Z,1
2019-11-18T17:09:04.000Z,1
2019-11-18T17:09:56.000Z,1
2019-11-18T17:24:40.000Z,1
2019-11-18T17:30:44.000Z,1
2019-11-18T18:15:19.000Z,1
2019-11-18T18:46:11.000Z,1
2019-11-18T19:48:52.000Z,1
2019-11-18T20:01:38.000Z,1
2019-11-19T04:40:26.000Z,1
2019-11-19T05:17:15.000Z,1
2019-11-19T06:47:41.000Z,1
2019-11-19T06:54:38.000Z,1
2019-11-19T07:35:31.000Z,1
2019-11-19T07:36:17.000Z,1
2019-11-19T07:41:16.000Z,1
2019-11-19T08:12:47.000Z,1
2019-11-19T08:29:02.000Z,1
2019-11-19T08:43:37.000Z,1
2019-11-19T08:44:32.000Z,1
2019-11-19T08:44:36.000Z,1
2019-11-19T08:52:49.000Z,2
2019-11-19T08:54:20.000Z,1
2019-11-19T08:59:25.000Z,1
2019-11-19T09:07:38.000Z,1
2019-11-19T09:45:02.000Z,1
2019-11-19T09:55:12.000Z,1
2019-11-19T10:20:54.000Z,1
2019-11-19T11:20:46.000Z,1
2019-11-19T14:31:36.000Z,1
2019-11-19T16:02:48.000Z,1
2019-11-19T16:11:57.000Z,1
2019-11-19T16:18:49.000Z,1
2019-11-19T16:31:58.000Z,1
2019-11-19T17:12:40.000Z,1
2019-11-19T17:13:54.000Z,2
2019-11-19T17:14:13.000Z,1
2019-11-19T17:32:09.000Z,1
2019-11-19T17:32:56.000Z,2
2019-11-19T17:32:59.000Z,1
2019-11-19T17:40:16.000Z,1
2019-11-19T17:42:36.000Z,1
2019-11-19T17:44:26.000Z,1
2019-11-19T18:27:07.000Z,1
2019-11-19T18:51:12.000Z,1
2019-11-19T19:52:13.000Z,1
2019-11-19T20:13:51.000Z,1
2019-11-19T20:16:52.000Z,1
2019-11-19T22:55:02.000Z,1
2019-11-08T05:58:17.000Z,1
2019-11-08T06:27:39.000Z,1
2019-11-08T07:18:50.000Z,1
2019-11-08T07:24:14.000Z,1
2019-11-08T07:25:29.000Z,1
2019-11-08T07:29:16.000Z,1
2019-11-08T07:53:14.000Z,1
2019-11-08T08:10:58.000Z,1
2019-11-08T09:13:54.000Z,1
2019-11-08T10:44:18.000Z,1
2019-11-08T11:25:47.000Z,1
2019-11-08T13:20:13.000Z,1
2019-11-08T13:31:17.000Z,1
2019-11-08T14:51:53.000Z,1
2019-11-08T15:50:39.000Z,1
2019-11-08T16:37:54.000Z,1
2019-11-08T16:48:32.000Z,2
2019-11-08T16:53:54.000Z,1
2019-11-08T17:07:34.000Z,2
2019-11-08T18:37:47.000Z,1
2019-11-09T11:13:14.000Z,1
2019-11-09T12:59:40.000Z,1
2019-11-09T20:28:58.000Z,1
2019-11-08T14:54:35.000Z,1
2019-11-08T15:30:04.000Z,1
2019-11-08T15:31:50.000Z,1
2019-11-08T16:37:23.000Z,1
2019-11-08T17:22:08.000Z,1
2019-11-08T17:52:49.000Z,1
2019-11-08T17:53:50.000Z,1
2019-11-08T18:09:08.000Z,1
2019-11-08T18:09:22.000Z,1
2019-11-08T18:50:21.000Z,1
2019-11-08T19:17:01.000Z,1
2019-11-08T19:23:16.000Z,1
2019-11-08T19:40:17.000Z,1
2019-11-09T06:37:48.000Z,1
2019-11-09T07:39:08.000Z,1
2019-11-09T10:15:06.000Z,1
2019-11-09T10:41:42.000Z,1
2019-11-09T10:43:07.000Z,1
2019-11-09T11:43:40.000Z,2
2019-11-09T12:45:25.000Z,1
2019-11-09T13:19:22.000Z,1
2019-11-09T13:25:18.000Z,1
2019-11-09T13:31:06.000Z,1
2019-11-09T13:43:10.000Z,1
2019-11-09T13:56:23.000Z,1
2019-11-09T14:14:17.000Z,1
2019-11-09T14:22:26.000Z,1
2019-11-09T16:02:01.000Z,1
2019-11-09T16:28:20.000Z,1
2019-11-09T16:42:41.000Z,1
2019-11-09T16:47:55.000Z,1
2019-11-09T17:26:27.000Z,1
2019-11-09T17:39:49.000Z,1
2019-11-09T18:33:19.000Z,1
2019-11-09T18:40:13.000Z,1
2019-11-09T18:50:22.000Z,1
2019-11-09T19:22:57.000Z,1
2019-11-09T22:18:09.000Z,1
2019-11-09T23:18:53.000Z,1
2019-11-10T00:02:18.000Z,1
2019-11-10T08:09:03.000Z,1
2019-11-10T08:45:03.000Z,1
2019-11-10T09:14:38.000Z,1
2019-11-10T09:46:20.000Z,1
2019-11-10T10:20:54.000Z,1
2019-11-10T11:04:03.000Z,1
2019-11-10T11:22:06.000Z,1
2019-11-10T11:53:02.000Z,1
2019-11-10T12:44:24.000Z,1
2019-11-10T12:46:32.000Z,1
2019-11-10T13:52:39.000Z,1
2019-11-10T14:30:54.000Z,2
2019-11-10T15:00:21.000Z,1
2019-11-10T15:15:28.000Z,3
2019-11-10T15:40:08.000Z,1
2019-11-10T15:40:20.000Z,1
2019-11-10T15:42:37.000Z,1
2019-11-10T15:43:07.000Z,2
2019-11-10T15:43:49.000Z,1
2019-11-10T15:50:02.000Z,1
2019-11-10T16:20:12.000Z,1
2019-11-10T18:48:38.000Z,1
2019-11-10T18:48:48.000Z,1
2019-11-10T18:56:40.000Z,1
2019-11-10T19:09:23.000Z,1
2019-11-10T19:09:51.000Z,1
2019-11-10T19:55:41.000Z,2
2019-11-10T20:36:53.000Z,1
2019-11-10T21:35:57.000Z,1
2019-11-11T00:35:02.000Z,1
2019-11-11T07:58:03.000Z,1
2019-11-11T08:09:02.000Z,1
2019-11-11T08:39:40.000Z,1
2019-11-11T11:31:29.000Z,1
2019-11-11T15:36:17.000Z,1
2019-11-11T16:49:15.000Z,1
2019-11-11T18:08:51.000Z,1
2019-11-11T18:37:34.000Z,1
2019-11-11T18:40:42.000Z,1
2019-11-11T22:09:38.000Z,1
2019-11-12T07:19:54.000Z,1
2019-11-12T08:00:40.000Z,1
2019-11-12T08:13:04.000Z,1
2019-11-12T08:14:50.000Z,1
2019-11-12T08:41:24.000Z,1
2019-11-12T09:08:00.000Z,1
2019-11-12T14:49:42.000Z,1
2019-11-12T15:46:03.000Z,1
2019-11-12T15:59:29.000Z,1
2019-11-12T16:12:42.000Z,1
2019-11-12T16:22:32.000Z,1
2019-11-12T16:53:55.000Z,1
2019-11-12T17:06:35.000Z,1
2019-11-12T17:19:22.000Z,1
2019-11-12T17:31:13.000Z,1
2019-11-12T17:40:48.000Z,1
2019-11-12T17:57:43.000Z,1
2019-11-12T18:23:24.000Z,1
2019-11-12T19:05:01.000Z,1
2019-11-12T20:04:21.000Z,1
2019-11-12T22:07:20.000Z,1
2019-11-13T06:33:23.000Z,1
2019-11-13T06:52:31.000Z,1
2019-11-13T07:35:03.000Z,1
2019-11-13T07:47:59.000Z,1
2019-11-13T07:56:52.000Z,1
2019-11-13T07:59:33.000Z,1
2019-11-13T08:05:58.000Z,1
2019-11-13T08:43:20.000Z,1
2019-11-13T08:58:44.000Z,1
2019-11-13T09:47:36.000Z,1
2019-11-13T11:54:32.000Z,1
2019-11-13T13:36:20.000Z,1
2019-11-13T14:16:35.000Z,1
2019-11-13T15:19:50.000Z,1
2019-11-13T15:35:59.000Z,1
2019-11-13T15:55:05.000Z,2
2019-11-13T16:02:21.000Z,1
2019-11-13T16:54:56.000Z,1
2019-11-13T17:37:58.000Z,1
2019-11-13T17:59:28.000Z,1
2019-11-13T18:05:02.000Z,1
2019-11-13T18:10:12.000Z,1
2019-11-13T18:19:50.000Z,1
2019-11-13T18:48:33.000Z,1
2019-11-13T21:04:52.000Z,1
2019-11-14T06:23:27.000Z,1
2019-11-14T07:30:17.000Z,1
2019-11-14T07:45:21.000Z,1
2019-11-14T07:58:08.000Z,1
2019-11-14T08:07:11.000Z,1
2019-11-14T08:33:12.000Z,1
2019-11-14T11:07:57.000Z,1
2019-11-14T11:43:23.000Z,1
2019-11-14T12:07:02.000Z,1
2019-11-14T12:15:36.000Z,1
2019-11-14T15:16:30.000Z,1
2019-11-14T15:35:43.000Z,1
2019-11-14T15:47:04.000Z,1
2019-11-14T15:54:43.000Z,1
2019-11-14T16:48:11.000Z,1
2019-11-14T17:07:18.000Z,1
2019-11-14T17:12:01.000Z,2
2019-11-14T17:28:25.000Z,1
2019-11-14T18:49:25.000Z,1
2019-11-14T20:31:23.000Z,1
2019-11-14T21:59:36.000Z,1
2019-11-15T06:08:23.000Z,1
2019-11-15T06:09:05.000Z,1
2019-11-15T06:51:14.000Z,1
2019-11-15T07:25:51.000Z,1
2019-11-15T07:31:32.000Z,1
2019-11-15T08:13:42.000Z,1
2019-11-15T08:33:01.000Z,1
2019-11-15T09:04:54.000Z,1
2019-11-15T09:05:39.000Z,1
2019-11-15T09:55:20.000Z,1
2019-11-15T10:52:02.000Z,1
2019-11-15T10:53:27.000Z,3
2019-11-15T12:00:27.000Z,1
2019-11-15T12:06:57.000Z,1
2019-11-15T14:16:39.000Z,1
2019-11-15T15:13:56.000Z,1
2019-11-15T15:25:38.000Z,1
2019-11-15T15:56:01.000Z,1
2019-11-15T16:06:48.000Z,1
2019-11-15T16:16:42.000Z,1
2019-11-15T16:19:18.000Z,1
2019-11-15T16:32:48.000Z,1
2019-11-15T16:36:02.000Z,1
2019-11-15T16:47:56.000Z,1
2019-11-15T17:03:09.000Z,2
2019-11-15T17:04:50.000Z,1
2019-11-15T17:09:18.000Z,1
2019-11-15T17:12:26.000Z,1
2019-11-15T17:19:06.000Z,1
2019-11-15T17:21:57.000Z,1
2019-11-15T17:46:25.000Z,1
2019-11-15T19:41:14.000Z,1
2019-11-15T20:14:56.000Z,1
2019-11-15T20:28:29.000Z,1
2019-11-16T01:52:55.000Z,1
2019-11-16T06:18:32.000Z,1
2019-11-16T06:35:36.000Z,1
2019-11-16T09:40:46.000Z,1
2019-11-16T09:55:13.000Z,1
2019-11-16T11:28:46.000Z,1
2019-11-16T11:50:22.000Z,1
2019-11-16T12:03:25.000Z,1
2019-11-16T12:10:23.000Z,1
2019-11-16T12:25:04.000Z,1
2019-11-16T13:20:40.000Z,1
2019-11-16T13:25:00.000Z,2
2019-11-16T13:53:51.000Z,1
2019-11-16T14:22:35.000Z,1
2019-11-16T14:49:07.000Z,1
2019-11-16T15:03:15.000Z,1
2019-11-16T16:04:05.000Z,1
2019-11-16T16:31:58.000Z,1
2019-11-16T17:28:40.000Z,2
2019-11-16T17:35:44.000Z,1
2019-11-16T18:16:47.000Z,1
2019-11-16T18:47:25.000Z,1
2019-11-16T18:56:35.000Z,1
2019-11-17T07:16:47.000Z,1
2019-11-17T08:59:07.000Z,1
2019-11-17T10:10:22.000Z,1
2019-11-17T12:52:14.000Z,1
2019-11-17T14:16:23.000Z,1
2019-11-17T17:05:10.000Z,1
2019-11-17T17:30:08.000Z,1
2019-11-17T17:39:07.000Z,1
2019-11-17T21:45:26.000Z,1
2019-11-18T00:04:31.000Z,1
2019-11-18T07:41:33.000Z,2
2019-11-18T07:47:58.000Z,1
2019-11-18T08:17:37.000Z,1
2019-11-18T08:37:23.000Z,1
2019-11-18T08:53:41.000Z,1
2019-11-18T09:50:38.000Z,2
2019-11-18T10:10:30.000Z,1
2019-11-18T10:15:39.000Z,1
2019-11-18T10:42:20.000Z,1
2019-11-18T12:49:43.000Z,1
2019-11-18T14:00:22.000Z,1
2019-11-18T15:53:03.000Z,1
2019-11-18T16:17:45.000Z,1
2019-11-18T16:33:41.000Z,1
2019-11-18T16:34:48.000Z,1
2019-11-18T16:44:43.000Z,2
2019-11-18T16:50:04.000Z,2
2019-11-18T17:00:56.000Z,1
2019-11-18T17:27:07.000Z,3
2019-11-18T17:30:00.000Z,2
2019-11-18T17:43:16.000Z,1
2019-11-18T17:47:18.000Z,1
2019-11-18T19:27:47.000Z,1
2019-11-19T06:48:12.000Z,1
2019-11-19T06:49:30.000Z,1
2019-11-19T06:52:44.000Z,1
2019-11-19T07:02:48.000Z,1
2019-11-19T07:30:31.000Z,2
2019-11-19T07:30:25.000Z,1
2019-11-19T07:39:03.000Z,1
2019-11-19T07:41:26.000Z,1
2019-11-19T07:43:25.000Z,1
2019-11-19T08:25:35.000Z,1
2019-11-19T08:26:53.000Z,1
2019-11-19T08:41:56.000Z,1
2019-11-19T08:45:18.000Z,1
2019-11-19T09:26:39.000Z,1
2019-11-19T09:36:12.000Z,1
2019-11-19T09:57:00.000Z,1
2019-11-19T10:41:02.000Z,1
2019-11-19T11:28:42.000Z,1
2019-11-19T13:27:56.000Z,1
2019-11-19T14:28:42.000Z,1
2019-11-19T14:36:14.000Z,1
2019-11-19T16:38:30.000Z,1
2019-11-19T16:45:48.000Z,1
2019-11-19T17:44:22.000Z,1
2019-11-19T18:14:14.000Z,1
2019-11-19T18:26:05.000Z,1
2019-11-19T19:01:38.000Z,1
2019-11-19T20:22:47.000Z,1
2019-11-19T20:41:34.000Z,1
2019-11-19T21:23:14.000Z,1
2019-11-08T06:38:07.000Z,1
2019-11-08T06:43:50.000Z,1
2019-11-08T07:01:13.000Z,1
2019-11-08T07:22:09.000Z,1
2019-11-08T07:44:16.000Z,1
2019-11-08T08:42:15.000Z,1
2019-11-08T08:46:06.000Z,1
2019-11-08T08:52:30.000Z,1
2019-11-08T09:12:10.000Z,1
2019-11-08T10:49:22.000Z,1
2019-11-08T11:01:08.000Z,1
2019-11-08T11:52:46.000Z,1
2019-11-08T15:33:31.000Z,1
2019-11-08T16:24:05.000Z,1
2019-11-08T17:24:55.000Z,1
2019-11-08T17:28:34.000Z,1
2019-11-08T23:42:53.000Z,1
2019-11-09T13:18:20.000Z,1
2019-11-09T13:54:14.000Z,1
2019-11-09T14:29:51.000Z,1
2019-11-09T14:38:41.000Z,1
2019-11-10T14:50:17.000Z,1
2019-11-08T09:39:42.000Z,1
2019-11-08T15:33:42.000Z,1
2019-11-08T17:02:50.000Z,1
2019-11-08T17:48:34.000Z,1
2019-11-08T17:56:06.000Z,1
2019-11-08T18:15:44.000Z,1
2019-11-08T18:54:48.000Z,1
2019-11-09T08:22:30.000Z,1
2019-11-09T08:38:03.000Z,1
2019-11-09T09:15:29.000Z,1
2019-11-09T09:34:04.000Z,1
2019-11-09T09:41:17.000Z,1
2019-11-09T09:43:21.000Z,1
2019-11-09T09:50:32.000Z,1
2019-11-09T11:30:08.000Z,1
2019-11-09T11:29:57.000Z,1
2019-11-09T11:54:08.000Z,2
2019-11-09T12:07:33.000Z,1
2019-11-09T13:04:50.000Z,1
2019-11-09T13:07:08.000Z,1
2019-11-09T13:37:11.000Z,2
2019-11-09T13:52:41.000Z,1
2019-11-09T14:12:02.000Z,1
2019-11-09T15:01:38.000Z,1
2019-11-09T15:31:00.000Z,1
2019-11-09T17:06:29.000Z,1
2019-11-09T17:54:21.000Z,1
2019-11-09T19:21:35.000Z,1
2019-11-09T19:42:58.000Z,1
2019-11-09T22:35:08.000Z,1
2019-11-09T22:45:26.000Z,1
2019-11-10T00:01:05.000Z,1
2019-11-10T02:01:46.000Z,1
2019-11-10T08:19:35.000Z,1
2019-11-10T08:22:25.000Z,1
2019-11-10T08:43:28.000Z,1
2019-11-10T10:01:25.000Z,1
2019-11-10T11:34:03.000Z,1
2019-11-10T11:38:02.000Z,1
2019-11-10T12:11:25.000Z,1
2019-11-10T12:17:50.000Z,1
2019-11-10T12:47:08.000Z,1
2019-11-10T12:58:59.000Z,1
2019-11-10T13:19:53.000Z,1
2019-11-10T13:52:20.000Z,2
2019-11-10T14:28:45.000Z,1
2019-11-10T14:33:25.000Z,1
2019-11-10T14:51:52.000Z,1
2019-11-10T15:26:01.000Z,1
2019-11-10T15:57:17.000Z,1
2019-11-10T16:00:07.000Z,1
2019-11-10T16:40:02.000Z,1
2019-11-10T16:49:28.000Z,1
2019-11-10T16:50:07.000Z,1
2019-11-10T16:50:15.000Z,1
2019-11-10T18:12:07.000Z,1
2019-11-10T19:32:07.000Z,1
2019-11-10T20:59:36.000Z,1
2019-11-11T05:45:36.000Z,1
2019-11-11T06:41:50.000Z,1
2019-11-11T08:45:01.000Z,1
2019-11-11T08:47:11.000Z,1
2019-11-11T12:26:12.000Z,1
2019-11-11T17:36:25.000Z,1
2019-11-11T17:41:49.000Z,1
2019-11-11T19:09:46.000Z,2
2019-11-12T05:40:50.000Z,1
2019-11-12T05:42:20.000Z,1
2019-11-12T06:30:06.000Z,1
2019-11-12T07:20:57.000Z,1
2019-11-12T07:58:18.000Z,1
2019-11-12T09:04:59.000Z,1
2019-11-12T09:16:56.000Z,1
2019-11-12T12:05:00.000Z,1
2019-11-12T12:50:59.000Z,1
2019-11-12T14:20:21.000Z,1
2019-11-12T15:08:44.000Z,1
2019-11-12T15:45:38.000Z,1
2019-11-12T15:57:31.000Z,1
2019-11-12T16:03:31.000Z,1
2019-11-12T17:02:16.000Z,1
2019-11-12T17:13:32.000Z,1
2019-11-12T17:17:21.000Z,1
2019-11-12T17:37:05.000Z,1
2019-11-12T18:43:13.000Z,1
2019-11-12T20:15:53.000Z,1
2019-11-12T21:28:37.000Z,1
2019-11-13T05:21:08.000Z,1
2019-11-13T07:19:21.000Z,1
2019-11-13T07:47:10.000Z,1
2019-11-13T07:51:33.000Z,1
2019-11-13T08:23:02.000Z,1
2019-11-13T08:30:49.000Z,1
2019-11-13T08:34:26.000Z,1
2019-11-13T08:37:49.000Z,1
2019-11-13T11:57:43.000Z,1
2019-11-13T14:36:51.000Z,1
2019-11-13T15:16:22.000Z,1
2019-11-13T16:22:55.000Z,1
2019-11-13T17:43:55.000Z,1
2019-11-13T17:54:39.000Z,1
2019-11-13T18:00:18.000Z,1
2019-11-13T20:03:08.000Z,1
2019-11-13T20:26:34.000Z,1
2019-11-13T21:09:50.000Z,1
2019-11-13T23:55:01.000Z,1
2019-11-14T05:32:05.000Z,1
2019-11-14T05:33:09.000Z,1
2019-11-14T05:42:40.000Z,1
2019-11-14T06:48:48.000Z,1
2019-11-14T07:25:24.000Z,2
2019-11-14T08:22:11.000Z,1
2019-11-14T08:26:19.000Z,1
2019-11-14T08:55:31.000Z,1
2019-11-14T11:05:12.000Z,1
2019-11-14T12:52:48.000Z,1
2019-11-14T15:42:31.000Z,1
2019-11-14T16:12:35.000Z,1
2019-11-14T16:36:09.000Z,1
2019-11-14T16:41:45.000Z,1
2019-11-14T16:53:22.000Z,1
2019-11-14T17:17:43.000Z,1
2019-11-14T17:19:17.000Z,1
2019-11-14T17:37:04.000Z,2
2019-11-14T18:22:15.000Z,1
2019-11-14T18:27:14.000Z,1
2019-11-14T18:41:37.000Z,1
2019-11-14T18:41:57.000Z,1
2019-11-14T18:52:53.000Z,2
2019-11-14T19:26:56.000Z,1
2019-11-14T19:48:18.000Z,1
2019-11-14T19:56:17.000Z,1
2019-11-14T20:49:00.000Z,1
2019-11-14T21:51:47.000Z,1
2019-11-15T05:33:38.000Z,1
2019-11-15T06:15:00.000Z,1
2019-11-15T06:34:23.000Z,1
2019-11-15T08:00:44.000Z,1
2019-11-15T08:22:04.000Z,1
2019-11-15T10:51:12.000Z,1
2019-11-15T12:21:08.000Z,1
2019-11-15T13:23:28.000Z,1
2019-11-15T13:44:25.000Z,1
2019-11-15T13:47:52.000Z,1
2019-11-15T14:23:13.000Z,1
2019-11-15T15:20:45.000Z,1
2019-11-15T16:22:35.000Z,1
2019-11-15T16:30:12.000Z,1
2019-11-15T16:51:57.000Z,1
2019-11-15T17:18:13.000Z,1
2019-11-15T17:24:06.000Z,1
2019-11-15T17:29:13.000Z,1
2019-11-15T17:44:10.000Z,1
2019-11-15T18:09:49.000Z,1
2019-11-15T18:35:42.000Z,1
2019-11-15T19:02:26.000Z,1
2019-11-15T19:51:54.000Z,1
2019-11-15T20:57:18.000Z,1
2019-11-15T22:06:33.000Z,1
2019-11-15T23:30:29.000Z,1
2019-11-16T00:19:09.000Z,1
2019-11-16T10:09:17.000Z,1
2019-11-16T11:43:16.000Z,1
2019-11-16T12:28:22.000Z,1
2019-11-16T12:36:45.000Z,1
2019-11-16T13:10:17.000Z,1
2019-11-16T13:45:08.000Z,1
2019-11-16T15:31:19.000Z,1
2019-11-16T15:31:55.000Z,1
2019-11-16T17:08:46.000Z,1
2019-11-16T18:37:45.000Z,1
2019-11-16T19:26:32.000Z,1
2019-11-16T21:27:03.000Z,1
2019-11-17T00:36:03.000Z,1
2019-11-17T08:47:53.000Z,1
2019-11-17T08:53:33.000Z,1
2019-11-17T10:38:03.000Z,1
2019-11-17T12:01:25.000Z,2
2019-11-17T12:28:22.000Z,1
2019-11-17T12:50:20.000Z,1
2019-11-17T13:58:14.000Z,1
2019-11-17T14:23:27.000Z,1
2019-11-17T14:58:50.000Z,1
2019-11-17T14:59:44.000Z,1
2019-11-17T15:35:20.000Z,1
2019-11-17T15:48:55.000Z,1
2019-11-17T15:59:20.000Z,1
2019-11-17T15:59:47.000Z,1
2019-11-17T17:18:26.000Z,1
2019-11-17T17:19:34.000Z,1
2019-11-17T18:26:47.000Z,1
2019-11-17T20:05:12.000Z,1
2019-11-17T21:51:39.000Z,1
2019-11-17T22:13:33.000Z,1
2019-11-18T07:10:29.000Z,1
2019-11-18T07:17:29.000Z,1
2019-11-18T07:33:31.000Z,2
2019-11-18T07:45:13.000Z,1
2019-11-18T07:46:04.000Z,1
2019-11-18T09:38:17.000Z,1
2019-11-18T09:54:16.000Z,1
2019-11-18T10:21:48.000Z,2
2019-11-18T11:39:35.000Z,1
2019-11-18T11:41:06.000Z,1
2019-11-18T11:45:51.000Z,1
2019-11-18T12:27:26.000Z,1
2019-11-18T15:54:30.000Z,1
2019-11-18T16:07:42.000Z,1
2019-11-18T16:47:55.000Z,2
2019-11-18T17:27:29.000Z,2
2019-11-18T18:01:21.000Z,1
2019-11-18T18:12:55.000Z,1
2019-11-18T18:32:05.000Z,1
2019-11-18T19:11:40.000Z,1
2019-11-18T19:23:25.000Z,1
2019-11-18T19:32:22.000Z,1
2019-11-18T20:07:06.000Z,1
2019-11-18T20:22:17.000Z,1
2019-11-18T23:32:51.000Z,1
2019-11-19T05:42:02.000Z,1
2019-11-19T05:44:46.000Z,1
2019-11-19T05:50:52.000Z,1
2019-11-19T06:12:51.000Z,1
2019-11-19T07:16:47.000Z,2
2019-11-19T07:26:24.000Z,1
2019-11-19T07:29:21.000Z,1
2019-11-19T07:33:48.000Z,1
2019-11-19T07:34:20.000Z,1
2019-11-19T07:35:34.000Z,1
2019-11-19T07:59:17.000Z,1
2019-11-19T08:15:15.000Z,2
2019-11-19T08:24:15.000Z,1
2019-11-19T08:26:17.000Z,1
2019-11-19T08:31:26.000Z,1
2019-11-19T08:32:33.000Z,1
2019-11-19T08:47:26.000Z,1
2019-11-19T09:16:26.000Z,1
2019-11-19T09:18:26.000Z,1
2019-11-19T09:44:51.000Z,1
2019-11-19T09:49:00.000Z,1
2019-11-19T09:51:11.000Z,1
2019-11-19T09:54:14.000Z,1
2019-11-19T10:06:30.000Z,1
2019-11-19T12:16:16.000Z,1
2019-11-19T12:46:55.000Z,1
2019-11-19T13:57:51.000Z,1
2019-11-19T16:05:53.000Z,1
2019-11-19T16:16:00.000Z,1
2019-11-19T16:21:41.000Z,1
2019-11-19T16:21:47.000Z,1
2019-11-19T16:48:54.000Z,1
2019-11-19T17:03:17.000Z,1
2019-11-19T17:10:03.000Z,1
2019-11-19T17:13:19.000Z,1
2019-11-19T17:16:42.000Z,1
2019-11-19T17:26:26.000Z,1
2019-11-19T17:29:42.000Z,1
2019-11-19T17:30:38.000Z,1
2019-11-19T18:10:39.000Z,1
2019-11-19T18:23:31.000Z,1
2019-11-19T18:50:49.000Z,1
2019-11-19T19:08:21.000Z,1
2019-11-19T19:58:52.000Z,1
2019-11-19T20:08:13.000Z,1
2019-11-19T20:28:19.000Z,1
2019-11-19T21:15:14.000Z,1
2019-11-08T06:07:06.000Z,1
2019-11-08T07:23:15.000Z,1
2019-11-08T07:35:37.000Z,1
2019-11-08T07:55:12.000Z,1
2019-11-08T08:33:04.000Z,1
2019-11-08T08:43:45.000Z,1
2019-11-08T08:44:26.000Z,1
2019-11-08T08:54:00.000Z,1
2019-11-08T09:25:36.000Z,1
2019-11-08T11:32:58.000Z,1
2019-11-08T14:05:37.000Z,1
2019-11-08T16:04:48.000Z,1
2019-11-08T19:08:08.000Z,1
2019-11-08T22:40:29.000Z,1
2019-11-09T02:02:52.000Z,1
2019-11-09T10:59:52.000Z,2
2019-11-08T13:28:02.000Z,1
2019-11-08T14:40:01.000Z,1
2019-11-08T16:14:36.000Z,1
2019-11-08T16:27:15.000Z,1
2019-11-08T16:38:21.000Z,3
2019-11-08T16:42:22.000Z,1
2019-11-08T17:02:39.000Z,1
2019-11-08T17:42:31.000Z,1
2019-11-08T17:47:25.000Z,1
2019-11-08T17:49:09.000Z,1
2019-11-08T17:58:57.000Z,1
2019-11-08T18:25:17.000Z,1
2019-11-08T19:28:37.000Z,1
2019-11-08T20:00:46.000Z,1
2019-11-08T21:36:43.000Z,1
2019-11-08T22:21:55.000Z,1
2019-11-08T23:43:02.000Z,1
2019-11-09T03:18:06.000Z,1
2019-11-09T07:56:32.000Z,1
2019-11-09T08:50:48.000Z,1
2019-11-09T10:44:40.000Z,1
2019-11-09T10:48:13.000Z,1
2019-11-09T10:49:24.000Z,1
2019-11-09T11:53:38.000Z,1
2019-11-09T11:58:59.000Z,1
2019-11-09T11:59:14.000Z,1
2019-11-09T12:17:26.000Z,1
2019-11-09T12:25:35.000Z,1
2019-11-09T12:35:02.000Z,1
2019-11-09T12:47:44.000Z,1
2019-11-09T13:21:19.000Z,1
2019-11-09T13:38:04.000Z,1
2019-11-09T13:42:37.000Z,1
2019-11-09T14:05:18.000Z,1
2019-11-09T14:38:44.000Z,1
2019-11-09T14:43:30.000Z,1
2019-11-09T15:05:16.000Z,1
2019-11-09T15:13:00.000Z,1
2019-11-09T16:19:36.000Z,1
2019-11-09T16:22:48.000Z,1
2019-11-09T16:24:13.000Z,1
2019-11-09T16:58:09.000Z,1
2019-11-09T17:48:41.000Z,1
2019-11-09T18:10:27.000Z,1
2019-11-09T19:30:37.000Z,1
2019-11-09T21:50:43.000Z,1
2019-11-09T21:55:46.000Z,1
2019-11-09T22:26:12.000Z,1
2019-11-10T00:53:59.000Z,1
2019-11-10T06:58:12.000Z,1
2019-11-10T07:32:19.000Z,1
2019-11-10T08:09:48.000Z,1
2019-11-10T08:45:04.000Z,1
2019-11-10T09:40:19.000Z,1
2019-11-10T09:42:36.000Z,1
2019-11-10T10:13:42.000Z,1
2019-11-10T11:09:04.000Z,1
2019-11-10T11:25:56.000Z,1
2019-11-10T11:29:57.000Z,1
2019-11-10T11:46:48.000Z,1
2019-11-10T12:16:56.000Z,1
2019-11-10T12:30:37.000Z,1
2019-11-10T12:36:10.000Z,1
2019-11-10T12:48:20.000Z,1
2019-11-10T13:30:53.000Z,1
2019-11-10T13:41:51.000Z,1
2019-11-10T14:12:00.000Z,1
2019-11-10T14:23:13.000Z,1
2019-11-10T15:07:40.000Z,1
2019-11-10T15:13:00.000Z,1
2019-11-10T15:25:03.000Z,2
2019-11-10T15:40:45.000Z,1
2019-11-10T16:26:20.000Z,1
2019-11-10T17:03:47.000Z,1
2019-11-10T17:37:35.000Z,1
2019-11-10T18:40:44.000Z,1
2019-11-10T19:57:13.000Z,1
2019-11-10T20:59:51.000Z,1
2019-11-10T21:25:46.000Z,1
2019-11-10T22:57:50.000Z,1
2019-11-11T05:41:32.000Z,1
2019-11-11T08:27:15.000Z,1
2019-11-11T08:30:16.000Z,1
2019-11-11T13:02:05.000Z,1
2019-11-11T15:27:49.000Z,1
2019-11-11T16:56:28.000Z,1
2019-11-11T17:03:44.000Z,1
2019-11-11T17:29:54.000Z,1
2019-11-11T17:43:33.000Z,1
2019-11-11T17:48:10.000Z,1
2019-11-11T17:50:02.000Z,1
2019-11-11T19:25:25.000Z,1
2019-11-11T22:04:49.000Z,1
2019-11-12T05:42:26.000Z,1
2019-11-12T05:55:50.000Z,1
2019-11-12T06:00:27.000Z,1
2019-11-12T06:21:08.000Z,1
2019-11-12T06:59:07.000Z,1
2019-11-12T07:33:24.000Z,1
2019-11-12T08:01:54.000Z,1
2019-11-12T08:28:52.000Z,1
2019-11-12T08:33:36.000Z,1
2019-11-12T08:41:49.000Z,1
2019-11-12T11:40:54.000Z,1
2019-11-12T13:15:03.000Z,1
2019-11-12T15:02:40.000Z,1
2019-11-12T15:27:48.000Z,1
2019-11-12T15:35:26.000Z,1
2019-11-12T15:50:08.000Z,1
2019-11-12T15:57:06.000Z,1
2019-11-12T16:28:08.000Z,1
2019-11-12T17:28:50.000Z,1
2019-11-12T17:56:02.000Z,1
2019-11-12T18:26:48.000Z,1
2019-11-12T19:13:36.000Z,1
2019-11-12T20:03:52.000Z,1
2019-11-12T20:42:19.000Z,1
2019-11-12T23:57:02.000Z,1
2019-11-13T03:19:36.000Z,1
2019-11-13T05:24:15.000Z,1
2019-11-13T05:39:19.000Z,1
2019-11-13T06:49:33.000Z,2
2019-11-13T07:19:52.000Z,1
2019-11-13T07:29:07.000Z,2
2019-11-13T07:31:01.000Z,1
2019-11-13T08:02:55.000Z,1
2019-11-13T08:43:54.000Z,1
2019-11-13T09:21:52.000Z,1
2019-11-13T10:05:47.000Z,1
2019-11-13T11:22:16.000Z,1
2019-11-13T12:09:52.000Z,1
2019-11-13T13:48:39.000Z,1
2019-11-13T14:59:00.000Z,1
2019-11-13T15:36:24.000Z,1
2019-11-13T16:41:25.000Z,1
2019-11-13T16:45:19.000Z,1
2019-11-13T16:52:42.000Z,1
2019-11-13T16:53:41.000Z,1
2019-11-13T16:58:32.000Z,2
2019-11-13T17:01:38.000Z,1
2019-11-13T17:31:03.000Z,2
2019-11-13T17:38:46.000Z,1
2019-11-13T17:57:04.000Z,1
2019-11-13T19:12:26.000Z,1
2019-11-13T22:15:12.000Z,1
2019-11-13T23:07:26.000Z,1
2019-11-14T05:14:10.000Z,1
2019-11-14T06:34:24.000Z,1
2019-11-14T06:45:41.000Z,2
2019-11-14T07:18:46.000Z,1
2019-11-14T07:44:19.000Z,1
2019-11-14T07:58:41.000Z,1
2019-11-14T08:28:19.000Z,1
2019-11-14T08:51:38.000Z,1
2019-11-14T09:00:34.000Z,1
2019-11-14T09:20:02.000Z,1
2019-11-14T11:06:48.000Z,1
2019-11-14T12:01:58.000Z,1
2019-11-14T13:21:13.000Z,1
2019-11-14T13:30:24.000Z,1
2019-11-14T14:54:16.000Z,1
2019-11-14T14:57:17.000Z,1
2019-11-14T15:18:22.000Z,1
2019-11-14T15:35:13.000Z,1
2019-11-14T16:01:20.000Z,1
2019-11-14T16:14:09.000Z,2
2019-11-14T16:14:34.000Z,1
2019-11-14T16:25:55.000Z,1
2019-11-14T16:33:39.000Z,1
2019-11-14T16:39:46.000Z,1
2019-11-14T16:51:25.000Z,1
2019-11-14T17:00:30.000Z,1
2019-11-14T17:06:46.000Z,1
2019-11-14T18:24:35.000Z,2
2019-11-14T18:39:38.000Z,1
2019-11-14T18:58:05.000Z,1
2019-11-14T19:27:40.000Z,1
2019-11-14T19:44:45.000Z,1
2019-11-14T21:34:21.000Z,1
2019-11-15T06:52:10.000Z,1
2019-11-15T07:08:18.000Z,1
2019-11-15T07:30:21.000Z,1
2019-11-15T08:10:14.000Z,1
2019-11-15T08:41:31.000Z,1
2019-11-15T09:54:12.000Z,1
2019-11-15T09:55:07.000Z,1
2019-11-15T10:21:17.000Z,1
2019-11-15T11:17:26.000Z,2
2019-11-15T11:41:44.000Z,1
2019-11-15T16:38:12.000Z,1
2019-11-15T17:18:49.000Z,1
2019-11-15T17:38:54.000Z,1
2019-11-15T17:42:33.000Z,1
2019-11-15T17:44:27.000Z,1
2019-11-15T18:02:00.000Z,1
2019-11-15T18:29:32.000Z,1
2019-11-15T18:31:00.000Z,1
2019-11-15T19:19:13.000Z,1
2019-11-15T20:48:52.000Z,1
2019-11-15T23:04:00.000Z,1
2019-11-15T23:05:47.000Z,1
2019-11-15T23:45:53.000Z,1
2019-11-16T03:17:41.000Z,1
2019-11-16T05:59:29.000Z,1
2019-11-16T10:22:52.000Z,1
2019-11-16T11:15:07.000Z,1
2019-11-16T11:50:32.000Z,1
2019-11-16T12:10:26.000Z,1
2019-11-16T12:20:52.000Z,1
2019-11-16T13:09:17.000Z,1
2019-11-16T13:13:34.000Z,1
2019-11-16T13:39:20.000Z,1
2019-11-16T14:09:59.000Z,1
2019-11-16T14:25:36.000Z,1
2019-11-16T14:28:42.000Z,2
2019-11-16T14:36:18.000Z,1
2019-11-16T16:14:31.000Z,1
2019-11-16T17:02:09.000Z,1
2019-11-16T17:05:48.000Z,1
2019-11-16T18:44:55.000Z,1
2019-11-16T19:24:46.000Z,1
2019-11-16T22:39:06.000Z,1
2019-11-17T00:36:58.000Z,1
2019-11-17T00:39:55.000Z,1
2019-11-17T01:13:08.000Z,1
2019-11-17T11:12:14.000Z,1
2019-11-17T11:42:05.000Z,1
2019-11-17T11:57:03.000Z,1
2019-11-17T12:39:24.000Z,1
2019-11-17T12:59:31.000Z,1
2019-11-17T13:14:06.000Z,1
2019-11-17T13:33:03.000Z,1
2019-11-17T14:08:50.000Z,1
2019-11-17T14:37:23.000Z,1
2019-11-17T15:59:19.000Z,1
2019-11-17T16:03:55.000Z,1
2019-11-17T16:17:00.000Z,1
2019-11-17T19:25:17.000Z,1
2019-11-17T20:06:42.000Z,1
2019-11-18T06:55:06.000Z,2
2019-11-18T07:24:04.000Z,1
2019-11-18T07:25:12.000Z,1
2019-11-18T07:37:50.000Z,1
2019-11-18T07:39:47.000Z,2
2019-11-18T08:10:20.000Z,2
2019-11-18T08:41:21.000Z,1
2019-11-18T09:14:47.000Z,1
2019-11-18T09:16:06.000Z,1
2019-11-18T09:55:19.000Z,1
2019-11-18T11:30:50.000Z,1
2019-11-18T12:01:33.000Z,1
2019-11-18T12:16:37.000Z,1
2019-11-18T12:32:51.000Z,1
2019-11-18T13:10:45.000Z,1
2019-11-18T15:36:38.000Z,1
2019-11-18T16:24:32.000Z,3
2019-11-18T16:28:12.000Z,1
2019-11-18T16:33:07.000Z,1
2019-11-18T16:52:20.000Z,1
2019-11-18T16:54:09.000Z,1
2019-11-18T17:21:15.000Z,3
2019-11-18T17:24:49.000Z,1
2019-11-18T17:26:17.000Z,1
2019-11-18T17:48:17.000Z,1
2019-11-18T18:04:18.000Z,1
2019-11-18T18:08:39.000Z,1
2019-11-18T19:18:08.000Z,1
2019-11-18T19:28:48.000Z,1
2019-11-18T20:08:54.000Z,1
2019-11-18T20:42:11.000Z,1
2019-11-18T20:59:24.000Z,1
2019-11-18T21:39:50.000Z,1
2019-11-19T06:29:39.000Z,1
2019-11-19T06:36:20.000Z,2
2019-11-19T07:07:16.000Z,1
2019-11-19T07:29:04.000Z,1
2019-11-19T07:38:48.000Z,1
2019-11-19T08:07:47.000Z,1
2019-11-19T08:17:47.000Z,2
2019-11-19T08:35:17.000Z,1
2019-11-19T08:36:50.000Z,1
2019-11-19T08:46:27.000Z,1
2019-11-19T09:17:36.000Z,1
2019-11-19T09:33:08.000Z,1
2019-11-19T13:51:52.000Z,1
2019-11-19T13:54:03.000Z,2
2019-11-19T14:56:23.000Z,1
2019-11-19T15:15:37.000Z,1
2019-11-19T15:20:38.000Z,1
2019-11-19T16:35:22.000Z,1
2019-11-19T16:52:40.000Z,1
2019-11-19T17:02:46.000Z,1
2019-11-19T17:10:33.000Z,1
2019-11-19T17:12:03.000Z,2
2019-11-19T17:13:13.000Z,1
2019-11-19T17:22:25.000Z,1
2019-11-19T17:27:03.000Z,1
2019-11-19T17:34:36.000Z,1
2019-11-19T17:45:52.000Z,1
2019-11-19T17:57:51.000Z,1
2019-11-19T18:04:28.000Z,2
2019-11-19T18:13:24.000Z,1
2019-11-19T18:38:50.000Z,1
2019-11-19T20:41:33.000Z,2
2019-11-08T06:07:44.000Z,1
2019-11-08T08:19:01.000Z,1
2019-11-08T08:21:43.000Z,1
2019-11-08T08:29:30.000Z,1
2019-11-08T11:08:23.000Z,1
2019-11-08T12:30:10.000Z,1
2019-11-08T12:41:16.000Z,1
2019-11-08T13:30:05.000Z,1
2019-11-08T13:54:26.000Z,1
2019-11-08T14:12:17.000Z,1
2019-11-08T14:19:25.000Z,1
2019-11-08T15:37:36.000Z,1
2019-11-08T15:55:16.000Z,1
2019-11-08T16:33:55.000Z,1
2019-11-09T11:19:14.000Z,1
2019-11-09T11:33:07.000Z,1
2019-11-09T11:53:00.000Z,1
2019-11-09T11:53:24.000Z,1
2019-11-09T14:50:31.000Z,2
2019-11-08T09:18:38.000Z,1
2019-11-08T14:36:32.000Z,1
2019-11-08T16:08:15.000Z,2
2019-11-08T16:19:33.000Z,1
2019-11-08T16:34:20.000Z,1
2019-11-08T16:50:38.000Z,1
2019-11-08T17:04:19.000Z,1
2019-11-08T17:10:15.000Z,1
2019-11-08T18:13:29.000Z,1
2019-11-08T18:35:35.000Z,1
2019-11-08T19:20:00.000Z,1
2019-11-08T19:21:06.000Z,1
2019-11-08T19:29:37.000Z,1
2019-11-08T23:53:55.000Z,1
2019-11-09T00:14:00.000Z,1
2019-11-09T01:24:46.000Z,1
2019-11-09T01:53:10.000Z,1
2019-11-09T05:59:10.000Z,1
2019-11-09T08:30:45.000Z,1
2019-11-09T10:21:59.000Z,1
2019-11-09T10:46:52.000Z,1
2019-11-09T11:09:35.000Z,1
2019-11-09T11:15:45.000Z,1
2019-11-09T11:18:48.000Z,1
2019-11-09T11:19:31.000Z,1
2019-11-09T11:43:28.000Z,1
2019-11-09T12:49:06.000Z,1
2019-11-09T13:47:15.000Z,1
2019-11-09T14:36:36.000Z,1
2019-11-09T15:07:02.000Z,1
2019-11-09T15:13:07.000Z,1
2019-11-09T15:18:53.000Z,1
2019-11-09T17:57:10.000Z,1
2019-11-09T18:11:44.000Z,1
2019-11-09T18:32:30.000Z,1
2019-11-09T19:04:55.000Z,1
2019-11-09T19:45:21.000Z,1
2019-11-09T20:51:58.000Z,1
2019-11-09T21:10:15.000Z,1
2019-11-10T09:00:54.000Z,1
2019-11-10T10:25:01.000Z,1
2019-11-10T10:25:46.000Z,1
2019-11-10T10:42:40.000Z,1
2019-11-10T11:30:44.000Z,1
2019-11-10T12:02:52.000Z,1
2019-11-10T13:00:54.000Z,1
2019-11-10T13:27:27.000Z,1
2019-11-10T14:21:27.000Z,1
2019-11-10T15:04:30.000Z,1
2019-11-10T16:34:46.000Z,1
2019-11-10T16:40:54.000Z,1
2019-11-10T16:48:16.000Z,1
2019-11-10T17:25:46.000Z,1
2019-11-10T21:37:48.000Z,1
2019-11-11T07:23:49.000Z,1
2019-11-11T08:04:10.000Z,1
2019-11-11T08:37:05.000Z,1
2019-11-11T08:51:32.000Z,1
2019-11-11T09:13:48.000Z,1
2019-11-11T15:45:20.000Z,1
2019-11-11T17:02:45.000Z,1
2019-11-11T20:05:51.000Z,1
2019-11-11T22:56:27.000Z,1
2019-11-12T01:30:52.000Z,1
2019-11-12T05:44:59.000Z,1
2019-11-12T06:12:01.000Z,1
2019-11-12T06:53:52.000Z,1
2019-11-12T08:09:58.000Z,1
2019-11-12T08:33:06.000Z,1
2019-11-12T09:26:39.000Z,1
2019-11-12T10:42:30.000Z,1
2019-11-12T13:07:20.000Z,1
2019-11-12T13:31:54.000Z,1
2019-11-12T16:11:12.000Z,1
2019-11-12T16:28:21.000Z,1
2019-11-12T16:36:21.000Z,1
2019-11-12T16:42:40.000Z,1
2019-11-12T17:07:03.000Z,1
2019-11-12T17:24:03.000Z,1
2019-11-12T17:35:53.000Z,2
2019-11-12T18:27:01.000Z,2
2019-11-12T19:10:18.000Z,1
2019-11-12T19:12:20.000Z,1
2019-11-13T06:02:03.000Z,1
2019-11-13T08:23:19.000Z,2
2019-11-13T08:30:38.000Z,1
2019-11-13T12:37:30.000Z,1
2019-11-13T13:13:32.000Z,1
2019-11-13T13:28:25.000Z,1
2019-11-13T16:18:20.000Z,1
2019-11-13T16:27:21.000Z,1
2019-11-13T17:18:28.000Z,1
2019-11-13T17:27:27.000Z,1
2019-11-13T17:28:06.000Z,1
2019-11-13T18:12:15.000Z,1
2019-11-13T19:48:12.000Z,1
2019-11-13T21:20:10.000Z,1
2019-11-13T22:21:08.000Z,1
2019-11-14T02:04:12.000Z,1
2019-11-14T07:00:51.000Z,1
2019-11-14T07:12:18.000Z,1
2019-11-14T07:44:05.000Z,1
2019-11-14T08:27:07.000Z,1
2019-11-14T08:58:46.000Z,1
2019-11-14T09:21:51.000Z,1
2019-11-14T09:34:50.000Z,1
2019-11-14T09:55:08.000Z,1
2019-11-14T11:22:31.000Z,1
2019-11-14T11:40:34.000Z,1
2019-11-14T11:49:36.000Z,1
2019-11-14T12:47:19.000Z,1
2019-11-14T13:52:07.000Z,1
2019-11-14T15:07:05.000Z,1
2019-11-14T16:30:26.000Z,1
2019-11-14T16:33:36.000Z,1
2019-11-14T16:48:45.000Z,1
2019-11-14T17:16:16.000Z,1
2019-11-14T17:31:55.000Z,1
2019-11-14T17:36:50.000Z,2
2019-11-14T17:52:13.000Z,1
2019-11-14T18:25:21.000Z,2
2019-11-14T18:54:54.000Z,1
2019-11-14T18:55:30.000Z,1
2019-11-14T23:22:15.000Z,1
2019-11-15T05:59:51.000Z,1
2019-11-15T06:40:21.000Z,1
2019-11-15T07:25:30.000Z,1
2019-11-15T07:46:14.000Z,1
2019-11-15T07:56:25.000Z,1
2019-11-15T09:02:42.000Z,1
2019-11-15T10:57:02.000Z,1
2019-11-15T13:44:13.000Z,1
2019-11-15T13:55:38.000Z,1
2019-11-15T14:07:06.000Z,1
2019-11-15T14:30:23.000Z,1
2019-11-15T14:55:09.000Z,1
2019-11-15T15:20:37.000Z,2
2019-11-15T15:49:53.000Z,1
2019-11-15T16:03:39.000Z,1
2019-11-15T16:14:07.000Z,1
2019-11-15T16:18:48.000Z,1
2019-11-15T16:50:18.000Z,1
2019-11-15T17:03:35.000Z,1
2019-11-15T17:13:34.000Z,1
2019-11-15T17:48:22.000Z,1
2019-11-15T18:04:22.000Z,1
2019-11-15T18:23:48.000Z,1
2019-11-15T19:13:25.000Z,1
2019-11-15T20:07:57.000Z,1
2019-11-15T20:21:22.000Z,1
2019-11-15T20:35:59.000Z,1
2019-11-15T21:44:38.000Z,1
2019-11-15T21:44:58.000Z,1
2019-11-15T23:16:33.000Z,1
2019-11-16T07:25:12.000Z,1
2019-11-16T07:36:54.000Z,1
2019-11-16T08:16:56.000Z,1
2019-11-16T09:24:52.000Z,1
2019-11-16T10:16:43.000Z,1
2019-11-16T10:32:00.000Z,1
2019-11-16T10:57:56.000Z,1
2019-11-16T11:44:09.000Z,1
2019-11-16T11:53:03.000Z,1
2019-11-16T12:53:07.000Z,1
2019-11-16T13:52:36.000Z,1
2019-11-16T14:12:55.000Z,1
2019-11-16T14:16:36.000Z,1
2019-11-16T14:36:50.000Z,3
2019-11-16T14:43:01.000Z,1
2019-11-16T15:10:58.000Z,1
2019-11-16T15:31:25.000Z,1
2019-11-16T16:09:27.000Z,1
2019-11-16T16:35:16.000Z,1
2019-11-16T16:57:22.000Z,1
2019-11-16T18:33:56.000Z,1
2019-11-16T20:27:57.000Z,1
2019-11-17T08:21:31.000Z,1
2019-11-17T12:14:05.000Z,1
2019-11-17T12:48:49.000Z,1
2019-11-17T12:51:04.000Z,2
2019-11-17T13:11:01.000Z,1
2019-11-17T13:35:32.000Z,1
2019-11-17T15:33:07.000Z,1
2019-11-17T18:20:35.000Z,1
2019-11-17T19:22:59.000Z,1
2019-11-17T23:46:16.000Z,1
2019-11-18T04:34:52.000Z,1
2019-11-18T05:19:02.000Z,1
2019-11-18T05:41:09.000Z,1
2019-11-18T06:45:47.000Z,1
2019-11-18T07:40:03.000Z,1
2019-11-18T08:12:15.000Z,1
2019-11-18T08:55:45.000Z,1
2019-11-18T09:18:07.000Z,1
2019-11-18T12:21:03.000Z,1
2019-11-18T12:52:24.000Z,1
2019-11-18T15:49:20.000Z,1
2019-11-18T16:03:15.000Z,1
2019-11-18T16:20:53.000Z,2
2019-11-18T16:39:03.000Z,1
2019-11-18T16:40:08.000Z,1
2019-11-18T16:50:53.000Z,1
2019-11-18T16:55:18.000Z,1
2019-11-18T16:58:08.000Z,1
2019-11-18T16:58:54.000Z,2
2019-11-18T17:06:40.000Z,1
2019-11-18T17:11:15.000Z,2
2019-11-18T17:14:00.000Z,2
2019-11-18T17:14:17.000Z,1
2019-11-18T17:15:00.000Z,1
2019-11-18T17:23:08.000Z,1
2019-11-18T17:23:36.000Z,1
2019-11-18T18:43:32.000Z,1
2019-11-18T19:12:49.000Z,1
2019-11-18T19:21:10.000Z,1
2019-11-18T19:55:13.000Z,1
2019-11-18T22:19:04.000Z,1
2019-11-19T06:20:10.000Z,1
2019-11-19T06:29:36.000Z,1
2019-11-19T07:01:52.000Z,1
2019-11-19T07:03:53.000Z,1
2019-11-19T07:21:46.000Z,1
2019-11-19T07:32:00.000Z,3
2019-11-19T08:23:09.000Z,1
2019-11-19T08:53:08.000Z,1
2019-11-19T08:56:11.000Z,2
2019-11-19T09:25:29.000Z,2
2019-11-19T10:20:38.000Z,2
2019-11-19T10:26:46.000Z,1
2019-11-19T10:42:50.000Z,1
2019-11-19T11:21:59.000Z,1
2019-11-19T11:43:00.000Z,1
2019-11-19T12:24:03.000Z,1
2019-11-19T13:58:36.000Z,1
2019-11-19T14:26:35.000Z,1
2019-11-19T15:13:16.000Z,1
2019-11-19T15:34:46.000Z,2
2019-11-19T16:42:02.000Z,1
2019-11-19T16:45:01.000Z,1
2019-11-19T17:20:17.000Z,1
2019-11-19T17:21:08.000Z,2
2019-11-19T17:24:14.000Z,1
2019-11-19T17:33:22.000Z,1
2019-11-19T17:42:52.000Z,1
2019-11-19T18:32:12.000Z,1
2019-11-19T18:45:27.000Z,1
2019-11-19T18:57:52.000Z,1
2019-11-19T19:09:25.000Z,1
2019-11-19T19:18:54.000Z,1
2019-11-19T19:23:34.000Z,1
2019-11-19T19:51:20.000Z,1
2019-11-19T20:31:40.000Z,1
2019-11-19T20:56:19.000Z,2
2019-11-19T21:26:25.000Z,1
2019-11-19T22:27:50.000Z,1
2019-11-08T07:03:28.000Z,1
2019-11-08T07:07:37.000Z,1
2019-11-08T07:46:28.000Z,1
2019-11-08T07:48:15.000Z,1
2019-11-08T07:51:06.000Z,1
2019-11-08T08:00:50.000Z,1
2019-11-08T08:01:33.000Z,2
2019-11-08T08:29:33.000Z,1
2019-11-08T08:39:01.000Z,1
2019-11-08T08:53:48.000Z,1
2019-11-08T10:21:33.000Z,1
2019-11-08T10:40:38.000Z,1
2019-11-08T12:27:47.000Z,1
2019-11-08T12:39:29.000Z,1
2019-11-08T13:15:36.000Z,1
2019-11-08T14:00:35.000Z,1
2019-11-08T14:23:10.000Z,1
2019-11-08T15:33:46.000Z,1
2019-11-08T15:47:46.000Z,2
2019-11-08T16:13:48.000Z,2
2019-11-09T09:22:05.000Z,2
2019-11-10T10:12:40.000Z,1
2019-11-08T11:27:33.000Z,1
2019-11-08T12:26:45.000Z,1
2019-11-08T13:09:43.000Z,1
2019-11-08T15:29:48.000Z,2
2019-11-08T15:34:26.000Z,1
2019-11-08T16:16:38.000Z,1
2019-11-08T16:23:17.000Z,1
2019-11-08T16:30:37.000Z,1
2019-11-08T20:26:57.000Z,1
2019-11-08T20:30:56.000Z,1
2019-11-09T02:20:45.000Z,1
2019-11-09T07:45:46.000Z,1
2019-11-09T08:42:59.000Z,1
2019-11-09T09:05:51.000Z,1
2019-11-09T09:41:07.000Z,1
2019-11-09T09:54:30.000Z,1
2019-11-09T10:43:12.000Z,1
2019-11-09T11:16:09.000Z,1
2019-11-09T11:52:15.000Z,2
2019-11-09T12:13:25.000Z,1
2019-11-09T12:15:52.000Z,2
2019-11-09T12:26:13.000Z,2
2019-11-09T12:38:56.000Z,2
2019-11-09T12:49:28.000Z,1
2019-11-09T13:36:17.000Z,1
2019-11-09T13:57:40.000Z,1
2019-11-09T13:58:04.000Z,1
2019-11-09T14:11:57.000Z,1
2019-11-09T14:14:27.000Z,2
2019-11-09T14:22:04.000Z,1
2019-11-09T14:28:46.000Z,1
2019-11-09T14:41:39.000Z,1
2019-11-09T14:51:27.000Z,1
2019-11-09T14:54:38.000Z,1
2019-11-09T15:45:13.000Z,1
2019-11-09T16:21:30.000Z,1
2019-11-09T16:49:27.000Z,1
2019-11-09T17:35:55.000Z,1
2019-11-09T18:11:50.000Z,1
2019-11-09T19:39:57.000Z,1
2019-11-09T21:36:00.000Z,1
2019-11-09T22:08:48.000Z,1
2019-11-09T23:48:56.000Z,1
2019-11-10T01:30:56.000Z,1
2019-11-10T07:57:50.000Z,1
2019-11-10T10:17:59.000Z,1
2019-11-10T10:21:42.000Z,1
2019-11-10T10:38:19.000Z,1
2019-11-10T10:43:51.000Z,1
2019-11-10T11:16:57.000Z,1
2019-11-10T11:40:47.000Z,1
2019-11-10T12:10:16.000Z,1
2019-11-10T12:34:39.000Z,1
2019-11-10T13:21:59.000Z,1
2019-11-10T13:34:47.000Z,1
2019-11-10T13:58:11.000Z,1
2019-11-10T15:23:25.000Z,1
2019-11-10T15:26:30.000Z,1
2019-11-10T15:29:34.000Z,1
2019-11-10T15:42:39.000Z,1
2019-11-10T15:49:38.000Z,1
2019-11-10T16:30:49.000Z,1
2019-11-10T16:37:03.000Z,1
2019-11-10T17:01:15.000Z,1
2019-11-10T17:53:05.000Z,1
2019-11-10T18:02:38.000Z,1
2019-11-10T18:06:02.000Z,1
2019-11-10T18:16:43.000Z,1
2019-11-10T18:27:45.000Z,1
2019-11-10T18:33:41.000Z,1
2019-11-10T18:34:03.000Z,1
2019-11-10T18:38:28.000Z,1
2019-11-10T18:52:39.000Z,1
2019-11-10T19:03:30.000Z,1
2019-11-10T19:13:38.000Z,1
2019-11-10T19:19:01.000Z,1
2019-11-10T20:01:34.000Z,1
2019-11-10T20:08:11.000Z,1
2019-11-10T20:14:16.000Z,1
2019-11-10T22:17:14.000Z,1
2019-11-11T07:30:40.000Z,1
2019-11-11T08:47:51.000Z,1
2019-11-11T09:52:10.000Z,1
2019-11-11T18:33:31.000Z,1
2019-11-11T20:30:46.000Z,1
2019-11-11T21:42:57.000Z,1
2019-11-12T00:54:53.000Z,1
2019-11-12T02:27:54.000Z,1
2019-11-12T07:38:18.000Z,1
2019-11-12T07:50:38.000Z,1
2019-11-12T11:10:03.000Z,1
2019-11-12T11:44:51.000Z,1
2019-11-12T12:22:15.000Z,1
2019-11-12T13:28:23.000Z,1
2019-11-12T15:07:12.000Z,1
2019-11-12T15:48:00.000Z,1
2019-11-12T16:07:43.000Z,1
2019-11-12T16:47:30.000Z,1
2019-11-12T17:05:47.000Z,1
2019-11-12T17:08:43.000Z,1
2019-11-12T17:39:07.000Z,2
2019-11-12T18:26:30.000Z,1
2019-11-12T18:36:49.000Z,1
2019-11-13T05:43:17.000Z,1
2019-11-13T06:18:26.000Z,1
2019-11-13T08:31:40.000Z,1
2019-11-13T08:34:42.000Z,1
2019-11-13T08:37:50.000Z,1
2019-11-13T08:50:25.000Z,1
2019-11-13T11:43:53.000Z,1
2019-11-13T12:56:04.000Z,1
2019-11-13T13:42:49.000Z,1
2019-11-13T14:07:47.000Z,1
2019-11-13T17:00:36.000Z,1
2019-11-13T17:49:01.000Z,1
2019-11-13T18:02:28.000Z,1
2019-11-13T18:31:42.000Z,1
2019-11-13T18:35:31.000Z,1
2019-11-13T19:38:17.000Z,1
2019-11-13T21:01:00.000Z,1
2019-11-13T23:05:21.000Z,1
2019-11-14T06:22:53.000Z,1
2019-11-14T06:38:36.000Z,1
2019-11-14T06:50:59.000Z,1
2019-11-14T07:36:08.000Z,1
2019-11-14T08:08:29.000Z,1
2019-11-14T08:30:51.000Z,1
2019-11-14T08:40:08.000Z,1
2019-11-14T08:59:22.000Z,1
2019-11-14T09:20:06.000Z,1
2019-11-14T09:59:43.000Z,1
2019-11-14T12:20:05.000Z,1
2019-11-14T13:03:11.000Z,1
2019-11-14T14:03:11.000Z,1
2019-11-14T14:22:24.000Z,1
2019-11-14T15:26:28.000Z,1
2019-11-14T15:30:20.000Z,1
2019-11-14T15:35:45.000Z,1
2019-11-14T16:22:11.000Z,1
2019-11-14T16:23:33.000Z,1
2019-11-14T16:51:59.000Z,1
2019-11-14T16:54:30.000Z,1
2019-11-14T16:59:51.000Z,1
2019-11-14T17:02:56.000Z,2
2019-11-14T17:57:39.000Z,1
2019-11-14T18:35:03.000Z,1
2019-11-14T18:35:12.000Z,1
2019-11-14T19:02:10.000Z,1
2019-11-14T19:07:29.000Z,1
2019-11-14T19:58:14.000Z,1
2019-11-15T00:17:08.000Z,1
2019-11-15T05:23:25.000Z,1
2019-11-15T07:03:58.000Z,1
2019-11-15T07:30:47.000Z,1
2019-11-15T08:17:54.000Z,1
2019-11-15T08:35:12.000Z,1
2019-11-15T09:10:14.000Z,1
2019-11-15T09:57:02.000Z,1
2019-11-15T10:03:44.000Z,1
2019-11-15T11:38:24.000Z,1
2019-11-15T14:35:46.000Z,1
2019-11-15T16:00:28.000Z,1
2019-11-15T16:07:31.000Z,1
2019-11-15T16:37:19.000Z,3
2019-11-15T16:59:21.000Z,1
2019-11-15T17:08:00.000Z,2
2019-11-15T17:11:56.000Z,1
2019-11-15T17:19:12.000Z,2
2019-11-15T17:24:39.000Z,1
2019-11-15T17:28:39.000Z,2
2019-11-15T17:32:51.000Z,1
2019-11-15T17:46:08.000Z,1
2019-11-15T19:31:52.000Z,1
2019-11-16T01:46:15.000Z,1
2019-11-16T03:14:47.000Z,1
2019-11-16T06:57:39.000Z,1
2019-11-16T10:37:27.000Z,1
2019-11-16T11:20:22.000Z,1
2019-11-16T12:26:51.000Z,1
2019-11-16T12:27:30.000Z,1
2019-11-16T12:44:26.000Z,1
2019-11-16T13:00:24.000Z,1
2019-11-16T13:22:33.000Z,1
2019-11-16T14:46:51.000Z,1
2019-11-16T15:05:32.000Z,1
2019-11-16T15:49:41.000Z,1
2019-11-16T16:29:20.000Z,1
2019-11-16T17:05:22.000Z,1
2019-11-16T17:43:55.000Z,1
2019-11-16T18:08:33.000Z,1
2019-11-16T19:10:25.000Z,1
2019-11-16T19:36:06.000Z,1
2019-11-17T08:39:05.000Z,1
2019-11-17T08:59:50.000Z,1
2019-11-17T10:51:29.000Z,1
2019-11-17T10:56:54.000Z,1
2019-11-17T11:15:51.000Z,1
2019-11-17T11:38:08.000Z,1
2019-11-17T12:03:15.000Z,2
2019-11-17T13:26:44.000Z,1
2019-11-17T15:26:28.000Z,1
2019-11-17T16:39:01.000Z,1
2019-11-17T18:02:58.000Z,1
2019-11-17T18:39:17.000Z,1
2019-11-17T18:56:46.000Z,1
2019-11-17T19:02:50.000Z,1
2019-11-17T20:14:49.000Z,1
2019-11-18T06:48:42.000Z,1
2019-11-18T07:25:30.000Z,1
2019-11-18T07:37:36.000Z,1
2019-11-18T07:38:16.000Z,1
2019-11-18T07:57:01.000Z,1
2019-11-18T08:00:52.000Z,1
2019-11-18T08:20:47.000Z,1
2019-11-18T08:23:40.000Z,1
2019-11-18T08:32:19.000Z,1
2019-11-18T08:39:07.000Z,2
2019-11-18T08:58:44.000Z,1
2019-11-18T09:13:39.000Z,1
2019-11-18T10:07:49.000Z,2
2019-11-18T13:09:53.000Z,1
2019-11-18T14:50:28.000Z,1
2019-11-18T15:06:05.000Z,1
2019-11-18T16:18:35.000Z,1
2019-11-18T16:32:29.000Z,1
2019-11-18T16:34:23.000Z,1
2019-11-18T17:14:21.000Z,1
2019-11-18T17:15:55.000Z,1
2019-11-18T17:28:57.000Z,1
2019-11-18T17:32:11.000Z,4
2019-11-18T17:33:40.000Z,1
2019-11-18T17:34:38.000Z,1
2019-11-18T17:45:55.000Z,1
2019-11-18T17:49:34.000Z,1
2019-11-18T17:54:51.000Z,2
2019-11-18T18:06:58.000Z,1
2019-11-18T18:07:10.000Z,1
2019-11-18T18:08:01.000Z,1
2019-11-18T18:22:03.000Z,1
2019-11-18T18:41:50.000Z,1
2019-11-18T18:44:50.000Z,1
2019-11-18T19:33:16.000Z,1
2019-11-18T22:13:18.000Z,1
2019-11-19T04:54:27.000Z,1
2019-11-19T06:09:49.000Z,2
2019-11-19T06:28:45.000Z,1
2019-11-19T06:59:09.000Z,1
2019-11-19T07:09:25.000Z,1
2019-11-19T07:45:51.000Z,1
2019-11-19T08:22:17.000Z,2
2019-11-19T08:24:34.000Z,2
2019-11-19T08:45:44.000Z,1
2019-11-19T08:46:32.000Z,2
2019-11-19T09:10:42.000Z,1
2019-11-19T09:21:31.000Z,1
2019-11-19T09:27:45.000Z,1
2019-11-19T09:52:55.000Z,1
2019-11-19T10:48:58.000Z,1
2019-11-19T12:45:42.000Z,1
2019-11-19T15:25:42.000Z,1
2019-11-19T16:20:31.000Z,1
2019-11-19T16:34:31.000Z,2
2019-11-19T16:59:35.000Z,1
2019-11-19T17:05:52.000Z,1
2019-11-19T17:12:09.000Z,1
2019-11-19T17:54:31.000Z,1
2019-11-19T18:19:25.000Z,1
2019-11-19T18:21:28.000Z,1
2019-11-19T18:30:30.000Z,1
2019-11-19T18:42:38.000Z,1
2019-11-19T18:42:54.000Z,2
2019-11-19T18:44:47.000Z,1
2019-11-19T19:03:24.000Z,1
2019-11-19T19:12:38.000Z,1
2019-11-19T19:43:24.000Z,1
2019-11-19T19:54:57.000Z,1
2019-11-19T21:29:07.000Z,1
2019-11-19T23:29:06.000Z,2
2019-11-08T07:22:48.000Z,1
2019-11-08T08:04:49.000Z,2
2019-11-08T08:20:45.000Z,2
2019-11-08T08:23:49.000Z,1
2019-11-08T08:25:49.000Z,1
2019-11-08T08:31:19.000Z,1
2019-11-08T08:54:53.000Z,1
2019-11-08T09:13:26.000Z,1
2019-11-08T10:38:55.000Z,1
2019-11-08T12:12:34.000Z,1
2019-11-08T12:35:03.000Z,1
2019-11-08T13:11:39.000Z,1
2019-11-08T13:27:21.000Z,1
2019-11-08T16:07:31.000Z,1
2019-11-08T16:33:34.000Z,2
2019-11-08T17:00:05.000Z,1
2019-11-08T17:54:58.000Z,1
2019-11-08T18:06:14.000Z,1
2019-11-09T13:32:54.000Z,1
2019-11-08T08:30:25.000Z,1
2019-11-08T09:46:39.000Z,1
2019-11-08T15:20:40.000Z,1
2019-11-08T15:30:28.000Z,1
2019-11-08T17:05:48.000Z,1
2019-11-08T17:37:55.000Z,1
2019-11-08T17:48:01.000Z,1
2019-11-08T18:05:41.000Z,1
2019-11-08T18:40:06.000Z,1
2019-11-08T18:52:39.000Z,1
2019-11-08T19:15:04.000Z,1
2019-11-08T19:51:57.000Z,1
2019-11-09T08:26:01.000Z,1
2019-11-09T08:36:13.000Z,1
2019-11-09T10:41:23.000Z,1
2019-11-09T11:02:54.000Z,2
2019-11-09T11:03:38.000Z,1
2019-11-09T12:01:51.000Z,1
2019-11-09T12:05:58.000Z,1
2019-11-09T12:21:03.000Z,1
2019-11-09T12:27:10.000Z,1
2019-11-09T12:56:40.000Z,1
2019-11-09T13:09:59.000Z,1
2019-11-09T14:05:19.000Z,1
2019-11-09T14:07:22.000Z,1
2019-11-09T14:12:22.000Z,1
2019-11-09T14:18:03.000Z,1
2019-11-09T15:13:53.000Z,1
2019-11-09T15:46:14.000Z,1
2019-11-09T17:30:05.000Z,1
2019-11-09T18:34:27.000Z,1
2019-11-09T19:54:31.000Z,1
2019-11-09T21:39:45.000Z,1
2019-11-09T23:04:49.000Z,1
2019-11-10T00:04:33.000Z,1
2019-11-10T01:01:00.000Z,1
2019-11-10T07:11:40.000Z,1
2019-11-10T07:26:40.000Z,1
2019-11-10T07:56:03.000Z,1
2019-11-10T08:29:02.000Z,1
2019-11-10T10:07:39.000Z,1
2019-11-10T10:27:13.000Z,1
2019-11-10T10:46:06.000Z,1
2019-11-10T10:57:28.000Z,1
2019-11-10T11:14:18.000Z,1
2019-11-10T11:15:46.000Z,1
2019-11-10T11:33:04.000Z,1
2019-11-10T12:25:39.000Z,1
2019-11-10T14:03:34.000Z,1
2019-11-10T14:17:09.000Z,1
2019-11-10T14:47:00.000Z,1
2019-11-10T14:57:19.000Z,1
2019-11-10T15:10:34.000Z,1
2019-11-10T15:52:29.000Z,1
2019-11-10T17:04:31.000Z,1
2019-11-10T19:34:20.000Z,1
2019-11-10T19:59:57.000Z,1
2019-11-10T23:10:08.000Z,1
2019-11-11T05:54:38.000Z,1
2019-11-11T06:18:27.000Z,1
2019-11-11T07:00:58.000Z,1
2019-11-11T07:41:33.000Z,1
2019-11-11T08:06:08.000Z,1
2019-11-11T13:27:03.000Z,1
2019-11-11T14:55:39.000Z,1
2019-11-11T15:52:02.000Z,1
2019-11-11T16:43:06.000Z,1
2019-11-11T17:07:50.000Z,1
2019-11-11T17:16:38.000Z,1
2019-11-11T18:46:45.000Z,1
2019-11-11T19:08:36.000Z,1
2019-11-11T19:29:17.000Z,1
2019-11-11T20:18:33.000Z,1
2019-11-12T06:31:39.000Z,1
2019-11-12T07:21:05.000Z,1
2019-11-12T07:44:12.000Z,1
2019-11-12T08:02:57.000Z,1
2019-11-12T09:07:45.000Z,1
2019-11-12T10:01:18.000Z,1
2019-11-12T10:30:59.000Z,1
2019-11-12T12:25:35.000Z,1
2019-11-12T12:45:01.000Z,1
2019-11-12T15:04:43.000Z,1
2019-11-12T15:41:50.000Z,1
2019-11-12T15:54:44.000Z,1
2019-11-12T17:52:52.000Z,1
2019-11-12T18:11:05.000Z,1
2019-11-12T18:27:20.000Z,1
2019-11-12T18:33:19.000Z,1
2019-11-12T19:39:13.000Z,1
2019-11-12T19:52:54.000Z,1
2019-11-12T20:34:13.000Z,1
2019-11-13T05:23:24.000Z,1
2019-11-13T07:47:02.000Z,1
2019-11-13T08:49:54.000Z,1
2019-11-13T10:04:56.000Z,1
2019-11-13T12:05:36.000Z,1
2019-11-13T13:47:05.000Z,1
2019-11-13T15:12:21.000Z,1
2019-11-13T15:40:16.000Z,1
2019-11-13T16:51:58.000Z,1
2019-11-13T17:05:20.000Z,1
2019-11-13T18:07:01.000Z,1
2019-11-13T18:18:51.000Z,1
2019-11-13T19:43:12.000Z,1
2019-11-13T20:30:07.000Z,1
2019-11-13T21:37:11.000Z,1
2019-11-14T06:20:27.000Z,1
2019-11-14T07:01:21.000Z,1
2019-11-14T07:48:42.000Z,1
2019-11-14T08:59:29.000Z,1
2019-11-14T09:01:46.000Z,1
2019-11-14T09:08:41.000Z,1
2019-11-14T12:44:07.000Z,1
2019-11-14T14:55:26.000Z,1
2019-11-14T15:14:29.000Z,1
2019-11-14T16:47:18.000Z,1
2019-11-14T17:49:52.000Z,1
2019-11-14T18:27:13.000Z,1
2019-11-14T18:36:32.000Z,1
2019-11-14T18:46:25.000Z,1
2019-11-14T19:09:09.000Z,1
2019-11-14T20:57:02.000Z,1
2019-11-14T21:43:47.000Z,1
2019-11-14T22:33:11.000Z,1
2019-11-15T06:10:43.000Z,1
2019-11-15T07:33:21.000Z,1
2019-11-15T08:52:40.000Z,1
2019-11-15T08:56:18.000Z,1
2019-11-15T09:00:01.000Z,1
2019-11-15T09:20:51.000Z,1
2019-11-15T09:48:55.000Z,1
2019-11-15T10:39:22.000Z,1
2019-11-15T11:16:24.000Z,1
2019-11-15T12:28:31.000Z,1
2019-11-15T13:16:02.000Z,2
2019-11-15T13:31:53.000Z,1
2019-11-15T13:56:46.000Z,1
2019-11-15T15:43:53.000Z,1
2019-11-15T17:12:31.000Z,1
2019-11-15T17:18:11.000Z,1
2019-11-15T18:14:42.000Z,2
2019-11-15T18:54:20.000Z,1
2019-11-15T19:09:03.000Z,1
2019-11-15T19:22:06.000Z,1
2019-11-15T20:19:22.000Z,1
2019-11-15T22:21:49.000Z,1
2019-11-15T22:29:17.000Z,1
2019-11-16T02:03:58.000Z,1
2019-11-16T08:44:22.000Z,1
2019-11-16T09:45:47.000Z,1
2019-11-16T09:57:07.000Z,1
2019-11-16T10:13:21.000Z,1
2019-11-16T10:48:27.000Z,1
2019-11-16T11:16:57.000Z,2
2019-11-16T11:47:55.000Z,1
2019-11-16T11:53:27.000Z,1
2019-11-16T13:16:55.000Z,1
2019-11-16T14:33:51.000Z,1
2019-11-16T15:55:18.000Z,1
2019-11-16T16:52:12.000Z,1
2019-11-16T17:54:48.000Z,1
2019-11-17T09:41:02.000Z,1
2019-11-17T09:41:19.000Z,1
2019-11-17T09:49:34.000Z,1
2019-11-17T10:40:49.000Z,1
2019-11-17T12:27:36.000Z,1
2019-11-17T13:47:46.000Z,1
2019-11-17T14:02:55.000Z,1
2019-11-17T14:47:49.000Z,1
2019-11-17T15:26:04.000Z,1
2019-11-17T15:26:47.000Z,1
2019-11-17T16:42:48.000Z,1
2019-11-17T20:02:21.000Z,1
2019-11-17T20:30:18.000Z,1
2019-11-17T20:59:51.000Z,1
2019-11-17T21:32:37.000Z,1
2019-11-17T23:53:43.000Z,1
2019-11-18T06:53:12.000Z,1
2019-11-18T07:07:42.000Z,1
2019-11-18T07:16:27.000Z,1
2019-11-18T07:24:46.000Z,2
2019-11-18T08:14:22.000Z,1
2019-11-18T08:17:14.000Z,1
2019-11-18T08:28:07.000Z,1
2019-11-18T08:46:03.000Z,1
2019-11-18T09:08:33.000Z,2
2019-11-18T11:02:12.000Z,1
2019-11-18T11:50:58.000Z,1
2019-11-18T11:58:41.000Z,1
2019-11-18T12:29:46.000Z,1
2019-11-18T12:37:25.000Z,1
2019-11-18T12:54:25.000Z,1
2019-11-18T14:07:43.000Z,2
2019-11-18T16:05:43.000Z,1
2019-11-18T16:49:36.000Z,3
2019-11-18T16:55:39.000Z,1
2019-11-18T17:00:15.000Z,1
2019-11-18T17:05:28.000Z,1
2019-11-18T17:22:50.000Z,1
2019-11-18T17:34:24.000Z,1
2019-11-18T17:39:59.000Z,1
2019-11-18T17:43:36.000Z,1
2019-11-18T17:46:30.000Z,1
2019-11-18T18:02:19.000Z,1
2019-11-18T18:07:51.000Z,1
2019-11-18T18:43:36.000Z,1
2019-11-18T18:59:24.000Z,1
2019-11-18T19:27:41.000Z,1
2019-11-18T19:36:36.000Z,1
2019-11-18T19:39:43.000Z,1
2019-11-18T20:40:52.000Z,1
2019-11-18T20:56:57.000Z,1
2019-11-18T22:02:59.000Z,1
2019-11-19T00:16:31.000Z,1
2019-11-19T06:46:23.000Z,1
2019-11-19T07:27:48.000Z,1
2019-11-19T08:31:27.000Z,1
2019-11-19T08:57:37.000Z,1
2019-11-19T11:44:06.000Z,1
2019-11-19T13:14:31.000Z,1
2019-11-19T13:49:16.000Z,1
2019-11-19T13:56:19.000Z,1
2019-11-19T15:43:37.000Z,1
2019-11-19T16:54:03.000Z,1
2019-11-19T17:14:30.000Z,1
2019-11-19T17:15:23.000Z,1
2019-11-19T17:16:41.000Z,1
2019-11-19T17:18:14.000Z,1
2019-11-19T17:57:18.000Z,1
2019-11-19T18:13:01.000Z,1
2019-11-19T18:50:28.000Z,1
2019-11-19T19:52:17.000Z,2
2019-11-19T20:24:10.000Z,1
2019-11-19T20:53:30.000Z,1
2019-11-19T21:29:04.000Z,1
2019-11-19T21:56:00.000Z,1
2019-11-19T22:54:47.000Z,1
2019-11-08T06:07:49.000Z,1
2019-11-08T06:57:26.000Z,1
2019-11-08T07:34:44.000Z,2
2019-11-08T08:28:12.000Z,1
2019-11-08T12:27:05.000Z,1
2019-11-08T12:44:48.000Z,1
2019-11-08T12:51:41.000Z,1
2019-11-08T14:28:20.000Z,1
2019-11-08T15:14:06.000Z,1
2019-11-08T16:43:29.000Z,1
2019-11-08T16:50:36.000Z,1
2019-11-08T21:03:32.000Z,1
2019-11-08T22:17:16.000Z,1
2019-11-09T10:32:33.000Z,1
2019-11-08T09:04:18.000Z,1
2019-11-08T10:31:56.000Z,1
2019-11-08T13:51:37.000Z,1
2019-11-08T15:00:09.000Z,1
2019-11-08T15:27:22.000Z,1
2019-11-08T16:40:35.000Z,1
2019-11-08T16:46:26.000Z,1
2019-11-08T16:48:50.000Z,2
2019-11-08T17:32:44.000Z,1
2019-11-08T21:28:36.000Z,1
2019-11-08T23:06:02.000Z,1
2019-11-09T05:44:38.000Z,1
2019-11-09T06:15:22.000Z,1
2019-11-09T07:56:16.000Z,1
2019-11-09T09:20:57.000Z,1
2019-11-09T09:25:35.000Z,1
2019-11-09T09:37:22.000Z,1
2019-11-09T09:46:01.000Z,1
2019-11-09T09:53:09.000Z,1
2019-11-09T10:36:15.000Z,1
2019-11-09T10:47:11.000Z,1
2019-11-09T11:00:44.000Z,1
2019-11-09T11:35:02.000Z,1
2019-11-09T11:35:40.000Z,1
2019-11-09T11:52:05.000Z,1
2019-11-09T13:50:57.000Z,1
2019-11-09T15:35:53.000Z,2
2019-11-09T15:42:17.000Z,1
2019-11-09T15:54:33.000Z,1
2019-11-09T16:12:20.000Z,1
2019-11-09T16:32:33.000Z,1
2019-11-09T16:54:51.000Z,1
2019-11-09T16:59:50.000Z,1
2019-11-09T17:29:58.000Z,1
2019-11-09T18:21:33.000Z,1
2019-11-09T18:33:53.000Z,1
2019-11-09T19:06:51.000Z,1
2019-11-09T19:11:31.000Z,1
2019-11-09T19:42:11.000Z,1
2019-11-09T21:24:35.000Z,1
2019-11-09T21:56:22.000Z,1
2019-11-09T23:04:38.000Z,1
2019-11-09T23:46:04.000Z,1
2019-11-10T07:45:40.000Z,1
2019-11-10T08:11:01.000Z,1
2019-11-10T08:26:52.000Z,1
2019-11-10T08:29:57.000Z,1
2019-11-10T10:38:09.000Z,1
2019-11-10T10:44:27.000Z,1
2019-11-10T10:44:37.000Z,1
2019-11-10T12:37:02.000Z,1
2019-11-10T12:54:47.000Z,1
2019-11-10T14:38:54.000Z,1
2019-11-10T14:53:54.000Z,1
2019-11-10T14:58:21.000Z,2
2019-11-10T15:12:59.000Z,1
2019-11-10T18:52:13.000Z,1
2019-11-10T20:06:53.000Z,1
2019-11-10T20:21:52.000Z,1
2019-11-10T20:36:55.000Z,1
2019-11-11T05:11:10.000Z,1
2019-11-11T08:58:19.000Z,1
2019-11-11T12:37:14.000Z,1
2019-11-11T13:22:16.000Z,1
2019-11-11T15:33:42.000Z,1
2019-11-11T15:54:37.000Z,1
2019-11-11T16:05:02.000Z,1
2019-11-11T23:09:20.000Z,1
2019-11-12T07:29:31.000Z,1
2019-11-12T07:45:00.000Z,1
2019-11-12T07:46:19.000Z,1
2019-11-12T08:04:42.000Z,1
2019-11-12T08:19:53.000Z,1
2019-11-12T08:26:59.000Z,1
2019-11-12T08:48:44.000Z,1
2019-11-12T11:00:21.000Z,1
2019-11-12T12:29:34.000Z,1
2019-11-12T12:30:52.000Z,1
2019-11-12T17:07:54.000Z,2
2019-11-12T17:36:24.000Z,1
2019-11-12T17:50:34.000Z,1
2019-11-12T18:05:29.000Z,1
2019-11-12T18:15:30.000Z,1
2019-11-12T18:41:22.000Z,1
2019-11-13T05:46:23.000Z,1
2019-11-13T06:48:56.000Z,1
2019-11-13T07:49:08.000Z,1
2019-11-13T08:04:29.000Z,1
2019-11-13T09:06:41.000Z,1
2019-11-13T11:50:22.000Z,1
2019-11-13T12:45:16.000Z,1
2019-11-13T14:36:10.000Z,1
2019-11-13T15:34:05.000Z,1
2019-11-13T15:58:43.000Z,1
2019-11-13T16:03:34.000Z,1
2019-11-13T16:22:01.000Z,2
2019-11-13T16:46:53.000Z,1
2019-11-13T18:14:25.000Z,1
2019-11-13T18:33:50.000Z,1
2019-11-13T18:51:36.000Z,1
2019-11-13T19:32:45.000Z,1
2019-11-14T08:26:51.000Z,1
2019-11-14T08:34:48.000Z,1
2019-11-14T08:42:48.000Z,1
2019-11-14T08:56:36.000Z,1
2019-11-14T09:40:52.000Z,1
2019-11-14T10:20:22.000Z,1
2019-11-14T11:52:47.000Z,1
2019-11-14T14:57:21.000Z,1
2019-11-14T15:01:26.000Z,1
2019-11-14T16:11:52.000Z,1
2019-11-14T16:52:21.000Z,1
2019-11-14T17:20:24.000Z,1
2019-11-14T17:26:19.000Z,1
2019-11-14T17:51:29.000Z,1
2019-11-14T19:25:41.000Z,1
2019-11-14T21:29:31.000Z,1
2019-11-14T23:47:26.000Z,1
2019-11-15T06:05:12.000Z,1
2019-11-15T06:22:39.000Z,1
2019-11-15T06:45:58.000Z,1
2019-11-15T06:51:48.000Z,1
2019-11-15T07:02:52.000Z,1
2019-11-15T07:52:15.000Z,1
2019-11-15T08:09:40.000Z,1
2019-11-15T08:30:33.000Z,1
2019-11-15T08:53:09.000Z,1
2019-11-15T09:41:11.000Z,1
2019-11-15T09:56:06.000Z,1
2019-11-15T11:01:10.000Z,1
2019-11-15T11:25:31.000Z,1
2019-11-15T11:50:02.000Z,1
2019-11-15T12:06:23.000Z,1
2019-11-15T12:29:01.000Z,1
2019-11-15T13:54:12.000Z,1
2019-11-15T14:15:14.000Z,1
2019-11-15T15:37:24.000Z,1
2019-11-15T17:03:49.000Z,1
2019-11-15T17:13:19.000Z,1
2019-11-15T17:30:34.000Z,1
2019-11-15T17:49:04.000Z,1
2019-11-15T18:02:38.000Z,1
2019-11-15T18:31:18.000Z,1
2019-11-15T18:31:44.000Z,1
2019-11-15T18:59:01.000Z,1
2019-11-15T20:55:49.000Z,1
2019-11-15T21:51:31.000Z,1
2019-11-16T01:57:31.000Z,1
2019-11-16T04:07:41.000Z,1
2019-11-16T08:20:26.000Z,1
2019-11-16T08:36:43.000Z,1
2019-11-16T08:47:27.000Z,1
2019-11-16T09:27:44.000Z,1
2019-11-16T10:37:47.000Z,1
2019-11-16T11:13:34.000Z,1
2019-11-16T11:45:48.000Z,1
2019-11-16T11:56:17.000Z,1
2019-11-16T12:06:08.000Z,1
2019-11-16T12:22:03.000Z,1
2019-11-16T12:27:19.000Z,1
2019-11-16T12:45:14.000Z,1
2019-11-16T13:37:48.000Z,1
2019-11-16T13:43:45.000Z,1
2019-11-16T14:08:03.000Z,2
2019-11-16T14:18:43.000Z,1
2019-11-16T14:49:33.000Z,1
2019-11-16T15:08:06.000Z,1
2019-11-16T15:08:14.000Z,1
2019-11-16T16:27:04.000Z,1
2019-11-16T16:39:55.000Z,1
2019-11-16T17:57:14.000Z,1
2019-11-16T18:05:16.000Z,1
2019-11-16T19:17:41.000Z,1
2019-11-16T21:54:34.000Z,1
2019-11-16T22:50:49.000Z,1
2019-11-17T00:26:40.000Z,1
2019-11-17T08:16:00.000Z,1
2019-11-17T08:34:46.000Z,1
2019-11-17T10:07:09.000Z,1
2019-11-17T11:15:09.000Z,1
2019-11-17T11:21:51.000Z,1
2019-11-17T13:12:03.000Z,1
2019-11-17T13:19:06.000Z,1
2019-11-17T13:19:30.000Z,1
2019-11-17T14:25:35.000Z,1
2019-11-17T14:35:40.000Z,1
2019-11-17T15:00:08.000Z,1
2019-11-17T15:02:02.000Z,1
2019-11-17T16:56:12.000Z,1
2019-11-17T17:08:01.000Z,1
2019-11-17T17:43:32.000Z,1
2019-11-17T18:29:48.000Z,1
2019-11-17T19:03:05.000Z,1
2019-11-17T19:08:39.000Z,1
2019-11-17T20:46:32.000Z,1
2019-11-18T05:22:47.000Z,1
2019-11-18T05:48:44.000Z,1
2019-11-18T06:36:15.000Z,1
2019-11-18T06:46:49.000Z,1
2019-11-18T06:50:37.000Z,1
2019-11-18T06:58:16.000Z,1
2019-11-18T07:12:44.000Z,1
2019-11-18T07:21:20.000Z,1
2019-11-18T07:56:54.000Z,1
2019-11-18T08:14:49.000Z,1
2019-11-18T08:50:24.000Z,2
2019-11-18T08:53:51.000Z,1
2019-11-18T08:59:41.000Z,1
2019-11-18T09:07:30.000Z,1
2019-11-18T09:18:31.000Z,1
2019-11-18T09:59:22.000Z,1
2019-11-18T10:01:36.000Z,1
2019-11-18T11:34:16.000Z,1
2019-11-18T11:37:21.000Z,1
2019-11-18T12:59:47.000Z,1
2019-11-18T13:17:16.000Z,1
2019-11-18T13:45:18.000Z,1
2019-11-18T15:40:16.000Z,1
2019-11-18T15:58:19.000Z,1
2019-11-18T16:58:50.000Z,1
2019-11-18T17:07:40.000Z,1
2019-11-18T17:08:14.000Z,2
2019-11-18T17:11:17.000Z,1
2019-11-18T17:29:15.000Z,1
2019-11-18T17:45:04.000Z,1
2019-11-18T17:51:17.000Z,1
2019-11-18T18:01:57.000Z,2
2019-11-18T18:13:31.000Z,1
2019-11-18T18:38:20.000Z,1
2019-11-18T18:51:48.000Z,1
2019-11-18T19:15:07.000Z,1
2019-11-18T19:23:01.000Z,1
2019-11-18T19:57:40.000Z,1
2019-11-19T05:38:16.000Z,1
2019-11-19T06:48:34.000Z,2
2019-11-19T07:23:39.000Z,1
2019-11-19T07:36:34.000Z,2
2019-11-19T07:54:44.000Z,2
2019-11-19T08:03:36.000Z,1
2019-11-19T08:11:16.000Z,1
2019-11-19T08:28:35.000Z,1
2019-11-19T09:10:14.000Z,1
2019-11-19T11:03:24.000Z,1
2019-11-19T11:08:40.000Z,1
2019-11-19T11:09:33.000Z,1
2019-11-19T11:10:30.000Z,1
2019-11-19T14:48:26.000Z,1
2019-11-19T15:04:08.000Z,2
2019-11-19T15:42:52.000Z,2
2019-11-19T16:07:57.000Z,2
2019-11-19T16:22:52.000Z,1
2019-11-19T16:23:47.000Z,1
2019-11-19T16:41:12.000Z,1
2019-11-19T16:44:00.000Z,1
2019-11-19T16:48:38.000Z,1
2019-11-19T16:49:30.000Z,1
2019-11-19T17:10:13.000Z,1
2019-11-19T17:11:43.000Z,1
2019-11-19T17:22:19.000Z,1
2019-11-19T17:33:11.000Z,1
2019-11-19T17:55:19.000Z,1
2019-11-19T18:29:55.000Z,1
2019-11-19T18:44:22.000Z,1
2019-11-19T18:55:57.000Z,1
2019-11-19T19:07:29.000Z,1
2019-11-19T19:08:11.000Z,1
2019-11-19T19:25:23.000Z,1
2019-11-19T19:26:01.000Z,1
2019-11-19T19:47:02.000Z,1
2019-11-19T20:21:57.000Z,1
2019-11-19T20:27:36.000Z,1
2019-11-19T21:54:40.000Z,1
2019-11-19T22:31:20.000Z,1
2019-11-19T23:03:04.000Z,1
2019-11-19T23:51:31.000Z,1
2019-11-08T07:17:51.000Z,1
2019-11-08T07:23:36.000Z,2
2019-11-08T07:24:19.000Z,1
2019-11-08T08:27:44.000Z,1
2019-11-08T08:33:36.000Z,1
2019-11-08T09:00:12.000Z,1
2019-11-08T09:49:18.000Z,1
2019-11-08T10:30:15.000Z,1
2019-11-08T11:37:25.000Z,1
2019-11-08T12:37:55.000Z,1
2019-11-08T12:53:06.000Z,1
2019-11-08T13:51:54.000Z,1
2019-11-08T15:04:41.000Z,1
2019-11-08T16:26:33.000Z,1
2019-11-08T17:20:36.000Z,1
2019-11-09T11:27:02.000Z,1
2019-11-08T09:44:49.000Z,1
2019-11-08T10:54:20.000Z,1
2019-11-08T14:34:18.000Z,1
2019-11-08T17:01:25.000Z,2
2019-11-08T17:18:54.000Z,1
2019-11-08T18:38:35.000Z,1
2019-11-08T20:19:25.000Z,1
2019-11-08T20:29:41.000Z,1
2019-11-09T07:10:36.000Z,1
2019-11-09T09:32:51.000Z,1
2019-11-09T11:24:58.000Z,1
2019-11-09T11:33:58.000Z,1
2019-11-09T11:38:35.000Z,1
2019-11-09T12:16:13.000Z,1
2019-11-09T12:43:33.000Z,1
2019-11-09T12:49:39.000Z,1
2019-11-09T12:51:49.000Z,1
2019-11-09T13:07:03.000Z,1
2019-11-09T13:12:26.000Z,1
2019-11-09T13:14:55.000Z,1
2019-11-09T13:52:33.000Z,2
2019-11-09T15:05:21.000Z,1
2019-11-09T16:12:58.000Z,2
2019-11-09T16:47:02.000Z,1
2019-11-09T17:56:44.000Z,1
2019-11-09T18:31:58.000Z,1
2019-11-09T18:32:13.000Z,1
2019-11-09T19:12:22.000Z,1
2019-11-10T08:31:14.000Z,1
2019-11-10T10:01:52.000Z,1
2019-11-10T11:44:49.000Z,1
2019-11-10T11:48:12.000Z,1
2019-11-10T12:24:21.000Z,1
2019-11-10T12:37:08.000Z,1
2019-11-10T12:38:57.000Z,1
2019-11-10T13:47:21.000Z,1
2019-11-10T14:09:17.000Z,1
2019-11-10T14:19:52.000Z,1
2019-11-10T15:20:02.000Z,1
2019-11-10T15:33:16.000Z,1
2019-11-10T16:19:47.000Z,1
2019-11-10T16:48:13.000Z,1
2019-11-10T16:56:11.000Z,1
2019-11-10T17:10:55.000Z,1
2019-11-10T17:23:40.000Z,1
2019-11-10T18:20:13.000Z,1
2019-11-11T05:43:21.000Z,1
2019-11-11T06:32:39.000Z,1
2019-11-11T08:20:19.000Z,1
2019-11-11T09:32:18.000Z,1
2019-11-11T11:04:02.000Z,1
2019-11-11T15:36:51.000Z,1
2019-11-11T16:35:13.000Z,1
2019-11-11T17:30:02.000Z,1
2019-11-11T18:06:05.000Z,1
2019-11-11T18:18:36.000Z,1
2019-11-11T18:28:27.000Z,1
2019-11-12T04:47:58.000Z,1
2019-11-12T07:10:35.000Z,1
2019-11-12T07:18:37.000Z,1
2019-11-12T08:27:46.000Z,1
2019-11-12T08:32:14.000Z,1
2019-11-12T09:00:06.000Z,1
2019-11-12T10:47:48.000Z,1
2019-11-12T11:15:11.000Z,1
2019-11-12T13:27:39.000Z,1
2019-11-12T13:52:34.000Z,1
2019-11-12T17:04:02.000Z,2
2019-11-12T19:11:23.000Z,1
2019-11-12T21:00:01.000Z,1
2019-11-13T05:41:11.000Z,1
2019-11-13T06:57:57.000Z,1
2019-11-13T07:11:31.000Z,1
2019-11-13T07:18:36.000Z,1
2019-11-13T07:32:51.000Z,1
2019-11-13T08:02:01.000Z,1
2019-11-13T08:07:57.000Z,1
2019-11-13T08:21:12.000Z,1
2019-11-13T08:42:17.000Z,1
2019-11-13T09:19:38.000Z,1
2019-11-13T11:22:50.000Z,1
2019-11-13T14:06:21.000Z,1
2019-11-13T14:14:27.000Z,1
2019-11-13T14:58:30.000Z,1
2019-11-13T15:45:48.000Z,1
2019-11-13T16:05:08.000Z,1
2019-11-13T17:29:11.000Z,1
2019-11-13T18:13:53.000Z,1
2019-11-13T19:13:45.000Z,1
2019-11-13T22:47:42.000Z,1
2019-11-14T06:50:24.000Z,1
2019-11-14T07:24:45.000Z,1
2019-11-14T08:42:40.000Z,1
2019-11-14T09:35:31.000Z,1
2019-11-14T12:46:27.000Z,1
2019-11-14T13:31:48.000Z,1
2019-11-14T15:00:27.000Z,1
2019-11-14T16:39:57.000Z,1
2019-11-14T16:45:36.000Z,1
2019-11-14T16:48:12.000Z,1
2019-11-14T16:52:07.000Z,3
2019-11-14T17:09:42.000Z,1
2019-11-14T17:34:52.000Z,1
2019-11-14T17:51:24.000Z,1
2019-11-14T17:54:07.000Z,1
2019-11-14T18:18:18.000Z,1
2019-11-14T18:42:04.000Z,1
2019-11-14T20:03:47.000Z,1
2019-11-15T06:56:22.000Z,1
2019-11-15T07:26:39.000Z,1
2019-11-15T07:45:18.000Z,1
2019-11-15T07:59:32.000Z,1
2019-11-15T08:02:44.000Z,1
2019-11-15T08:04:09.000Z,1
2019-11-15T08:36:23.000Z,1
2019-11-15T08:38:29.000Z,1
2019-11-15T09:01:45.000Z,1
2019-11-15T11:48:06.000Z,2
2019-11-15T12:04:06.000Z,1
2019-11-15T12:49:19.000Z,3
2019-11-15T13:59:11.000Z,1
2019-11-15T14:07:56.000Z,1
2019-11-15T14:15:40.000Z,1
2019-11-15T15:05:39.000Z,1
2019-11-15T15:07:08.000Z,1
2019-11-15T15:14:31.000Z,1
2019-11-15T15:14:56.000Z,1
2019-11-15T15:40:39.000Z,1
2019-11-15T15:47:28.000Z,1
2019-11-15T16:07:57.000Z,1
2019-11-15T16:17:15.000Z,2
2019-11-15T18:25:06.000Z,1
2019-11-15T18:29:50.000Z,1
2019-11-15T21:00:13.000Z,1
2019-11-16T01:58:27.000Z,1
2019-11-16T06:52:05.000Z,1
2019-11-16T10:09:02.000Z,1
2019-11-16T10:13:46.000Z,1
2019-11-16T10:29:16.000Z,1
2019-11-16T11:10:17.000Z,1
2019-11-16T11:14:04.000Z,1
2019-11-16T11:21:52.000Z,1
2019-11-16T11:37:28.000Z,1
2019-11-16T12:44:37.000Z,1
2019-11-16T12:46:52.000Z,1
2019-11-16T13:03:15.000Z,1
2019-11-16T13:36:56.000Z,1
2019-11-16T14:40:15.000Z,1
2019-11-16T14:40:49.000Z,1
2019-11-16T14:48:31.000Z,1
2019-11-16T15:02:45.000Z,1
2019-11-16T15:09:24.000Z,1
2019-11-16T17:07:40.000Z,1
2019-11-16T20:16:23.000Z,1
2019-11-16T20:43:03.000Z,1
2019-11-16T20:45:49.000Z,1
2019-11-17T08:15:15.000Z,1
2019-11-17T10:06:03.000Z,1
2019-11-17T10:42:25.000Z,1
2019-11-17T10:59:09.000Z,1
2019-11-17T12:23:52.000Z,1
2019-11-17T12:25:14.000Z,1
2019-11-17T12:58:40.000Z,1
2019-11-17T13:25:27.000Z,1
2019-11-17T13:51:40.000Z,1
2019-11-17T14:52:48.000Z,1
2019-11-17T20:31:17.000Z,1
2019-11-17T21:32:33.000Z,1
2019-11-18T06:12:30.000Z,1
2019-11-18T06:24:22.000Z,1
2019-11-18T06:39:27.000Z,1
2019-11-18T06:48:40.000Z,1
2019-11-18T07:22:35.000Z,2
2019-11-18T08:02:36.000Z,1
2019-11-18T08:18:18.000Z,1
2019-11-18T08:29:17.000Z,1
2019-11-18T08:39:51.000Z,1
2019-11-18T09:08:16.000Z,1
2019-11-18T09:08:48.000Z,1
2019-11-18T09:58:17.000Z,1
2019-11-18T10:04:15.000Z,1
2019-11-18T10:52:54.000Z,1
2019-11-18T11:04:13.000Z,1
2019-11-18T11:07:10.000Z,1
2019-11-18T12:18:57.000Z,1
2019-11-18T13:44:49.000Z,1
2019-11-18T14:21:53.000Z,1
2019-11-18T15:07:29.000Z,1
2019-11-18T16:05:14.000Z,1
2019-11-18T16:20:34.000Z,1
2019-11-18T16:29:42.000Z,1
2019-11-18T16:38:43.000Z,1
2019-11-18T16:44:27.000Z,2
2019-11-18T16:45:52.000Z,1
2019-11-18T16:50:01.000Z,1
2019-11-18T17:44:40.000Z,1
2019-11-18T18:00:19.000Z,1
2019-11-18T18:32:59.000Z,1
2019-11-18T18:41:47.000Z,1
2019-11-18T20:34:07.000Z,1
2019-11-18T22:26:09.000Z,1
2019-11-19T06:49:10.000Z,1
2019-11-19T06:53:13.000Z,1
2019-11-19T07:23:05.000Z,1
2019-11-19T07:24:19.000Z,1
2019-11-19T07:30:13.000Z,1
2019-11-19T07:35:13.000Z,1
2019-11-19T08:14:27.000Z,1
2019-11-19T08:19:37.000Z,1
2019-11-19T08:50:53.000Z,3
2019-11-19T09:04:28.000Z,1
2019-11-19T09:42:03.000Z,1
2019-11-19T11:39:20.000Z,1
2019-11-19T11:44:14.000Z,1
2019-11-19T12:52:13.000Z,1
2019-11-19T13:08:23.000Z,1
2019-11-19T13:28:42.000Z,1
2019-11-19T15:00:41.000Z,1
2019-11-19T15:12:16.000Z,1
2019-11-19T15:18:41.000Z,2
2019-11-19T15:19:12.000Z,1
2019-11-19T15:35:29.000Z,1
2019-11-19T16:25:41.000Z,1
2019-11-19T16:55:14.000Z,1
2019-11-19T18:14:39.000Z,1
2019-11-19T18:41:19.000Z,1
2019-11-19T19:06:50.000Z,1
2019-11-19T19:12:23.000Z,1
2019-11-19T19:33:31.000Z,1
2019-11-19T21:35:20.000Z,1
2019-11-08T06:31:10.000Z,1
2019-11-08T06:35:50.000Z,1
2019-11-08T06:39:48.000Z,1
2019-11-08T07:23:55.000Z,1
2019-11-08T08:05:53.000Z,1
2019-11-08T08:19:21.000Z,1
2019-11-08T11:21:15.000Z,1
2019-11-08T11:40:52.000Z,1
2019-11-08T13:48:28.000Z,1
2019-11-08T14:33:23.000Z,1
2019-11-08T16:49:00.000Z,1
2019-11-08T18:46:32.000Z,1
2019-11-09T08:47:43.000Z,1
2019-11-09T22:14:45.000Z,1
2019-11-09T23:59:15.000Z,1
2019-11-08T10:13:52.000Z,1
2019-11-08T13:09:08.000Z,1
2019-11-08T14:12:26.000Z,1
2019-11-08T15:57:11.000Z,1
2019-11-08T16:08:41.000Z,1
2019-11-08T17:01:16.000Z,2
2019-11-08T17:47:46.000Z,1
2019-11-08T19:16:26.000Z,1
2019-11-08T19:25:42.000Z,1
2019-11-09T09:20:02.000Z,1
2019-11-09T11:05:33.000Z,2
2019-11-09T12:09:37.000Z,1
2019-11-09T12:21:50.000Z,2
2019-11-09T13:16:31.000Z,1
2019-11-09T13:23:46.000Z,1
2019-11-09T13:26:27.000Z,1
2019-11-09T14:07:02.000Z,1
2019-11-09T14:09:23.000Z,1
2019-11-09T14:35:01.000Z,1
2019-11-09T15:09:40.000Z,1
2019-11-09T15:16:28.000Z,1
2019-11-09T15:44:05.000Z,1
2019-11-09T16:03:41.000Z,1
2019-11-09T16:04:27.000Z,1
2019-11-09T16:10:08.000Z,1
2019-11-09T16:43:59.000Z,1
2019-11-09T17:37:23.000Z,1
2019-11-09T17:46:01.000Z,1
2019-11-09T19:55:26.000Z,1
2019-11-09T21:06:51.000Z,1
2019-11-09T23:02:13.000Z,1
2019-11-10T10:21:23.000Z,1
2019-11-10T10:54:30.000Z,1
2019-11-10T11:38:45.000Z,1
2019-11-10T11:52:30.000Z,1
2019-11-10T12:25:28.000Z,1
2019-11-10T12:30:00.000Z,1
2019-11-10T13:03:15.000Z,1
2019-11-10T13:17:22.000Z,1
2019-11-10T14:58:39.000Z,1
2019-11-10T15:01:28.000Z,1
2019-11-10T15:50:21.000Z,1
2019-11-10T16:21:52.000Z,1
2019-11-10T16:36:57.000Z,1
2019-11-10T16:44:21.000Z,1
2019-11-10T16:53:09.000Z,1
2019-11-10T16:53:52.000Z,1
2019-11-10T17:30:32.000Z,1
2019-11-10T17:45:25.000Z,1
2019-11-10T19:02:45.000Z,1
2019-11-10T20:59:58.000Z,1
2019-11-11T06:54:12.000Z,1
2019-11-11T09:35:31.000Z,1
2019-11-11T12:12:48.000Z,1
2019-11-11T12:49:41.000Z,2
2019-11-11T12:59:59.000Z,1
2019-11-11T14:08:08.000Z,1
2019-11-11T15:10:17.000Z,1
2019-11-11T16:24:48.000Z,1
2019-11-11T16:50:32.000Z,1
2019-11-11T16:50:58.000Z,1
2019-11-11T18:42:07.000Z,1
2019-11-11T19:14:10.000Z,1
2019-11-11T20:39:31.000Z,1
2019-11-11T20:55:32.000Z,1
2019-11-12T07:18:50.000Z,1
2019-11-12T07:19:58.000Z,1
2019-11-12T07:49:37.000Z,1
2019-11-12T08:18:23.000Z,1
2019-11-12T08:18:36.000Z,1
2019-11-12T08:49:24.000Z,1
2019-11-12T09:42:19.000Z,1
2019-11-12T10:36:34.000Z,1
2019-11-12T11:48:13.000Z,1
2019-11-12T11:58:17.000Z,1
2019-11-12T12:03:37.000Z,1
2019-11-12T12:15:35.000Z,1
2019-11-12T13:21:05.000Z,1
2019-11-12T13:50:05.000Z,1
2019-11-12T15:33:34.000Z,1
2019-11-12T16:42:45.000Z,1
2019-11-12T17:00:15.000Z,1
2019-11-12T17:27:08.000Z,1
2019-11-12T18:13:53.000Z,1
2019-11-12T18:29:10.000Z,1
2019-11-12T19:09:15.000Z,1
2019-11-12T19:13:43.000Z,1
2019-11-12T20:22:48.000Z,1
2019-11-12T21:07:31.000Z,1
2019-11-13T06:41:37.000Z,1
2019-11-13T07:50:37.000Z,1
2019-11-13T08:26:32.000Z,1
2019-11-13T08:29:53.000Z,1
2019-11-13T08:52:06.000Z,1
2019-11-13T09:25:21.000Z,1
2019-11-13T14:44:10.000Z,1
2019-11-13T14:56:11.000Z,1
2019-11-13T16:56:35.000Z,1
2019-11-13T16:56:42.000Z,2
2019-11-13T17:39:42.000Z,1
2019-11-13T18:34:48.000Z,1
2019-11-13T18:45:00.000Z,1
2019-11-13T18:59:58.000Z,2
2019-11-14T06:45:05.000Z,1
2019-11-14T06:50:06.000Z,1
2019-11-14T06:58:50.000Z,1
2019-11-14T07:14:48.000Z,1
2019-11-14T07:52:28.000Z,1
2019-11-14T07:59:48.000Z,2
2019-11-14T08:49:40.000Z,1
2019-11-14T09:00:41.000Z,1
2019-11-14T09:13:34.000Z,1
2019-11-14T10:10:06.000Z,1
2019-11-14T11:24:05.000Z,1
2019-11-14T11:29:05.000Z,1
2019-11-14T12:17:28.000Z,1
2019-11-14T13:04:50.000Z,1
2019-11-14T13:27:30.000Z,1
2019-11-14T13:48:58.000Z,1
2019-11-14T14:50:51.000Z,1
2019-11-14T15:48:33.000Z,1
2019-11-14T15:52:16.000Z,1
2019-11-14T15:53:39.000Z,1
2019-11-14T16:13:45.000Z,1
2019-11-14T16:14:20.000Z,1
2019-11-14T16:26:23.000Z,1
2019-11-14T16:26:22.000Z,1
2019-11-14T16:32:13.000Z,2
2019-11-14T16:44:11.000Z,1
2019-11-14T17:28:49.000Z,1
2019-11-14T18:05:28.000Z,2
2019-11-14T18:09:03.000Z,1
2019-11-14T18:24:57.000Z,1
2019-11-14T18:33:58.000Z,1
2019-11-14T21:17:20.000Z,1
2019-11-14T21:41:08.000Z,1
2019-11-15T00:14:16.000Z,1
2019-11-15T07:13:44.000Z,1
2019-11-15T07:16:30.000Z,2
2019-11-15T07:38:59.000Z,1
2019-11-15T08:01:21.000Z,1
2019-11-15T08:04:37.000Z,1
2019-11-15T08:13:21.000Z,1
2019-11-15T08:42:31.000Z,1
2019-11-15T08:47:13.000Z,1
2019-11-15T08:55:23.000Z,1
2019-11-15T09:21:27.000Z,1
2019-11-15T10:21:38.000Z,1
2019-11-15T11:03:40.000Z,1
2019-11-15T11:19:02.000Z,1
2019-11-15T11:30:27.000Z,1
2019-11-15T11:35:26.000Z,1
2019-11-15T14:25:18.000Z,1
2019-11-15T14:25:45.000Z,1
2019-11-15T14:34:33.000Z,1
2019-11-15T15:16:36.000Z,1
2019-11-15T15:32:35.000Z,1
2019-11-15T15:37:49.000Z,1
2019-11-15T16:53:53.000Z,2
2019-11-15T17:04:30.000Z,1
2019-11-15T17:04:22.000Z,1
2019-11-15T17:23:53.000Z,1
2019-11-15T18:00:36.000Z,1
2019-11-15T18:18:47.000Z,1
2019-11-15T18:28:05.000Z,1
2019-11-15T18:59:46.000Z,1
2019-11-15T19:29:50.000Z,1
2019-11-15T22:12:00.000Z,1
2019-11-16T06:33:25.000Z,1
2019-11-16T07:20:46.000Z,1
2019-11-16T08:07:52.000Z,1
2019-11-16T09:59:31.000Z,1
2019-11-16T10:34:27.000Z,1
2019-11-16T11:16:09.000Z,1
2019-11-16T12:19:02.000Z,1
2019-11-16T12:22:33.000Z,1
2019-11-16T12:54:07.000Z,1
2019-11-16T13:25:45.000Z,1
2019-11-16T14:33:45.000Z,1
2019-11-16T15:41:44.000Z,2
2019-11-16T15:53:44.000Z,1
2019-11-16T16:10:39.000Z,1
2019-11-16T17:09:53.000Z,1
2019-11-16T17:19:02.000Z,1
2019-11-16T17:24:24.000Z,1
2019-11-16T18:11:20.000Z,1
2019-11-16T20:46:33.000Z,1
2019-11-16T23:05:43.000Z,1
2019-11-17T01:25:47.000Z,1
2019-11-17T06:20:13.000Z,1
2019-11-17T09:38:53.000Z,1
2019-11-17T11:08:39.000Z,1
2019-11-17T11:19:48.000Z,1
2019-11-17T12:05:50.000Z,1
2019-11-17T13:29:37.000Z,2
2019-11-17T13:38:26.000Z,1
2019-11-17T14:49:22.000Z,1
2019-11-17T15:38:27.000Z,1
2019-11-17T20:20:16.000Z,1
2019-11-18T07:00:42.000Z,1
2019-11-18T07:05:11.000Z,1
2019-11-18T07:06:43.000Z,1
2019-11-18T07:15:47.000Z,1
2019-11-18T07:35:25.000Z,1
2019-11-18T07:42:25.000Z,2
2019-11-18T07:47:21.000Z,2
2019-11-18T08:15:46.000Z,1
2019-11-18T08:28:42.000Z,1
2019-11-18T08:29:27.000Z,1
2019-11-18T09:17:19.000Z,1
2019-11-18T09:43:49.000Z,1
2019-11-18T12:43:45.000Z,2
2019-11-18T15:33:51.000Z,1
2019-11-18T16:10:12.000Z,1
2019-11-18T16:13:33.000Z,1
2019-11-18T16:27:06.000Z,1
2019-11-18T16:49:45.000Z,1
2019-11-18T16:56:35.000Z,1
2019-11-18T17:08:30.000Z,1
2019-11-18T17:25:56.000Z,3
2019-11-18T17:36:30.000Z,2
2019-11-18T17:47:24.000Z,1
2019-11-18T17:51:04.000Z,1
2019-11-18T18:10:18.000Z,1
2019-11-18T18:39:16.000Z,1
2019-11-18T18:49:24.000Z,1
2019-11-18T19:08:22.000Z,1
2019-11-18T19:19:55.000Z,1
2019-11-18T19:35:28.000Z,1
2019-11-18T19:48:36.000Z,1
2019-11-18T22:20:16.000Z,1
2019-11-18T22:42:17.000Z,1
2019-11-19T05:28:54.000Z,1
2019-11-19T06:18:54.000Z,1
2019-11-19T06:33:06.000Z,1
2019-11-19T06:38:41.000Z,2
2019-11-19T07:20:24.000Z,1
2019-11-19T07:31:03.000Z,1
2019-11-19T07:47:21.000Z,1
2019-11-19T07:52:16.000Z,1
2019-11-19T08:07:52.000Z,1
2019-11-19T08:11:54.000Z,1
2019-11-19T08:12:52.000Z,1
2019-11-19T08:26:28.000Z,1
2019-11-19T08:55:11.000Z,1
2019-11-19T09:15:05.000Z,1
2019-11-19T09:31:12.000Z,1
2019-11-19T09:36:57.000Z,1
2019-11-19T09:52:58.000Z,1
2019-11-19T09:59:00.000Z,1
2019-11-19T11:07:41.000Z,1
2019-11-19T12:59:49.000Z,1
2019-11-19T13:54:46.000Z,1
2019-11-19T15:04:56.000Z,1
2019-11-19T15:07:14.000Z,1
2019-11-19T15:50:34.000Z,1
2019-11-19T15:59:50.000Z,1
2019-11-19T16:47:28.000Z,2
2019-11-19T16:52:09.000Z,1
2019-11-19T16:58:04.000Z,1
2019-11-19T17:03:51.000Z,1
2019-11-19T17:23:52.000Z,1
2019-11-19T17:38:47.000Z,1
2019-11-19T17:52:04.000Z,1
2019-11-19T18:17:47.000Z,1
2019-11-19T18:19:58.000Z,1
2019-11-19T19:20:49.000Z,1
2019-11-19T21:04:27.000Z,1
2019-11-19T21:08:46.000Z,1
2019-11-08T05:44:35.000Z,1
2019-11-08T06:16:08.000Z,1
2019-11-08T06:27:07.000Z,1
2019-11-08T07:00:45.000Z,1
2019-11-08T07:06:35.000Z,1
2019-11-08T07:23:51.000Z,1
2019-11-08T08:23:40.000Z,1
2019-11-08T08:46:39.000Z,1
2019-11-08T10:41:25.000Z,1
2019-11-08T13:17:32.000Z,1
2019-11-08T13:53:05.000Z,1
2019-11-08T14:25:54.000Z,1
2019-11-08T16:16:18.000Z,1
2019-11-08T16:18:01.000Z,1
2019-11-08T16:26:37.000Z,1
2019-11-08T17:20:35.000Z,2
2019-11-08T17:33:07.000Z,1
2019-11-09T14:45:46.000Z,2
2019-11-09T17:09:19.000Z,1
2019-11-09T17:21:35.000Z,1
2019-11-08T08:54:39.000Z,1
2019-11-08T09:19:02.000Z,1
2019-11-08T09:21:23.000Z,1
2019-11-08T10:36:19.000Z,1
2019-11-08T10:51:36.000Z,1
2019-11-08T15:03:23.000Z,1
2019-11-08T16:54:54.000Z,1
2019-11-08T17:18:43.000Z,1
2019-11-08T17:26:48.000Z,1
2019-11-08T17:27:16.000Z,1
2019-11-08T17:27:50.000Z,1
2019-11-08T17:37:56.000Z,1
2019-11-08T17:57:14.000Z,1
2019-11-08T18:04:29.000Z,1
2019-11-08T18:07:46.000Z,1
2019-11-08T18:21:53.000Z,1
2019-11-08T19:07:29.000Z,1
2019-11-08T19:09:48.000Z,1
2019-11-08T20:54:56.000Z,1
2019-11-08T21:45:43.000Z,1
2019-11-09T08:30:54.000Z,1
2019-11-09T08:36:03.000Z,1
2019-11-09T09:40:32.000Z,1
2019-11-09T10:32:29.000Z,2
2019-11-09T10:49:53.000Z,1
2019-11-09T11:20:13.000Z,1
2019-11-09T11:45:08.000Z,1
2019-11-09T11:54:52.000Z,1
2019-11-09T12:12:05.000Z,1
2019-11-09T12:24:40.000Z,1
2019-11-09T12:37:01.000Z,1
2019-11-09T13:37:31.000Z,2
2019-11-09T13:42:19.000Z,1
2019-11-09T13:57:06.000Z,1
2019-11-09T15:27:19.000Z,2
2019-11-09T18:26:34.000Z,1
2019-11-09T20:37:10.000Z,1
2019-11-09T22:19:46.000Z,1
2019-11-10T03:21:31.000Z,1
2019-11-10T06:32:52.000Z,1
2019-11-10T09:40:37.000Z,1
2019-11-10T10:10:14.000Z,1
2019-11-10T11:41:06.000Z,1
2019-11-10T11:53:55.000Z,1
2019-11-10T11:58:00.000Z,1
2019-11-10T12:02:32.000Z,1
2019-11-10T12:45:37.000Z,1
2019-11-10T13:38:17.000Z,2
2019-11-10T15:30:08.000Z,1
2019-11-10T18:11:15.000Z,1
2019-11-10T18:19:56.000Z,1
2019-11-11T09:09:23.000Z,1
2019-11-11T09:14:38.000Z,1
2019-11-11T10:32:39.000Z,1
2019-11-11T12:38:20.000Z,1
2019-11-11T14:12:44.000Z,1
2019-11-11T17:01:54.000Z,1
2019-11-11T17:11:46.000Z,1
2019-11-11T17:26:38.000Z,1
2019-11-11T17:40:02.000Z,1
2019-11-11T18:02:04.000Z,2
2019-11-11T18:10:56.000Z,1
2019-11-11T19:41:10.000Z,1
2019-11-11T19:43:31.000Z,1
2019-11-12T07:53:44.000Z,1
2019-11-12T08:43:21.000Z,1
2019-11-12T08:44:38.000Z,1
2019-11-12T09:21:03.000Z,1
2019-11-12T15:27:15.000Z,1
2019-11-12T16:12:50.000Z,1
2019-11-12T16:27:20.000Z,1
2019-11-12T17:32:39.000Z,1
2019-11-12T17:41:19.000Z,1
2019-11-12T17:59:48.000Z,1
2019-11-12T18:06:24.000Z,1
2019-11-12T18:23:02.000Z,1
2019-11-12T19:58:16.000Z,1
2019-11-13T05:48:55.000Z,1
2019-11-13T06:50:49.000Z,1
2019-11-13T07:29:28.000Z,1
2019-11-13T07:35:08.000Z,1
2019-11-13T07:41:15.000Z,1
2019-11-13T07:54:51.000Z,1
2019-11-13T08:13:22.000Z,2
2019-11-13T08:32:30.000Z,1
2019-11-13T08:43:50.000Z,1
2019-11-13T08:48:21.000Z,1
2019-11-13T08:57:03.000Z,1
2019-11-13T10:43:01.000Z,1
2019-11-13T15:14:22.000Z,1
2019-11-13T15:36:44.000Z,1
2019-11-13T16:00:31.000Z,2
2019-11-13T17:04:59.000Z,1
2019-11-13T17:13:46.000Z,1
2019-11-13T17:24:22.000Z,1
2019-11-13T17:31:02.000Z,1
2019-11-13T17:46:59.000Z,1
2019-11-13T18:39:40.000Z,1
2019-11-13T19:54:45.000Z,1
2019-11-13T21:32:18.000Z,1
2019-11-13T21:53:57.000Z,1
2019-11-14T05:58:45.000Z,1
2019-11-14T07:24:00.000Z,1
2019-11-14T08:00:30.000Z,1
2019-11-14T08:17:52.000Z,1
2019-11-14T08:26:26.000Z,2
2019-11-14T09:09:22.000Z,1
2019-11-14T09:36:47.000Z,1
2019-11-14T09:37:16.000Z,1
2019-11-14T10:04:19.000Z,1
2019-11-14T12:44:40.000Z,1
2019-11-14T13:39:31.000Z,1
2019-11-14T14:38:58.000Z,1
2019-11-14T15:46:12.000Z,1
2019-11-14T15:58:49.000Z,1
2019-11-14T16:00:45.000Z,1
2019-11-14T16:21:13.000Z,1
2019-11-14T16:54:31.000Z,1
2019-11-14T17:16:03.000Z,2
2019-11-14T17:20:39.000Z,1
2019-11-14T19:30:14.000Z,1
2019-11-14T20:52:01.000Z,1
2019-11-15T06:47:16.000Z,1
2019-11-15T06:52:53.000Z,1
2019-11-15T07:10:44.000Z,1
2019-11-15T07:12:18.000Z,1
2019-11-15T07:30:25.000Z,1
2019-11-15T07:43:19.000Z,1
2019-11-15T07:49:51.000Z,1
2019-11-15T07:54:56.000Z,1
2019-11-15T08:05:44.000Z,2
2019-11-15T08:12:40.000Z,1
2019-11-15T08:55:20.000Z,1
2019-11-15T08:56:31.000Z,1
2019-11-15T12:49:29.000Z,1
2019-11-15T13:19:13.000Z,1
2019-11-15T14:05:57.000Z,1
2019-11-15T15:44:21.000Z,1
2019-11-15T15:45:59.000Z,1
2019-11-15T16:23:58.000Z,1
2019-11-15T16:46:10.000Z,1
2019-11-15T16:55:52.000Z,1
2019-11-15T17:15:02.000Z,1
2019-11-15T17:28:31.000Z,1
2019-11-15T17:43:51.000Z,1
2019-11-15T17:49:35.000Z,1
2019-11-15T18:10:32.000Z,1
2019-11-15T18:20:46.000Z,1
2019-11-15T18:55:44.000Z,1
2019-11-15T19:24:00.000Z,1
2019-11-15T19:58:19.000Z,1
2019-11-15T20:08:00.000Z,1
2019-11-15T20:18:33.000Z,1
2019-11-15T20:29:06.000Z,1
2019-11-15T23:54:42.000Z,1
2019-11-16T00:25:57.000Z,1
2019-11-16T03:35:05.000Z,1
2019-11-16T07:55:26.000Z,1
2019-11-16T10:01:15.000Z,1
2019-11-16T10:01:55.000Z,1
2019-11-16T10:24:15.000Z,1
2019-11-16T11:03:56.000Z,1
2019-11-16T11:20:20.000Z,1
2019-11-16T11:31:37.000Z,1
2019-11-16T11:41:35.000Z,1
2019-11-16T12:00:22.000Z,1
2019-11-16T12:43:02.000Z,1
2019-11-16T12:47:37.000Z,1
2019-11-16T13:05:13.000Z,1
2019-11-16T13:47:21.000Z,1
2019-11-16T14:23:51.000Z,1
2019-11-16T14:50:06.000Z,1
2019-11-16T15:06:48.000Z,1
2019-11-16T15:24:30.000Z,1
2019-11-16T15:53:16.000Z,1
2019-11-16T15:58:30.000Z,1
2019-11-16T15:58:49.000Z,1
2019-11-16T18:15:32.000Z,1
2019-11-16T18:19:35.000Z,1
2019-11-17T01:31:14.000Z,1
2019-11-17T10:34:53.000Z,1
2019-11-17T11:04:26.000Z,1
2019-11-17T12:08:02.000Z,1
2019-11-17T12:45:55.000Z,1
2019-11-17T13:09:04.000Z,2
2019-11-17T13:18:34.000Z,1
2019-11-17T13:45:23.000Z,2
2019-11-17T13:49:11.000Z,1
2019-11-17T13:52:09.000Z,1
2019-11-17T14:21:17.000Z,2
2019-11-17T15:34:14.000Z,1
2019-11-17T17:02:18.000Z,1
2019-11-17T17:09:53.000Z,1
2019-11-17T20:21:04.000Z,1
2019-11-18T05:39:49.000Z,1
2019-11-18T06:47:25.000Z,1
2019-11-18T06:53:32.000Z,1
2019-11-18T07:45:33.000Z,1
2019-11-18T08:06:04.000Z,1
2019-11-18T08:24:11.000Z,1
2019-11-18T08:29:20.000Z,1
2019-11-18T09:09:58.000Z,1
2019-11-18T09:48:31.000Z,1
2019-11-18T10:00:05.000Z,3
2019-11-18T12:20:56.000Z,1
2019-11-18T15:19:09.000Z,1
2019-11-18T15:26:30.000Z,1
2019-11-18T16:08:49.000Z,1
2019-11-18T16:16:40.000Z,1
2019-11-18T16:53:31.000Z,1
2019-11-18T17:04:05.000Z,1
2019-11-18T17:33:45.000Z,1
2019-11-18T17:52:50.000Z,1
2019-11-18T18:17:10.000Z,1
2019-11-18T18:52:13.000Z,1
2019-11-18T19:30:26.000Z,1
2019-11-18T19:52:03.000Z,1
2019-11-18T20:21:08.000Z,1
2019-11-18T23:33:05.000Z,1
2019-11-19T04:51:31.000Z,1
2019-11-19T05:36:02.000Z,1
2019-11-19T05:41:16.000Z,1
2019-11-19T05:43:17.000Z,1
2019-11-19T07:19:57.000Z,1
2019-11-19T07:57:57.000Z,1
2019-11-19T08:00:03.000Z,2
2019-11-19T08:06:36.000Z,1
2019-11-19T08:31:29.000Z,1
2019-11-19T08:52:15.000Z,1
2019-11-19T09:12:49.000Z,1
2019-11-19T09:14:33.000Z,1
2019-11-19T09:36:35.000Z,1
2019-11-19T09:48:07.000Z,1
2019-11-19T10:25:21.000Z,1
2019-11-19T10:50:54.000Z,1
2019-11-19T10:57:46.000Z,1
2019-11-19T11:33:31.000Z,1
2019-11-19T11:52:58.000Z,1
2019-11-19T12:41:45.000Z,1
2019-11-19T15:18:10.000Z,1
2019-11-19T15:48:32.000Z,1
2019-11-19T16:17:10.000Z,1
2019-11-19T16:48:58.000Z,1
2019-11-19T17:01:17.000Z,1
2019-11-19T17:14:36.000Z,1
2019-11-19T17:29:41.000Z,2
2019-11-19T17:34:11.000Z,2
2019-11-19T18:14:55.000Z,1
2019-11-19T18:30:38.000Z,1
2019-11-19T18:36:13.000Z,1
2019-11-19T19:26:40.000Z,2
2019-11-19T19:33:36.000Z,1
2019-11-19T20:06:10.000Z,1
2019-11-19T20:07:50.000Z,1
2019-11-19T20:17:36.000Z,2
2019-11-19T20:59:42.000Z,1
2019-11-08T07:17:29.000Z,1
2019-11-08T07:37:29.000Z,1
2019-11-08T08:12:22.000Z,2
2019-11-08T08:30:43.000Z,1
2019-11-08T08:35:56.000Z,1
2019-11-08T08:39:11.000Z,1
2019-11-08T08:42:52.000Z,1
2019-11-08T08:48:40.000Z,1
2019-11-08T10:41:31.000Z,1
2019-11-08T12:49:11.000Z,1
2019-11-08T13:26:23.000Z,1
2019-11-08T16:05:00.000Z,1
2019-11-08T16:10:52.000Z,1
2019-11-08T17:13:13.000Z,1
2019-11-08T17:32:24.000Z,1
2019-11-08T19:04:58.000Z,1
2019-11-08T11:04:56.000Z,1
2019-11-08T12:51:01.000Z,1
2019-11-08T13:03:20.000Z,1
2019-11-08T13:32:16.000Z,1
2019-11-08T14:01:08.000Z,1
2019-11-08T14:45:44.000Z,1
2019-11-08T15:44:59.000Z,1
2019-11-08T16:30:03.000Z,1
2019-11-08T17:45:04.000Z,1
2019-11-08T18:12:20.000Z,1
2019-11-08T18:17:38.000Z,1
2019-11-08T18:18:57.000Z,1
2019-11-08T19:27:38.000Z,1
2019-11-08T20:31:05.000Z,1
2019-11-09T01:42:02.000Z,1
2019-11-09T05:48:46.000Z,1
2019-11-09T09:22:19.000Z,1
2019-11-09T11:25:53.000Z,1
2019-11-09T11:36:37.000Z,1
2019-11-09T12:00:50.000Z,2
2019-11-09T12:05:32.000Z,1
2019-11-09T12:30:52.000Z,2
2019-11-09T13:34:20.000Z,1
2019-11-09T13:44:24.000Z,1
2019-11-09T13:45:34.000Z,1
2019-11-09T14:27:55.000Z,1
2019-11-09T15:31:52.000Z,2
2019-11-09T15:51:57.000Z,1
2019-11-09T16:23:49.000Z,1
2019-11-09T17:01:18.000Z,1
2019-11-09T18:35:52.000Z,1
2019-11-09T19:45:01.000Z,1
2019-11-10T00:22:26.000Z,2
2019-11-10T08:18:21.000Z,1
2019-11-10T09:06:40.000Z,1
2019-11-10T10:42:11.000Z,1
2019-11-10T10:44:59.000Z,1
2019-11-10T11:14:06.000Z,1
2019-11-10T11:37:07.000Z,1
2019-11-10T14:07:17.000Z,1
2019-11-10T14:23:32.000Z,1
2019-11-10T15:18:00.000Z,1
2019-11-10T15:37:00.000Z,1
2019-11-10T15:43:43.000Z,1
2019-11-10T15:53:12.000Z,1
2019-11-10T16:07:22.000Z,1
2019-11-10T19:54:31.000Z,1
2019-11-10T20:00:43.000Z,1
2019-11-10T20:27:27.000Z,1
2019-11-10T20:38:01.000Z,1
2019-11-11T06:20:25.000Z,1
2019-11-11T06:49:36.000Z,1
2019-11-11T08:39:15.000Z,1
2019-11-11T08:49:24.000Z,1
2019-11-11T15:06:32.000Z,1
2019-11-11T16:16:18.000Z,1
2019-11-11T17:35:28.000Z,1
2019-11-11T17:55:30.000Z,1
2019-11-11T17:57:30.000Z,1
2019-11-11T18:23:00.000Z,1
2019-11-12T11:36:25.000Z,1
2019-11-12T14:15:27.000Z,2
2019-11-12T14:21:00.000Z,1
2019-11-12T16:09:48.000Z,1
2019-11-12T16:38:48.000Z,1
2019-11-12T16:56:25.000Z,1
2019-11-12T17:02:32.000Z,1
2019-11-12T17:43:07.000Z,1
2019-11-12T17:54:01.000Z,1
2019-11-12T17:59:56.000Z,1
2019-11-12T18:28:32.000Z,1
2019-11-12T19:05:52.000Z,1
2019-11-12T19:59:34.000Z,1
2019-11-12T20:12:18.000Z,1
2019-11-12T20:54:29.000Z,1
2019-11-13T04:57:24.000Z,1
2019-11-13T06:11:34.000Z,1
2019-11-13T06:35:50.000Z,1
2019-11-13T07:09:25.000Z,1
2019-11-13T07:48:05.000Z,1
2019-11-13T07:52:53.000Z,1
2019-11-13T08:02:29.000Z,1
2019-11-13T08:04:36.000Z,1
2019-11-13T08:10:29.000Z,1
2019-11-13T08:17:14.000Z,1
2019-11-13T08:27:42.000Z,1
2019-11-13T12:03:44.000Z,1
2019-11-13T12:12:15.000Z,1
2019-11-13T15:46:03.000Z,1
2019-11-13T15:46:14.000Z,1
2019-11-13T16:05:54.000Z,1
2019-11-13T16:09:32.000Z,1
2019-11-13T16:21:15.000Z,1
2019-11-13T16:21:26.000Z,1
2019-11-13T16:54:00.000Z,1
2019-11-13T17:39:38.000Z,1
2019-11-13T17:46:11.000Z,1
2019-11-13T17:48:24.000Z,1
2019-11-13T18:08:13.000Z,1
2019-11-13T18:18:03.000Z,2
2019-11-13T19:09:07.000Z,1
2019-11-13T19:24:56.000Z,1
2019-11-13T21:48:24.000Z,1
2019-11-14T05:58:36.000Z,1
2019-11-14T06:27:20.000Z,1
2019-11-14T07:12:23.000Z,1
2019-11-14T07:48:44.000Z,1
2019-11-14T07:52:50.000Z,1
2019-11-14T08:17:48.000Z,1
2019-11-14T08:33:17.000Z,1
2019-11-14T08:40:03.000Z,1
2019-11-14T09:44:09.000Z,1
2019-11-14T10:09:30.000Z,1
2019-11-14T10:19:27.000Z,1
2019-11-14T11:04:43.000Z,1
2019-11-14T11:59:16.000Z,1
2019-11-14T14:28:35.000Z,1
2019-11-14T14:57:10.000Z,1
2019-11-14T16:34:01.000Z,1
2019-11-14T16:39:54.000Z,1
2019-11-14T16:40:26.000Z,1
2019-11-14T16:41:25.000Z,1
2019-11-14T16:59:37.000Z,1
2019-11-14T17:13:23.000Z,1
2019-11-14T17:26:34.000Z,1
2019-11-14T17:54:44.000Z,1
2019-11-14T18:12:54.000Z,2
2019-11-14T18:29:21.000Z,1
2019-11-14T18:39:47.000Z,1
2019-11-14T18:47:06.000Z,1
2019-11-14T19:32:46.000Z,1
2019-11-14T19:45:01.000Z,1
2019-11-14T20:36:33.000Z,1
2019-11-14T21:07:18.000Z,1
2019-11-14T21:09:04.000Z,1
2019-11-15T06:02:29.000Z,1
2019-11-15T06:37:55.000Z,1
2019-11-15T07:28:14.000Z,1
2019-11-15T08:21:11.000Z,1
2019-11-15T08:45:28.000Z,1
2019-11-15T08:48:19.000Z,1
2019-11-15T10:57:12.000Z,1
2019-11-15T11:35:56.000Z,1
2019-11-15T11:40:57.000Z,1
2019-11-15T16:37:47.000Z,1
2019-11-15T16:50:30.000Z,1
2019-11-15T16:54:12.000Z,1
2019-11-15T17:04:16.000Z,1
2019-11-15T17:05:54.000Z,1
2019-11-15T17:11:04.000Z,1
2019-11-15T17:27:00.000Z,1
2019-11-15T17:30:43.000Z,1
2019-11-15T17:50:53.000Z,1
2019-11-15T18:14:16.000Z,2
2019-11-15T18:28:12.000Z,1
2019-11-15T18:50:49.000Z,1
2019-11-15T20:20:11.000Z,1
2019-11-15T20:28:09.000Z,1
2019-11-15T20:44:34.000Z,1
2019-11-15T22:23:40.000Z,1
2019-11-16T09:28:55.000Z,1
2019-11-16T10:54:02.000Z,1
2019-11-16T11:09:31.000Z,1
2019-11-16T11:59:46.000Z,1
2019-11-16T12:06:43.000Z,1
2019-11-16T12:42:10.000Z,2
2019-11-16T13:12:44.000Z,1
2019-11-16T13:21:58.000Z,1
2019-11-16T14:17:41.000Z,1
2019-11-16T14:24:54.000Z,1
2019-11-16T14:25:46.000Z,1
2019-11-16T14:33:01.000Z,1
2019-11-16T14:56:05.000Z,1
2019-11-16T14:58:19.000Z,1
2019-11-16T15:04:44.000Z,1
2019-11-16T15:33:26.000Z,1
2019-11-16T15:50:53.000Z,1
2019-11-16T15:51:46.000Z,1
2019-11-16T16:05:56.000Z,1
2019-11-16T16:19:43.000Z,1
2019-11-16T16:29:45.000Z,1
2019-11-16T17:12:38.000Z,1
2019-11-16T18:13:23.000Z,1
2019-11-16T21:23:33.000Z,1
2019-11-17T02:31:39.000Z,1
2019-11-17T07:27:53.000Z,1
2019-11-17T07:46:54.000Z,1
2019-11-17T08:13:00.000Z,1
2019-11-17T09:11:52.000Z,1
2019-11-17T11:30:56.000Z,1
2019-11-17T11:37:49.000Z,1
2019-11-17T11:53:28.000Z,1
2019-11-17T12:03:35.000Z,1
2019-11-17T13:02:12.000Z,1
2019-11-17T13:15:52.000Z,1
2019-11-17T13:27:15.000Z,2
2019-11-17T14:54:06.000Z,1
2019-11-17T15:12:12.000Z,1
2019-11-17T16:21:47.000Z,1
2019-11-17T16:44:24.000Z,1
2019-11-17T16:54:29.000Z,1
2019-11-17T17:34:23.000Z,1
2019-11-17T21:02:40.000Z,1
2019-11-17T21:27:00.000Z,1
2019-11-18T05:58:32.000Z,1
2019-11-18T06:08:46.000Z,1
2019-11-18T06:51:49.000Z,1
2019-11-18T06:52:00.000Z,1
2019-11-18T07:07:07.000Z,1
2019-11-18T07:44:05.000Z,1
2019-11-18T07:49:57.000Z,2
2019-11-18T07:53:57.000Z,1
2019-11-18T08:08:52.000Z,1
2019-11-18T08:17:53.000Z,2
2019-11-18T08:19:36.000Z,1
2019-11-18T08:40:52.000Z,1
2019-11-18T08:42:32.000Z,1
2019-11-18T09:15:17.000Z,1
2019-11-18T09:42:35.000Z,1
2019-11-18T09:47:00.000Z,1
2019-11-18T10:02:18.000Z,1
2019-11-18T10:27:42.000Z,2
2019-11-18T10:43:03.000Z,1
2019-11-18T11:10:55.000Z,1
2019-11-18T11:40:24.000Z,2
2019-11-18T12:17:24.000Z,1
2019-11-18T14:01:16.000Z,1
2019-11-18T14:40:55.000Z,1
2019-11-18T14:45:32.000Z,1
2019-11-18T16:04:00.000Z,1
2019-11-18T16:25:31.000Z,1
2019-11-18T16:28:57.000Z,1
2019-11-18T16:47:41.000Z,2
2019-11-18T16:55:12.000Z,1
2019-11-18T16:58:35.000Z,3
2019-11-18T17:12:25.000Z,1
2019-11-18T17:32:13.000Z,1
2019-11-18T17:59:47.000Z,1
2019-11-18T18:27:37.000Z,1
2019-11-18T22:43:38.000Z,1
2019-11-19T06:42:33.000Z,1
2019-11-19T06:48:30.000Z,1
2019-11-19T07:30:16.000Z,1
2019-11-19T07:31:57.000Z,1
2019-11-19T07:39:18.000Z,1
2019-11-19T07:44:55.000Z,1
2019-11-19T08:09:55.000Z,1
2019-11-19T08:10:31.000Z,1
2019-11-19T08:30:38.000Z,1
2019-11-19T08:33:17.000Z,1
2019-11-19T08:42:14.000Z,1
2019-11-19T08:53:22.000Z,1
2019-11-19T09:25:57.000Z,1
2019-11-19T09:46:33.000Z,1
2019-11-19T09:51:01.000Z,1
2019-11-19T10:27:37.000Z,1
2019-11-19T10:34:06.000Z,1
2019-11-19T12:47:17.000Z,1
2019-11-19T13:09:41.000Z,1
2019-11-19T13:46:23.000Z,2
2019-11-19T15:25:27.000Z,1
2019-11-19T15:46:02.000Z,1
2019-11-19T15:52:34.000Z,1
2019-11-19T15:58:44.000Z,1
2019-11-19T16:12:34.000Z,1
2019-11-19T16:54:12.000Z,2
2019-11-19T17:06:41.000Z,1
2019-11-19T17:10:51.000Z,1
2019-11-19T17:13:43.000Z,2
2019-11-19T17:35:43.000Z,1
2019-11-19T18:33:18.000Z,1
2019-11-19T18:34:59.000Z,1
2019-11-19T19:17:19.000Z,1
2019-11-19T20:10:29.000Z,1
2019-11-08T06:11:38.000Z,1
2019-11-08T06:38:52.000Z,1
2019-11-08T06:40:03.000Z,1
2019-11-08T06:57:25.000Z,1
2019-11-08T07:01:21.000Z,1
2019-11-08T07:41:19.000Z,2
2019-11-08T07:42:31.000Z,1
2019-11-08T08:08:02.000Z,1
2019-11-08T08:15:50.000Z,1
2019-11-08T08:20:49.000Z,1
2019-11-08T08:24:36.000Z,1
2019-11-08T08:58:04.000Z,1
2019-11-08T09:10:25.000Z,1
2019-11-08T10:04:06.000Z,1
2019-11-08T13:47:14.000Z,1
2019-11-08T16:16:11.000Z,1
2019-11-08T16:21:01.000Z,1
2019-11-09T11:18:41.000Z,1
2019-11-08T08:26:46.000Z,1
2019-11-08T11:46:40.000Z,1
2019-11-08T12:32:56.000Z,1
2019-11-08T12:52:10.000Z,1
2019-11-08T13:28:16.000Z,1
2019-11-08T14:56:17.000Z,2
2019-11-08T15:25:06.000Z,1
2019-11-08T15:45:05.000Z,2
2019-11-08T16:25:31.000Z,1
2019-11-08T16:32:54.000Z,1
2019-11-08T16:37:36.000Z,1
2019-11-08T16:50:03.000Z,1
2019-11-08T17:07:46.000Z,1
2019-11-08T17:28:39.000Z,1
2019-11-08T18:19:35.000Z,1
2019-11-08T18:42:33.000Z,1
2019-11-08T20:25:00.000Z,1
2019-11-08T20:40:57.000Z,1
2019-11-08T22:29:21.000Z,1
2019-11-08T23:59:30.000Z,1
2019-11-09T00:50:13.000Z,1
2019-11-09T06:03:26.000Z,1
2019-11-09T10:06:03.000Z,1
2019-11-09T11:22:58.000Z,2
2019-11-09T12:22:14.000Z,2
2019-11-09T12:59:45.000Z,1
2019-11-09T13:03:30.000Z,1
2019-11-09T13:15:04.000Z,2
2019-11-09T13:19:47.000Z,1
2019-11-09T13:30:26.000Z,1
2019-11-09T14:30:31.000Z,1
2019-11-09T14:36:41.000Z,1
2019-11-09T14:45:32.000Z,1
2019-11-09T15:22:28.000Z,1
2019-11-09T15:28:13.000Z,1
2019-11-09T15:37:42.000Z,1
2019-11-09T16:02:56.000Z,1
2019-11-09T16:31:25.000Z,1
2019-11-09T19:19:25.000Z,1
2019-11-10T06:38:16.000Z,1
2019-11-10T06:49:49.000Z,1
2019-11-10T08:33:44.000Z,1
2019-11-10T09:38:12.000Z,1
2019-11-10T10:09:21.000Z,1
2019-11-10T10:14:54.000Z,1
2019-11-10T11:24:06.000Z,1
2019-11-10T11:52:56.000Z,1
2019-11-10T12:31:21.000Z,1
2019-11-10T12:38:14.000Z,1
2019-11-10T12:46:22.000Z,1
2019-11-10T13:20:18.000Z,1
2019-11-10T14:02:10.000Z,1
2019-11-10T14:03:31.000Z,1
2019-11-10T14:57:01.000Z,1
2019-11-10T15:00:33.000Z,1
2019-11-10T15:26:22.000Z,1
2019-11-10T15:36:46.000Z,1
2019-11-10T16:05:28.000Z,1
2019-11-10T16:26:25.000Z,1
2019-11-10T16:29:42.000Z,1
2019-11-10T17:34:12.000Z,1
2019-11-10T18:00:32.000Z,1
2019-11-10T18:55:31.000Z,1
2019-11-10T19:21:54.000Z,1
2019-11-10T21:12:55.000Z,1
2019-11-10T22:05:45.000Z,1
2019-11-10T23:23:49.000Z,1
2019-11-11T07:49:32.000Z,1
2019-11-11T07:54:29.000Z,1
2019-11-11T08:56:37.000Z,1
2019-11-11T13:27:46.000Z,1
2019-11-11T13:53:13.000Z,1
2019-11-11T16:32:23.000Z,1
2019-11-11T16:47:28.000Z,1
2019-11-11T17:22:07.000Z,1
2019-11-11T17:49:53.000Z,1
2019-11-11T18:18:16.000Z,2
2019-11-12T06:13:48.000Z,1
2019-11-12T07:43:11.000Z,1
2019-11-12T08:39:29.000Z,1
2019-11-12T15:11:59.000Z,1
2019-11-12T16:48:17.000Z,1
2019-11-12T17:13:42.000Z,1
2019-11-12T17:19:31.000Z,1
2019-11-13T05:37:53.000Z,1
2019-11-13T07:14:50.000Z,1
2019-11-13T07:27:17.000Z,1
2019-11-13T07:58:19.000Z,2
2019-11-13T12:18:21.000Z,1
2019-11-13T13:02:10.000Z,1
2019-11-13T13:21:11.000Z,1
2019-11-13T14:27:40.000Z,1
2019-11-13T15:22:11.000Z,1
2019-11-13T15:44:03.000Z,1
2019-11-13T16:24:36.000Z,1
2019-11-13T16:55:16.000Z,1
2019-11-13T17:05:26.000Z,1
2019-11-13T17:17:43.000Z,2
2019-11-13T17:18:52.000Z,1
2019-11-13T17:19:19.000Z,1
2019-11-13T17:34:20.000Z,1
2019-11-13T18:01:22.000Z,1
2019-11-13T20:09:37.000Z,1
2019-11-13T20:54:01.000Z,1
2019-11-13T22:47:51.000Z,1
2019-11-14T07:31:43.000Z,1
2019-11-14T08:39:35.000Z,1
2019-11-14T09:14:21.000Z,1
2019-11-14T09:55:32.000Z,1
2019-11-14T10:28:01.000Z,1
2019-11-14T11:34:06.000Z,1
2019-11-14T12:14:10.000Z,1
2019-11-14T13:46:24.000Z,2
2019-11-14T13:49:50.000Z,1
2019-11-14T15:25:44.000Z,1
2019-11-14T15:31:36.000Z,1
2019-11-14T15:58:32.000Z,1
2019-11-14T16:13:17.000Z,1
2019-11-14T16:43:16.000Z,1
2019-11-14T16:58:50.000Z,1
2019-11-14T17:07:35.000Z,1
2019-11-14T17:54:52.000Z,1
2019-11-14T18:15:49.000Z,1
2019-11-14T18:26:55.000Z,1
2019-11-14T19:00:39.000Z,1
2019-11-14T21:23:49.000Z,1
2019-11-14T21:28:20.000Z,1
2019-11-14T21:47:33.000Z,1
2019-11-14T22:50:00.000Z,1
2019-11-15T04:30:56.000Z,1
2019-11-15T06:55:33.000Z,1
2019-11-15T07:57:21.000Z,1
2019-11-15T07:57:56.000Z,1
2019-11-15T08:10:26.000Z,1
2019-11-15T08:18:49.000Z,1
2019-11-15T08:27:37.000Z,1
2019-11-15T08:29:42.000Z,3
2019-11-15T08:30:45.000Z,1
2019-11-15T08:43:40.000Z,1
2019-11-15T08:43:46.000Z,1
2019-11-15T09:06:21.000Z,1
2019-11-15T09:19:31.000Z,1
2019-11-15T09:42:21.000Z,1
2019-11-15T16:17:49.000Z,1
2019-11-15T16:24:21.000Z,1
2019-11-15T16:24:55.000Z,1
2019-11-15T16:32:09.000Z,1
2019-11-15T16:34:57.000Z,1
2019-11-15T16:36:10.000Z,1
2019-11-15T16:52:26.000Z,1
2019-11-15T16:55:28.000Z,1
2019-11-15T17:11:24.000Z,1
2019-11-15T17:15:19.000Z,1
2019-11-15T17:17:43.000Z,2
2019-11-15T17:31:52.000Z,2
2019-11-15T18:14:09.000Z,1
2019-11-15T18:22:09.000Z,1
2019-11-15T19:32:19.000Z,1
2019-11-15T20:38:10.000Z,1
2019-11-15T22:00:03.000Z,1
2019-11-15T23:43:30.000Z,1
2019-11-16T08:14:51.000Z,1
2019-11-16T09:48:20.000Z,1
2019-11-16T11:00:21.000Z,1
2019-11-16T11:45:08.000Z,1
2019-11-16T12:14:52.000Z,2
2019-11-16T12:20:20.000Z,1
2019-11-16T12:47:30.000Z,1
2019-11-16T13:15:47.000Z,1
2019-11-16T13:56:28.000Z,1
2019-11-16T14:01:48.000Z,1
2019-11-16T14:03:52.000Z,2
2019-11-16T14:54:41.000Z,2
2019-11-16T15:01:05.000Z,1
2019-11-16T15:05:39.000Z,1
2019-11-16T15:40:02.000Z,1
2019-11-16T15:45:04.000Z,1
2019-11-16T15:57:21.000Z,1
2019-11-16T16:22:57.000Z,1
2019-11-16T16:44:01.000Z,1
2019-11-16T16:50:22.000Z,1
2019-11-16T18:35:16.000Z,1
2019-11-16T19:04:54.000Z,1
2019-11-16T23:14:25.000Z,1
2019-11-17T08:23:47.000Z,1
2019-11-17T08:57:04.000Z,1
2019-11-17T09:49:59.000Z,1
2019-11-17T10:53:36.000Z,2
2019-11-17T10:56:42.000Z,1
2019-11-17T11:26:56.000Z,1
2019-11-17T11:29:05.000Z,1
2019-11-17T12:01:39.000Z,1
2019-11-17T13:14:46.000Z,1
2019-11-17T13:17:00.000Z,1
2019-11-17T13:57:26.000Z,1
2019-11-17T14:01:51.000Z,1
2019-11-17T14:28:06.000Z,1
2019-11-17T15:29:39.000Z,1
2019-11-17T15:49:22.000Z,2
2019-11-17T18:34:53.000Z,1
2019-11-17T19:08:01.000Z,1
2019-11-17T20:05:54.000Z,1
2019-11-18T05:47:58.000Z,1
2019-11-18T06:35:32.000Z,1
2019-11-18T07:00:17.000Z,1
2019-11-18T07:47:37.000Z,1
2019-11-18T08:03:35.000Z,1
2019-11-18T08:06:13.000Z,1
2019-11-18T08:16:16.000Z,1
2019-11-18T08:44:12.000Z,1
2019-11-18T08:52:49.000Z,2
2019-11-18T09:11:18.000Z,1
2019-11-18T09:22:42.000Z,1
2019-11-18T09:55:22.000Z,1
2019-11-18T13:17:38.000Z,1
2019-11-18T13:52:26.000Z,1
2019-11-18T14:29:25.000Z,1
2019-11-18T15:37:21.000Z,1
2019-11-18T16:07:29.000Z,1
2019-11-18T16:37:42.000Z,1
2019-11-18T16:46:18.000Z,1
2019-11-18T17:19:40.000Z,1
2019-11-18T17:21:13.000Z,1
2019-11-18T17:38:42.000Z,1
2019-11-18T17:44:22.000Z,1
2019-11-18T17:46:36.000Z,1
2019-11-18T17:49:43.000Z,1
2019-11-18T17:50:52.000Z,1
2019-11-18T18:10:08.000Z,1
2019-11-18T18:11:50.000Z,3
2019-11-18T18:25:19.000Z,1
2019-11-18T18:51:06.000Z,1
2019-11-18T19:53:31.000Z,1
2019-11-18T20:57:10.000Z,1
2019-11-18T21:31:56.000Z,1
2019-11-19T02:59:43.000Z,1
2019-11-19T06:17:23.000Z,1
2019-11-19T06:43:28.000Z,1
2019-11-19T07:34:13.000Z,1
2019-11-19T07:42:29.000Z,1
2019-11-19T07:44:39.000Z,1
2019-11-19T07:52:12.000Z,1
2019-11-19T08:14:50.000Z,1
2019-11-19T08:33:22.000Z,3
2019-11-19T09:02:17.000Z,1
2019-11-19T09:05:35.000Z,1
2019-11-19T10:15:48.000Z,1
2019-11-19T10:18:53.000Z,1
2019-11-19T10:47:12.000Z,1
2019-11-19T13:30:59.000Z,1
2019-11-19T14:05:04.000Z,1
2019-11-19T14:10:11.000Z,1
2019-11-19T14:36:24.000Z,1
2019-11-19T14:41:36.000Z,1
2019-11-19T15:38:35.000Z,1
2019-11-19T15:47:18.000Z,1
2019-11-19T16:14:48.000Z,1
2019-11-19T16:20:11.000Z,1
2019-11-19T16:40:11.000Z,1
2019-11-19T16:56:03.000Z,1
2019-11-19T17:16:11.000Z,1
2019-11-19T17:20:53.000Z,1
2019-11-19T17:47:14.000Z,2
2019-11-19T17:56:04.000Z,1
2019-11-19T18:00:40.000Z,1
2019-11-19T19:05:37.000Z,1
2019-11-19T19:32:52.000Z,2
2019-11-19T20:38:50.000Z,1
2019-11-19T21:14:29.000Z,1
2019-11-08T07:05:41.000Z,1
2019-11-08T07:26:58.000Z,1
2019-11-08T07:29:13.000Z,1
2019-11-08T07:39:37.000Z,1
2019-11-08T07:43:42.000Z,1
2019-11-08T07:59:38.000Z,1
2019-11-08T08:11:36.000Z,1
2019-11-08T08:27:41.000Z,1
2019-11-08T08:36:08.000Z,1
2019-11-08T08:43:42.000Z,1
2019-11-08T08:48:56.000Z,1
2019-11-08T08:54:54.000Z,1
2019-11-08T09:44:05.000Z,1
2019-11-08T12:38:00.000Z,1
2019-11-08T12:45:38.000Z,1
2019-11-08T12:45:44.000Z,1
2019-11-08T12:54:41.000Z,1
2019-11-08T14:19:28.000Z,1
2019-11-08T14:35:10.000Z,1
2019-11-08T15:13:36.000Z,1
2019-11-08T15:41:52.000Z,1
2019-11-08T20:06:27.000Z,1
2019-11-09T11:46:56.000Z,1
2019-11-08T08:47:43.000Z,2
2019-11-08T11:02:06.000Z,1
2019-11-08T15:30:09.000Z,1
2019-11-08T15:39:50.000Z,1
2019-11-08T16:37:20.000Z,1
2019-11-08T16:46:31.000Z,1
2019-11-08T17:02:36.000Z,1
2019-11-08T17:15:32.000Z,1
2019-11-08T17:39:59.000Z,1
2019-11-08T18:19:21.000Z,2
2019-11-08T18:28:30.000Z,1
2019-11-08T18:41:06.000Z,1
2019-11-08T18:43:25.000Z,1
2019-11-08T18:45:18.000Z,1
2019-11-08T21:13:22.000Z,1
2019-11-08T23:41:40.000Z,1
2019-11-09T06:44:53.000Z,1
2019-11-09T07:23:24.000Z,1
2019-11-09T07:28:33.000Z,1
2019-11-09T08:36:55.000Z,1
2019-11-09T10:30:54.000Z,1
2019-11-09T11:36:48.000Z,1
2019-11-09T12:38:59.000Z,1
2019-11-09T13:39:11.000Z,1
2019-11-09T13:43:39.000Z,1
2019-11-09T15:01:01.000Z,1
2019-11-09T15:36:56.000Z,1
2019-11-09T16:18:03.000Z,1
2019-11-09T16:55:22.000Z,1
2019-11-09T17:09:03.000Z,1
2019-11-09T17:09:09.000Z,1
2019-11-09T17:50:40.000Z,1
2019-11-09T18:03:53.000Z,1
2019-11-09T18:47:00.000Z,1
2019-11-09T18:58:38.000Z,1
2019-11-09T19:05:22.000Z,1
2019-11-09T19:26:50.000Z,1
2019-11-09T22:16:28.000Z,1
2019-11-09T22:18:58.000Z,1
2019-11-09T23:18:03.000Z,1
2019-11-10T01:59:29.000Z,1
2019-11-10T07:33:22.000Z,1
2019-11-10T08:17:49.000Z,1
2019-11-10T08:27:12.000Z,1
2019-11-10T08:33:22.000Z,1
2019-11-10T09:01:48.000Z,1
2019-11-10T09:01:50.000Z,1
2019-11-10T09:30:22.000Z,1
2019-11-10T09:41:50.000Z,1
2019-11-10T09:52:02.000Z,1
2019-11-10T10:19:29.000Z,1
2019-11-10T14:09:30.000Z,1
2019-11-10T14:14:07.000Z,1
2019-11-10T14:16:27.000Z,1
2019-11-10T14:29:56.000Z,1
2019-11-10T15:07:20.000Z,1
2019-11-10T15:39:37.000Z,2
2019-11-10T16:03:40.000Z,1
2019-11-10T16:12:29.000Z,1
2019-11-10T16:41:45.000Z,1
2019-11-10T17:09:52.000Z,1
2019-11-10T17:20:10.000Z,2
2019-11-10T18:00:24.000Z,1
2019-11-10T18:14:02.000Z,1
2019-11-10T18:46:21.000Z,1
2019-11-10T19:01:18.000Z,1
2019-11-11T06:57:20.000Z,1
2019-11-11T07:50:57.000Z,1
2019-11-11T15:30:26.000Z,1
2019-11-11T16:19:04.000Z,1
2019-11-11T17:45:52.000Z,1
2019-11-11T20:40:55.000Z,1
2019-11-12T07:37:55.000Z,1
2019-11-12T07:45:24.000Z,1
2019-11-12T08:48:06.000Z,1
2019-11-12T09:04:39.000Z,1
2019-11-12T09:07:10.000Z,1
2019-11-12T10:06:05.000Z,1
2019-11-12T15:47:41.000Z,1
2019-11-12T16:03:54.000Z,1
2019-11-12T16:35:09.000Z,1
2019-11-12T17:29:27.000Z,1
2019-11-12T17:52:12.000Z,2
2019-11-12T17:58:17.000Z,1
2019-11-12T18:02:55.000Z,1
2019-11-12T19:13:18.000Z,1
2019-11-12T21:33:07.000Z,1
2019-11-13T06:14:06.000Z,1
2019-11-13T06:24:58.000Z,1
2019-11-13T07:00:24.000Z,1
2019-11-13T08:08:36.000Z,1
2019-11-13T08:28:41.000Z,1
2019-11-13T08:42:11.000Z,1
2019-11-13T08:54:21.000Z,1
2019-11-13T09:42:23.000Z,1
2019-11-13T11:48:40.000Z,1
2019-11-13T12:32:23.000Z,1
2019-11-13T12:54:25.000Z,1
2019-11-13T15:25:11.000Z,1
2019-11-13T15:35:32.000Z,1
2019-11-13T16:35:26.000Z,1
2019-11-13T16:47:03.000Z,1
2019-11-13T17:41:11.000Z,1
2019-11-13T22:32:36.000Z,1
2019-11-14T05:41:28.000Z,1
2019-11-14T06:44:41.000Z,1
2019-11-14T07:12:33.000Z,1
2019-11-14T08:27:21.000Z,1
2019-11-14T08:40:17.000Z,1
2019-11-14T09:14:23.000Z,1
2019-11-14T10:04:08.000Z,1
2019-11-14T10:41:52.000Z,1
2019-11-14T10:46:57.000Z,1
2019-11-14T13:39:40.000Z,1
2019-11-14T15:36:36.000Z,1
2019-11-14T16:11:50.000Z,1
2019-11-14T16:20:24.000Z,1
2019-11-14T16:31:58.000Z,1
2019-11-14T16:42:40.000Z,1
2019-11-14T16:44:22.000Z,1
2019-11-14T17:04:05.000Z,1
2019-11-14T17:14:44.000Z,2
2019-11-14T17:44:25.000Z,1
2019-11-14T18:11:55.000Z,1
2019-11-14T18:38:28.000Z,2
2019-11-14T23:13:40.000Z,1
2019-11-15T04:22:09.000Z,1
2019-11-15T05:05:52.000Z,1
2019-11-15T06:48:24.000Z,1
2019-11-15T07:20:02.000Z,1
2019-11-15T07:59:51.000Z,1
2019-11-15T09:21:30.000Z,1
2019-11-15T10:02:35.000Z,1
2019-11-15T10:14:54.000Z,1
2019-11-15T11:09:27.000Z,1
2019-11-15T11:54:38.000Z,1
2019-11-15T13:45:40.000Z,1
2019-11-15T13:48:04.000Z,1
2019-11-15T14:09:01.000Z,1
2019-11-15T14:14:09.000Z,1
2019-11-15T15:49:35.000Z,3
2019-11-15T16:04:44.000Z,1
2019-11-15T16:36:04.000Z,1
2019-11-15T17:27:23.000Z,1
2019-11-15T18:44:46.000Z,1
2019-11-15T18:46:26.000Z,1
2019-11-15T19:28:17.000Z,1
2019-11-15T19:57:51.000Z,1
2019-11-15T20:28:08.000Z,1
2019-11-15T21:40:04.000Z,1
2019-11-15T22:37:48.000Z,1
2019-11-16T07:32:50.000Z,1
2019-11-16T07:48:48.000Z,1
2019-11-16T09:21:59.000Z,1
2019-11-16T10:31:37.000Z,1
2019-11-16T10:39:33.000Z,1
2019-11-16T11:35:45.000Z,1
2019-11-16T11:43:19.000Z,1
2019-11-16T11:53:37.000Z,1
2019-11-16T12:34:25.000Z,1
2019-11-16T14:25:16.000Z,1
2019-11-16T15:13:17.000Z,1
2019-11-16T15:50:37.000Z,1
2019-11-16T16:07:36.000Z,3
2019-11-16T18:41:45.000Z,1
2019-11-16T19:15:50.000Z,1
2019-11-17T00:23:04.000Z,1
2019-11-17T04:19:42.000Z,1
2019-11-17T08:05:12.000Z,1
2019-11-17T09:17:05.000Z,1
2019-11-17T09:46:59.000Z,1
2019-11-17T10:15:10.000Z,1
2019-11-17T10:17:47.000Z,1
2019-11-17T11:10:02.000Z,1
2019-11-17T12:28:10.000Z,1
2019-11-17T13:56:03.000Z,1
2019-11-17T14:38:28.000Z,1
2019-11-17T15:15:24.000Z,1
2019-11-17T16:21:07.000Z,1
2019-11-17T18:45:42.000Z,1
2019-11-17T23:23:20.000Z,1
2019-11-18T06:09:54.000Z,1
2019-11-18T06:32:04.000Z,1
2019-11-18T07:10:28.000Z,1
2019-11-18T07:18:30.000Z,2
2019-11-18T07:50:46.000Z,1
2019-11-18T07:56:11.000Z,1
2019-11-18T07:59:36.000Z,1
2019-11-18T08:07:56.000Z,1
2019-11-18T08:09:24.000Z,1
2019-11-18T08:17:54.000Z,1
2019-11-18T08:33:21.000Z,2
2019-11-18T08:42:26.000Z,1
2019-11-18T08:51:55.000Z,1
2019-11-18T09:10:26.000Z,1
2019-11-18T10:25:42.000Z,1
2019-11-18T13:50:07.000Z,1
2019-11-18T13:51:27.000Z,1
2019-11-18T14:56:59.000Z,1
2019-11-18T15:03:59.000Z,1
2019-11-18T15:12:38.000Z,2
2019-11-18T16:04:49.000Z,1
2019-11-18T16:32:33.000Z,1
2019-11-18T16:57:50.000Z,1
2019-11-18T17:15:17.000Z,1
2019-11-18T17:37:50.000Z,1
2019-11-18T17:45:00.000Z,1
2019-11-18T17:46:08.000Z,1
2019-11-18T17:52:13.000Z,1
2019-11-18T19:26:55.000Z,1
2019-11-18T19:37:09.000Z,1
2019-11-18T20:35:03.000Z,1
2019-11-18T21:21:10.000Z,1
2019-11-18T21:28:56.000Z,1
2019-11-18T21:51:27.000Z,1
2019-11-19T06:16:02.000Z,1
2019-11-19T06:38:04.000Z,1
2019-11-19T06:57:07.000Z,1
2019-11-19T07:06:21.000Z,1
2019-11-19T07:14:45.000Z,1
2019-11-19T07:18:52.000Z,1
2019-11-19T07:21:54.000Z,1
2019-11-19T07:28:13.000Z,1
2019-11-19T07:30:04.000Z,1
2019-11-19T07:31:10.000Z,1
2019-11-19T07:37:33.000Z,1
2019-11-19T08:03:45.000Z,1
2019-11-19T08:26:34.000Z,1
2019-11-19T08:48:47.000Z,1
2019-11-19T08:55:24.000Z,1
2019-11-19T09:01:28.000Z,1
2019-11-19T10:13:02.000Z,1
2019-11-19T10:57:24.000Z,1
2019-11-19T11:13:29.000Z,1
2019-11-19T16:00:29.000Z,1
2019-11-19T16:08:14.000Z,1
2019-11-19T16:20:54.000Z,1
2019-11-19T16:22:44.000Z,1
2019-11-19T16:52:50.000Z,1
2019-11-19T17:05:14.000Z,1
2019-11-19T17:16:48.000Z,1
2019-11-19T17:19:26.000Z,1
2019-11-19T17:29:50.000Z,2
2019-11-19T17:49:21.000Z,1
2019-11-19T18:10:55.000Z,1
2019-11-19T18:16:31.000Z,1
2019-11-19T18:24:59.000Z,1
2019-11-19T19:07:21.000Z,1
2019-11-19T19:17:34.000Z,1
2019-11-19T19:24:31.000Z,1
2019-11-19T21:15:16.000Z,1
2019-11-19T21:57:54.000Z,1
2019-11-19T23:09:23.000Z,1
2019-11-08T06:22:50.000Z,1
2019-11-08T07:03:44.000Z,1
2019-11-08T08:03:52.000Z,1
2019-11-08T08:06:41.000Z,1
2019-11-08T08:15:59.000Z,2
2019-11-08T08:20:38.000Z,1
2019-11-08T08:47:46.000Z,1
2019-11-08T08:55:56.000Z,1
2019-11-08T09:09:19.000Z,1
2019-11-08T09:12:06.000Z,1
2019-11-08T09:35:44.000Z,1
2019-11-08T11:12:12.000Z,1
2019-11-08T11:52:36.000Z,1
2019-11-08T12:38:14.000Z,1
2019-11-08T13:14:45.000Z,1
2019-11-08T13:49:49.000Z,1
2019-11-08T14:14:36.000Z,1
2019-11-08T14:28:13.000Z,1
2019-11-08T15:39:55.000Z,1
2019-11-08T16:08:51.000Z,2
2019-11-08T18:26:14.000Z,1
2019-11-09T09:53:15.000Z,1
2019-11-10T08:23:04.000Z,1
2019-11-08T09:02:18.000Z,1
2019-11-08T14:49:04.000Z,1
2019-11-08T14:52:18.000Z,1
2019-11-08T17:11:52.000Z,1
2019-11-08T17:48:41.000Z,1
2019-11-08T21:39:12.000Z,1
2019-11-08T21:47:25.000Z,1
2019-11-09T04:08:41.000Z,1
2019-11-09T09:59:10.000Z,1
2019-11-09T10:11:32.000Z,1
2019-11-09T11:42:52.000Z,1
2019-11-09T12:07:10.000Z,1
2019-11-09T12:46:02.000Z,1
2019-11-09T12:57:14.000Z,2
2019-11-09T13:00:38.000Z,1
2019-11-09T13:04:57.000Z,1
2019-11-09T13:18:51.000Z,1
2019-11-09T13:49:55.000Z,1
2019-11-09T14:38:29.000Z,1
2019-11-09T15:09:46.000Z,1
2019-11-09T15:39:20.000Z,1
2019-11-09T16:18:24.000Z,1
2019-11-09T16:54:03.000Z,1
2019-11-09T16:55:37.000Z,2
2019-11-09T17:02:52.000Z,1
2019-11-09T19:17:58.000Z,1
2019-11-09T23:29:38.000Z,1
2019-11-10T00:09:46.000Z,1
2019-11-10T01:35:11.000Z,1
2019-11-10T08:02:41.000Z,1
2019-11-10T08:43:24.000Z,1
2019-11-10T09:50:01.000Z,1
2019-11-10T10:34:39.000Z,1
2019-11-10T10:39:19.000Z,1
2019-11-10T11:14:02.000Z,1
2019-11-10T11:41:02.000Z,1
2019-11-10T11:51:15.000Z,1
2019-11-10T12:38:23.000Z,1
2019-11-10T12:51:20.000Z,1
2019-11-10T12:58:33.000Z,1
2019-11-10T13:08:55.000Z,1
2019-11-10T13:37:19.000Z,1
2019-11-10T14:50:55.000Z,1
2019-11-10T15:17:47.000Z,1
2019-11-10T15:54:46.000Z,1
2019-11-10T16:27:27.000Z,1
2019-11-10T16:39:03.000Z,1
2019-11-10T18:14:47.000Z,1
2019-11-10T18:15:57.000Z,1
2019-11-11T00:41:10.000Z,1
2019-11-11T07:48:45.000Z,1
2019-11-11T08:19:20.000Z,1
2019-11-11T13:09:05.000Z,1
2019-11-11T15:15:01.000Z,1
2019-11-11T15:32:07.000Z,1
2019-11-11T15:41:45.000Z,1
2019-11-11T16:15:22.000Z,2
2019-11-11T16:21:43.000Z,1
2019-11-11T16:41:26.000Z,1
2019-11-11T16:50:54.000Z,1
2019-11-11T16:57:58.000Z,1
2019-11-11T17:22:14.000Z,1
2019-11-11T17:23:52.000Z,1
2019-11-11T17:28:52.000Z,1
2019-11-11T18:36:58.000Z,1
2019-11-11T18:40:02.000Z,1
2019-11-12T06:51:50.000Z,1
2019-11-12T06:57:48.000Z,1
2019-11-12T07:35:55.000Z,1
2019-11-12T08:04:58.000Z,1
2019-11-12T08:16:07.000Z,1
2019-11-12T08:36:35.000Z,1
2019-11-12T08:51:06.000Z,1
2019-11-12T11:27:37.000Z,1
2019-11-12T11:42:36.000Z,1
2019-11-12T17:56:29.000Z,1
2019-11-12T18:22:21.000Z,1
2019-11-12T18:31:29.000Z,2
2019-11-12T20:37:29.000Z,1
2019-11-12T20:54:49.000Z,1
2019-11-12T22:19:50.000Z,1
2019-11-12T22:44:37.000Z,1
2019-11-13T06:27:53.000Z,1
2019-11-13T08:01:51.000Z,2
2019-11-13T08:14:14.000Z,1
2019-11-13T08:42:29.000Z,1
2019-11-13T08:48:23.000Z,1
2019-11-13T09:06:39.000Z,1
2019-11-13T09:06:59.000Z,1
2019-11-13T10:05:40.000Z,1
2019-11-13T13:27:30.000Z,1
2019-11-13T14:31:49.000Z,1
2019-11-13T14:53:59.000Z,1
2019-11-13T17:45:28.000Z,1
2019-11-13T20:07:34.000Z,2
2019-11-13T20:12:48.000Z,1
2019-11-13T21:36:25.000Z,1
2019-11-13T23:38:51.000Z,1
2019-11-14T08:17:28.000Z,1
2019-11-14T09:26:51.000Z,1
2019-11-14T10:41:02.000Z,1
2019-11-14T11:31:47.000Z,1
2019-11-14T11:50:05.000Z,1
2019-11-14T13:10:42.000Z,1
2019-11-14T15:41:03.000Z,1
2019-11-14T16:48:37.000Z,1
2019-11-14T16:52:03.000Z,1
2019-11-14T17:02:13.000Z,1
2019-11-14T17:03:56.000Z,1
2019-11-14T17:26:25.000Z,1
2019-11-14T19:04:24.000Z,1
2019-11-14T19:16:28.000Z,1
2019-11-14T20:02:07.000Z,1
2019-11-14T20:44:24.000Z,1
2019-11-14T22:24:14.000Z,1
2019-11-14T22:51:06.000Z,1
2019-11-15T06:17:58.000Z,1
2019-11-15T06:47:18.000Z,1
2019-11-15T07:11:11.000Z,1
2019-11-15T07:41:46.000Z,1
2019-11-15T07:45:47.000Z,1
2019-11-15T08:33:03.000Z,1
2019-11-15T09:01:05.000Z,1
2019-11-15T10:24:38.000Z,1
2019-11-15T11:13:05.000Z,1
2019-11-15T11:14:12.000Z,1
2019-11-15T11:45:53.000Z,1
2019-11-15T11:51:36.000Z,1
2019-11-15T12:10:05.000Z,1
2019-11-15T13:54:31.000Z,1
2019-11-15T14:35:08.000Z,1
2019-11-15T15:23:47.000Z,1
2019-11-15T15:34:11.000Z,1
2019-11-15T15:34:36.000Z,1
2019-11-15T15:48:54.000Z,1
2019-11-15T16:20:06.000Z,1
2019-11-15T16:30:43.000Z,2
2019-11-15T16:31:50.000Z,1
2019-11-15T16:35:56.000Z,2
2019-11-15T16:42:46.000Z,1
2019-11-15T17:25:47.000Z,1
2019-11-15T17:35:43.000Z,1
2019-11-15T17:59:09.000Z,1
2019-11-15T18:45:48.000Z,1
2019-11-16T00:58:50.000Z,1
2019-11-16T08:24:56.000Z,1
2019-11-16T09:35:35.000Z,1
2019-11-16T10:08:02.000Z,1
2019-11-16T10:33:26.000Z,1
2019-11-16T10:54:28.000Z,1
2019-11-16T11:09:44.000Z,1
2019-11-16T11:45:32.000Z,1
2019-11-16T12:15:59.000Z,1
2019-11-16T12:59:18.000Z,1
2019-11-16T13:04:26.000Z,1
2019-11-16T13:06:14.000Z,1
2019-11-16T13:36:03.000Z,1
2019-11-16T14:25:27.000Z,1
2019-11-16T16:01:06.000Z,1
2019-11-16T17:00:50.000Z,1
2019-11-17T09:29:02.000Z,1
2019-11-17T09:58:12.000Z,1
2019-11-17T10:22:00.000Z,1
2019-11-17T10:59:26.000Z,1
2019-11-17T11:09:47.000Z,1
2019-11-17T12:14:42.000Z,1
2019-11-17T12:26:53.000Z,1
2019-11-17T12:27:21.000Z,1
2019-11-17T13:30:43.000Z,1
2019-11-17T13:39:38.000Z,1
2019-11-17T14:25:18.000Z,1
2019-11-17T15:05:15.000Z,1
2019-11-17T16:31:51.000Z,1
2019-11-17T16:59:31.000Z,1
2019-11-17T18:12:55.000Z,1
2019-11-17T20:29:59.000Z,1
2019-11-18T05:49:20.000Z,1
2019-11-18T06:26:50.000Z,1
2019-11-18T06:37:13.000Z,1
2019-11-18T06:57:55.000Z,1
2019-11-18T07:20:53.000Z,1
2019-11-18T07:23:45.000Z,1
2019-11-18T07:32:37.000Z,1
2019-11-18T08:12:01.000Z,2
2019-11-18T08:22:03.000Z,1
2019-11-18T08:24:47.000Z,1
2019-11-18T08:37:35.000Z,1
2019-11-18T09:54:14.000Z,1
2019-11-18T10:04:45.000Z,1
2019-11-18T10:23:24.000Z,1
2019-11-18T11:53:03.000Z,1
2019-11-18T12:22:13.000Z,1
2019-11-18T13:55:31.000Z,1
2019-11-18T15:04:57.000Z,1
2019-11-18T16:08:59.000Z,1
2019-11-18T16:43:11.000Z,2
2019-11-18T16:56:38.000Z,1
2019-11-18T16:58:21.000Z,1
2019-11-18T17:26:55.000Z,2
2019-11-18T17:27:12.000Z,1
2019-11-18T17:28:12.000Z,1
2019-11-18T17:37:44.000Z,1
2019-11-18T17:50:02.000Z,1
2019-11-18T18:02:13.000Z,1
2019-11-18T18:03:53.000Z,1
2019-11-18T18:04:12.000Z,1
2019-11-18T18:05:33.000Z,1
2019-11-18T18:47:49.000Z,1
2019-11-18T18:57:31.000Z,1
2019-11-18T19:29:01.000Z,1
2019-11-18T20:25:27.000Z,1
2019-11-18T21:15:57.000Z,1
2019-11-19T02:56:21.000Z,1
2019-11-19T05:42:08.000Z,1
2019-11-19T06:43:43.000Z,1
2019-11-19T06:49:16.000Z,1
2019-11-19T07:03:59.000Z,1
2019-11-19T07:32:03.000Z,1
2019-11-19T07:52:27.000Z,1
2019-11-19T08:12:08.000Z,1
2019-11-19T08:17:09.000Z,1
2019-11-19T08:27:55.000Z,1
2019-11-19T08:30:17.000Z,1
2019-11-19T08:36:19.000Z,1
2019-11-19T08:44:46.000Z,1
2019-11-19T08:46:54.000Z,1
2019-11-19T10:43:23.000Z,1
2019-11-19T11:31:39.000Z,1
2019-11-19T11:33:05.000Z,1
2019-11-19T11:57:17.000Z,1
2019-11-19T13:34:49.000Z,1
2019-11-19T14:21:12.000Z,1
2019-11-19T15:30:32.000Z,1
2019-11-19T16:06:44.000Z,1
2019-11-19T17:28:59.000Z,1
2019-11-19T17:52:35.000Z,1
2019-11-19T18:09:12.000Z,2
2019-11-19T18:48:07.000Z,1
2019-11-19T19:15:59.000Z,1
2019-11-19T19:20:11.000Z,1
2019-11-19T19:22:13.000Z,2
2019-11-19T19:23:22.000Z,2
2019-11-19T20:49:46.000Z,1
2019-11-19T20:52:45.000Z,2
2019-11-19T21:05:49.000Z,1
2019-11-19T21:09:46.000Z,1
2019-11-19T21:25:57.000Z,1
2019-11-19T23:01:44.000Z,1
2019-11-08T05:51:46.000Z,1
2019-11-08T06:49:11.000Z,1
2019-11-08T07:19:13.000Z,1
2019-11-08T07:56:47.000Z,1
2019-11-08T08:05:13.000Z,2
2019-11-08T08:10:30.000Z,1
2019-11-08T08:12:49.000Z,2
2019-11-08T09:05:16.000Z,1
2019-11-08T09:06:44.000Z,2
2019-11-08T09:11:16.000Z,1
2019-11-08T10:27:58.000Z,1
2019-11-08T14:24:33.000Z,1
2019-11-08T14:28:49.000Z,1
2019-11-08T17:36:52.000Z,1
2019-11-08T19:40:00.000Z,1
2019-11-09T10:13:15.000Z,2
2019-11-09T13:15:55.000Z,1
2019-11-09T14:38:59.000Z,1
2019-11-10T11:12:13.000Z,1
2019-11-08T11:54:07.000Z,1
2019-11-08T13:49:30.000Z,1
2019-11-08T14:25:26.000Z,1
2019-11-08T16:19:44.000Z,1
2019-11-08T16:55:22.000Z,1
2019-11-08T17:10:20.000Z,1
2019-11-08T17:21:08.000Z,1
2019-11-08T17:23:31.000Z,2
2019-11-08T17:37:54.000Z,1
2019-11-08T18:02:26.000Z,1
2019-11-08T18:33:48.000Z,1
2019-11-08T18:49:15.000Z,1
2019-11-08T19:29:33.000Z,1
2019-11-09T09:56:59.000Z,1
2019-11-09T10:00:39.000Z,1
2019-11-09T10:32:38.000Z,1
2019-11-09T10:41:18.000Z,2
2019-11-09T11:19:25.000Z,2
2019-11-09T11:29:34.000Z,1
2019-11-09T11:43:23.000Z,1
2019-11-09T12:43:47.000Z,1
2019-11-09T12:59:02.000Z,1
2019-11-09T13:11:29.000Z,1
2019-11-09T13:14:16.000Z,1
2019-11-09T13:19:21.000Z,1
2019-11-09T13:38:51.000Z,1
2019-11-09T13:48:35.000Z,1
2019-11-09T14:03:38.000Z,1
2019-11-09T14:05:24.000Z,1
2019-11-09T14:50:49.000Z,2
2019-11-09T15:57:43.000Z,1
2019-11-09T16:59:31.000Z,1
2019-11-09T17:12:13.000Z,1
2019-11-09T18:52:07.000Z,1
2019-11-09T23:57:51.000Z,1
2019-11-10T07:57:33.000Z,1
2019-11-10T08:23:22.000Z,2
2019-11-10T08:30:47.000Z,1
2019-11-10T08:33:26.000Z,1
2019-11-10T09:06:20.000Z,1
2019-11-10T09:49:39.000Z,2
2019-11-10T10:27:17.000Z,1
2019-11-10T10:48:01.000Z,1
2019-11-10T11:07:15.000Z,1
2019-11-10T11:14:00.000Z,1
2019-11-10T11:24:12.000Z,1
2019-11-10T11:27:10.000Z,1
2019-11-10T12:00:44.000Z,1
2019-11-10T12:22:24.000Z,1
2019-11-10T12:42:08.000Z,1
2019-11-10T13:16:19.000Z,1
2019-11-10T13:20:05.000Z,2
2019-11-10T13:47:47.000Z,1
2019-11-10T13:52:51.000Z,1
2019-11-10T14:49:58.000Z,1
2019-11-10T14:50:22.000Z,1
2019-11-10T15:56:38.000Z,1
2019-11-10T16:22:37.000Z,1
2019-11-10T16:58:20.000Z,1
2019-11-10T16:59:35.000Z,1
2019-11-10T17:01:50.000Z,1
2019-11-10T17:04:36.000Z,1
2019-11-10T18:32:22.000Z,1
2019-11-10T19:56:46.000Z,1
2019-11-11T04:33:43.000Z,1
2019-11-11T05:27:42.000Z,1
2019-11-11T05:59:45.000Z,1
2019-11-11T07:28:55.000Z,1
2019-11-11T07:40:23.000Z,1
2019-11-11T12:11:56.000Z,1
2019-11-11T15:50:20.000Z,1
2019-11-11T16:34:39.000Z,1
2019-11-11T18:32:30.000Z,1
2019-11-11T21:36:15.000Z,1
2019-11-12T08:14:14.000Z,1
2019-11-12T12:56:14.000Z,1
2019-11-12T16:48:05.000Z,1
2019-11-12T17:23:31.000Z,1
2019-11-12T17:36:30.000Z,1
2019-11-12T17:53:35.000Z,1
2019-11-12T18:18:07.000Z,1
2019-11-12T19:30:09.000Z,1
2019-11-12T19:37:32.000Z,1
2019-11-12T19:44:26.000Z,1
2019-11-12T22:43:45.000Z,1
2019-11-13T01:11:46.000Z,1
2019-11-13T05:10:33.000Z,1
2019-11-13T06:03:31.000Z,1
2019-11-13T08:54:22.000Z,2
2019-11-13T09:58:31.000Z,1
2019-11-13T12:37:12.000Z,1
2019-11-13T14:56:54.000Z,1
2019-11-13T15:45:15.000Z,1
2019-11-13T15:47:24.000Z,1
2019-11-13T16:41:46.000Z,1
2019-11-13T16:49:19.000Z,1
2019-11-13T17:32:24.000Z,1
2019-11-13T17:57:17.000Z,1
2019-11-13T18:50:26.000Z,2
2019-11-13T19:53:46.000Z,1
2019-11-14T07:36:34.000Z,1
2019-11-14T08:03:42.000Z,1
2019-11-14T08:13:19.000Z,1
2019-11-14T08:17:39.000Z,1
2019-11-14T08:28:57.000Z,1
2019-11-14T08:37:39.000Z,1
2019-11-14T09:58:01.000Z,1
2019-11-14T12:07:58.000Z,1
2019-11-14T15:03:45.000Z,1
2019-11-14T15:49:58.000Z,1
2019-11-14T16:09:17.000Z,1
2019-11-14T16:18:51.000Z,1
2019-11-14T16:22:34.000Z,1
2019-11-14T16:26:38.000Z,1
2019-11-14T16:34:27.000Z,1
2019-11-14T17:05:02.000Z,1
2019-11-14T17:05:44.000Z,1
2019-11-14T17:10:07.000Z,1
2019-11-14T17:21:23.000Z,2
2019-11-14T17:48:30.000Z,1
2019-11-14T18:45:06.000Z,1
2019-11-14T18:55:49.000Z,1
2019-11-14T19:09:36.000Z,1
2019-11-15T05:00:39.000Z,1
2019-11-15T05:41:55.000Z,1
2019-11-15T06:32:14.000Z,1
2019-11-15T06:56:02.000Z,1
2019-11-15T07:07:05.000Z,1
2019-11-15T07:29:11.000Z,1
2019-11-15T07:44:19.000Z,1
2019-11-15T07:49:38.000Z,1
2019-11-15T08:01:46.000Z,1
2019-11-15T08:45:03.000Z,1
2019-11-15T09:07:45.000Z,1
2019-11-15T09:57:15.000Z,1
2019-11-15T11:02:11.000Z,1
2019-11-15T12:45:25.000Z,1
2019-11-15T12:56:15.000Z,2
2019-11-15T13:49:31.000Z,1
2019-11-15T14:13:42.000Z,1
2019-11-15T14:45:57.000Z,1
2019-11-15T16:01:38.000Z,1
2019-11-15T17:00:21.000Z,2
2019-11-15T17:06:45.000Z,1
2019-11-15T17:17:09.000Z,1
2019-11-15T17:55:51.000Z,1
2019-11-15T18:55:48.000Z,1
2019-11-15T19:27:10.000Z,1
2019-11-15T21:00:54.000Z,1
2019-11-15T21:23:36.000Z,1
2019-11-15T22:08:46.000Z,1
2019-11-15T22:28:55.000Z,1
2019-11-15T23:50:38.000Z,1
2019-11-16T07:06:21.000Z,1
2019-11-16T07:13:49.000Z,1
2019-11-16T08:08:12.000Z,1
2019-11-16T08:35:46.000Z,1
2019-11-16T08:51:26.000Z,1
2019-11-16T09:34:38.000Z,1
2019-11-16T10:24:37.000Z,1
2019-11-16T10:58:49.000Z,1
2019-11-16T10:59:03.000Z,1
2019-11-16T11:17:46.000Z,1
2019-11-16T11:48:07.000Z,1
2019-11-16T12:23:34.000Z,1
2019-11-16T12:31:22.000Z,1
2019-11-16T13:10:58.000Z,1
2019-11-16T13:12:59.000Z,1
2019-11-16T13:56:26.000Z,1
2019-11-16T14:07:05.000Z,1
2019-11-16T15:09:32.000Z,1
2019-11-16T16:35:55.000Z,2
2019-11-16T17:07:29.000Z,1
2019-11-16T18:17:05.000Z,1
2019-11-16T19:06:50.000Z,1
2019-11-16T20:18:20.000Z,1
2019-11-16T22:07:46.000Z,1
2019-11-17T04:27:57.000Z,1
2019-11-17T09:36:08.000Z,1
2019-11-17T10:32:54.000Z,1
2019-11-17T10:32:57.000Z,1
2019-11-17T11:13:01.000Z,1
2019-11-17T13:18:00.000Z,1
2019-11-17T13:54:36.000Z,1
2019-11-17T14:13:06.000Z,1
2019-11-17T14:16:53.000Z,1
2019-11-17T14:36:11.000Z,1
2019-11-17T14:40:23.000Z,1
2019-11-17T15:56:17.000Z,1
2019-11-17T16:24:01.000Z,1
2019-11-17T16:26:04.000Z,1
2019-11-17T17:41:19.000Z,1
2019-11-17T17:59:25.000Z,1
2019-11-17T18:05:05.000Z,1
2019-11-17T20:44:33.000Z,1
2019-11-17T21:01:11.000Z,1
2019-11-18T07:21:29.000Z,1
2019-11-18T07:52:01.000Z,1
2019-11-18T07:52:29.000Z,1
2019-11-18T08:28:26.000Z,1
2019-11-18T08:28:44.000Z,1
2019-11-18T08:28:49.000Z,1
2019-11-18T08:36:50.000Z,1
2019-11-18T08:45:36.000Z,1
2019-11-18T08:51:38.000Z,1
2019-11-18T09:02:05.000Z,1
2019-11-18T10:27:29.000Z,1
2019-11-18T12:02:44.000Z,1
2019-11-18T12:36:31.000Z,1
2019-11-18T12:48:45.000Z,1
2019-11-18T13:00:28.000Z,1
2019-11-18T13:36:32.000Z,1
2019-11-18T14:18:10.000Z,1
2019-11-18T14:46:18.000Z,1
2019-11-18T14:50:47.000Z,1
2019-11-18T15:22:06.000Z,1
2019-11-18T15:26:56.000Z,1
2019-11-18T15:39:17.000Z,1
2019-11-18T16:05:17.000Z,1
2019-11-18T16:21:29.000Z,1
2019-11-18T16:34:55.000Z,1
2019-11-18T16:43:52.000Z,1
2019-11-18T16:46:44.000Z,2
2019-11-18T17:00:37.000Z,2
2019-11-18T17:12:57.000Z,1
2019-11-18T17:18:20.000Z,1
2019-11-18T17:18:17.000Z,1
2019-11-18T18:16:48.000Z,1
2019-11-18T18:17:37.000Z,1
2019-11-18T18:23:24.000Z,1
2019-11-18T18:50:22.000Z,1
2019-11-18T19:13:58.000Z,1
2019-11-18T19:18:00.000Z,1
2019-11-18T19:18:45.000Z,1
2019-11-18T19:32:59.000Z,1
2019-11-18T19:42:22.000Z,1
2019-11-18T20:18:27.000Z,1
2019-11-18T20:33:46.000Z,1
2019-11-19T06:04:34.000Z,1
2019-11-19T06:55:31.000Z,1
2019-11-19T07:22:03.000Z,1
2019-11-19T07:28:00.000Z,2
2019-11-19T07:29:47.000Z,1
2019-11-19T07:46:22.000Z,1
2019-11-19T08:17:06.000Z,1
2019-11-19T08:26:37.000Z,1
2019-11-19T08:32:51.000Z,1
2019-11-19T08:35:53.000Z,1
2019-11-19T08:41:08.000Z,1
2019-11-19T08:48:45.000Z,1
2019-11-19T08:59:03.000Z,1
2019-11-19T09:46:23.000Z,1
2019-11-19T12:16:47.000Z,1
2019-11-19T13:13:23.000Z,1
2019-11-19T13:53:34.000Z,1
2019-11-19T14:16:34.000Z,1
2019-11-19T14:57:00.000Z,1
2019-11-19T15:47:09.000Z,1
2019-11-19T15:57:46.000Z,1
2019-11-19T16:40:25.000Z,2
2019-11-19T16:53:56.000Z,1
2019-11-19T17:01:44.000Z,1
2019-11-19T17:27:48.000Z,2
2019-11-19T17:38:58.000Z,1
2019-11-19T17:55:05.000Z,1
2019-11-19T18:11:54.000Z,1
2019-11-19T18:39:40.000Z,1
2019-11-19T20:04:51.000Z,1
2019-11-19T20:25:48.000Z,1
2019-11-19T20:29:54.000Z,1
2019-11-19T20:53:18.000Z,1
2019-11-19T21:14:14.000Z,1
2019-11-19T21:23:00.000Z,1
2019-11-19T21:34:50.000Z,1
2019-11-08T05:44:56.000Z,1
2019-11-08T08:13:54.000Z,1
2019-11-08T09:27:28.000Z,1
2019-11-08T10:41:47.000Z,1
2019-11-08T11:39:28.000Z,1
2019-11-08T12:12:41.000Z,1
2019-11-08T13:27:12.000Z,1
2019-11-08T14:38:00.000Z,1
2019-11-08T16:38:08.000Z,2
2019-11-08T16:48:13.000Z,1
2019-11-08T17:04:29.000Z,2
2019-11-08T17:56:48.000Z,1
2019-11-08T21:26:43.000Z,1
2019-11-09T05:53:47.000Z,1
2019-11-09T10:58:11.000Z,1
2019-11-10T14:35:23.000Z,1
2019-11-10T15:30:30.000Z,1
2019-11-08T13:08:36.000Z,1
2019-11-08T13:25:32.000Z,1
2019-11-08T13:32:25.000Z,1
2019-11-08T14:02:28.000Z,1
2019-11-08T14:32:50.000Z,1
2019-11-08T16:29:28.000Z,1
2019-11-08T16:50:05.000Z,1
2019-11-08T16:56:54.000Z,1
2019-11-08T16:57:06.000Z,1
2019-11-08T17:31:50.000Z,2
2019-11-08T17:39:41.000Z,1
2019-11-08T17:43:49.000Z,1
2019-11-08T17:58:32.000Z,1
2019-11-08T17:58:41.000Z,1
2019-11-08T18:04:39.000Z,1
2019-11-08T18:04:49.000Z,1
2019-11-08T18:35:12.000Z,1
2019-11-08T19:04:28.000Z,1
2019-11-08T21:44:30.000Z,1
2019-11-08T22:50:10.000Z,1
2019-11-08T22:53:05.000Z,1
2019-11-08T23:17:13.000Z,1
2019-11-09T10:32:19.000Z,1
2019-11-09T12:03:05.000Z,1
2019-11-09T13:27:50.000Z,1
2019-11-09T13:57:55.000Z,1
2019-11-09T14:09:19.000Z,1
2019-11-09T14:16:59.000Z,1
2019-11-09T14:36:27.000Z,1
2019-11-09T15:00:34.000Z,1
2019-11-09T15:28:07.000Z,1
2019-11-09T18:01:08.000Z,1
2019-11-09T18:07:25.000Z,1
2019-11-09T18:57:27.000Z,1
2019-11-09T21:45:26.000Z,1
2019-11-10T03:39:09.000Z,1
2019-11-10T04:54:53.000Z,1
2019-11-10T06:55:35.000Z,1
2019-11-10T08:43:21.000Z,1
2019-11-10T09:48:38.000Z,1
2019-11-10T10:05:53.000Z,1
2019-11-10T11:00:43.000Z,1
2019-11-10T11:18:25.000Z,2
2019-11-10T14:10:55.000Z,1
2019-11-10T15:13:32.000Z,1
2019-11-10T15:14:04.000Z,1
2019-11-10T15:25:31.000Z,1
2019-11-10T15:30:14.000Z,1
2019-11-10T16:53:35.000Z,1
2019-11-10T18:36:23.000Z,1
2019-11-10T19:27:24.000Z,1
2019-11-11T07:21:43.000Z,1
2019-11-11T09:00:00.000Z,1
2019-11-11T15:17:02.000Z,1
2019-11-11T15:58:40.000Z,1
2019-11-11T16:15:47.000Z,1
2019-11-11T17:01:10.000Z,1
2019-11-11T17:41:08.000Z,2
2019-11-11T17:55:37.000Z,1
2019-11-11T19:59:00.000Z,1
2019-11-11T21:38:19.000Z,1
2019-11-12T05:26:01.000Z,1
2019-11-12T05:49:56.000Z,1
2019-11-12T06:29:41.000Z,1
2019-11-12T07:01:57.000Z,1
2019-11-12T07:53:27.000Z,1
2019-11-12T08:11:33.000Z,1
2019-11-12T08:59:38.000Z,1
2019-11-12T09:03:54.000Z,1
2019-11-12T10:12:00.000Z,1
2019-11-12T12:33:27.000Z,1
2019-11-12T15:17:42.000Z,1
2019-11-12T15:26:45.000Z,1
2019-11-12T15:54:01.000Z,1
2019-11-12T16:08:49.000Z,1
2019-11-12T16:09:09.000Z,1
2019-11-12T16:21:37.000Z,1
2019-11-12T16:35:31.000Z,1
2019-11-12T17:08:40.000Z,2
2019-11-12T17:59:03.000Z,1
2019-11-12T18:01:18.000Z,1
2019-11-12T18:04:11.000Z,1
2019-11-12T20:10:00.000Z,1
2019-11-13T08:07:31.000Z,1
2019-11-13T08:38:14.000Z,1
2019-11-13T09:05:58.000Z,1
2019-11-13T09:27:14.000Z,1
2019-11-13T14:31:24.000Z,1
2019-11-13T15:03:08.000Z,1
2019-11-13T16:40:51.000Z,1
2019-11-13T17:42:44.000Z,1
2019-11-13T17:57:43.000Z,1
2019-11-13T18:30:55.000Z,1
2019-11-13T18:32:09.000Z,1
2019-11-14T05:39:44.000Z,1
2019-11-14T08:20:02.000Z,3
2019-11-14T08:49:18.000Z,1
2019-11-14T13:59:04.000Z,1
2019-11-14T15:10:11.000Z,1
2019-11-14T15:16:12.000Z,1
2019-11-14T15:35:33.000Z,1
2019-11-14T16:27:35.000Z,1
2019-11-14T16:29:51.000Z,1
2019-11-14T16:58:35.000Z,1
2019-11-14T17:14:37.000Z,1
2019-11-14T17:18:51.000Z,1
2019-11-14T17:31:53.000Z,1
2019-11-14T17:42:09.000Z,1
2019-11-14T17:47:32.000Z,1
2019-11-14T18:00:50.000Z,1
2019-11-14T18:33:57.000Z,1
2019-11-14T18:47:05.000Z,1
2019-11-14T18:50:49.000Z,1
2019-11-14T21:29:18.000Z,1
2019-11-14T21:33:07.000Z,1
2019-11-14T22:45:50.000Z,1
2019-11-14T22:58:31.000Z,1
2019-11-15T07:38:43.000Z,1
2019-11-15T08:25:34.000Z,1
2019-11-15T08:39:56.000Z,1
2019-11-15T08:58:02.000Z,1
2019-11-15T09:54:00.000Z,1
2019-11-15T10:27:18.000Z,1
2019-11-15T11:51:07.000Z,1
2019-11-15T12:13:15.000Z,1
2019-11-15T13:51:16.000Z,1
2019-11-15T14:02:25.000Z,1
2019-11-15T15:24:28.000Z,1
2019-11-15T16:52:50.000Z,1
2019-11-15T16:55:35.000Z,1
2019-11-15T17:07:41.000Z,1
2019-11-15T17:27:26.000Z,1
2019-11-15T18:28:58.000Z,1
2019-11-15T18:50:06.000Z,1
2019-11-15T19:22:41.000Z,1
2019-11-15T21:15:30.000Z,1
2019-11-15T22:43:44.000Z,1
2019-11-16T00:17:13.000Z,1
2019-11-16T10:16:47.000Z,1
2019-11-16T11:12:15.000Z,1
2019-11-16T12:59:22.000Z,1
2019-11-16T12:59:35.000Z,1
2019-11-16T13:05:08.000Z,1
2019-11-16T13:12:26.000Z,1
2019-11-16T13:48:07.000Z,1
2019-11-16T14:00:03.000Z,1
2019-11-16T15:18:57.000Z,1
2019-11-16T15:26:42.000Z,1
2019-11-16T15:50:34.000Z,1
2019-11-16T16:03:08.000Z,1
2019-11-16T16:53:10.000Z,1
2019-11-16T17:43:22.000Z,1
2019-11-16T18:46:33.000Z,1
2019-11-16T19:13:03.000Z,1
2019-11-17T02:41:14.000Z,1
2019-11-17T08:05:13.000Z,1
2019-11-17T10:38:32.000Z,1
2019-11-17T11:00:26.000Z,1
2019-11-17T13:19:08.000Z,1
2019-11-17T13:21:56.000Z,1
2019-11-17T13:43:21.000Z,1
2019-11-17T13:46:21.000Z,1
2019-11-17T14:08:11.000Z,1
2019-11-17T14:48:12.000Z,1
2019-11-17T15:31:23.000Z,1
2019-11-17T15:50:49.000Z,1
2019-11-17T16:07:56.000Z,2
2019-11-17T16:28:43.000Z,1
2019-11-17T16:46:14.000Z,1
2019-11-17T16:55:31.000Z,1
2019-11-17T17:46:01.000Z,1
2019-11-17T22:49:31.000Z,1
2019-11-18T06:38:03.000Z,1
2019-11-18T06:46:37.000Z,1
2019-11-18T07:29:58.000Z,1
2019-11-18T07:33:19.000Z,1
2019-11-18T08:21:54.000Z,2
2019-11-18T08:32:36.000Z,1
2019-11-18T08:58:38.000Z,1
2019-11-18T10:03:00.000Z,1
2019-11-18T12:00:40.000Z,1
2019-11-18T12:14:48.000Z,1
2019-11-18T12:49:33.000Z,1
2019-11-18T13:34:26.000Z,1
2019-11-18T13:35:49.000Z,1
2019-11-18T14:53:10.000Z,1
2019-11-18T16:25:00.000Z,1
2019-11-18T16:46:05.000Z,1
2019-11-18T16:50:52.000Z,2
2019-11-18T17:09:45.000Z,1
2019-11-18T17:28:11.000Z,2
2019-11-18T17:32:51.000Z,1
2019-11-18T17:37:06.000Z,2
2019-11-18T17:43:21.000Z,1
2019-11-18T17:57:29.000Z,1
2019-11-18T18:31:26.000Z,1
2019-11-18T18:35:29.000Z,1
2019-11-18T18:38:23.000Z,1
2019-11-18T18:51:50.000Z,2
2019-11-18T18:55:59.000Z,1
2019-11-18T18:58:00.000Z,1
2019-11-18T18:58:27.000Z,1
2019-11-18T19:57:54.000Z,1
2019-11-18T21:07:09.000Z,1
2019-11-19T06:46:22.000Z,2
2019-11-19T07:11:08.000Z,1
2019-11-19T07:13:49.000Z,1
2019-11-19T07:17:32.000Z,1
2019-11-19T07:25:18.000Z,1
2019-11-19T07:50:50.000Z,1
2019-11-19T07:57:13.000Z,2
2019-11-19T08:12:22.000Z,1
2019-11-19T08:31:01.000Z,2
2019-11-19T08:48:58.000Z,1
2019-11-19T10:12:02.000Z,1
2019-11-19T10:32:58.000Z,1
2019-11-19T10:40:26.000Z,1
2019-11-19T11:01:46.000Z,1
2019-11-19T11:02:41.000Z,1
2019-11-19T11:27:23.000Z,2
2019-11-19T11:32:50.000Z,1
2019-11-19T12:09:30.000Z,1
2019-11-19T13:10:50.000Z,1
2019-11-19T14:25:09.000Z,1
2019-11-19T14:54:56.000Z,1
2019-11-19T14:55:51.000Z,1
2019-11-19T15:01:01.000Z,1
2019-11-19T15:10:10.000Z,1
2019-11-19T17:22:46.000Z,2
2019-11-19T17:31:59.000Z,1
2019-11-19T17:41:17.000Z,2
2019-11-19T17:47:03.000Z,1
2019-11-19T18:00:38.000Z,1
2019-11-19T18:19:20.000Z,1
2019-11-19T18:52:29.000Z,1
2019-11-19T19:34:27.000Z,1
2019-11-19T19:34:56.000Z,1
2019-11-19T19:41:44.000Z,1
2019-11-19T21:15:40.000Z,1
2019-11-08T06:29:14.000Z,1
2019-11-08T08:04:05.000Z,1
2019-11-08T08:08:47.000Z,1
2019-11-08T08:33:20.000Z,1
2019-11-08T08:43:29.000Z,1
2019-11-08T08:53:52.000Z,1
2019-11-08T09:06:04.000Z,1
2019-11-08T09:19:11.000Z,1
2019-11-08T09:30:27.000Z,1
2019-11-08T10:56:00.000Z,1
2019-11-08T12:08:16.000Z,1
2019-11-08T13:13:27.000Z,1
2019-11-08T14:46:22.000Z,1
2019-11-08T14:59:52.000Z,1
2019-11-08T16:42:21.000Z,2
2019-11-08T16:42:43.000Z,1
2019-11-08T16:44:00.000Z,1
2019-11-08T17:04:23.000Z,1
2019-11-08T17:21:47.000Z,1
2019-11-08T09:15:27.000Z,1
2019-11-08T11:20:51.000Z,1
2019-11-08T12:05:00.000Z,1
2019-11-08T16:11:44.000Z,1
2019-11-08T16:48:10.000Z,1
2019-11-08T17:15:07.000Z,1
2019-11-08T17:18:25.000Z,1
2019-11-08T17:29:34.000Z,1
2019-11-08T17:33:34.000Z,1
2019-11-08T18:24:26.000Z,1
2019-11-08T18:40:20.000Z,1
2019-11-09T08:03:03.000Z,2
2019-11-09T10:25:52.000Z,1
2019-11-09T10:59:55.000Z,1
2019-11-09T11:01:57.000Z,1
2019-11-09T11:02:46.000Z,1
2019-11-09T13:38:34.000Z,1
2019-11-09T14:48:24.000Z,1
2019-11-09T15:07:00.000Z,1
2019-11-09T15:07:58.000Z,1
2019-11-09T15:27:37.000Z,1
2019-11-09T15:53:56.000Z,2
2019-11-09T15:57:10.000Z,1
2019-11-09T17:34:01.000Z,1
2019-11-09T18:04:21.000Z,1
2019-11-09T18:09:15.000Z,1
2019-11-09T18:45:14.000Z,1
2019-11-09T19:17:07.000Z,1
2019-11-09T19:44:58.000Z,1
2019-11-09T20:29:25.000Z,1
2019-11-09T22:17:55.000Z,1
2019-11-10T09:54:54.000Z,1
2019-11-10T10:03:38.000Z,1
2019-11-10T10:24:45.000Z,1
2019-11-10T10:34:16.000Z,1
2019-11-10T10:57:42.000Z,1
2019-11-10T11:30:18.000Z,1
2019-11-10T11:39:27.000Z,1
2019-11-10T11:43:04.000Z,1
2019-11-10T12:02:54.000Z,1
2019-11-10T12:15:16.000Z,1
2019-11-10T12:28:27.000Z,1
2019-11-10T13:02:57.000Z,1
2019-11-10T14:05:20.000Z,2
2019-11-10T14:09:15.000Z,1
2019-11-10T16:04:29.000Z,1
2019-11-10T16:22:47.000Z,1
2019-11-10T17:35:05.000Z,1
2019-11-10T17:39:42.000Z,1
2019-11-10T18:25:19.000Z,2
2019-11-10T19:54:02.000Z,1
2019-11-10T20:27:39.000Z,1
2019-11-10T21:10:06.000Z,1
2019-11-10T21:19:54.000Z,1
2019-11-10T21:34:28.000Z,1
2019-11-11T08:44:26.000Z,1
2019-11-11T09:39:47.000Z,1
2019-11-11T11:32:45.000Z,1
2019-11-11T13:45:06.000Z,1
2019-11-11T14:13:39.000Z,1
2019-11-11T14:25:31.000Z,1
2019-11-11T16:36:57.000Z,2
2019-11-11T17:27:40.000Z,1
2019-11-11T17:32:23.000Z,1
2019-11-11T17:36:06.000Z,1
2019-11-11T17:52:01.000Z,1
2019-11-11T18:18:51.000Z,1
2019-11-11T19:43:48.000Z,1
2019-11-11T19:46:10.000Z,1
2019-11-11T20:31:35.000Z,1
2019-11-11T23:46:10.000Z,1
2019-11-12T06:44:55.000Z,1
2019-11-12T07:32:24.000Z,2
2019-11-12T07:59:18.000Z,1
2019-11-12T08:12:31.000Z,2
2019-11-12T08:42:29.000Z,1
2019-11-12T11:16:12.000Z,1
2019-11-12T14:13:32.000Z,1
2019-11-12T15:24:51.000Z,1
2019-11-12T15:31:13.000Z,1
2019-11-12T16:24:10.000Z,1
2019-11-12T17:49:58.000Z,1
2019-11-12T18:56:53.000Z,1
2019-11-12T20:12:09.000Z,2
2019-11-12T20:50:38.000Z,1
2019-11-12T21:24:29.000Z,1
2019-11-12T22:15:22.000Z,1
2019-11-13T07:19:15.000Z,1
2019-11-13T07:31:46.000Z,1
2019-11-13T07:54:36.000Z,1
2019-11-13T08:05:22.000Z,1
2019-11-13T08:11:32.000Z,1
2019-11-13T08:46:16.000Z,1
2019-11-13T08:58:14.000Z,1
2019-11-13T09:31:40.000Z,1
2019-11-13T11:15:52.000Z,1
2019-11-13T13:00:20.000Z,2
2019-11-13T13:36:12.000Z,1
2019-11-13T15:05:55.000Z,1
2019-11-13T15:09:55.000Z,1
2019-11-13T15:36:58.000Z,1
2019-11-13T16:54:19.000Z,1
2019-11-13T17:17:31.000Z,1
2019-11-13T17:28:38.000Z,1
2019-11-13T17:43:08.000Z,2
2019-11-13T18:07:10.000Z,1
2019-11-13T18:35:09.000Z,1
2019-11-13T20:00:56.000Z,1
2019-11-13T20:09:47.000Z,1
2019-11-13T20:26:56.000Z,1
2019-11-13T22:02:26.000Z,1
2019-11-13T23:03:39.000Z,1
2019-11-14T06:23:05.000Z,1
2019-11-14T06:54:38.000Z,1
2019-11-14T07:17:35.000Z,1
2019-11-14T07:32:40.000Z,1
2019-11-14T07:34:01.000Z,1
2019-11-14T07:47:50.000Z,1
2019-11-14T07:50:21.000Z,1
2019-11-14T07:51:22.000Z,1
2019-11-14T08:15:53.000Z,1
2019-11-14T09:01:40.000Z,1
2019-11-14T09:17:01.000Z,1
2019-11-14T09:55:45.000Z,1
2019-11-14T10:53:36.000Z,1
2019-11-14T11:23:12.000Z,1
2019-11-14T13:18:01.000Z,1
2019-11-14T13:58:35.000Z,1
2019-11-14T15:27:02.000Z,1
2019-11-14T15:35:03.000Z,1
2019-11-14T16:12:39.000Z,1
2019-11-14T16:42:17.000Z,1
2019-11-14T16:42:24.000Z,1
2019-11-14T16:49:05.000Z,1
2019-11-14T16:50:05.000Z,1
2019-11-14T16:50:21.000Z,1
2019-11-14T17:32:20.000Z,1
2019-11-14T17:32:35.000Z,1
2019-11-14T18:23:33.000Z,1
2019-11-15T06:17:03.000Z,1
2019-11-15T07:46:28.000Z,1
2019-11-15T07:47:50.000Z,1
2019-11-15T08:01:38.000Z,1
2019-11-15T08:31:05.000Z,1
2019-11-15T09:05:22.000Z,1
2019-11-15T10:01:06.000Z,1
2019-11-15T12:37:30.000Z,2
2019-11-15T12:56:01.000Z,2
2019-11-15T13:54:36.000Z,1
2019-11-15T14:07:59.000Z,3
2019-11-15T15:07:11.000Z,1
2019-11-15T15:25:04.000Z,1
2019-11-15T15:38:38.000Z,1
2019-11-15T16:15:31.000Z,1
2019-11-15T16:23:19.000Z,1
2019-11-15T16:29:19.000Z,1
2019-11-15T16:53:15.000Z,1
2019-11-15T17:38:39.000Z,1
2019-11-15T17:41:16.000Z,1
2019-11-15T17:41:44.000Z,1
2019-11-15T17:45:25.000Z,2
2019-11-15T17:46:32.000Z,1
2019-11-15T17:51:25.000Z,1
2019-11-15T18:38:05.000Z,1
2019-11-15T18:38:47.000Z,1
2019-11-15T18:57:24.000Z,1
2019-11-15T18:58:24.000Z,1
2019-11-15T19:03:30.000Z,1
2019-11-15T19:15:06.000Z,1
2019-11-15T19:42:56.000Z,1
2019-11-16T04:32:20.000Z,1
2019-11-16T08:36:44.000Z,1
2019-11-16T11:17:39.000Z,1
2019-11-16T12:15:48.000Z,1
2019-11-16T12:27:33.000Z,1
2019-11-16T12:32:16.000Z,1
2019-11-16T12:34:21.000Z,1
2019-11-16T12:35:51.000Z,1
2019-11-16T12:37:07.000Z,1
2019-11-16T12:39:57.000Z,1
2019-11-16T13:26:39.000Z,1
2019-11-16T13:39:54.000Z,1
2019-11-16T13:55:50.000Z,1
2019-11-16T14:08:40.000Z,1
2019-11-16T14:22:19.000Z,1
2019-11-16T14:22:46.000Z,1
2019-11-16T14:27:12.000Z,1
2019-11-16T14:46:29.000Z,1
2019-11-16T15:06:40.000Z,2
2019-11-16T15:52:51.000Z,1
2019-11-16T19:38:33.000Z,1
2019-11-16T21:19:15.000Z,1
2019-11-16T22:35:16.000Z,1
2019-11-16T23:09:48.000Z,1
2019-11-17T00:18:53.000Z,1
2019-11-17T09:07:09.000Z,1
2019-11-17T10:25:03.000Z,1
2019-11-17T10:43:18.000Z,1
2019-11-17T11:33:28.000Z,1
2019-11-17T11:41:18.000Z,1
2019-11-17T13:14:35.000Z,1
2019-11-17T13:19:47.000Z,1
2019-11-17T13:31:53.000Z,1
2019-11-17T15:06:39.000Z,1
2019-11-17T16:15:15.000Z,1
2019-11-17T16:40:03.000Z,1
2019-11-17T17:00:41.000Z,1
2019-11-17T17:07:49.000Z,1
2019-11-17T17:22:34.000Z,1
2019-11-17T17:22:40.000Z,1
2019-11-17T18:42:36.000Z,1
2019-11-17T18:56:54.000Z,1
2019-11-17T19:51:39.000Z,1
2019-11-18T05:02:08.000Z,1
2019-11-18T05:17:46.000Z,1
2019-11-18T06:40:05.000Z,1
2019-11-18T06:56:08.000Z,1
2019-11-18T07:10:49.000Z,1
2019-11-18T07:22:14.000Z,1
2019-11-18T07:41:24.000Z,2
2019-11-18T07:48:00.000Z,1
2019-11-18T07:52:49.000Z,1
2019-11-18T07:57:58.000Z,1
2019-11-18T07:58:46.000Z,1
2019-11-18T09:11:07.000Z,1
2019-11-18T09:33:56.000Z,1
2019-11-18T10:58:05.000Z,1
2019-11-18T11:47:41.000Z,1
2019-11-18T12:17:15.000Z,1
2019-11-18T12:39:58.000Z,1
2019-11-18T12:44:00.000Z,1
2019-11-18T13:36:42.000Z,1
2019-11-18T14:47:31.000Z,1
2019-11-18T15:32:59.000Z,1
2019-11-18T15:33:55.000Z,1
2019-11-18T16:11:58.000Z,1
2019-11-18T16:48:48.000Z,1
2019-11-18T16:54:41.000Z,1
2019-11-18T16:59:12.000Z,2
2019-11-18T17:00:29.000Z,1
2019-11-18T17:13:27.000Z,1
2019-11-18T17:15:12.000Z,1
2019-11-18T17:30:49.000Z,1
2019-11-18T17:35:02.000Z,1
2019-11-18T17:47:02.000Z,1
2019-11-18T17:52:34.000Z,1
2019-11-18T18:07:30.000Z,2
2019-11-18T19:51:44.000Z,1
2019-11-18T20:30:07.000Z,1
2019-11-18T20:41:18.000Z,1
2019-11-18T23:36:02.000Z,1
2019-11-19T05:09:25.000Z,1
2019-11-19T05:41:12.000Z,1
2019-11-19T06:18:22.000Z,1
2019-11-19T06:57:03.000Z,1
2019-11-19T07:09:09.000Z,1
2019-11-19T07:13:58.000Z,1
2019-11-19T07:15:49.000Z,1
2019-11-19T08:35:42.000Z,1
2019-11-19T09:08:57.000Z,1
2019-11-19T09:12:11.000Z,1
2019-11-19T10:51:27.000Z,1
2019-11-19T12:22:17.000Z,1
2019-11-19T12:39:10.000Z,1
2019-11-19T12:43:48.000Z,1
2019-11-19T13:07:00.000Z,1
2019-11-19T13:24:20.000Z,1
2019-11-19T15:23:38.000Z,1
2019-11-19T15:46:44.000Z,1
2019-11-19T15:51:18.000Z,1
2019-11-19T16:39:33.000Z,1
2019-11-19T16:47:10.000Z,2
2019-11-19T16:50:16.000Z,1
2019-11-19T17:02:01.000Z,1
2019-11-19T17:06:07.000Z,1
2019-11-19T17:21:05.000Z,1
2019-11-19T17:22:24.000Z,1
2019-11-19T17:55:43.000Z,1
2019-11-19T18:08:19.000Z,2
2019-11-19T18:14:17.000Z,1
2019-11-19T19:53:18.000Z,1
2019-11-19T20:03:34.000Z,1
2019-11-19T20:11:08.000Z,1
2019-11-08T05:50:53.000Z,1
2019-11-08T06:24:57.000Z,1
2019-11-08T06:38:22.000Z,1
2019-11-08T07:01:02.000Z,1
2019-11-08T07:08:38.000Z,1
2019-11-08T07:22:31.000Z,1
2019-11-08T08:06:44.000Z,1
2019-11-08T08:10:28.000Z,1
2019-11-08T08:19:32.000Z,1
2019-11-08T08:21:15.000Z,1
2019-11-08T08:23:39.000Z,2
2019-11-08T08:59:18.000Z,1
2019-11-08T09:48:36.000Z,1
2019-11-08T11:48:21.000Z,1
2019-11-08T17:09:00.000Z,1
2019-11-08T17:45:05.000Z,1
2019-11-08T18:02:56.000Z,1
2019-11-08T18:21:38.000Z,1
2019-11-08T20:02:33.000Z,1
2019-11-08T20:19:52.000Z,1
2019-11-09T16:25:37.000Z,1
2019-11-08T11:54:47.000Z,1
2019-11-08T12:20:11.000Z,1
2019-11-08T13:04:54.000Z,1
2019-11-08T15:24:50.000Z,1
2019-11-08T16:30:42.000Z,1
2019-11-08T17:00:14.000Z,1
2019-11-08T20:12:37.000Z,1
2019-11-09T07:17:43.000Z,1
2019-11-09T08:17:57.000Z,1
2019-11-09T09:23:06.000Z,1
2019-11-09T09:47:28.000Z,1
2019-11-09T12:29:16.000Z,1
2019-11-09T12:41:58.000Z,1
2019-11-09T13:45:40.000Z,1
2019-11-09T13:45:43.000Z,1
2019-11-09T13:46:27.000Z,1
2019-11-09T14:04:39.000Z,1
2019-11-09T14:06:54.000Z,1
2019-11-09T14:22:14.000Z,1
2019-11-09T14:40:59.000Z,1
2019-11-09T15:37:51.000Z,2
2019-11-09T15:39:43.000Z,1
2019-11-09T15:46:01.000Z,1
2019-11-09T16:11:53.000Z,1
2019-11-09T17:15:26.000Z,1
2019-11-09T17:52:40.000Z,1
2019-11-09T18:04:37.000Z,1
2019-11-09T18:52:15.000Z,1
2019-11-09T19:13:08.000Z,1
2019-11-09T19:44:10.000Z,1
2019-11-09T20:20:13.000Z,1
2019-11-09T23:22:15.000Z,1
2019-11-10T06:46:59.000Z,1
2019-11-10T08:47:37.000Z,1
2019-11-10T09:57:14.000Z,1
2019-11-10T10:14:11.000Z,1
2019-11-10T10:20:13.000Z,1
2019-11-10T10:46:56.000Z,1
2019-11-10T10:47:57.000Z,1
2019-11-10T10:57:09.000Z,1
2019-11-10T11:06:40.000Z,1
2019-11-10T12:03:09.000Z,1
2019-11-10T12:24:11.000Z,1
2019-11-10T13:13:56.000Z,1
2019-11-10T13:32:25.000Z,1
2019-11-10T13:41:44.000Z,1
2019-11-10T15:07:09.000Z,1
2019-11-10T15:33:56.000Z,1
2019-11-10T15:45:08.000Z,1
2019-11-10T16:39:57.000Z,1
2019-11-10T17:24:05.000Z,1
2019-11-10T17:42:55.000Z,1
2019-11-10T17:50:11.000Z,1
2019-11-10T18:31:16.000Z,1
2019-11-10T18:45:42.000Z,1
2019-11-10T18:49:35.000Z,1
2019-11-11T06:21:18.000Z,1
2019-11-11T06:25:04.000Z,1
2019-11-11T07:19:09.000Z,1
2019-11-11T07:59:05.000Z,1
2019-11-11T11:10:03.000Z,1
2019-11-11T13:31:13.000Z,1
2019-11-11T15:12:17.000Z,1
2019-11-11T18:02:44.000Z,1
2019-11-11T18:06:17.000Z,1
2019-11-11T18:14:07.000Z,1
2019-11-11T19:19:25.000Z,1
2019-11-11T21:03:30.000Z,1
2019-11-12T05:59:22.000Z,1
2019-11-12T06:16:42.000Z,1
2019-11-12T08:06:34.000Z,1
2019-11-12T08:20:25.000Z,1
2019-11-12T08:27:32.000Z,1
2019-11-12T09:33:20.000Z,1
2019-11-12T13:34:28.000Z,1
2019-11-12T13:35:09.000Z,1
2019-11-12T15:09:51.000Z,1
2019-11-12T16:59:45.000Z,2
2019-11-12T17:03:49.000Z,1
2019-11-12T18:09:00.000Z,1
2019-11-12T19:09:52.000Z,1
2019-11-12T20:48:41.000Z,1
2019-11-12T21:30:10.000Z,1
2019-11-13T06:21:40.000Z,1
2019-11-13T07:03:13.000Z,1
2019-11-13T08:06:41.000Z,1
2019-11-13T08:16:18.000Z,1
2019-11-13T08:44:46.000Z,1
2019-11-13T09:42:36.000Z,1
2019-11-13T09:43:01.000Z,1
2019-11-13T09:54:16.000Z,1
2019-11-13T11:49:27.000Z,1
2019-11-13T14:48:22.000Z,1
2019-11-13T15:06:36.000Z,1
2019-11-13T15:59:05.000Z,1
2019-11-13T16:56:19.000Z,1
2019-11-13T17:09:58.000Z,1
2019-11-13T17:12:54.000Z,1
2019-11-13T17:21:24.000Z,1
2019-11-13T17:29:40.000Z,3
2019-11-13T18:43:29.000Z,1
2019-11-13T18:50:22.000Z,1
2019-11-14T06:21:11.000Z,1
2019-11-14T07:16:38.000Z,1
2019-11-14T07:33:08.000Z,1
2019-11-14T07:43:28.000Z,1
2019-11-14T07:45:47.000Z,1
2019-11-14T07:55:57.000Z,1
2019-11-14T08:04:57.000Z,1
2019-11-14T08:14:36.000Z,1
2019-11-14T08:28:13.000Z,1
2019-11-14T08:50:31.000Z,1
2019-11-14T09:04:56.000Z,1
2019-11-14T09:52:19.000Z,1
2019-11-14T11:08:25.000Z,1
2019-11-14T12:07:16.000Z,1
2019-11-14T14:02:45.000Z,1
2019-11-14T14:25:34.000Z,1
2019-11-14T16:05:52.000Z,1
2019-11-14T16:07:01.000Z,1
2019-11-14T16:30:54.000Z,1
2019-11-14T16:57:28.000Z,1
2019-11-14T17:40:28.000Z,1
2019-11-14T17:43:34.000Z,1
2019-11-14T18:03:47.000Z,1
2019-11-14T18:18:55.000Z,1
2019-11-14T18:21:03.000Z,1
2019-11-14T18:56:34.000Z,1
2019-11-14T19:01:30.000Z,1
2019-11-14T19:05:47.000Z,1
2019-11-14T22:45:17.000Z,1
2019-11-15T07:23:43.000Z,1
2019-11-15T07:34:57.000Z,1
2019-11-15T07:47:09.000Z,2
2019-11-15T08:24:46.000Z,1
2019-11-15T08:41:12.000Z,1
2019-11-15T10:40:41.000Z,1
2019-11-15T10:40:55.000Z,1
2019-11-15T12:15:17.000Z,1
2019-11-15T12:56:30.000Z,1
2019-11-15T13:50:05.000Z,1
2019-11-15T16:07:30.000Z,1
2019-11-15T16:28:59.000Z,1
2019-11-15T17:15:35.000Z,1
2019-11-15T17:15:53.000Z,1
2019-11-15T17:16:22.000Z,1
2019-11-15T17:24:56.000Z,1
2019-11-15T17:41:02.000Z,1
2019-11-15T17:45:20.000Z,1
2019-11-15T19:19:43.000Z,1
2019-11-15T22:12:05.000Z,1
2019-11-16T02:04:21.000Z,1
2019-11-16T07:42:51.000Z,1
2019-11-16T08:46:34.000Z,1
2019-11-16T10:02:22.000Z,1
2019-11-16T10:46:37.000Z,1
2019-11-16T10:50:39.000Z,1
2019-11-16T12:17:27.000Z,1
2019-11-16T12:31:24.000Z,1
2019-11-16T13:04:00.000Z,2
2019-11-16T13:32:21.000Z,1
2019-11-16T13:35:00.000Z,1
2019-11-16T14:10:46.000Z,1
2019-11-16T14:12:38.000Z,1
2019-11-16T14:21:38.000Z,1
2019-11-16T15:16:11.000Z,1
2019-11-16T16:59:54.000Z,1
2019-11-16T17:24:12.000Z,1
2019-11-16T19:24:59.000Z,1
2019-11-16T20:26:24.000Z,1
2019-11-16T22:36:44.000Z,1
2019-11-17T00:07:38.000Z,1
2019-11-17T00:16:32.000Z,1
2019-11-17T05:03:37.000Z,1
2019-11-17T08:00:51.000Z,1
2019-11-17T09:54:34.000Z,1
2019-11-17T10:27:41.000Z,1
2019-11-17T10:37:17.000Z,1
2019-11-17T11:16:49.000Z,1
2019-11-17T11:50:51.000Z,1
2019-11-17T12:10:13.000Z,1
2019-11-17T12:10:33.000Z,1
2019-11-17T14:11:46.000Z,1
2019-11-17T14:13:05.000Z,1
2019-11-17T16:11:20.000Z,1
2019-11-17T19:20:13.000Z,1
2019-11-17T19:39:35.000Z,1
2019-11-17T23:47:50.000Z,1
2019-11-18T05:07:06.000Z,1
2019-11-18T06:34:12.000Z,1
2019-11-18T06:51:36.000Z,1
2019-11-18T07:35:37.000Z,1
2019-11-18T07:51:37.000Z,1
2019-11-18T07:55:01.000Z,1
2019-11-18T07:59:16.000Z,1
2019-11-18T08:12:58.000Z,1
2019-11-18T08:13:01.000Z,1
2019-11-18T08:18:09.000Z,1
2019-11-18T08:29:34.000Z,2
2019-11-18T08:30:41.000Z,1
2019-11-18T08:33:18.000Z,1
2019-11-18T08:33:23.000Z,1
2019-11-18T08:36:52.000Z,1
2019-11-18T10:19:42.000Z,1
2019-11-18T10:38:17.000Z,1
2019-11-18T12:30:30.000Z,1
2019-11-18T13:11:25.000Z,1
2019-11-18T14:27:13.000Z,1
2019-11-18T15:44:32.000Z,1
2019-11-18T15:45:37.000Z,1
2019-11-18T16:10:55.000Z,1
2019-11-18T16:25:39.000Z,1
2019-11-18T16:28:20.000Z,1
2019-11-18T16:33:47.000Z,1
2019-11-18T16:35:01.000Z,1
2019-11-18T17:22:14.000Z,2
2019-11-18T17:48:04.000Z,2
2019-11-18T17:51:13.000Z,1
2019-11-18T17:56:24.000Z,2
2019-11-18T18:27:55.000Z,1
2019-11-18T18:36:41.000Z,1
2019-11-18T18:39:19.000Z,1
2019-11-18T19:20:56.000Z,1
2019-11-18T21:37:54.000Z,1
2019-11-18T21:55:38.000Z,1
2019-11-19T05:32:33.000Z,1
2019-11-19T06:03:52.000Z,1
2019-11-19T06:28:08.000Z,1
2019-11-19T06:51:08.000Z,2
2019-11-19T07:03:02.000Z,1
2019-11-19T07:12:31.000Z,1
2019-11-19T08:45:40.000Z,1
2019-11-19T09:07:52.000Z,1
2019-11-19T09:31:53.000Z,1
2019-11-19T09:44:01.000Z,1
2019-11-19T09:56:29.000Z,1
2019-11-19T10:19:47.000Z,2
2019-11-19T10:27:46.000Z,1
2019-11-19T11:40:03.000Z,1
2019-11-19T12:10:35.000Z,1
2019-11-19T12:57:31.000Z,1
2019-11-19T13:42:28.000Z,1
2019-11-19T15:37:28.000Z,1
2019-11-19T16:19:57.000Z,1
2019-11-19T16:22:21.000Z,1
2019-11-19T16:58:24.000Z,1
2019-11-19T17:18:26.000Z,2
2019-11-19T17:20:11.000Z,1
2019-11-19T17:34:10.000Z,1
2019-11-19T17:47:01.000Z,1
2019-11-19T18:54:04.000Z,1
2019-11-19T20:07:23.000Z,1
2019-11-08T07:08:50.000Z,1
2019-11-08T07:15:01.000Z,1
2019-11-08T07:25:28.000Z,1
2019-11-08T07:28:22.000Z,1
2019-11-08T07:53:42.000Z,2
2019-11-08T08:10:46.000Z,1
2019-11-08T08:18:15.000Z,1
2019-11-08T08:23:51.000Z,1
2019-11-08T08:36:26.000Z,1
2019-11-08T08:48:18.000Z,1
2019-11-08T15:24:18.000Z,1
2019-11-08T17:22:26.000Z,2
2019-11-08T20:41:07.000Z,1
2019-11-09T00:31:58.000Z,1
2019-11-09T10:31:09.000Z,1
2019-11-09T16:39:32.000Z,1
2019-11-12T08:56:04.000Z,1
2019-11-08T12:09:05.000Z,1
2019-11-08T13:03:55.000Z,1
2019-11-08T15:54:38.000Z,1
2019-11-08T16:19:08.000Z,1
2019-11-08T16:22:58.000Z,1
2019-11-08T16:29:01.000Z,2
2019-11-08T16:31:21.000Z,1
2019-11-08T17:31:28.000Z,1
2019-11-08T17:46:41.000Z,1
2019-11-08T18:53:57.000Z,1
2019-11-08T19:35:14.000Z,1
2019-11-09T00:37:21.000Z,1
2019-11-09T00:43:18.000Z,1
2019-11-09T01:29:26.000Z,1
2019-11-09T08:52:56.000Z,1
2019-11-09T09:51:46.000Z,1
2019-11-09T10:56:50.000Z,1
2019-11-09T12:15:32.000Z,1
2019-11-09T13:06:46.000Z,1
2019-11-09T14:49:56.000Z,1
2019-11-09T14:57:24.000Z,1
2019-11-09T15:25:50.000Z,1
2019-11-09T15:50:31.000Z,1
2019-11-09T15:52:01.000Z,1
2019-11-09T16:20:40.000Z,1
2019-11-09T16:56:25.000Z,1
2019-11-09T18:06:42.000Z,1
2019-11-09T18:07:18.000Z,2
2019-11-09T18:54:50.000Z,1
2019-11-09T19:13:15.000Z,1
2019-11-09T21:29:54.000Z,1
2019-11-10T02:17:08.000Z,1
2019-11-10T09:09:47.000Z,1
2019-11-10T09:39:22.000Z,1
2019-11-10T10:43:36.000Z,1
2019-11-10T10:50:34.000Z,1
2019-11-10T11:04:33.000Z,1
2019-11-10T11:44:39.000Z,1
2019-11-10T11:55:23.000Z,1
2019-11-10T12:38:03.000Z,1
2019-11-10T14:15:19.000Z,2
2019-11-10T14:21:10.000Z,1
2019-11-10T14:50:39.000Z,1
2019-11-10T15:08:37.000Z,1
2019-11-10T15:33:43.000Z,1
2019-11-10T16:05:56.000Z,1
2019-11-10T18:10:55.000Z,1
2019-11-10T18:45:13.000Z,1
2019-11-10T18:55:56.000Z,1
2019-11-10T19:15:48.000Z,1
2019-11-10T20:54:59.000Z,1
2019-11-10T22:21:35.000Z,1
2019-11-11T06:49:12.000Z,1
2019-11-11T07:38:53.000Z,1
2019-11-11T08:11:58.000Z,1
2019-11-11T08:44:53.000Z,1
2019-11-11T11:57:51.000Z,1
2019-11-11T12:50:45.000Z,1
2019-11-11T17:07:04.000Z,1
2019-11-11T17:22:08.000Z,1
2019-11-11T18:05:19.000Z,1
2019-11-11T18:24:17.000Z,1
2019-11-11T19:38:44.000Z,1
2019-11-11T20:07:07.000Z,1
2019-11-12T06:50:44.000Z,1
2019-11-12T07:03:55.000Z,1
2019-11-12T07:06:38.000Z,1
2019-11-12T07:46:57.000Z,1
2019-11-12T08:11:43.000Z,1
2019-11-12T08:16:32.000Z,1
2019-11-12T08:44:53.000Z,2
2019-11-12T08:45:21.000Z,1
2019-11-12T09:52:10.000Z,1
2019-11-12T11:22:58.000Z,1
2019-11-12T11:36:14.000Z,1
2019-11-12T11:59:42.000Z,1
2019-11-12T12:40:44.000Z,1
2019-11-12T15:47:42.000Z,1
2019-11-12T16:28:22.000Z,1
2019-11-12T17:17:32.000Z,1
2019-11-12T17:31:06.000Z,1
2019-11-12T17:46:22.000Z,1
2019-11-12T18:10:04.000Z,2
2019-11-12T22:22:02.000Z,1
2019-11-13T05:29:17.000Z,1
2019-11-13T05:52:20.000Z,1
2019-11-13T06:30:52.000Z,1
2019-11-13T07:12:59.000Z,1
2019-11-13T07:16:35.000Z,1
2019-11-13T07:46:51.000Z,1
2019-11-13T08:01:29.000Z,1
2019-11-13T08:24:19.000Z,1
2019-11-13T08:24:38.000Z,1
2019-11-13T09:04:14.000Z,1
2019-11-13T09:05:35.000Z,1
2019-11-13T09:13:08.000Z,1
2019-11-13T09:40:23.000Z,1
2019-11-13T10:27:52.000Z,1
2019-11-13T11:15:04.000Z,1
2019-11-13T17:15:45.000Z,1
2019-11-13T17:33:40.000Z,1
2019-11-13T17:49:12.000Z,1
2019-11-13T17:50:59.000Z,1
2019-11-13T18:10:29.000Z,1
2019-11-13T18:24:24.000Z,1
2019-11-13T23:06:14.000Z,1
2019-11-14T01:40:51.000Z,1
2019-11-14T04:01:24.000Z,1
2019-11-14T06:55:50.000Z,1
2019-11-14T07:01:53.000Z,1
2019-11-14T07:16:43.000Z,1
2019-11-14T07:37:13.000Z,1
2019-11-14T07:53:40.000Z,1
2019-11-14T08:11:38.000Z,1
2019-11-14T08:18:44.000Z,2
2019-11-14T08:19:23.000Z,1
2019-11-14T08:22:18.000Z,1
2019-11-14T08:35:31.000Z,1
2019-11-14T08:43:30.000Z,1
2019-11-14T08:54:16.000Z,1
2019-11-14T11:02:12.000Z,1
2019-11-14T11:45:58.000Z,1
2019-11-14T12:10:08.000Z,1
2019-11-14T12:37:46.000Z,2
2019-11-14T13:25:09.000Z,1
2019-11-14T14:14:31.000Z,1
2019-11-14T14:56:39.000Z,1
2019-11-14T16:50:17.000Z,1
2019-11-14T16:54:58.000Z,1
2019-11-14T17:23:41.000Z,1
2019-11-14T17:24:12.000Z,1
2019-11-14T17:25:33.000Z,1
2019-11-14T17:34:34.000Z,1
2019-11-14T17:55:07.000Z,1
2019-11-14T18:13:41.000Z,1
2019-11-14T18:17:45.000Z,1
2019-11-14T18:50:12.000Z,1
2019-11-14T19:05:52.000Z,1
2019-11-14T19:55:07.000Z,1
2019-11-14T21:41:23.000Z,1
2019-11-14T21:51:27.000Z,1
2019-11-14T21:52:32.000Z,1
2019-11-14T22:00:43.000Z,1
2019-11-14T23:23:42.000Z,1
2019-11-15T06:38:44.000Z,1
2019-11-15T06:41:06.000Z,1
2019-11-15T06:47:48.000Z,1
2019-11-15T07:06:07.000Z,1
2019-11-15T07:11:20.000Z,1
2019-11-15T07:11:45.000Z,1
2019-11-15T07:56:02.000Z,2
2019-11-15T08:10:20.000Z,1
2019-11-15T08:14:49.000Z,1
2019-11-15T08:18:25.000Z,1
2019-11-15T08:22:00.000Z,1
2019-11-15T08:29:53.000Z,1
2019-11-15T08:39:22.000Z,1
2019-11-15T08:44:42.000Z,1
2019-11-15T10:45:13.000Z,1
2019-11-15T11:32:54.000Z,1
2019-11-15T11:46:23.000Z,1
2019-11-15T13:08:48.000Z,1
2019-11-15T13:09:55.000Z,1
2019-11-15T13:45:56.000Z,1
2019-11-15T14:27:44.000Z,1
2019-11-15T14:42:33.000Z,1
2019-11-15T15:11:03.000Z,1
2019-11-15T15:26:01.000Z,1
2019-11-15T15:30:16.000Z,1
2019-11-15T15:55:52.000Z,1
2019-11-15T16:04:47.000Z,1
2019-11-15T16:44:24.000Z,1
2019-11-15T16:45:51.000Z,1
2019-11-15T17:08:40.000Z,1
2019-11-15T17:19:15.000Z,1
2019-11-15T17:47:08.000Z,1
2019-11-15T17:57:56.000Z,1
2019-11-15T18:25:42.000Z,1
2019-11-15T19:03:41.000Z,1
2019-11-15T20:07:55.000Z,1
2019-11-15T20:24:22.000Z,1
2019-11-15T20:42:25.000Z,1
2019-11-16T02:01:40.000Z,1
2019-11-16T08:39:22.000Z,1
2019-11-16T08:44:42.000Z,1
2019-11-16T10:17:18.000Z,1
2019-11-16T10:48:26.000Z,1
2019-11-16T11:22:02.000Z,1
2019-11-16T11:42:43.000Z,1
2019-11-16T12:33:40.000Z,1
2019-11-16T12:45:46.000Z,1
2019-11-16T13:04:02.000Z,1
2019-11-16T13:11:08.000Z,1
2019-11-16T14:10:13.000Z,1
2019-11-16T14:36:02.000Z,1
2019-11-16T14:47:28.000Z,1
2019-11-16T15:24:03.000Z,1
2019-11-16T15:33:17.000Z,1
2019-11-16T15:48:09.000Z,1
2019-11-16T15:50:31.000Z,1
2019-11-16T18:51:06.000Z,1
2019-11-16T19:31:59.000Z,1
2019-11-16T19:42:39.000Z,1
2019-11-16T21:28:06.000Z,1
2019-11-17T06:59:42.000Z,1
2019-11-17T10:22:36.000Z,1
2019-11-17T10:32:21.000Z,1
2019-11-17T11:50:32.000Z,1
2019-11-17T11:56:28.000Z,1
2019-11-17T11:59:03.000Z,1
2019-11-17T12:01:43.000Z,1
2019-11-17T12:42:53.000Z,1
2019-11-17T12:43:21.000Z,1
2019-11-17T14:27:56.000Z,1
2019-11-17T14:46:14.000Z,1
2019-11-17T16:17:52.000Z,1
2019-11-17T17:00:00.000Z,1
2019-11-17T22:30:22.000Z,1
2019-11-18T05:35:18.000Z,1
2019-11-18T06:35:46.000Z,1
2019-11-18T07:06:22.000Z,1
2019-11-18T08:19:56.000Z,1
2019-11-18T08:42:04.000Z,1
2019-11-18T08:43:31.000Z,1
2019-11-18T09:31:41.000Z,1
2019-11-18T12:15:43.000Z,1
2019-11-18T12:18:20.000Z,1
2019-11-18T12:21:36.000Z,1
2019-11-18T12:27:33.000Z,1
2019-11-18T12:48:21.000Z,1
2019-11-18T13:02:24.000Z,1
2019-11-18T14:54:13.000Z,1
2019-11-18T15:05:25.000Z,1
2019-11-18T15:46:16.000Z,1
2019-11-18T15:58:58.000Z,1
2019-11-18T16:53:52.000Z,1
2019-11-18T17:10:44.000Z,1
2019-11-18T17:15:47.000Z,1
2019-11-18T17:40:36.000Z,1
2019-11-18T17:41:48.000Z,1
2019-11-18T18:09:49.000Z,1
2019-11-18T18:10:14.000Z,1
2019-11-18T18:12:11.000Z,1
2019-11-18T18:17:39.000Z,1
2019-11-18T18:21:06.000Z,1
2019-11-18T18:21:19.000Z,1
2019-11-18T18:33:57.000Z,1
2019-11-18T19:08:42.000Z,1
2019-11-18T19:42:54.000Z,1
2019-11-18T21:22:45.000Z,1
2019-11-18T21:28:18.000Z,1
2019-11-18T22:30:03.000Z,1
2019-11-19T03:11:16.000Z,1
2019-11-19T05:42:14.000Z,1
2019-11-19T06:15:58.000Z,1
2019-11-19T06:39:09.000Z,1
2019-11-19T06:46:37.000Z,1
2019-11-19T07:07:44.000Z,1
2019-11-19T07:13:05.000Z,1
2019-11-19T07:20:27.000Z,1
2019-11-19T07:41:56.000Z,1
2019-11-19T07:47:44.000Z,1
2019-11-19T07:55:01.000Z,2
2019-11-19T08:04:48.000Z,1
2019-11-19T08:05:28.000Z,1
2019-11-19T08:23:37.000Z,1
2019-11-19T08:28:12.000Z,2
2019-11-19T08:38:30.000Z,1
2019-11-19T09:14:08.000Z,1
2019-11-19T09:48:27.000Z,1
2019-11-19T12:22:47.000Z,1
2019-11-19T14:19:48.000Z,1
2019-11-19T14:46:01.000Z,1
2019-11-19T14:53:16.000Z,1
2019-11-19T15:04:09.000Z,1
2019-11-19T15:24:52.000Z,1
2019-11-19T15:33:26.000Z,1
2019-11-19T16:46:01.000Z,1
2019-11-19T17:08:52.000Z,1
2019-11-19T17:22:09.000Z,1
2019-11-19T17:22:44.000Z,1
2019-11-19T17:42:43.000Z,1
2019-11-19T17:43:03.000Z,1
2019-11-19T18:40:47.000Z,1
2019-11-19T18:50:30.000Z,1
2019-11-19T18:51:35.000Z,1
2019-11-19T19:43:25.000Z,1
2019-11-19T20:46:38.000Z,1
2019-11-19T22:18:54.000Z,1
2019-11-19T22:28:49.000Z,1
2019-11-08T07:20:58.000Z,1
2019-11-08T07:26:54.000Z,1
2019-11-08T07:31:51.000Z,1
2019-11-08T08:06:40.000Z,1
2019-11-08T08:07:59.000Z,1
2019-11-08T08:51:53.000Z,1
2019-11-08T09:04:03.000Z,2
2019-11-08T09:20:56.000Z,1
2019-11-08T09:31:37.000Z,1
2019-11-08T09:48:42.000Z,1
2019-11-08T09:56:25.000Z,1
2019-11-08T10:20:39.000Z,1
2019-11-08T11:26:07.000Z,1
2019-11-08T12:41:55.000Z,1
2019-11-08T13:59:14.000Z,1
2019-11-08T14:07:09.000Z,1
2019-11-08T14:27:29.000Z,1
2019-11-08T15:07:47.000Z,1
2019-11-08T16:45:46.000Z,1
2019-11-08T16:47:30.000Z,1
2019-11-08T17:49:01.000Z,1
2019-11-08T19:23:53.000Z,1
2019-11-08T21:33:25.000Z,1
2019-11-09T12:51:12.000Z,1
2019-11-10T00:21:29.000Z,1
2019-11-10T06:47:17.000Z,1
2019-11-08T12:27:39.000Z,1
2019-11-08T15:36:13.000Z,1
2019-11-08T16:17:48.000Z,1
2019-11-08T16:30:43.000Z,1
2019-11-08T16:53:42.000Z,1
2019-11-08T17:01:49.000Z,1
2019-11-08T17:25:53.000Z,1
2019-11-08T17:53:49.000Z,1
2019-11-08T19:14:48.000Z,1
2019-11-08T23:08:36.000Z,1
2019-11-09T00:41:00.000Z,2
2019-11-09T08:31:55.000Z,1
2019-11-09T09:36:02.000Z,1
2019-11-09T10:31:46.000Z,1
2019-11-09T11:19:03.000Z,1
2019-11-09T11:39:59.000Z,1
2019-11-09T11:42:20.000Z,1
2019-11-09T12:09:16.000Z,1
2019-11-09T12:40:00.000Z,1
2019-11-09T12:44:26.000Z,1
2019-11-09T13:15:28.000Z,1
2019-11-09T14:19:04.000Z,1
2019-11-09T14:21:09.000Z,1
2019-11-09T14:49:55.000Z,1
2019-11-09T15:12:36.000Z,1
2019-11-09T15:58:55.000Z,1
2019-11-09T18:04:07.000Z,1
2019-11-09T18:52:58.000Z,1
2019-11-09T20:01:58.000Z,1
2019-11-09T20:40:58.000Z,1
2019-11-09T22:31:16.000Z,1
2019-11-09T22:54:03.000Z,1
2019-11-09T22:55:44.000Z,1
2019-11-09T23:00:39.000Z,1
2019-11-10T08:03:53.000Z,1
2019-11-10T11:04:49.000Z,1
2019-11-10T11:52:57.000Z,1
2019-11-10T12:22:14.000Z,1
2019-11-10T14:11:57.000Z,1
2019-11-10T15:58:26.000Z,1
2019-11-10T16:00:06.000Z,2
2019-11-10T16:11:39.000Z,1
2019-11-10T16:45:54.000Z,1
2019-11-10T17:25:34.000Z,1
2019-11-10T18:00:45.000Z,1
2019-11-10T18:02:33.000Z,1
2019-11-10T19:23:20.000Z,1
2019-11-10T19:30:27.000Z,1
2019-11-10T19:58:55.000Z,1
2019-11-11T01:15:57.000Z,1
2019-11-11T07:39:43.000Z,1
2019-11-11T08:11:25.000Z,1
2019-11-11T13:43:04.000Z,1
2019-11-11T13:57:17.000Z,1
2019-11-11T15:22:05.000Z,1
2019-11-11T16:22:43.000Z,1
2019-11-11T17:13:57.000Z,2
2019-11-11T17:52:57.000Z,1
2019-11-11T17:57:40.000Z,1
2019-11-11T19:13:33.000Z,1
2019-11-11T19:57:49.000Z,1
2019-11-11T20:23:48.000Z,1
2019-11-11T21:26:58.000Z,1
2019-11-12T06:19:14.000Z,1
2019-11-12T06:37:32.000Z,1
2019-11-12T06:50:04.000Z,1
2019-11-12T08:02:03.000Z,1
2019-11-12T08:34:53.000Z,1
2019-11-12T11:38:44.000Z,1
2019-11-12T11:55:17.000Z,1
2019-11-12T12:04:11.000Z,1
2019-11-12T12:22:36.000Z,1
2019-11-12T13:53:26.000Z,1
2019-11-12T14:15:44.000Z,1
2019-11-12T16:43:02.000Z,1
2019-11-12T16:50:35.000Z,1
2019-11-12T17:32:42.000Z,2
2019-11-12T17:52:51.000Z,1
2019-11-12T18:57:37.000Z,1
2019-11-13T06:43:38.000Z,1
2019-11-13T07:05:22.000Z,1
2019-11-13T07:17:45.000Z,1
2019-11-13T07:58:21.000Z,1
2019-11-13T08:19:27.000Z,1
2019-11-13T09:03:13.000Z,1
2019-11-13T09:29:54.000Z,1
2019-11-13T14:21:11.000Z,1
2019-11-13T15:28:34.000Z,1
2019-11-13T16:42:38.000Z,1
2019-11-13T17:13:37.000Z,1
2019-11-13T18:13:37.000Z,1
2019-11-13T18:23:49.000Z,1
2019-11-13T18:56:59.000Z,1
2019-11-13T19:57:48.000Z,1
2019-11-13T20:28:00.000Z,1
2019-11-14T05:25:54.000Z,1
2019-11-14T06:05:52.000Z,1
2019-11-14T07:20:39.000Z,1
2019-11-14T07:27:17.000Z,1
2019-11-14T07:43:19.000Z,1
2019-11-14T08:04:21.000Z,1
2019-11-14T11:01:35.000Z,1
2019-11-14T12:20:13.000Z,1
2019-11-14T12:39:34.000Z,1
2019-11-14T13:06:31.000Z,1
2019-11-14T13:14:02.000Z,1
2019-11-14T13:49:13.000Z,1
2019-11-14T14:04:53.000Z,1
2019-11-14T14:49:15.000Z,1
2019-11-14T15:21:32.000Z,1
2019-11-14T15:54:06.000Z,1
2019-11-14T16:30:36.000Z,1
2019-11-14T16:45:01.000Z,1
2019-11-14T16:54:43.000Z,1
2019-11-14T16:59:00.000Z,1
2019-11-14T17:21:00.000Z,1
2019-11-14T17:41:23.000Z,1
2019-11-14T18:13:53.000Z,1
2019-11-14T18:16:41.000Z,1
2019-11-14T19:00:42.000Z,1
2019-11-14T19:14:26.000Z,1
2019-11-14T19:17:35.000Z,1
2019-11-14T19:53:16.000Z,1
2019-11-15T06:29:17.000Z,1
2019-11-15T06:55:28.000Z,1
2019-11-15T07:22:47.000Z,1
2019-11-15T08:08:54.000Z,1
2019-11-15T08:25:23.000Z,1
2019-11-15T09:07:01.000Z,1
2019-11-15T09:43:11.000Z,1
2019-11-15T11:19:57.000Z,1
2019-11-15T12:56:14.000Z,1
2019-11-15T13:02:59.000Z,1
2019-11-15T16:21:27.000Z,1
2019-11-15T16:22:13.000Z,1
2019-11-15T16:26:42.000Z,1
2019-11-15T17:12:36.000Z,1
2019-11-15T17:15:42.000Z,2
2019-11-15T17:42:50.000Z,1
2019-11-15T18:44:39.000Z,2
2019-11-15T20:22:20.000Z,1
2019-11-16T00:32:19.000Z,1
2019-11-16T11:38:54.000Z,1
2019-11-16T12:14:18.000Z,1
2019-11-16T12:51:14.000Z,1
2019-11-16T14:29:43.000Z,1
2019-11-16T14:59:39.000Z,1
2019-11-16T16:19:26.000Z,1
2019-11-16T16:47:34.000Z,1
2019-11-16T18:15:33.000Z,1
2019-11-16T18:48:12.000Z,1
2019-11-16T21:41:00.000Z,1
2019-11-16T22:28:34.000Z,1
2019-11-17T00:00:18.000Z,1
2019-11-17T00:39:29.000Z,1
2019-11-17T01:33:55.000Z,1
2019-11-17T02:12:07.000Z,1
2019-11-17T07:58:29.000Z,1
2019-11-17T08:57:20.000Z,1
2019-11-17T10:25:14.000Z,1
2019-11-17T11:38:59.000Z,1
2019-11-17T12:14:41.000Z,1
2019-11-17T12:29:09.000Z,1
2019-11-17T14:16:35.000Z,1
2019-11-17T14:40:53.000Z,1
2019-11-17T14:42:13.000Z,1
2019-11-17T15:19:35.000Z,1
2019-11-17T17:03:47.000Z,1
2019-11-17T18:40:14.000Z,1
2019-11-17T18:42:34.000Z,1
2019-11-17T23:49:40.000Z,1
2019-11-18T04:10:19.000Z,1
2019-11-18T05:40:01.000Z,1
2019-11-18T05:44:22.000Z,1
2019-11-18T07:34:30.000Z,1
2019-11-18T07:41:18.000Z,1
2019-11-18T07:47:31.000Z,1
2019-11-18T08:14:57.000Z,1
2019-11-18T08:36:31.000Z,1
2019-11-18T08:37:18.000Z,2
2019-11-18T08:40:11.000Z,1
2019-11-18T08:50:12.000Z,1
2019-11-18T08:57:06.000Z,1
2019-11-18T09:32:36.000Z,1
2019-11-18T10:50:49.000Z,1
2019-11-18T11:43:24.000Z,1
2019-11-18T12:08:07.000Z,1
2019-11-18T13:21:14.000Z,1
2019-11-18T15:07:49.000Z,1
2019-11-18T15:37:09.000Z,1
2019-11-18T15:39:19.000Z,1
2019-11-18T16:02:12.000Z,1
2019-11-18T16:07:49.000Z,1
2019-11-18T16:26:27.000Z,1
2019-11-18T16:28:34.000Z,2
2019-11-18T16:36:46.000Z,1
2019-11-18T16:48:03.000Z,1
2019-11-18T17:15:06.000Z,1
2019-11-18T17:38:08.000Z,1
2019-11-18T17:56:38.000Z,1
2019-11-18T18:36:15.000Z,1
2019-11-18T18:46:33.000Z,1
2019-11-18T18:56:25.000Z,1
2019-11-18T19:26:15.000Z,1
2019-11-18T20:15:16.000Z,1
2019-11-18T20:35:17.000Z,1
2019-11-18T20:56:54.000Z,1
2019-11-18T21:27:24.000Z,1
2019-11-18T21:34:16.000Z,2
2019-11-18T22:45:23.000Z,1
2019-11-19T05:38:19.000Z,1
2019-11-19T05:39:44.000Z,1
2019-11-19T06:44:24.000Z,1
2019-11-19T07:19:47.000Z,1
2019-11-19T07:40:29.000Z,1
2019-11-19T07:41:12.000Z,1
2019-11-19T07:50:48.000Z,2
2019-11-19T07:54:58.000Z,1
2019-11-19T08:08:44.000Z,2
2019-11-19T08:17:16.000Z,1
2019-11-19T08:35:00.000Z,1
2019-11-19T10:30:40.000Z,1
2019-11-19T11:05:35.000Z,1
2019-11-19T11:20:17.000Z,1
2019-11-19T11:52:30.000Z,1
2019-11-19T12:01:35.000Z,1
2019-11-19T13:00:58.000Z,1
2019-11-19T15:04:13.000Z,1
2019-11-19T15:29:45.000Z,1
2019-11-19T16:21:15.000Z,1
2019-11-19T16:34:11.000Z,1
2019-11-19T16:37:56.000Z,1
2019-11-19T17:00:28.000Z,1
2019-11-19T17:01:05.000Z,1
2019-11-19T17:20:57.000Z,1
2019-11-19T17:36:14.000Z,1
2019-11-19T17:37:20.000Z,3
2019-11-19T18:02:39.000Z,1
2019-11-19T18:09:04.000Z,1
2019-11-19T18:25:44.000Z,1
2019-11-19T19:45:53.000Z,1
2019-11-19T19:54:21.000Z,1
2019-11-19T21:15:00.000Z,1
2019-11-19T21:50:27.000Z,1
2019-11-08T06:09:07.000Z,1
2019-11-08T06:30:31.000Z,1
2019-11-08T06:44:42.000Z,1
2019-11-08T06:45:52.000Z,1
2019-11-08T06:49:04.000Z,1
2019-11-08T07:27:43.000Z,1
2019-11-08T07:46:32.000Z,1
2019-11-08T07:50:25.000Z,1
2019-11-08T07:55:39.000Z,1
2019-11-08T07:57:46.000Z,1
2019-11-08T08:15:08.000Z,1
2019-11-08T08:55:08.000Z,1
2019-11-08T09:18:04.000Z,2
2019-11-08T09:30:32.000Z,1
2019-11-08T11:40:43.000Z,1
2019-11-08T13:04:48.000Z,1
2019-11-08T14:49:27.000Z,1
2019-11-08T16:19:43.000Z,1
2019-11-08T16:26:29.000Z,1
2019-11-08T19:29:26.000Z,1
2019-11-08T19:32:13.000Z,1
2019-11-09T11:11:19.000Z,1
2019-11-09T12:01:35.000Z,1
2019-11-10T10:48:54.000Z,1
2019-11-10T18:14:33.000Z,1
2019-11-08T12:10:32.000Z,1
2019-11-08T12:21:06.000Z,1
2019-11-08T13:06:26.000Z,1
2019-11-08T13:41:39.000Z,1
2019-11-08T13:48:48.000Z,1
2019-11-08T14:52:04.000Z,1
2019-11-08T15:51:58.000Z,1
2019-11-08T16:11:29.000Z,2
2019-11-08T16:44:41.000Z,1
2019-11-08T17:07:42.000Z,1
2019-11-08T17:21:31.000Z,1
2019-11-08T17:24:33.000Z,1
2019-11-08T17:29:23.000Z,2
2019-11-08T17:33:14.000Z,2
2019-11-08T17:51:07.000Z,1
2019-11-08T17:52:39.000Z,2
2019-11-08T17:59:29.000Z,2
2019-11-08T21:24:27.000Z,1
2019-11-08T21:47:17.000Z,1
2019-11-08T22:03:35.000Z,1
2019-11-08T22:07:24.000Z,1
2019-11-09T10:18:06.000Z,2
2019-11-09T13:42:00.000Z,1
2019-11-09T13:54:29.000Z,2
2019-11-09T14:38:37.000Z,1
2019-11-09T14:52:24.000Z,2
2019-11-09T14:55:46.000Z,1
2019-11-09T15:41:56.000Z,1
2019-11-09T16:09:30.000Z,1
2019-11-09T16:24:31.000Z,1
2019-11-09T16:28:03.000Z,1
2019-11-09T17:20:58.000Z,1
2019-11-09T18:19:14.000Z,1
2019-11-09T18:20:56.000Z,1
2019-11-09T18:22:23.000Z,1
2019-11-09T18:51:49.000Z,1
2019-11-09T20:13:26.000Z,1
2019-11-09T20:27:29.000Z,1
2019-11-09T20:38:03.000Z,1
2019-11-09T23:06:14.000Z,1
2019-11-09T23:26:06.000Z,1
2019-11-10T01:05:55.000Z,1
2019-11-10T02:26:34.000Z,1
2019-11-10T02:55:04.000Z,1
2019-11-10T08:49:33.000Z,1
2019-11-10T08:55:06.000Z,1
2019-11-10T09:25:38.000Z,1
2019-11-10T10:44:39.000Z,2
2019-11-10T11:08:29.000Z,1
2019-11-10T11:10:30.000Z,1
2019-11-10T11:51:07.000Z,1
2019-11-10T12:42:25.000Z,1
2019-11-10T13:31:10.000Z,1
2019-11-10T13:44:34.000Z,1
2019-11-10T14:15:22.000Z,1
2019-11-10T14:21:35.000Z,1
2019-11-10T14:22:52.000Z,1
2019-11-10T14:41:46.000Z,1
2019-11-10T14:59:29.000Z,2
2019-11-10T15:03:21.000Z,1
2019-11-10T15:29:53.000Z,1
2019-11-10T16:42:56.000Z,2
2019-11-10T17:46:35.000Z,1
2019-11-10T18:50:53.000Z,1
2019-11-10T21:12:16.000Z,1
2019-11-10T21:21:13.000Z,1
2019-11-10T22:08:57.000Z,1
2019-11-11T13:50:02.000Z,1
2019-11-11T15:55:32.000Z,1
2019-11-11T16:30:21.000Z,1
2019-11-11T16:57:08.000Z,1
2019-11-11T17:06:04.000Z,1
2019-11-11T17:12:47.000Z,1
2019-11-11T17:55:59.000Z,1
2019-11-11T18:32:17.000Z,1
2019-11-11T20:46:32.000Z,1
2019-11-12T07:20:31.000Z,1
2019-11-12T07:37:09.000Z,1
2019-11-12T08:45:52.000Z,1
2019-11-12T08:50:56.000Z,1
2019-11-12T08:51:55.000Z,1
2019-11-12T08:54:23.000Z,1
2019-11-12T09:10:34.000Z,1
2019-11-12T11:22:27.000Z,1
2019-11-12T14:21:28.000Z,1
2019-11-12T14:31:34.000Z,1
2019-11-12T15:28:51.000Z,1
2019-11-12T16:58:50.000Z,1
2019-11-12T17:11:43.000Z,1
2019-11-12T17:16:30.000Z,1
2019-11-12T17:53:22.000Z,1
2019-11-13T05:59:25.000Z,1
2019-11-13T06:26:45.000Z,1
2019-11-13T07:21:35.000Z,1
2019-11-13T07:55:43.000Z,1
2019-11-13T08:45:34.000Z,2
2019-11-13T10:02:41.000Z,1
2019-11-13T16:16:20.000Z,1
2019-11-13T16:20:35.000Z,1
2019-11-13T16:59:10.000Z,1
2019-11-13T17:51:17.000Z,2
2019-11-13T18:52:31.000Z,1
2019-11-13T19:35:54.000Z,1
2019-11-13T20:23:04.000Z,1
2019-11-13T21:02:16.000Z,1
2019-11-13T22:23:51.000Z,1
2019-11-14T05:49:31.000Z,1
2019-11-14T07:18:10.000Z,1
2019-11-14T08:15:48.000Z,1
2019-11-14T08:23:03.000Z,1
2019-11-14T09:00:39.000Z,1
2019-11-14T10:01:48.000Z,1
2019-11-14T10:49:31.000Z,1
2019-11-14T10:51:31.000Z,1
2019-11-14T12:29:44.000Z,1
2019-11-14T14:03:13.000Z,1
2019-11-14T15:30:33.000Z,1
2019-11-14T16:58:05.000Z,1
2019-11-14T17:06:35.000Z,1
2019-11-14T17:15:26.000Z,1
2019-11-14T17:44:55.000Z,1
2019-11-14T17:52:22.000Z,1
2019-11-14T18:25:32.000Z,1
2019-11-14T18:30:45.000Z,1
2019-11-14T21:41:16.000Z,1
2019-11-14T22:44:56.000Z,1
2019-11-15T07:03:41.000Z,1
2019-11-15T07:49:24.000Z,1
2019-11-15T07:52:56.000Z,1
2019-11-15T07:58:51.000Z,1
2019-11-15T08:05:00.000Z,2
2019-11-15T08:05:50.000Z,1
2019-11-15T08:14:28.000Z,1
2019-11-15T08:15:48.000Z,1
2019-11-15T08:29:03.000Z,1
2019-11-15T08:38:37.000Z,1
2019-11-15T08:39:55.000Z,1
2019-11-15T09:07:50.000Z,1
2019-11-15T10:21:27.000Z,1
2019-11-15T11:37:55.000Z,1
2019-11-15T12:03:23.000Z,1
2019-11-15T12:19:09.000Z,1
2019-11-15T13:26:58.000Z,1
2019-11-15T13:46:55.000Z,1
2019-11-15T16:53:55.000Z,1
2019-11-15T17:09:17.000Z,1
2019-11-15T17:28:34.000Z,1
2019-11-15T17:33:31.000Z,1
2019-11-15T17:36:47.000Z,1
2019-11-15T17:41:17.000Z,1
2019-11-15T18:22:41.000Z,1
2019-11-15T18:23:16.000Z,1
2019-11-15T18:58:22.000Z,1
2019-11-15T19:39:45.000Z,1
2019-11-16T01:44:20.000Z,1
2019-11-16T08:57:26.000Z,1
2019-11-16T09:19:22.000Z,1
2019-11-16T10:31:06.000Z,1
2019-11-16T11:18:15.000Z,1
2019-11-16T11:18:56.000Z,1
2019-11-16T11:33:39.000Z,1
2019-11-16T11:55:40.000Z,1
2019-11-16T12:47:09.000Z,1
2019-11-16T12:51:09.000Z,2
2019-11-16T13:11:14.000Z,1
2019-11-16T13:57:10.000Z,1
2019-11-16T15:10:57.000Z,1
2019-11-16T15:21:30.000Z,1
2019-11-16T15:57:10.000Z,2
2019-11-16T16:06:04.000Z,1
2019-11-16T18:40:38.000Z,1
2019-11-16T20:17:30.000Z,1
2019-11-16T21:23:15.000Z,1
2019-11-17T06:43:49.000Z,1
2019-11-17T09:12:44.000Z,1
2019-11-17T10:09:23.000Z,1
2019-11-17T10:28:12.000Z,1
2019-11-17T11:11:59.000Z,1
2019-11-17T11:52:07.000Z,2
2019-11-17T12:12:15.000Z,1
2019-11-17T12:40:44.000Z,1
2019-11-17T13:29:45.000Z,1
2019-11-17T13:30:40.000Z,2
2019-11-17T14:17:07.000Z,1
2019-11-17T15:16:56.000Z,1
2019-11-17T15:26:46.000Z,1
2019-11-17T15:47:27.000Z,1
2019-11-17T16:09:17.000Z,1
2019-11-17T16:10:26.000Z,1
2019-11-17T16:32:39.000Z,1
2019-11-17T16:40:01.000Z,1
2019-11-17T16:53:44.000Z,1
2019-11-17T17:06:59.000Z,1
2019-11-17T17:32:56.000Z,1
2019-11-17T17:56:28.000Z,1
2019-11-17T18:08:07.000Z,1
2019-11-17T19:32:54.000Z,1
2019-11-17T20:10:02.000Z,1
2019-11-18T00:31:13.000Z,1
2019-11-18T06:10:58.000Z,1
2019-11-18T07:33:00.000Z,1
2019-11-18T08:04:09.000Z,1
2019-11-18T08:36:39.000Z,1
2019-11-18T08:47:03.000Z,1
2019-11-18T11:05:45.000Z,1
2019-11-18T11:17:50.000Z,1
2019-11-18T11:59:34.000Z,1
2019-11-18T12:27:44.000Z,1
2019-11-18T12:40:52.000Z,1
2019-11-18T12:42:34.000Z,1
2019-11-18T12:51:09.000Z,1
2019-11-18T13:06:48.000Z,1
2019-11-18T14:26:53.000Z,1
2019-11-18T14:49:10.000Z,1
2019-11-18T14:49:40.000Z,1
2019-11-18T15:35:05.000Z,1
2019-11-18T15:38:06.000Z,1
2019-11-18T15:57:09.000Z,1
2019-11-18T16:09:33.000Z,1
2019-11-18T16:16:08.000Z,1
2019-11-18T16:59:57.000Z,1
2019-11-18T17:08:21.000Z,1
2019-11-18T17:20:10.000Z,1
2019-11-18T17:23:17.000Z,1
2019-11-18T17:51:32.000Z,1
2019-11-18T18:52:46.000Z,3
2019-11-18T19:12:59.000Z,1
2019-11-18T19:23:22.000Z,1
2019-11-18T20:58:19.000Z,1
2019-11-18T21:28:48.000Z,1
2019-11-19T05:28:17.000Z,1
2019-11-19T05:42:28.000Z,2
2019-11-19T06:17:09.000Z,1
2019-11-19T06:32:56.000Z,1
2019-11-19T06:35:29.000Z,1
2019-11-19T06:39:51.000Z,1
2019-11-19T07:32:28.000Z,1
2019-11-19T08:05:27.000Z,1
2019-11-19T08:11:42.000Z,1
2019-11-19T08:33:30.000Z,1
2019-11-19T08:48:04.000Z,1
2019-11-19T08:52:21.000Z,1
2019-11-19T08:52:26.000Z,1
2019-11-19T11:14:24.000Z,1
2019-11-19T13:27:01.000Z,1
2019-11-19T15:50:16.000Z,3
2019-11-19T15:54:52.000Z,2
2019-11-19T16:06:06.000Z,2
2019-11-19T16:52:12.000Z,2
2019-11-19T16:58:13.000Z,1
2019-11-19T17:37:14.000Z,1
2019-11-19T17:45:34.000Z,1
2019-11-19T17:55:07.000Z,1
2019-11-19T18:01:47.000Z,1
2019-11-19T18:24:44.000Z,1
2019-11-19T19:24:53.000Z,1
2019-11-19T19:31:39.000Z,1
2019-11-19T20:00:56.000Z,1
2019-11-19T20:05:02.000Z,1
2019-11-19T20:10:14.000Z,1
2019-11-19T20:14:30.000Z,1
2019-11-19T21:41:47.000Z,1
2019-11-08T06:31:07.000Z,1
2019-11-08T07:34:27.000Z,1
2019-11-08T07:50:37.000Z,2
2019-11-08T08:24:20.000Z,1
2019-11-08T08:37:46.000Z,1
2019-11-08T08:58:58.000Z,1
2019-11-08T09:09:38.000Z,1
2019-11-08T09:33:11.000Z,1
2019-11-08T10:06:27.000Z,1
2019-11-08T11:08:27.000Z,1
2019-11-08T11:12:04.000Z,1
2019-11-08T11:22:57.000Z,1
2019-11-08T12:05:40.000Z,1
2019-11-08T13:46:56.000Z,1
2019-11-08T16:04:28.000Z,2
2019-11-08T16:09:54.000Z,2
2019-11-08T16:10:20.000Z,1
2019-11-08T16:53:09.000Z,1
2019-11-08T20:50:48.000Z,1
2019-11-09T00:22:34.000Z,1
2019-11-09T17:09:50.000Z,1
2019-11-08T09:10:32.000Z,1
2019-11-08T11:28:40.000Z,1
2019-11-08T12:36:01.000Z,1
2019-11-08T15:47:35.000Z,1
2019-11-08T16:13:56.000Z,1
2019-11-08T17:10:23.000Z,1
2019-11-08T17:15:49.000Z,1
2019-11-08T17:17:38.000Z,3
2019-11-08T17:18:11.000Z,1
2019-11-08T17:25:55.000Z,1
2019-11-08T17:47:15.000Z,1
2019-11-08T17:54:39.000Z,1
2019-11-08T18:14:24.000Z,1
2019-11-08T18:45:38.000Z,1
2019-11-09T08:33:27.000Z,1
2019-11-09T10:13:47.000Z,1
2019-11-09T11:19:33.000Z,1
2019-11-09T12:35:29.000Z,1
2019-11-09T12:57:55.000Z,1
2019-11-09T14:21:51.000Z,1
2019-11-09T14:44:30.000Z,1
2019-11-09T14:47:41.000Z,1
2019-11-09T14:55:26.000Z,1
2019-11-09T15:01:35.000Z,1
2019-11-09T15:04:41.000Z,1
2019-11-09T15:32:03.000Z,1
2019-11-09T15:54:15.000Z,1
2019-11-09T16:14:12.000Z,1
2019-11-09T16:36:12.000Z,1
2019-11-09T16:52:37.000Z,1
2019-11-09T17:39:15.000Z,1
2019-11-09T18:41:18.000Z,1
2019-11-09T19:03:00.000Z,1
2019-11-09T19:11:57.000Z,1
2019-11-09T19:29:35.000Z,1
2019-11-09T20:23:01.000Z,1
2019-11-09T20:36:29.000Z,1
2019-11-09T21:54:47.000Z,1
2019-11-10T07:48:20.000Z,1
2019-11-10T07:54:56.000Z,1
2019-11-10T08:11:14.000Z,1
2019-11-10T09:02:03.000Z,1
2019-11-10T09:20:46.000Z,1
2019-11-10T09:22:22.000Z,1
2019-11-10T09:34:51.000Z,2
2019-11-10T09:40:41.000Z,2
2019-11-10T11:46:13.000Z,1
2019-11-10T12:02:44.000Z,1
2019-11-10T12:29:59.000Z,1
2019-11-10T13:20:11.000Z,2
2019-11-10T14:16:30.000Z,1
2019-11-10T16:12:09.000Z,1
2019-11-10T16:33:38.000Z,1
2019-11-10T17:14:04.000Z,1
2019-11-10T17:34:23.000Z,1
2019-11-10T18:29:46.000Z,1
2019-11-10T20:37:40.000Z,1
2019-11-10T23:10:20.000Z,1
2019-11-11T01:19:06.000Z,1
2019-11-11T06:09:57.000Z,1
2019-11-11T08:04:24.000Z,1
2019-11-11T08:18:52.000Z,1
2019-11-11T15:08:12.000Z,1
2019-11-11T15:16:11.000Z,1
2019-11-11T16:51:23.000Z,1
2019-11-11T17:31:09.000Z,1
2019-11-11T18:21:19.000Z,1
2019-11-11T21:54:53.000Z,1
2019-11-12T00:46:17.000Z,1
2019-11-12T04:45:32.000Z,1
2019-11-12T08:31:28.000Z,1
2019-11-12T10:37:49.000Z,1
2019-11-12T12:18:19.000Z,1
2019-11-12T14:16:54.000Z,1
2019-11-12T14:45:01.000Z,1
2019-11-12T15:22:40.000Z,1
2019-11-12T16:53:30.000Z,1
2019-11-12T16:56:09.000Z,1
2019-11-12T17:10:35.000Z,1
2019-11-12T17:35:06.000Z,1
2019-11-12T17:36:27.000Z,1
2019-11-12T17:46:47.000Z,1
2019-11-12T19:34:17.000Z,1
2019-11-13T06:36:26.000Z,1
2019-11-13T06:45:03.000Z,1
2019-11-13T07:33:21.000Z,1
2019-11-13T07:52:15.000Z,1
2019-11-13T07:56:19.000Z,1
2019-11-13T08:19:11.000Z,1
2019-11-13T09:31:51.000Z,1
2019-11-13T11:38:29.000Z,1
2019-11-13T11:53:17.000Z,1
2019-11-13T12:52:02.000Z,1
2019-11-13T15:21:44.000Z,1
2019-11-13T16:24:34.000Z,1
2019-11-13T16:26:42.000Z,1
2019-11-13T16:45:30.000Z,1
2019-11-13T16:56:38.000Z,2
2019-11-13T17:12:06.000Z,1
2019-11-13T17:44:27.000Z,1
2019-11-13T17:59:16.000Z,1
2019-11-13T18:32:40.000Z,1
2019-11-13T18:54:28.000Z,1
2019-11-13T19:35:58.000Z,1
2019-11-13T21:15:29.000Z,1
2019-11-13T22:07:25.000Z,1
2019-11-14T07:21:41.000Z,1
2019-11-14T07:48:47.000Z,1
2019-11-14T07:55:04.000Z,1
2019-11-14T08:30:21.000Z,1
2019-11-14T11:42:52.000Z,1
2019-11-14T11:48:40.000Z,1
2019-11-14T12:25:47.000Z,1
2019-11-14T13:21:53.000Z,1
2019-11-14T15:43:41.000Z,1
2019-11-14T15:45:05.000Z,1
2019-11-14T15:53:35.000Z,1
2019-11-14T16:25:51.000Z,1
2019-11-14T16:35:12.000Z,2
2019-11-14T17:10:21.000Z,1
2019-11-14T17:31:56.000Z,1
2019-11-14T18:10:37.000Z,1
2019-11-14T18:53:53.000Z,1
2019-11-14T19:58:03.000Z,1
2019-11-15T06:11:33.000Z,1
2019-11-15T06:26:47.000Z,1
2019-11-15T06:53:11.000Z,1
2019-11-15T07:07:52.000Z,1
2019-11-15T08:14:12.000Z,1
2019-11-15T08:30:44.000Z,1
2019-11-15T08:51:27.000Z,1
2019-11-15T09:51:55.000Z,1
2019-11-15T10:22:42.000Z,1
2019-11-15T10:42:10.000Z,1
2019-11-15T10:53:34.000Z,1
2019-11-15T11:25:04.000Z,1
2019-11-15T12:23:29.000Z,1
2019-11-15T13:28:23.000Z,1
2019-11-15T14:24:17.000Z,1
2019-11-15T15:15:15.000Z,1
2019-11-15T16:19:37.000Z,1
2019-11-15T16:51:52.000Z,1
2019-11-15T16:57:44.000Z,1
2019-11-15T16:59:50.000Z,1
2019-11-15T17:01:39.000Z,2
2019-11-15T17:10:20.000Z,1
2019-11-15T17:20:16.000Z,1
2019-11-15T17:23:03.000Z,1
2019-11-15T18:10:33.000Z,1
2019-11-15T18:29:02.000Z,1
2019-11-15T18:45:58.000Z,1
2019-11-15T18:53:19.000Z,1
2019-11-15T19:47:52.000Z,1
2019-11-15T20:04:59.000Z,1
2019-11-15T20:48:07.000Z,1
2019-11-15T21:11:56.000Z,1
2019-11-16T00:48:55.000Z,1
2019-11-16T02:47:37.000Z,1
2019-11-16T08:11:38.000Z,1
2019-11-16T08:26:32.000Z,1
2019-11-16T08:58:22.000Z,1
2019-11-16T09:32:43.000Z,1
2019-11-16T10:32:15.000Z,1
2019-11-16T10:42:16.000Z,1
2019-11-16T11:05:08.000Z,1
2019-11-16T11:34:07.000Z,1
2019-11-16T11:58:24.000Z,1
2019-11-16T11:59:23.000Z,1
2019-11-16T12:25:14.000Z,1
2019-11-16T12:28:45.000Z,1
2019-11-16T14:07:58.000Z,1
2019-11-16T14:16:34.000Z,1
2019-11-16T15:14:11.000Z,1
2019-11-16T16:57:05.000Z,1
2019-11-16T20:41:05.000Z,1
2019-11-16T22:42:28.000Z,1
2019-11-17T06:13:06.000Z,1
2019-11-17T07:35:16.000Z,1
2019-11-17T08:51:06.000Z,1
2019-11-17T10:03:27.000Z,1
2019-11-17T10:05:18.000Z,1
2019-11-17T11:33:37.000Z,1
2019-11-17T12:17:05.000Z,1
2019-11-17T12:47:56.000Z,1
2019-11-17T13:02:24.000Z,1
2019-11-17T13:14:08.000Z,1
2019-11-17T13:57:22.000Z,2
2019-11-17T15:05:27.000Z,1
2019-11-17T16:08:12.000Z,1
2019-11-17T20:22:48.000Z,1
2019-11-17T20:41:08.000Z,1
2019-11-18T06:03:30.000Z,1
2019-11-18T07:09:46.000Z,1
2019-11-18T07:10:16.000Z,1
2019-11-18T07:27:50.000Z,1
2019-11-18T07:55:38.000Z,1
2019-11-18T08:03:45.000Z,1
2019-11-18T08:10:31.000Z,1
2019-11-18T08:29:11.000Z,1
2019-11-18T08:51:03.000Z,1
2019-11-18T08:57:22.000Z,1
2019-11-18T10:04:14.000Z,1
2019-11-18T11:32:20.000Z,1
2019-11-18T11:57:03.000Z,1
2019-11-18T13:43:56.000Z,1
2019-11-18T14:18:22.000Z,1
2019-11-18T15:10:04.000Z,1
2019-11-18T15:49:57.000Z,1
2019-11-18T16:08:28.000Z,1
2019-11-18T16:32:53.000Z,1
2019-11-18T16:49:38.000Z,1
2019-11-18T16:54:47.000Z,1
2019-11-18T17:14:20.000Z,1
2019-11-18T17:16:44.000Z,1
2019-11-18T17:19:00.000Z,2
2019-11-18T17:22:17.000Z,1
2019-11-18T17:25:46.000Z,1
2019-11-18T17:43:15.000Z,1
2019-11-18T17:44:42.000Z,1
2019-11-18T17:57:16.000Z,1
2019-11-18T18:06:15.000Z,1
2019-11-18T18:12:24.000Z,1
2019-11-18T18:14:33.000Z,1
2019-11-18T18:26:06.000Z,1
2019-11-18T18:43:12.000Z,3
2019-11-18T18:45:39.000Z,1
2019-11-18T19:36:13.000Z,1
2019-11-18T19:53:37.000Z,1
2019-11-18T20:50:26.000Z,1
2019-11-19T05:41:36.000Z,1
2019-11-19T06:26:35.000Z,1
2019-11-19T07:06:13.000Z,1
2019-11-19T07:10:46.000Z,1
2019-11-19T07:22:56.000Z,1
2019-11-19T07:31:14.000Z,1
2019-11-19T07:48:12.000Z,1
2019-11-19T08:15:39.000Z,1
2019-11-19T08:18:18.000Z,1
2019-11-19T08:24:12.000Z,2
2019-11-19T08:30:02.000Z,1
2019-11-19T08:41:05.000Z,1
2019-11-19T08:46:13.000Z,1
2019-11-19T08:47:27.000Z,1
2019-11-19T08:48:29.000Z,1
2019-11-19T09:06:03.000Z,1
2019-11-19T09:17:45.000Z,1
2019-11-19T09:33:57.000Z,1
2019-11-19T09:48:22.000Z,1
2019-11-19T10:34:51.000Z,1
2019-11-19T12:01:19.000Z,1
2019-11-19T12:19:42.000Z,1
2019-11-19T14:19:59.000Z,1
2019-11-19T15:13:20.000Z,1
2019-11-19T15:40:21.000Z,1
2019-11-19T16:58:30.000Z,1
2019-11-19T17:30:10.000Z,1
2019-11-19T18:19:57.000Z,1
2019-11-19T18:30:09.000Z,1
2019-11-19T18:42:44.000Z,2
2019-11-19T18:45:44.000Z,1
2019-11-19T19:24:10.000Z,1
2019-11-19T19:38:28.000Z,1
2019-11-19T20:07:25.000Z,1
2019-11-19T20:43:15.000Z,1
2019-11-19T21:55:03.000Z,1
2019-11-19T22:02:10.000Z,1
2019-11-19T22:21:09.000Z,1
2019-11-08T07:17:04.000Z,2
2019-11-08T07:17:41.000Z,1
2019-11-08T07:37:11.000Z,1
2019-11-08T07:43:19.000Z,1
2019-11-08T07:56:15.000Z,1
2019-11-08T07:59:57.000Z,1
2019-11-08T08:17:48.000Z,2
2019-11-08T08:26:57.000Z,1
2019-11-08T09:23:18.000Z,1
2019-11-08T10:45:21.000Z,1
2019-11-08T15:17:01.000Z,1
2019-11-08T16:12:17.000Z,1
2019-11-08T16:36:50.000Z,1
2019-11-08T16:48:23.000Z,1
2019-11-08T16:57:02.000Z,1
2019-11-08T17:20:13.000Z,1
2019-11-08T17:55:28.000Z,1
2019-11-09T10:30:32.000Z,1
2019-11-09T15:19:18.000Z,1
2019-11-08T09:59:16.000Z,1
2019-11-08T13:14:59.000Z,1
2019-11-08T14:56:45.000Z,1
2019-11-08T15:33:45.000Z,1
2019-11-08T16:03:45.000Z,1
2019-11-08T16:50:31.000Z,1
2019-11-08T16:59:59.000Z,1
2019-11-08T17:21:42.000Z,1
2019-11-08T17:24:36.000Z,2
2019-11-08T17:37:58.000Z,1
2019-11-08T18:30:13.000Z,1
2019-11-08T18:42:15.000Z,1
2019-11-08T20:28:19.000Z,2
2019-11-08T22:12:34.000Z,1
2019-11-09T08:28:02.000Z,1
2019-11-09T09:14:28.000Z,1
2019-11-09T09:33:03.000Z,2
2019-11-09T10:24:47.000Z,1
2019-11-09T11:12:35.000Z,1
2019-11-09T12:13:53.000Z,1
2019-11-09T13:30:20.000Z,1
2019-11-09T13:43:36.000Z,1
2019-11-09T14:03:37.000Z,1
2019-11-09T14:13:39.000Z,1
2019-11-09T15:30:31.000Z,1
2019-11-09T16:36:43.000Z,1
2019-11-09T17:36:27.000Z,1
2019-11-09T17:40:10.000Z,1
2019-11-09T19:03:21.000Z,1
2019-11-09T19:46:14.000Z,1
2019-11-09T20:36:26.000Z,1
2019-11-09T21:49:57.000Z,1
2019-11-09T23:08:53.000Z,1
2019-11-10T06:57:27.000Z,1
2019-11-10T08:53:22.000Z,1
2019-11-10T09:37:31.000Z,1
2019-11-10T10:05:21.000Z,1
2019-11-10T11:49:11.000Z,2
2019-11-10T11:55:54.000Z,1
2019-11-10T11:59:58.000Z,1
2019-11-10T12:31:45.000Z,1
2019-11-10T14:23:09.000Z,1
2019-11-10T14:25:49.000Z,1
2019-11-10T14:26:52.000Z,2
2019-11-10T14:49:11.000Z,1
2019-11-10T15:13:30.000Z,1
2019-11-10T15:21:46.000Z,1
2019-11-10T15:27:42.000Z,1
2019-11-10T15:45:27.000Z,1
2019-11-10T15:47:52.000Z,1
2019-11-10T16:15:12.000Z,1
2019-11-10T16:51:43.000Z,1
2019-11-10T16:55:41.000Z,1
2019-11-10T17:01:46.000Z,1
2019-11-10T21:41:51.000Z,1
2019-11-10T22:03:49.000Z,1
2019-11-10T23:13:16.000Z,1
2019-11-11T07:39:17.000Z,1
2019-11-11T07:44:07.000Z,1
2019-11-11T07:56:44.000Z,1
2019-11-11T08:33:56.000Z,1
2019-11-11T08:50:28.000Z,1
2019-11-11T09:58:39.000Z,1
2019-11-11T14:28:25.000Z,1
2019-11-11T15:19:25.000Z,1
2019-11-11T16:18:02.000Z,1
2019-11-11T16:50:55.000Z,1
2019-11-11T17:09:21.000Z,1
2019-11-11T17:19:41.000Z,1
2019-11-11T17:59:45.000Z,1
2019-11-11T19:22:41.000Z,1
2019-11-11T22:24:47.000Z,1
2019-11-12T04:15:02.000Z,1
2019-11-12T06:07:44.000Z,1
2019-11-12T06:19:44.000Z,1
2019-11-12T06:29:36.000Z,1
2019-11-12T08:07:24.000Z,1
2019-11-12T08:10:34.000Z,1
2019-11-12T08:39:00.000Z,1
2019-11-12T09:14:31.000Z,1
2019-11-12T09:20:21.000Z,1
2019-11-12T15:30:35.000Z,1
2019-11-12T16:21:23.000Z,1
2019-11-12T16:51:30.000Z,1
2019-11-12T16:57:55.000Z,1
2019-11-12T17:00:19.000Z,1
2019-11-12T17:04:24.000Z,1
2019-11-12T17:10:28.000Z,1
2019-11-12T18:39:36.000Z,1
2019-11-12T19:44:50.000Z,1
2019-11-13T07:57:46.000Z,1
2019-11-13T08:43:03.000Z,1
2019-11-13T09:40:43.000Z,1
2019-11-13T10:40:46.000Z,1
2019-11-13T11:35:13.000Z,1
2019-11-13T15:02:32.000Z,1
2019-11-13T15:24:27.000Z,1
2019-11-13T16:02:27.000Z,1
2019-11-13T16:52:31.000Z,1
2019-11-13T16:53:09.000Z,1
2019-11-13T17:04:21.000Z,1
2019-11-13T18:06:38.000Z,1
2019-11-13T18:15:09.000Z,1
2019-11-13T18:18:23.000Z,1
2019-11-13T18:57:42.000Z,1
2019-11-13T19:27:16.000Z,1
2019-11-13T19:52:20.000Z,1
2019-11-13T21:23:09.000Z,1
2019-11-13T22:37:16.000Z,1
2019-11-14T05:31:36.000Z,1
2019-11-14T06:45:42.000Z,1
2019-11-14T06:59:09.000Z,1
2019-11-14T07:03:08.000Z,1
2019-11-14T07:34:10.000Z,2
2019-11-14T07:58:25.000Z,1
2019-11-14T08:19:02.000Z,1
2019-11-14T08:23:18.000Z,1
2019-11-14T09:10:08.000Z,1
2019-11-14T10:08:09.000Z,1
2019-11-14T11:52:10.000Z,1
2019-11-14T13:07:27.000Z,1
2019-11-14T14:13:45.000Z,1
2019-11-14T14:42:35.000Z,1
2019-11-14T16:13:52.000Z,1
2019-11-14T16:30:45.000Z,1
2019-11-14T16:46:18.000Z,1
2019-11-14T17:03:19.000Z,1
2019-11-14T17:04:03.000Z,1
2019-11-14T17:06:03.000Z,1
2019-11-14T18:36:38.000Z,1
2019-11-14T18:48:43.000Z,1
2019-11-14T19:28:48.000Z,1
2019-11-14T20:55:53.000Z,1
2019-11-14T21:30:02.000Z,1
2019-11-14T21:52:56.000Z,1
2019-11-15T05:35:18.000Z,1
2019-11-15T05:46:57.000Z,1
2019-11-15T06:36:38.000Z,1
2019-11-15T07:35:48.000Z,1
2019-11-15T08:04:13.000Z,1
2019-11-15T08:13:16.000Z,1
2019-11-15T08:40:39.000Z,2
2019-11-15T08:57:29.000Z,1
2019-11-15T08:58:01.000Z,1
2019-11-15T08:58:05.000Z,1
2019-11-15T10:00:05.000Z,1
2019-11-15T10:09:28.000Z,1
2019-11-15T10:11:23.000Z,1
2019-11-15T11:43:10.000Z,1
2019-11-15T13:32:57.000Z,1
2019-11-15T15:26:35.000Z,1
2019-11-15T16:26:43.000Z,1
2019-11-15T16:31:35.000Z,1
2019-11-15T16:48:09.000Z,1
2019-11-15T17:09:11.000Z,2
2019-11-15T17:13:56.000Z,1
2019-11-15T17:24:36.000Z,1
2019-11-15T17:42:54.000Z,1
2019-11-15T18:36:56.000Z,1
2019-11-15T20:11:29.000Z,1
2019-11-15T20:18:16.000Z,1
2019-11-16T08:07:08.000Z,1
2019-11-16T08:37:52.000Z,1
2019-11-16T09:25:04.000Z,1
2019-11-16T09:49:55.000Z,1
2019-11-16T09:51:54.000Z,1
2019-11-16T09:53:10.000Z,1
2019-11-16T10:10:37.000Z,1
2019-11-16T10:24:32.000Z,1
2019-11-16T11:04:22.000Z,1
2019-11-16T11:07:51.000Z,1
2019-11-16T11:48:09.000Z,1
2019-11-16T12:07:39.000Z,1
2019-11-16T12:28:01.000Z,1
2019-11-16T12:31:15.000Z,1
2019-11-16T12:41:26.000Z,1
2019-11-16T13:28:32.000Z,1
2019-11-16T13:47:00.000Z,1
2019-11-16T13:53:19.000Z,1
2019-11-16T14:08:11.000Z,1
2019-11-16T14:15:42.000Z,1
2019-11-16T14:31:22.000Z,1
2019-11-16T16:03:18.000Z,2
2019-11-16T17:02:21.000Z,1
2019-11-16T18:24:02.000Z,1
2019-11-16T18:44:32.000Z,1
2019-11-16T20:03:41.000Z,1
2019-11-16T20:59:12.000Z,1
2019-11-17T03:06:59.000Z,1
2019-11-17T04:57:45.000Z,1
2019-11-17T09:11:07.000Z,1
2019-11-17T10:09:47.000Z,1
2019-11-17T10:28:42.000Z,1
2019-11-17T11:18:18.000Z,1
2019-11-17T11:24:08.000Z,1
2019-11-17T11:48:00.000Z,1
2019-11-17T12:58:05.000Z,1
2019-11-17T13:03:36.000Z,1
2019-11-17T13:58:52.000Z,1
2019-11-17T14:07:11.000Z,1
2019-11-17T14:43:04.000Z,1
2019-11-17T14:47:30.000Z,1
2019-11-17T15:14:51.000Z,1
2019-11-17T15:17:59.000Z,1
2019-11-17T17:51:37.000Z,1
2019-11-17T18:00:54.000Z,1
2019-11-17T22:32:38.000Z,1
2019-11-18T02:03:37.000Z,1
2019-11-18T05:41:50.000Z,1
2019-11-18T06:40:25.000Z,1
2019-11-18T07:01:06.000Z,1
2019-11-18T07:40:51.000Z,1
2019-11-18T07:43:56.000Z,1
2019-11-18T07:57:32.000Z,1
2019-11-18T08:22:38.000Z,3
2019-11-18T08:31:08.000Z,1
2019-11-18T08:31:59.000Z,1
2019-11-18T08:36:06.000Z,1
2019-11-18T08:43:25.000Z,1
2019-11-18T08:48:59.000Z,3
2019-11-18T09:02:22.000Z,1
2019-11-18T09:19:03.000Z,1
2019-11-18T11:10:19.000Z,1
2019-11-18T11:31:12.000Z,1
2019-11-18T12:21:44.000Z,2
2019-11-18T12:48:46.000Z,1
2019-11-18T15:15:54.000Z,1
2019-11-18T15:25:43.000Z,1
2019-11-18T16:00:36.000Z,1
2019-11-18T16:22:09.000Z,1
2019-11-18T16:26:17.000Z,1
2019-11-18T16:28:21.000Z,1
2019-11-18T16:30:08.000Z,1
2019-11-18T16:42:19.000Z,2
2019-11-18T17:34:31.000Z,1
2019-11-18T17:45:18.000Z,1
2019-11-18T19:26:37.000Z,1
2019-11-18T19:52:05.000Z,1
2019-11-19T02:50:25.000Z,1
2019-11-19T05:56:55.000Z,1
2019-11-19T06:13:56.000Z,1
2019-11-19T06:27:23.000Z,1
2019-11-19T06:45:25.000Z,1
2019-11-19T07:18:59.000Z,1
2019-11-19T07:22:32.000Z,3
2019-11-19T07:25:44.000Z,1
2019-11-19T07:56:01.000Z,1
2019-11-19T08:20:37.000Z,1
2019-11-19T08:50:50.000Z,1
2019-11-19T10:16:20.000Z,2
2019-11-19T14:16:09.000Z,1
2019-11-19T14:42:33.000Z,1
2019-11-19T15:58:12.000Z,1
2019-11-19T16:35:42.000Z,1
2019-11-19T16:42:17.000Z,1
2019-11-19T17:06:26.000Z,1
2019-11-19T17:08:41.000Z,1
2019-11-19T17:13:46.000Z,1
2019-11-19T17:14:48.000Z,1
2019-11-19T17:15:43.000Z,1
2019-11-19T18:00:31.000Z,1
2019-11-19T18:12:27.000Z,1
2019-11-19T18:12:37.000Z,1
2019-11-19T18:14:21.000Z,1
2019-11-19T18:31:35.000Z,1
2019-11-19T18:35:55.000Z,1
2019-11-19T18:46:47.000Z,1
2019-11-19T19:26:27.000Z,1
2019-11-19T19:37:28.000Z,1
2019-11-19T22:07:17.000Z,1
2019-11-08T06:23:59.000Z,1
2019-11-08T06:59:42.000Z,1
2019-11-08T07:59:28.000Z,1
2019-11-08T08:11:49.000Z,1
2019-11-08T08:48:24.000Z,2
2019-11-08T08:50:08.000Z,1
2019-11-08T09:15:19.000Z,1
2019-11-08T09:58:01.000Z,1
2019-11-08T10:25:34.000Z,1
2019-11-08T11:21:28.000Z,1
2019-11-08T11:54:29.000Z,1
2019-11-08T12:11:34.000Z,1
2019-11-08T12:15:25.000Z,1
2019-11-08T12:46:54.000Z,1
2019-11-08T12:52:06.000Z,1
2019-11-08T13:03:44.000Z,1
2019-11-08T13:21:33.000Z,1
2019-11-08T13:46:06.000Z,1
2019-11-08T13:47:33.000Z,1
2019-11-08T14:35:24.000Z,1
2019-11-08T14:55:43.000Z,1
2019-11-08T16:21:14.000Z,1
2019-11-08T16:23:44.000Z,1
2019-11-08T16:51:23.000Z,1
2019-11-09T06:20:00.000Z,1
2019-11-09T12:40:51.000Z,1
2019-11-08T07:39:49.000Z,1
2019-11-08T15:45:31.000Z,1
2019-11-08T16:04:22.000Z,1
2019-11-08T16:49:56.000Z,1
2019-11-08T17:25:29.000Z,2
2019-11-08T17:48:48.000Z,1
2019-11-08T20:43:13.000Z,1
2019-11-08T20:56:34.000Z,1
2019-11-08T21:29:05.000Z,1
2019-11-09T00:13:42.000Z,1
2019-11-09T06:53:34.000Z,1
2019-11-09T07:39:56.000Z,1
2019-11-09T07:48:08.000Z,1
2019-11-09T07:56:25.000Z,1
2019-11-09T10:39:02.000Z,1
2019-11-09T11:50:37.000Z,1
2019-11-09T12:35:16.000Z,1
2019-11-09T13:43:01.000Z,1
2019-11-09T14:02:06.000Z,1
2019-11-09T14:16:16.000Z,1
2019-11-09T14:40:05.000Z,1
2019-11-09T15:47:18.000Z,1
2019-11-09T16:09:24.000Z,1
2019-11-09T16:21:31.000Z,1
2019-11-09T18:21:43.000Z,1
2019-11-09T21:17:21.000Z,1
2019-11-09T23:34:53.000Z,1
2019-11-10T07:54:12.000Z,1
2019-11-10T08:11:17.000Z,1
2019-11-10T10:06:00.000Z,1
2019-11-10T11:42:07.000Z,1
2019-11-10T12:21:23.000Z,1
2019-11-10T12:41:19.000Z,1
2019-11-10T13:29:44.000Z,1
2019-11-10T13:52:21.000Z,1
2019-11-10T15:14:34.000Z,1
2019-11-10T15:47:22.000Z,1
2019-11-10T15:52:06.000Z,1
2019-11-10T16:19:07.000Z,1
2019-11-10T16:30:56.000Z,1
2019-11-10T17:08:21.000Z,1
2019-11-10T17:51:42.000Z,1
2019-11-10T21:52:25.000Z,1
2019-11-10T22:23:58.000Z,1
2019-11-10T23:02:15.000Z,1
2019-11-11T10:08:31.000Z,1
2019-11-11T15:47:16.000Z,1
2019-11-11T15:56:52.000Z,1
2019-11-11T16:23:48.000Z,1
2019-11-11T16:50:15.000Z,1
2019-11-11T17:10:50.000Z,1
2019-11-11T18:06:35.000Z,3
2019-11-11T18:23:12.000Z,1
2019-11-11T19:40:45.000Z,1
2019-11-12T05:21:23.000Z,1
2019-11-12T05:59:15.000Z,1
2019-11-12T07:15:47.000Z,1
2019-11-12T07:56:32.000Z,1
2019-11-12T08:18:19.000Z,1
2019-11-12T09:29:18.000Z,1
2019-11-12T13:53:06.000Z,1
2019-11-12T17:31:20.000Z,1
2019-11-12T17:59:36.000Z,1
2019-11-12T18:05:31.000Z,1
2019-11-12T18:43:36.000Z,1
2019-11-12T23:28:38.000Z,1
2019-11-12T23:56:43.000Z,1
2019-11-13T05:06:30.000Z,1
2019-11-13T07:46:55.000Z,1
2019-11-13T08:27:51.000Z,1
2019-11-13T08:30:08.000Z,1
2019-11-13T08:53:43.000Z,1
2019-11-13T09:00:26.000Z,1
2019-11-13T09:36:59.000Z,1
2019-11-13T11:15:49.000Z,1
2019-11-13T11:39:24.000Z,1
2019-11-13T15:19:56.000Z,1
2019-11-13T15:52:22.000Z,1
2019-11-13T16:37:39.000Z,1
2019-11-13T16:52:10.000Z,2
2019-11-13T17:03:14.000Z,1
2019-11-13T17:20:17.000Z,1
2019-11-13T17:35:57.000Z,1
2019-11-13T19:02:42.000Z,1
2019-11-13T19:07:44.000Z,1
2019-11-13T19:11:02.000Z,1
2019-11-14T05:10:15.000Z,1
2019-11-14T05:30:58.000Z,1
2019-11-14T05:54:18.000Z,1
2019-11-14T08:05:46.000Z,1
2019-11-14T09:05:08.000Z,1
2019-11-14T10:27:31.000Z,1
2019-11-14T12:01:16.000Z,1
2019-11-14T12:06:13.000Z,1
2019-11-14T13:13:34.000Z,1
2019-11-14T13:54:50.000Z,1
2019-11-14T13:57:31.000Z,1
2019-11-14T14:39:25.000Z,1
2019-11-14T14:51:08.000Z,1
2019-11-14T15:04:47.000Z,1
2019-11-14T16:12:57.000Z,1
2019-11-14T16:23:31.000Z,1
2019-11-14T16:40:05.000Z,1
2019-11-14T16:53:12.000Z,1
2019-11-14T16:56:43.000Z,1
2019-11-14T17:11:17.000Z,1
2019-11-14T17:20:18.000Z,1
2019-11-14T17:37:09.000Z,1
2019-11-14T17:39:43.000Z,1
2019-11-14T18:06:10.000Z,1
2019-11-14T18:22:42.000Z,1
2019-11-14T21:23:30.000Z,1
2019-11-14T21:30:18.000Z,1
2019-11-15T05:01:44.000Z,1
2019-11-15T05:14:51.000Z,1
2019-11-15T05:52:32.000Z,1
2019-11-15T06:10:12.000Z,1
2019-11-15T07:04:22.000Z,1
2019-11-15T07:39:53.000Z,1
2019-11-15T07:56:27.000Z,1
2019-11-15T08:48:16.000Z,1
2019-11-15T10:00:51.000Z,1
2019-11-15T12:08:16.000Z,1
2019-11-15T12:48:56.000Z,1
2019-11-15T13:30:17.000Z,1
2019-11-15T15:31:17.000Z,1
2019-11-15T16:11:26.000Z,1
2019-11-15T17:14:53.000Z,1
2019-11-15T17:29:11.000Z,1
2019-11-15T17:31:09.000Z,1
2019-11-15T17:37:48.000Z,1
2019-11-15T17:39:52.000Z,2
2019-11-15T18:07:02.000Z,1
2019-11-15T18:23:44.000Z,1
2019-11-15T18:26:24.000Z,1
2019-11-15T18:28:56.000Z,1
2019-11-15T18:37:11.000Z,1
2019-11-15T19:11:08.000Z,1
2019-11-15T21:22:49.000Z,1
2019-11-16T06:43:11.000Z,1
2019-11-16T07:53:12.000Z,1
2019-11-16T07:53:52.000Z,1
2019-11-16T09:54:16.000Z,2
2019-11-16T11:09:01.000Z,1
2019-11-16T11:19:18.000Z,1
2019-11-16T11:34:54.000Z,1
2019-11-16T11:59:38.000Z,1
2019-11-16T12:32:51.000Z,1
2019-11-16T12:51:41.000Z,1
2019-11-16T13:11:35.000Z,1
2019-11-16T13:42:25.000Z,1
2019-11-16T13:50:54.000Z,1
2019-11-16T14:55:05.000Z,1
2019-11-16T15:03:39.000Z,1
2019-11-16T16:11:11.000Z,1
2019-11-16T17:12:29.000Z,1
2019-11-16T17:17:29.000Z,1
2019-11-16T17:23:28.000Z,1
2019-11-16T18:05:56.000Z,1
2019-11-16T21:43:47.000Z,1
2019-11-16T22:42:49.000Z,1
2019-11-17T00:25:41.000Z,1
2019-11-17T08:37:10.000Z,1
2019-11-17T10:11:13.000Z,1
2019-11-17T11:07:04.000Z,1
2019-11-17T13:56:55.000Z,1
2019-11-17T14:06:51.000Z,1
2019-11-17T14:09:35.000Z,1
2019-11-17T14:11:55.000Z,1
2019-11-17T15:31:59.000Z,1
2019-11-17T16:30:41.000Z,1
2019-11-17T17:06:57.000Z,1
2019-11-17T17:59:16.000Z,1
2019-11-17T19:40:21.000Z,1
2019-11-17T20:54:14.000Z,1
2019-11-18T05:54:02.000Z,1
2019-11-18T05:59:27.000Z,1
2019-11-18T06:26:15.000Z,1
2019-11-18T06:42:39.000Z,1
2019-11-18T07:09:43.000Z,1
2019-11-18T08:01:47.000Z,2
2019-11-18T08:12:06.000Z,1
2019-11-18T08:14:27.000Z,1
2019-11-18T08:23:16.000Z,1
2019-11-18T08:37:06.000Z,1
2019-11-18T09:15:06.000Z,1
2019-11-18T09:34:48.000Z,1
2019-11-18T09:38:45.000Z,1
2019-11-18T10:05:36.000Z,1
2019-11-18T10:08:27.000Z,1
2019-11-18T10:57:23.000Z,1
2019-11-18T14:45:30.000Z,1
2019-11-18T14:51:42.000Z,1
2019-11-18T16:15:46.000Z,1
2019-11-18T16:22:04.000Z,1
2019-11-18T16:39:04.000Z,1
2019-11-18T17:00:32.000Z,1
2019-11-18T17:04:27.000Z,1
2019-11-18T17:39:38.000Z,1
2019-11-18T17:51:16.000Z,1
2019-11-18T17:53:02.000Z,1
2019-11-18T17:56:15.000Z,1
2019-11-18T18:24:16.000Z,1
2019-11-18T18:24:35.000Z,1
2019-11-18T18:55:31.000Z,1
2019-11-18T19:13:21.000Z,1
2019-11-18T20:19:47.000Z,1
2019-11-18T20:34:03.000Z,1
2019-11-18T21:37:14.000Z,1
2019-11-18T23:05:21.000Z,1
2019-11-19T05:51:20.000Z,1
2019-11-19T06:03:20.000Z,1
2019-11-19T07:14:18.000Z,1
2019-11-19T07:33:10.000Z,1
2019-11-19T08:01:19.000Z,1
2019-11-19T08:04:52.000Z,1
2019-11-19T08:48:00.000Z,1
2019-11-19T09:10:53.000Z,1
2019-11-19T11:06:16.000Z,1
2019-11-19T11:13:07.000Z,1
2019-11-19T11:51:01.000Z,1
2019-11-19T16:55:44.000Z,2
2019-11-19T17:05:33.000Z,1
2019-11-19T17:16:34.000Z,1
2019-11-19T18:35:47.000Z,2
2019-11-19T18:44:42.000Z,1
2019-11-19T18:50:57.000Z,1
2019-11-19T18:51:58.000Z,1
2019-11-19T18:58:46.000Z,1
2019-11-19T18:59:27.000Z,1
2019-11-19T19:07:46.000Z,1
2019-11-19T19:15:40.000Z,1
2019-11-19T19:43:34.000Z,1
2019-11-19T19:51:41.000Z,1
2019-11-19T20:10:38.000Z,1
2019-11-19T23:19:30.000Z,1
2019-11-20T06:24:30.000Z,1
2019-11-20T06:27:42.000Z,1
2019-11-20T06:39:47.000Z,1
2019-11-20T07:06:13.000Z,2
2019-11-20T07:13:30.000Z,1
2019-11-20T07:45:35.000Z,1
2019-11-20T07:49:30.000Z,2
2019-11-20T08:09:07.000Z,1
2019-11-20T08:12:55.000Z,1
2019-11-20T08:23:05.000Z,1
2019-11-20T08:25:25.000Z,1
2019-11-20T08:28:17.000Z,1
2019-11-20T08:30:29.000Z,1
2019-11-20T11:34:16.000Z,1
2019-11-20T12:24:22.000Z,1
2019-11-20T12:54:13.000Z,1
2019-11-20T13:57:16.000Z,2
2019-11-20T20:19:03.000Z,1
2019-11-21T06:52:49.000Z,1
2019-11-20T08:16:55.000Z,1
2019-11-20T08:32:05.000Z,1
2019-11-20T12:48:07.000Z,1
2019-11-20T13:00:29.000Z,1
2019-11-20T13:10:37.000Z,1
2019-11-20T13:44:49.000Z,1
2019-11-20T13:45:39.000Z,1
2019-11-20T14:09:33.000Z,1
2019-11-20T14:37:36.000Z,1
2019-11-20T14:51:18.000Z,1
2019-11-20T15:54:33.000Z,1
2019-11-20T16:04:49.000Z,1
2019-11-20T16:34:05.000Z,2
2019-11-20T16:45:00.000Z,1
2019-11-20T16:48:35.000Z,1
2019-11-20T17:09:16.000Z,1
2019-11-20T17:22:04.000Z,1
2019-11-20T18:03:48.000Z,1
2019-11-20T18:04:17.000Z,1
2019-11-20T18:20:02.000Z,1
2019-11-20T18:48:58.000Z,1
2019-11-20T18:56:16.000Z,1
2019-11-20T18:56:28.000Z,1
2019-11-20T18:58:44.000Z,1
2019-11-20T20:04:54.000Z,1
2019-11-20T20:13:26.000Z,1
2019-11-20T20:57:45.000Z,1
2019-11-20T22:27:03.000Z,1
2019-11-20T22:45:05.000Z,1
2019-11-21T07:03:43.000Z,1
2019-11-21T07:11:05.000Z,1
2019-11-21T07:26:57.000Z,1
2019-11-21T08:17:50.000Z,1
2019-11-21T08:32:17.000Z,1
2019-11-21T08:51:24.000Z,1
2019-11-21T09:04:24.000Z,1
2019-11-21T09:41:08.000Z,1
2019-11-21T09:41:32.000Z,1
2019-11-21T09:43:44.000Z,1
2019-11-21T10:28:33.000Z,1
2019-11-21T11:25:41.000Z,1
2019-11-21T11:27:22.000Z,1
2019-11-21T12:16:22.000Z,1
2019-11-21T12:34:24.000Z,1
2019-11-21T15:39:34.000Z,1
2019-11-21T15:47:55.000Z,1
2019-11-21T15:59:03.000Z,1
2019-11-21T16:08:56.000Z,1
2019-11-21T16:48:51.000Z,1
2019-11-21T16:58:45.000Z,1
2019-11-21T17:02:48.000Z,1
2019-11-21T17:19:01.000Z,1
2019-11-21T17:38:25.000Z,2
2019-11-21T18:22:44.000Z,1
2019-11-21T18:59:52.000Z,1
2019-11-21T19:32:53.000Z,1
2019-11-21T22:22:42.000Z,1
2019-11-21T22:28:11.000Z,1
2019-11-22T07:34:39.000Z,1
2019-11-22T07:46:11.000Z,1
2019-11-22T07:50:58.000Z,2
2019-11-22T09:14:39.000Z,1
2019-11-22T11:44:24.000Z,1
2019-11-22T11:49:23.000Z,1
2019-11-22T12:10:18.000Z,1
2019-11-22T13:11:59.000Z,1
2019-11-22T13:54:11.000Z,1
2019-11-22T14:11:48.000Z,1
2019-11-22T14:20:38.000Z,1
2019-11-22T14:58:14.000Z,1
2019-11-22T15:08:27.000Z,1
2019-11-22T15:32:21.000Z,1
2019-11-22T15:36:32.000Z,1
2019-11-22T16:08:35.000Z,1
2019-11-22T16:26:54.000Z,1
2019-11-22T16:52:09.000Z,1
2019-11-22T16:56:30.000Z,1
2019-11-22T16:56:38.000Z,1
2019-11-22T17:00:22.000Z,1
2019-11-22T17:15:05.000Z,1
2019-11-22T18:03:19.000Z,1
2019-11-22T18:13:28.000Z,1
2019-11-22T18:14:02.000Z,1
2019-11-22T18:16:19.000Z,1
2019-11-22T18:19:42.000Z,1
2019-11-22T18:24:40.000Z,1
2019-11-22T18:41:57.000Z,1
2019-11-23T00:21:38.000Z,1
2019-11-23T04:06:57.000Z,1
2019-11-23T09:36:46.000Z,2
2019-11-23T09:40:05.000Z,1
2019-11-23T11:13:35.000Z,1
2019-11-23T12:45:21.000Z,1
2019-11-23T13:05:31.000Z,1
2019-11-23T13:49:15.000Z,1
2019-11-23T13:51:44.000Z,1
2019-11-23T14:08:03.000Z,1
2019-11-23T14:29:19.000Z,1
2019-11-23T14:48:23.000Z,1
2019-11-23T15:07:12.000Z,1
2019-11-23T15:23:02.000Z,1
2019-11-23T16:14:30.000Z,1
2019-11-23T16:22:49.000Z,2
2019-11-23T16:30:06.000Z,1
2019-11-23T18:59:15.000Z,1
2019-11-23T19:58:26.000Z,1
2019-11-23T21:05:42.000Z,1
2019-11-24T09:00:30.000Z,1
2019-11-24T09:57:01.000Z,1
2019-11-24T10:44:18.000Z,1
2019-11-24T11:18:32.000Z,1
2019-11-24T11:45:52.000Z,1
2019-11-24T11:46:06.000Z,2
2019-11-24T12:18:09.000Z,1
2019-11-24T12:33:58.000Z,1
2019-11-24T12:34:05.000Z,2
2019-11-24T12:49:39.000Z,1
2019-11-24T13:43:45.000Z,1
2019-11-24T13:45:01.000Z,1
2019-11-24T13:49:42.000Z,1
2019-11-24T14:14:32.000Z,2
2019-11-24T14:19:02.000Z,1
2019-11-24T14:20:19.000Z,1
2019-11-24T14:27:38.000Z,1
2019-11-24T14:35:59.000Z,1
2019-11-24T14:45:09.000Z,1
2019-11-24T15:23:52.000Z,2
2019-11-24T15:25:06.000Z,3
2019-11-24T15:31:49.000Z,1
2019-11-24T15:44:03.000Z,1
2019-11-24T16:12:20.000Z,1
2019-11-24T16:22:11.000Z,2
2019-11-24T18:14:52.000Z,1
2019-11-24T18:31:01.000Z,1
2019-11-24T18:33:02.000Z,1
2019-11-24T18:49:02.000Z,1
2019-11-24T20:58:04.000Z,1
2019-11-24T21:40:09.000Z,1
2019-11-24T21:53:09.000Z,1
2019-11-25T03:20:13.000Z,1
2019-11-25T05:58:54.000Z,1
2019-11-25T06:41:21.000Z,1
2019-11-25T07:31:32.000Z,1
2019-11-25T07:42:32.000Z,1
2019-11-25T08:19:29.000Z,2
2019-11-25T08:24:52.000Z,1
2019-11-25T08:27:38.000Z,1
2019-11-25T08:34:18.000Z,2
2019-11-25T08:37:35.000Z,1
2019-11-25T08:42:38.000Z,1
2019-11-25T09:21:50.000Z,1
2019-11-25T09:24:44.000Z,1
2019-11-25T09:52:09.000Z,2
2019-11-25T09:59:29.000Z,1
2019-11-25T10:12:57.000Z,1
2019-11-25T10:13:34.000Z,1
2019-11-25T10:37:34.000Z,1
2019-11-25T10:57:05.000Z,1
2019-11-25T11:02:04.000Z,1
2019-11-25T11:15:03.000Z,1
2019-11-25T11:43:10.000Z,1
2019-11-25T11:45:16.000Z,1
2019-11-25T11:46:30.000Z,1
2019-11-25T11:58:16.000Z,1
2019-11-25T12:00:19.000Z,1
2019-11-25T12:56:21.000Z,1
2019-11-25T13:17:39.000Z,1
2019-11-25T13:40:11.000Z,1
2019-11-25T14:23:25.000Z,1
2019-11-25T14:59:27.000Z,1
2019-11-25T15:49:33.000Z,1
2019-11-25T15:52:01.000Z,1
2019-11-25T15:56:51.000Z,1
2019-11-25T16:38:36.000Z,1
2019-11-25T16:40:38.000Z,1
2019-11-25T17:06:48.000Z,2
2019-11-25T17:11:55.000Z,1
2019-11-25T17:14:55.000Z,1
2019-11-25T17:31:11.000Z,1
2019-11-25T17:34:20.000Z,1
2019-11-25T17:39:56.000Z,1
2019-11-25T18:02:52.000Z,1
2019-11-25T18:10:17.000Z,1
2019-11-25T18:21:37.000Z,1
2019-11-25T18:46:07.000Z,1
2019-11-25T19:08:53.000Z,1
2019-11-25T19:14:21.000Z,1
2019-11-25T19:22:17.000Z,1
2019-11-25T19:44:50.000Z,1
2019-11-25T20:29:37.000Z,1
2019-11-25T20:46:14.000Z,1
2019-11-26T05:35:29.000Z,1
2019-11-26T06:17:17.000Z,1
2019-11-26T06:44:47.000Z,1
2019-11-26T07:09:35.000Z,1
2019-11-26T07:29:46.000Z,1
2019-11-26T07:40:30.000Z,1
2019-11-26T07:53:29.000Z,1
2019-11-26T08:00:43.000Z,1
2019-11-26T08:06:13.000Z,1
2019-11-26T08:09:19.000Z,1
2019-11-26T08:28:21.000Z,2
2019-11-26T08:46:31.000Z,2
2019-11-26T08:47:18.000Z,1
2019-11-26T08:48:54.000Z,1
2019-11-26T08:56:59.000Z,1
2019-11-26T08:57:26.000Z,1
2019-11-26T09:16:29.000Z,1
2019-11-26T09:58:50.000Z,1
2019-11-26T11:32:03.000Z,1
2019-11-26T11:57:30.000Z,1
2019-11-26T12:09:37.000Z,1
2019-11-26T12:39:01.000Z,1
2019-11-26T13:59:07.000Z,1
2019-11-26T14:03:14.000Z,1
2019-11-26T15:07:48.000Z,1
2019-11-26T15:13:56.000Z,1
2019-11-26T15:23:14.000Z,1
2019-11-26T16:09:09.000Z,1
2019-11-26T16:41:58.000Z,1
2019-11-26T16:49:29.000Z,1
2019-11-26T17:14:20.000Z,1
2019-11-26T20:17:15.000Z,1
2019-11-27T06:01:59.000Z,1
2019-11-27T06:44:20.000Z,1
2019-11-27T06:55:35.000Z,1
2019-11-27T07:19:11.000Z,1
2019-11-27T07:57:46.000Z,1
2019-11-27T08:07:07.000Z,1
2019-11-27T08:45:53.000Z,1
2019-11-27T09:49:19.000Z,1
2019-11-27T10:33:57.000Z,1
2019-11-27T11:23:19.000Z,1
2019-11-27T11:32:37.000Z,1
2019-11-27T12:08:38.000Z,1
2019-11-27T12:27:27.000Z,1
2019-11-27T12:40:29.000Z,1
2019-11-27T12:52:40.000Z,1
2019-11-27T12:59:28.000Z,1
2019-11-27T14:00:57.000Z,1
2019-11-27T14:13:28.000Z,1
2019-11-27T14:18:44.000Z,1
2019-11-27T15:02:37.000Z,1
2019-11-27T15:04:45.000Z,1
2019-11-27T15:11:52.000Z,1
2019-11-27T16:11:00.000Z,1
2019-11-27T16:11:07.000Z,1
2019-11-27T16:31:22.000Z,1
2019-11-27T16:31:31.000Z,1
2019-11-27T16:50:53.000Z,1
2019-11-27T17:39:20.000Z,1
2019-11-27T17:56:33.000Z,1
2019-11-27T19:06:12.000Z,1
2019-11-27T19:14:35.000Z,1
2019-11-28T08:28:25.000Z,1
2019-11-28T09:13:33.000Z,1
2019-11-28T10:22:50.000Z,1
2019-11-28T13:08:36.000Z,1
2019-11-28T15:42:03.000Z,1
2019-11-28T15:45:01.000Z,1
2019-11-29T00:10:10.000Z,1
2019-11-29T07:54:36.000Z,1
2019-11-29T11:45:17.000Z,1
2019-11-29T11:58:50.000Z,1
2019-11-29T12:01:00.000Z,1
2019-11-29T12:15:02.000Z,1
2019-11-29T12:19:06.000Z,1
2019-11-29T13:54:07.000Z,1
2019-11-29T14:34:48.000Z,1
2019-11-29T15:03:12.000Z,1
2019-11-29T18:41:25.000Z,1
2019-11-29T18:52:25.000Z,1
2019-11-29T20:54:50.000Z,1
2019-11-29T21:21:30.000Z,1
2019-11-30T00:41:45.000Z,1
2019-11-30T05:59:33.000Z,1
2019-11-30T09:31:37.000Z,1
2019-11-30T13:47:06.000Z,1
2019-11-30T16:23:13.000Z,1
2019-11-30T17:38:33.000Z,1
2019-11-30T17:56:58.000Z,1
2019-11-30T19:16:57.000Z,1
2019-12-01T09:08:20.000Z,1
2019-12-01T11:12:22.000Z,1
2019-12-01T11:59:54.000Z,1
2019-12-01T12:35:00.000Z,1
2019-12-01T15:54:40.000Z,1
2019-12-01T23:57:50.000Z,1
2019-12-02T05:21:01.000Z,1
2019-12-02T06:05:20.000Z,1
2019-11-20T05:56:17.000Z,1
2019-11-20T06:55:14.000Z,1
2019-11-20T07:16:28.000Z,1
2019-11-20T07:23:49.000Z,1
2019-11-20T07:46:35.000Z,1
2019-11-20T08:08:41.000Z,2
2019-11-20T09:03:19.000Z,2
2019-11-20T10:08:39.000Z,1
2019-11-20T13:19:53.000Z,1
2019-11-20T15:53:40.000Z,1
2019-11-20T17:28:42.000Z,1
2019-11-20T18:07:44.000Z,2
2019-11-20T19:06:26.000Z,1
2019-11-21T13:05:30.000Z,1
2019-11-20T09:27:28.000Z,1
2019-11-20T13:48:20.000Z,1
2019-11-20T14:57:58.000Z,1
2019-11-20T17:06:09.000Z,1
2019-11-20T17:06:34.000Z,1
2019-11-20T17:07:53.000Z,1
2019-11-20T17:09:51.000Z,2
2019-11-20T17:15:07.000Z,1
2019-11-20T17:28:33.000Z,1
2019-11-20T17:43:02.000Z,1
2019-11-20T17:50:27.000Z,1
2019-11-20T18:07:55.000Z,1
2019-11-20T18:19:42.000Z,1
2019-11-20T18:22:24.000Z,1
2019-11-20T18:55:37.000Z,3
2019-11-20T19:00:42.000Z,1
2019-11-20T19:35:25.000Z,1
2019-11-20T19:48:28.000Z,1
2019-11-20T20:41:04.000Z,1
2019-11-20T21:25:43.000Z,1
2019-11-21T05:30:04.000Z,1
2019-11-21T07:59:27.000Z,1
2019-11-21T08:26:36.000Z,2
2019-11-21T08:34:09.000Z,1
2019-11-21T08:42:01.000Z,1
2019-11-21T09:16:55.000Z,1
2019-11-21T09:24:16.000Z,1
2019-11-21T10:03:09.000Z,1
2019-11-21T10:57:17.000Z,2
2019-11-21T11:47:02.000Z,1
2019-11-21T13:43:15.000Z,1
2019-11-21T14:07:22.000Z,1
2019-11-21T14:24:29.000Z,1
2019-11-21T14:49:18.000Z,1
2019-11-21T15:48:22.000Z,1
2019-11-21T15:53:10.000Z,1
2019-11-21T16:09:31.000Z,2
2019-11-21T16:50:42.000Z,1
2019-11-21T16:51:56.000Z,1
2019-11-21T17:13:26.000Z,1
2019-11-21T17:14:23.000Z,3
2019-11-21T17:24:43.000Z,1
2019-11-21T17:45:44.000Z,1
2019-11-21T17:54:07.000Z,2
2019-11-21T18:55:49.000Z,2
2019-11-21T19:01:19.000Z,1
2019-11-21T20:41:05.000Z,1
2019-11-21T22:21:00.000Z,1
2019-11-22T01:44:27.000Z,1
2019-11-22T06:37:57.000Z,1
2019-11-22T06:52:52.000Z,1
2019-11-22T07:05:42.000Z,1
2019-11-22T07:26:08.000Z,2
2019-11-22T07:34:28.000Z,1
2019-11-22T07:52:15.000Z,2
2019-11-22T07:53:38.000Z,1
2019-11-22T08:24:57.000Z,1
2019-11-22T08:30:16.000Z,1
2019-11-22T08:30:51.000Z,1
2019-11-22T09:27:06.000Z,1
2019-11-22T11:49:10.000Z,1
2019-11-22T12:17:01.000Z,2
2019-11-22T13:01:59.000Z,1
2019-11-22T13:14:44.000Z,1
2019-11-22T13:34:43.000Z,1
2019-11-22T14:27:58.000Z,1
2019-11-22T14:59:23.000Z,1
2019-11-22T15:33:19.000Z,1
2019-11-22T15:45:10.000Z,1
2019-11-22T15:45:38.000Z,1
2019-11-22T16:05:09.000Z,1
2019-11-22T16:30:23.000Z,1
2019-11-22T16:31:21.000Z,1
2019-11-22T16:32:24.000Z,1
2019-11-22T16:34:58.000Z,1
2019-11-22T16:59:50.000Z,1
2019-11-22T17:02:47.000Z,1
2019-11-22T17:09:54.000Z,1
2019-11-22T17:34:23.000Z,1
2019-11-22T17:59:12.000Z,1
2019-11-22T18:01:53.000Z,1
2019-11-22T18:17:32.000Z,1
2019-11-22T18:37:05.000Z,1
2019-11-22T20:42:40.000Z,1
2019-11-22T20:55:02.000Z,1
2019-11-22T22:04:32.000Z,1
2019-11-22T22:09:54.000Z,1
2019-11-22T22:16:40.000Z,1
2019-11-23T04:14:45.000Z,1
2019-11-23T09:05:57.000Z,1
2019-11-23T09:15:40.000Z,1
2019-11-23T10:10:20.000Z,1
2019-11-23T10:36:59.000Z,1
2019-11-23T11:41:19.000Z,1
2019-11-23T13:14:26.000Z,1
2019-11-23T13:30:05.000Z,1
2019-11-23T13:36:35.000Z,1
2019-11-23T13:44:43.000Z,1
2019-11-23T15:51:03.000Z,1
2019-11-23T15:54:25.000Z,1
2019-11-23T16:08:41.000Z,1
2019-11-23T16:29:54.000Z,1
2019-11-23T19:30:13.000Z,1
2019-11-23T23:14:00.000Z,1
2019-11-23T23:17:00.000Z,1
2019-11-23T23:24:37.000Z,1
2019-11-24T08:44:01.000Z,1
2019-11-24T09:38:06.000Z,1
2019-11-24T10:07:03.000Z,1
2019-11-24T10:08:54.000Z,1
2019-11-24T10:42:01.000Z,1
2019-11-24T10:57:58.000Z,1
2019-11-24T11:26:44.000Z,1
2019-11-24T11:42:37.000Z,1
2019-11-24T11:43:40.000Z,1
2019-11-24T12:09:02.000Z,1
2019-11-24T12:27:26.000Z,1
2019-11-24T12:29:39.000Z,1
2019-11-24T12:34:18.000Z,1
2019-11-24T12:51:36.000Z,1
2019-11-24T14:16:32.000Z,1
2019-11-24T14:23:53.000Z,1
2019-11-24T14:29:24.000Z,1
2019-11-24T14:52:09.000Z,1
2019-11-24T15:52:36.000Z,1
2019-11-24T18:15:41.000Z,1
2019-11-24T20:47:24.000Z,1
2019-11-25T06:19:47.000Z,1
2019-11-25T07:32:03.000Z,1
2019-11-25T07:38:31.000Z,1
2019-11-25T07:40:48.000Z,1
2019-11-25T07:41:35.000Z,1
2019-11-25T07:52:00.000Z,1
2019-11-25T07:58:15.000Z,2
2019-11-25T08:04:37.000Z,1
2019-11-25T08:13:19.000Z,2
2019-11-25T08:27:33.000Z,1
2019-11-25T08:37:48.000Z,2
2019-11-25T09:27:06.000Z,1
2019-11-25T11:15:29.000Z,1
2019-11-25T11:32:09.000Z,1
2019-11-25T11:45:27.000Z,1
2019-11-25T11:46:18.000Z,1
2019-11-25T11:50:21.000Z,1
2019-11-25T11:53:41.000Z,1
2019-11-25T12:10:00.000Z,1
2019-11-25T13:55:24.000Z,1
2019-11-25T15:14:11.000Z,1
2019-11-25T15:54:36.000Z,1
2019-11-25T16:14:17.000Z,2
2019-11-25T16:45:58.000Z,1
2019-11-25T17:13:09.000Z,1
2019-11-25T17:31:00.000Z,1
2019-11-25T17:52:00.000Z,1
2019-11-25T18:13:20.000Z,1
2019-11-25T18:37:21.000Z,1
2019-11-25T18:57:21.000Z,2
2019-11-25T19:02:57.000Z,1
2019-11-25T19:41:17.000Z,1
2019-11-25T19:55:58.000Z,1
2019-11-25T19:59:47.000Z,2
2019-11-25T21:14:15.000Z,1
2019-11-26T04:54:55.000Z,1
2019-11-26T05:24:40.000Z,1
2019-11-26T05:49:55.000Z,1
2019-11-26T06:28:22.000Z,1
2019-11-26T06:38:06.000Z,1
2019-11-26T06:49:37.000Z,1
2019-11-26T07:22:27.000Z,2
2019-11-26T07:28:49.000Z,1
2019-11-26T07:39:23.000Z,1
2019-11-26T07:41:00.000Z,1
2019-11-26T08:14:32.000Z,1
2019-11-26T08:22:51.000Z,1
2019-11-26T08:38:02.000Z,2
2019-11-26T09:02:22.000Z,1
2019-11-26T09:03:34.000Z,1
2019-11-26T09:31:32.000Z,1
2019-11-26T10:04:07.000Z,1
2019-11-26T10:40:10.000Z,1
2019-11-26T10:48:36.000Z,1
2019-11-26T11:51:03.000Z,1
2019-11-26T12:01:45.000Z,1
2019-11-26T12:27:17.000Z,1
2019-11-26T13:09:36.000Z,1
2019-11-26T14:23:48.000Z,1
2019-11-26T15:19:53.000Z,1
2019-11-26T16:08:40.000Z,1
2019-11-26T16:17:00.000Z,1
2019-11-26T16:24:28.000Z,1
2019-11-26T16:25:41.000Z,1
2019-11-26T16:32:56.000Z,1
2019-11-26T17:12:02.000Z,1
2019-11-26T17:12:45.000Z,1
2019-11-26T17:14:58.000Z,1
2019-11-26T17:53:33.000Z,1
2019-11-26T17:58:06.000Z,1
2019-11-26T18:14:23.000Z,1
2019-11-26T18:34:08.000Z,1
2019-11-26T19:06:39.000Z,1
2019-11-26T23:30:20.000Z,1
2019-11-27T05:43:34.000Z,1
2019-11-27T05:49:51.000Z,1
2019-11-27T06:30:24.000Z,1
2019-11-27T06:35:32.000Z,1
2019-11-27T06:53:04.000Z,1
2019-11-27T07:39:06.000Z,1
2019-11-27T08:27:20.000Z,2
2019-11-27T09:26:27.000Z,1
2019-11-27T10:15:38.000Z,1
2019-11-27T11:02:03.000Z,1
2019-11-27T12:31:15.000Z,1
2019-11-27T12:45:35.000Z,1
2019-11-27T14:08:23.000Z,1
2019-11-27T14:08:53.000Z,1
2019-11-27T14:28:01.000Z,1
2019-11-27T14:30:49.000Z,1
2019-11-27T15:01:05.000Z,1
2019-11-27T15:20:42.000Z,1
2019-11-27T15:28:58.000Z,1
2019-11-27T15:59:08.000Z,1
2019-11-27T17:49:47.000Z,1
2019-11-27T18:17:09.000Z,1
2019-11-27T19:45:39.000Z,1
2019-11-27T20:49:22.000Z,1
2019-11-27T22:18:11.000Z,1
2019-11-28T06:44:46.000Z,1
2019-11-28T07:38:24.000Z,1
2019-11-28T12:30:20.000Z,1
2019-11-28T12:51:13.000Z,1
2019-11-28T15:43:33.000Z,1
2019-11-29T07:45:58.000Z,1
2019-11-29T08:27:05.000Z,1
2019-11-29T11:06:06.000Z,1
2019-11-29T11:52:39.000Z,1
2019-11-29T13:54:21.000Z,1
2019-11-29T14:14:54.000Z,1
2019-11-29T14:25:55.000Z,1
2019-11-29T14:33:34.000Z,1
2019-11-29T14:56:30.000Z,1
2019-11-29T15:39:48.000Z,2
2019-11-29T16:00:22.000Z,1
2019-11-29T16:50:27.000Z,1
2019-11-29T17:02:38.000Z,1
2019-11-29T17:20:29.000Z,1
2019-11-29T17:33:32.000Z,1
2019-11-29T18:35:11.000Z,1
2019-11-29T21:14:02.000Z,1
2019-11-29T22:13:06.000Z,1
2019-11-30T12:50:01.000Z,1
2019-11-30T13:22:08.000Z,1
2019-11-30T14:41:34.000Z,1
2019-11-30T14:55:28.000Z,1
2019-11-30T17:48:22.000Z,1
2019-11-30T20:15:40.000Z,1
2019-12-01T02:22:37.000Z,1
2019-12-01T02:31:00.000Z,1
2019-12-01T08:44:28.000Z,1
2019-12-01T09:00:26.000Z,1
2019-12-01T09:16:29.000Z,1
2019-12-01T11:03:14.000Z,1
2019-12-01T12:32:46.000Z,1
2019-12-01T15:56:20.000Z,1
2019-12-01T16:34:31.000Z,1
2019-12-01T17:56:05.000Z,1
2019-12-01T18:12:19.000Z,1
2019-12-01T22:28:05.000Z,1
2019-12-02T00:00:11.000Z,1
2019-11-20T05:50:51.000Z,1
2019-11-20T06:51:16.000Z,1
2019-11-20T07:10:28.000Z,1
2019-11-20T07:16:10.000Z,1
2019-11-20T07:19:32.000Z,1
2019-11-20T07:35:15.000Z,2
2019-11-20T07:38:01.000Z,1
2019-11-20T07:47:54.000Z,1
2019-11-20T08:01:05.000Z,1
2019-11-20T08:16:02.000Z,1
2019-11-20T08:40:18.000Z,1
2019-11-20T08:56:02.000Z,1
2019-11-20T12:24:04.000Z,1
2019-11-20T17:03:47.000Z,1
2019-11-20T17:14:48.000Z,1
2019-11-20T17:20:41.000Z,1
2019-11-20T17:49:17.000Z,1
2019-11-21T06:46:56.000Z,1
2019-11-21T09:16:04.000Z,1
2019-11-20T09:36:21.000Z,1
2019-11-20T09:58:03.000Z,1
2019-11-20T10:42:30.000Z,1
2019-11-20T12:39:18.000Z,1
2019-11-20T13:33:27.000Z,1
2019-11-20T13:38:01.000Z,1
2019-11-20T14:22:43.000Z,1
2019-11-20T15:39:24.000Z,1
2019-11-20T16:35:33.000Z,1
2019-11-20T17:01:01.000Z,2
2019-11-20T17:01:48.000Z,1
2019-11-20T17:18:50.000Z,1
2019-11-20T18:44:43.000Z,1
2019-11-20T18:51:30.000Z,2
2019-11-20T19:03:51.000Z,1
2019-11-20T19:06:16.000Z,1
2019-11-20T20:01:34.000Z,1
2019-11-20T20:03:47.000Z,1
2019-11-20T20:44:04.000Z,1
2019-11-20T21:26:50.000Z,1
2019-11-20T21:37:57.000Z,1
2019-11-20T22:10:58.000Z,1
2019-11-21T01:13:38.000Z,1
2019-11-21T07:47:49.000Z,2
2019-11-21T07:54:05.000Z,1
2019-11-21T08:23:05.000Z,1
2019-11-21T08:27:00.000Z,1
2019-11-21T08:56:48.000Z,1
2019-11-21T09:18:00.000Z,1
2019-11-21T09:56:17.000Z,1
2019-11-21T10:00:14.000Z,1
2019-11-21T10:57:31.000Z,1
2019-11-21T11:29:31.000Z,1
2019-11-21T14:18:42.000Z,1
2019-11-21T14:29:20.000Z,1
2019-11-21T15:23:28.000Z,1
2019-11-21T16:24:03.000Z,1
2019-11-21T16:41:50.000Z,1
2019-11-21T16:44:55.000Z,1
2019-11-21T17:14:07.000Z,1
2019-11-21T17:24:09.000Z,1
2019-11-21T17:45:39.000Z,1
2019-11-21T17:54:56.000Z,1
2019-11-21T18:03:59.000Z,1
2019-11-21T18:07:33.000Z,1
2019-11-21T18:14:06.000Z,1
2019-11-21T18:15:40.000Z,1
2019-11-21T18:19:06.000Z,1
2019-11-21T19:45:10.000Z,1
2019-11-21T20:30:05.000Z,1
2019-11-21T20:38:40.000Z,1
2019-11-21T20:55:04.000Z,1
2019-11-21T20:58:53.000Z,1
2019-11-21T21:06:44.000Z,1
2019-11-21T21:18:52.000Z,1
2019-11-22T07:16:23.000Z,1
2019-11-22T07:18:18.000Z,1
2019-11-22T07:23:24.000Z,1
2019-11-22T07:37:27.000Z,1
2019-11-22T08:16:11.000Z,2
2019-11-22T09:06:29.000Z,1
2019-11-22T09:15:13.000Z,1
2019-11-22T09:17:42.000Z,1
2019-11-22T10:39:08.000Z,1
2019-11-22T10:56:24.000Z,1
2019-11-22T11:15:50.000Z,1
2019-11-22T11:43:47.000Z,1
2019-11-22T14:01:50.000Z,1
2019-11-22T14:11:15.000Z,1
2019-11-22T14:20:47.000Z,1
2019-11-22T15:33:21.000Z,1
2019-11-22T16:11:54.000Z,1
2019-11-22T16:15:05.000Z,2
2019-11-22T16:21:07.000Z,1
2019-11-22T16:25:04.000Z,1
2019-11-22T16:27:55.000Z,2
2019-11-22T16:44:50.000Z,2
2019-11-22T16:50:27.000Z,1
2019-11-22T16:52:05.000Z,1
2019-11-22T17:14:50.000Z,1
2019-11-22T17:38:29.000Z,1
2019-11-22T17:46:20.000Z,1
2019-11-22T18:35:51.000Z,1
2019-11-22T18:55:21.000Z,1
2019-11-22T18:56:04.000Z,1
2019-11-22T20:42:20.000Z,1
2019-11-22T21:47:13.000Z,1
2019-11-23T06:15:45.000Z,1
2019-11-23T07:08:08.000Z,1
2019-11-23T08:57:01.000Z,1
2019-11-23T09:00:42.000Z,1
2019-11-23T10:29:06.000Z,1
2019-11-23T10:43:00.000Z,1
2019-11-23T11:27:03.000Z,1
2019-11-23T12:06:32.000Z,1
2019-11-23T12:41:15.000Z,1
2019-11-23T13:28:03.000Z,1
2019-11-23T13:57:24.000Z,1
2019-11-23T14:32:26.000Z,1
2019-11-23T14:34:58.000Z,1
2019-11-23T17:26:34.000Z,1
2019-11-23T17:47:38.000Z,1
2019-11-23T18:18:12.000Z,1
2019-11-23T18:37:48.000Z,1
2019-11-23T18:43:12.000Z,1
2019-11-23T19:01:50.000Z,1
2019-11-23T19:13:34.000Z,1
2019-11-23T19:25:26.000Z,1
2019-11-24T04:32:55.000Z,1
2019-11-24T05:43:58.000Z,1
2019-11-24T07:59:08.000Z,1
2019-11-24T10:07:23.000Z,2
2019-11-24T10:12:30.000Z,1
2019-11-24T11:03:56.000Z,1
2019-11-24T11:05:01.000Z,1
2019-11-24T11:05:41.000Z,1
2019-11-24T11:19:43.000Z,1
2019-11-24T12:47:25.000Z,1
2019-11-24T13:03:26.000Z,1
2019-11-24T13:38:56.000Z,1
2019-11-24T14:58:11.000Z,1
2019-11-24T15:08:59.000Z,1
2019-11-24T15:58:24.000Z,1
2019-11-24T16:19:31.000Z,1
2019-11-24T16:27:04.000Z,1
2019-11-24T17:36:54.000Z,1
2019-11-24T18:13:26.000Z,1
2019-11-24T18:59:25.000Z,1
2019-11-24T19:02:59.000Z,1
2019-11-24T19:12:41.000Z,1
2019-11-24T19:23:59.000Z,1
2019-11-24T19:43:03.000Z,1
2019-11-25T05:38:31.000Z,1
2019-11-25T06:07:45.000Z,1
2019-11-25T06:39:52.000Z,1
2019-11-25T07:06:01.000Z,2
2019-11-25T07:22:13.000Z,1
2019-11-25T08:01:36.000Z,1
2019-11-25T08:32:46.000Z,1
2019-11-25T09:18:37.000Z,1
2019-11-25T09:26:43.000Z,1
2019-11-25T10:02:01.000Z,1
2019-11-25T11:21:16.000Z,1
2019-11-25T11:33:07.000Z,2
2019-11-25T13:03:30.000Z,1
2019-11-25T13:10:38.000Z,1
2019-11-25T14:20:00.000Z,1
2019-11-25T15:42:15.000Z,1
2019-11-25T15:53:42.000Z,1
2019-11-25T16:07:34.000Z,1
2019-11-25T16:13:31.000Z,1
2019-11-25T16:15:30.000Z,1
2019-11-25T16:17:16.000Z,1
2019-11-25T16:44:32.000Z,1
2019-11-25T16:55:24.000Z,1
2019-11-25T17:08:28.000Z,1
2019-11-25T17:12:36.000Z,1
2019-11-25T17:27:11.000Z,2
2019-11-25T17:29:27.000Z,1
2019-11-25T17:30:38.000Z,1
2019-11-25T18:01:24.000Z,1
2019-11-25T18:36:52.000Z,1
2019-11-25T18:54:58.000Z,1
2019-11-25T21:48:29.000Z,1
2019-11-26T05:35:07.000Z,1
2019-11-26T06:31:57.000Z,1
2019-11-26T06:36:18.000Z,1
2019-11-26T06:36:54.000Z,1
2019-11-26T06:49:51.000Z,1
2019-11-26T07:22:49.000Z,1
2019-11-26T07:45:35.000Z,1
2019-11-26T07:45:50.000Z,1
2019-11-26T07:54:52.000Z,2
2019-11-26T07:55:17.000Z,2
2019-11-26T08:19:07.000Z,1
2019-11-26T09:30:33.000Z,1
2019-11-26T10:02:20.000Z,1
2019-11-26T10:50:47.000Z,1
2019-11-26T11:43:14.000Z,1
2019-11-26T11:58:02.000Z,1
2019-11-26T12:40:20.000Z,1
2019-11-26T12:47:11.000Z,1
2019-11-26T12:55:52.000Z,1
2019-11-26T12:58:08.000Z,1
2019-11-26T13:33:07.000Z,1
2019-11-26T14:37:14.000Z,1
2019-11-26T15:51:39.000Z,2
2019-11-26T16:04:57.000Z,1
2019-11-26T16:21:16.000Z,1
2019-11-26T17:11:17.000Z,1
2019-11-26T17:11:31.000Z,1
2019-11-26T19:08:31.000Z,1
2019-11-27T06:23:28.000Z,1
2019-11-27T06:26:03.000Z,1
2019-11-27T06:36:50.000Z,1
2019-11-27T07:21:22.000Z,1
2019-11-27T07:37:46.000Z,1
2019-11-27T07:40:31.000Z,1
2019-11-27T08:56:15.000Z,1
2019-11-27T09:09:13.000Z,1
2019-11-27T10:12:08.000Z,1
2019-11-27T11:45:01.000Z,1
2019-11-27T12:39:07.000Z,1
2019-11-27T12:58:01.000Z,1
2019-11-27T13:12:21.000Z,1
2019-11-27T13:40:22.000Z,1
2019-11-27T15:39:55.000Z,1
2019-11-27T15:41:35.000Z,1
2019-11-27T15:43:51.000Z,1
2019-11-27T17:00:51.000Z,1
2019-11-27T20:02:01.000Z,1
2019-11-27T21:09:20.000Z,1
2019-11-27T22:53:42.000Z,1
2019-11-28T08:17:58.000Z,1
2019-11-28T09:44:35.000Z,1
2019-11-28T11:12:00.000Z,1
2019-11-28T11:54:44.000Z,1
2019-11-28T12:04:39.000Z,1
2019-11-28T12:32:20.000Z,1
2019-11-28T13:55:33.000Z,1
2019-11-28T15:07:07.000Z,1
2019-11-29T01:31:01.000Z,1
2019-11-29T04:58:15.000Z,1
2019-11-29T09:40:05.000Z,1
2019-11-29T09:56:25.000Z,1
2019-11-29T10:10:01.000Z,1
2019-11-29T10:21:06.000Z,1
2019-11-29T10:42:07.000Z,1
2019-11-29T12:14:17.000Z,1
2019-11-29T13:36:28.000Z,1
2019-11-29T14:11:57.000Z,1
2019-11-29T14:21:54.000Z,1
2019-11-29T16:21:24.000Z,1
2019-11-29T17:37:53.000Z,1
2019-11-29T17:49:23.000Z,1
2019-11-29T20:41:55.000Z,1
2019-11-30T09:52:06.000Z,1
2019-11-30T15:35:22.000Z,1
2019-11-30T18:25:32.000Z,1
2019-11-30T22:34:09.000Z,1
2019-12-01T06:46:54.000Z,1
2019-12-01T09:55:40.000Z,1
2019-12-01T09:58:55.000Z,1
2019-12-01T12:08:44.000Z,1
2019-12-01T12:16:46.000Z,1
2019-11-20T07:02:25.000Z,1
2019-11-20T07:27:26.000Z,2
2019-11-20T07:36:46.000Z,1
2019-11-20T07:42:50.000Z,1
2019-11-20T08:10:07.000Z,3
2019-11-20T09:39:19.000Z,1
2019-11-20T10:06:53.000Z,1
2019-11-20T13:07:29.000Z,1
2019-11-20T18:47:28.000Z,1
2019-11-21T17:16:04.000Z,1
2019-11-20T11:46:49.000Z,1
2019-11-20T14:34:04.000Z,1
2019-11-20T14:34:20.000Z,1
2019-11-20T15:22:50.000Z,1
2019-11-20T15:36:08.000Z,1
2019-11-20T15:43:23.000Z,1
2019-11-20T15:57:31.000Z,1
2019-11-20T16:11:16.000Z,1
2019-11-20T16:37:04.000Z,1
2019-11-20T16:54:31.000Z,1
2019-11-20T17:03:36.000Z,1
2019-11-20T17:23:32.000Z,1
2019-11-20T18:13:21.000Z,1
2019-11-20T18:31:12.000Z,1
2019-11-20T19:06:29.000Z,1
2019-11-20T19:16:44.000Z,1
2019-11-20T19:31:18.000Z,1
2019-11-20T19:34:18.000Z,1
2019-11-20T19:56:25.000Z,1
2019-11-20T20:59:17.000Z,1
2019-11-20T21:10:33.000Z,1
2019-11-20T21:54:06.000Z,1
2019-11-20T22:47:23.000Z,1
2019-11-21T03:41:21.000Z,1
2019-11-21T06:18:40.000Z,1
2019-11-21T07:53:08.000Z,2
2019-11-21T07:53:27.000Z,1
2019-11-21T08:04:22.000Z,1
2019-11-21T08:40:41.000Z,2
2019-11-21T09:03:49.000Z,1
2019-11-21T09:31:25.000Z,1
2019-11-21T10:02:52.000Z,1
2019-11-21T10:44:47.000Z,1
2019-11-21T11:34:22.000Z,1
2019-11-21T11:57:28.000Z,1
2019-11-21T13:51:02.000Z,1
2019-11-21T14:10:26.000Z,1
2019-11-21T15:43:42.000Z,1
2019-11-21T15:47:12.000Z,1
2019-11-21T16:24:35.000Z,1
2019-11-21T16:36:29.000Z,1
2019-11-21T16:42:48.000Z,1
2019-11-21T17:31:24.000Z,1
2019-11-21T17:31:58.000Z,1
2019-11-21T17:35:13.000Z,1
2019-11-21T17:50:18.000Z,1
2019-11-21T17:59:22.000Z,1
2019-11-21T18:02:15.000Z,2
2019-11-21T18:10:17.000Z,1
2019-11-21T18:24:29.000Z,1
2019-11-21T18:41:12.000Z,1
2019-11-21T21:06:01.000Z,1
2019-11-22T06:37:36.000Z,1
2019-11-22T06:54:23.000Z,1
2019-11-22T06:59:23.000Z,1
2019-11-22T07:46:39.000Z,1
2019-11-22T07:52:49.000Z,1
2019-11-22T08:03:01.000Z,1
2019-11-22T08:10:41.000Z,1
2019-11-22T08:19:16.000Z,1
2019-11-22T08:21:14.000Z,1
2019-11-22T08:24:04.000Z,1
2019-11-22T09:04:19.000Z,1
2019-11-22T09:19:39.000Z,1
2019-11-22T10:24:48.000Z,1
2019-11-22T11:41:59.000Z,1
2019-11-22T12:05:27.000Z,1
2019-11-22T12:34:23.000Z,1
2019-11-22T12:51:23.000Z,1
2019-11-22T14:58:03.000Z,1
2019-11-22T15:18:09.000Z,1
2019-11-22T16:13:50.000Z,1
2019-11-22T16:18:32.000Z,2
2019-11-22T16:30:09.000Z,1
2019-11-22T16:56:41.000Z,1
2019-11-22T16:57:58.000Z,1
2019-11-22T17:23:37.000Z,1
2019-11-22T17:27:28.000Z,1
2019-11-22T17:33:39.000Z,1
2019-11-22T17:55:22.000Z,1
2019-11-22T18:01:48.000Z,1
2019-11-22T18:05:21.000Z,1
2019-11-22T18:21:53.000Z,1
2019-11-22T18:47:16.000Z,1
2019-11-22T19:38:38.000Z,1
2019-11-22T19:52:46.000Z,1
2019-11-22T20:02:06.000Z,1
2019-11-22T21:20:17.000Z,1
2019-11-22T22:42:38.000Z,1
2019-11-22T23:54:04.000Z,1
2019-11-23T02:17:20.000Z,1
2019-11-23T09:20:12.000Z,1
2019-11-23T09:41:26.000Z,2
2019-11-23T09:54:05.000Z,1
2019-11-23T10:16:19.000Z,1
2019-11-23T10:47:21.000Z,1
2019-11-23T11:47:40.000Z,1
2019-11-23T12:17:49.000Z,1
2019-11-23T13:38:44.000Z,1
2019-11-23T13:48:25.000Z,1
2019-11-23T15:26:50.000Z,1
2019-11-23T15:30:51.000Z,1
2019-11-23T15:45:42.000Z,1
2019-11-23T15:53:05.000Z,1
2019-11-23T18:00:53.000Z,1
2019-11-23T18:18:07.000Z,1
2019-11-23T18:18:16.000Z,1
2019-11-23T20:23:07.000Z,1
2019-11-23T21:59:07.000Z,1
2019-11-24T07:53:03.000Z,1
2019-11-24T09:09:56.000Z,1
2019-11-24T10:04:59.000Z,1
2019-11-24T10:18:27.000Z,1
2019-11-24T10:22:34.000Z,1
2019-11-24T11:04:30.000Z,1
2019-11-24T11:27:58.000Z,1
2019-11-24T11:41:52.000Z,1
2019-11-24T11:51:48.000Z,1
2019-11-24T12:15:24.000Z,1
2019-11-24T12:22:15.000Z,1
2019-11-24T12:26:23.000Z,1
2019-11-24T12:39:41.000Z,1
2019-11-24T13:14:47.000Z,1
2019-11-24T13:16:56.000Z,1
2019-11-24T13:29:32.000Z,1
2019-11-24T13:29:51.000Z,1
2019-11-24T14:09:02.000Z,1
2019-11-24T14:26:27.000Z,1
2019-11-24T14:28:58.000Z,1
2019-11-24T15:03:45.000Z,1
2019-11-24T16:44:24.000Z,1
2019-11-24T17:21:27.000Z,1
2019-11-24T17:41:00.000Z,1
2019-11-24T17:59:34.000Z,1
2019-11-24T18:46:26.000Z,1
2019-11-24T20:13:07.000Z,1
2019-11-24T20:46:35.000Z,1
2019-11-24T22:07:20.000Z,1
2019-11-24T23:40:03.000Z,1
2019-11-25T05:41:03.000Z,1
2019-11-25T06:49:29.000Z,2
2019-11-25T07:10:28.000Z,1
2019-11-25T07:50:14.000Z,1
2019-11-25T08:24:26.000Z,2
2019-11-25T08:35:10.000Z,2
2019-11-25T08:37:38.000Z,1
2019-11-25T08:42:27.000Z,2
2019-11-25T08:53:23.000Z,1
2019-11-25T09:03:16.000Z,1
2019-11-25T11:38:38.000Z,1
2019-11-25T12:59:15.000Z,1
2019-11-25T13:25:12.000Z,1
2019-11-25T16:11:28.000Z,1
2019-11-25T16:13:26.000Z,1
2019-11-25T16:21:20.000Z,1
2019-11-25T16:21:26.000Z,1
2019-11-25T16:28:30.000Z,1
2019-11-25T16:37:44.000Z,1
2019-11-25T16:40:39.000Z,1
2019-11-25T17:04:36.000Z,1
2019-11-25T17:11:17.000Z,1
2019-11-25T17:27:46.000Z,1
2019-11-25T17:35:36.000Z,2
2019-11-25T17:37:24.000Z,1
2019-11-25T17:59:29.000Z,1
2019-11-25T18:03:56.000Z,1
2019-11-25T18:14:46.000Z,1
2019-11-25T18:33:03.000Z,1
2019-11-25T18:35:55.000Z,2
2019-11-25T18:36:21.000Z,1
2019-11-25T19:06:53.000Z,1
2019-11-25T20:56:59.000Z,1
2019-11-25T21:10:48.000Z,1
2019-11-25T21:13:53.000Z,1
2019-11-25T21:48:05.000Z,1
2019-11-25T23:31:31.000Z,1
2019-11-26T05:59:14.000Z,1
2019-11-26T06:21:31.000Z,1
2019-11-26T06:49:32.000Z,1
2019-11-26T06:58:44.000Z,1
2019-11-26T07:32:00.000Z,1
2019-11-26T08:01:17.000Z,1
2019-11-26T08:02:04.000Z,1
2019-11-26T08:06:03.000Z,2
2019-11-26T08:47:40.000Z,1
2019-11-26T08:53:03.000Z,1
2019-11-26T09:08:37.000Z,1
2019-11-26T09:20:37.000Z,2
2019-11-26T09:39:08.000Z,1
2019-11-26T11:47:19.000Z,1
2019-11-26T12:07:41.000Z,1
2019-11-26T12:13:12.000Z,1
2019-11-26T12:55:58.000Z,1
2019-11-26T13:04:46.000Z,2
2019-11-26T13:05:46.000Z,1
2019-11-26T13:27:36.000Z,1
2019-11-26T14:11:26.000Z,2
2019-11-26T14:16:52.000Z,1
2019-11-26T16:02:03.000Z,1
2019-11-26T17:56:42.000Z,1
2019-11-26T19:10:05.000Z,1
2019-11-27T05:00:25.000Z,1
2019-11-27T06:59:17.000Z,1
2019-11-27T07:08:08.000Z,1
2019-11-27T07:45:43.000Z,1
2019-11-27T07:46:52.000Z,1
2019-11-27T07:47:56.000Z,1
2019-11-27T07:58:07.000Z,1
2019-11-27T08:03:54.000Z,1
2019-11-27T08:29:12.000Z,1
2019-11-27T08:41:08.000Z,1
2019-11-27T09:09:01.000Z,1
2019-11-27T14:48:15.000Z,1
2019-11-27T15:06:04.000Z,1
2019-11-27T15:33:56.000Z,1
2019-11-27T15:46:22.000Z,1
2019-11-27T16:01:27.000Z,1
2019-11-27T16:22:40.000Z,1
2019-11-27T16:58:57.000Z,1
2019-11-27T17:15:12.000Z,1
2019-11-27T19:18:16.000Z,1
2019-11-27T20:13:36.000Z,1
2019-11-27T20:14:28.000Z,1
2019-11-28T08:42:09.000Z,1
2019-11-28T14:29:33.000Z,1
2019-11-28T14:31:15.000Z,1
2019-11-28T14:32:50.000Z,2
2019-11-28T15:20:13.000Z,1
2019-11-28T18:58:40.000Z,1
2019-11-29T05:27:34.000Z,1
2019-11-29T06:19:27.000Z,2
2019-11-29T07:57:17.000Z,1
2019-11-29T08:13:47.000Z,1
2019-11-29T11:23:12.000Z,1
2019-11-29T11:34:56.000Z,1
2019-11-29T12:41:37.000Z,1
2019-11-29T13:57:39.000Z,1
2019-11-29T16:05:48.000Z,1
2019-11-29T16:08:04.000Z,1
2019-11-29T16:21:40.000Z,1
2019-11-29T17:58:09.000Z,1
2019-11-29T19:08:34.000Z,1
2019-11-29T19:35:23.000Z,1
2019-11-29T19:54:31.000Z,1
2019-11-29T22:07:11.000Z,1
2019-11-29T23:52:09.000Z,1
2019-11-30T00:40:40.000Z,1
2019-11-30T02:13:58.000Z,1
2019-11-30T08:29:15.000Z,1
2019-11-30T08:34:57.000Z,1
2019-11-30T08:51:26.000Z,1
2019-11-30T08:56:12.000Z,1
2019-11-30T09:02:42.000Z,1
2019-11-30T10:44:26.000Z,1
2019-11-30T11:32:42.000Z,1
2019-11-30T11:54:39.000Z,1
2019-11-30T13:17:29.000Z,1
2019-11-30T15:58:48.000Z,1
2019-11-30T16:09:06.000Z,2
2019-11-30T19:18:07.000Z,1
2019-12-01T08:13:15.000Z,1
2019-12-01T09:10:07.000Z,1
2019-12-01T11:59:14.000Z,1
2019-12-01T12:04:19.000Z,1
2019-12-01T13:50:23.000Z,1
2019-12-01T14:12:39.000Z,1
2019-12-01T14:23:31.000Z,1
2019-12-01T18:02:04.000Z,1
2019-12-01T20:13:47.000Z,1
2019-12-01T20:23:20.000Z,1
2019-12-01T22:31:43.000Z,1
2019-11-20T06:33:30.000Z,1
2019-11-20T06:56:16.000Z,1
2019-11-20T06:57:52.000Z,1
2019-11-20T07:05:44.000Z,1
2019-11-20T07:46:00.000Z,1
2019-11-20T08:16:03.000Z,1
2019-11-20T08:18:52.000Z,2
2019-11-20T08:29:40.000Z,1
2019-11-20T08:49:42.000Z,1
2019-11-20T08:59:56.000Z,1
2019-11-20T09:08:48.000Z,1
2019-11-20T09:34:29.000Z,1
2019-11-20T12:07:34.000Z,2
2019-11-20T14:35:40.000Z,1
2019-11-20T14:54:06.000Z,1
2019-11-20T15:23:25.000Z,1
2019-11-20T17:10:45.000Z,2
2019-11-20T17:19:24.000Z,1
2019-11-20T17:41:49.000Z,1
2019-11-20T18:04:54.000Z,1
2019-11-20T20:43:01.000Z,1
2019-11-20T08:21:29.000Z,1
2019-11-20T11:47:08.000Z,1
2019-11-20T12:20:34.000Z,1
2019-11-20T13:58:21.000Z,1
2019-11-20T14:09:37.000Z,1
2019-11-20T15:56:43.000Z,1
2019-11-20T16:23:49.000Z,1
2019-11-20T16:42:23.000Z,1
2019-11-20T16:46:40.000Z,2
2019-11-20T16:50:25.000Z,1
2019-11-20T17:07:51.000Z,1
2019-11-20T17:19:33.000Z,1
2019-11-20T18:31:40.000Z,1
2019-11-20T19:58:20.000Z,1
2019-11-20T20:00:26.000Z,1
2019-11-20T20:27:12.000Z,1
2019-11-20T20:37:47.000Z,1
2019-11-20T20:53:10.000Z,1
2019-11-21T00:46:42.000Z,1
2019-11-21T01:20:36.000Z,1
2019-11-21T01:26:54.000Z,1
2019-11-21T02:23:01.000Z,1
2019-11-21T07:43:27.000Z,1
2019-11-21T07:55:18.000Z,1
2019-11-21T08:25:48.000Z,2
2019-11-21T08:53:05.000Z,1
2019-11-21T09:39:35.000Z,1
2019-11-21T09:56:52.000Z,1
2019-11-21T10:53:44.000Z,1
2019-11-21T11:35:45.000Z,1
2019-11-21T12:46:39.000Z,1
2019-11-21T13:05:14.000Z,1
2019-11-21T13:16:26.000Z,1
2019-11-21T13:40:09.000Z,1
2019-11-21T16:03:56.000Z,1
2019-11-21T16:06:07.000Z,1
2019-11-21T16:20:17.000Z,1
2019-11-21T16:37:12.000Z,1
2019-11-21T16:48:47.000Z,1
2019-11-21T17:00:31.000Z,1
2019-11-21T17:11:44.000Z,1
2019-11-21T17:43:50.000Z,1
2019-11-21T17:51:02.000Z,1
2019-11-21T18:12:35.000Z,1
2019-11-21T18:59:06.000Z,1
2019-11-21T20:33:12.000Z,1
2019-11-21T20:45:13.000Z,1
2019-11-21T21:02:13.000Z,1
2019-11-21T22:36:27.000Z,1
2019-11-21T22:50:30.000Z,1
2019-11-22T06:49:14.000Z,1
2019-11-22T07:09:08.000Z,1
2019-11-22T07:11:41.000Z,2
2019-11-22T07:31:19.000Z,1
2019-11-22T08:23:37.000Z,2
2019-11-22T08:23:47.000Z,2
2019-11-22T08:31:45.000Z,1
2019-11-22T08:38:50.000Z,1
2019-11-22T08:43:04.000Z,1
2019-11-22T08:52:43.000Z,1
2019-11-22T09:01:33.000Z,1
2019-11-22T09:50:59.000Z,1
2019-11-22T09:59:54.000Z,1
2019-11-22T11:40:13.000Z,1
2019-11-22T11:44:48.000Z,1
2019-11-22T12:12:48.000Z,1
2019-11-22T12:47:43.000Z,1
2019-11-22T12:48:02.000Z,1
2019-11-22T13:22:30.000Z,1
2019-11-22T13:23:46.000Z,1
2019-11-22T14:00:36.000Z,1
2019-11-22T14:04:29.000Z,1
2019-11-22T14:40:12.000Z,1
2019-11-22T14:44:59.000Z,1
2019-11-22T14:57:37.000Z,1
2019-11-22T15:38:44.000Z,1
2019-11-22T15:39:37.000Z,1
2019-11-22T16:02:42.000Z,1
2019-11-22T16:30:07.000Z,1
2019-11-22T16:33:10.000Z,1
2019-11-22T16:45:24.000Z,1
2019-11-22T16:56:05.000Z,2
2019-11-22T16:57:02.000Z,1
2019-11-22T16:59:15.000Z,1
2019-11-22T18:21:36.000Z,1
2019-11-22T19:44:44.000Z,1
2019-11-22T22:29:31.000Z,1
2019-11-23T00:04:29.000Z,1
2019-11-23T01:14:41.000Z,1
2019-11-23T08:53:27.000Z,1
2019-11-23T09:27:39.000Z,1
2019-11-23T10:25:18.000Z,1
2019-11-23T10:48:20.000Z,1
2019-11-23T10:51:26.000Z,1
2019-11-23T11:41:28.000Z,1
2019-11-23T12:00:27.000Z,1
2019-11-23T12:05:36.000Z,1
2019-11-23T13:21:59.000Z,1
2019-11-23T13:34:47.000Z,2
2019-11-23T13:49:43.000Z,1
2019-11-23T14:44:36.000Z,1
2019-11-23T15:07:36.000Z,1
2019-11-23T15:29:23.000Z,1
2019-11-23T15:32:47.000Z,2
2019-11-23T16:21:58.000Z,1
2019-11-23T16:51:22.000Z,1
2019-11-23T17:06:11.000Z,1
2019-11-23T18:40:08.000Z,1
2019-11-23T18:58:38.000Z,1
2019-11-23T19:23:56.000Z,1
2019-11-23T21:07:15.000Z,1
2019-11-24T09:20:27.000Z,1
2019-11-24T09:41:54.000Z,1
2019-11-24T09:51:26.000Z,1
2019-11-24T10:36:04.000Z,1
2019-11-24T10:53:13.000Z,1
2019-11-24T11:16:53.000Z,2
2019-11-24T11:37:00.000Z,1
2019-11-24T11:56:55.000Z,1
2019-11-24T12:41:14.000Z,1
2019-11-24T13:09:02.000Z,1
2019-11-24T13:10:53.000Z,1
2019-11-24T13:29:33.000Z,1
2019-11-24T14:04:24.000Z,1
2019-11-24T14:16:27.000Z,2
2019-11-24T14:39:18.000Z,1
2019-11-24T15:04:16.000Z,1
2019-11-24T15:08:36.000Z,1
2019-11-24T15:37:37.000Z,1
2019-11-24T15:57:01.000Z,1
2019-11-24T16:55:38.000Z,1
2019-11-24T18:04:47.000Z,1
2019-11-24T18:18:11.000Z,1
2019-11-24T18:23:14.000Z,1
2019-11-24T18:30:43.000Z,1
2019-11-24T18:33:04.000Z,1
2019-11-24T20:07:23.000Z,1
2019-11-24T20:52:33.000Z,1
2019-11-25T00:35:48.000Z,1
2019-11-25T06:42:50.000Z,1
2019-11-25T06:45:45.000Z,1
2019-11-25T06:49:40.000Z,1
2019-11-25T07:22:24.000Z,1
2019-11-25T07:26:47.000Z,1
2019-11-25T07:39:50.000Z,1
2019-11-25T07:48:35.000Z,1
2019-11-25T07:56:06.000Z,1
2019-11-25T07:56:56.000Z,1
2019-11-25T08:11:05.000Z,1
2019-11-25T08:14:13.000Z,1
2019-11-25T08:17:29.000Z,1
2019-11-25T08:37:45.000Z,1
2019-11-25T08:38:11.000Z,1
2019-11-25T11:01:02.000Z,1
2019-11-25T12:03:52.000Z,1
2019-11-25T12:06:27.000Z,1
2019-11-25T12:30:31.000Z,1
2019-11-25T13:19:07.000Z,1
2019-11-25T13:43:34.000Z,1
2019-11-25T13:50:16.000Z,1
2019-11-25T14:36:46.000Z,1
2019-11-25T14:42:44.000Z,1
2019-11-25T14:48:42.000Z,2
2019-11-25T15:43:34.000Z,1
2019-11-25T15:48:39.000Z,1
2019-11-25T16:05:17.000Z,1
2019-11-25T16:07:52.000Z,1
2019-11-25T16:44:52.000Z,1
2019-11-25T16:52:40.000Z,2
2019-11-25T16:56:04.000Z,1
2019-11-25T16:58:40.000Z,2
2019-11-25T17:06:08.000Z,1
2019-11-25T17:13:06.000Z,1
2019-11-25T17:15:14.000Z,1
2019-11-25T17:21:42.000Z,1
2019-11-25T17:33:12.000Z,1
2019-11-25T17:36:45.000Z,1
2019-11-25T17:44:59.000Z,1
2019-11-25T17:47:40.000Z,1
2019-11-25T17:51:49.000Z,2
2019-11-25T18:18:06.000Z,1
2019-11-25T18:41:04.000Z,2
2019-11-25T21:41:21.000Z,1
2019-11-26T06:50:03.000Z,1
2019-11-26T07:15:37.000Z,1
2019-11-26T07:18:15.000Z,1
2019-11-26T07:18:41.000Z,1
2019-11-26T07:20:47.000Z,1
2019-11-26T07:31:56.000Z,1
2019-11-26T07:41:50.000Z,1
2019-11-26T07:46:28.000Z,1
2019-11-26T07:48:11.000Z,1
2019-11-26T07:55:39.000Z,1
2019-11-26T08:03:17.000Z,1
2019-11-26T08:05:38.000Z,1
2019-11-26T08:21:56.000Z,1
2019-11-26T08:40:38.000Z,1
2019-11-26T08:48:07.000Z,1
2019-11-26T09:00:50.000Z,1
2019-11-26T09:28:37.000Z,1
2019-11-26T09:36:38.000Z,1
2019-11-26T10:04:12.000Z,1
2019-11-26T11:39:03.000Z,1
2019-11-26T11:56:17.000Z,1
2019-11-26T13:02:26.000Z,1
2019-11-26T13:36:03.000Z,1
2019-11-26T15:46:07.000Z,1
2019-11-26T16:14:51.000Z,1
2019-11-26T16:41:21.000Z,1
2019-11-26T17:21:54.000Z,1
2019-11-26T17:26:22.000Z,1
2019-11-26T18:26:49.000Z,1
2019-11-26T18:37:50.000Z,1
2019-11-26T19:30:49.000Z,1
2019-11-26T21:46:45.000Z,1
2019-11-26T22:54:00.000Z,1
2019-11-27T01:09:36.000Z,1
2019-11-27T07:48:25.000Z,1
2019-11-27T08:48:22.000Z,2
2019-11-27T08:50:11.000Z,1
2019-11-27T09:37:25.000Z,1
2019-11-27T09:58:54.000Z,1
2019-11-27T12:14:25.000Z,1
2019-11-27T13:04:05.000Z,1
2019-11-27T14:04:48.000Z,1
2019-11-27T14:05:09.000Z,1
2019-11-27T15:46:58.000Z,1
2019-11-27T16:48:45.000Z,1
2019-11-27T18:16:09.000Z,1
2019-11-28T08:22:31.000Z,1
2019-11-28T10:03:02.000Z,1
2019-11-28T23:44:03.000Z,1
2019-11-29T01:22:23.000Z,1
2019-11-29T02:27:53.000Z,1
2019-11-29T07:27:16.000Z,1
2019-11-29T08:50:10.000Z,1
2019-11-29T09:12:03.000Z,1
2019-11-29T11:16:57.000Z,1
2019-11-29T12:29:52.000Z,1
2019-11-29T12:53:16.000Z,1
2019-11-29T13:22:13.000Z,1
2019-11-29T13:27:30.000Z,1
2019-11-29T14:45:53.000Z,1
2019-11-29T14:59:55.000Z,1
2019-11-29T15:05:36.000Z,1
2019-11-29T15:14:01.000Z,1
2019-11-29T16:38:08.000Z,1
2019-11-29T17:05:44.000Z,1
2019-11-29T18:19:05.000Z,1
2019-11-29T18:22:33.000Z,1
2019-11-29T22:32:39.000Z,1
2019-11-30T00:41:14.000Z,1
2019-11-30T06:29:41.000Z,1
2019-11-30T08:45:05.000Z,1
2019-11-30T08:55:35.000Z,1
2019-11-30T09:56:05.000Z,1
2019-11-30T12:51:11.000Z,1
2019-11-30T13:30:11.000Z,1
2019-11-30T15:14:38.000Z,1
2019-11-30T16:16:08.000Z,1
2019-11-30T16:19:15.000Z,1
2019-12-01T08:10:37.000Z,1
2019-12-01T09:18:14.000Z,1
2019-12-01T09:32:42.000Z,1
2019-12-01T09:47:25.000Z,1
2019-12-01T09:56:10.000Z,1
2019-12-01T11:12:09.000Z,1
2019-12-01T17:23:06.000Z,1
2019-12-01T17:30:06.000Z,1
2019-12-01T17:40:42.000Z,1
2019-12-01T17:44:58.000Z,1
2019-12-01T18:16:47.000Z,1
2019-12-01T18:50:31.000Z,1
2019-12-01T19:35:15.000Z,1
2019-12-01T20:46:45.000Z,1
2019-12-02T05:47:24.000Z,1
2019-11-20T00:13:31.000Z,1
2019-11-20T00:26:29.000Z,1
2019-11-20T00:34:06.000Z,1
2019-11-20T06:12:52.000Z,1
2019-11-20T07:07:51.000Z,1
2019-11-20T07:32:21.000Z,1
2019-11-20T07:43:06.000Z,1
2019-11-20T08:01:11.000Z,1
2019-11-20T08:07:48.000Z,1
2019-11-20T08:11:27.000Z,2
2019-11-20T11:45:58.000Z,1
2019-11-20T15:00:04.000Z,1
2019-11-20T08:03:27.000Z,1
2019-11-20T09:23:39.000Z,1
2019-11-20T12:37:11.000Z,1
2019-11-20T15:35:22.000Z,1
2019-11-20T15:40:57.000Z,1
2019-11-20T16:07:01.000Z,1
2019-11-20T16:28:34.000Z,2
2019-11-20T17:23:30.000Z,1
2019-11-20T19:42:27.000Z,1
2019-11-20T20:05:41.000Z,1
2019-11-20T20:05:42.000Z,1
2019-11-20T20:20:09.000Z,1
2019-11-20T20:56:11.000Z,1
2019-11-20T21:19:40.000Z,1
2019-11-20T22:05:25.000Z,1
2019-11-21T04:30:28.000Z,1
2019-11-21T07:25:30.000Z,1
2019-11-21T07:42:37.000Z,1
2019-11-21T08:11:36.000Z,1
2019-11-21T08:36:06.000Z,1
2019-11-21T08:40:08.000Z,1
2019-11-21T09:22:07.000Z,1
2019-11-21T10:10:13.000Z,1
2019-11-21T11:18:37.000Z,1
2019-11-21T11:34:01.000Z,1
2019-11-21T11:58:36.000Z,1
2019-11-21T13:01:51.000Z,1
2019-11-21T15:08:51.000Z,1
2019-11-21T15:47:22.000Z,1
2019-11-21T15:48:18.000Z,1
2019-11-21T15:55:11.000Z,1
2019-11-21T15:55:40.000Z,1
2019-11-21T16:22:48.000Z,1
2019-11-21T16:51:39.000Z,1
2019-11-21T16:55:36.000Z,1
2019-11-21T16:58:04.000Z,1
2019-11-21T17:22:44.000Z,1
2019-11-21T17:27:51.000Z,1
2019-11-21T17:53:11.000Z,1
2019-11-21T17:55:20.000Z,1
2019-11-21T18:06:49.000Z,1
2019-11-21T18:53:09.000Z,1
2019-11-21T19:12:09.000Z,1
2019-11-21T19:58:32.000Z,1
2019-11-21T20:48:59.000Z,1
2019-11-21T21:17:25.000Z,1
2019-11-21T21:49:42.000Z,1
2019-11-21T21:52:45.000Z,1
2019-11-21T23:11:42.000Z,1
2019-11-22T07:27:43.000Z,1
2019-11-22T07:33:05.000Z,1
2019-11-22T07:38:38.000Z,2
2019-11-22T07:47:41.000Z,1
2019-11-22T08:00:05.000Z,1
2019-11-22T08:27:23.000Z,1
2019-11-22T08:48:12.000Z,1
2019-11-22T09:29:15.000Z,1
2019-11-22T09:43:45.000Z,1
2019-11-22T09:45:09.000Z,1
2019-11-22T10:40:41.000Z,1
2019-11-22T10:47:17.000Z,1
2019-11-22T10:54:43.000Z,1
2019-11-22T11:55:13.000Z,1
2019-11-22T12:53:44.000Z,1
2019-11-22T13:05:37.000Z,1
2019-11-22T14:00:31.000Z,2
2019-11-22T14:13:38.000Z,1
2019-11-22T14:18:14.000Z,1
2019-11-22T15:49:41.000Z,1
2019-11-22T16:26:19.000Z,1
2019-11-22T16:43:54.000Z,1
2019-11-22T17:04:18.000Z,1
2019-11-22T17:25:28.000Z,1
2019-11-22T17:50:48.000Z,1
2019-11-22T17:53:41.000Z,1
2019-11-22T18:12:28.000Z,1
2019-11-22T18:23:12.000Z,2
2019-11-22T18:27:06.000Z,1
2019-11-22T18:38:52.000Z,1
2019-11-22T18:40:35.000Z,1
2019-11-22T19:14:05.000Z,1
2019-11-22T19:37:17.000Z,1
2019-11-22T19:45:38.000Z,1
2019-11-22T19:47:22.000Z,1
2019-11-22T22:00:23.000Z,1
2019-11-23T00:30:04.000Z,1
2019-11-23T10:25:31.000Z,1
2019-11-23T11:32:46.000Z,1
2019-11-23T11:42:15.000Z,1
2019-11-23T13:02:25.000Z,1
2019-11-23T13:17:51.000Z,1
2019-11-23T13:51:32.000Z,1
2019-11-23T14:13:00.000Z,1
2019-11-23T14:30:22.000Z,1
2019-11-23T15:06:14.000Z,1
2019-11-23T16:30:19.000Z,1
2019-11-23T18:01:44.000Z,1
2019-11-23T18:03:31.000Z,1
2019-11-23T18:52:26.000Z,1
2019-11-23T20:05:21.000Z,1
2019-11-23T20:09:24.000Z,1
2019-11-23T20:22:38.000Z,1
2019-11-23T22:58:45.000Z,1
2019-11-24T08:10:38.000Z,1
2019-11-24T08:53:30.000Z,1
2019-11-24T09:04:17.000Z,1
2019-11-24T09:20:08.000Z,1
2019-11-24T09:32:48.000Z,1
2019-11-24T10:01:34.000Z,1
2019-11-24T10:20:45.000Z,1
2019-11-24T10:25:36.000Z,1
2019-11-24T11:01:57.000Z,1
2019-11-24T11:41:38.000Z,1
2019-11-24T11:55:46.000Z,1
2019-11-24T12:39:47.000Z,1
2019-11-24T13:11:03.000Z,1
2019-11-24T13:30:53.000Z,1
2019-11-24T13:53:01.000Z,1
2019-11-24T14:09:16.000Z,1
2019-11-24T14:27:31.000Z,1
2019-11-24T14:32:52.000Z,1
2019-11-24T16:29:14.000Z,1
2019-11-24T17:11:35.000Z,1
2019-11-24T17:37:42.000Z,1
2019-11-24T18:10:47.000Z,1
2019-11-24T19:32:07.000Z,1
2019-11-24T21:15:04.000Z,1
2019-11-24T22:00:10.000Z,1
2019-11-25T05:27:30.000Z,1
2019-11-25T05:48:08.000Z,1
2019-11-25T06:08:00.000Z,1
2019-11-25T06:16:51.000Z,1
2019-11-25T06:30:16.000Z,1
2019-11-25T06:50:10.000Z,1
2019-11-25T07:00:06.000Z,1
2019-11-25T07:00:37.000Z,1
2019-11-25T07:02:59.000Z,1
2019-11-25T07:07:55.000Z,1
2019-11-25T07:30:43.000Z,1
2019-11-25T07:40:27.000Z,2
2019-11-25T07:48:06.000Z,1
2019-11-25T08:13:51.000Z,1
2019-11-25T08:34:10.000Z,1
2019-11-25T08:37:24.000Z,1
2019-11-25T08:39:33.000Z,1
2019-11-25T08:42:32.000Z,1
2019-11-25T08:45:55.000Z,1
2019-11-25T08:57:10.000Z,1
2019-11-25T08:57:19.000Z,1
2019-11-25T08:59:56.000Z,1
2019-11-25T09:21:38.000Z,1
2019-11-25T11:01:59.000Z,1
2019-11-25T11:33:44.000Z,1
2019-11-25T13:00:16.000Z,1
2019-11-25T13:01:20.000Z,1
2019-11-25T13:36:30.000Z,1
2019-11-25T15:28:23.000Z,1
2019-11-25T15:41:06.000Z,1
2019-11-25T16:43:03.000Z,1
2019-11-25T16:44:12.000Z,1
2019-11-25T16:56:08.000Z,2
2019-11-25T17:19:58.000Z,1
2019-11-25T17:46:30.000Z,1
2019-11-25T17:47:22.000Z,1
2019-11-25T18:08:14.000Z,1
2019-11-25T18:09:49.000Z,1
2019-11-25T18:13:02.000Z,1
2019-11-25T18:31:47.000Z,1
2019-11-25T18:36:38.000Z,1
2019-11-25T19:06:46.000Z,1
2019-11-25T19:59:18.000Z,1
2019-11-25T22:41:19.000Z,1
2019-11-26T06:35:57.000Z,1
2019-11-26T06:54:05.000Z,1
2019-11-26T06:56:55.000Z,2
2019-11-26T06:57:13.000Z,1
2019-11-26T07:06:03.000Z,1
2019-11-26T07:41:26.000Z,1
2019-11-26T08:10:03.000Z,1
2019-11-26T08:17:51.000Z,1
2019-11-26T08:32:35.000Z,1
2019-11-26T08:38:34.000Z,1
2019-11-26T08:47:52.000Z,1
2019-11-26T09:14:53.000Z,1
2019-11-26T09:21:22.000Z,1
2019-11-26T09:22:21.000Z,1
2019-11-26T10:19:48.000Z,1
2019-11-26T11:52:35.000Z,1
2019-11-26T12:10:27.000Z,1
2019-11-26T12:45:55.000Z,1
2019-11-26T12:56:23.000Z,1
2019-11-26T13:28:57.000Z,1
2019-11-26T13:29:05.000Z,1
2019-11-26T14:37:11.000Z,1
2019-11-26T16:12:07.000Z,1
2019-11-26T17:37:01.000Z,1
2019-11-26T17:50:51.000Z,1
2019-11-26T18:55:53.000Z,1
2019-11-26T19:04:08.000Z,1
2019-11-26T20:04:41.000Z,1
2019-11-26T21:38:17.000Z,1
2019-11-27T07:14:26.000Z,1
2019-11-27T07:23:51.000Z,1
2019-11-27T07:42:32.000Z,1
2019-11-27T08:18:30.000Z,1
2019-11-27T08:33:01.000Z,1
2019-11-27T08:40:52.000Z,1
2019-11-27T08:54:25.000Z,1
2019-11-27T08:57:21.000Z,1
2019-11-27T09:07:46.000Z,1
2019-11-27T09:42:39.000Z,1
2019-11-27T11:35:36.000Z,1
2019-11-27T11:45:52.000Z,1
2019-11-27T13:00:46.000Z,1
2019-11-27T13:15:59.000Z,1
2019-11-27T13:24:36.000Z,1
2019-11-27T13:54:03.000Z,1
2019-11-27T14:29:11.000Z,3
2019-11-27T14:50:55.000Z,1
2019-11-27T15:14:06.000Z,1
2019-11-27T15:21:20.000Z,1
2019-11-27T15:55:05.000Z,1
2019-11-27T16:00:47.000Z,1
2019-11-27T16:14:39.000Z,1
2019-11-27T16:27:17.000Z,1
2019-11-27T20:26:39.000Z,1
2019-11-27T21:36:20.000Z,1
2019-11-28T08:49:45.000Z,1
2019-11-28T09:35:19.000Z,1
2019-11-28T09:49:22.000Z,1
2019-11-28T15:27:09.000Z,1
2019-11-28T15:30:23.000Z,1
2019-11-28T15:34:13.000Z,1
2019-11-28T15:53:12.000Z,1
2019-11-28T21:40:15.000Z,1
2019-11-28T22:53:37.000Z,1
2019-11-29T07:37:37.000Z,1
2019-11-29T10:26:22.000Z,1
2019-11-29T11:16:14.000Z,1
2019-11-29T11:26:46.000Z,1
2019-11-29T11:38:32.000Z,1
2019-11-29T11:42:54.000Z,1
2019-11-29T11:50:24.000Z,1
2019-11-29T13:09:32.000Z,1
2019-11-29T13:35:28.000Z,2
2019-11-29T13:45:07.000Z,1
2019-11-29T13:53:11.000Z,1
2019-11-29T14:27:03.000Z,1
2019-11-29T15:58:53.000Z,1
2019-11-29T17:52:25.000Z,1
2019-11-29T19:08:41.000Z,1
2019-11-30T08:48:54.000Z,1
2019-11-30T10:11:44.000Z,1
2019-11-30T10:58:19.000Z,1
2019-11-30T17:19:17.000Z,1
2019-12-01T01:14:04.000Z,1
2019-12-01T09:44:08.000Z,1
2019-12-01T09:49:20.000Z,1
2019-12-01T10:12:50.000Z,1
2019-12-01T10:24:16.000Z,1
2019-12-01T10:35:23.000Z,1
2019-12-01T11:34:27.000Z,1
2019-12-01T12:09:23.000Z,1
2019-12-01T12:53:08.000Z,1
2019-12-01T15:48:02.000Z,1
2019-12-01T17:14:38.000Z,1
2019-12-01T17:15:02.000Z,1
2019-12-01T19:57:19.000Z,1
2019-12-02T05:52:13.000Z,1
2019-11-20T07:27:04.000Z,1
2019-11-20T07:33:23.000Z,2
2019-11-20T07:37:46.000Z,1
2019-11-20T07:42:26.000Z,1
2019-11-20T07:44:09.000Z,1
2019-11-20T08:53:05.000Z,1
2019-11-20T09:33:32.000Z,1
2019-11-20T09:44:03.000Z,1
2019-11-20T10:50:05.000Z,1
2019-11-20T16:33:23.000Z,1
2019-11-20T16:41:08.000Z,1
2019-11-20T16:43:13.000Z,1
2019-11-20T17:19:18.000Z,1
2019-11-20T09:57:22.000Z,1
2019-11-20T12:51:38.000Z,1
2019-11-20T15:07:22.000Z,1
2019-11-20T16:04:54.000Z,1
2019-11-20T16:08:37.000Z,1
2019-11-20T17:23:35.000Z,2
2019-11-20T17:42:59.000Z,2
2019-11-20T18:11:56.000Z,1
2019-11-20T18:14:17.000Z,1
2019-11-20T18:52:35.000Z,1
2019-11-20T19:14:14.000Z,1
2019-11-20T19:19:48.000Z,1
2019-11-20T20:35:35.000Z,1
2019-11-20T22:27:34.000Z,1
2019-11-21T06:42:31.000Z,1
2019-11-21T08:07:11.000Z,1
2019-11-21T08:24:58.000Z,1
2019-11-21T08:36:57.000Z,1
2019-11-21T08:50:31.000Z,1
2019-11-21T09:11:36.000Z,1
2019-11-21T09:36:18.000Z,1
2019-11-21T09:49:52.000Z,1
2019-11-21T12:05:20.000Z,1
2019-11-21T12:11:24.000Z,1
2019-11-21T13:21:04.000Z,1
2019-11-21T15:36:56.000Z,1
2019-11-21T15:45:22.000Z,1
2019-11-21T16:35:17.000Z,1
2019-11-21T16:35:44.000Z,1
2019-11-21T16:55:17.000Z,2
2019-11-21T17:04:50.000Z,1
2019-11-21T17:09:36.000Z,2
2019-11-21T17:20:46.000Z,1
2019-11-21T17:44:49.000Z,1
2019-11-21T17:45:34.000Z,1
2019-11-21T17:56:59.000Z,1
2019-11-21T18:11:38.000Z,1
2019-11-21T18:12:28.000Z,1
2019-11-21T18:32:43.000Z,1
2019-11-21T18:39:34.000Z,1
2019-11-21T20:49:10.000Z,1
2019-11-21T20:59:59.000Z,1
2019-11-22T07:17:38.000Z,1
2019-11-22T07:26:28.000Z,1
2019-11-22T07:26:43.000Z,1
2019-11-22T08:28:18.000Z,1
2019-11-22T08:29:35.000Z,1
2019-11-22T08:33:24.000Z,1
2019-11-22T08:35:13.000Z,1
2019-11-22T09:20:57.000Z,1
2019-11-22T09:59:13.000Z,1
2019-11-22T10:52:08.000Z,1
2019-11-22T11:33:38.000Z,1
2019-11-22T11:40:51.000Z,1
2019-11-22T11:42:19.000Z,1
2019-11-22T12:49:54.000Z,1
2019-11-22T13:41:13.000Z,1
2019-11-22T14:04:34.000Z,2
2019-11-22T14:34:52.000Z,1
2019-11-22T14:49:30.000Z,1
2019-11-22T15:14:17.000Z,1
2019-11-22T15:24:52.000Z,1
2019-11-22T15:52:01.000Z,1
2019-11-22T16:05:29.000Z,1
2019-11-22T16:41:54.000Z,1
2019-11-22T17:20:52.000Z,1
2019-11-22T17:33:24.000Z,1
2019-11-22T17:53:27.000Z,1
2019-11-22T18:12:45.000Z,1
2019-11-22T18:22:00.000Z,1
2019-11-22T18:29:01.000Z,1
2019-11-22T19:08:44.000Z,1
2019-11-22T20:13:23.000Z,1
2019-11-22T21:56:48.000Z,1
2019-11-22T22:11:57.000Z,1
2019-11-22T23:53:53.000Z,1
2019-11-23T00:52:04.000Z,1
2019-11-23T02:11:09.000Z,1
2019-11-23T06:37:32.000Z,1
2019-11-23T08:27:10.000Z,1
2019-11-23T09:34:22.000Z,1
2019-11-23T09:36:44.000Z,1
2019-11-23T09:56:29.000Z,1
2019-11-23T10:53:42.000Z,1
2019-11-23T11:18:23.000Z,1
2019-11-23T12:25:28.000Z,1
2019-11-23T13:08:32.000Z,1
2019-11-23T13:16:38.000Z,2
2019-11-23T14:09:10.000Z,1
2019-11-23T14:31:30.000Z,1
2019-11-23T16:14:15.000Z,1
2019-11-23T16:20:22.000Z,1
2019-11-23T19:49:51.000Z,1
2019-11-23T19:58:46.000Z,1
2019-11-23T20:40:46.000Z,1
2019-11-23T21:00:48.000Z,1
2019-11-23T22:23:49.000Z,1
2019-11-24T09:26:43.000Z,1
2019-11-24T10:09:19.000Z,1
2019-11-24T11:27:02.000Z,1
2019-11-24T12:01:12.000Z,1
2019-11-24T12:02:50.000Z,1
2019-11-24T12:34:07.000Z,1
2019-11-24T13:05:25.000Z,2
2019-11-24T13:21:40.000Z,1
2019-11-24T13:30:31.000Z,1
2019-11-24T13:41:21.000Z,1
2019-11-24T15:00:38.000Z,1
2019-11-24T15:12:21.000Z,1
2019-11-24T15:23:25.000Z,1
2019-11-24T15:23:51.000Z,1
2019-11-24T16:00:40.000Z,2
2019-11-24T16:28:50.000Z,1
2019-11-24T17:28:50.000Z,1
2019-11-24T19:08:46.000Z,1
2019-11-24T19:16:54.000Z,1
2019-11-24T19:31:35.000Z,1
2019-11-24T19:49:51.000Z,1
2019-11-24T20:51:43.000Z,1
2019-11-25T07:17:55.000Z,1
2019-11-25T07:29:12.000Z,2
2019-11-25T07:31:40.000Z,1
2019-11-25T08:01:17.000Z,1
2019-11-25T08:01:55.000Z,1
2019-11-25T08:02:43.000Z,1
2019-11-25T08:23:43.000Z,1
2019-11-25T08:38:26.000Z,1
2019-11-25T08:42:35.000Z,1
2019-11-25T09:05:27.000Z,1
2019-11-25T10:50:34.000Z,1
2019-11-25T12:57:44.000Z,1
2019-11-25T13:41:00.000Z,2
2019-11-25T13:54:02.000Z,1
2019-11-25T14:08:49.000Z,1
2019-11-25T15:15:33.000Z,1
2019-11-25T15:28:52.000Z,1
2019-11-25T15:35:24.000Z,1
2019-11-25T15:50:43.000Z,1
2019-11-25T16:20:49.000Z,2
2019-11-25T16:35:55.000Z,2
2019-11-25T16:38:20.000Z,1
2019-11-25T16:58:03.000Z,1
2019-11-25T17:02:25.000Z,1
2019-11-25T17:06:30.000Z,2
2019-11-25T17:16:27.000Z,1
2019-11-25T17:17:06.000Z,1
2019-11-25T17:59:21.000Z,1
2019-11-25T18:15:19.000Z,1
2019-11-25T18:15:18.000Z,1
2019-11-25T18:23:51.000Z,1
2019-11-25T18:35:39.000Z,2
2019-11-25T18:41:31.000Z,1
2019-11-25T18:55:16.000Z,1
2019-11-25T19:33:48.000Z,1
2019-11-25T19:40:03.000Z,1
2019-11-25T19:49:45.000Z,1
2019-11-25T20:29:02.000Z,1
2019-11-25T20:42:49.000Z,1
2019-11-25T21:04:44.000Z,1
2019-11-25T22:23:02.000Z,1
2019-11-26T00:12:35.000Z,1
2019-11-26T06:30:30.000Z,1
2019-11-26T07:34:38.000Z,1
2019-11-26T08:00:55.000Z,1
2019-11-26T08:14:30.000Z,1
2019-11-26T08:49:43.000Z,1
2019-11-26T08:54:44.000Z,1
2019-11-26T09:02:20.000Z,1
2019-11-26T09:58:14.000Z,1
2019-11-26T10:20:22.000Z,2
2019-11-26T12:13:58.000Z,1
2019-11-26T12:16:56.000Z,1
2019-11-26T12:35:32.000Z,1
2019-11-26T12:38:43.000Z,1
2019-11-26T14:19:44.000Z,1
2019-11-26T14:21:39.000Z,1
2019-11-26T14:46:19.000Z,1
2019-11-26T16:28:28.000Z,2
2019-11-26T16:35:43.000Z,1
2019-11-26T16:47:27.000Z,1
2019-11-26T17:29:17.000Z,1
2019-11-26T20:01:25.000Z,1
2019-11-26T20:11:49.000Z,1
2019-11-27T06:36:42.000Z,1
2019-11-27T07:08:42.000Z,1
2019-11-27T07:16:26.000Z,1
2019-11-27T08:18:56.000Z,1
2019-11-27T08:21:42.000Z,1
2019-11-27T08:58:14.000Z,1
2019-11-27T09:18:35.000Z,1
2019-11-27T09:19:43.000Z,2
2019-11-27T10:26:58.000Z,1
2019-11-27T11:16:44.000Z,1
2019-11-27T12:13:20.000Z,2
2019-11-27T13:19:42.000Z,1
2019-11-27T13:19:53.000Z,1
2019-11-27T14:35:59.000Z,1
2019-11-27T14:39:26.000Z,1
2019-11-27T14:48:22.000Z,1
2019-11-27T15:26:11.000Z,1
2019-11-27T16:29:12.000Z,1
2019-11-27T16:35:35.000Z,1
2019-11-27T16:53:54.000Z,1
2019-11-27T16:58:07.000Z,1
2019-11-27T17:00:40.000Z,1
2019-11-27T17:06:03.000Z,1
2019-11-27T18:06:16.000Z,1
2019-11-27T19:01:27.000Z,1
2019-11-27T20:03:35.000Z,1
2019-11-28T08:54:17.000Z,1
2019-11-28T09:43:13.000Z,1
2019-11-28T10:52:15.000Z,1
2019-11-28T11:39:26.000Z,1
2019-11-28T12:06:50.000Z,2
2019-11-28T12:41:41.000Z,1
2019-11-28T15:01:27.000Z,1
2019-11-28T15:03:30.000Z,1
2019-11-28T22:09:11.000Z,1
2019-11-28T23:15:30.000Z,1
2019-11-29T09:53:58.000Z,1
2019-11-29T10:17:15.000Z,1
2019-11-29T11:33:17.000Z,1
2019-11-29T11:45:07.000Z,1
2019-11-29T12:25:28.000Z,1
2019-11-29T12:54:35.000Z,1
2019-11-29T13:03:58.000Z,1
2019-11-29T13:23:33.000Z,1
2019-11-29T18:28:35.000Z,1
2019-11-29T19:36:09.000Z,1
2019-11-29T20:57:31.000Z,1
2019-11-29T22:57:24.000Z,1
2019-11-30T11:01:19.000Z,2
2019-11-30T11:18:41.000Z,1
2019-11-30T12:40:20.000Z,1
2019-11-30T13:09:14.000Z,1
2019-11-30T15:44:49.000Z,1
2019-11-30T15:45:44.000Z,1
2019-12-01T00:28:41.000Z,1
2019-12-01T08:48:19.000Z,1
2019-12-01T09:41:37.000Z,1
2019-12-01T10:29:25.000Z,1
2019-12-01T10:40:02.000Z,1
2019-12-01T12:25:27.000Z,1
2019-12-01T16:51:26.000Z,1
2019-12-01T18:57:09.000Z,1
2019-12-01T20:07:33.000Z,1
2019-12-01T21:02:19.000Z,1
2019-12-01T21:11:57.000Z,1
2019-11-20T01:34:01.000Z,1
2019-11-20T05:30:17.000Z,1
2019-11-20T07:21:28.000Z,1
2019-11-20T07:53:47.000Z,1
2019-11-20T08:01:18.000Z,1
2019-11-20T08:12:15.000Z,1
2019-11-20T08:19:48.000Z,1
2019-11-20T08:43:51.000Z,1
2019-11-20T09:03:18.000Z,1
2019-11-20T10:49:35.000Z,2
2019-11-20T12:04:01.000Z,1
2019-11-20T12:37:17.000Z,1
2019-11-20T13:18:46.000Z,1
2019-11-20T14:35:36.000Z,1
2019-11-20T14:51:49.000Z,1
2019-11-20T15:54:03.000Z,1
2019-11-20T16:01:56.000Z,1
2019-11-20T16:38:43.000Z,1
2019-11-20T16:53:33.000Z,1
2019-11-20T19:21:07.000Z,1
2019-11-20T09:15:05.000Z,1
2019-11-20T09:15:57.000Z,1
2019-11-20T09:23:28.000Z,1
2019-11-20T09:31:48.000Z,1
2019-11-20T10:16:34.000Z,1
2019-11-20T11:50:23.000Z,1
2019-11-20T13:24:54.000Z,1
2019-11-20T14:24:50.000Z,1
2019-11-20T15:05:03.000Z,1
2019-11-20T16:15:47.000Z,1
2019-11-20T16:30:15.000Z,1
2019-11-20T16:30:42.000Z,1
2019-11-20T17:01:51.000Z,2
2019-11-20T17:04:22.000Z,2
2019-11-20T17:46:44.000Z,1
2019-11-20T17:47:42.000Z,1
2019-11-20T18:27:06.000Z,1
2019-11-20T18:34:47.000Z,1
2019-11-20T19:24:02.000Z,1
2019-11-20T19:35:55.000Z,1
2019-11-20T19:59:27.000Z,1
2019-11-20T20:05:57.000Z,1
2019-11-20T20:06:09.000Z,1
2019-11-20T21:46:48.000Z,1
2019-11-21T07:41:58.000Z,1
2019-11-21T08:07:25.000Z,1
2019-11-21T08:28:10.000Z,2
2019-11-21T08:49:17.000Z,1
2019-11-21T08:50:08.000Z,1
2019-11-21T08:53:14.000Z,1
2019-11-21T09:00:33.000Z,1
2019-11-21T09:02:11.000Z,1
2019-11-21T10:43:03.000Z,1
2019-11-21T11:00:30.000Z,1
2019-11-21T11:42:48.000Z,1
2019-11-21T14:08:43.000Z,1
2019-11-21T14:11:56.000Z,1
2019-11-21T14:28:21.000Z,1
2019-11-21T14:30:21.000Z,1
2019-11-21T15:15:27.000Z,1
2019-11-21T15:17:26.000Z,1
2019-11-21T15:56:57.000Z,1
2019-11-21T16:07:15.000Z,1
2019-11-21T16:13:20.000Z,1
2019-11-21T16:42:05.000Z,2
2019-11-21T16:58:27.000Z,1
2019-11-21T17:11:02.000Z,2
2019-11-21T17:15:13.000Z,1
2019-11-21T17:31:05.000Z,1
2019-11-21T17:33:02.000Z,1
2019-11-21T17:41:22.000Z,2
2019-11-21T17:46:43.000Z,1
2019-11-21T17:52:39.000Z,1
2019-11-21T17:57:39.000Z,1
2019-11-21T18:27:38.000Z,1
2019-11-21T18:45:01.000Z,1
2019-11-21T19:21:37.000Z,2
2019-11-21T19:32:34.000Z,1
2019-11-21T20:49:23.000Z,1
2019-11-21T22:03:56.000Z,1
2019-11-21T22:23:26.000Z,1
2019-11-22T01:26:34.000Z,1
2019-11-22T06:11:56.000Z,1
2019-11-22T07:19:45.000Z,1
2019-11-22T08:03:30.000Z,1
2019-11-22T08:09:15.000Z,2
2019-11-22T08:15:32.000Z,2
2019-11-22T08:18:53.000Z,1
2019-11-22T08:33:09.000Z,1
2019-11-22T08:36:58.000Z,1
2019-11-22T08:44:36.000Z,2
2019-11-22T08:56:54.000Z,1
2019-11-22T09:14:46.000Z,1
2019-11-22T09:59:57.000Z,1
2019-11-22T10:27:38.000Z,1
2019-11-22T11:11:45.000Z,1
2019-11-22T14:13:33.000Z,1
2019-11-22T14:56:30.000Z,1
2019-11-22T15:07:01.000Z,1
2019-11-22T15:52:04.000Z,1
2019-11-22T16:25:28.000Z,1
2019-11-22T16:39:05.000Z,1
2019-11-22T16:48:59.000Z,2
2019-11-22T16:55:20.000Z,1
2019-11-22T17:07:37.000Z,2
2019-11-22T17:33:09.000Z,1
2019-11-22T17:34:49.000Z,1
2019-11-22T17:39:21.000Z,1
2019-11-22T17:55:59.000Z,1
2019-11-22T18:19:11.000Z,1
2019-11-22T20:54:00.000Z,1
2019-11-22T21:37:44.000Z,1
2019-11-23T00:56:16.000Z,1
2019-11-23T01:22:40.000Z,1
2019-11-23T08:27:22.000Z,1
2019-11-23T09:19:38.000Z,1
2019-11-23T09:55:58.000Z,1
2019-11-23T09:58:37.000Z,1
2019-11-23T11:09:57.000Z,1
2019-11-23T12:03:22.000Z,1
2019-11-23T12:24:21.000Z,1
2019-11-23T12:36:08.000Z,1
2019-11-23T12:40:46.000Z,1
2019-11-23T13:42:49.000Z,1
2019-11-23T14:31:17.000Z,1
2019-11-23T14:44:19.000Z,1
2019-11-23T15:55:26.000Z,1
2019-11-23T16:44:39.000Z,1
2019-11-23T16:44:53.000Z,1
2019-11-23T17:29:42.000Z,1
2019-11-23T17:35:57.000Z,1
2019-11-23T17:58:58.000Z,1
2019-11-23T18:12:50.000Z,1
2019-11-23T18:47:19.000Z,1
2019-11-23T23:13:24.000Z,1
2019-11-24T07:38:15.000Z,1
2019-11-24T08:24:00.000Z,1
2019-11-24T10:52:23.000Z,1
2019-11-24T10:55:07.000Z,1
2019-11-24T11:40:00.000Z,1
2019-11-24T11:43:38.000Z,1
2019-11-24T11:53:30.000Z,1
2019-11-24T12:07:43.000Z,1
2019-11-24T12:49:38.000Z,1
2019-11-24T13:08:58.000Z,1
2019-11-24T13:25:59.000Z,1
2019-11-24T14:33:36.000Z,1
2019-11-24T14:35:22.000Z,1
2019-11-24T14:51:54.000Z,1
2019-11-24T14:56:27.000Z,1
2019-11-24T15:10:58.000Z,2
2019-11-24T15:41:22.000Z,1
2019-11-24T17:09:29.000Z,1
2019-11-24T17:27:32.000Z,1
2019-11-24T18:06:45.000Z,1
2019-11-24T18:08:12.000Z,1
2019-11-24T18:15:49.000Z,1
2019-11-24T18:57:00.000Z,1
2019-11-24T19:06:11.000Z,1
2019-11-24T20:04:10.000Z,1
2019-11-24T20:21:59.000Z,1
2019-11-24T20:35:53.000Z,1
2019-11-24T21:03:40.000Z,1
2019-11-24T21:16:09.000Z,1
2019-11-25T05:38:51.000Z,1
2019-11-25T06:48:06.000Z,2
2019-11-25T07:18:10.000Z,1
2019-11-25T07:21:05.000Z,1
2019-11-25T08:00:37.000Z,1
2019-11-25T08:01:15.000Z,1
2019-11-25T08:07:40.000Z,1
2019-11-25T08:08:43.000Z,1
2019-11-25T08:21:06.000Z,1
2019-11-25T08:26:16.000Z,1
2019-11-25T08:36:59.000Z,1
2019-11-25T09:00:03.000Z,1
2019-11-25T09:41:40.000Z,1
2019-11-25T09:59:04.000Z,1
2019-11-25T10:23:11.000Z,1
2019-11-25T12:02:18.000Z,1
2019-11-25T12:25:36.000Z,2
2019-11-25T12:29:57.000Z,1
2019-11-25T12:43:51.000Z,1
2019-11-25T14:22:15.000Z,1
2019-11-25T14:52:56.000Z,1
2019-11-25T15:04:46.000Z,1
2019-11-25T15:13:17.000Z,1
2019-11-25T15:35:26.000Z,1
2019-11-25T15:45:04.000Z,1
2019-11-25T16:03:18.000Z,1
2019-11-25T16:05:08.000Z,1
2019-11-25T16:14:31.000Z,1
2019-11-25T16:49:50.000Z,1
2019-11-25T16:55:11.000Z,1
2019-11-25T16:55:14.000Z,1
2019-11-25T16:56:06.000Z,1
2019-11-25T17:02:23.000Z,1
2019-11-25T17:26:08.000Z,1
2019-11-25T17:53:25.000Z,1
2019-11-25T18:10:41.000Z,1
2019-11-25T18:11:35.000Z,1
2019-11-25T18:24:36.000Z,1
2019-11-25T19:28:42.000Z,1
2019-11-25T20:24:24.000Z,1
2019-11-25T20:24:58.000Z,1
2019-11-26T05:17:17.000Z,1
2019-11-26T06:06:27.000Z,1
2019-11-26T06:29:07.000Z,1
2019-11-26T06:29:15.000Z,1
2019-11-26T06:49:41.000Z,1
2019-11-26T07:12:48.000Z,1
2019-11-26T07:19:00.000Z,1
2019-11-26T07:43:28.000Z,1
2019-11-26T07:56:26.000Z,1
2019-11-26T08:07:42.000Z,1
2019-11-26T08:10:11.000Z,1
2019-11-26T08:40:02.000Z,1
2019-11-26T08:56:22.000Z,1
2019-11-26T08:56:49.000Z,1
2019-11-26T09:22:23.000Z,1
2019-11-26T11:26:24.000Z,1
2019-11-26T11:42:59.000Z,1
2019-11-26T11:50:53.000Z,1
2019-11-26T13:40:09.000Z,1
2019-11-26T13:53:40.000Z,1
2019-11-26T14:46:20.000Z,1
2019-11-26T14:52:54.000Z,1
2019-11-26T15:15:44.000Z,1
2019-11-26T15:21:39.000Z,1
2019-11-26T16:25:23.000Z,1
2019-11-26T17:46:53.000Z,1
2019-11-26T17:53:45.000Z,1
2019-11-26T18:32:07.000Z,1
2019-11-26T21:36:19.000Z,1
2019-11-27T07:00:51.000Z,1
2019-11-27T08:05:10.000Z,1
2019-11-27T08:11:14.000Z,1
2019-11-27T08:48:26.000Z,1
2019-11-27T08:59:17.000Z,1
2019-11-27T11:51:36.000Z,2
2019-11-27T12:02:51.000Z,1
2019-11-27T12:16:59.000Z,1
2019-11-27T12:43:53.000Z,1
2019-11-27T12:54:34.000Z,1
2019-11-27T12:55:35.000Z,1
2019-11-27T14:01:31.000Z,1
2019-11-27T14:33:35.000Z,1
2019-11-27T16:45:04.000Z,1
2019-11-27T17:20:50.000Z,1
2019-11-27T18:33:45.000Z,1
2019-11-27T19:03:44.000Z,1
2019-11-28T07:26:01.000Z,1
2019-11-28T09:23:48.000Z,1
2019-11-28T10:45:54.000Z,1
2019-11-28T12:19:45.000Z,1
2019-11-28T13:08:01.000Z,1
2019-11-28T20:34:41.000Z,1
2019-11-29T06:37:43.000Z,1
2019-11-29T07:23:24.000Z,1
2019-11-29T08:09:12.000Z,1
2019-11-29T08:28:41.000Z,1
2019-11-29T09:01:26.000Z,1
2019-11-29T09:11:39.000Z,1
2019-11-29T09:21:00.000Z,1
2019-11-29T09:50:29.000Z,1
2019-11-29T12:02:06.000Z,1
2019-11-29T12:05:46.000Z,1
2019-11-29T12:49:21.000Z,1
2019-11-29T14:29:35.000Z,2
2019-11-29T14:39:21.000Z,1
2019-11-29T14:46:27.000Z,1
2019-11-29T16:06:29.000Z,1
2019-11-29T16:12:10.000Z,1
2019-11-29T16:43:12.000Z,1
2019-11-29T16:46:24.000Z,1
2019-11-29T17:16:39.000Z,1
2019-11-29T18:04:53.000Z,1
2019-11-30T03:55:01.000Z,1
2019-11-30T16:14:13.000Z,2
2019-11-30T18:06:22.000Z,1
2019-12-01T06:24:09.000Z,1
2019-12-01T07:11:58.000Z,1
2019-12-01T09:54:33.000Z,1
2019-12-01T12:20:41.000Z,1
2019-12-01T16:37:38.000Z,1
2019-12-01T17:31:52.000Z,1
2019-12-02T05:20:31.000Z,1
2019-11-20T04:28:07.000Z,1
2019-11-20T06:35:31.000Z,2
2019-11-20T06:50:10.000Z,1
2019-11-20T06:59:14.000Z,1
2019-11-20T07:13:00.000Z,1
2019-11-20T07:37:37.000Z,1
2019-11-20T07:49:24.000Z,1
2019-11-20T08:07:03.000Z,1
2019-11-20T08:15:40.000Z,1
2019-11-20T08:39:23.000Z,1
2019-11-20T09:07:58.000Z,1
2019-11-20T13:33:53.000Z,1
2019-11-20T14:15:41.000Z,1
2019-11-20T17:26:17.000Z,3
2019-11-20T17:47:33.000Z,1
2019-11-20T17:47:44.000Z,1
2019-11-21T05:43:03.000Z,1
2019-11-20T09:32:47.000Z,1
2019-11-20T12:46:47.000Z,1
2019-11-20T12:52:59.000Z,1
2019-11-20T13:03:09.000Z,1
2019-11-20T13:20:33.000Z,1
2019-11-20T13:26:11.000Z,2
2019-11-20T13:58:14.000Z,1
2019-11-20T14:12:35.000Z,1
2019-11-20T15:43:41.000Z,2
2019-11-20T15:52:57.000Z,1
2019-11-20T16:10:45.000Z,1
2019-11-20T16:14:45.000Z,1
2019-11-20T17:08:46.000Z,1
2019-11-20T17:09:41.000Z,1
2019-11-20T17:10:38.000Z,2
2019-11-20T17:26:27.000Z,1
2019-11-20T17:36:28.000Z,2
2019-11-20T17:42:06.000Z,1
2019-11-20T18:29:44.000Z,1
2019-11-20T18:57:48.000Z,1
2019-11-20T19:41:17.000Z,1
2019-11-20T21:07:54.000Z,1
2019-11-20T21:35:51.000Z,1
2019-11-21T07:18:35.000Z,1
2019-11-21T08:27:15.000Z,1
2019-11-21T08:37:38.000Z,1
2019-11-21T08:41:55.000Z,1
2019-11-21T09:29:54.000Z,1
2019-11-21T10:02:25.000Z,1
2019-11-21T12:06:58.000Z,1
2019-11-21T12:58:08.000Z,1
2019-11-21T13:03:50.000Z,1
2019-11-21T13:40:32.000Z,1
2019-11-21T14:14:42.000Z,1
2019-11-21T14:21:52.000Z,1
2019-11-21T14:38:20.000Z,1
2019-11-21T15:18:47.000Z,1
2019-11-21T15:40:05.000Z,1
2019-11-21T16:14:14.000Z,2
2019-11-21T16:36:06.000Z,1
2019-11-21T17:57:26.000Z,1
2019-11-21T18:02:05.000Z,1
2019-11-21T18:33:54.000Z,1
2019-11-21T21:32:38.000Z,1
2019-11-21T22:53:20.000Z,1
2019-11-22T03:03:00.000Z,1
2019-11-22T05:18:55.000Z,1
2019-11-22T06:25:49.000Z,1
2019-11-22T07:26:09.000Z,1
2019-11-22T07:27:23.000Z,1
2019-11-22T07:38:40.000Z,1
2019-11-22T07:38:59.000Z,1
2019-11-22T07:47:27.000Z,1
2019-11-22T07:59:09.000Z,1
2019-11-22T08:08:32.000Z,1
2019-11-22T08:17:27.000Z,1
2019-11-22T08:25:13.000Z,1
2019-11-22T08:25:23.000Z,1
2019-11-22T08:26:45.000Z,1
2019-11-22T08:38:49.000Z,1
2019-11-22T08:43:23.000Z,2
2019-11-22T08:50:51.000Z,1
2019-11-22T12:35:09.000Z,1
2019-11-22T13:24:02.000Z,1
2019-11-22T13:45:02.000Z,1
2019-11-22T13:55:10.000Z,1
2019-11-22T15:01:00.000Z,1
2019-11-22T15:35:27.000Z,2
2019-11-22T15:58:08.000Z,1
2019-11-22T16:06:59.000Z,1
2019-11-22T16:12:13.000Z,1
2019-11-22T16:31:43.000Z,1
2019-11-22T16:32:56.000Z,1
2019-11-22T16:42:30.000Z,3
2019-11-22T17:07:05.000Z,1
2019-11-22T17:23:16.000Z,2
2019-11-22T17:55:16.000Z,1
2019-11-22T17:57:14.000Z,1
2019-11-22T18:17:25.000Z,3
2019-11-22T18:59:18.000Z,1
2019-11-22T23:57:55.000Z,1
2019-11-23T06:01:19.000Z,1
2019-11-23T09:08:43.000Z,1
2019-11-23T09:11:11.000Z,1
2019-11-23T09:32:12.000Z,1
2019-11-23T09:47:11.000Z,1
2019-11-23T09:48:13.000Z,1
2019-11-23T09:55:43.000Z,1
2019-11-23T10:49:47.000Z,1
2019-11-23T11:35:48.000Z,1
2019-11-23T13:25:45.000Z,1
2019-11-23T13:51:01.000Z,1
2019-11-23T13:55:06.000Z,1
2019-11-23T14:47:24.000Z,1
2019-11-23T16:12:07.000Z,1
2019-11-23T17:01:30.000Z,1
2019-11-23T18:07:20.000Z,1
2019-11-23T18:15:45.000Z,1
2019-11-23T19:49:43.000Z,1
2019-11-23T19:56:58.000Z,1
2019-11-23T20:38:53.000Z,1
2019-11-24T10:30:18.000Z,1
2019-11-24T11:26:48.000Z,1
2019-11-24T11:39:25.000Z,1
2019-11-24T12:35:53.000Z,1
2019-11-24T12:59:42.000Z,1
2019-11-24T12:59:59.000Z,1
2019-11-24T13:12:27.000Z,1
2019-11-24T13:26:26.000Z,1
2019-11-24T13:34:44.000Z,1
2019-11-24T13:34:53.000Z,1
2019-11-24T14:19:36.000Z,1
2019-11-24T14:26:49.000Z,1
2019-11-24T14:30:10.000Z,1
2019-11-24T14:55:12.000Z,1
2019-11-24T15:15:26.000Z,1
2019-11-24T15:37:13.000Z,1
2019-11-24T15:54:20.000Z,1
2019-11-24T16:00:17.000Z,1
2019-11-24T16:15:51.000Z,1
2019-11-24T16:43:42.000Z,1
2019-11-24T17:15:08.000Z,1
2019-11-24T17:19:50.000Z,1
2019-11-24T18:48:36.000Z,1
2019-11-24T19:16:49.000Z,1
2019-11-24T22:15:53.000Z,1
2019-11-25T06:27:58.000Z,1
2019-11-25T06:39:20.000Z,1
2019-11-25T07:06:25.000Z,1
2019-11-25T07:20:55.000Z,2
2019-11-25T07:53:13.000Z,1
2019-11-25T07:58:58.000Z,1
2019-11-25T08:06:55.000Z,1
2019-11-25T08:20:10.000Z,1
2019-11-25T08:30:45.000Z,1
2019-11-25T08:33:21.000Z,1
2019-11-25T08:42:19.000Z,1
2019-11-25T08:52:05.000Z,1
2019-11-25T09:01:22.000Z,1
2019-11-25T09:17:06.000Z,1
2019-11-25T10:41:44.000Z,1
2019-11-25T12:17:19.000Z,1
2019-11-25T12:22:12.000Z,1
2019-11-25T13:42:43.000Z,1
2019-11-25T13:53:18.000Z,1
2019-11-25T14:23:32.000Z,2
2019-11-25T15:51:35.000Z,1
2019-11-25T16:27:19.000Z,1
2019-11-25T16:54:01.000Z,1
2019-11-25T16:57:00.000Z,1
2019-11-25T16:59:17.000Z,1
2019-11-25T17:03:27.000Z,1
2019-11-25T17:14:06.000Z,1
2019-11-25T17:17:45.000Z,1
2019-11-25T17:19:10.000Z,1
2019-11-25T17:27:29.000Z,1
2019-11-25T17:32:19.000Z,1
2019-11-25T17:31:56.000Z,1
2019-11-25T18:13:23.000Z,1
2019-11-25T18:16:34.000Z,1
2019-11-25T20:11:34.000Z,1
2019-11-25T20:37:20.000Z,2
2019-11-26T06:55:41.000Z,1
2019-11-26T07:25:59.000Z,1
2019-11-26T07:49:00.000Z,1
2019-11-26T08:00:13.000Z,1
2019-11-26T08:00:36.000Z,1
2019-11-26T08:05:05.000Z,1
2019-11-26T08:10:46.000Z,1
2019-11-26T08:50:23.000Z,1
2019-11-26T09:01:48.000Z,1
2019-11-26T09:09:31.000Z,2
2019-11-26T09:32:39.000Z,1
2019-11-26T10:10:10.000Z,1
2019-11-26T10:40:51.000Z,1
2019-11-26T11:10:02.000Z,1
2019-11-26T11:41:43.000Z,1
2019-11-26T11:58:53.000Z,1
2019-11-26T13:14:33.000Z,1
2019-11-26T13:45:12.000Z,1
2019-11-26T15:03:41.000Z,1
2019-11-26T15:44:00.000Z,1
2019-11-26T16:15:14.000Z,1
2019-11-26T17:11:13.000Z,1
2019-11-26T17:26:24.000Z,1
2019-11-26T18:11:08.000Z,1
2019-11-26T18:46:41.000Z,1
2019-11-26T19:07:30.000Z,1
2019-11-27T03:44:31.000Z,1
2019-11-27T06:09:03.000Z,1
2019-11-27T06:29:30.000Z,1
2019-11-27T06:48:41.000Z,1
2019-11-27T06:54:53.000Z,1
2019-11-27T07:32:31.000Z,1
2019-11-27T07:40:13.000Z,1
2019-11-27T09:43:49.000Z,1
2019-11-27T09:49:27.000Z,1
2019-11-27T10:05:44.000Z,1
2019-11-27T10:06:19.000Z,1
2019-11-27T10:34:14.000Z,1
2019-11-27T12:21:08.000Z,1
2019-11-27T12:34:10.000Z,1
2019-11-27T13:25:28.000Z,1
2019-11-27T13:47:20.000Z,1
2019-11-27T15:08:23.000Z,1
2019-11-27T15:38:24.000Z,1
2019-11-27T15:44:48.000Z,1
2019-11-27T16:00:10.000Z,1
2019-11-27T16:01:22.000Z,1
2019-11-27T16:26:00.000Z,1
2019-11-27T16:40:19.000Z,1
2019-11-27T16:58:34.000Z,1
2019-11-27T18:30:13.000Z,1
2019-11-27T19:22:07.000Z,1
2019-11-27T19:37:45.000Z,1
2019-11-27T20:04:54.000Z,1
2019-11-28T11:39:30.000Z,1
2019-11-28T14:05:23.000Z,1
2019-11-28T18:39:38.000Z,1
2019-11-28T19:46:37.000Z,1
2019-11-28T22:11:32.000Z,1
2019-11-29T09:06:59.000Z,1
2019-11-29T09:14:56.000Z,1
2019-11-29T11:01:23.000Z,1
2019-11-29T12:26:30.000Z,1
2019-11-29T14:39:40.000Z,1
2019-11-29T15:19:59.000Z,1
2019-11-29T15:46:47.000Z,1
2019-11-29T17:14:08.000Z,1
2019-11-29T18:31:45.000Z,1
2019-11-29T19:51:00.000Z,1
2019-11-30T00:32:17.000Z,1
2019-11-30T08:44:30.000Z,1
2019-11-30T13:55:10.000Z,1
2019-11-30T15:52:43.000Z,1
2019-11-30T16:14:18.000Z,1
2019-11-30T17:06:41.000Z,1
2019-11-30T17:57:41.000Z,1
2019-11-30T18:34:27.000Z,1
2019-11-30T18:47:17.000Z,1
2019-12-01T05:59:42.000Z,1
2019-12-01T07:04:08.000Z,1
2019-12-01T11:06:59.000Z,1
2019-12-01T11:29:34.000Z,1
2019-12-01T12:03:28.000Z,1
2019-12-01T14:00:45.000Z,1
2019-12-01T14:10:54.000Z,1
2019-12-01T17:21:52.000Z,1
2019-12-01T18:37:27.000Z,1
2019-12-01T19:55:04.000Z,1
2019-12-02T05:19:23.000Z,1
2019-11-20T00:38:38.000Z,1
2019-11-20T02:37:58.000Z,1
2019-11-20T06:19:36.000Z,2
2019-11-20T06:47:22.000Z,1
2019-11-20T07:21:59.000Z,1
2019-11-20T07:25:40.000Z,1
2019-11-20T07:27:13.000Z,1
2019-11-20T07:27:49.000Z,2
2019-11-20T08:05:34.000Z,1
2019-11-20T08:24:36.000Z,2
2019-11-20T08:27:24.000Z,1
2019-11-20T08:40:38.000Z,1
2019-11-20T09:37:25.000Z,1
2019-11-20T09:38:25.000Z,1
2019-11-20T13:54:53.000Z,2
2019-11-20T14:05:05.000Z,1
2019-11-20T15:55:54.000Z,1
2019-11-20T17:23:55.000Z,1
2019-11-20T09:07:31.000Z,1
2019-11-20T10:02:07.000Z,1
2019-11-20T11:46:07.000Z,1
2019-11-20T11:55:51.000Z,1
2019-11-20T12:08:12.000Z,1
2019-11-20T14:16:08.000Z,1
2019-11-20T14:55:14.000Z,1
2019-11-20T14:58:52.000Z,1
2019-11-20T15:55:38.000Z,1
2019-11-20T16:08:33.000Z,1
2019-11-20T16:43:57.000Z,1
2019-11-20T16:46:56.000Z,1
2019-11-20T16:50:40.000Z,1
2019-11-20T17:06:16.000Z,1
2019-11-20T17:06:55.000Z,1
2019-11-20T17:16:41.000Z,1
2019-11-20T18:22:13.000Z,2
2019-11-20T18:24:18.000Z,1
2019-11-20T18:28:20.000Z,1
2019-11-20T18:51:05.000Z,1
2019-11-20T19:09:39.000Z,1
2019-11-20T19:27:51.000Z,2
2019-11-20T20:39:35.000Z,1
2019-11-20T20:57:51.000Z,1
2019-11-20T23:35:10.000Z,1
2019-11-20T23:53:06.000Z,1
2019-11-21T06:23:44.000Z,1
2019-11-21T06:33:57.000Z,1
2019-11-21T08:00:03.000Z,2
2019-11-21T08:51:37.000Z,1
2019-11-21T09:02:51.000Z,1
2019-11-21T11:16:20.000Z,1
2019-11-21T12:23:23.000Z,1
2019-11-21T12:43:20.000Z,1
2019-11-21T13:12:01.000Z,1
2019-11-21T13:20:56.000Z,1
2019-11-21T15:10:56.000Z,1
2019-11-21T15:17:05.000Z,1
2019-11-21T15:48:57.000Z,1
2019-11-21T15:58:10.000Z,1
2019-11-21T16:26:43.000Z,2
2019-11-21T16:32:48.000Z,1
2019-11-21T16:39:30.000Z,1
2019-11-21T16:49:59.000Z,1
2019-11-21T16:57:34.000Z,1
2019-11-21T17:06:12.000Z,1
2019-11-21T17:41:31.000Z,1
2019-11-21T17:56:13.000Z,1
2019-11-21T18:16:48.000Z,1
2019-11-21T18:26:25.000Z,1
2019-11-21T19:45:30.000Z,1
2019-11-21T21:14:04.000Z,1
2019-11-21T21:17:54.000Z,1
2019-11-21T22:14:11.000Z,1
2019-11-21T22:36:32.000Z,1
2019-11-21T22:46:01.000Z,1
2019-11-21T23:44:20.000Z,1
2019-11-22T05:51:08.000Z,1
2019-11-22T06:02:30.000Z,1
2019-11-22T06:40:21.000Z,1
2019-11-22T06:50:12.000Z,1
2019-11-22T07:30:03.000Z,1
2019-11-22T07:30:16.000Z,1
2019-11-22T07:44:45.000Z,1
2019-11-22T07:45:35.000Z,1
2019-11-22T08:20:38.000Z,2
2019-11-22T08:29:30.000Z,1
2019-11-22T08:38:38.000Z,1
2019-11-22T08:55:29.000Z,1
2019-11-22T09:10:39.000Z,1
2019-11-22T09:20:18.000Z,1
2019-11-22T09:20:56.000Z,1
2019-11-22T09:27:35.000Z,1
2019-11-22T09:28:11.000Z,1
2019-11-22T10:37:38.000Z,1
2019-11-22T11:14:10.000Z,1
2019-11-22T11:14:13.000Z,2
2019-11-22T11:56:01.000Z,1
2019-11-22T13:56:40.000Z,1
2019-11-22T14:42:13.000Z,1
2019-11-22T14:47:11.000Z,1
2019-11-22T14:52:44.000Z,1
2019-11-22T15:22:42.000Z,1
2019-11-22T16:09:06.000Z,1
2019-11-22T16:22:22.000Z,1
2019-11-22T16:32:38.000Z,1
2019-11-22T17:00:28.000Z,1
2019-11-22T17:19:07.000Z,1
2019-11-22T17:59:05.000Z,1
2019-11-22T17:59:37.000Z,1
2019-11-22T18:00:30.000Z,1
2019-11-22T18:03:12.000Z,2
2019-11-22T18:22:43.000Z,1
2019-11-22T19:25:08.000Z,1
2019-11-22T22:56:58.000Z,1
2019-11-23T09:37:20.000Z,1
2019-11-23T09:42:42.000Z,1
2019-11-23T10:09:04.000Z,1
2019-11-23T10:34:06.000Z,1
2019-11-23T11:16:19.000Z,1
2019-11-23T12:19:05.000Z,1
2019-11-23T12:43:11.000Z,1
2019-11-23T13:01:12.000Z,1
2019-11-23T13:12:27.000Z,1
2019-11-23T13:36:44.000Z,1
2019-11-23T14:43:11.000Z,1
2019-11-23T14:57:22.000Z,1
2019-11-23T15:37:24.000Z,2
2019-11-23T15:56:41.000Z,1
2019-11-23T17:41:29.000Z,1
2019-11-23T17:44:11.000Z,1
2019-11-23T18:18:11.000Z,1
2019-11-23T18:28:17.000Z,1
2019-11-23T19:30:45.000Z,1
2019-11-23T20:15:24.000Z,1
2019-11-24T00:53:42.000Z,1
2019-11-24T05:30:24.000Z,1
2019-11-24T09:38:11.000Z,1
2019-11-24T09:52:36.000Z,1
2019-11-24T10:16:23.000Z,1
2019-11-24T10:25:06.000Z,1
2019-11-24T10:28:43.000Z,1
2019-11-24T10:33:12.000Z,1
2019-11-24T10:37:29.000Z,1
2019-11-24T11:01:58.000Z,1
2019-11-24T11:08:49.000Z,1
2019-11-24T12:04:33.000Z,2
2019-11-24T12:09:03.000Z,1
2019-11-24T12:28:54.000Z,1
2019-11-24T12:30:45.000Z,1
2019-11-24T13:38:05.000Z,1
2019-11-24T13:55:13.000Z,1
2019-11-24T14:15:32.000Z,1
2019-11-24T14:30:15.000Z,1
2019-11-24T14:53:50.000Z,1
2019-11-24T15:09:01.000Z,1
2019-11-24T15:21:46.000Z,1
2019-11-24T15:21:51.000Z,1
2019-11-24T15:29:10.000Z,1
2019-11-24T15:30:52.000Z,1
2019-11-24T15:46:09.000Z,1
2019-11-24T16:56:03.000Z,1
2019-11-24T17:03:44.000Z,1
2019-11-24T17:13:32.000Z,1
2019-11-24T17:43:46.000Z,2
2019-11-24T17:51:54.000Z,2
2019-11-24T18:23:43.000Z,1
2019-11-24T18:50:16.000Z,1
2019-11-24T19:04:44.000Z,1
2019-11-24T19:27:32.000Z,1
2019-11-24T20:22:17.000Z,1
2019-11-24T20:45:49.000Z,1
2019-11-25T01:04:14.000Z,1
2019-11-25T07:10:42.000Z,1
2019-11-25T07:29:59.000Z,1
2019-11-25T08:00:31.000Z,1
2019-11-25T08:01:09.000Z,1
2019-11-25T08:14:06.000Z,2
2019-11-25T08:18:25.000Z,1
2019-11-25T08:35:17.000Z,1
2019-11-25T08:35:52.000Z,1
2019-11-25T09:06:00.000Z,1
2019-11-25T09:13:19.000Z,1
2019-11-25T11:05:02.000Z,1
2019-11-25T11:18:26.000Z,1
2019-11-25T11:20:08.000Z,1
2019-11-25T11:46:56.000Z,1
2019-11-25T11:52:42.000Z,1
2019-11-25T12:05:36.000Z,1
2019-11-25T13:01:39.000Z,1
2019-11-25T13:11:24.000Z,2
2019-11-25T13:21:13.000Z,1
2019-11-25T13:44:51.000Z,1
2019-11-25T13:56:55.000Z,1
2019-11-25T15:16:41.000Z,1
2019-11-25T16:10:00.000Z,1
2019-11-25T16:13:39.000Z,1
2019-11-25T16:15:25.000Z,2
2019-11-25T16:26:39.000Z,1
2019-11-25T16:29:32.000Z,1
2019-11-25T16:48:16.000Z,1
2019-11-25T16:48:42.000Z,1
2019-11-25T16:57:38.000Z,1
2019-11-25T17:16:24.000Z,1
2019-11-25T17:47:25.000Z,1
2019-11-25T18:03:49.000Z,1
2019-11-25T18:16:05.000Z,1
2019-11-25T18:23:27.000Z,1
2019-11-25T18:36:30.000Z,1
2019-11-25T18:39:22.000Z,1
2019-11-25T18:44:53.000Z,2
2019-11-25T18:49:13.000Z,1
2019-11-25T19:12:14.000Z,1
2019-11-25T19:14:00.000Z,1
2019-11-25T19:53:04.000Z,1
2019-11-25T19:58:14.000Z,1
2019-11-25T21:01:30.000Z,1
2019-11-25T21:13:37.000Z,1
2019-11-26T06:53:04.000Z,1
2019-11-26T06:57:24.000Z,2
2019-11-26T07:09:33.000Z,1
2019-11-26T07:39:16.000Z,1
2019-11-26T07:41:39.000Z,1
2019-11-26T07:49:44.000Z,1
2019-11-26T08:07:41.000Z,1
2019-11-26T08:10:22.000Z,1
2019-11-26T08:17:07.000Z,2
2019-11-26T09:06:44.000Z,1
2019-11-26T10:28:02.000Z,1
2019-11-26T10:32:19.000Z,1
2019-11-26T12:17:27.000Z,1
2019-11-26T12:40:57.000Z,1
2019-11-26T13:08:32.000Z,1
2019-11-26T13:18:00.000Z,1
2019-11-26T13:20:11.000Z,1
2019-11-26T14:02:24.000Z,1
2019-11-26T14:26:47.000Z,1
2019-11-26T16:20:53.000Z,1
2019-11-26T16:46:07.000Z,1
2019-11-26T16:52:43.000Z,1
2019-11-26T17:07:54.000Z,1
2019-11-26T17:29:41.000Z,1
2019-11-26T18:09:19.000Z,1
2019-11-26T20:10:24.000Z,1
2019-11-26T21:50:57.000Z,1
2019-11-27T05:22:16.000Z,1
2019-11-27T05:45:29.000Z,1
2019-11-27T07:11:19.000Z,1
2019-11-27T07:23:43.000Z,4
2019-11-27T07:49:46.000Z,1
2019-11-27T08:00:40.000Z,1
2019-11-27T08:06:51.000Z,1
2019-11-27T08:17:43.000Z,1
2019-11-27T08:18:17.000Z,1
2019-11-27T08:19:59.000Z,1
2019-11-27T08:36:17.000Z,1
2019-11-27T08:48:23.000Z,1
2019-11-27T09:00:23.000Z,1
2019-11-27T09:13:30.000Z,1
2019-11-27T10:12:25.000Z,1
2019-11-27T11:31:37.000Z,1
2019-11-27T12:51:35.000Z,1
2019-11-27T13:38:01.000Z,1
2019-11-27T14:16:42.000Z,1
2019-11-27T14:47:06.000Z,1
2019-11-27T15:07:00.000Z,1
2019-11-27T15:33:19.000Z,1
2019-11-27T15:49:47.000Z,1
2019-11-27T16:23:24.000Z,1
2019-11-27T16:42:03.000Z,1
2019-11-27T18:18:06.000Z,1
2019-11-28T00:25:09.000Z,1
2019-11-28T05:59:21.000Z,1
2019-11-28T07:17:10.000Z,1
2019-11-28T09:56:37.000Z,1
2019-11-28T14:24:44.000Z,1
2019-11-28T14:40:51.000Z,1
2019-11-28T15:10:05.000Z,1
2019-11-29T01:13:25.000Z,1
2019-11-29T06:23:22.000Z,1
2019-11-29T07:43:42.000Z,1
2019-11-29T07:57:09.000Z,1
2019-11-29T10:34:55.000Z,1
2019-11-29T10:40:00.000Z,1
2019-11-29T11:52:42.000Z,1
2019-11-29T13:02:57.000Z,2
2019-11-29T13:18:36.000Z,1
2019-11-29T13:56:32.000Z,1
2019-11-29T15:25:24.000Z,1
2019-11-29T16:47:21.000Z,1
2019-11-29T18:01:12.000Z,1
2019-11-29T20:42:55.000Z,1
2019-11-30T00:31:13.000Z,1
2019-11-30T03:53:38.000Z,1
2019-11-30T09:17:41.000Z,1
2019-11-30T09:54:58.000Z,1
2019-11-30T10:32:03.000Z,1
2019-11-30T10:44:23.000Z,1
2019-11-30T16:11:38.000Z,1
2019-11-30T16:35:29.000Z,1
2019-11-30T19:48:50.000Z,1
2019-12-01T01:11:00.000Z,1
2019-12-01T08:24:41.000Z,1
2019-12-01T08:58:54.000Z,1
2019-12-01T10:27:14.000Z,1
2019-12-01T12:58:20.000Z,1
2019-12-01T16:53:37.000Z,1
2019-12-01T17:41:17.000Z,1
2019-12-01T18:26:53.000Z,1
2019-12-01T19:49:39.000Z,1
2019-12-01T20:20:04.000Z,1
2019-12-01T22:00:33.000Z,1
2019-12-02T05:45:59.000Z,1
2019-11-20T07:01:59.000Z,1
2019-11-20T07:24:05.000Z,1
2019-11-20T07:25:35.000Z,1
2019-11-20T07:58:42.000Z,1
2019-11-20T08:01:17.000Z,1
2019-11-20T08:06:11.000Z,1
2019-11-20T08:19:15.000Z,1
2019-11-20T09:54:06.000Z,1
2019-11-20T11:59:57.000Z,1
2019-11-20T12:37:58.000Z,1
2019-11-20T13:09:52.000Z,1
2019-11-20T14:26:58.000Z,1
2019-11-20T15:17:16.000Z,1
2019-11-20T15:18:21.000Z,1
2019-11-20T16:35:31.000Z,1
2019-11-20T17:15:25.000Z,1
2019-11-21T08:04:18.000Z,1
2019-11-20T08:57:29.000Z,1
2019-11-20T09:16:18.000Z,1
2019-11-20T09:50:44.000Z,1
2019-11-20T10:34:05.000Z,1
2019-11-20T10:53:49.000Z,1
2019-11-20T13:34:13.000Z,1
2019-11-20T13:38:43.000Z,1
2019-11-20T14:17:47.000Z,1
2019-11-20T14:21:19.000Z,1
2019-11-20T14:38:01.000Z,1
2019-11-20T14:41:02.000Z,1
2019-11-20T15:24:47.000Z,1
2019-11-20T16:29:29.000Z,1
2019-11-20T16:55:32.000Z,1
2019-11-20T17:31:51.000Z,1
2019-11-20T17:47:07.000Z,1
2019-11-20T18:01:07.000Z,2
2019-11-20T18:18:54.000Z,1
2019-11-20T18:30:21.000Z,1
2019-11-20T18:36:38.000Z,1
2019-11-20T19:01:01.000Z,1
2019-11-20T19:43:55.000Z,1
2019-11-20T20:30:05.000Z,1
2019-11-20T20:36:47.000Z,1
2019-11-20T21:06:13.000Z,1
2019-11-20T21:08:35.000Z,1
2019-11-20T21:34:29.000Z,1
2019-11-20T21:36:22.000Z,1
2019-11-20T22:14:40.000Z,1
2019-11-20T23:09:39.000Z,1
2019-11-20T23:24:49.000Z,1
2019-11-21T07:27:33.000Z,1
2019-11-21T07:37:53.000Z,1
2019-11-21T07:48:10.000Z,2
2019-11-21T08:19:29.000Z,1
2019-11-21T08:23:49.000Z,2
2019-11-21T09:01:29.000Z,1
2019-11-21T10:58:47.000Z,1
2019-11-21T11:47:34.000Z,1
2019-11-21T12:37:03.000Z,1
2019-11-21T12:41:22.000Z,1
2019-11-21T13:05:08.000Z,1
2019-11-21T13:57:38.000Z,1
2019-11-21T15:18:55.000Z,1
2019-11-21T15:41:28.000Z,1
2019-11-21T15:50:40.000Z,1
2019-11-21T16:36:07.000Z,1
2019-11-21T17:03:20.000Z,1
2019-11-21T17:23:33.000Z,1
2019-11-21T17:25:17.000Z,1
2019-11-21T17:39:36.000Z,1
2019-11-21T17:45:32.000Z,1
2019-11-21T18:14:35.000Z,1
2019-11-21T18:15:52.000Z,1
2019-11-21T18:52:02.000Z,1
2019-11-21T19:30:30.000Z,2
2019-11-21T22:42:08.000Z,1
2019-11-22T06:35:30.000Z,1
2019-11-22T07:48:53.000Z,1
2019-11-22T07:56:26.000Z,1
2019-11-22T08:15:44.000Z,1
2019-11-22T08:17:08.000Z,1
2019-11-22T08:24:50.000Z,1
2019-11-22T08:29:32.000Z,1
2019-11-22T08:31:46.000Z,1
2019-11-22T08:54:01.000Z,1
2019-11-22T09:54:32.000Z,1
2019-11-22T11:23:21.000Z,1
2019-11-22T11:32:49.000Z,1
2019-11-22T11:44:46.000Z,1
2019-11-22T12:05:55.000Z,1
2019-11-22T12:37:07.000Z,1
2019-11-22T14:05:55.000Z,1
2019-11-22T14:14:07.000Z,1
2019-11-22T14:28:32.000Z,1
2019-11-22T14:50:57.000Z,1
2019-11-22T15:14:55.000Z,1
2019-11-22T15:25:46.000Z,1
2019-11-22T16:14:08.000Z,1
2019-11-22T17:15:21.000Z,1
2019-11-22T18:03:51.000Z,1
2019-11-22T18:09:13.000Z,2
2019-11-22T18:25:11.000Z,1
2019-11-22T18:42:34.000Z,1
2019-11-22T19:02:29.000Z,1
2019-11-22T19:37:48.000Z,1
2019-11-23T07:32:42.000Z,1
2019-11-23T09:51:24.000Z,1
2019-11-23T10:09:47.000Z,1
2019-11-23T10:42:46.000Z,1
2019-11-23T10:45:18.000Z,1
2019-11-23T10:54:50.000Z,1
2019-11-23T11:23:26.000Z,1
2019-11-23T11:53:18.000Z,1
2019-11-23T11:56:43.000Z,1
2019-11-23T12:00:19.000Z,1
2019-11-23T12:15:43.000Z,1
2019-11-23T13:01:59.000Z,1
2019-11-23T13:23:25.000Z,1
2019-11-23T13:32:56.000Z,1
2019-11-23T14:27:50.000Z,1
2019-11-23T14:36:41.000Z,1
2019-11-23T15:51:59.000Z,1
2019-11-23T16:22:39.000Z,1
2019-11-23T16:45:12.000Z,1
2019-11-23T17:03:31.000Z,1
2019-11-23T17:10:09.000Z,1
2019-11-23T18:12:31.000Z,1
2019-11-23T18:49:23.000Z,1
2019-11-23T19:00:00.000Z,2
2019-11-24T07:43:59.000Z,1
2019-11-24T08:40:15.000Z,1
2019-11-24T09:36:43.000Z,1
2019-11-24T09:59:26.000Z,1
2019-11-24T10:16:29.000Z,1
2019-11-24T10:32:41.000Z,2
2019-11-24T10:36:57.000Z,1
2019-11-24T11:17:29.000Z,1
2019-11-24T11:43:17.000Z,1
2019-11-24T11:45:22.000Z,1
2019-11-24T12:22:03.000Z,1
2019-11-24T12:29:14.000Z,1
2019-11-24T12:30:28.000Z,1
2019-11-24T12:44:19.000Z,1
2019-11-24T12:44:52.000Z,1
2019-11-24T12:53:50.000Z,1
2019-11-24T13:09:39.000Z,1
2019-11-24T13:45:22.000Z,1
2019-11-24T15:34:11.000Z,1
2019-11-24T15:49:04.000Z,1
2019-11-24T15:52:46.000Z,1
2019-11-24T19:02:07.000Z,1
2019-11-24T19:21:32.000Z,1
2019-11-24T20:52:21.000Z,1
2019-11-25T00:14:39.000Z,1
2019-11-25T06:01:50.000Z,1
2019-11-25T06:12:05.000Z,1
2019-11-25T06:15:27.000Z,1
2019-11-25T07:17:34.000Z,1
2019-11-25T07:40:04.000Z,1
2019-11-25T07:55:11.000Z,1
2019-11-25T08:13:11.000Z,1
2019-11-25T08:14:40.000Z,2
2019-11-25T08:16:09.000Z,1
2019-11-25T08:17:22.000Z,1
2019-11-25T08:18:33.000Z,1
2019-11-25T14:17:32.000Z,1
2019-11-25T15:38:10.000Z,1
2019-11-25T15:48:07.000Z,1
2019-11-25T15:51:30.000Z,1
2019-11-25T16:02:01.000Z,1
2019-11-25T16:09:03.000Z,1
2019-11-25T16:09:25.000Z,1
2019-11-25T16:13:56.000Z,1
2019-11-25T16:36:40.000Z,1
2019-11-25T16:52:28.000Z,1
2019-11-25T16:53:21.000Z,1
2019-11-25T17:06:29.000Z,2
2019-11-25T17:07:34.000Z,1
2019-11-25T17:14:52.000Z,1
2019-11-25T17:22:56.000Z,1
2019-11-25T17:26:09.000Z,1
2019-11-25T17:37:14.000Z,1
2019-11-25T17:40:27.000Z,2
2019-11-25T17:49:17.000Z,1
2019-11-25T18:06:15.000Z,2
2019-11-25T18:08:58.000Z,1
2019-11-25T18:28:19.000Z,1
2019-11-25T18:37:00.000Z,1
2019-11-25T18:38:58.000Z,1
2019-11-25T19:07:21.000Z,1
2019-11-25T19:35:20.000Z,1
2019-11-25T21:06:30.000Z,1
2019-11-25T21:10:13.000Z,1
2019-11-25T21:12:51.000Z,1
2019-11-25T21:33:01.000Z,1
2019-11-25T23:01:48.000Z,1
2019-11-26T03:52:19.000Z,1
2019-11-26T06:48:30.000Z,1
2019-11-26T07:47:49.000Z,1
2019-11-26T07:59:25.000Z,1
2019-11-26T08:07:10.000Z,1
2019-11-26T08:32:34.000Z,1
2019-11-26T08:37:27.000Z,1
2019-11-26T08:50:37.000Z,1
2019-11-26T08:56:33.000Z,1
2019-11-26T09:07:38.000Z,1
2019-11-26T09:13:27.000Z,1
2019-11-26T09:15:32.000Z,1
2019-11-26T09:58:52.000Z,1
2019-11-26T10:39:01.000Z,1
2019-11-26T10:39:11.000Z,1
2019-11-26T11:02:56.000Z,2
2019-11-26T12:15:01.000Z,1
2019-11-26T12:18:07.000Z,1
2019-11-26T12:41:40.000Z,1
2019-11-26T13:05:52.000Z,1
2019-11-26T13:41:52.000Z,1
2019-11-26T16:06:28.000Z,1
2019-11-26T17:06:45.000Z,1
2019-11-26T17:49:22.000Z,1
2019-11-26T17:50:07.000Z,1
2019-11-26T17:54:20.000Z,1
2019-11-26T18:04:08.000Z,1
2019-11-26T18:06:47.000Z,1
2019-11-26T18:26:01.000Z,1
2019-11-26T18:25:51.000Z,1
2019-11-26T19:06:42.000Z,1
2019-11-26T19:47:20.000Z,1
2019-11-26T22:07:20.000Z,1
2019-11-27T05:32:40.000Z,1
2019-11-27T06:04:08.000Z,1
2019-11-27T06:50:26.000Z,1
2019-11-27T07:26:31.000Z,1
2019-11-27T07:41:01.000Z,2
2019-11-27T08:39:33.000Z,1
2019-11-27T08:54:06.000Z,1
2019-11-27T09:49:25.000Z,2
2019-11-27T10:02:13.000Z,1
2019-11-27T10:22:39.000Z,1
2019-11-27T10:56:50.000Z,1
2019-11-27T11:53:21.000Z,1
2019-11-27T12:36:08.000Z,1
2019-11-27T12:53:30.000Z,1
2019-11-27T14:21:45.000Z,1
2019-11-27T14:48:57.000Z,1
2019-11-27T14:57:14.000Z,1
2019-11-27T14:57:51.000Z,1
2019-11-27T15:00:44.000Z,1
2019-11-27T15:26:32.000Z,1
2019-11-27T16:57:15.000Z,1
2019-11-27T17:03:44.000Z,1
2019-11-27T17:04:13.000Z,1
2019-11-27T19:45:11.000Z,1
2019-11-27T20:04:01.000Z,1
2019-11-27T20:08:16.000Z,1
2019-11-28T02:29:48.000Z,1
2019-11-28T03:46:32.000Z,1
2019-11-28T08:27:11.000Z,1
2019-11-28T10:45:08.000Z,1
2019-11-28T11:52:34.000Z,1
2019-11-28T13:41:06.000Z,1
2019-11-28T13:58:25.000Z,1
2019-11-28T15:28:06.000Z,1
2019-11-29T07:33:53.000Z,1
2019-11-29T09:14:29.000Z,1
2019-11-29T09:26:56.000Z,1
2019-11-29T11:00:36.000Z,1
2019-11-29T14:50:53.000Z,2
2019-11-29T15:08:58.000Z,1
2019-11-29T15:23:36.000Z,2
2019-11-29T16:28:19.000Z,1
2019-11-29T16:37:51.000Z,1
2019-11-29T18:41:08.000Z,1
2019-11-29T22:01:56.000Z,1
2019-11-30T02:02:06.000Z,1
2019-11-30T10:40:03.000Z,1
2019-11-30T15:09:47.000Z,1
2019-11-30T17:43:29.000Z,1
2019-11-30T18:10:11.000Z,1
2019-11-30T23:05:56.000Z,1
2019-12-01T07:41:19.000Z,1
2019-12-01T08:58:58.000Z,1
2019-12-01T09:34:37.000Z,1
2019-12-01T10:35:56.000Z,1
2019-12-01T11:53:57.000Z,1
2019-12-01T11:57:48.000Z,1
2019-12-01T21:43:54.000Z,1
2019-12-01T21:45:37.000Z,1
2019-11-20T05:46:05.000Z,1
2019-11-20T06:00:53.000Z,1
2019-11-20T06:15:42.000Z,1
2019-11-20T06:21:48.000Z,1
2019-11-20T06:49:03.000Z,1
2019-11-20T07:03:22.000Z,1
2019-11-20T07:05:57.000Z,1
2019-11-20T07:13:38.000Z,1
2019-11-20T07:21:49.000Z,1
2019-11-20T07:39:53.000Z,1
2019-11-20T07:39:57.000Z,1
2019-11-20T08:00:31.000Z,1
2019-11-20T08:05:46.000Z,1
2019-11-20T08:16:01.000Z,1
2019-11-20T08:23:12.000Z,1
2019-11-20T08:47:38.000Z,1
2019-11-20T09:00:55.000Z,1
2019-11-20T09:03:21.000Z,2
2019-11-20T09:09:05.000Z,1
2019-11-20T09:28:42.000Z,1
2019-11-20T11:19:22.000Z,1
2019-11-20T13:12:39.000Z,1
2019-11-20T13:38:52.000Z,1
2019-11-20T15:54:02.000Z,1
2019-11-20T16:50:19.000Z,1
2019-11-20T17:17:29.000Z,1
2019-11-20T17:20:45.000Z,3
2019-11-20T17:29:01.000Z,1
2019-11-20T08:17:55.000Z,1
2019-11-20T14:33:25.000Z,1
2019-11-20T15:23:50.000Z,1
2019-11-20T15:38:49.000Z,2
2019-11-20T16:30:17.000Z,2
2019-11-20T16:30:39.000Z,1
2019-11-20T16:36:36.000Z,1
2019-11-20T16:59:46.000Z,1
2019-11-20T17:06:03.000Z,1
2019-11-20T17:20:24.000Z,1
2019-11-20T17:35:45.000Z,1
2019-11-20T17:50:55.000Z,3
2019-11-20T17:51:30.000Z,1
2019-11-20T17:59:03.000Z,1
2019-11-20T18:16:13.000Z,1
2019-11-20T18:31:11.000Z,1
2019-11-20T18:36:41.000Z,1
2019-11-20T18:37:36.000Z,1
2019-11-20T18:37:52.000Z,1
2019-11-20T18:39:54.000Z,1
2019-11-20T19:10:13.000Z,1
2019-11-20T19:56:18.000Z,1
2019-11-20T21:21:04.000Z,1
2019-11-20T21:35:24.000Z,1
2019-11-20T22:04:45.000Z,1
2019-11-21T06:43:42.000Z,1
2019-11-21T07:14:08.000Z,1
2019-11-21T07:37:36.000Z,1
2019-11-21T07:39:52.000Z,1
2019-11-21T07:41:39.000Z,1
2019-11-21T08:13:10.000Z,1
2019-11-21T08:18:20.000Z,1
2019-11-21T08:28:31.000Z,1
2019-11-21T08:28:55.000Z,1
2019-11-21T09:03:47.000Z,1
2019-11-21T09:13:29.000Z,1
2019-11-21T10:38:47.000Z,1
2019-11-21T11:41:31.000Z,1
2019-11-21T13:00:53.000Z,1
2019-11-21T14:00:23.000Z,1
2019-11-21T14:27:14.000Z,2
2019-11-21T15:45:01.000Z,1
2019-11-21T15:46:06.000Z,2
2019-11-21T15:58:20.000Z,1
2019-11-21T16:36:40.000Z,1
2019-11-21T16:42:57.000Z,1
2019-11-21T16:51:01.000Z,2
2019-11-21T16:56:29.000Z,2
2019-11-21T17:25:00.000Z,1
2019-11-21T17:43:56.000Z,1
2019-11-21T17:53:37.000Z,1
2019-11-21T18:03:40.000Z,1
2019-11-21T18:18:08.000Z,1
2019-11-21T18:20:44.000Z,1
2019-11-21T19:07:36.000Z,1
2019-11-21T19:35:45.000Z,1
2019-11-21T20:32:05.000Z,1
2019-11-21T21:42:25.000Z,1
2019-11-21T22:08:16.000Z,1
2019-11-21T23:03:37.000Z,1
2019-11-22T06:24:30.000Z,1
2019-11-22T06:57:02.000Z,1
2019-11-22T07:06:24.000Z,1
2019-11-22T07:18:23.000Z,1
2019-11-22T07:19:31.000Z,1
2019-11-22T08:12:12.000Z,1
2019-11-22T08:12:11.000Z,1
2019-11-22T08:13:34.000Z,2
2019-11-22T08:21:18.000Z,2
2019-11-22T08:35:40.000Z,1
2019-11-22T08:38:36.000Z,1
2019-11-22T08:47:11.000Z,1
2019-11-22T08:48:46.000Z,1
2019-11-22T08:50:06.000Z,1
2019-11-22T09:09:41.000Z,1
2019-11-22T09:10:08.000Z,1
2019-11-22T09:11:58.000Z,1
2019-11-22T10:21:07.000Z,1
2019-11-22T11:53:37.000Z,1
2019-11-22T11:57:20.000Z,1
2019-11-22T12:22:11.000Z,1
2019-11-22T13:27:06.000Z,1
2019-11-22T14:09:50.000Z,1
2019-11-22T15:06:42.000Z,1
2019-11-22T15:40:53.000Z,1
2019-11-22T16:39:03.000Z,1
2019-11-22T16:45:39.000Z,2
2019-11-22T17:24:40.000Z,1
2019-11-22T17:39:58.000Z,1
2019-11-22T17:56:15.000Z,2
2019-11-22T18:17:21.000Z,1
2019-11-22T19:18:03.000Z,1
2019-11-23T00:19:38.000Z,1
2019-11-23T01:22:22.000Z,1
2019-11-23T06:56:39.000Z,1
2019-11-23T10:07:54.000Z,1
2019-11-23T10:35:56.000Z,1
2019-11-23T12:17:53.000Z,1
2019-11-23T12:36:16.000Z,1
2019-11-23T12:44:50.000Z,1
2019-11-23T14:22:07.000Z,1
2019-11-23T14:23:55.000Z,2
2019-11-23T14:27:38.000Z,1
2019-11-23T15:11:44.000Z,2
2019-11-23T15:50:29.000Z,1
2019-11-23T17:44:26.000Z,1
2019-11-23T18:54:43.000Z,1
2019-11-23T19:16:13.000Z,1
2019-11-23T20:03:53.000Z,1
2019-11-24T04:23:51.000Z,1
2019-11-24T09:19:04.000Z,1
2019-11-24T10:35:45.000Z,1
2019-11-24T10:46:08.000Z,1
2019-11-24T10:53:26.000Z,1
2019-11-24T11:21:03.000Z,1
2019-11-24T11:51:24.000Z,1
2019-11-24T12:19:26.000Z,1
2019-11-24T12:26:13.000Z,1
2019-11-24T13:18:49.000Z,1
2019-11-24T13:26:13.000Z,1
2019-11-24T13:46:18.000Z,3
2019-11-24T14:30:43.000Z,1
2019-11-24T14:58:38.000Z,1
2019-11-24T15:35:58.000Z,1
2019-11-24T16:17:38.000Z,1
2019-11-24T16:21:05.000Z,1
2019-11-24T16:22:21.000Z,1
2019-11-24T17:17:43.000Z,1
2019-11-24T18:04:24.000Z,1
2019-11-24T19:11:11.000Z,1
2019-11-24T20:07:20.000Z,1
2019-11-24T21:06:33.000Z,1
2019-11-24T21:52:23.000Z,1
2019-11-25T06:39:47.000Z,1
2019-11-25T06:46:50.000Z,1
2019-11-25T06:57:44.000Z,1
2019-11-25T07:57:27.000Z,1
2019-11-25T08:01:51.000Z,1
2019-11-25T08:10:14.000Z,1
2019-11-25T08:14:27.000Z,1
2019-11-25T08:15:06.000Z,1
2019-11-25T08:30:24.000Z,1
2019-11-25T08:30:50.000Z,1
2019-11-25T08:39:00.000Z,1
2019-11-25T09:01:12.000Z,1
2019-11-25T11:35:54.000Z,1
2019-11-25T12:01:16.000Z,1
2019-11-25T12:24:40.000Z,1
2019-11-25T13:11:38.000Z,1
2019-11-25T13:19:04.000Z,1
2019-11-25T13:43:46.000Z,1
2019-11-25T14:01:08.000Z,1
2019-11-25T15:13:22.000Z,1
2019-11-25T15:26:12.000Z,1
2019-11-25T15:46:50.000Z,1
2019-11-25T15:51:53.000Z,1
2019-11-25T16:14:20.000Z,1
2019-11-25T16:22:38.000Z,1
2019-11-25T16:44:50.000Z,1
2019-11-25T16:46:04.000Z,1
2019-11-25T16:54:00.000Z,1
2019-11-25T16:56:21.000Z,1
2019-11-25T16:57:57.000Z,2
2019-11-25T17:01:42.000Z,1
2019-11-25T17:10:08.000Z,1
2019-11-25T17:34:58.000Z,2
2019-11-25T17:40:08.000Z,2
2019-11-25T18:06:19.000Z,1
2019-11-25T18:49:09.000Z,1
2019-11-25T18:50:49.000Z,1
2019-11-25T19:17:40.000Z,1
2019-11-25T23:26:01.000Z,1
2019-11-26T00:03:00.000Z,1
2019-11-26T06:20:06.000Z,1
2019-11-26T06:42:54.000Z,1
2019-11-26T07:05:41.000Z,1
2019-11-26T07:19:08.000Z,1
2019-11-26T07:25:29.000Z,1
2019-11-26T07:33:06.000Z,1
2019-11-26T07:55:15.000Z,1
2019-11-26T08:10:32.000Z,1
2019-11-26T08:50:58.000Z,1
2019-11-26T12:38:27.000Z,1
2019-11-26T13:39:48.000Z,1
2019-11-26T15:39:11.000Z,1
2019-11-26T16:24:25.000Z,1
2019-11-26T16:37:24.000Z,1
2019-11-26T16:43:29.000Z,2
2019-11-26T17:20:59.000Z,1
2019-11-26T18:35:22.000Z,1
2019-11-26T19:39:47.000Z,1
2019-11-26T22:34:00.000Z,1
2019-11-27T05:17:32.000Z,1
2019-11-27T07:00:33.000Z,1
2019-11-27T07:05:51.000Z,1
2019-11-27T07:40:48.000Z,1
2019-11-27T07:50:02.000Z,1
2019-11-27T07:54:46.000Z,1
2019-11-27T08:19:20.000Z,1
2019-11-27T10:06:59.000Z,1
2019-11-27T11:13:02.000Z,1
2019-11-27T11:28:38.000Z,2
2019-11-27T14:16:46.000Z,1
2019-11-27T14:52:25.000Z,1
2019-11-27T15:38:40.000Z,1
2019-11-27T15:38:51.000Z,1
2019-11-27T16:05:46.000Z,1
2019-11-27T17:10:24.000Z,1
2019-11-27T17:29:14.000Z,1
2019-11-27T17:36:05.000Z,1
2019-11-27T18:33:00.000Z,1
2019-11-27T19:27:02.000Z,1
2019-11-27T21:50:15.000Z,1
2019-11-27T23:53:19.000Z,1
2019-11-27T23:59:07.000Z,1
2019-11-28T11:47:55.000Z,1
2019-11-28T12:29:50.000Z,1
2019-11-28T13:16:56.000Z,1
2019-11-28T13:35:23.000Z,1
2019-11-28T14:42:51.000Z,1
2019-11-28T15:50:26.000Z,1
2019-11-28T17:41:57.000Z,1
2019-11-29T07:59:35.000Z,1
2019-11-29T09:02:25.000Z,1
2019-11-29T10:42:12.000Z,1
2019-11-29T10:44:48.000Z,1
2019-11-29T12:58:11.000Z,1
2019-11-29T13:16:10.000Z,1
2019-11-29T14:03:26.000Z,1
2019-11-29T14:33:49.000Z,1
2019-11-29T16:01:57.000Z,1
2019-11-29T16:32:20.000Z,1
2019-11-29T16:38:25.000Z,1
2019-11-29T16:45:12.000Z,1
2019-11-29T17:20:41.000Z,1
2019-11-29T21:00:18.000Z,1
2019-11-30T00:38:14.000Z,1
2019-11-30T01:24:42.000Z,1
2019-11-30T01:49:11.000Z,1
2019-11-30T08:08:42.000Z,1
2019-11-30T12:37:55.000Z,1
2019-11-30T14:51:45.000Z,1
2019-11-30T16:03:07.000Z,1
2019-11-30T16:03:30.000Z,1
2019-11-30T17:14:37.000Z,1
2019-11-30T18:27:01.000Z,1
2019-11-30T18:40:36.000Z,1
2019-11-30T19:24:17.000Z,1
2019-12-01T03:14:34.000Z,1
2019-12-01T10:46:37.000Z,1
2019-12-01T10:51:00.000Z,1
2019-12-01T11:58:37.000Z,1
2019-12-01T12:34:54.000Z,1
2019-12-01T14:38:36.000Z,1
2019-12-01T15:20:42.000Z,1
2019-12-01T16:36:34.000Z,1
2019-12-01T18:10:08.000Z,1
2019-12-01T21:34:21.000Z,1
2019-12-01T21:50:30.000Z,1
2019-12-02T05:34:54.000Z,1
2019-11-20T04:54:29.000Z,1
2019-11-20T05:46:55.000Z,1
2019-11-20T07:13:23.000Z,2
2019-11-20T07:20:02.000Z,1
2019-11-20T07:21:58.000Z,1
2019-11-20T07:47:24.000Z,2
2019-11-20T08:18:09.000Z,1
2019-11-20T08:20:56.000Z,1
2019-11-20T08:30:12.000Z,1
2019-11-20T08:58:53.000Z,1
2019-11-20T09:04:13.000Z,1
2019-11-20T09:05:40.000Z,1
2019-11-20T10:48:32.000Z,1
2019-11-20T10:56:31.000Z,1
2019-11-20T11:30:51.000Z,1
2019-11-20T12:23:31.000Z,1
2019-11-20T12:39:16.000Z,1
2019-11-20T13:53:11.000Z,1
2019-11-20T13:55:52.000Z,1
2019-11-20T16:01:25.000Z,1
2019-11-20T17:07:10.000Z,1
2019-11-20T17:28:47.000Z,1
2019-11-20T20:33:32.000Z,1
2019-11-20T21:42:22.000Z,1
2019-11-20T07:59:15.000Z,1
2019-11-20T11:56:13.000Z,1
2019-11-20T12:08:39.000Z,1
2019-11-20T12:17:17.000Z,1
2019-11-20T13:19:38.000Z,1
2019-11-20T15:27:26.000Z,1
2019-11-20T15:27:33.000Z,1
2019-11-20T16:10:04.000Z,1
2019-11-20T16:27:51.000Z,1
2019-11-20T16:55:26.000Z,1
2019-11-20T16:56:51.000Z,1
2019-11-20T17:03:01.000Z,1
2019-11-20T17:08:09.000Z,1
2019-11-20T18:24:01.000Z,1
2019-11-20T19:08:17.000Z,1
2019-11-20T20:15:54.000Z,1
2019-11-20T20:23:41.000Z,1
2019-11-20T20:33:08.000Z,1
2019-11-21T04:47:03.000Z,1
2019-11-21T05:32:07.000Z,1
2019-11-21T06:53:41.000Z,1
2019-11-21T08:20:16.000Z,1
2019-11-21T08:21:03.000Z,1
2019-11-21T08:32:19.000Z,1
2019-11-21T08:37:52.000Z,1
2019-11-21T08:59:09.000Z,1
2019-11-21T09:06:46.000Z,1
2019-11-21T10:57:14.000Z,1
2019-11-21T13:47:12.000Z,1
2019-11-21T13:47:21.000Z,1
2019-11-21T13:57:33.000Z,1
2019-11-21T14:20:19.000Z,1
2019-11-21T15:11:03.000Z,1
2019-11-21T15:14:59.000Z,1
2019-11-21T15:39:15.000Z,1
2019-11-21T15:41:55.000Z,1
2019-11-21T15:56:01.000Z,1
2019-11-21T15:59:37.000Z,1
2019-11-21T16:21:25.000Z,1
2019-11-21T16:31:08.000Z,1
2019-11-21T17:20:37.000Z,1
2019-11-21T17:23:19.000Z,2
2019-11-21T17:23:35.000Z,1
2019-11-21T17:26:33.000Z,1
2019-11-21T17:30:56.000Z,1
2019-11-21T17:31:39.000Z,1
2019-11-21T17:40:18.000Z,1
2019-11-21T17:49:27.000Z,1
2019-11-21T17:55:51.000Z,1
2019-11-21T18:27:12.000Z,2
2019-11-21T18:35:34.000Z,1
2019-11-21T19:02:47.000Z,1
2019-11-21T19:25:40.000Z,1
2019-11-21T19:35:32.000Z,1
2019-11-21T20:05:25.000Z,1
2019-11-21T21:24:12.000Z,1
2019-11-21T21:54:37.000Z,1
2019-11-21T22:07:51.000Z,1
2019-11-22T00:15:19.000Z,1
2019-11-22T05:06:24.000Z,1
2019-11-22T05:52:39.000Z,1
2019-11-22T06:49:27.000Z,1
2019-11-22T07:56:30.000Z,1
2019-11-22T08:24:09.000Z,1
2019-11-22T09:13:43.000Z,1
2019-11-22T09:36:30.000Z,1
2019-11-22T11:32:21.000Z,1
2019-11-22T13:25:47.000Z,1
2019-11-22T14:35:37.000Z,1
2019-11-22T14:51:48.000Z,1
2019-11-22T15:14:18.000Z,1
2019-11-22T15:21:35.000Z,2
2019-11-22T16:16:41.000Z,1
2019-11-22T16:25:29.000Z,1
2019-11-22T16:45:03.000Z,2
2019-11-22T16:57:52.000Z,1
2019-11-22T17:09:58.000Z,1
2019-11-22T17:24:11.000Z,1
2019-11-22T17:30:13.000Z,2
2019-11-22T17:41:58.000Z,1
2019-11-22T17:42:52.000Z,1
2019-11-22T18:03:06.000Z,1
2019-11-22T18:05:59.000Z,1
2019-11-22T18:23:56.000Z,1
2019-11-22T18:48:05.000Z,1
2019-11-22T19:11:22.000Z,1
2019-11-22T19:11:40.000Z,1
2019-11-22T19:38:12.000Z,1
2019-11-22T19:42:12.000Z,1
2019-11-23T05:54:27.000Z,1
2019-11-23T07:07:18.000Z,1
2019-11-23T07:53:36.000Z,1
2019-11-23T08:27:02.000Z,1
2019-11-23T08:32:08.000Z,1
2019-11-23T08:37:35.000Z,1
2019-11-23T08:55:27.000Z,1
2019-11-23T09:13:06.000Z,1
2019-11-23T09:52:26.000Z,2
2019-11-23T10:25:48.000Z,1
2019-11-23T11:19:04.000Z,1
2019-11-23T11:57:39.000Z,1
2019-11-23T12:11:37.000Z,1
2019-11-23T13:41:20.000Z,1
2019-11-23T13:59:07.000Z,1
2019-11-23T14:14:06.000Z,2
2019-11-23T14:15:41.000Z,1
2019-11-23T14:19:54.000Z,1
2019-11-23T14:36:40.000Z,1
2019-11-23T14:38:25.000Z,1
2019-11-23T14:48:09.000Z,1
2019-11-23T15:10:37.000Z,1
2019-11-23T15:22:17.000Z,1
2019-11-23T16:14:36.000Z,1
2019-11-23T16:36:36.000Z,1
2019-11-23T16:47:10.000Z,1
2019-11-23T17:08:19.000Z,1
2019-11-23T17:49:10.000Z,1
2019-11-23T19:05:03.000Z,1
2019-11-23T19:45:16.000Z,1
2019-11-23T23:40:40.000Z,1
2019-11-24T00:43:19.000Z,1
2019-11-24T07:50:39.000Z,1
2019-11-24T09:43:54.000Z,1
2019-11-24T09:45:35.000Z,1
2019-11-24T10:00:14.000Z,1
2019-11-24T10:02:26.000Z,1
2019-11-24T11:26:08.000Z,1
2019-11-24T12:08:30.000Z,1
2019-11-24T12:13:03.000Z,1
2019-11-24T12:16:09.000Z,1
2019-11-24T12:20:09.000Z,1
2019-11-24T13:45:19.000Z,1
2019-11-24T13:56:18.000Z,1
2019-11-24T14:13:55.000Z,1
2019-11-24T14:57:31.000Z,1
2019-11-24T15:16:17.000Z,1
2019-11-24T16:07:39.000Z,1
2019-11-24T16:24:43.000Z,1
2019-11-24T16:43:37.000Z,1
2019-11-24T16:48:02.000Z,1
2019-11-24T18:35:36.000Z,1
2019-11-24T19:23:28.000Z,2
2019-11-24T19:39:41.000Z,1
2019-11-25T05:50:07.000Z,1
2019-11-25T06:26:03.000Z,1
2019-11-25T06:45:42.000Z,1
2019-11-25T07:04:36.000Z,1
2019-11-25T07:44:10.000Z,1
2019-11-25T07:53:56.000Z,1
2019-11-25T07:59:33.000Z,1
2019-11-25T08:00:10.000Z,1
2019-11-25T08:06:21.000Z,1
2019-11-25T08:20:52.000Z,1
2019-11-25T08:24:05.000Z,1
2019-11-25T08:26:22.000Z,1
2019-11-25T08:29:34.000Z,1
2019-11-25T09:03:38.000Z,1
2019-11-25T11:13:44.000Z,1
2019-11-25T11:14:33.000Z,1
2019-11-25T11:26:40.000Z,1
2019-11-25T11:45:53.000Z,1
2019-11-25T12:10:44.000Z,1
2019-11-25T12:36:03.000Z,1
2019-11-25T12:44:04.000Z,1
2019-11-25T12:50:53.000Z,1
2019-11-25T12:53:19.000Z,1
2019-11-25T14:15:31.000Z,1
2019-11-25T14:21:37.000Z,1
2019-11-25T14:24:28.000Z,1
2019-11-25T14:30:58.000Z,1
2019-11-25T14:31:46.000Z,1
2019-11-25T15:44:06.000Z,1
2019-11-25T15:46:15.000Z,1
2019-11-25T16:27:30.000Z,1
2019-11-25T16:39:54.000Z,1
2019-11-25T16:58:33.000Z,2
2019-11-25T17:04:32.000Z,1
2019-11-25T17:08:57.000Z,1
2019-11-25T17:10:02.000Z,2
2019-11-25T17:11:22.000Z,1
2019-11-25T17:12:13.000Z,2
2019-11-25T17:22:03.000Z,1
2019-11-25T17:25:20.000Z,1
2019-11-25T17:28:59.000Z,1
2019-11-25T17:43:17.000Z,1
2019-11-25T17:54:51.000Z,1
2019-11-25T18:18:05.000Z,1
2019-11-25T18:30:44.000Z,2
2019-11-25T18:36:47.000Z,1
2019-11-25T18:42:47.000Z,1
2019-11-25T19:09:21.000Z,1
2019-11-25T19:09:33.000Z,1
2019-11-25T19:51:56.000Z,1
2019-11-25T19:52:52.000Z,1
2019-11-25T20:15:35.000Z,1
2019-11-25T20:17:35.000Z,1
2019-11-25T20:51:27.000Z,1
2019-11-25T21:03:59.000Z,1
2019-11-25T21:58:16.000Z,1
2019-11-25T22:35:06.000Z,1
2019-11-25T23:38:38.000Z,1
2019-11-26T06:16:02.000Z,1
2019-11-26T07:11:15.000Z,1
2019-11-26T07:14:42.000Z,1
2019-11-26T07:25:35.000Z,1
2019-11-26T07:33:07.000Z,1
2019-11-26T07:46:57.000Z,1
2019-11-26T08:19:42.000Z,1
2019-11-26T08:33:40.000Z,1
2019-11-26T08:37:13.000Z,1
2019-11-26T08:48:25.000Z,1
2019-11-26T09:30:54.000Z,1
2019-11-26T09:42:16.000Z,1
2019-11-26T09:46:07.000Z,1
2019-11-26T10:55:17.000Z,1
2019-11-26T11:20:09.000Z,1
2019-11-26T12:20:09.000Z,1
2019-11-26T13:09:57.000Z,2
2019-11-26T13:19:47.000Z,2
2019-11-26T13:28:48.000Z,1
2019-11-26T13:37:33.000Z,1
2019-11-26T14:12:38.000Z,1
2019-11-26T14:45:01.000Z,1
2019-11-26T15:16:57.000Z,1
2019-11-26T15:31:26.000Z,1
2019-11-26T16:03:30.000Z,1
2019-11-26T16:41:26.000Z,1
2019-11-26T17:07:36.000Z,1
2019-11-26T17:21:06.000Z,1
2019-11-26T20:52:26.000Z,1
2019-11-26T21:26:23.000Z,1
2019-11-27T07:31:03.000Z,1
2019-11-27T07:47:29.000Z,1
2019-11-27T08:21:55.000Z,1
2019-11-27T09:25:42.000Z,1
2019-11-27T10:08:06.000Z,1
2019-11-27T13:57:08.000Z,1
2019-11-27T14:14:57.000Z,1
2019-11-27T14:23:48.000Z,1
2019-11-27T14:50:05.000Z,1
2019-11-27T17:03:18.000Z,1
2019-11-27T18:59:12.000Z,1
2019-11-27T19:06:52.000Z,1
2019-11-27T21:34:41.000Z,1
2019-11-28T02:02:45.000Z,1
2019-11-28T06:25:36.000Z,1
2019-11-28T11:33:51.000Z,1
2019-11-28T11:34:55.000Z,1
2019-11-28T12:22:38.000Z,1
2019-11-28T12:37:31.000Z,1
2019-11-28T12:57:20.000Z,1
2019-11-28T14:14:46.000Z,1
2019-11-28T15:05:10.000Z,1
2019-11-29T06:20:13.000Z,1
2019-11-29T13:47:16.000Z,1
2019-11-29T14:26:32.000Z,1
2019-11-29T15:32:54.000Z,1
2019-11-29T15:57:58.000Z,1
2019-11-29T21:48:35.000Z,1
2019-11-29T22:42:55.000Z,1
2019-11-30T13:48:07.000Z,2
2019-11-30T14:02:44.000Z,1
2019-11-30T15:10:42.000Z,1
2019-11-30T17:16:18.000Z,1
2019-12-01T09:06:01.000Z,1
2019-12-01T09:12:19.000Z,1
2019-12-01T09:14:58.000Z,1
2019-12-01T11:24:53.000Z,1
2019-12-01T14:27:00.000Z,1
2019-12-01T15:18:58.000Z,1
2019-12-01T15:39:57.000Z,1
2019-12-01T18:30:58.000Z,1
2019-12-01T20:39:59.000Z,1
2019-12-01T22:34:24.000Z,1
2019-11-20T00:29:01.000Z,1
2019-11-20T05:45:05.000Z,1
2019-11-20T07:18:28.000Z,1
2019-11-20T07:25:55.000Z,1
2019-11-20T07:42:58.000Z,1
2019-11-20T07:43:31.000Z,1
2019-11-20T07:51:27.000Z,3
2019-11-20T08:12:21.000Z,2
2019-11-20T08:23:50.000Z,1
2019-11-20T08:50:58.000Z,1
2019-11-20T09:13:29.000Z,1
2019-11-20T10:07:10.000Z,1
2019-11-20T12:57:41.000Z,1
2019-11-20T13:05:01.000Z,1
2019-11-20T16:13:14.000Z,1
2019-11-20T18:14:31.000Z,1
2019-11-20T19:07:07.000Z,1
2019-11-20T20:04:09.000Z,1
2019-11-20T08:17:02.000Z,1
2019-11-20T10:20:44.000Z,1
2019-11-20T10:52:51.000Z,1
2019-11-20T12:20:16.000Z,1
2019-11-20T12:44:51.000Z,1
2019-11-20T15:36:58.000Z,1
2019-11-20T15:54:16.000Z,1
2019-11-20T16:08:02.000Z,1
2019-11-20T16:39:13.000Z,1
2019-11-20T17:05:02.000Z,1
2019-11-20T17:14:29.000Z,2
2019-11-20T17:19:23.000Z,1
2019-11-20T17:21:07.000Z,1
2019-11-20T17:37:21.000Z,1
2019-11-20T17:47:20.000Z,1
2019-11-20T17:59:40.000Z,1
2019-11-20T18:04:56.000Z,1
2019-11-20T19:38:03.000Z,2
2019-11-20T19:38:17.000Z,1
2019-11-20T19:41:42.000Z,1
2019-11-20T20:30:35.000Z,1
2019-11-20T21:13:54.000Z,1
2019-11-21T00:38:58.000Z,1
2019-11-21T02:42:36.000Z,1
2019-11-21T07:40:13.000Z,1
2019-11-21T08:27:35.000Z,1
2019-11-21T08:29:35.000Z,1
2019-11-21T09:48:07.000Z,1
2019-11-21T12:12:42.000Z,1
2019-11-21T15:39:01.000Z,1
2019-11-21T16:06:42.000Z,1
2019-11-21T16:14:20.000Z,1
2019-11-21T16:18:20.000Z,1
2019-11-21T16:33:26.000Z,1
2019-11-21T16:52:49.000Z,1
2019-11-21T17:09:51.000Z,1
2019-11-21T17:11:15.000Z,2
2019-11-21T17:12:59.000Z,1
2019-11-21T17:15:08.000Z,1
2019-11-21T17:21:11.000Z,1
2019-11-21T17:30:47.000Z,1
2019-11-21T17:59:11.000Z,1
2019-11-21T18:04:26.000Z,1
2019-11-21T18:09:34.000Z,1
2019-11-21T18:10:57.000Z,1
2019-11-21T18:15:18.000Z,1
2019-11-21T18:16:45.000Z,1
2019-11-21T18:35:07.000Z,1
2019-11-21T18:37:26.000Z,1
2019-11-21T18:58:59.000Z,1
2019-11-21T19:04:57.000Z,1
2019-11-21T19:10:01.000Z,1
2019-11-21T19:35:22.000Z,1
2019-11-21T20:48:21.000Z,1
2019-11-21T20:55:56.000Z,1
2019-11-21T21:35:26.000Z,1
2019-11-21T22:31:37.000Z,1
2019-11-21T23:56:52.000Z,1
2019-11-22T05:28:29.000Z,1
2019-11-22T06:27:30.000Z,1
2019-11-22T07:23:51.000Z,1
2019-11-22T07:36:33.000Z,1
2019-11-22T08:01:04.000Z,2
2019-11-22T08:12:54.000Z,2
2019-11-22T08:13:52.000Z,1
2019-11-22T08:51:08.000Z,1
2019-11-22T09:03:01.000Z,1
2019-11-22T09:06:08.000Z,2
2019-11-22T09:07:20.000Z,2
2019-11-22T09:12:25.000Z,1
2019-11-22T10:45:22.000Z,1
2019-11-22T11:04:28.000Z,1
2019-11-22T11:15:56.000Z,1
2019-11-22T11:34:42.000Z,1
2019-11-22T14:01:21.000Z,1
2019-11-22T15:39:35.000Z,1
2019-11-22T16:22:26.000Z,1
2019-11-22T16:58:30.000Z,1
2019-11-22T16:59:22.000Z,1
2019-11-22T17:07:45.000Z,2
2019-11-22T17:20:02.000Z,1
2019-11-22T17:23:45.000Z,1
2019-11-22T17:46:16.000Z,2
2019-11-22T17:48:27.000Z,1
2019-11-22T17:50:02.000Z,2
2019-11-22T18:03:23.000Z,1
2019-11-22T18:14:29.000Z,1
2019-11-22T18:16:20.000Z,1
2019-11-22T18:33:56.000Z,1
2019-11-22T18:52:12.000Z,1
2019-11-22T19:54:41.000Z,1
2019-11-22T20:08:25.000Z,1
2019-11-22T20:21:10.000Z,1
2019-11-22T21:11:30.000Z,1
2019-11-22T22:00:41.000Z,1
2019-11-22T22:02:47.000Z,1
2019-11-23T00:14:39.000Z,1
2019-11-23T08:31:41.000Z,1
2019-11-23T09:38:37.000Z,2
2019-11-23T10:28:54.000Z,1
2019-11-23T10:29:36.000Z,1
2019-11-23T10:40:30.000Z,2
2019-11-23T12:23:03.000Z,1
2019-11-23T12:42:43.000Z,1
2019-11-23T13:58:00.000Z,1
2019-11-23T14:42:19.000Z,1
2019-11-23T15:53:17.000Z,1
2019-11-23T16:03:17.000Z,1
2019-11-23T16:23:37.000Z,1
2019-11-23T17:09:54.000Z,1
2019-11-23T17:13:33.000Z,1
2019-11-23T20:49:20.000Z,1
2019-11-23T23:50:17.000Z,1
2019-11-24T01:26:25.000Z,1
2019-11-24T07:58:05.000Z,1
2019-11-24T09:24:00.000Z,1
2019-11-24T09:36:07.000Z,1
2019-11-24T10:06:44.000Z,1
2019-11-24T10:12:06.000Z,1
2019-11-24T10:23:31.000Z,1
2019-11-24T10:26:09.000Z,1
2019-11-24T10:43:18.000Z,2
2019-11-24T10:55:56.000Z,1
2019-11-24T11:13:08.000Z,1
2019-11-24T11:46:44.000Z,1
2019-11-24T12:07:56.000Z,1
2019-11-24T13:07:27.000Z,1
2019-11-24T13:24:39.000Z,1
2019-11-24T13:35:44.000Z,1
2019-11-24T14:15:55.000Z,1
2019-11-24T14:38:30.000Z,1
2019-11-24T14:51:34.000Z,1
2019-11-24T15:00:48.000Z,1
2019-11-24T15:03:34.000Z,1
2019-11-24T16:06:31.000Z,1
2019-11-24T16:13:27.000Z,1
2019-11-24T16:14:10.000Z,1
2019-11-24T16:24:38.000Z,1
2019-11-24T16:46:05.000Z,1
2019-11-24T17:27:38.000Z,1
2019-11-24T18:07:31.000Z,1
2019-11-24T19:45:22.000Z,1
2019-11-24T20:30:46.000Z,1
2019-11-24T21:21:54.000Z,1
2019-11-24T21:51:22.000Z,1
2019-11-25T00:37:42.000Z,1
2019-11-25T06:24:22.000Z,1
2019-11-25T07:25:32.000Z,1
2019-11-25T07:29:45.000Z,1
2019-11-25T07:43:11.000Z,1
2019-11-25T07:50:43.000Z,1
2019-11-25T07:55:01.000Z,2
2019-11-25T07:56:47.000Z,2
2019-11-25T08:17:01.000Z,1
2019-11-25T08:19:30.000Z,1
2019-11-25T08:32:50.000Z,1
2019-11-25T08:53:20.000Z,2
2019-11-25T09:00:09.000Z,1
2019-11-25T09:07:24.000Z,1
2019-11-25T09:31:37.000Z,1
2019-11-25T10:04:12.000Z,1
2019-11-25T10:32:34.000Z,1
2019-11-25T10:47:05.000Z,1
2019-11-25T11:05:00.000Z,1
2019-11-25T11:11:21.000Z,1
2019-11-25T12:09:38.000Z,1
2019-11-25T12:17:32.000Z,1
2019-11-25T12:39:08.000Z,1
2019-11-25T12:53:08.000Z,1
2019-11-25T13:06:31.000Z,2
2019-11-25T13:35:38.000Z,1
2019-11-25T15:27:22.000Z,1
2019-11-25T15:41:46.000Z,1
2019-11-25T15:48:01.000Z,1
2019-11-25T16:13:49.000Z,1
2019-11-25T16:21:43.000Z,1
2019-11-25T16:26:54.000Z,1
2019-11-25T16:34:28.000Z,1
2019-11-25T16:37:21.000Z,2
2019-11-25T16:44:00.000Z,1
2019-11-25T17:00:05.000Z,1
2019-11-25T17:01:36.000Z,1
2019-11-25T17:09:10.000Z,1
2019-11-25T17:19:00.000Z,1
2019-11-25T18:21:40.000Z,1
2019-11-25T18:34:51.000Z,1
2019-11-25T18:36:15.000Z,1
2019-11-25T18:57:23.000Z,2
2019-11-25T19:00:49.000Z,1
2019-11-25T19:04:54.000Z,1
2019-11-25T19:10:48.000Z,1
2019-11-25T19:22:27.000Z,1
2019-11-25T19:42:44.000Z,1
2019-11-25T19:51:02.000Z,1
2019-11-25T19:55:43.000Z,1
2019-11-25T20:10:35.000Z,1
2019-11-25T20:16:08.000Z,1
2019-11-25T20:32:53.000Z,1
2019-11-25T21:14:38.000Z,1
2019-11-25T22:15:17.000Z,1
2019-11-25T23:04:10.000Z,1
2019-11-26T06:47:02.000Z,2
2019-11-26T07:19:03.000Z,1
2019-11-26T07:34:55.000Z,1
2019-11-26T07:36:38.000Z,2
2019-11-26T07:50:53.000Z,1
2019-11-26T08:11:12.000Z,2
2019-11-26T08:16:54.000Z,1
2019-11-26T08:25:16.000Z,1
2019-11-26T08:39:53.000Z,1
2019-11-26T08:46:24.000Z,1
2019-11-26T09:20:30.000Z,1
2019-11-26T11:59:53.000Z,1
2019-11-26T12:25:30.000Z,1
2019-11-26T14:21:42.000Z,1
2019-11-26T14:29:47.000Z,1
2019-11-26T16:36:06.000Z,1
2019-11-26T16:41:17.000Z,1
2019-11-26T17:13:46.000Z,1
2019-11-26T18:24:24.000Z,1
2019-11-26T21:57:33.000Z,1
2019-11-27T00:07:37.000Z,1
2019-11-27T05:46:43.000Z,1
2019-11-27T06:26:25.000Z,1
2019-11-27T07:48:40.000Z,1
2019-11-27T07:55:34.000Z,1
2019-11-27T08:03:40.000Z,1
2019-11-27T08:24:39.000Z,1
2019-11-27T08:58:49.000Z,1
2019-11-27T09:07:30.000Z,1
2019-11-27T10:12:33.000Z,1
2019-11-27T11:13:07.000Z,1
2019-11-27T12:03:04.000Z,1
2019-11-27T12:24:38.000Z,1
2019-11-27T13:03:07.000Z,1
2019-11-27T13:06:53.000Z,1
2019-11-27T13:32:25.000Z,1
2019-11-27T13:44:12.000Z,1
2019-11-27T14:15:24.000Z,1
2019-11-27T16:24:35.000Z,1
2019-11-27T16:42:47.000Z,1
2019-11-27T18:24:45.000Z,1
2019-11-28T09:17:02.000Z,1
2019-11-28T12:00:44.000Z,1
2019-11-28T12:09:58.000Z,1
2019-11-28T14:13:29.000Z,1
2019-11-28T15:07:22.000Z,1
2019-11-28T15:15:16.000Z,1
2019-11-28T17:41:27.000Z,1
2019-11-28T21:30:24.000Z,1
2019-11-29T07:54:13.000Z,1
2019-11-29T08:42:46.000Z,1
2019-11-29T11:56:02.000Z,1
2019-11-29T12:20:52.000Z,1
2019-11-29T13:28:48.000Z,1
2019-11-29T13:57:58.000Z,1
2019-11-29T13:59:34.000Z,1
2019-11-29T14:37:22.000Z,1
2019-11-29T15:03:00.000Z,1
2019-11-29T15:18:37.000Z,1
2019-11-29T16:10:58.000Z,1
2019-11-29T16:43:31.000Z,1
2019-11-29T19:58:48.000Z,1
2019-11-30T15:27:29.000Z,1
2019-11-30T15:41:29.000Z,1
2019-11-30T16:54:25.000Z,1
2019-11-30T21:25:59.000Z,1
2019-12-01T04:07:55.000Z,1
2019-12-01T06:24:22.000Z,1
2019-12-01T08:47:04.000Z,1
2019-12-01T10:18:12.000Z,2
2019-12-01T10:57:30.000Z,1
2019-12-01T11:26:12.000Z,1
2019-12-01T12:16:23.000Z,1
2019-12-01T13:14:40.000Z,1
2019-12-01T15:53:21.000Z,1
2019-12-01T16:19:49.000Z,1
2019-12-01T16:26:08.000Z,1
2019-12-01T16:36:17.000Z,1
2019-12-01T16:58:24.000Z,1
2019-12-01T21:14:05.000Z,1
2019-11-20T07:07:54.000Z,1
2019-11-20T07:48:41.000Z,1
2019-11-20T07:51:38.000Z,1
2019-11-20T07:54:06.000Z,1
2019-11-20T08:42:21.000Z,1
2019-11-20T09:18:04.000Z,1
2019-11-20T12:17:39.000Z,1
2019-11-20T14:40:21.000Z,1
2019-11-20T15:46:53.000Z,1
2019-11-20T16:30:25.000Z,1
2019-11-20T17:45:03.000Z,1
2019-11-21T13:58:43.000Z,1
2019-11-20T08:50:06.000Z,1
2019-11-20T09:48:20.000Z,1
2019-11-20T10:28:17.000Z,2
2019-11-20T10:51:49.000Z,1
2019-11-20T12:48:29.000Z,1
2019-11-20T13:06:37.000Z,1
2019-11-20T13:21:52.000Z,1
2019-11-20T13:45:02.000Z,1
2019-11-20T13:45:17.000Z,1
2019-11-20T14:15:08.000Z,1
2019-11-20T14:59:47.000Z,1
2019-11-20T15:44:41.000Z,1
2019-11-20T15:57:13.000Z,1
2019-11-20T16:03:47.000Z,1
2019-11-20T16:07:34.000Z,1
2019-11-20T16:33:21.000Z,1
2019-11-20T16:36:01.000Z,1
2019-11-20T16:49:34.000Z,1
2019-11-20T17:29:30.000Z,1
2019-11-20T17:32:52.000Z,1
2019-11-20T17:33:10.000Z,1
2019-11-20T17:38:56.000Z,1
2019-11-20T17:42:29.000Z,1
2019-11-20T18:05:38.000Z,1
2019-11-20T18:07:18.000Z,2
2019-11-20T18:51:25.000Z,1
2019-11-20T19:01:30.000Z,1
2019-11-20T19:16:59.000Z,1
2019-11-20T20:40:28.000Z,1
2019-11-20T21:49:28.000Z,1
2019-11-21T07:16:08.000Z,1
2019-11-21T08:08:54.000Z,1
2019-11-21T08:26:03.000Z,1
2019-11-21T09:03:01.000Z,1
2019-11-21T09:14:07.000Z,1
2019-11-21T09:43:52.000Z,1
2019-11-21T12:10:30.000Z,1
2019-11-21T12:25:00.000Z,1
2019-11-21T12:50:41.000Z,1
2019-11-21T13:26:52.000Z,1
2019-11-21T13:59:40.000Z,1
2019-11-21T14:36:21.000Z,1
2019-11-21T14:37:35.000Z,1
2019-11-21T14:38:26.000Z,1
2019-11-21T14:56:06.000Z,1
2019-11-21T15:22:03.000Z,2
2019-11-21T15:47:10.000Z,1
2019-11-21T16:14:11.000Z,1
2019-11-21T16:37:23.000Z,2
2019-11-21T16:37:20.000Z,1
2019-11-21T16:40:59.000Z,1
2019-11-21T16:44:09.000Z,1
2019-11-21T16:51:13.000Z,1
2019-11-21T16:51:26.000Z,1
2019-11-21T17:07:00.000Z,1
2019-11-21T17:07:27.000Z,1
2019-11-21T17:20:32.000Z,1
2019-11-21T17:22:04.000Z,1
2019-11-21T17:24:00.000Z,1
2019-11-21T17:49:11.000Z,1
2019-11-21T18:09:58.000Z,1
2019-11-21T18:13:59.000Z,1
2019-11-21T18:22:53.000Z,1
2019-11-21T18:43:41.000Z,1
2019-11-21T18:44:12.000Z,1
2019-11-21T18:45:06.000Z,2
2019-11-21T19:25:06.000Z,1
2019-11-21T19:51:55.000Z,1
2019-11-21T22:00:57.000Z,1
2019-11-21T22:04:18.000Z,1
2019-11-22T06:34:27.000Z,1
2019-11-22T08:03:11.000Z,1
2019-11-22T08:14:00.000Z,1
2019-11-22T08:17:51.000Z,2
2019-11-22T10:23:20.000Z,1
2019-11-22T10:28:44.000Z,1
2019-11-22T11:22:43.000Z,1
2019-11-22T11:47:04.000Z,1
2019-11-22T12:37:33.000Z,1
2019-11-22T14:34:34.000Z,1
2019-11-22T15:24:08.000Z,1
2019-11-22T15:53:22.000Z,1
2019-11-22T16:19:07.000Z,1
2019-11-22T16:50:24.000Z,2
2019-11-22T16:52:21.000Z,1
2019-11-22T17:03:21.000Z,1
2019-11-22T17:17:44.000Z,1
2019-11-22T17:23:27.000Z,1
2019-11-22T17:41:43.000Z,1
2019-11-22T17:46:24.000Z,1
2019-11-22T18:53:29.000Z,1
2019-11-22T19:02:35.000Z,1
2019-11-22T23:07:26.000Z,1
2019-11-22T23:43:15.000Z,1
2019-11-23T04:30:46.000Z,1
2019-11-23T09:19:02.000Z,2
2019-11-23T09:23:43.000Z,1
2019-11-23T09:59:18.000Z,1
2019-11-23T10:42:01.000Z,1
2019-11-23T10:51:04.000Z,1
2019-11-23T12:35:46.000Z,1
2019-11-23T12:37:53.000Z,1
2019-11-23T13:02:49.000Z,1
2019-11-23T13:23:57.000Z,1
2019-11-23T13:27:51.000Z,1
2019-11-23T13:52:21.000Z,1
2019-11-23T14:34:42.000Z,1
2019-11-23T16:03:25.000Z,1
2019-11-23T16:26:07.000Z,1
2019-11-23T18:26:44.000Z,1
2019-11-23T19:26:54.000Z,1
2019-11-23T19:43:04.000Z,1
2019-11-23T19:46:47.000Z,1
2019-11-23T20:06:13.000Z,1
2019-11-23T22:23:14.000Z,1
2019-11-23T23:48:32.000Z,1
2019-11-24T03:54:29.000Z,1
2019-11-24T09:36:45.000Z,1
2019-11-24T10:13:32.000Z,1
2019-11-24T11:24:34.000Z,1
2019-11-24T11:27:59.000Z,1
2019-11-24T11:45:53.000Z,1
2019-11-24T12:07:44.000Z,2
2019-11-24T13:08:11.000Z,1
2019-11-24T13:29:30.000Z,1
2019-11-24T13:33:45.000Z,1
2019-11-24T14:07:12.000Z,1
2019-11-24T14:54:52.000Z,1
2019-11-24T15:10:56.000Z,1
2019-11-24T15:30:37.000Z,1
2019-11-24T15:36:41.000Z,1
2019-11-24T16:19:03.000Z,1
2019-11-24T18:04:18.000Z,1
2019-11-24T18:31:00.000Z,1
2019-11-24T19:26:06.000Z,1
2019-11-24T22:20:17.000Z,1
2019-11-24T22:30:39.000Z,1
2019-11-25T06:20:00.000Z,1
2019-11-25T07:06:04.000Z,2
2019-11-25T07:09:03.000Z,1
2019-11-25T07:14:28.000Z,1
2019-11-25T07:25:35.000Z,2
2019-11-25T07:25:41.000Z,1
2019-11-25T07:44:08.000Z,2
2019-11-25T07:47:19.000Z,2
2019-11-25T08:02:11.000Z,1
2019-11-25T08:04:10.000Z,1
2019-11-25T08:22:06.000Z,2
2019-11-25T08:33:58.000Z,2
2019-11-25T09:12:38.000Z,1
2019-11-25T09:44:18.000Z,1
2019-11-25T10:48:09.000Z,1
2019-11-25T10:57:11.000Z,1
2019-11-25T12:23:39.000Z,1
2019-11-25T12:56:30.000Z,1
2019-11-25T13:37:55.000Z,1
2019-11-25T13:40:27.000Z,1
2019-11-25T14:10:45.000Z,2
2019-11-25T14:53:30.000Z,1
2019-11-25T16:10:08.000Z,1
2019-11-25T16:12:04.000Z,1
2019-11-25T16:18:35.000Z,1
2019-11-25T16:27:13.000Z,1
2019-11-25T16:27:25.000Z,1
2019-11-25T16:29:52.000Z,1
2019-11-25T16:45:08.000Z,1
2019-11-25T16:47:55.000Z,1
2019-11-25T16:56:05.000Z,1
2019-11-25T16:56:37.000Z,1
2019-11-25T17:04:34.000Z,1
2019-11-25T17:17:08.000Z,1
2019-11-25T17:17:24.000Z,2
2019-11-25T17:18:41.000Z,1
2019-11-25T17:19:27.000Z,1
2019-11-25T17:25:14.000Z,3
2019-11-25T17:26:43.000Z,1
2019-11-25T17:33:31.000Z,1
2019-11-25T17:38:37.000Z,2
2019-11-25T17:51:02.000Z,2
2019-11-25T17:56:59.000Z,1
2019-11-25T17:57:42.000Z,1
2019-11-25T18:07:58.000Z,1
2019-11-25T18:16:44.000Z,1
2019-11-25T18:20:51.000Z,1
2019-11-25T18:23:26.000Z,1
2019-11-25T18:27:39.000Z,3
2019-11-25T18:33:48.000Z,1
2019-11-25T18:34:45.000Z,1
2019-11-25T18:58:28.000Z,1
2019-11-25T19:35:40.000Z,1
2019-11-25T19:37:50.000Z,1
2019-11-25T23:46:42.000Z,1
2019-11-26T00:52:15.000Z,1
2019-11-26T05:39:43.000Z,1
2019-11-26T06:16:18.000Z,1
2019-11-26T06:37:08.000Z,1
2019-11-26T06:53:30.000Z,1
2019-11-26T07:26:19.000Z,1
2019-11-26T07:50:09.000Z,1
2019-11-26T08:07:59.000Z,1
2019-11-26T08:13:21.000Z,1
2019-11-26T08:26:25.000Z,1
2019-11-26T08:28:40.000Z,1
2019-11-26T08:38:08.000Z,1
2019-11-26T09:20:19.000Z,1
2019-11-26T09:26:08.000Z,1
2019-11-26T09:49:45.000Z,1
2019-11-26T09:59:51.000Z,1
2019-11-26T11:03:32.000Z,1
2019-11-26T12:53:46.000Z,1
2019-11-26T13:13:15.000Z,1
2019-11-26T13:14:02.000Z,1
2019-11-26T13:14:27.000Z,1
2019-11-26T13:18:46.000Z,1
2019-11-26T13:26:15.000Z,1
2019-11-26T13:51:03.000Z,1
2019-11-26T13:51:56.000Z,1
2019-11-26T13:52:51.000Z,1
2019-11-26T14:16:29.000Z,1
2019-11-26T14:29:40.000Z,1
2019-11-26T15:27:32.000Z,1
2019-11-26T15:34:12.000Z,1
2019-11-26T16:10:01.000Z,1
2019-11-26T16:16:23.000Z,1
2019-11-26T17:05:31.000Z,2
2019-11-26T17:19:30.000Z,1
2019-11-26T18:10:16.000Z,1
2019-11-26T18:38:18.000Z,1
2019-11-26T20:32:52.000Z,1
2019-11-27T07:17:09.000Z,1
2019-11-27T07:47:46.000Z,1
2019-11-27T08:04:46.000Z,1
2019-11-27T10:14:35.000Z,1
2019-11-27T11:29:10.000Z,1
2019-11-27T14:27:52.000Z,1
2019-11-27T15:56:28.000Z,1
2019-11-27T16:24:47.000Z,1
2019-11-27T17:33:55.000Z,1
2019-11-27T19:33:41.000Z,1
2019-11-28T01:57:11.000Z,1
2019-11-28T12:00:23.000Z,1
2019-11-28T12:13:03.000Z,1
2019-11-28T12:30:36.000Z,1
2019-11-28T14:03:16.000Z,1
2019-11-28T15:02:02.000Z,1
2019-11-28T16:03:55.000Z,1
2019-11-28T18:48:38.000Z,1
2019-11-29T07:29:22.000Z,1
2019-11-29T08:25:56.000Z,1
2019-11-29T10:10:21.000Z,1
2019-11-29T10:23:03.000Z,1
2019-11-29T10:56:42.000Z,2
2019-11-29T11:10:45.000Z,2
2019-11-29T12:07:42.000Z,1
2019-11-29T12:31:31.000Z,1
2019-11-29T12:39:02.000Z,1
2019-11-29T13:03:56.000Z,1
2019-11-29T13:24:30.000Z,1
2019-11-29T14:01:47.000Z,1
2019-11-29T15:06:00.000Z,1
2019-11-29T17:06:37.000Z,1
2019-11-29T17:34:29.000Z,1
2019-11-29T18:07:56.000Z,1
2019-11-29T18:35:16.000Z,1
2019-11-29T18:51:00.000Z,1
2019-11-29T19:08:35.000Z,1
2019-11-29T21:41:07.000Z,1
2019-11-30T01:45:39.000Z,1
2019-11-30T06:27:46.000Z,1
2019-11-30T07:01:29.000Z,1
2019-11-30T11:00:41.000Z,1
2019-11-30T12:29:11.000Z,1
2019-11-30T12:30:27.000Z,1
2019-11-30T13:30:22.000Z,1
2019-11-30T13:59:57.000Z,1
2019-11-30T17:08:03.000Z,1
2019-11-30T17:57:18.000Z,1
2019-11-30T20:38:02.000Z,1
2019-12-01T10:58:51.000Z,1
2019-12-01T11:08:03.000Z,1
2019-12-01T12:30:21.000Z,1
2019-12-01T13:08:05.000Z,1
2019-12-01T13:12:21.000Z,1
2019-12-01T13:29:49.000Z,1
2019-12-01T16:18:55.000Z,1
2019-12-01T17:43:17.000Z,1
2019-12-01T18:24:21.000Z,1
2019-12-01T19:57:35.000Z,1
2019-12-01T20:05:01.000Z,1
2019-12-01T20:11:24.000Z,1
2019-12-02T05:31:13.000Z,1
2019-11-20T06:22:42.000Z,1
2019-11-20T06:25:36.000Z,1
2019-11-20T06:27:28.000Z,1
2019-11-20T07:17:50.000Z,1
2019-11-20T07:55:26.000Z,1
2019-11-20T08:13:21.000Z,1
2019-11-20T08:19:02.000Z,2
2019-11-20T08:24:59.000Z,1
2019-11-20T08:27:04.000Z,1
2019-11-20T09:38:05.000Z,1
2019-11-20T12:52:50.000Z,1
2019-11-20T13:55:37.000Z,1
2019-11-20T14:16:06.000Z,1
2019-11-20T15:36:30.000Z,1
2019-11-20T16:55:11.000Z,1
2019-11-20T18:00:01.000Z,1
2019-11-20T18:47:32.000Z,2
2019-11-20T19:33:33.000Z,2
2019-11-20T12:14:40.000Z,1
2019-11-20T16:28:45.000Z,1
2019-11-20T16:31:23.000Z,1
2019-11-20T16:47:00.000Z,1
2019-11-20T16:49:44.000Z,1
2019-11-20T17:53:54.000Z,2
2019-11-20T18:01:25.000Z,1
2019-11-20T18:18:27.000Z,1
2019-11-20T18:23:52.000Z,1
2019-11-20T18:45:01.000Z,1
2019-11-20T19:20:18.000Z,1
2019-11-20T19:21:41.000Z,1
2019-11-20T19:41:53.000Z,1
2019-11-20T20:43:12.000Z,1
2019-11-20T20:45:52.000Z,1
2019-11-20T21:15:37.000Z,1
2019-11-20T21:36:34.000Z,1
2019-11-21T07:00:49.000Z,1
2019-11-21T07:36:10.000Z,1
2019-11-21T07:43:10.000Z,1
2019-11-21T08:01:24.000Z,1
2019-11-21T08:19:59.000Z,1
2019-11-21T09:10:31.000Z,1
2019-11-21T09:15:39.000Z,1
2019-11-21T09:24:52.000Z,1
2019-11-21T10:06:26.000Z,1
2019-11-21T10:33:47.000Z,1
2019-11-21T10:51:19.000Z,1
2019-11-21T10:52:38.000Z,1
2019-11-21T11:25:51.000Z,1
2019-11-21T11:56:40.000Z,1
2019-11-21T13:22:10.000Z,1
2019-11-21T13:25:50.000Z,1
2019-11-21T14:32:06.000Z,1
2019-11-21T14:50:15.000Z,1
2019-11-21T15:32:22.000Z,1
2019-11-21T16:15:59.000Z,1
2019-11-21T16:39:15.000Z,1
2019-11-21T16:41:12.000Z,1
2019-11-21T17:17:07.000Z,1
2019-11-21T17:51:12.000Z,1
2019-11-21T17:52:48.000Z,1
2019-11-21T18:15:05.000Z,1
2019-11-21T18:24:19.000Z,1
2019-11-21T19:56:19.000Z,1
2019-11-21T19:56:30.000Z,1
2019-11-21T21:13:19.000Z,1
2019-11-21T21:13:50.000Z,1
2019-11-21T22:29:33.000Z,1
2019-11-22T00:35:41.000Z,1
2019-11-22T07:12:21.000Z,2
2019-11-22T07:12:51.000Z,1
2019-11-22T07:15:59.000Z,1
2019-11-22T07:31:56.000Z,2
2019-11-22T08:16:51.000Z,1
2019-11-22T08:20:31.000Z,1
2019-11-22T08:32:01.000Z,1
2019-11-22T08:35:33.000Z,1
2019-11-22T10:17:47.000Z,1
2019-11-22T10:22:48.000Z,1
2019-11-22T10:25:45.000Z,1
2019-11-22T10:31:48.000Z,1
2019-11-22T10:49:45.000Z,1
2019-11-22T11:52:25.000Z,1
2019-11-22T12:07:46.000Z,1
2019-11-22T12:17:45.000Z,1
2019-11-22T13:27:20.000Z,1
2019-11-22T14:02:44.000Z,1
2019-11-22T15:05:36.000Z,1
2019-11-22T15:05:41.000Z,1
2019-11-22T15:18:38.000Z,3
2019-11-22T15:25:59.000Z,1
2019-11-22T15:55:24.000Z,1
2019-11-22T16:01:14.000Z,1
2019-11-22T16:15:06.000Z,1
2019-11-22T16:30:31.000Z,1
2019-11-22T16:42:19.000Z,1
2019-11-22T16:53:34.000Z,1
2019-11-22T16:54:48.000Z,1
2019-11-22T17:09:39.000Z,1
2019-11-22T17:15:52.000Z,1
2019-11-22T17:36:15.000Z,1
2019-11-22T17:51:01.000Z,1
2019-11-22T18:07:31.000Z,1
2019-11-22T18:40:32.000Z,1
2019-11-22T19:39:09.000Z,1
2019-11-22T20:22:37.000Z,1
2019-11-22T20:27:17.000Z,1
2019-11-22T20:55:26.000Z,1
2019-11-22T20:56:06.000Z,1
2019-11-22T22:16:55.000Z,1
2019-11-22T23:40:56.000Z,1
2019-11-23T01:59:20.000Z,1
2019-11-23T07:58:18.000Z,1
2019-11-23T07:59:14.000Z,1
2019-11-23T10:23:24.000Z,1
2019-11-23T12:28:38.000Z,1
2019-11-23T13:37:23.000Z,1
2019-11-23T13:45:36.000Z,1
2019-11-23T14:32:31.000Z,1
2019-11-23T14:35:05.000Z,1
2019-11-23T14:37:50.000Z,1
2019-11-23T15:39:52.000Z,1
2019-11-23T15:45:55.000Z,1
2019-11-23T16:49:38.000Z,1
2019-11-23T17:21:44.000Z,1
2019-11-23T18:09:13.000Z,1
2019-11-23T18:30:19.000Z,1
2019-11-23T19:02:07.000Z,1
2019-11-23T19:39:47.000Z,1
2019-11-24T07:26:39.000Z,1
2019-11-24T08:44:24.000Z,1
2019-11-24T08:46:56.000Z,1
2019-11-24T10:12:16.000Z,1
2019-11-24T10:15:11.000Z,1
2019-11-24T10:17:32.000Z,1
2019-11-24T12:36:17.000Z,1
2019-11-24T13:08:32.000Z,2
2019-11-24T13:13:18.000Z,2
2019-11-24T13:13:40.000Z,1
2019-11-24T13:20:58.000Z,1
2019-11-24T13:42:32.000Z,1
2019-11-24T14:42:26.000Z,1
2019-11-24T14:52:14.000Z,1
2019-11-24T15:03:28.000Z,1
2019-11-24T15:12:48.000Z,1
2019-11-24T16:20:59.000Z,1
2019-11-24T18:25:48.000Z,1
2019-11-24T22:09:46.000Z,1
2019-11-25T07:35:26.000Z,1
2019-11-25T08:33:14.000Z,1
2019-11-25T08:40:59.000Z,1
2019-11-25T08:48:33.000Z,1
2019-11-25T08:50:49.000Z,1
2019-11-25T08:57:22.000Z,1
2019-11-25T08:59:40.000Z,1
2019-11-25T09:04:46.000Z,1
2019-11-25T09:37:42.000Z,1
2019-11-25T10:14:46.000Z,1
2019-11-25T10:21:55.000Z,1
2019-11-25T10:36:32.000Z,1
2019-11-25T12:05:49.000Z,1
2019-11-25T12:19:39.000Z,1
2019-11-25T12:20:37.000Z,1
2019-11-25T12:58:52.000Z,1
2019-11-25T13:28:17.000Z,1
2019-11-25T13:35:29.000Z,1
2019-11-25T13:44:22.000Z,1
2019-11-25T15:55:17.000Z,2
2019-11-25T16:22:13.000Z,1
2019-11-25T16:36:19.000Z,1
2019-11-25T16:36:36.000Z,2
2019-11-25T16:45:23.000Z,1
2019-11-25T17:02:16.000Z,2
2019-11-25T17:22:20.000Z,1
2019-11-25T17:26:44.000Z,1
2019-11-25T17:34:10.000Z,1
2019-11-25T17:41:57.000Z,1
2019-11-25T17:44:33.000Z,2
2019-11-25T18:00:19.000Z,1
2019-11-25T18:01:08.000Z,1
2019-11-25T18:09:24.000Z,1
2019-11-25T18:18:51.000Z,1
2019-11-25T18:21:27.000Z,1
2019-11-25T18:23:17.000Z,1
2019-11-25T18:24:33.000Z,1
2019-11-25T19:26:00.000Z,1
2019-11-25T19:38:53.000Z,1
2019-11-25T21:24:17.000Z,1
2019-11-26T01:58:59.000Z,1
2019-11-26T05:17:08.000Z,1
2019-11-26T06:33:57.000Z,1
2019-11-26T07:32:35.000Z,1
2019-11-26T07:32:45.000Z,1
2019-11-26T07:33:18.000Z,1
2019-11-26T07:40:06.000Z,1
2019-11-26T07:52:59.000Z,1
2019-11-26T08:12:39.000Z,3
2019-11-26T08:17:41.000Z,1
2019-11-26T08:26:12.000Z,1
2019-11-26T08:31:38.000Z,1
2019-11-26T08:43:24.000Z,1
2019-11-26T09:11:50.000Z,1
2019-11-26T09:26:22.000Z,1
2019-11-26T10:02:06.000Z,1
2019-11-26T10:10:59.000Z,1
2019-11-26T10:17:58.000Z,1
2019-11-26T12:15:26.000Z,1
2019-11-26T13:09:04.000Z,1
2019-11-26T13:50:24.000Z,1
2019-11-26T14:11:49.000Z,1
2019-11-26T15:05:14.000Z,1
2019-11-26T15:09:43.000Z,1
2019-11-26T15:11:43.000Z,1
2019-11-26T16:07:22.000Z,1
2019-11-26T16:26:32.000Z,1
2019-11-26T16:33:05.000Z,1
2019-11-26T16:45:32.000Z,1
2019-11-26T16:53:20.000Z,1
2019-11-26T17:05:51.000Z,1
2019-11-26T17:16:28.000Z,1
2019-11-26T18:31:54.000Z,1
2019-11-27T07:07:45.000Z,1
2019-11-27T07:40:49.000Z,1
2019-11-27T08:00:45.000Z,1
2019-11-27T08:28:52.000Z,1
2019-11-27T09:02:18.000Z,1
2019-11-27T10:22:49.000Z,1
2019-11-27T11:54:57.000Z,1
2019-11-27T11:59:02.000Z,1
2019-11-27T12:00:50.000Z,1
2019-11-27T12:37:43.000Z,1
2019-11-27T13:14:47.000Z,1
2019-11-27T13:15:11.000Z,1
2019-11-27T13:42:45.000Z,1
2019-11-27T14:18:56.000Z,1
2019-11-27T14:53:46.000Z,2
2019-11-27T15:05:56.000Z,1
2019-11-27T15:54:14.000Z,1
2019-11-27T15:58:06.000Z,1
2019-11-27T16:31:39.000Z,1
2019-11-27T17:50:08.000Z,1
2019-11-27T19:05:10.000Z,1
2019-11-27T20:48:19.000Z,1
2019-11-28T09:06:20.000Z,1
2019-11-28T09:44:08.000Z,1
2019-11-28T09:47:37.000Z,1
2019-11-28T10:27:35.000Z,1
2019-11-28T12:33:50.000Z,1
2019-11-28T14:49:00.000Z,1
2019-11-29T06:48:25.000Z,1
2019-11-29T10:37:30.000Z,1
2019-11-29T11:10:29.000Z,1
2019-11-29T11:18:00.000Z,1
2019-11-29T12:30:31.000Z,1
2019-11-29T13:15:47.000Z,1
2019-11-29T13:16:52.000Z,1
2019-11-29T14:20:15.000Z,1
2019-11-29T14:21:03.000Z,1
2019-11-29T14:26:38.000Z,2
2019-11-29T14:34:14.000Z,1
2019-11-29T15:13:41.000Z,1
2019-11-29T15:15:43.000Z,1
2019-11-29T15:19:53.000Z,1
2019-11-29T15:41:47.000Z,1
2019-11-29T15:59:48.000Z,1
2019-11-29T16:32:53.000Z,1
2019-11-29T16:50:35.000Z,1
2019-11-29T20:01:18.000Z,1
2019-11-30T08:17:34.000Z,1
2019-11-30T09:55:42.000Z,1
2019-11-30T10:22:31.000Z,1
2019-11-30T13:49:38.000Z,1
2019-11-30T16:57:37.000Z,1
2019-11-30T18:57:11.000Z,1
2019-12-01T08:21:38.000Z,1
2019-12-01T10:00:09.000Z,1
2019-12-01T10:34:36.000Z,1
2019-12-01T11:44:07.000Z,1
2019-12-01T13:40:06.000Z,1
2019-12-01T14:39:27.000Z,1
2019-12-01T16:17:28.000Z,1
2019-12-01T22:51:46.000Z,1
2019-12-02T04:58:36.000Z,1
2019-12-02T05:55:08.000Z,1
2019-12-02T06:12:10.000Z,1
2019-11-20T07:44:25.000Z,1
2019-11-20T08:25:11.000Z,2
2019-11-20T08:51:09.000Z,1
2019-11-20T09:03:48.000Z,1
2019-11-20T09:57:17.000Z,1
2019-11-20T11:04:46.000Z,1
2019-11-20T11:46:28.000Z,1
2019-11-20T11:59:36.000Z,1
2019-11-20T14:27:32.000Z,1
2019-11-20T15:36:48.000Z,1
2019-11-20T17:12:02.000Z,1
2019-11-20T17:17:26.000Z,1
2019-11-20T18:18:23.000Z,2
2019-11-20T19:27:57.000Z,1
2019-11-21T19:07:18.000Z,1
2019-11-20T08:17:50.000Z,1
2019-11-20T12:12:39.000Z,1
2019-11-20T12:21:26.000Z,1
2019-11-20T15:28:46.000Z,1
2019-11-20T16:17:57.000Z,1
2019-11-20T16:26:36.000Z,1
2019-11-20T16:39:41.000Z,1
2019-11-20T16:45:36.000Z,1
2019-11-20T17:01:03.000Z,2
2019-11-20T17:22:46.000Z,1
2019-11-20T17:25:36.000Z,1
2019-11-20T17:26:09.000Z,1
2019-11-20T17:26:10.000Z,1
2019-11-20T17:48:06.000Z,1
2019-11-20T18:07:00.000Z,2
2019-11-20T18:48:15.000Z,1
2019-11-20T19:02:36.000Z,1
2019-11-20T19:35:48.000Z,1
2019-11-20T19:54:57.000Z,1
2019-11-20T20:08:18.000Z,1
2019-11-20T21:16:05.000Z,1
2019-11-20T21:20:01.000Z,1
2019-11-20T21:53:58.000Z,1
2019-11-21T07:37:08.000Z,1
2019-11-21T07:44:07.000Z,1
2019-11-21T08:00:38.000Z,2
2019-11-21T08:01:37.000Z,1
2019-11-21T08:16:01.000Z,1
2019-11-21T08:17:19.000Z,1
2019-11-21T08:21:19.000Z,1
2019-11-21T08:28:48.000Z,1
2019-11-21T08:47:51.000Z,1
2019-11-21T08:49:40.000Z,1
2019-11-21T09:01:17.000Z,1
2019-11-21T11:03:31.000Z,1
2019-11-21T12:13:48.000Z,1
2019-11-21T13:13:03.000Z,1
2019-11-21T13:49:05.000Z,1
2019-11-21T14:07:59.000Z,1
2019-11-21T14:18:17.000Z,1
2019-11-21T15:14:15.000Z,1
2019-11-21T15:28:42.000Z,1
2019-11-21T16:02:36.000Z,1
2019-11-21T16:23:22.000Z,1
2019-11-21T16:38:45.000Z,1
2019-11-21T16:42:54.000Z,2
2019-11-21T17:25:57.000Z,1
2019-11-21T17:27:11.000Z,1
2019-11-21T17:37:56.000Z,1
2019-11-21T17:42:59.000Z,1
2019-11-21T18:00:26.000Z,1
2019-11-21T18:04:46.000Z,1
2019-11-21T18:22:52.000Z,1
2019-11-21T18:54:33.000Z,1
2019-11-21T19:10:45.000Z,1
2019-11-21T19:17:51.000Z,1
2019-11-21T19:25:15.000Z,1
2019-11-21T19:29:51.000Z,1
2019-11-21T19:52:25.000Z,1
2019-11-21T19:57:25.000Z,1
2019-11-21T21:23:05.000Z,1
2019-11-21T22:02:22.000Z,1
2019-11-22T06:35:12.000Z,1
2019-11-22T06:45:47.000Z,1
2019-11-22T07:04:35.000Z,2
2019-11-22T07:45:41.000Z,1
2019-11-22T08:05:57.000Z,1
2019-11-22T08:20:33.000Z,2
2019-11-22T08:29:16.000Z,1
2019-11-22T09:08:26.000Z,1
2019-11-22T09:15:52.000Z,1
2019-11-22T09:16:16.000Z,1
2019-11-22T11:17:51.000Z,1
2019-11-22T11:31:26.000Z,1
2019-11-22T11:41:06.000Z,1
2019-11-22T12:01:35.000Z,1
2019-11-22T12:10:08.000Z,1
2019-11-22T12:26:54.000Z,1
2019-11-22T13:01:11.000Z,1
2019-11-22T14:36:23.000Z,2
2019-11-22T14:40:28.000Z,1
2019-11-22T16:10:43.000Z,1
2019-11-22T16:37:43.000Z,1
2019-11-22T16:55:27.000Z,1
2019-11-22T16:59:25.000Z,1
2019-11-22T17:23:38.000Z,2
2019-11-22T17:52:34.000Z,1
2019-11-22T17:58:40.000Z,1
2019-11-22T17:59:01.000Z,1
2019-11-22T18:23:23.000Z,1
2019-11-22T18:29:08.000Z,1
2019-11-22T18:46:53.000Z,1
2019-11-22T18:57:18.000Z,1
2019-11-22T19:35:33.000Z,1
2019-11-22T20:19:12.000Z,1
2019-11-23T01:45:52.000Z,1
2019-11-23T07:16:38.000Z,1
2019-11-23T07:48:29.000Z,1
2019-11-23T08:35:52.000Z,1
2019-11-23T09:13:05.000Z,1
2019-11-23T10:27:13.000Z,1
2019-11-23T10:53:22.000Z,1
2019-11-23T11:39:22.000Z,1
2019-11-23T11:51:45.000Z,1
2019-11-23T12:59:12.000Z,1
2019-11-23T14:18:38.000Z,1
2019-11-23T14:55:27.000Z,1
2019-11-23T14:58:27.000Z,1
2019-11-23T16:16:52.000Z,1
2019-11-23T17:00:20.000Z,1
2019-11-23T17:11:19.000Z,1
2019-11-23T17:14:23.000Z,1
2019-11-23T18:39:36.000Z,1
2019-11-23T18:50:14.000Z,1
2019-11-23T19:45:23.000Z,1
2019-11-23T19:48:03.000Z,1
2019-11-23T22:30:09.000Z,1
2019-11-23T23:04:33.000Z,1
2019-11-24T01:24:26.000Z,1
2019-11-24T08:12:10.000Z,1
2019-11-24T08:12:37.000Z,1
2019-11-24T10:41:27.000Z,1
2019-11-24T10:43:32.000Z,1
2019-11-24T11:48:36.000Z,1
2019-11-24T12:01:20.000Z,1
2019-11-24T12:08:52.000Z,1
2019-11-24T12:20:27.000Z,1
2019-11-24T13:15:42.000Z,1
2019-11-24T13:17:41.000Z,2
2019-11-24T14:24:58.000Z,1
2019-11-24T14:38:25.000Z,1
2019-11-24T15:19:55.000Z,1
2019-11-24T15:59:16.000Z,1
2019-11-24T16:28:32.000Z,1
2019-11-24T16:49:17.000Z,1
2019-11-24T17:01:04.000Z,1
2019-11-24T18:30:30.000Z,1
2019-11-24T19:46:55.000Z,1
2019-11-24T19:51:14.000Z,1
2019-11-24T20:34:40.000Z,1
2019-11-24T21:08:52.000Z,1
2019-11-24T22:01:30.000Z,1
2019-11-25T00:53:43.000Z,1
2019-11-25T06:44:08.000Z,1
2019-11-25T06:51:03.000Z,1
2019-11-25T06:52:15.000Z,1
2019-11-25T07:17:14.000Z,1
2019-11-25T07:34:04.000Z,1
2019-11-25T07:39:36.000Z,1
2019-11-25T07:41:07.000Z,1
2019-11-25T07:48:16.000Z,1
2019-11-25T07:49:03.000Z,1
2019-11-25T08:01:31.000Z,1
2019-11-25T08:15:26.000Z,1
2019-11-25T08:17:30.000Z,1
2019-11-25T08:39:13.000Z,1
2019-11-25T08:51:43.000Z,1
2019-11-25T09:23:52.000Z,1
2019-11-25T11:29:29.000Z,1
2019-11-25T11:44:26.000Z,1
2019-11-25T11:47:21.000Z,1
2019-11-25T12:26:26.000Z,1
2019-11-25T13:29:00.000Z,1
2019-11-25T14:26:06.000Z,1
2019-11-25T14:57:18.000Z,1
2019-11-25T16:24:35.000Z,1
2019-11-25T16:54:59.000Z,1
2019-11-25T16:58:16.000Z,1
2019-11-25T17:11:59.000Z,3
2019-11-25T17:29:39.000Z,1
2019-11-25T17:43:58.000Z,1
2019-11-25T17:49:08.000Z,2
2019-11-25T17:50:25.000Z,1
2019-11-25T18:08:43.000Z,1
2019-11-25T18:13:50.000Z,1
2019-11-25T18:36:01.000Z,1
2019-11-25T18:39:03.000Z,1
2019-11-25T18:44:23.000Z,1
2019-11-25T19:02:55.000Z,1
2019-11-25T19:10:31.000Z,1
2019-11-25T19:44:27.000Z,1
2019-11-25T20:02:17.000Z,1
2019-11-25T20:27:46.000Z,1
2019-11-25T20:40:29.000Z,1
2019-11-25T21:06:42.000Z,1
2019-11-25T22:13:37.000Z,1
2019-11-26T05:38:28.000Z,1
2019-11-26T06:16:14.000Z,1
2019-11-26T07:02:41.000Z,1
2019-11-26T07:05:19.000Z,1
2019-11-26T07:07:06.000Z,1
2019-11-26T07:12:53.000Z,1
2019-11-26T07:31:23.000Z,1
2019-11-26T07:32:10.000Z,1
2019-11-26T07:53:33.000Z,1
2019-11-26T08:04:50.000Z,1
2019-11-26T08:10:33.000Z,1
2019-11-26T08:30:10.000Z,3
2019-11-26T08:39:58.000Z,1
2019-11-26T08:54:13.000Z,1
2019-11-26T09:01:53.000Z,1
2019-11-26T11:03:55.000Z,1
2019-11-26T11:11:43.000Z,1
2019-11-26T11:18:44.000Z,1
2019-11-26T11:42:04.000Z,1
2019-11-26T12:11:55.000Z,1
2019-11-26T12:50:28.000Z,1
2019-11-26T13:08:00.000Z,1
2019-11-26T13:21:41.000Z,1
2019-11-26T13:36:51.000Z,1
2019-11-26T13:50:17.000Z,1
2019-11-26T14:38:52.000Z,1
2019-11-26T16:37:17.000Z,1
2019-11-26T16:53:37.000Z,1
2019-11-26T16:55:34.000Z,1
2019-11-26T16:58:23.000Z,1
2019-11-26T17:26:36.000Z,1
2019-11-26T18:05:07.000Z,1
2019-11-26T18:14:01.000Z,1
2019-11-27T08:23:52.000Z,3
2019-11-27T08:40:10.000Z,1
2019-11-27T08:56:28.000Z,1
2019-11-27T08:59:36.000Z,1
2019-11-27T09:14:15.000Z,1
2019-11-27T09:37:15.000Z,1
2019-11-27T09:39:46.000Z,1
2019-11-27T10:04:12.000Z,2
2019-11-27T10:48:15.000Z,1
2019-11-27T11:03:51.000Z,1
2019-11-27T12:13:41.000Z,1
2019-11-27T12:18:20.000Z,1
2019-11-27T12:55:37.000Z,1
2019-11-27T14:20:12.000Z,1
2019-11-27T14:23:54.000Z,1
2019-11-27T15:09:13.000Z,1
2019-11-27T16:44:51.000Z,1
2019-11-27T16:58:03.000Z,1
2019-11-27T17:06:52.000Z,1
2019-11-27T17:21:32.000Z,1
2019-11-27T17:54:09.000Z,1
2019-11-27T20:41:33.000Z,1
2019-11-27T21:54:34.000Z,1
2019-11-27T23:55:51.000Z,1
2019-11-28T08:23:21.000Z,1
2019-11-28T08:24:52.000Z,1
2019-11-28T09:16:51.000Z,1
2019-11-28T09:48:10.000Z,1
2019-11-28T10:26:20.000Z,1
2019-11-28T10:26:38.000Z,1
2019-11-28T10:34:43.000Z,1
2019-11-28T12:13:13.000Z,1
2019-11-28T12:18:12.000Z,1
2019-11-28T12:37:10.000Z,1
2019-11-28T18:27:09.000Z,1
2019-11-28T18:34:55.000Z,1
2019-11-29T09:16:19.000Z,1
2019-11-29T10:59:13.000Z,1
2019-11-29T11:15:10.000Z,1
2019-11-29T11:21:28.000Z,1
2019-11-29T12:18:02.000Z,1
2019-11-29T13:50:15.000Z,1
2019-11-29T14:26:42.000Z,1
2019-11-29T15:37:04.000Z,1
2019-11-29T16:14:51.000Z,1
2019-11-29T16:35:13.000Z,1
2019-11-29T17:22:50.000Z,1
2019-11-29T17:59:07.000Z,1
2019-11-29T19:35:48.000Z,1
2019-11-29T20:09:38.000Z,1
2019-11-29T20:13:02.000Z,1
2019-11-29T20:18:51.000Z,1
2019-11-30T05:03:01.000Z,1
2019-11-30T11:13:04.000Z,1
2019-11-30T16:43:52.000Z,1
2019-11-30T18:06:24.000Z,1
2019-11-30T22:38:41.000Z,1
2019-11-30T23:54:05.000Z,1
2019-12-01T04:09:11.000Z,1
2019-12-01T07:35:53.000Z,1
2019-12-01T10:01:04.000Z,1
2019-12-01T11:27:56.000Z,1
2019-12-01T12:09:00.000Z,1
2019-12-01T12:29:37.000Z,1
2019-12-01T15:30:26.000Z,1
2019-12-01T18:24:15.000Z,1
2019-12-01T18:32:50.000Z,1
2019-11-20T06:04:04.000Z,1
2019-11-20T06:34:51.000Z,2
2019-11-20T06:44:11.000Z,2
2019-11-20T06:52:08.000Z,1
2019-11-20T07:43:27.000Z,1
2019-11-20T08:18:02.000Z,1
2019-11-20T08:36:52.000Z,1
2019-11-20T09:00:53.000Z,1
2019-11-20T09:01:47.000Z,2
2019-11-20T09:21:51.000Z,1
2019-11-20T09:22:52.000Z,1
2019-11-20T09:31:22.000Z,1
2019-11-20T09:43:49.000Z,1
2019-11-20T11:11:42.000Z,1
2019-11-20T14:12:48.000Z,1
2019-11-20T14:50:52.000Z,1
2019-11-20T15:25:03.000Z,1
2019-11-20T17:08:53.000Z,1
2019-11-20T17:26:31.000Z,1
2019-11-20T09:07:15.000Z,1
2019-11-20T11:42:38.000Z,1
2019-11-20T11:50:00.000Z,1
2019-11-20T12:06:42.000Z,2
2019-11-20T12:52:47.000Z,1
2019-11-20T12:58:42.000Z,1
2019-11-20T13:23:24.000Z,1
2019-11-20T13:35:38.000Z,1
2019-11-20T13:45:51.000Z,1
2019-11-20T14:46:26.000Z,1
2019-11-20T14:53:04.000Z,1
2019-11-20T16:15:53.000Z,1
2019-11-20T16:39:37.000Z,1
2019-11-20T16:45:56.000Z,1
2019-11-20T17:28:38.000Z,1
2019-11-20T17:32:41.000Z,1
2019-11-20T17:37:40.000Z,1
2019-11-20T18:01:47.000Z,1
2019-11-20T18:34:45.000Z,1
2019-11-20T18:44:22.000Z,1
2019-11-20T19:59:57.000Z,1
2019-11-20T21:13:35.000Z,1
2019-11-20T21:56:00.000Z,1
2019-11-20T23:23:23.000Z,2
2019-11-21T08:09:09.000Z,1
2019-11-21T08:17:27.000Z,1
2019-11-21T08:19:16.000Z,1
2019-11-21T08:29:55.000Z,2
2019-11-21T09:44:22.000Z,1
2019-11-21T12:03:45.000Z,1
2019-11-21T12:27:04.000Z,1
2019-11-21T13:20:29.000Z,1
2019-11-21T13:56:09.000Z,1
2019-11-21T15:53:59.000Z,1
2019-11-21T16:38:15.000Z,1
2019-11-21T17:10:47.000Z,1
2019-11-21T17:11:45.000Z,1
2019-11-21T17:20:35.000Z,1
2019-11-21T17:21:12.000Z,2
2019-11-21T17:37:31.000Z,1
2019-11-21T17:38:38.000Z,1
2019-11-21T17:49:24.000Z,1
2019-11-21T18:01:26.000Z,1
2019-11-21T18:04:08.000Z,1
2019-11-21T18:43:12.000Z,1
2019-11-21T19:16:25.000Z,1
2019-11-21T19:22:30.000Z,1
2019-11-21T19:36:34.000Z,1
2019-11-21T19:56:36.000Z,1
2019-11-21T21:16:58.000Z,1
2019-11-21T21:58:20.000Z,1
2019-11-21T22:20:25.000Z,1
2019-11-21T22:37:28.000Z,1
2019-11-21T23:31:18.000Z,1
2019-11-22T05:34:59.000Z,1
2019-11-22T06:43:48.000Z,1
2019-11-22T06:44:37.000Z,1
2019-11-22T07:07:44.000Z,1
2019-11-22T07:13:33.000Z,1
2019-11-22T07:18:45.000Z,1
2019-11-22T07:37:15.000Z,1
2019-11-22T07:41:23.000Z,1
2019-11-22T07:44:34.000Z,1
2019-11-22T08:29:20.000Z,1
2019-11-22T08:35:36.000Z,1
2019-11-22T08:38:22.000Z,1
2019-11-22T09:42:46.000Z,1
2019-11-22T10:04:16.000Z,1
2019-11-22T10:20:15.000Z,1
2019-11-22T11:20:26.000Z,1
2019-11-22T12:10:57.000Z,1
2019-11-22T12:25:14.000Z,1
2019-11-22T12:54:33.000Z,1
2019-11-22T13:54:08.000Z,1
2019-11-22T14:23:59.000Z,1
2019-11-22T14:34:14.000Z,1
2019-11-22T16:57:32.000Z,1
2019-11-22T17:22:11.000Z,1
2019-11-22T17:40:49.000Z,1
2019-11-22T17:41:38.000Z,1
2019-11-22T18:06:08.000Z,1
2019-11-22T19:03:50.000Z,1
2019-11-22T20:07:10.000Z,1
2019-11-22T20:29:25.000Z,2
2019-11-23T00:20:53.000Z,1
2019-11-23T00:33:27.000Z,1
2019-11-23T02:35:51.000Z,1
2019-11-23T09:22:26.000Z,1
2019-11-23T11:15:52.000Z,1
2019-11-23T11:43:05.000Z,1
2019-11-23T11:51:16.000Z,2
2019-11-23T12:13:41.000Z,1
2019-11-23T13:05:32.000Z,1
2019-11-23T14:05:36.000Z,1
2019-11-23T14:25:10.000Z,1
2019-11-23T14:41:08.000Z,1
2019-11-23T14:50:03.000Z,1
2019-11-23T15:19:55.000Z,2
2019-11-23T15:24:50.000Z,1
2019-11-23T15:35:23.000Z,1
2019-11-23T15:38:32.000Z,1
2019-11-23T15:51:13.000Z,1
2019-11-23T15:52:54.000Z,1
2019-11-23T16:46:46.000Z,1
2019-11-23T16:51:07.000Z,1
2019-11-23T20:02:50.000Z,1
2019-11-23T20:53:02.000Z,1
2019-11-24T06:32:44.000Z,1
2019-11-24T08:12:35.000Z,1
2019-11-24T09:21:44.000Z,1
2019-11-24T09:35:02.000Z,1
2019-11-24T09:49:47.000Z,1
2019-11-24T10:50:13.000Z,1
2019-11-24T10:51:31.000Z,1
2019-11-24T11:16:23.000Z,2
2019-11-24T13:57:52.000Z,1
2019-11-24T14:41:00.000Z,1
2019-11-24T15:34:24.000Z,1
2019-11-24T16:07:51.000Z,1
2019-11-24T18:07:52.000Z,1
2019-11-24T20:10:45.000Z,1
2019-11-24T21:35:09.000Z,1
2019-11-24T21:54:08.000Z,1
2019-11-25T05:39:33.000Z,1
2019-11-25T07:08:30.000Z,1
2019-11-25T07:09:54.000Z,1
2019-11-25T07:20:09.000Z,1
2019-11-25T07:54:30.000Z,2
2019-11-25T07:58:25.000Z,1
2019-11-25T08:01:53.000Z,1
2019-11-25T08:08:48.000Z,1
2019-11-25T08:09:03.000Z,1
2019-11-25T08:37:31.000Z,1
2019-11-25T10:05:48.000Z,1
2019-11-25T10:42:12.000Z,1
2019-11-25T11:14:47.000Z,1
2019-11-25T12:00:47.000Z,1
2019-11-25T12:03:27.000Z,1
2019-11-25T12:08:19.000Z,1
2019-11-25T12:38:00.000Z,1
2019-11-25T13:03:09.000Z,1
2019-11-25T13:32:00.000Z,1
2019-11-25T13:43:07.000Z,1
2019-11-25T13:43:56.000Z,1
2019-11-25T13:47:12.000Z,1
2019-11-25T14:19:01.000Z,1
2019-11-25T14:49:44.000Z,1
2019-11-25T15:01:37.000Z,1
2019-11-25T15:36:48.000Z,1
2019-11-25T16:19:28.000Z,1
2019-11-25T16:32:37.000Z,1
2019-11-25T17:12:49.000Z,1
2019-11-25T17:28:25.000Z,1
2019-11-25T17:34:19.000Z,1
2019-11-25T17:35:40.000Z,1
2019-11-25T17:51:26.000Z,1
2019-11-25T18:04:12.000Z,1
2019-11-25T18:05:41.000Z,1
2019-11-25T18:15:30.000Z,1
2019-11-25T18:27:55.000Z,1
2019-11-25T19:32:16.000Z,1
2019-11-25T19:46:21.000Z,1
2019-11-25T20:03:21.000Z,1
2019-11-25T20:32:09.000Z,1
2019-11-25T20:47:03.000Z,1
2019-11-25T20:50:04.000Z,1
2019-11-25T20:54:44.000Z,1
2019-11-25T21:34:24.000Z,1
2019-11-25T22:03:38.000Z,1
2019-11-25T22:04:49.000Z,1
2019-11-25T22:53:08.000Z,1
2019-11-26T06:08:55.000Z,2
2019-11-26T06:19:29.000Z,1
2019-11-26T07:38:54.000Z,1
2019-11-26T07:42:42.000Z,1
2019-11-26T07:53:43.000Z,1
2019-11-26T08:08:02.000Z,1
2019-11-26T08:32:54.000Z,2
2019-11-26T08:35:20.000Z,1
2019-11-26T08:38:40.000Z,1
2019-11-26T09:16:38.000Z,1
2019-11-26T10:00:49.000Z,1
2019-11-26T11:55:29.000Z,1
2019-11-26T12:44:36.000Z,1
2019-11-26T14:07:30.000Z,2
2019-11-26T14:37:10.000Z,1
2019-11-26T15:20:16.000Z,1
2019-11-26T15:57:48.000Z,1
2019-11-26T16:59:14.000Z,1
2019-11-26T17:00:02.000Z,2
2019-11-26T17:42:00.000Z,1
2019-11-26T17:42:48.000Z,2
2019-11-26T17:53:03.000Z,1
2019-11-26T18:00:16.000Z,1
2019-11-26T23:58:00.000Z,1
2019-11-27T02:13:08.000Z,1
2019-11-27T06:08:23.000Z,1
2019-11-27T07:58:16.000Z,1
2019-11-27T09:16:17.000Z,1
2019-11-27T11:57:51.000Z,1
2019-11-27T13:06:56.000Z,1
2019-11-27T13:21:27.000Z,1
2019-11-27T13:54:20.000Z,1
2019-11-27T14:14:29.000Z,1
2019-11-27T15:52:14.000Z,1
2019-11-27T16:04:51.000Z,1
2019-11-27T16:25:03.000Z,1
2019-11-27T17:32:51.000Z,1
2019-11-27T21:33:46.000Z,1
2019-11-27T21:45:20.000Z,1
2019-11-28T00:00:40.000Z,1
2019-11-28T05:08:27.000Z,1
2019-11-28T06:48:20.000Z,1
2019-11-28T08:10:38.000Z,1
2019-11-28T09:15:24.000Z,1
2019-11-28T10:06:08.000Z,1
2019-11-28T13:14:56.000Z,1
2019-11-28T16:06:02.000Z,1
2019-11-28T16:33:57.000Z,1
2019-11-28T16:51:59.000Z,1
2019-11-28T23:09:52.000Z,1
2019-11-29T06:37:47.000Z,1
2019-11-29T07:18:28.000Z,1
2019-11-29T07:31:35.000Z,1
2019-11-29T08:03:29.000Z,1
2019-11-29T10:18:05.000Z,1
2019-11-29T11:56:14.000Z,1
2019-11-29T11:57:41.000Z,1
2019-11-29T14:17:39.000Z,1
2019-11-29T15:13:52.000Z,1
2019-11-29T15:15:16.000Z,1
2019-11-29T15:52:25.000Z,1
2019-11-29T17:05:50.000Z,2
2019-11-29T17:54:14.000Z,1
2019-11-29T19:15:12.000Z,1
2019-11-30T00:23:14.000Z,1
2019-11-30T13:18:28.000Z,1
2019-11-30T17:55:05.000Z,1
2019-11-30T21:37:21.000Z,1
2019-12-01T01:00:59.000Z,1
2019-12-01T10:21:22.000Z,1
2019-12-01T11:11:19.000Z,1
2019-12-01T11:28:39.000Z,1
2019-12-01T12:02:55.000Z,3
2019-12-01T12:21:08.000Z,1
2019-12-01T12:48:58.000Z,1
2019-12-01T14:01:49.000Z,1
2019-12-01T17:57:30.000Z,1
2019-12-01T18:33:38.000Z,1
2019-12-01T21:21:19.000Z,1
2019-12-02T05:53:28.000Z,1
2019-12-02T06:05:53.000Z,1
2019-11-20T05:35:16.000Z,1
2019-11-20T06:00:13.000Z,1
2019-11-20T06:22:34.000Z,1
2019-11-20T07:08:38.000Z,1
2019-11-20T07:18:30.000Z,1
2019-11-20T07:26:06.000Z,1
2019-11-20T07:31:31.000Z,1
2019-11-20T07:33:52.000Z,2
2019-11-20T07:36:25.000Z,1
2019-11-20T07:39:06.000Z,1
2019-11-20T07:47:42.000Z,1
2019-11-20T08:01:12.000Z,1
2019-11-20T08:08:04.000Z,1
2019-11-20T08:25:44.000Z,2
2019-11-20T08:30:25.000Z,1
2019-11-20T08:47:48.000Z,1
2019-11-20T12:05:58.000Z,1
2019-11-20T16:37:20.000Z,1
2019-11-20T19:46:44.000Z,1
2019-11-20T13:01:04.000Z,1
2019-11-20T13:08:24.000Z,1
2019-11-20T14:15:54.000Z,1
2019-11-20T15:22:10.000Z,1
2019-11-20T15:25:08.000Z,1
2019-11-20T15:41:41.000Z,1
2019-11-20T16:17:31.000Z,1
2019-11-20T16:27:57.000Z,1
2019-11-20T17:01:53.000Z,1
2019-11-20T17:02:10.000Z,1
2019-11-20T17:11:02.000Z,1
2019-11-20T17:21:56.000Z,1
2019-11-20T17:30:10.000Z,1
2019-11-20T17:33:29.000Z,1
2019-11-20T17:44:19.000Z,1
2019-11-20T17:52:17.000Z,1
2019-11-20T18:03:38.000Z,1
2019-11-20T18:18:14.000Z,1
2019-11-20T18:20:59.000Z,1
2019-11-20T19:19:18.000Z,1
2019-11-20T19:51:40.000Z,1
2019-11-20T19:56:10.000Z,1
2019-11-20T19:57:03.000Z,1
2019-11-20T19:58:48.000Z,1
2019-11-21T07:17:10.000Z,1
2019-11-21T07:57:30.000Z,1
2019-11-21T07:59:39.000Z,1
2019-11-21T08:18:39.000Z,1
2019-11-21T08:26:12.000Z,1
2019-11-21T09:50:04.000Z,2
2019-11-21T10:02:43.000Z,1
2019-11-21T12:03:15.000Z,1
2019-11-21T13:02:58.000Z,1
2019-11-21T13:58:28.000Z,1
2019-11-21T14:07:32.000Z,1
2019-11-21T14:51:36.000Z,1
2019-11-21T15:40:38.000Z,1
2019-11-21T15:42:17.000Z,1
2019-11-21T15:43:39.000Z,1
2019-11-21T16:12:58.000Z,1
2019-11-21T16:53:06.000Z,2
2019-11-21T17:15:16.000Z,1
2019-11-21T17:24:42.000Z,1
2019-11-21T18:05:55.000Z,1
2019-11-21T18:30:47.000Z,1
2019-11-21T18:31:19.000Z,1
2019-11-21T18:31:15.000Z,1
2019-11-21T19:05:44.000Z,1
2019-11-21T19:10:31.000Z,1
2019-11-21T20:40:08.000Z,1
2019-11-21T21:23:04.000Z,1
2019-11-21T21:28:40.000Z,1
2019-11-21T22:15:57.000Z,1
2019-11-22T03:30:01.000Z,1
2019-11-22T05:38:58.000Z,1
2019-11-22T05:58:23.000Z,1
2019-11-22T07:12:59.000Z,1
2019-11-22T07:28:36.000Z,1
2019-11-22T08:20:17.000Z,1
2019-11-22T08:50:38.000Z,1
2019-11-22T08:52:17.000Z,1
2019-11-22T08:58:49.000Z,1
2019-11-22T10:02:02.000Z,1
2019-11-22T10:03:24.000Z,1
2019-11-22T10:24:31.000Z,1
2019-11-22T11:27:03.000Z,1
2019-11-22T11:50:55.000Z,1
2019-11-22T11:53:33.000Z,1
2019-11-22T12:02:10.000Z,1
2019-11-22T12:16:43.000Z,1
2019-11-22T13:08:21.000Z,1
2019-11-22T13:33:51.000Z,1
2019-11-22T14:45:58.000Z,1
2019-11-22T14:55:51.000Z,1
2019-11-22T15:07:02.000Z,2
2019-11-22T15:22:30.000Z,1
2019-11-22T15:25:35.000Z,2
2019-11-22T15:40:36.000Z,1
2019-11-22T15:47:07.000Z,1
2019-11-22T15:58:00.000Z,1
2019-11-22T15:58:55.000Z,1
2019-11-22T16:18:48.000Z,1
2019-11-22T16:44:58.000Z,1
2019-11-22T16:51:54.000Z,1
2019-11-22T16:52:17.000Z,1
2019-11-22T17:13:56.000Z,1
2019-11-22T17:24:15.000Z,2
2019-11-22T17:31:50.000Z,1
2019-11-22T17:33:12.000Z,1
2019-11-22T18:25:00.000Z,1
2019-11-22T18:38:37.000Z,1
2019-11-22T19:26:58.000Z,1
2019-11-22T19:27:59.000Z,1
2019-11-22T22:00:59.000Z,1
2019-11-23T01:54:21.000Z,1
2019-11-23T06:24:22.000Z,1
2019-11-23T09:30:07.000Z,1
2019-11-23T09:54:03.000Z,1
2019-11-23T09:57:33.000Z,1
2019-11-23T10:17:35.000Z,1
2019-11-23T10:30:43.000Z,1
2019-11-23T10:35:21.000Z,1
2019-11-23T10:37:58.000Z,1
2019-11-23T10:43:09.000Z,1
2019-11-23T11:12:08.000Z,1
2019-11-23T11:26:34.000Z,1
2019-11-23T11:44:39.000Z,1
2019-11-23T12:45:54.000Z,1
2019-11-23T12:59:04.000Z,1
2019-11-23T13:44:45.000Z,1
2019-11-23T14:09:58.000Z,1
2019-11-23T15:28:12.000Z,1
2019-11-23T15:41:48.000Z,1
2019-11-23T15:45:28.000Z,1
2019-11-23T16:35:55.000Z,1
2019-11-23T19:39:34.000Z,1
2019-11-24T11:02:43.000Z,1
2019-11-24T11:04:07.000Z,1
2019-11-24T11:11:07.000Z,1
2019-11-24T11:39:14.000Z,1
2019-11-24T12:35:45.000Z,1
2019-11-24T13:26:50.000Z,1
2019-11-24T13:31:10.000Z,1
2019-11-24T13:53:56.000Z,1
2019-11-24T14:03:02.000Z,1
2019-11-24T14:31:22.000Z,1
2019-11-24T14:34:52.000Z,1
2019-11-24T14:36:19.000Z,1
2019-11-24T15:14:14.000Z,1
2019-11-24T15:39:50.000Z,1
2019-11-24T15:52:05.000Z,1
2019-11-24T15:55:02.000Z,1
2019-11-24T16:13:13.000Z,1
2019-11-24T16:15:15.000Z,1
2019-11-24T16:15:52.000Z,1
2019-11-24T17:02:16.000Z,1
2019-11-24T17:09:25.000Z,1
2019-11-24T17:20:52.000Z,1
2019-11-24T17:57:35.000Z,1
2019-11-24T18:48:13.000Z,1
2019-11-24T20:25:27.000Z,1
2019-11-24T22:35:09.000Z,1
2019-11-24T22:47:08.000Z,1
2019-11-25T00:02:21.000Z,1
2019-11-25T05:55:07.000Z,2
2019-11-25T06:56:59.000Z,1
2019-11-25T07:01:14.000Z,1
2019-11-25T07:33:47.000Z,1
2019-11-25T07:43:22.000Z,1
2019-11-25T08:07:53.000Z,2
2019-11-25T08:28:25.000Z,2
2019-11-25T08:35:16.000Z,1
2019-11-25T08:37:09.000Z,1
2019-11-25T08:47:14.000Z,1
2019-11-25T08:59:57.000Z,1
2019-11-25T09:08:25.000Z,1
2019-11-25T09:52:53.000Z,1
2019-11-25T10:40:13.000Z,1
2019-11-25T13:11:58.000Z,1
2019-11-25T13:45:33.000Z,1
2019-11-25T13:51:28.000Z,1
2019-11-25T14:08:38.000Z,1
2019-11-25T14:34:07.000Z,1
2019-11-25T14:37:37.000Z,1
2019-11-25T16:05:44.000Z,1
2019-11-25T16:30:37.000Z,1
2019-11-25T16:57:32.000Z,2
2019-11-25T17:06:40.000Z,2
2019-11-25T17:07:31.000Z,2
2019-11-25T17:16:45.000Z,1
2019-11-25T17:26:30.000Z,1
2019-11-25T17:33:44.000Z,1
2019-11-25T17:44:02.000Z,2
2019-11-25T17:46:09.000Z,1
2019-11-25T17:48:03.000Z,1
2019-11-25T18:00:20.000Z,2
2019-11-25T18:02:42.000Z,1
2019-11-25T18:39:17.000Z,1
2019-11-25T18:47:56.000Z,1
2019-11-25T19:03:45.000Z,1
2019-11-25T19:10:56.000Z,1
2019-11-25T21:17:21.000Z,1
2019-11-25T21:41:26.000Z,1
2019-11-25T22:12:58.000Z,1
2019-11-26T06:24:28.000Z,1
2019-11-26T06:39:15.000Z,1
2019-11-26T07:17:44.000Z,2
2019-11-26T07:27:33.000Z,1
2019-11-26T07:33:39.000Z,1
2019-11-26T07:47:11.000Z,1
2019-11-26T07:49:34.000Z,1
2019-11-26T07:50:49.000Z,1
2019-11-26T07:50:59.000Z,2
2019-11-26T08:13:15.000Z,1
2019-11-26T08:19:28.000Z,1
2019-11-26T09:01:10.000Z,1
2019-11-26T10:20:57.000Z,1
2019-11-26T10:36:15.000Z,1
2019-11-26T11:30:36.000Z,1
2019-11-26T11:53:11.000Z,1
2019-11-26T12:23:43.000Z,1
2019-11-26T12:26:23.000Z,1
2019-11-26T12:31:57.000Z,1
2019-11-26T15:43:03.000Z,1
2019-11-26T16:09:45.000Z,1
2019-11-26T17:15:09.000Z,1
2019-11-26T17:18:29.000Z,1
2019-11-26T18:14:43.000Z,1
2019-11-27T06:44:37.000Z,1
2019-11-27T06:44:52.000Z,1
2019-11-27T07:13:19.000Z,1
2019-11-27T07:26:39.000Z,1
2019-11-27T08:58:59.000Z,1
2019-11-27T11:59:44.000Z,1
2019-11-27T12:17:08.000Z,1
2019-11-27T12:26:35.000Z,1
2019-11-27T13:57:05.000Z,1
2019-11-27T14:00:47.000Z,1
2019-11-27T14:29:28.000Z,2
2019-11-27T15:40:20.000Z,1
2019-11-27T15:53:45.000Z,1
2019-11-27T16:04:29.000Z,1
2019-11-27T16:08:57.000Z,1
2019-11-27T17:28:09.000Z,2
2019-11-27T17:51:59.000Z,1
2019-11-27T17:56:07.000Z,1
2019-11-27T18:31:16.000Z,1
2019-11-27T18:37:40.000Z,1
2019-11-27T19:10:48.000Z,1
2019-11-27T19:47:14.000Z,1
2019-11-28T07:58:41.000Z,1
2019-11-28T08:47:55.000Z,1
2019-11-28T09:13:17.000Z,1
2019-11-28T09:54:38.000Z,1
2019-11-28T11:57:48.000Z,1
2019-11-28T12:41:43.000Z,1
2019-11-28T14:36:59.000Z,1
2019-11-28T15:10:39.000Z,1
2019-11-29T06:32:36.000Z,1
2019-11-29T06:45:21.000Z,1
2019-11-29T08:26:31.000Z,1
2019-11-29T08:30:42.000Z,1
2019-11-29T08:47:45.000Z,1
2019-11-29T10:23:37.000Z,1
2019-11-29T10:45:11.000Z,1
2019-11-29T10:54:34.000Z,1
2019-11-29T11:38:40.000Z,1
2019-11-29T11:49:11.000Z,1
2019-11-29T12:02:57.000Z,1
2019-11-29T13:10:34.000Z,1
2019-11-29T13:33:35.000Z,2
2019-11-29T13:40:15.000Z,1
2019-11-29T15:45:02.000Z,1
2019-11-29T16:02:16.000Z,1
2019-11-29T21:58:25.000Z,1
2019-11-29T22:03:16.000Z,1
2019-11-29T22:40:55.000Z,1
2019-11-29T23:17:52.000Z,1
2019-11-30T00:33:04.000Z,1
2019-11-30T04:16:53.000Z,1
2019-11-30T09:41:00.000Z,1
2019-11-30T10:18:34.000Z,1
2019-11-30T10:55:38.000Z,1
2019-11-30T11:52:39.000Z,1
2019-11-30T12:16:19.000Z,1
2019-11-30T12:59:12.000Z,1
2019-11-30T14:27:44.000Z,1
2019-11-30T14:45:33.000Z,1
2019-11-30T15:21:12.000Z,1
2019-11-30T17:20:57.000Z,1
2019-11-30T17:57:45.000Z,1
2019-11-30T18:02:40.000Z,1
2019-12-01T01:18:22.000Z,1
2019-12-01T10:11:28.000Z,1
2019-12-01T10:22:15.000Z,2
2019-12-01T11:08:16.000Z,1
2019-12-01T14:47:42.000Z,1
2019-12-01T17:54:42.000Z,1
2019-12-01T20:44:25.000Z,1
2019-12-02T05:58:42.000Z,1
2019-11-20T07:11:18.000Z,2
2019-11-20T07:33:07.000Z,2
2019-11-20T07:55:01.000Z,2
2019-11-20T07:55:41.000Z,1
2019-11-20T07:56:09.000Z,1
2019-11-20T08:06:23.000Z,1
2019-11-20T08:08:27.000Z,1
2019-11-20T08:12:59.000Z,1
2019-11-20T08:29:21.000Z,1
2019-11-20T08:46:14.000Z,2
2019-11-20T08:55:02.000Z,2
2019-11-20T09:13:38.000Z,1
2019-11-20T09:37:06.000Z,1
2019-11-20T10:37:36.000Z,1
2019-11-20T15:32:44.000Z,1
2019-11-20T16:10:05.000Z,1
2019-11-20T16:39:28.000Z,1
2019-11-20T17:09:53.000Z,1
2019-11-20T18:17:16.000Z,1
2019-11-20T18:43:55.000Z,1
2019-11-20T12:40:50.000Z,1
2019-11-20T12:42:56.000Z,1
2019-11-20T13:47:15.000Z,2
2019-11-20T14:16:13.000Z,1
2019-11-20T16:41:45.000Z,1
2019-11-20T16:52:07.000Z,1
2019-11-20T17:29:42.000Z,3
2019-11-20T17:44:35.000Z,1
2019-11-20T18:05:08.000Z,1
2019-11-20T18:22:29.000Z,1
2019-11-20T18:31:09.000Z,1
2019-11-20T18:48:49.000Z,1
2019-11-20T19:47:31.000Z,1
2019-11-20T20:29:48.000Z,1
2019-11-20T20:36:20.000Z,1
2019-11-20T21:17:40.000Z,2
2019-11-20T21:49:21.000Z,1
2019-11-21T01:17:38.000Z,1
2019-11-21T07:20:08.000Z,1
2019-11-21T07:51:14.000Z,1
2019-11-21T08:32:56.000Z,1
2019-11-21T08:44:52.000Z,1
2019-11-21T09:07:09.000Z,1
2019-11-21T11:21:14.000Z,1
2019-11-21T11:38:08.000Z,1
2019-11-21T12:33:39.000Z,1
2019-11-21T12:57:59.000Z,1
2019-11-21T13:06:16.000Z,1
2019-11-21T13:41:09.000Z,1
2019-11-21T15:01:00.000Z,1
2019-11-21T16:28:33.000Z,1
2019-11-21T16:30:15.000Z,1
2019-11-21T16:39:53.000Z,1
2019-11-21T16:49:53.000Z,1
2019-11-21T16:50:38.000Z,1
2019-11-21T16:51:10.000Z,2
2019-11-21T16:53:53.000Z,2
2019-11-21T17:02:42.000Z,1
2019-11-21T17:13:32.000Z,1
2019-11-21T17:37:42.000Z,1
2019-11-21T17:40:44.000Z,2
2019-11-21T17:44:43.000Z,4
2019-11-21T17:46:24.000Z,1
2019-11-21T17:56:23.000Z,1
2019-11-21T18:15:58.000Z,2
2019-11-21T19:34:04.000Z,1
2019-11-21T20:09:54.000Z,1
2019-11-21T21:48:59.000Z,1
2019-11-22T05:39:56.000Z,1
2019-11-22T05:49:07.000Z,1
2019-11-22T06:26:35.000Z,1
2019-11-22T06:54:16.000Z,1
2019-11-22T06:56:26.000Z,1
2019-11-22T07:39:22.000Z,1
2019-11-22T07:53:31.000Z,3
2019-11-22T08:05:25.000Z,1
2019-11-22T08:21:59.000Z,1
2019-11-22T08:33:06.000Z,1
2019-11-22T08:35:43.000Z,1
2019-11-22T08:52:16.000Z,1
2019-11-22T09:19:22.000Z,1
2019-11-22T12:06:30.000Z,1
2019-11-22T12:14:12.000Z,1
2019-11-22T12:38:37.000Z,1
2019-11-22T12:47:08.000Z,1
2019-11-22T13:32:04.000Z,1
2019-11-22T13:49:31.000Z,1
2019-11-22T14:24:04.000Z,2
2019-11-22T15:36:03.000Z,1
2019-11-22T15:48:45.000Z,1
2019-11-22T17:29:49.000Z,1
2019-11-22T17:37:31.000Z,1
2019-11-22T17:45:58.000Z,1
2019-11-22T17:56:59.000Z,2
2019-11-22T17:59:34.000Z,1
2019-11-22T18:35:36.000Z,1
2019-11-22T18:38:44.000Z,1
2019-11-22T19:24:58.000Z,1
2019-11-22T19:52:55.000Z,1
2019-11-22T20:10:05.000Z,1
2019-11-22T20:51:29.000Z,1
2019-11-22T22:38:41.000Z,1
2019-11-23T01:33:55.000Z,1
2019-11-23T06:43:50.000Z,1
2019-11-23T09:22:45.000Z,1
2019-11-23T09:42:06.000Z,1
2019-11-23T10:08:02.000Z,1
2019-11-23T10:23:05.000Z,1
2019-11-23T10:55:43.000Z,1
2019-11-23T10:57:53.000Z,1
2019-11-23T12:14:47.000Z,1
2019-11-23T12:25:53.000Z,1
2019-11-23T13:28:55.000Z,1
2019-11-23T14:03:41.000Z,1
2019-11-23T14:08:52.000Z,1
2019-11-23T14:19:26.000Z,1
2019-11-23T14:32:19.000Z,1
2019-11-23T14:37:54.000Z,1
2019-11-23T15:21:17.000Z,1
2019-11-23T15:36:36.000Z,1
2019-11-23T15:57:31.000Z,1
2019-11-23T16:12:11.000Z,1
2019-11-23T16:26:59.000Z,1
2019-11-23T17:47:46.000Z,2
2019-11-23T17:54:36.000Z,1
2019-11-23T22:10:51.000Z,1
2019-11-23T22:29:44.000Z,1
2019-11-24T02:54:52.000Z,1
2019-11-24T09:08:38.000Z,1
2019-11-24T09:24:12.000Z,1
2019-11-24T09:55:06.000Z,1
2019-11-24T10:19:48.000Z,1
2019-11-24T10:31:16.000Z,1
2019-11-24T10:34:02.000Z,1
2019-11-24T11:19:53.000Z,1
2019-11-24T11:20:51.000Z,1
2019-11-24T11:41:28.000Z,1
2019-11-24T12:04:15.000Z,1
2019-11-24T12:27:41.000Z,2
2019-11-24T12:41:41.000Z,1
2019-11-24T13:04:36.000Z,1
2019-11-24T13:08:14.000Z,1
2019-11-24T14:06:42.000Z,1
2019-11-24T14:34:24.000Z,1
2019-11-24T15:50:24.000Z,1
2019-11-24T16:09:43.000Z,1
2019-11-24T16:25:42.000Z,1
2019-11-24T16:27:48.000Z,1
2019-11-24T16:59:35.000Z,1
2019-11-24T17:31:38.000Z,1
2019-11-24T18:19:28.000Z,1
2019-11-24T18:30:56.000Z,1
2019-11-24T19:15:11.000Z,1
2019-11-24T19:40:54.000Z,1
2019-11-25T06:38:42.000Z,1
2019-11-25T06:39:13.000Z,1
2019-11-25T06:53:58.000Z,1
2019-11-25T07:09:25.000Z,1
2019-11-25T07:20:27.000Z,1
2019-11-25T07:33:25.000Z,1
2019-11-25T07:40:35.000Z,1
2019-11-25T07:46:30.000Z,1
2019-11-25T08:20:25.000Z,1
2019-11-25T08:22:11.000Z,1
2019-11-25T08:30:16.000Z,1
2019-11-25T08:37:39.000Z,1
2019-11-25T08:44:20.000Z,1
2019-11-25T08:45:38.000Z,1
2019-11-25T08:48:10.000Z,1
2019-11-25T09:38:40.000Z,1
2019-11-25T10:49:50.000Z,1
2019-11-25T11:24:57.000Z,1
2019-11-25T13:03:44.000Z,1
2019-11-25T13:08:30.000Z,1
2019-11-25T13:13:59.000Z,1
2019-11-25T13:48:48.000Z,1
2019-11-25T14:46:22.000Z,1
2019-11-25T15:41:58.000Z,1
2019-11-25T15:45:27.000Z,1
2019-11-25T16:13:40.000Z,1
2019-11-25T16:52:29.000Z,1
2019-11-25T17:01:55.000Z,1
2019-11-25T17:24:15.000Z,2
2019-11-25T17:32:08.000Z,1
2019-11-25T17:45:36.000Z,3
2019-11-25T17:59:20.000Z,2
2019-11-25T18:20:34.000Z,1
2019-11-25T18:26:22.000Z,1
2019-11-25T18:35:42.000Z,1
2019-11-25T19:16:51.000Z,1
2019-11-25T19:24:37.000Z,2
2019-11-25T20:02:55.000Z,1
2019-11-25T20:17:38.000Z,1
2019-11-25T21:05:48.000Z,1
2019-11-25T21:56:39.000Z,1
2019-11-26T00:44:32.000Z,1
2019-11-26T06:39:03.000Z,1
2019-11-26T07:35:50.000Z,1
2019-11-26T07:43:24.000Z,1
2019-11-26T07:50:03.000Z,1
2019-11-26T07:57:44.000Z,1
2019-11-26T08:28:04.000Z,1
2019-11-26T08:33:15.000Z,1
2019-11-26T09:00:02.000Z,1
2019-11-26T09:03:16.000Z,1
2019-11-26T09:20:25.000Z,1
2019-11-26T09:23:38.000Z,1
2019-11-26T09:25:48.000Z,1
2019-11-26T09:34:29.000Z,1
2019-11-26T09:41:52.000Z,1
2019-11-26T09:44:38.000Z,1
2019-11-26T09:53:53.000Z,1
2019-11-26T11:20:46.000Z,1
2019-11-26T12:21:14.000Z,1
2019-11-26T12:37:30.000Z,1
2019-11-26T13:03:03.000Z,1
2019-11-26T13:26:42.000Z,1
2019-11-26T13:30:06.000Z,1
2019-11-26T14:59:18.000Z,1
2019-11-26T16:02:43.000Z,1
2019-11-26T16:06:12.000Z,1
2019-11-26T16:15:03.000Z,1
2019-11-26T16:15:43.000Z,1
2019-11-26T16:16:07.000Z,1
2019-11-26T16:22:56.000Z,1
2019-11-26T17:04:31.000Z,1
2019-11-26T17:13:24.000Z,1
2019-11-27T07:01:12.000Z,1
2019-11-27T07:06:27.000Z,1
2019-11-27T11:25:34.000Z,1
2019-11-27T11:34:18.000Z,1
2019-11-27T12:21:01.000Z,1
2019-11-27T12:50:28.000Z,1
2019-11-27T14:03:13.000Z,1
2019-11-27T15:41:00.000Z,1
2019-11-27T16:45:33.000Z,1
2019-11-27T17:09:15.000Z,1
2019-11-27T17:17:16.000Z,1
2019-11-27T17:46:29.000Z,1
2019-11-27T17:54:18.000Z,1
2019-11-27T21:45:29.000Z,1
2019-11-28T01:14:41.000Z,1
2019-11-28T07:49:02.000Z,1
2019-11-28T11:03:12.000Z,1
2019-11-28T11:58:41.000Z,1
2019-11-28T12:14:16.000Z,1
2019-11-28T12:29:13.000Z,1
2019-11-28T12:29:58.000Z,1
2019-11-28T12:48:00.000Z,1
2019-11-28T13:59:11.000Z,1
2019-11-28T15:59:53.000Z,1
2019-11-28T17:19:06.000Z,1
2019-11-28T21:10:38.000Z,1
2019-11-28T21:45:13.000Z,1
2019-11-28T22:29:58.000Z,1
2019-11-29T10:48:04.000Z,1
2019-11-29T11:20:14.000Z,1
2019-11-29T12:09:16.000Z,1
2019-11-29T13:11:02.000Z,1
2019-11-29T14:21:27.000Z,1
2019-11-29T15:06:16.000Z,1
2019-11-29T17:00:12.000Z,1
2019-11-29T18:18:35.000Z,1
2019-11-29T18:22:35.000Z,1
2019-11-29T19:27:54.000Z,1
2019-11-29T22:48:53.000Z,1
2019-11-30T06:54:21.000Z,1
2019-11-30T09:12:54.000Z,1
2019-11-30T11:01:26.000Z,1
2019-11-30T11:39:58.000Z,1
2019-11-30T12:01:48.000Z,1
2019-11-30T13:01:04.000Z,1
2019-11-30T13:48:00.000Z,1
2019-11-30T16:14:15.000Z,1
2019-11-30T18:45:18.000Z,1
2019-11-30T20:07:15.000Z,1
2019-12-01T01:43:41.000Z,1
2019-12-01T08:14:19.000Z,1
2019-12-01T10:16:03.000Z,1
2019-12-01T11:17:49.000Z,1
2019-12-01T17:39:19.000Z,1
2019-12-01T19:23:34.000Z,1
2019-11-20T06:03:12.000Z,1
2019-11-20T06:05:54.000Z,1
2019-11-20T06:38:09.000Z,1
2019-11-20T07:40:54.000Z,1
2019-11-20T08:22:00.000Z,1
2019-11-20T08:22:59.000Z,3
2019-11-20T08:23:49.000Z,1
2019-11-20T08:27:19.000Z,1
2019-11-20T08:45:27.000Z,2
2019-11-20T08:59:05.000Z,1
2019-11-20T09:20:51.000Z,1
2019-11-20T10:03:10.000Z,1
2019-11-20T12:52:57.000Z,1
2019-11-20T13:25:38.000Z,1
2019-11-20T08:52:10.000Z,1
2019-11-20T09:08:58.000Z,1
2019-11-20T11:53:26.000Z,1
2019-11-20T13:23:14.000Z,1
2019-11-20T14:25:11.000Z,1
2019-11-20T14:49:38.000Z,1
2019-11-20T16:41:33.000Z,1
2019-11-20T16:43:11.000Z,1
2019-11-20T16:46:11.000Z,1
2019-11-20T17:03:09.000Z,1
2019-11-20T17:20:32.000Z,1
2019-11-20T17:28:10.000Z,2
2019-11-20T17:38:36.000Z,1
2019-11-20T17:44:20.000Z,1
2019-11-20T17:48:01.000Z,1
2019-11-20T18:06:39.000Z,1
2019-11-20T18:10:27.000Z,1
2019-11-20T18:23:14.000Z,1
2019-11-20T18:30:22.000Z,1
2019-11-20T18:56:48.000Z,1
2019-11-20T20:37:07.000Z,1
2019-11-20T21:53:19.000Z,1
2019-11-20T22:14:51.000Z,1
2019-11-21T06:49:18.000Z,1
2019-11-21T08:06:36.000Z,1
2019-11-21T08:41:23.000Z,1
2019-11-21T08:55:54.000Z,1
2019-11-21T09:13:07.000Z,1
2019-11-21T09:22:35.000Z,1
2019-11-21T09:54:01.000Z,1
2019-11-21T10:49:15.000Z,1
2019-11-21T12:28:43.000Z,1
2019-11-21T13:22:45.000Z,1
2019-11-21T13:32:21.000Z,1
2019-11-21T14:32:36.000Z,1
2019-11-21T15:19:53.000Z,1
2019-11-21T16:35:48.000Z,2
2019-11-21T16:57:35.000Z,1
2019-11-21T17:17:49.000Z,1
2019-11-21T18:23:10.000Z,1
2019-11-21T19:25:04.000Z,1
2019-11-21T19:31:29.000Z,1
2019-11-21T21:01:50.000Z,1
2019-11-22T05:57:48.000Z,1
2019-11-22T06:01:42.000Z,1
2019-11-22T06:38:54.000Z,1
2019-11-22T07:23:56.000Z,1
2019-11-22T07:29:18.000Z,1
2019-11-22T07:50:14.000Z,1
2019-11-22T07:55:09.000Z,1
2019-11-22T08:03:05.000Z,1
2019-11-22T08:04:36.000Z,1
2019-11-22T08:41:29.000Z,1
2019-11-22T08:57:18.000Z,1
2019-11-22T09:19:17.000Z,1
2019-11-22T09:39:14.000Z,1
2019-11-22T09:49:41.000Z,1
2019-11-22T09:58:50.000Z,1
2019-11-22T10:00:25.000Z,1
2019-11-22T10:43:24.000Z,1
2019-11-22T11:33:12.000Z,2
2019-11-22T12:04:13.000Z,1
2019-11-22T12:47:39.000Z,1
2019-11-22T15:16:06.000Z,1
2019-11-22T15:33:53.000Z,1
2019-11-22T15:49:46.000Z,1
2019-11-22T15:59:16.000Z,1
2019-11-22T16:04:34.000Z,1
2019-11-22T16:45:46.000Z,1
2019-11-22T16:49:59.000Z,2
2019-11-22T17:00:09.000Z,1
2019-11-22T17:13:01.000Z,1
2019-11-22T17:29:12.000Z,1
2019-11-22T17:40:46.000Z,1
2019-11-22T17:42:59.000Z,1
2019-11-22T17:52:22.000Z,1
2019-11-22T18:37:56.000Z,1
2019-11-22T19:14:41.000Z,2
2019-11-23T00:20:10.000Z,1
2019-11-23T01:52:37.000Z,1
2019-11-23T07:24:48.000Z,1
2019-11-23T07:45:55.000Z,1
2019-11-23T09:36:09.000Z,1
2019-11-23T13:04:45.000Z,1
2019-11-23T13:22:31.000Z,1
2019-11-23T13:41:18.000Z,1
2019-11-23T13:58:31.000Z,1
2019-11-23T14:20:16.000Z,1
2019-11-23T16:08:31.000Z,1
2019-11-23T16:11:32.000Z,1
2019-11-23T16:40:36.000Z,1
2019-11-23T17:06:41.000Z,1
2019-11-23T17:10:32.000Z,1
2019-11-23T17:20:37.000Z,1
2019-11-23T17:36:15.000Z,1
2019-11-23T18:29:30.000Z,1
2019-11-23T20:40:11.000Z,1
2019-11-23T21:00:05.000Z,1
2019-11-23T21:10:58.000Z,1
2019-11-23T21:59:01.000Z,1
2019-11-24T07:50:21.000Z,1
2019-11-24T10:12:32.000Z,1
2019-11-24T10:50:07.000Z,1
2019-11-24T12:24:19.000Z,1
2019-11-24T12:54:02.000Z,1
2019-11-24T12:57:53.000Z,1
2019-11-24T13:01:50.000Z,1
2019-11-24T13:38:02.000Z,1
2019-11-24T13:47:17.000Z,1
2019-11-24T13:49:01.000Z,1
2019-11-24T14:25:29.000Z,1
2019-11-24T14:25:52.000Z,1
2019-11-24T14:54:19.000Z,1
2019-11-24T14:55:33.000Z,1
2019-11-24T15:13:20.000Z,1
2019-11-24T15:58:56.000Z,1
2019-11-24T17:01:53.000Z,1
2019-11-24T17:44:57.000Z,1
2019-11-24T18:04:12.000Z,1
2019-11-24T18:11:52.000Z,1
2019-11-24T18:12:09.000Z,1
2019-11-24T18:25:54.000Z,1
2019-11-24T18:56:15.000Z,1
2019-11-24T20:39:22.000Z,1
2019-11-24T21:27:54.000Z,1
2019-11-24T22:51:03.000Z,1
2019-11-25T04:57:56.000Z,2
2019-11-25T06:08:12.000Z,1
2019-11-25T06:13:52.000Z,1
2019-11-25T06:45:23.000Z,1
2019-11-25T06:45:41.000Z,1
2019-11-25T06:53:13.000Z,1
2019-11-25T06:53:39.000Z,1
2019-11-25T07:18:17.000Z,1
2019-11-25T07:27:46.000Z,1
2019-11-25T07:33:27.000Z,1
2019-11-25T07:42:33.000Z,1
2019-11-25T07:45:17.000Z,1
2019-11-25T07:47:55.000Z,1
2019-11-25T07:55:31.000Z,1
2019-11-25T08:01:32.000Z,1
2019-11-25T08:08:44.000Z,1
2019-11-25T08:18:57.000Z,1
2019-11-25T08:24:46.000Z,1
2019-11-25T08:29:04.000Z,1
2019-11-25T08:29:42.000Z,1
2019-11-25T08:43:14.000Z,3
2019-11-25T08:54:19.000Z,1
2019-11-25T09:53:42.000Z,1
2019-11-25T11:08:47.000Z,1
2019-11-25T14:12:49.000Z,2
2019-11-25T14:23:27.000Z,1
2019-11-25T14:30:27.000Z,1
2019-11-25T14:32:01.000Z,1
2019-11-25T15:14:24.000Z,1
2019-11-25T15:50:38.000Z,1
2019-11-25T16:20:40.000Z,1
2019-11-25T16:26:51.000Z,1
2019-11-25T16:50:05.000Z,2
2019-11-25T17:16:06.000Z,2
2019-11-25T17:24:21.000Z,1
2019-11-25T17:29:24.000Z,1
2019-11-25T17:30:22.000Z,1
2019-11-25T17:56:01.000Z,1
2019-11-25T17:58:20.000Z,2
2019-11-25T18:17:18.000Z,1
2019-11-25T18:23:14.000Z,1
2019-11-25T18:25:31.000Z,1
2019-11-25T18:38:08.000Z,1
2019-11-25T19:02:59.000Z,1
2019-11-25T19:21:37.000Z,1
2019-11-25T19:41:36.000Z,1
2019-11-25T20:41:15.000Z,1
2019-11-25T21:08:09.000Z,1
2019-11-25T21:14:58.000Z,1
2019-11-25T22:17:56.000Z,1
2019-11-26T00:07:53.000Z,1
2019-11-26T06:37:41.000Z,1
2019-11-26T07:50:07.000Z,1
2019-11-26T08:00:54.000Z,2
2019-11-26T08:24:13.000Z,1
2019-11-26T08:34:16.000Z,1
2019-11-26T08:44:30.000Z,1
2019-11-26T08:44:37.000Z,1
2019-11-26T08:52:36.000Z,1
2019-11-26T09:19:50.000Z,1
2019-11-26T10:05:01.000Z,1
2019-11-26T10:21:25.000Z,1
2019-11-26T11:03:00.000Z,1
2019-11-26T11:03:41.000Z,1
2019-11-26T11:09:27.000Z,1
2019-11-26T12:16:51.000Z,1
2019-11-26T15:19:33.000Z,2
2019-11-26T15:38:09.000Z,1
2019-11-26T15:50:17.000Z,1
2019-11-26T16:01:22.000Z,1
2019-11-26T16:29:19.000Z,1
2019-11-26T16:36:26.000Z,1
2019-11-26T17:06:16.000Z,1
2019-11-26T17:14:16.000Z,1
2019-11-26T18:03:11.000Z,1
2019-11-26T18:05:21.000Z,1
2019-11-26T19:49:31.000Z,2
2019-11-26T20:39:25.000Z,1
2019-11-26T22:26:07.000Z,1
2019-11-27T07:41:40.000Z,1
2019-11-27T07:53:07.000Z,1
2019-11-27T08:05:49.000Z,1
2019-11-27T08:27:34.000Z,1
2019-11-27T08:32:33.000Z,1
2019-11-27T08:43:50.000Z,1
2019-11-27T09:06:48.000Z,1
2019-11-27T09:09:23.000Z,1
2019-11-27T10:20:06.000Z,1
2019-11-27T12:08:04.000Z,1
2019-11-27T14:21:34.000Z,1
2019-11-27T15:00:32.000Z,1
2019-11-27T15:45:19.000Z,1
2019-11-27T16:12:35.000Z,1
2019-11-27T17:17:36.000Z,1
2019-11-27T17:22:14.000Z,1
2019-11-27T17:26:33.000Z,1
2019-11-27T17:40:52.000Z,1
2019-11-27T19:23:27.000Z,1
2019-11-27T19:36:47.000Z,1
2019-11-28T09:21:37.000Z,1
2019-11-28T10:08:43.000Z,1
2019-11-28T10:39:29.000Z,1
2019-11-28T11:31:40.000Z,1
2019-11-28T13:11:27.000Z,1
2019-11-28T13:55:39.000Z,1
2019-11-29T10:03:15.000Z,1
2019-11-29T10:37:29.000Z,1
2019-11-29T10:37:40.000Z,1
2019-11-29T12:12:32.000Z,1
2019-11-29T13:14:31.000Z,1
2019-11-29T13:38:30.000Z,1
2019-11-29T17:08:47.000Z,1
2019-11-29T17:24:52.000Z,1
2019-11-29T17:33:18.000Z,1
2019-11-29T18:07:48.000Z,1
2019-11-29T19:44:43.000Z,1
2019-11-29T20:08:07.000Z,1
2019-11-29T21:39:03.000Z,1
2019-11-30T09:37:20.000Z,1
2019-11-30T09:54:27.000Z,1
2019-11-30T11:11:44.000Z,1
2019-11-30T11:20:03.000Z,1
2019-11-30T11:25:37.000Z,1
2019-11-30T15:25:53.000Z,1
2019-11-30T16:07:43.000Z,2
2019-11-30T17:09:20.000Z,1
2019-11-30T18:55:13.000Z,1
2019-12-01T08:02:55.000Z,1
2019-12-01T10:35:36.000Z,1
2019-12-01T11:13:56.000Z,1
2019-12-01T11:50:46.000Z,1
2019-12-01T12:52:06.000Z,1
2019-12-01T13:40:30.000Z,1
2019-12-01T16:53:15.000Z,1
2019-12-01T21:55:14.000Z,1
2019-12-02T04:03:26.000Z,1
2019-12-02T06:06:30.000Z,1
2019-11-20T06:07:03.000Z,1
2019-11-20T07:07:10.000Z,1
2019-11-20T07:09:56.000Z,1
2019-11-20T07:35:40.000Z,1
2019-11-20T08:04:34.000Z,1
2019-11-20T08:04:46.000Z,2
2019-11-20T09:27:08.000Z,1
2019-11-20T10:50:38.000Z,1
2019-11-20T11:38:55.000Z,1
2019-11-20T15:09:13.000Z,1
2019-11-20T16:04:59.000Z,1
2019-11-20T16:31:13.000Z,1
2019-11-20T16:47:10.000Z,1
2019-11-20T09:08:13.000Z,1
2019-11-20T10:20:28.000Z,1
2019-11-20T14:07:18.000Z,1
2019-11-20T14:50:34.000Z,1
2019-11-20T15:01:25.000Z,1
2019-11-20T15:04:57.000Z,1
2019-11-20T15:05:14.000Z,1
2019-11-20T15:05:51.000Z,1
2019-11-20T15:13:20.000Z,1
2019-11-20T15:59:20.000Z,1
2019-11-20T16:04:47.000Z,1
2019-11-20T16:22:23.000Z,1
2019-11-20T17:03:40.000Z,1
2019-11-20T17:29:44.000Z,1
2019-11-20T17:39:51.000Z,2
2019-11-20T17:40:37.000Z,3
2019-11-20T17:59:13.000Z,1
2019-11-20T18:01:35.000Z,3
2019-11-20T18:32:40.000Z,1
2019-11-20T19:19:05.000Z,1
2019-11-20T19:33:07.000Z,1
2019-11-20T20:07:29.000Z,1
2019-11-20T20:59:53.000Z,1
2019-11-20T21:29:02.000Z,1
2019-11-21T06:29:21.000Z,1
2019-11-21T06:33:41.000Z,1
2019-11-21T06:57:22.000Z,1
2019-11-21T07:48:49.000Z,1
2019-11-21T07:51:57.000Z,1
2019-11-21T10:22:21.000Z,1
2019-11-21T11:44:54.000Z,1
2019-11-21T12:10:52.000Z,1
2019-11-21T12:15:30.000Z,1
2019-11-21T13:19:38.000Z,1
2019-11-21T15:44:56.000Z,1
2019-11-21T16:34:30.000Z,1
2019-11-21T16:41:17.000Z,1
2019-11-21T16:49:47.000Z,1
2019-11-21T17:10:56.000Z,1
2019-11-21T17:13:46.000Z,2
2019-11-21T17:14:43.000Z,1
2019-11-21T17:25:14.000Z,1
2019-11-21T17:27:53.000Z,1
2019-11-21T17:33:57.000Z,1
2019-11-21T17:34:47.000Z,1
2019-11-21T17:35:20.000Z,1
2019-11-21T17:53:34.000Z,1
2019-11-21T17:53:48.000Z,1
2019-11-21T17:54:36.000Z,1
2019-11-21T18:04:44.000Z,1
2019-11-21T18:20:08.000Z,1
2019-11-21T20:41:04.000Z,1
2019-11-21T20:43:14.000Z,1
2019-11-21T20:43:32.000Z,1
2019-11-21T21:48:32.000Z,1
2019-11-21T22:02:43.000Z,1
2019-11-22T05:35:46.000Z,1
2019-11-22T05:43:36.000Z,1
2019-11-22T06:02:50.000Z,1
2019-11-22T06:17:44.000Z,1
2019-11-22T07:29:59.000Z,1
2019-11-22T07:42:01.000Z,1
2019-11-22T07:57:52.000Z,1
2019-11-22T08:06:42.000Z,1
2019-11-22T08:07:54.000Z,1
2019-11-22T08:18:29.000Z,1
2019-11-22T08:22:19.000Z,1
2019-11-22T08:37:53.000Z,1
2019-11-22T08:42:29.000Z,1
2019-11-22T10:00:13.000Z,1
2019-11-22T11:09:21.000Z,1
2019-11-22T11:23:42.000Z,1
2019-11-22T11:24:35.000Z,1
2019-11-22T11:26:44.000Z,1
2019-11-22T12:58:45.000Z,1
2019-11-22T14:07:23.000Z,1
2019-11-22T14:40:56.000Z,1
2019-11-22T14:47:06.000Z,1
2019-11-22T14:59:51.000Z,1
2019-11-22T15:00:14.000Z,1
2019-11-22T15:12:37.000Z,1
2019-11-22T15:47:46.000Z,1
2019-11-22T16:29:01.000Z,1
2019-11-22T16:30:50.000Z,1
2019-11-22T16:32:57.000Z,1
2019-11-22T16:51:47.000Z,1
2019-11-22T16:58:10.000Z,1
2019-11-22T17:04:37.000Z,3
2019-11-22T17:17:16.000Z,1
2019-11-22T17:22:13.000Z,1
2019-11-22T17:40:35.000Z,1
2019-11-22T17:57:59.000Z,1
2019-11-22T18:05:41.000Z,2
2019-11-22T18:44:57.000Z,1
2019-11-22T19:20:42.000Z,1
2019-11-22T19:56:10.000Z,1
2019-11-22T21:15:25.000Z,1
2019-11-23T08:22:10.000Z,1
2019-11-23T10:10:50.000Z,1
2019-11-23T10:20:02.000Z,1
2019-11-23T10:51:03.000Z,1
2019-11-23T10:51:50.000Z,1
2019-11-23T11:08:25.000Z,1
2019-11-23T11:17:13.000Z,1
2019-11-23T11:20:08.000Z,1
2019-11-23T11:38:34.000Z,2
2019-11-23T13:29:11.000Z,1
2019-11-23T14:46:23.000Z,1
2019-11-23T14:57:50.000Z,1
2019-11-23T15:49:56.000Z,1
2019-11-23T16:00:30.000Z,1
2019-11-23T16:14:55.000Z,1
2019-11-23T16:47:54.000Z,1
2019-11-23T18:00:47.000Z,1
2019-11-23T18:01:59.000Z,1
2019-11-23T18:56:54.000Z,1
2019-11-23T19:00:19.000Z,1
2019-11-23T19:25:50.000Z,1
2019-11-23T21:47:56.000Z,1
2019-11-24T08:42:03.000Z,1
2019-11-24T09:56:01.000Z,1
2019-11-24T11:07:19.000Z,1
2019-11-24T11:16:29.000Z,2
2019-11-24T11:39:04.000Z,1
2019-11-24T11:50:47.000Z,1
2019-11-24T11:56:57.000Z,1
2019-11-24T12:54:49.000Z,1
2019-11-24T13:12:42.000Z,1
2019-11-24T13:15:45.000Z,1
2019-11-24T13:19:12.000Z,1
2019-11-24T13:27:48.000Z,1
2019-11-24T13:32:56.000Z,1
2019-11-24T13:38:16.000Z,1
2019-11-24T14:19:31.000Z,1
2019-11-24T14:51:47.000Z,1
2019-11-24T15:06:53.000Z,1
2019-11-24T15:07:10.000Z,1
2019-11-24T15:53:26.000Z,1
2019-11-24T16:29:41.000Z,1
2019-11-24T17:01:13.000Z,1
2019-11-24T17:03:57.000Z,1
2019-11-24T17:24:40.000Z,1
2019-11-24T17:47:32.000Z,1
2019-11-24T18:41:53.000Z,1
2019-11-24T20:05:17.000Z,1
2019-11-24T21:12:39.000Z,1
2019-11-24T22:07:18.000Z,1
2019-11-24T23:52:04.000Z,1
2019-11-25T01:54:04.000Z,1
2019-11-25T07:00:24.000Z,1
2019-11-25T07:10:07.000Z,1
2019-11-25T07:20:40.000Z,1
2019-11-25T07:30:25.000Z,1
2019-11-25T08:20:09.000Z,1
2019-11-25T08:23:54.000Z,1
2019-11-25T08:27:58.000Z,1
2019-11-25T08:31:21.000Z,2
2019-11-25T08:52:11.000Z,1
2019-11-25T08:53:00.000Z,1
2019-11-25T08:58:16.000Z,1
2019-11-25T09:01:01.000Z,1
2019-11-25T09:35:03.000Z,1
2019-11-25T09:54:08.000Z,1
2019-11-25T10:34:46.000Z,1
2019-11-25T10:52:52.000Z,1
2019-11-25T11:45:17.000Z,1
2019-11-25T12:00:03.000Z,1
2019-11-25T13:19:34.000Z,1
2019-11-25T13:20:20.000Z,1
2019-11-25T13:21:34.000Z,1
2019-11-25T13:22:13.000Z,1
2019-11-25T14:05:55.000Z,1
2019-11-25T14:22:35.000Z,1
2019-11-25T14:41:21.000Z,1
2019-11-25T15:34:42.000Z,1
2019-11-25T15:59:56.000Z,1
2019-11-25T16:04:41.000Z,1
2019-11-25T16:11:39.000Z,1
2019-11-25T16:18:05.000Z,1
2019-11-25T16:21:38.000Z,1
2019-11-25T16:24:40.000Z,1
2019-11-25T16:30:42.000Z,1
2019-11-25T16:55:54.000Z,1
2019-11-25T16:59:48.000Z,1
2019-11-25T17:00:52.000Z,1
2019-11-25T17:15:25.000Z,2
2019-11-25T17:21:09.000Z,1
2019-11-25T17:44:40.000Z,1
2019-11-25T17:48:07.000Z,1
2019-11-25T18:06:23.000Z,1
2019-11-25T18:14:15.000Z,1
2019-11-25T18:17:57.000Z,2
2019-11-25T18:43:49.000Z,1
2019-11-25T18:47:24.000Z,1
2019-11-25T18:50:08.000Z,1
2019-11-25T19:21:03.000Z,1
2019-11-25T20:05:12.000Z,1
2019-11-25T20:49:39.000Z,1
2019-11-25T21:56:14.000Z,1
2019-11-26T06:02:45.000Z,1
2019-11-26T07:45:45.000Z,1
2019-11-26T08:11:20.000Z,2
2019-11-26T08:29:08.000Z,1
2019-11-26T08:43:18.000Z,1
2019-11-26T08:45:45.000Z,2
2019-11-26T09:03:19.000Z,1
2019-11-26T09:14:07.000Z,1
2019-11-26T10:16:02.000Z,1
2019-11-26T10:49:05.000Z,1
2019-11-26T12:45:20.000Z,2
2019-11-26T13:08:13.000Z,1
2019-11-26T13:13:07.000Z,1
2019-11-26T14:43:16.000Z,1
2019-11-26T15:35:08.000Z,1
2019-11-26T16:35:03.000Z,1
2019-11-26T16:42:11.000Z,1
2019-11-26T17:32:25.000Z,1
2019-11-26T19:07:01.000Z,1
2019-11-26T20:01:55.000Z,1
2019-11-26T23:33:47.000Z,1
2019-11-27T00:05:26.000Z,1
2019-11-27T07:13:29.000Z,1
2019-11-27T07:14:55.000Z,1
2019-11-27T07:21:43.000Z,1
2019-11-27T07:52:42.000Z,1
2019-11-27T07:56:10.000Z,1
2019-11-27T08:21:24.000Z,1
2019-11-27T09:11:44.000Z,1
2019-11-27T10:43:46.000Z,1
2019-11-27T10:48:17.000Z,1
2019-11-27T11:08:22.000Z,1
2019-11-27T11:18:39.000Z,1
2019-11-27T11:20:50.000Z,1
2019-11-27T11:52:10.000Z,1
2019-11-27T12:01:41.000Z,1
2019-11-27T12:06:52.000Z,1
2019-11-27T12:27:16.000Z,1
2019-11-27T14:29:00.000Z,1
2019-11-27T14:41:17.000Z,1
2019-11-27T15:14:32.000Z,1
2019-11-27T15:41:52.000Z,1
2019-11-27T16:00:50.000Z,1
2019-11-27T16:12:51.000Z,1
2019-11-27T16:18:52.000Z,1
2019-11-27T16:21:51.000Z,1
2019-11-27T16:31:55.000Z,1
2019-11-27T18:32:55.000Z,1
2019-11-27T19:00:45.000Z,1
2019-11-27T19:05:15.000Z,1
2019-11-27T20:33:13.000Z,1
2019-11-27T22:57:20.000Z,1
2019-11-28T07:40:32.000Z,1
2019-11-28T19:33:34.000Z,1
2019-11-28T21:15:00.000Z,1
2019-11-28T21:15:05.000Z,1
2019-11-29T08:18:27.000Z,1
2019-11-29T09:32:45.000Z,1
2019-11-29T11:31:08.000Z,1
2019-11-29T12:07:41.000Z,1
2019-11-29T12:46:52.000Z,1
2019-11-29T12:51:20.000Z,1
2019-11-29T13:14:26.000Z,1
2019-11-29T14:35:22.000Z,1
2019-11-29T16:31:32.000Z,1
2019-11-29T16:45:41.000Z,1
2019-11-29T17:11:47.000Z,1
2019-11-29T17:20:10.000Z,1
2019-11-29T17:51:04.000Z,1
2019-11-29T18:14:49.000Z,1
2019-11-29T22:39:52.000Z,1
2019-11-30T02:20:05.000Z,1
2019-11-30T06:24:54.000Z,1
2019-11-30T09:54:09.000Z,1
2019-11-30T10:26:11.000Z,1
2019-11-30T10:44:09.000Z,1
2019-11-30T11:56:54.000Z,1
2019-11-30T13:01:41.000Z,1
2019-11-30T16:12:45.000Z,1
2019-11-30T16:58:35.000Z,1
2019-12-01T09:03:57.000Z,1
2019-12-01T09:25:30.000Z,1
2019-12-01T10:37:20.000Z,1
2019-12-01T11:16:52.000Z,1
2019-12-01T12:33:34.000Z,1
2019-12-01T12:56:11.000Z,1
2019-12-01T15:21:38.000Z,1
2019-12-01T16:41:03.000Z,1
2019-12-01T16:45:47.000Z,1
2019-12-01T17:00:14.000Z,1
2019-12-01T18:08:36.000Z,1
2019-12-01T18:48:00.000Z,1
2019-12-02T06:09:32.000Z,1
2019-11-20T05:35:25.000Z,1
2019-11-20T06:37:28.000Z,1
2019-11-20T06:58:54.000Z,1
2019-11-20T07:01:16.000Z,1
2019-11-20T07:04:52.000Z,1
2019-11-20T07:07:49.000Z,2
2019-11-20T07:13:14.000Z,1
2019-11-20T07:24:29.000Z,1
2019-11-20T07:42:24.000Z,1
2019-11-20T07:53:26.000Z,1
2019-11-20T08:18:03.000Z,1
2019-11-20T08:22:57.000Z,1
2019-11-20T08:28:11.000Z,1
2019-11-20T08:40:15.000Z,1
2019-11-20T08:52:25.000Z,1
2019-11-20T12:55:11.000Z,1
2019-11-20T15:35:52.000Z,1
2019-11-20T17:00:30.000Z,1
2019-11-20T21:21:40.000Z,1
2019-11-20T21:41:18.000Z,1
2019-11-21T09:01:04.000Z,1
2019-11-21T15:35:16.000Z,2
2019-11-20T07:55:31.000Z,1
2019-11-20T07:59:37.000Z,1
2019-11-20T08:21:31.000Z,1
2019-11-20T10:53:51.000Z,1
2019-11-20T11:01:14.000Z,1
2019-11-20T11:21:07.000Z,1
2019-11-20T12:27:39.000Z,1
2019-11-20T12:48:28.000Z,1
2019-11-20T13:50:43.000Z,1
2019-11-20T14:45:05.000Z,1
2019-11-20T16:27:37.000Z,1
2019-11-20T16:29:57.000Z,3
2019-11-20T16:53:57.000Z,1
2019-11-20T17:50:15.000Z,1
2019-11-20T18:02:14.000Z,1
2019-11-20T18:09:53.000Z,1
2019-11-20T18:18:32.000Z,1
2019-11-20T19:11:06.000Z,1
2019-11-20T19:12:53.000Z,1
2019-11-20T19:54:46.000Z,1
2019-11-20T23:09:20.000Z,1
2019-11-21T00:45:38.000Z,1
2019-11-21T07:32:50.000Z,1
2019-11-21T08:08:36.000Z,1
2019-11-21T08:20:17.000Z,1
2019-11-21T09:18:19.000Z,1
2019-11-21T09:21:30.000Z,1
2019-11-21T10:54:37.000Z,1
2019-11-21T11:26:51.000Z,1
2019-11-21T12:32:23.000Z,1
2019-11-21T13:13:45.000Z,1
2019-11-21T13:15:21.000Z,1
2019-11-21T14:17:14.000Z,1
2019-11-21T14:48:59.000Z,1
2019-11-21T14:59:03.000Z,1
2019-11-21T15:35:18.000Z,1
2019-11-21T15:47:25.000Z,1
2019-11-21T16:00:29.000Z,1
2019-11-21T16:01:24.000Z,1
2019-11-21T17:09:18.000Z,1
2019-11-21T17:14:04.000Z,1
2019-11-21T17:16:27.000Z,1
2019-11-21T17:23:48.000Z,2
2019-11-21T17:49:53.000Z,1
2019-11-21T17:51:29.000Z,1
2019-11-21T18:25:49.000Z,1
2019-11-21T19:00:11.000Z,1
2019-11-21T19:17:45.000Z,1
2019-11-21T19:21:23.000Z,1
2019-11-21T19:41:53.000Z,1
2019-11-21T20:09:39.000Z,1
2019-11-21T20:45:54.000Z,1
2019-11-21T21:13:05.000Z,1
2019-11-21T21:15:09.000Z,1
2019-11-21T23:44:13.000Z,1
2019-11-22T06:34:58.000Z,1
2019-11-22T06:42:10.000Z,1
2019-11-22T06:55:27.000Z,1
2019-11-22T08:24:26.000Z,1
2019-11-22T08:30:56.000Z,2
2019-11-22T08:40:39.000Z,1
2019-11-22T08:41:04.000Z,1
2019-11-22T09:38:52.000Z,1
2019-11-22T10:26:05.000Z,1
2019-11-22T11:43:05.000Z,2
2019-11-22T12:07:54.000Z,1
2019-11-22T14:43:19.000Z,1
2019-11-22T14:50:32.000Z,1
2019-11-22T16:04:22.000Z,1
2019-11-22T16:22:51.000Z,2
2019-11-22T16:28:50.000Z,1
2019-11-22T17:34:57.000Z,1
2019-11-22T17:37:34.000Z,1
2019-11-22T17:39:12.000Z,1
2019-11-22T17:50:04.000Z,1
2019-11-22T17:54:36.000Z,1
2019-11-22T17:57:24.000Z,1
2019-11-22T19:00:50.000Z,1
2019-11-22T19:02:53.000Z,1
2019-11-22T19:37:07.000Z,1
2019-11-22T20:14:12.000Z,1
2019-11-22T20:18:24.000Z,1
2019-11-22T20:53:40.000Z,1
2019-11-22T21:36:10.000Z,1
2019-11-23T04:55:49.000Z,1
2019-11-23T08:34:50.000Z,1
2019-11-23T09:15:38.000Z,1
2019-11-23T09:26:58.000Z,1
2019-11-23T09:46:43.000Z,1
2019-11-23T11:22:25.000Z,1
2019-11-23T11:28:58.000Z,1
2019-11-23T11:43:01.000Z,1
2019-11-23T11:53:46.000Z,1
2019-11-23T13:00:22.000Z,1
2019-11-23T13:12:51.000Z,1
2019-11-23T13:57:10.000Z,1
2019-11-23T14:28:37.000Z,2
2019-11-23T15:12:41.000Z,1
2019-11-23T16:10:15.000Z,1
2019-11-23T16:14:17.000Z,1
2019-11-23T16:20:59.000Z,1
2019-11-23T16:33:09.000Z,1
2019-11-23T16:46:22.000Z,1
2019-11-23T17:03:45.000Z,1
2019-11-23T19:23:01.000Z,1
2019-11-23T21:24:55.000Z,1
2019-11-23T22:15:43.000Z,1
2019-11-24T01:11:55.000Z,1
2019-11-24T01:54:16.000Z,1
2019-11-24T02:02:08.000Z,1
2019-11-24T02:34:24.000Z,1
2019-11-24T09:13:35.000Z,1
2019-11-24T09:37:58.000Z,1
2019-11-24T10:05:16.000Z,1
2019-11-24T10:42:55.000Z,1
2019-11-24T11:07:34.000Z,1
2019-11-24T11:15:34.000Z,1
2019-11-24T11:52:47.000Z,1
2019-11-24T12:17:21.000Z,1
2019-11-24T13:01:22.000Z,1
2019-11-24T13:15:38.000Z,1
2019-11-24T13:47:27.000Z,1
2019-11-24T14:18:17.000Z,1
2019-11-24T14:18:52.000Z,1
2019-11-24T14:23:14.000Z,1
2019-11-24T14:44:48.000Z,1
2019-11-24T15:14:46.000Z,1
2019-11-24T15:28:00.000Z,1
2019-11-24T16:18:32.000Z,1
2019-11-24T16:33:40.000Z,1
2019-11-24T16:41:48.000Z,1
2019-11-24T16:45:03.000Z,1
2019-11-24T16:58:28.000Z,2
2019-11-24T17:11:46.000Z,1
2019-11-24T22:42:55.000Z,1
2019-11-25T07:50:51.000Z,1
2019-11-25T07:54:50.000Z,1
2019-11-25T08:24:51.000Z,2
2019-11-25T08:28:14.000Z,1
2019-11-25T08:29:13.000Z,1
2019-11-25T09:07:58.000Z,1
2019-11-25T09:21:37.000Z,1
2019-11-25T10:20:04.000Z,1
2019-11-25T10:24:55.000Z,1
2019-11-25T11:11:06.000Z,1
2019-11-25T11:28:34.000Z,1
2019-11-25T11:43:25.000Z,1
2019-11-25T15:20:18.000Z,1
2019-11-25T15:27:47.000Z,1
2019-11-25T15:45:03.000Z,2
2019-11-25T16:31:54.000Z,1
2019-11-25T16:39:50.000Z,1
2019-11-25T17:01:07.000Z,2
2019-11-25T17:09:18.000Z,1
2019-11-25T17:21:24.000Z,1
2019-11-25T17:21:31.000Z,1
2019-11-25T17:51:12.000Z,1
2019-11-25T18:22:29.000Z,1
2019-11-25T18:29:17.000Z,1
2019-11-25T18:40:46.000Z,1
2019-11-25T18:46:20.000Z,1
2019-11-25T19:37:35.000Z,1
2019-11-25T19:45:15.000Z,2
2019-11-25T21:04:20.000Z,1
2019-11-25T22:19:36.000Z,1
2019-11-25T23:08:55.000Z,1
2019-11-26T07:13:34.000Z,1
2019-11-26T07:21:13.000Z,1
2019-11-26T07:22:55.000Z,1
2019-11-26T07:25:43.000Z,1
2019-11-26T07:41:04.000Z,1
2019-11-26T07:42:16.000Z,1
2019-11-26T08:00:33.000Z,1
2019-11-26T08:20:22.000Z,1
2019-11-26T08:39:48.000Z,1
2019-11-26T08:45:38.000Z,1
2019-11-26T08:50:33.000Z,1
2019-11-26T09:36:34.000Z,1
2019-11-26T10:01:01.000Z,1
2019-11-26T10:33:52.000Z,1
2019-11-26T10:39:57.000Z,1
2019-11-26T11:13:17.000Z,1
2019-11-26T11:23:42.000Z,1
2019-11-26T12:10:44.000Z,1
2019-11-26T12:37:43.000Z,1
2019-11-26T13:03:04.000Z,1
2019-11-26T13:07:14.000Z,1
2019-11-26T13:12:54.000Z,1
2019-11-26T13:21:15.000Z,1
2019-11-26T13:27:38.000Z,1
2019-11-26T13:45:05.000Z,1
2019-11-26T14:34:39.000Z,1
2019-11-26T14:53:18.000Z,1
2019-11-26T16:13:40.000Z,2
2019-11-26T16:38:17.000Z,1
2019-11-26T16:54:02.000Z,1
2019-11-26T17:17:36.000Z,1
2019-11-26T17:17:52.000Z,1
2019-11-26T17:58:03.000Z,1
2019-11-27T06:07:58.000Z,1
2019-11-27T06:13:06.000Z,1
2019-11-27T06:48:36.000Z,1
2019-11-27T06:49:39.000Z,1
2019-11-27T08:22:03.000Z,1
2019-11-27T08:23:19.000Z,1
2019-11-27T09:22:35.000Z,1
2019-11-27T09:50:20.000Z,1
2019-11-27T10:22:54.000Z,1
2019-11-27T12:35:44.000Z,1
2019-11-27T14:18:11.000Z,1
2019-11-27T14:58:16.000Z,1
2019-11-27T15:41:53.000Z,1
2019-11-27T16:03:06.000Z,1
2019-11-27T16:41:41.000Z,3
2019-11-27T17:04:04.000Z,1
2019-11-27T17:09:42.000Z,1
2019-11-27T17:15:33.000Z,1
2019-11-28T10:34:05.000Z,1
2019-11-28T13:15:24.000Z,1
2019-11-28T13:36:46.000Z,1
2019-11-28T18:50:55.000Z,1
2019-11-29T09:28:21.000Z,1
2019-11-29T10:31:42.000Z,1
2019-11-29T10:45:21.000Z,1
2019-11-29T11:11:05.000Z,2
2019-11-29T12:24:11.000Z,1
2019-11-29T12:44:28.000Z,1
2019-11-29T12:53:41.000Z,1
2019-11-29T13:04:27.000Z,1
2019-11-29T13:19:52.000Z,1
2019-11-29T15:16:57.000Z,1
2019-11-29T15:34:24.000Z,1
2019-11-29T15:56:56.000Z,1
2019-11-29T16:20:58.000Z,1
2019-11-29T18:21:48.000Z,1
2019-11-29T18:24:45.000Z,1
2019-11-29T18:46:10.000Z,1
2019-11-29T21:39:55.000Z,1
2019-11-30T11:03:52.000Z,1
2019-11-30T12:02:10.000Z,1
2019-11-30T12:57:51.000Z,1
2019-11-30T13:56:59.000Z,1
2019-11-30T13:59:01.000Z,1
2019-11-30T16:02:58.000Z,1
2019-11-30T16:25:20.000Z,1
2019-12-01T02:19:04.000Z,1
2019-12-01T08:54:15.000Z,1
2019-12-01T09:41:43.000Z,1
2019-12-01T09:55:36.000Z,1
2019-12-01T11:16:50.000Z,1
2019-12-01T15:02:42.000Z,1
2019-12-01T15:33:47.000Z,1
2019-12-01T15:34:23.000Z,1
2019-12-01T17:47:19.000Z,1
2019-12-01T18:29:47.000Z,1
2019-12-01T19:47:15.000Z,1
2019-12-02T06:14:03.000Z,1
2019-11-20T05:20:32.000Z,1
2019-11-20T06:58:06.000Z,1
2019-11-20T07:41:38.000Z,2
2019-11-20T07:49:21.000Z,1
2019-11-20T08:06:06.000Z,1
2019-11-20T08:08:18.000Z,1
2019-11-20T08:12:00.000Z,1
2019-11-20T08:14:01.000Z,1
2019-11-20T08:32:09.000Z,1
2019-11-20T08:34:11.000Z,1
2019-11-20T09:03:22.000Z,1
2019-11-20T09:51:09.000Z,1
2019-11-20T09:53:43.000Z,1
2019-11-20T10:54:08.000Z,1
2019-11-20T10:55:36.000Z,1
2019-11-20T11:31:24.000Z,1
2019-11-20T11:59:41.000Z,1
2019-11-20T12:22:13.000Z,1
2019-11-20T12:24:48.000Z,1
2019-11-20T13:14:27.000Z,1
2019-11-20T14:43:25.000Z,1
2019-11-20T16:25:01.000Z,1
2019-11-20T17:03:52.000Z,1
2019-11-20T17:10:06.000Z,1
2019-11-20T17:10:37.000Z,1
2019-11-20T08:46:22.000Z,1
2019-11-20T09:16:11.000Z,2
2019-11-20T12:22:39.000Z,1
2019-11-20T14:19:22.000Z,1
2019-11-20T16:19:21.000Z,1
2019-11-20T16:23:48.000Z,1
2019-11-20T16:25:08.000Z,1
2019-11-20T17:04:05.000Z,1
2019-11-20T17:19:38.000Z,1
2019-11-20T17:33:38.000Z,1
2019-11-20T17:53:46.000Z,1
2019-11-20T17:55:36.000Z,1
2019-11-20T18:08:31.000Z,1
2019-11-20T18:15:29.000Z,1
2019-11-20T18:29:02.000Z,1
2019-11-20T18:29:00.000Z,1
2019-11-20T19:10:25.000Z,1
2019-11-20T19:18:35.000Z,1
2019-11-20T21:19:09.000Z,1
2019-11-20T22:51:24.000Z,1
2019-11-20T23:05:07.000Z,1
2019-11-20T23:19:04.000Z,1
2019-11-21T07:50:14.000Z,1
2019-11-21T08:02:11.000Z,1
2019-11-21T08:05:41.000Z,1
2019-11-21T08:46:35.000Z,1
2019-11-21T11:45:02.000Z,1
2019-11-21T13:01:47.000Z,1
2019-11-21T15:50:33.000Z,1
2019-11-21T16:33:16.000Z,1
2019-11-21T16:36:15.000Z,1
2019-11-21T16:56:22.000Z,1
2019-11-21T16:58:20.000Z,1
2019-11-21T17:07:44.000Z,1
2019-11-21T17:13:54.000Z,1
2019-11-21T17:19:52.000Z,1
2019-11-21T17:28:11.000Z,1
2019-11-21T17:31:25.000Z,2
2019-11-21T17:32:07.000Z,1
2019-11-21T17:41:08.000Z,1
2019-11-21T18:30:26.000Z,1
2019-11-21T19:57:11.000Z,1
2019-11-21T20:09:42.000Z,1
2019-11-21T20:21:11.000Z,1
2019-11-22T06:36:16.000Z,1
2019-11-22T07:30:46.000Z,1
2019-11-22T07:40:59.000Z,1
2019-11-22T07:54:19.000Z,1
2019-11-22T07:58:15.000Z,1
2019-11-22T08:01:47.000Z,1
2019-11-22T08:05:55.000Z,1
2019-11-22T08:33:56.000Z,1
2019-11-22T08:39:51.000Z,1
2019-11-22T08:49:00.000Z,1
2019-11-22T08:54:49.000Z,1
2019-11-22T09:18:27.000Z,1
2019-11-22T10:01:16.000Z,1
2019-11-22T11:14:31.000Z,1
2019-11-22T12:57:49.000Z,1
2019-11-22T13:08:31.000Z,2
2019-11-22T13:10:46.000Z,1
2019-11-22T13:20:56.000Z,1
2019-11-22T13:28:42.000Z,1
2019-11-22T13:48:51.000Z,1
2019-11-22T13:51:17.000Z,1
2019-11-22T14:40:39.000Z,1
2019-11-22T14:50:52.000Z,2
2019-11-22T14:52:10.000Z,1
2019-11-22T15:20:21.000Z,1
2019-11-22T15:20:30.000Z,1
2019-11-22T15:20:32.000Z,1
2019-11-22T15:31:21.000Z,1
2019-11-22T15:45:26.000Z,1
2019-11-22T15:47:01.000Z,2
2019-11-22T15:49:30.000Z,1
2019-11-22T16:09:14.000Z,1
2019-11-22T16:23:02.000Z,1
2019-11-22T16:46:28.000Z,2
2019-11-22T16:52:34.000Z,1
2019-11-22T17:11:48.000Z,2
2019-11-22T17:20:31.000Z,2
2019-11-22T17:26:04.000Z,1
2019-11-22T17:46:28.000Z,1
2019-11-22T17:57:34.000Z,1
2019-11-22T18:07:42.000Z,1
2019-11-22T18:21:59.000Z,1
2019-11-22T18:51:13.000Z,1
2019-11-22T19:24:27.000Z,1
2019-11-22T20:11:18.000Z,1
2019-11-23T00:04:53.000Z,1
2019-11-23T07:56:47.000Z,1
2019-11-23T08:39:45.000Z,1
2019-11-23T10:10:12.000Z,1
2019-11-23T10:23:10.000Z,1
2019-11-23T12:07:30.000Z,1
2019-11-23T12:34:53.000Z,1
2019-11-23T12:58:32.000Z,2
2019-11-23T13:01:53.000Z,1
2019-11-23T14:17:15.000Z,1
2019-11-23T14:23:39.000Z,2
2019-11-23T14:53:03.000Z,1
2019-11-23T15:37:19.000Z,1
2019-11-23T15:54:01.000Z,1
2019-11-23T15:57:40.000Z,1
2019-11-23T17:57:05.000Z,1
2019-11-23T18:15:33.000Z,1
2019-11-23T18:35:35.000Z,1
2019-11-23T18:39:11.000Z,1
2019-11-23T18:44:59.000Z,1
2019-11-23T21:41:50.000Z,1
2019-11-23T22:08:27.000Z,1
2019-11-24T00:11:35.000Z,1
2019-11-24T02:45:53.000Z,1
2019-11-24T05:08:04.000Z,1
2019-11-24T10:18:05.000Z,1
2019-11-24T11:30:19.000Z,1
2019-11-24T11:48:58.000Z,1
2019-11-24T12:34:17.000Z,1
2019-11-24T13:21:02.000Z,1
2019-11-24T14:36:39.000Z,1
2019-11-24T14:57:23.000Z,1
2019-11-24T16:09:57.000Z,1
2019-11-24T16:22:16.000Z,1
2019-11-24T16:24:24.000Z,1
2019-11-24T16:31:22.000Z,1
2019-11-24T17:41:25.000Z,1
2019-11-24T19:04:16.000Z,1
2019-11-24T22:26:50.000Z,1
2019-11-25T05:24:24.000Z,2
2019-11-25T06:34:47.000Z,1
2019-11-25T07:23:07.000Z,2
2019-11-25T08:12:03.000Z,1
2019-11-25T08:28:22.000Z,1
2019-11-25T08:34:49.000Z,1
2019-11-25T08:37:50.000Z,1
2019-11-25T08:38:22.000Z,2
2019-11-25T09:00:32.000Z,1
2019-11-25T09:01:21.000Z,1
2019-11-25T09:03:54.000Z,1
2019-11-25T09:15:43.000Z,2
2019-11-25T09:33:45.000Z,1
2019-11-25T09:33:58.000Z,1
2019-11-25T09:42:41.000Z,1
2019-11-25T09:46:54.000Z,1
2019-11-25T10:00:31.000Z,1
2019-11-25T10:45:01.000Z,1
2019-11-25T12:19:40.000Z,1
2019-11-25T12:51:10.000Z,1
2019-11-25T12:52:53.000Z,1
2019-11-25T14:22:03.000Z,1
2019-11-25T15:23:16.000Z,1
2019-11-25T15:35:31.000Z,1
2019-11-25T16:02:24.000Z,1
2019-11-25T16:08:19.000Z,1
2019-11-25T16:18:48.000Z,1
2019-11-25T16:22:49.000Z,2
2019-11-25T17:11:02.000Z,1
2019-11-25T17:18:59.000Z,1
2019-11-25T17:26:27.000Z,1
2019-11-25T17:28:12.000Z,1
2019-11-25T17:45:46.000Z,1
2019-11-25T17:53:10.000Z,1
2019-11-25T17:57:52.000Z,1
2019-11-25T18:12:05.000Z,1
2019-11-25T18:34:33.000Z,1
2019-11-25T18:51:13.000Z,1
2019-11-25T18:55:26.000Z,1
2019-11-25T19:16:04.000Z,1
2019-11-25T19:45:36.000Z,1
2019-11-26T06:19:32.000Z,1
2019-11-26T06:23:49.000Z,1
2019-11-26T06:45:57.000Z,1
2019-11-26T07:29:26.000Z,1
2019-11-26T07:34:35.000Z,1
2019-11-26T07:44:15.000Z,1
2019-11-26T08:05:27.000Z,1
2019-11-26T08:10:15.000Z,1
2019-11-26T08:12:51.000Z,2
2019-11-26T08:28:59.000Z,1
2019-11-26T08:30:34.000Z,2
2019-11-26T08:43:59.000Z,1
2019-11-26T08:48:59.000Z,1
2019-11-26T08:56:23.000Z,1
2019-11-26T09:02:39.000Z,1
2019-11-26T09:02:50.000Z,1
2019-11-26T09:09:29.000Z,1
2019-11-26T09:20:06.000Z,1
2019-11-26T09:33:18.000Z,1
2019-11-26T09:58:25.000Z,1
2019-11-26T10:17:42.000Z,1
2019-11-26T10:35:09.000Z,1
2019-11-26T13:25:18.000Z,1
2019-11-26T13:52:04.000Z,1
2019-11-26T15:07:51.000Z,1
2019-11-26T15:26:28.000Z,1
2019-11-26T15:45:20.000Z,1
2019-11-26T16:04:29.000Z,1
2019-11-26T16:05:52.000Z,1
2019-11-26T16:39:11.000Z,1
2019-11-26T16:58:14.000Z,1
2019-11-26T18:12:43.000Z,1
2019-11-26T18:48:42.000Z,1
2019-11-26T18:50:56.000Z,1
2019-11-26T19:18:16.000Z,1
2019-11-26T19:27:30.000Z,1
2019-11-26T19:51:21.000Z,1
2019-11-26T19:52:16.000Z,1
2019-11-26T22:32:12.000Z,1
2019-11-27T07:01:06.000Z,1
2019-11-27T07:25:25.000Z,1
2019-11-27T07:52:53.000Z,1
2019-11-27T10:18:41.000Z,1
2019-11-27T11:35:05.000Z,1
2019-11-27T14:09:21.000Z,1
2019-11-27T15:20:59.000Z,2
2019-11-27T15:27:38.000Z,1
2019-11-27T15:34:34.000Z,1
2019-11-27T16:04:36.000Z,1
2019-11-27T17:00:12.000Z,2
2019-11-27T17:10:22.000Z,1
2019-11-27T17:15:13.000Z,1
2019-11-27T19:22:27.000Z,1
2019-11-28T07:57:05.000Z,1
2019-11-28T10:13:25.000Z,1
2019-11-28T12:38:47.000Z,1
2019-11-28T13:19:26.000Z,1
2019-11-28T14:27:03.000Z,1
2019-11-28T15:08:21.000Z,1
2019-11-28T18:35:35.000Z,1
2019-11-28T20:27:32.000Z,1
2019-11-29T09:19:55.000Z,1
2019-11-29T09:24:38.000Z,1
2019-11-29T09:30:22.000Z,1
2019-11-29T11:05:54.000Z,1
2019-11-29T11:10:48.000Z,1
2019-11-29T12:41:21.000Z,2
2019-11-29T14:56:34.000Z,1
2019-11-29T15:06:14.000Z,1
2019-11-29T18:12:00.000Z,1
2019-11-29T18:35:29.000Z,1
2019-11-30T04:32:57.000Z,1
2019-11-30T09:47:27.000Z,1
2019-11-30T10:52:18.000Z,1
2019-11-30T15:56:14.000Z,1
2019-11-30T16:13:03.000Z,1
2019-11-30T16:38:22.000Z,1
2019-11-30T17:46:53.000Z,1
2019-11-30T23:50:51.000Z,1
2019-12-01T01:43:27.000Z,1
2019-12-01T02:08:53.000Z,1
2019-12-01T10:27:20.000Z,1
2019-12-01T10:31:32.000Z,1
2019-12-01T10:37:58.000Z,1
2019-12-01T16:09:51.000Z,1
2019-12-01T16:55:10.000Z,1
2019-12-01T18:11:40.000Z,1
2019-12-01T20:25:49.000Z,1
2019-12-01T22:49:51.000Z,1
2019-11-20T07:23:19.000Z,1
2019-11-20T07:23:24.000Z,1
2019-11-20T07:51:56.000Z,1
2019-11-20T07:55:42.000Z,1
2019-11-20T08:14:47.000Z,1
2019-11-20T08:32:37.000Z,2
2019-11-20T08:41:24.000Z,1
2019-11-20T08:42:27.000Z,2
2019-11-20T10:05:24.000Z,1
2019-11-20T10:23:29.000Z,1
2019-11-20T11:12:43.000Z,1
2019-11-20T11:28:55.000Z,1
2019-11-20T13:23:12.000Z,1
2019-11-20T14:12:44.000Z,1
2019-11-20T14:26:32.000Z,1
2019-11-20T15:48:18.000Z,1
2019-11-20T16:42:59.000Z,2
2019-11-20T16:53:04.000Z,1
2019-11-20T19:03:13.000Z,1
2019-11-20T20:51:16.000Z,1
2019-11-20T22:13:59.000Z,1
2019-11-20T08:59:14.000Z,1
2019-11-20T10:34:03.000Z,1
2019-11-20T13:10:25.000Z,1
2019-11-20T13:20:57.000Z,1
2019-11-20T16:01:29.000Z,1
2019-11-20T16:10:46.000Z,1
2019-11-20T16:34:26.000Z,1
2019-11-20T16:37:48.000Z,1
2019-11-20T16:47:15.000Z,1
2019-11-20T17:08:30.000Z,1
2019-11-20T17:12:40.000Z,2
2019-11-20T17:26:30.000Z,2
2019-11-20T17:44:05.000Z,1
2019-11-20T17:49:03.000Z,1
2019-11-20T17:49:53.000Z,1
2019-11-20T18:14:44.000Z,1
2019-11-20T18:21:11.000Z,2
2019-11-20T19:36:22.000Z,1
2019-11-20T20:11:25.000Z,1
2019-11-20T20:36:30.000Z,1
2019-11-21T05:11:31.000Z,1
2019-11-21T06:24:00.000Z,1
2019-11-21T07:35:58.000Z,1
2019-11-21T07:47:21.000Z,1
2019-11-21T08:18:47.000Z,1
2019-11-21T08:23:03.000Z,1
2019-11-21T08:51:26.000Z,1
2019-11-21T08:55:37.000Z,1
2019-11-21T09:27:25.000Z,1
2019-11-21T10:15:21.000Z,1
2019-11-21T12:12:50.000Z,2
2019-11-21T12:52:55.000Z,2
2019-11-21T12:59:44.000Z,1
2019-11-21T13:05:18.000Z,1
2019-11-21T13:35:40.000Z,1
2019-11-21T14:09:59.000Z,1
2019-11-21T14:50:58.000Z,1
2019-11-21T16:15:33.000Z,1
2019-11-21T16:39:21.000Z,1
2019-11-21T17:00:58.000Z,1
2019-11-21T17:15:30.000Z,1
2019-11-21T17:31:20.000Z,1
2019-11-21T17:44:26.000Z,1
2019-11-21T17:58:53.000Z,1
2019-11-21T18:02:14.000Z,1
2019-11-21T18:26:28.000Z,1
2019-11-21T18:30:30.000Z,1
2019-11-21T18:49:30.000Z,1
2019-11-21T19:08:18.000Z,1
2019-11-21T22:28:06.000Z,1
2019-11-22T06:44:10.000Z,1
2019-11-22T07:25:50.000Z,1
2019-11-22T07:35:33.000Z,1
2019-11-22T07:38:54.000Z,1
2019-11-22T07:46:29.000Z,2
2019-11-22T07:49:18.000Z,1
2019-11-22T08:43:01.000Z,1
2019-11-22T08:45:59.000Z,1
2019-11-22T08:51:25.000Z,1
2019-11-22T09:45:32.000Z,1
2019-11-22T09:49:56.000Z,1
2019-11-22T10:50:50.000Z,1
2019-11-22T11:56:33.000Z,1
2019-11-22T12:46:08.000Z,1
2019-11-22T12:58:36.000Z,1
2019-11-22T13:37:36.000Z,1
2019-11-22T14:49:08.000Z,1
2019-11-22T14:59:59.000Z,1
2019-11-22T15:12:12.000Z,1
2019-11-22T15:16:20.000Z,1
2019-11-22T15:49:08.000Z,1
2019-11-22T16:11:50.000Z,1
2019-11-22T16:18:49.000Z,1
2019-11-22T16:40:45.000Z,1
2019-11-22T16:54:52.000Z,1
2019-11-22T17:00:42.000Z,2
2019-11-22T17:07:20.000Z,1
2019-11-22T17:12:48.000Z,1
2019-11-22T17:14:35.000Z,1
2019-11-22T17:27:37.000Z,1
2019-11-22T17:37:43.000Z,1
2019-11-22T17:38:15.000Z,1
2019-11-22T17:42:54.000Z,1
2019-11-22T17:51:11.000Z,1
2019-11-22T18:05:11.000Z,1
2019-11-22T18:59:10.000Z,1
2019-11-22T19:17:27.000Z,1
2019-11-22T19:19:11.000Z,1
2019-11-22T19:19:55.000Z,1
2019-11-22T19:27:52.000Z,1
2019-11-22T19:38:41.000Z,1
2019-11-22T19:40:32.000Z,1
2019-11-22T21:06:22.000Z,1
2019-11-22T21:56:38.000Z,1
2019-11-22T22:23:36.000Z,1
2019-11-22T23:21:12.000Z,1
2019-11-22T23:42:20.000Z,1
2019-11-23T07:47:56.000Z,1
2019-11-23T10:07:05.000Z,1
2019-11-23T10:31:20.000Z,1
2019-11-23T11:46:46.000Z,1
2019-11-23T12:23:20.000Z,1
2019-11-23T12:39:10.000Z,1
2019-11-23T13:00:05.000Z,1
2019-11-23T14:40:49.000Z,1
2019-11-23T14:54:58.000Z,2
2019-11-23T15:19:43.000Z,1
2019-11-23T15:23:36.000Z,1
2019-11-23T15:41:59.000Z,1
2019-11-23T16:43:25.000Z,1
2019-11-23T16:50:13.000Z,1
2019-11-23T16:58:39.000Z,1
2019-11-23T17:09:50.000Z,1
2019-11-23T18:42:19.000Z,1
2019-11-23T19:31:04.000Z,1
2019-11-23T20:19:08.000Z,1
2019-11-24T08:06:20.000Z,1
2019-11-24T08:31:31.000Z,1
2019-11-24T09:17:13.000Z,1
2019-11-24T10:10:57.000Z,1
2019-11-24T10:21:31.000Z,3
2019-11-24T11:09:10.000Z,1
2019-11-24T11:10:44.000Z,1
2019-11-24T12:03:34.000Z,1
2019-11-24T12:05:07.000Z,1
2019-11-24T12:08:51.000Z,1
2019-11-24T12:49:24.000Z,1
2019-11-24T12:57:32.000Z,1
2019-11-24T15:00:44.000Z,1
2019-11-24T15:19:19.000Z,1
2019-11-24T16:09:59.000Z,1
2019-11-24T16:11:17.000Z,1
2019-11-24T16:52:42.000Z,1
2019-11-24T17:12:27.000Z,1
2019-11-24T17:43:32.000Z,1
2019-11-24T17:57:42.000Z,1
2019-11-24T18:20:20.000Z,2
2019-11-24T18:28:39.000Z,1
2019-11-24T19:44:02.000Z,1
2019-11-24T20:38:02.000Z,1
2019-11-24T20:53:29.000Z,1
2019-11-25T06:16:15.000Z,1
2019-11-25T06:29:59.000Z,1
2019-11-25T06:40:40.000Z,1
2019-11-25T07:08:56.000Z,1
2019-11-25T07:10:45.000Z,1
2019-11-25T07:27:07.000Z,1
2019-11-25T07:29:21.000Z,1
2019-11-25T07:34:58.000Z,1
2019-11-25T08:04:28.000Z,1
2019-11-25T08:10:49.000Z,1
2019-11-25T08:16:47.000Z,2
2019-11-25T08:17:52.000Z,2
2019-11-25T08:30:32.000Z,1
2019-11-25T09:15:01.000Z,1
2019-11-25T09:21:20.000Z,1
2019-11-25T09:26:31.000Z,1
2019-11-25T09:47:54.000Z,1
2019-11-25T09:54:49.000Z,1
2019-11-25T11:26:02.000Z,1
2019-11-25T11:37:03.000Z,1
2019-11-25T11:41:28.000Z,1
2019-11-25T12:44:29.000Z,1
2019-11-25T12:59:52.000Z,1
2019-11-25T13:35:32.000Z,1
2019-11-25T14:10:36.000Z,1
2019-11-25T16:15:14.000Z,1
2019-11-25T16:37:25.000Z,1
2019-11-25T16:43:44.000Z,1
2019-11-25T16:50:30.000Z,1
2019-11-25T17:08:47.000Z,2
2019-11-25T17:10:37.000Z,1
2019-11-25T17:41:26.000Z,2
2019-11-25T17:43:38.000Z,1
2019-11-25T19:04:33.000Z,1
2019-11-25T19:15:04.000Z,1
2019-11-25T19:15:25.000Z,1
2019-11-25T19:20:23.000Z,1
2019-11-25T19:39:53.000Z,1
2019-11-25T19:44:07.000Z,2
2019-11-25T19:56:50.000Z,1
2019-11-25T19:56:52.000Z,1
2019-11-25T20:45:41.000Z,1
2019-11-26T06:04:55.000Z,1
2019-11-26T07:08:03.000Z,2
2019-11-26T07:09:34.000Z,1
2019-11-26T07:29:02.000Z,1
2019-11-26T07:42:30.000Z,1
2019-11-26T08:05:25.000Z,1
2019-11-26T08:20:17.000Z,1
2019-11-26T08:28:10.000Z,1
2019-11-26T08:42:27.000Z,1
2019-11-26T09:15:17.000Z,1
2019-11-26T09:54:38.000Z,1
2019-11-26T10:19:22.000Z,1
2019-11-26T10:57:25.000Z,1
2019-11-26T10:58:46.000Z,1
2019-11-26T12:12:39.000Z,1
2019-11-26T12:32:48.000Z,1
2019-11-26T13:08:52.000Z,1
2019-11-26T13:12:46.000Z,1
2019-11-26T13:20:30.000Z,1
2019-11-26T13:27:45.000Z,1
2019-11-26T14:28:40.000Z,1
2019-11-26T15:13:31.000Z,1
2019-11-26T15:33:48.000Z,1
2019-11-26T16:43:16.000Z,1
2019-11-26T16:45:34.000Z,1
2019-11-26T17:02:58.000Z,1
2019-11-26T17:12:43.000Z,1
2019-11-26T17:14:57.000Z,1
2019-11-26T17:29:36.000Z,1
2019-11-26T17:31:21.000Z,1
2019-11-26T19:23:29.000Z,1
2019-11-26T23:43:57.000Z,1
2019-11-27T05:43:14.000Z,1
2019-11-27T07:03:23.000Z,1
2019-11-27T07:20:06.000Z,1
2019-11-27T08:11:11.000Z,1
2019-11-27T08:15:53.000Z,1
2019-11-27T08:28:29.000Z,1
2019-11-27T08:53:37.000Z,1
2019-11-27T09:05:47.000Z,1
2019-11-27T10:12:21.000Z,1
2019-11-27T12:57:59.000Z,1
2019-11-27T13:14:00.000Z,1
2019-11-27T13:35:17.000Z,2
2019-11-27T13:40:34.000Z,1
2019-11-27T13:57:02.000Z,1
2019-11-27T14:04:43.000Z,1
2019-11-27T14:12:44.000Z,1
2019-11-27T14:33:11.000Z,1
2019-11-27T14:50:00.000Z,1
2019-11-27T14:54:27.000Z,1
2019-11-27T16:17:40.000Z,1
2019-11-27T16:27:45.000Z,1
2019-11-27T16:44:38.000Z,1
2019-11-27T17:02:08.000Z,1
2019-11-27T18:47:46.000Z,1
2019-11-27T22:23:14.000Z,1
2019-11-28T08:41:37.000Z,1
2019-11-28T10:34:38.000Z,1
2019-11-28T12:10:38.000Z,1
2019-11-28T12:28:31.000Z,1
2019-11-28T12:49:17.000Z,1
2019-11-28T15:05:07.000Z,1
2019-11-28T15:07:58.000Z,1
2019-11-28T16:00:12.000Z,1
2019-11-28T16:45:47.000Z,1
2019-11-28T17:59:21.000Z,1
2019-11-28T20:01:53.000Z,1
2019-11-29T06:41:53.000Z,1
2019-11-29T09:16:46.000Z,1
2019-11-29T10:07:51.000Z,1
2019-11-29T10:09:01.000Z,1
2019-11-29T10:19:29.000Z,1
2019-11-29T10:26:26.000Z,1
2019-11-29T11:13:34.000Z,1
2019-11-29T13:06:22.000Z,1
2019-11-29T13:55:35.000Z,1
2019-11-29T14:17:00.000Z,1
2019-11-29T16:10:10.000Z,1
2019-11-29T16:10:49.000Z,1
2019-11-29T16:29:25.000Z,1
2019-11-29T16:46:26.000Z,1
2019-11-29T17:49:05.000Z,1
2019-11-29T17:55:46.000Z,1
2019-11-29T21:29:13.000Z,1
2019-11-29T21:50:04.000Z,1
2019-11-29T23:40:16.000Z,1
2019-11-30T11:49:28.000Z,1
2019-11-30T12:28:06.000Z,1
2019-11-30T13:29:07.000Z,1
2019-11-30T13:47:01.000Z,1
2019-11-30T14:13:46.000Z,1
2019-11-30T15:55:32.000Z,1
2019-11-30T16:00:51.000Z,1
2019-11-30T16:13:31.000Z,1
2019-12-01T05:58:09.000Z,1
2019-12-01T09:29:45.000Z,1
2019-12-01T10:31:28.000Z,1
2019-12-01T11:13:00.000Z,1
2019-12-01T11:15:54.000Z,1
2019-12-01T12:24:49.000Z,1
2019-12-01T16:21:54.000Z,1
2019-12-01T16:51:13.000Z,1
2019-12-01T17:08:07.000Z,1
2019-12-01T17:33:36.000Z,1
2019-12-01T17:44:38.000Z,1
2019-12-01T20:00:00.000Z,1
2019-12-01T20:30:39.000Z,1
2019-12-01T22:14:55.000Z,1
2019-12-02T05:16:56.000Z,1
2019-11-20T04:50:36.000Z,1
2019-11-20T05:16:12.000Z,1
2019-11-20T05:59:35.000Z,1
2019-11-20T06:11:14.000Z,1
2019-11-20T06:28:28.000Z,1
2019-11-20T06:41:06.000Z,1
2019-11-20T06:47:15.000Z,1
2019-11-20T06:53:35.000Z,2
2019-11-20T07:21:29.000Z,1
2019-11-20T07:25:45.000Z,1
2019-11-20T07:40:15.000Z,1
2019-11-20T08:38:35.000Z,1
2019-11-20T08:46:39.000Z,2
2019-11-20T11:38:21.000Z,1
2019-11-20T12:06:25.000Z,1
2019-11-20T13:28:12.000Z,2
2019-11-20T17:45:42.000Z,1
2019-11-20T18:18:30.000Z,1
2019-11-21T17:30:23.000Z,1
2019-11-20T06:56:53.000Z,1
2019-11-20T07:32:39.000Z,1
2019-11-20T09:42:17.000Z,1
2019-11-20T12:15:41.000Z,1
2019-11-20T12:22:52.000Z,1
2019-11-20T12:54:50.000Z,1
2019-11-20T13:46:14.000Z,1
2019-11-20T13:55:08.000Z,1
2019-11-20T15:30:47.000Z,1
2019-11-20T16:03:10.000Z,1
2019-11-20T16:35:02.000Z,1
2019-11-20T16:37:19.000Z,3
2019-11-20T17:23:36.000Z,2
2019-11-20T17:24:11.000Z,1
2019-11-20T17:30:28.000Z,1
2019-11-20T17:46:29.000Z,1
2019-11-20T17:48:09.000Z,2
2019-11-20T18:07:07.000Z,1
2019-11-20T19:16:14.000Z,2
2019-11-20T19:22:07.000Z,1
2019-11-20T20:15:02.000Z,1
2019-11-20T20:21:08.000Z,2
2019-11-20T20:28:25.000Z,1
2019-11-20T21:00:39.000Z,1
2019-11-20T22:47:26.000Z,1
2019-11-20T23:02:34.000Z,1
2019-11-21T05:58:35.000Z,1
2019-11-21T07:27:45.000Z,1
2019-11-21T07:53:38.000Z,1
2019-11-21T07:57:55.000Z,1
2019-11-21T07:59:14.000Z,1
2019-11-21T08:20:25.000Z,1
2019-11-21T08:41:29.000Z,1
2019-11-21T09:25:00.000Z,1
2019-11-21T10:36:47.000Z,1
2019-11-21T13:10:23.000Z,1
2019-11-21T13:57:10.000Z,1
2019-11-21T13:58:44.000Z,1
2019-11-21T15:50:38.000Z,1
2019-11-21T15:53:49.000Z,1
2019-11-21T16:12:45.000Z,1
2019-11-21T16:46:17.000Z,1
2019-11-21T16:53:40.000Z,1
2019-11-21T16:55:50.000Z,1
2019-11-21T17:10:32.000Z,1
2019-11-21T17:18:20.000Z,2
2019-11-21T17:21:07.000Z,1
2019-11-21T17:37:38.000Z,1
2019-11-21T17:56:51.000Z,1
2019-11-21T18:14:41.000Z,1
2019-11-21T18:35:29.000Z,1
2019-11-21T19:44:11.000Z,1
2019-11-21T20:24:03.000Z,1
2019-11-21T20:39:56.000Z,1
2019-11-21T21:07:48.000Z,1
2019-11-22T00:02:23.000Z,1
2019-11-22T07:07:47.000Z,1
2019-11-22T07:54:41.000Z,1
2019-11-22T08:20:00.000Z,1
2019-11-22T08:30:05.000Z,1
2019-11-22T08:32:07.000Z,1
2019-11-22T08:50:31.000Z,1
2019-11-22T08:58:59.000Z,1
2019-11-22T09:28:37.000Z,1
2019-11-22T09:32:42.000Z,1
2019-11-22T10:41:44.000Z,1
2019-11-22T11:02:41.000Z,1
2019-11-22T11:43:46.000Z,1
2019-11-22T12:16:41.000Z,1
2019-11-22T13:23:14.000Z,1
2019-11-22T13:43:36.000Z,1
2019-11-22T13:45:31.000Z,1
2019-11-22T14:10:58.000Z,1
2019-11-22T14:12:02.000Z,1
2019-11-22T14:25:16.000Z,1
2019-11-22T14:44:32.000Z,1
2019-11-22T15:16:45.000Z,1
2019-11-22T15:22:22.000Z,1
2019-11-22T16:25:36.000Z,1
2019-11-22T16:53:35.000Z,1
2019-11-22T17:14:53.000Z,2
2019-11-22T17:18:32.000Z,1
2019-11-22T17:26:16.000Z,1
2019-11-22T17:27:42.000Z,1
2019-11-22T18:07:07.000Z,2
2019-11-22T18:08:33.000Z,1
2019-11-22T18:18:35.000Z,1
2019-11-22T18:34:51.000Z,1
2019-11-22T19:03:43.000Z,1
2019-11-22T21:49:32.000Z,1
2019-11-22T22:18:16.000Z,1
2019-11-22T22:43:43.000Z,1
2019-11-23T00:13:25.000Z,1
2019-11-23T02:17:59.000Z,1
2019-11-23T06:55:44.000Z,1
2019-11-23T08:37:56.000Z,1
2019-11-23T08:54:49.000Z,1
2019-11-23T09:25:24.000Z,1
2019-11-23T09:44:08.000Z,1
2019-11-23T10:08:41.000Z,1
2019-11-23T10:28:31.000Z,1
2019-11-23T10:41:55.000Z,1
2019-11-23T12:31:58.000Z,1
2019-11-23T13:53:07.000Z,1
2019-11-23T14:22:00.000Z,1
2019-11-23T15:02:57.000Z,1
2019-11-23T15:04:48.000Z,1
2019-11-23T15:34:24.000Z,1
2019-11-23T16:19:19.000Z,1
2019-11-23T16:38:51.000Z,1
2019-11-23T16:57:58.000Z,1
2019-11-23T18:47:46.000Z,1
2019-11-23T20:30:12.000Z,1
2019-11-23T22:04:49.000Z,1
2019-11-23T22:38:21.000Z,1
2019-11-23T23:43:29.000Z,1
2019-11-24T01:47:07.000Z,1
2019-11-24T09:53:33.000Z,1
2019-11-24T10:41:46.000Z,1
2019-11-24T10:48:09.000Z,1
2019-11-24T11:04:36.000Z,1
2019-11-24T11:29:56.000Z,1
2019-11-24T12:24:20.000Z,1
2019-11-24T12:46:14.000Z,1
2019-11-24T12:56:34.000Z,1
2019-11-24T14:54:46.000Z,1
2019-11-24T15:23:57.000Z,1
2019-11-24T15:30:04.000Z,1
2019-11-24T15:33:07.000Z,1
2019-11-24T15:49:29.000Z,1
2019-11-24T16:05:35.000Z,1
2019-11-24T16:08:46.000Z,1
2019-11-24T16:19:09.000Z,1
2019-11-24T16:59:46.000Z,1
2019-11-24T17:12:36.000Z,1
2019-11-24T18:48:38.000Z,1
2019-11-24T19:13:49.000Z,1
2019-11-24T19:58:21.000Z,1
2019-11-24T23:29:44.000Z,1
2019-11-25T06:03:25.000Z,1
2019-11-25T06:26:05.000Z,1
2019-11-25T06:55:34.000Z,1
2019-11-25T06:59:21.000Z,1
2019-11-25T07:09:32.000Z,1
2019-11-25T07:21:23.000Z,1
2019-11-25T07:25:55.000Z,1
2019-11-25T08:04:25.000Z,1
2019-11-25T08:05:21.000Z,2
2019-11-25T08:13:54.000Z,2
2019-11-25T08:19:39.000Z,1
2019-11-25T08:26:01.000Z,1
2019-11-25T11:02:15.000Z,1
2019-11-25T11:26:57.000Z,1
2019-11-25T12:50:07.000Z,1
2019-11-25T13:24:05.000Z,1
2019-11-25T13:46:04.000Z,1
2019-11-25T14:38:45.000Z,1
2019-11-25T14:38:55.000Z,1
2019-11-25T14:41:50.000Z,1
2019-11-25T14:58:34.000Z,1
2019-11-25T15:35:25.000Z,1
2019-11-25T15:45:21.000Z,1
2019-11-25T16:42:22.000Z,1
2019-11-25T16:48:18.000Z,1
2019-11-25T16:57:22.000Z,1
2019-11-25T17:15:03.000Z,1
2019-11-25T17:31:40.000Z,1
2019-11-25T17:40:17.000Z,1
2019-11-25T17:59:46.000Z,1
2019-11-25T18:13:21.000Z,1
2019-11-25T18:51:45.000Z,1
2019-11-25T19:10:00.000Z,1
2019-11-25T19:12:40.000Z,1
2019-11-25T19:37:22.000Z,1
2019-11-25T20:17:22.000Z,1
2019-11-25T21:36:08.000Z,1
2019-11-26T06:18:43.000Z,1
2019-11-26T06:54:41.000Z,1
2019-11-26T06:57:41.000Z,1
2019-11-26T07:23:33.000Z,1
2019-11-26T07:36:39.000Z,1
2019-11-26T07:39:40.000Z,2
2019-11-26T07:44:32.000Z,1
2019-11-26T07:55:50.000Z,1
2019-11-26T07:58:20.000Z,1
2019-11-26T07:59:24.000Z,2
2019-11-26T08:03:19.000Z,1
2019-11-26T08:03:24.000Z,1
2019-11-26T08:05:10.000Z,1
2019-11-26T08:08:55.000Z,1
2019-11-26T08:26:54.000Z,2
2019-11-26T08:29:37.000Z,2
2019-11-26T08:42:43.000Z,1
2019-11-26T09:24:53.000Z,1
2019-11-26T10:10:07.000Z,1
2019-11-26T10:38:45.000Z,1
2019-11-26T11:32:15.000Z,1
2019-11-26T12:36:09.000Z,1
2019-11-26T13:00:22.000Z,1
2019-11-26T13:50:38.000Z,1
2019-11-26T17:39:39.000Z,1
2019-11-26T17:40:20.000Z,1
2019-11-26T17:41:53.000Z,1
2019-11-26T17:49:50.000Z,1
2019-11-26T19:33:25.000Z,2
2019-11-26T21:54:15.000Z,1
2019-11-26T22:09:32.000Z,1
2019-11-27T05:52:58.000Z,1
2019-11-27T07:21:53.000Z,1
2019-11-27T07:29:48.000Z,1
2019-11-27T07:32:24.000Z,1
2019-11-27T07:44:40.000Z,1
2019-11-27T07:44:57.000Z,1
2019-11-27T08:05:03.000Z,1
2019-11-27T08:33:37.000Z,1
2019-11-27T11:29:06.000Z,1
2019-11-27T12:00:26.000Z,1
2019-11-27T12:09:14.000Z,1
2019-11-27T12:45:21.000Z,1
2019-11-27T14:07:24.000Z,1
2019-11-27T14:15:43.000Z,1
2019-11-27T15:07:05.000Z,1
2019-11-27T15:27:39.000Z,1
2019-11-27T15:31:56.000Z,1
2019-11-27T15:44:07.000Z,1
2019-11-27T15:52:41.000Z,1
2019-11-27T15:56:56.000Z,1
2019-11-27T17:01:27.000Z,1
2019-11-27T17:06:22.000Z,1
2019-11-27T19:20:02.000Z,1
2019-11-28T04:40:15.000Z,1
2019-11-28T12:51:19.000Z,1
2019-11-28T13:38:30.000Z,1
2019-11-28T14:36:15.000Z,1
2019-11-28T16:12:44.000Z,1
2019-11-28T16:44:57.000Z,1
2019-11-28T17:06:48.000Z,1
2019-11-28T21:50:16.000Z,1
2019-11-29T00:13:22.000Z,1
2019-11-29T06:34:49.000Z,1
2019-11-29T11:55:07.000Z,1
2019-11-29T12:13:12.000Z,1
2019-11-29T13:29:33.000Z,1
2019-11-29T13:45:01.000Z,1
2019-11-29T13:56:56.000Z,1
2019-11-29T14:31:57.000Z,1
2019-11-29T14:32:29.000Z,1
2019-11-29T16:30:24.000Z,1
2019-11-29T16:55:57.000Z,1
2019-11-29T17:05:46.000Z,1
2019-11-29T17:17:10.000Z,1
2019-11-29T18:00:57.000Z,1
2019-11-29T20:53:26.000Z,1
2019-11-29T21:34:14.000Z,1
2019-11-29T22:50:36.000Z,1
2019-11-30T10:28:19.000Z,1
2019-11-30T11:22:44.000Z,1
2019-12-01T09:16:27.000Z,1
2019-12-01T09:21:35.000Z,1
2019-12-01T11:14:37.000Z,1
2019-12-01T11:55:25.000Z,1
2019-12-01T12:28:37.000Z,1
2019-12-01T12:45:16.000Z,1
2019-12-01T15:51:56.000Z,1
2019-12-01T16:01:07.000Z,1
2019-12-01T16:13:13.000Z,1
2019-12-01T18:21:10.000Z,1
2019-12-01T18:36:01.000Z,1
2019-12-02T05:49:58.000Z,1
2019-11-20T06:03:34.000Z,1
2019-11-20T06:45:29.000Z,1
2019-11-20T07:49:25.000Z,2
2019-11-20T07:58:03.000Z,1
2019-11-20T07:59:14.000Z,1
2019-11-20T08:17:22.000Z,1
2019-11-20T08:28:05.000Z,1
2019-11-20T08:30:08.000Z,2
2019-11-20T08:38:43.000Z,1
2019-11-20T08:41:53.000Z,1
2019-11-20T08:42:59.000Z,1
2019-11-20T08:52:13.000Z,1
2019-11-20T09:57:57.000Z,1
2019-11-20T12:26:12.000Z,1
2019-11-20T13:26:16.000Z,1
2019-11-20T15:08:27.000Z,1
2019-11-20T16:32:43.000Z,2
2019-11-20T16:59:52.000Z,1
2019-11-20T17:11:45.000Z,1
2019-11-20T17:41:18.000Z,1
2019-11-20T18:31:45.000Z,1
2019-11-20T18:42:14.000Z,1
2019-11-22T07:38:28.000Z,2
2019-11-20T08:32:21.000Z,1
2019-11-20T09:03:45.000Z,1
2019-11-20T12:37:32.000Z,1
2019-11-20T15:29:59.000Z,1
2019-11-20T16:14:34.000Z,1
2019-11-20T16:34:50.000Z,1
2019-11-20T16:42:13.000Z,1
2019-11-20T16:48:49.000Z,1
2019-11-20T17:01:50.000Z,2
2019-11-20T17:05:40.000Z,1
2019-11-20T17:18:57.000Z,1
2019-11-20T17:22:27.000Z,3
2019-11-20T17:22:52.000Z,1
2019-11-20T18:09:05.000Z,1
2019-11-20T18:26:09.000Z,1
2019-11-20T18:47:11.000Z,1
2019-11-20T19:15:23.000Z,1
2019-11-20T19:19:45.000Z,1
2019-11-20T20:31:54.000Z,1
2019-11-20T20:58:02.000Z,1
2019-11-20T20:58:17.000Z,1
2019-11-20T21:57:05.000Z,1
2019-11-21T07:41:57.000Z,1
2019-11-21T07:57:31.000Z,1
2019-11-21T08:20:52.000Z,1
2019-11-21T08:43:17.000Z,1
2019-11-21T08:45:51.000Z,1
2019-11-21T08:51:12.000Z,1
2019-11-21T10:59:28.000Z,1
2019-11-21T10:59:44.000Z,1
2019-11-21T12:07:36.000Z,1
2019-11-21T14:17:58.000Z,1
2019-11-21T14:42:35.000Z,1
2019-11-21T14:42:49.000Z,1
2019-11-21T15:36:38.000Z,1
2019-11-21T16:05:04.000Z,2
2019-11-21T16:20:01.000Z,1
2019-11-21T16:51:23.000Z,1
2019-11-21T17:08:48.000Z,1
2019-11-21T17:23:25.000Z,1
2019-11-21T17:29:28.000Z,1
2019-11-21T17:46:05.000Z,1
2019-11-21T18:08:36.000Z,1
2019-11-21T18:34:04.000Z,1
2019-11-21T18:40:22.000Z,1
2019-11-21T18:47:30.000Z,1
2019-11-21T19:02:54.000Z,1
2019-11-21T19:53:51.000Z,1
2019-11-21T20:17:39.000Z,1
2019-11-21T20:44:43.000Z,1
2019-11-21T22:10:42.000Z,1
2019-11-22T04:48:11.000Z,1
2019-11-22T06:08:29.000Z,1
2019-11-22T06:50:42.000Z,1
2019-11-22T07:03:08.000Z,1
2019-11-22T07:54:18.000Z,1
2019-11-22T07:59:55.000Z,1
2019-11-22T08:14:15.000Z,1
2019-11-22T08:26:35.000Z,1
2019-11-22T08:30:28.000Z,1
2019-11-22T08:52:02.000Z,1
2019-11-22T08:52:26.000Z,1
2019-11-22T08:58:18.000Z,1
2019-11-22T09:14:23.000Z,1
2019-11-22T09:25:47.000Z,1
2019-11-22T10:06:43.000Z,1
2019-11-22T13:09:33.000Z,1
2019-11-22T13:12:25.000Z,1
2019-11-22T13:45:25.000Z,1
2019-11-22T13:55:49.000Z,2
2019-11-22T14:15:15.000Z,1
2019-11-22T14:37:17.000Z,1
2019-11-22T15:10:11.000Z,1
2019-11-22T16:14:48.000Z,2
2019-11-22T17:04:41.000Z,1
2019-11-22T17:38:11.000Z,1
2019-11-22T17:55:54.000Z,2
2019-11-22T18:23:24.000Z,1
2019-11-22T18:36:43.000Z,1
2019-11-22T18:38:49.000Z,1
2019-11-22T19:03:42.000Z,1
2019-11-22T21:40:18.000Z,1
2019-11-22T22:12:02.000Z,1
2019-11-23T04:19:04.000Z,1
2019-11-23T09:16:06.000Z,1
2019-11-23T09:56:35.000Z,2
2019-11-23T10:04:29.000Z,1
2019-11-23T10:58:59.000Z,1
2019-11-23T11:19:09.000Z,1
2019-11-23T12:01:53.000Z,1
2019-11-23T12:47:44.000Z,1
2019-11-23T12:56:29.000Z,1
2019-11-23T12:56:53.000Z,1
2019-11-23T13:20:47.000Z,1
2019-11-23T13:34:41.000Z,1
2019-11-23T14:25:21.000Z,1
2019-11-23T14:29:31.000Z,1
2019-11-23T14:52:30.000Z,1
2019-11-23T14:58:29.000Z,1
2019-11-23T15:45:19.000Z,1
2019-11-23T15:53:23.000Z,1
2019-11-23T16:33:07.000Z,1
2019-11-23T16:58:41.000Z,1
2019-11-23T17:03:28.000Z,1
2019-11-23T17:16:29.000Z,1
2019-11-23T17:34:06.000Z,1
2019-11-23T17:48:51.000Z,1
2019-11-23T18:22:47.000Z,1
2019-11-23T18:47:41.000Z,1
2019-11-23T18:57:47.000Z,1
2019-11-24T00:30:05.000Z,1
2019-11-24T07:34:45.000Z,1
2019-11-24T08:12:09.000Z,1
2019-11-24T08:38:52.000Z,1
2019-11-24T09:24:05.000Z,1
2019-11-24T10:04:02.000Z,1
2019-11-24T10:18:02.000Z,1
2019-11-24T10:56:14.000Z,1
2019-11-24T11:18:31.000Z,1
2019-11-24T12:40:54.000Z,1
2019-11-24T13:00:56.000Z,1
2019-11-24T14:09:48.000Z,1
2019-11-24T14:16:49.000Z,2
2019-11-24T14:36:52.000Z,1
2019-11-24T15:03:50.000Z,2
2019-11-24T15:41:46.000Z,1
2019-11-24T16:20:25.000Z,1
2019-11-24T17:23:55.000Z,1
2019-11-24T18:07:59.000Z,1
2019-11-24T19:14:28.000Z,1
2019-11-24T20:18:11.000Z,1
2019-11-24T21:35:25.000Z,1
2019-11-24T22:45:49.000Z,1
2019-11-25T02:07:54.000Z,1
2019-11-25T06:13:01.000Z,1
2019-11-25T06:28:03.000Z,1
2019-11-25T07:51:20.000Z,1
2019-11-25T07:56:09.000Z,1
2019-11-25T07:58:00.000Z,1
2019-11-25T08:16:29.000Z,2
2019-11-25T08:23:46.000Z,1
2019-11-25T08:38:38.000Z,1
2019-11-25T08:40:02.000Z,1
2019-11-25T08:51:31.000Z,1
2019-11-25T08:56:01.000Z,1
2019-11-25T09:06:05.000Z,1
2019-11-25T09:53:18.000Z,1
2019-11-25T09:57:23.000Z,1
2019-11-25T10:07:00.000Z,1
2019-11-25T11:31:32.000Z,1
2019-11-25T11:37:32.000Z,1
2019-11-25T12:21:18.000Z,1
2019-11-25T12:43:07.000Z,1
2019-11-25T14:11:49.000Z,1
2019-11-25T14:21:41.000Z,1
2019-11-25T14:26:37.000Z,1
2019-11-25T15:09:17.000Z,1
2019-11-25T15:36:58.000Z,1
2019-11-25T15:59:15.000Z,1
2019-11-25T16:11:33.000Z,1
2019-11-25T16:12:25.000Z,1
2019-11-25T16:29:22.000Z,1
2019-11-25T16:38:56.000Z,1
2019-11-25T17:03:44.000Z,2
2019-11-25T17:25:16.000Z,1
2019-11-25T17:26:42.000Z,1
2019-11-25T17:42:18.000Z,1
2019-11-25T17:57:00.000Z,1
2019-11-25T18:04:15.000Z,1
2019-11-25T18:15:47.000Z,1
2019-11-25T18:15:54.000Z,1
2019-11-25T18:18:52.000Z,3
2019-11-25T18:42:06.000Z,1
2019-11-25T19:10:24.000Z,1
2019-11-25T19:20:22.000Z,1
2019-11-25T19:44:02.000Z,1
2019-11-25T19:58:18.000Z,1
2019-11-25T20:25:14.000Z,1
2019-11-25T20:30:45.000Z,1
2019-11-25T22:33:42.000Z,1
2019-11-25T23:38:36.000Z,1
2019-11-26T06:36:07.000Z,1
2019-11-26T06:43:14.000Z,1
2019-11-26T06:47:48.000Z,1
2019-11-26T07:09:36.000Z,1
2019-11-26T07:29:23.000Z,1
2019-11-26T07:38:26.000Z,1
2019-11-26T07:38:55.000Z,1
2019-11-26T07:51:39.000Z,1
2019-11-26T08:04:43.000Z,1
2019-11-26T08:10:37.000Z,1
2019-11-26T08:22:00.000Z,1
2019-11-26T08:25:23.000Z,1
2019-11-26T08:40:17.000Z,1
2019-11-26T08:43:55.000Z,1
2019-11-26T08:47:22.000Z,1
2019-11-26T09:32:44.000Z,1
2019-11-26T10:41:17.000Z,1
2019-11-26T11:17:18.000Z,1
2019-11-26T11:23:48.000Z,1
2019-11-26T11:48:33.000Z,1
2019-11-26T12:20:07.000Z,1
2019-11-26T14:37:23.000Z,1
2019-11-26T15:21:18.000Z,1
2019-11-26T16:37:37.000Z,1
2019-11-26T17:04:12.000Z,1
2019-11-26T17:22:30.000Z,1
2019-11-26T17:58:52.000Z,1
2019-11-26T20:14:08.000Z,1
2019-11-26T23:56:59.000Z,1
2019-11-27T00:24:39.000Z,1
2019-11-27T06:40:15.000Z,1
2019-11-27T07:49:08.000Z,1
2019-11-27T08:02:39.000Z,1
2019-11-27T08:08:26.000Z,1
2019-11-27T08:37:52.000Z,1
2019-11-27T12:07:24.000Z,1
2019-11-27T12:32:25.000Z,1
2019-11-27T13:29:42.000Z,1
2019-11-27T15:10:58.000Z,1
2019-11-27T15:16:51.000Z,1
2019-11-27T15:27:58.000Z,1
2019-11-27T15:35:35.000Z,1
2019-11-27T16:01:10.000Z,1
2019-11-27T16:04:06.000Z,2
2019-11-27T16:15:19.000Z,2
2019-11-27T17:03:57.000Z,1
2019-11-27T17:17:59.000Z,1
2019-11-27T17:36:45.000Z,1
2019-11-27T18:02:15.000Z,1
2019-11-27T18:20:35.000Z,1
2019-11-27T18:44:12.000Z,1
2019-11-27T19:46:57.000Z,1
2019-11-28T05:09:59.000Z,1
2019-11-28T09:44:07.000Z,1
2019-11-28T09:55:50.000Z,1
2019-11-28T11:19:20.000Z,1
2019-11-28T12:53:39.000Z,1
2019-11-28T23:17:32.000Z,1
2019-11-29T08:50:22.000Z,1
2019-11-29T11:17:25.000Z,1
2019-11-29T11:43:01.000Z,1
2019-11-29T11:58:10.000Z,1
2019-11-29T12:02:31.000Z,1
2019-11-29T12:04:37.000Z,1
2019-11-29T12:24:04.000Z,1
2019-11-29T12:33:52.000Z,1
2019-11-29T13:24:01.000Z,1
2019-11-29T14:05:05.000Z,1
2019-11-29T14:25:41.000Z,1
2019-11-29T15:56:08.000Z,1
2019-11-29T18:44:42.000Z,1
2019-11-29T18:59:58.000Z,1
2019-11-30T00:21:00.000Z,1
2019-11-30T00:21:27.000Z,1
2019-11-30T13:38:52.000Z,1
2019-11-30T13:55:43.000Z,1
2019-11-30T14:03:16.000Z,1
2019-11-30T17:59:28.000Z,1
2019-12-01T07:09:54.000Z,1
2019-12-01T07:48:00.000Z,1
2019-12-01T09:48:12.000Z,1
2019-12-01T12:03:34.000Z,1
2019-12-01T12:31:59.000Z,1
2019-12-01T12:37:15.000Z,1
2019-12-01T12:41:21.000Z,1
2019-12-01T13:39:43.000Z,1
2019-12-01T17:14:51.000Z,1
2019-12-01T22:14:36.000Z,1
2019-11-20T06:48:22.000Z,1
2019-11-20T07:04:30.000Z,1
2019-11-20T07:17:21.000Z,2
2019-11-20T07:24:43.000Z,1
2019-11-20T08:03:03.000Z,1
2019-11-20T08:04:21.000Z,1
2019-11-20T08:16:35.000Z,1
2019-11-20T08:39:02.000Z,1
2019-11-20T08:51:11.000Z,1
2019-11-20T08:57:01.000Z,1
2019-11-20T09:10:19.000Z,1
2019-11-20T11:37:17.000Z,1
2019-11-20T14:10:28.000Z,1
2019-11-20T18:13:48.000Z,1
2019-11-20T19:28:57.000Z,2
2019-11-20T08:57:56.000Z,1
2019-11-20T09:02:46.000Z,1
2019-11-20T09:32:05.000Z,1
2019-11-20T09:59:56.000Z,1
2019-11-20T11:45:42.000Z,1
2019-11-20T14:54:11.000Z,1
2019-11-20T14:55:04.000Z,2
2019-11-20T15:34:17.000Z,1
2019-11-20T16:21:19.000Z,1
2019-11-20T16:55:52.000Z,1
2019-11-20T17:15:17.000Z,1
2019-11-20T17:20:03.000Z,1
2019-11-20T17:27:59.000Z,2
2019-11-20T17:41:20.000Z,1
2019-11-20T17:48:30.000Z,1
2019-11-20T18:34:00.000Z,1
2019-11-20T19:35:51.000Z,1
2019-11-20T21:37:56.000Z,1
2019-11-20T21:43:28.000Z,1
2019-11-20T22:26:59.000Z,1
2019-11-21T05:28:02.000Z,1
2019-11-21T08:03:25.000Z,1
2019-11-21T08:17:38.000Z,1
2019-11-21T08:29:20.000Z,1
2019-11-21T08:57:34.000Z,1
2019-11-21T09:06:53.000Z,1
2019-11-21T10:21:19.000Z,1
2019-11-21T11:27:02.000Z,1
2019-11-21T11:58:47.000Z,1
2019-11-21T12:49:29.000Z,1
2019-11-21T15:27:02.000Z,1
2019-11-21T15:36:26.000Z,1
2019-11-21T15:37:04.000Z,1
2019-11-21T16:14:49.000Z,1
2019-11-21T16:59:01.000Z,2
2019-11-21T17:10:57.000Z,1
2019-11-21T17:12:51.000Z,1
2019-11-21T17:13:29.000Z,1
2019-11-21T17:23:30.000Z,2
2019-11-21T17:46:18.000Z,1
2019-11-21T17:52:08.000Z,1
2019-11-21T17:54:20.000Z,1
2019-11-21T17:58:36.000Z,1
2019-11-21T18:00:12.000Z,1
2019-11-21T18:07:58.000Z,1
2019-11-21T19:10:06.000Z,1
2019-11-21T19:22:41.000Z,1
2019-11-21T19:22:44.000Z,1
2019-11-21T20:40:55.000Z,1
2019-11-21T21:35:18.000Z,1
2019-11-21T22:46:23.000Z,1
2019-11-21T23:25:50.000Z,1
2019-11-22T05:40:04.000Z,1
2019-11-22T05:45:48.000Z,1
2019-11-22T06:24:26.000Z,1
2019-11-22T07:00:12.000Z,1
2019-11-22T07:16:28.000Z,1
2019-11-22T07:27:46.000Z,1
2019-11-22T07:39:51.000Z,1
2019-11-22T07:41:52.000Z,1
2019-11-22T07:50:23.000Z,2
2019-11-22T07:51:23.000Z,2
2019-11-22T07:52:55.000Z,1
2019-11-22T08:00:57.000Z,1
2019-11-22T08:03:45.000Z,1
2019-11-22T08:22:42.000Z,2
2019-11-22T08:30:39.000Z,1
2019-11-22T08:56:45.000Z,1
2019-11-22T08:57:21.000Z,1
2019-11-22T09:52:46.000Z,1
2019-11-22T09:58:44.000Z,1
2019-11-22T10:54:01.000Z,1
2019-11-22T11:03:42.000Z,1
2019-11-22T11:21:30.000Z,1
2019-11-22T11:24:26.000Z,1
2019-11-22T12:21:44.000Z,1
2019-11-22T12:38:46.000Z,1
2019-11-22T12:42:56.000Z,1
2019-11-22T12:59:54.000Z,1
2019-11-22T13:52:06.000Z,1
2019-11-22T15:46:13.000Z,1
2019-11-22T15:59:46.000Z,1
2019-11-22T16:17:07.000Z,1
2019-11-22T16:20:09.000Z,1
2019-11-22T16:26:22.000Z,1
2019-11-22T16:35:05.000Z,1
2019-11-22T16:38:22.000Z,2
2019-11-22T17:08:22.000Z,1
2019-11-22T17:12:05.000Z,1
2019-11-22T18:07:43.000Z,1
2019-11-22T18:52:16.000Z,1
2019-11-22T19:02:48.000Z,1
2019-11-22T19:23:55.000Z,1
2019-11-22T20:20:07.000Z,1
2019-11-22T20:59:46.000Z,1
2019-11-22T22:02:45.000Z,1
2019-11-23T06:24:49.000Z,1
2019-11-23T08:44:54.000Z,1
2019-11-23T08:58:46.000Z,1
2019-11-23T09:42:20.000Z,1
2019-11-23T09:52:56.000Z,1
2019-11-23T10:03:01.000Z,1
2019-11-23T10:33:49.000Z,1
2019-11-23T11:10:41.000Z,1
2019-11-23T12:05:41.000Z,1
2019-11-23T12:32:23.000Z,1
2019-11-23T12:37:11.000Z,1
2019-11-23T12:53:57.000Z,1
2019-11-23T13:27:56.000Z,1
2019-11-23T13:47:21.000Z,1
2019-11-23T14:35:13.000Z,1
2019-11-23T14:46:03.000Z,1
2019-11-23T14:46:29.000Z,1
2019-11-23T14:53:24.000Z,1
2019-11-23T15:30:03.000Z,1
2019-11-23T16:19:04.000Z,1
2019-11-23T16:27:42.000Z,1
2019-11-23T17:27:29.000Z,2
2019-11-23T17:29:54.000Z,1
2019-11-24T09:41:34.000Z,1
2019-11-24T10:31:49.000Z,1
2019-11-24T11:23:25.000Z,1
2019-11-24T11:53:20.000Z,1
2019-11-24T11:57:21.000Z,1
2019-11-24T13:34:15.000Z,1
2019-11-24T14:54:57.000Z,1
2019-11-24T15:06:01.000Z,1
2019-11-24T15:08:22.000Z,1
2019-11-24T15:17:38.000Z,1
2019-11-24T15:32:01.000Z,1
2019-11-24T16:07:17.000Z,1
2019-11-24T17:15:36.000Z,1
2019-11-24T18:05:26.000Z,1
2019-11-24T18:28:17.000Z,1
2019-11-24T19:24:39.000Z,1
2019-11-24T19:30:52.000Z,1
2019-11-24T20:17:51.000Z,1
2019-11-24T20:36:56.000Z,1
2019-11-24T21:55:06.000Z,1
2019-11-25T06:12:01.000Z,2
2019-11-25T06:20:37.000Z,2
2019-11-25T07:04:26.000Z,1
2019-11-25T07:50:33.000Z,1
2019-11-25T07:52:05.000Z,1
2019-11-25T07:57:24.000Z,2
2019-11-25T12:08:14.000Z,1
2019-11-25T12:35:14.000Z,1
2019-11-25T13:09:03.000Z,1
2019-11-25T13:10:32.000Z,2
2019-11-25T14:14:19.000Z,1
2019-11-25T14:45:46.000Z,1
2019-11-25T14:46:06.000Z,1
2019-11-25T14:59:34.000Z,1
2019-11-25T14:59:44.000Z,1
2019-11-25T15:14:42.000Z,1
2019-11-25T15:44:21.000Z,1
2019-11-25T15:51:47.000Z,2
2019-11-25T16:13:43.000Z,1
2019-11-25T16:15:12.000Z,1
2019-11-25T16:25:10.000Z,1
2019-11-25T16:30:34.000Z,1
2019-11-25T16:30:55.000Z,1
2019-11-25T16:32:01.000Z,1
2019-11-25T16:33:28.000Z,1
2019-11-25T16:51:32.000Z,2
2019-11-25T16:53:49.000Z,1
2019-11-25T16:54:20.000Z,1
2019-11-25T16:55:34.000Z,1
2019-11-25T17:11:25.000Z,1
2019-11-25T17:32:34.000Z,1
2019-11-25T17:58:17.000Z,1
2019-11-25T19:06:26.000Z,1
2019-11-25T19:07:58.000Z,1
2019-11-25T19:08:51.000Z,1
2019-11-25T19:46:48.000Z,1
2019-11-26T00:07:12.000Z,1
2019-11-26T07:06:41.000Z,1
2019-11-26T07:39:05.000Z,1
2019-11-26T07:40:08.000Z,1
2019-11-26T08:19:44.000Z,1
2019-11-26T08:22:19.000Z,1
2019-11-26T08:27:25.000Z,1
2019-11-26T08:28:48.000Z,1
2019-11-26T09:55:14.000Z,1
2019-11-26T11:16:16.000Z,1
2019-11-26T11:40:30.000Z,1
2019-11-26T12:04:06.000Z,1
2019-11-26T12:23:09.000Z,1
2019-11-26T12:25:18.000Z,1
2019-11-26T13:25:55.000Z,1
2019-11-26T14:02:51.000Z,1
2019-11-26T14:03:59.000Z,1
2019-11-26T14:07:37.000Z,1
2019-11-26T14:17:38.000Z,1
2019-11-26T14:23:32.000Z,1
2019-11-26T15:35:18.000Z,1
2019-11-26T16:01:40.000Z,1
2019-11-26T16:38:23.000Z,1
2019-11-26T16:48:08.000Z,1
2019-11-26T17:14:18.000Z,1
2019-11-26T18:14:10.000Z,1
2019-11-26T20:36:22.000Z,1
2019-11-26T23:33:36.000Z,1
2019-11-27T01:02:21.000Z,1
2019-11-27T07:17:50.000Z,1
2019-11-27T07:27:19.000Z,1
2019-11-27T07:56:06.000Z,1
2019-11-27T08:27:43.000Z,1
2019-11-27T08:32:39.000Z,1
2019-11-27T08:37:24.000Z,1
2019-11-27T08:39:35.000Z,1
2019-11-27T08:55:05.000Z,1
2019-11-27T09:36:59.000Z,1
2019-11-27T11:13:18.000Z,1
2019-11-27T11:14:30.000Z,1
2019-11-27T11:33:49.000Z,1
2019-11-27T11:45:30.000Z,1
2019-11-27T13:17:41.000Z,1
2019-11-27T13:18:49.000Z,1
2019-11-27T14:11:35.000Z,1
2019-11-27T14:26:58.000Z,1
2019-11-27T14:40:30.000Z,1
2019-11-27T14:56:06.000Z,1
2019-11-27T15:38:32.000Z,1
2019-11-27T15:42:25.000Z,1
2019-11-27T17:01:55.000Z,1
2019-11-27T17:50:15.000Z,1
2019-11-27T18:06:08.000Z,1
2019-11-28T06:59:29.000Z,1
2019-11-28T08:46:50.000Z,1
2019-11-28T09:21:24.000Z,1
2019-11-28T12:10:56.000Z,1
2019-11-28T12:35:06.000Z,1
2019-11-28T13:10:55.000Z,1
2019-11-28T13:13:16.000Z,1
2019-11-28T14:58:35.000Z,1
2019-11-28T15:08:48.000Z,1
2019-11-29T04:20:41.000Z,1
2019-11-29T06:31:09.000Z,1
2019-11-29T11:40:29.000Z,1
2019-11-29T11:55:50.000Z,1
2019-11-29T13:51:17.000Z,1
2019-11-29T15:34:47.000Z,1
2019-11-29T16:54:45.000Z,1
2019-11-29T17:01:33.000Z,1
2019-11-29T17:25:34.000Z,1
2019-11-29T18:00:11.000Z,1
2019-11-29T20:10:18.000Z,1
2019-11-29T20:12:23.000Z,1
2019-11-29T20:30:04.000Z,1
2019-11-29T21:40:42.000Z,1
2019-11-29T22:35:27.000Z,1
2019-11-29T22:49:01.000Z,1
2019-11-30T07:45:50.000Z,1
2019-11-30T08:38:26.000Z,1
2019-11-30T09:20:09.000Z,1
2019-11-30T13:45:35.000Z,1
2019-11-30T14:04:41.000Z,1
2019-11-30T15:05:42.000Z,1
2019-11-30T15:09:53.000Z,1
2019-11-30T17:28:54.000Z,1
2019-12-01T01:02:58.000Z,1
2019-12-01T09:13:29.000Z,1
2019-12-01T09:47:22.000Z,1
2019-12-01T11:17:32.000Z,1
2019-12-01T11:17:55.000Z,1
2019-12-01T11:32:33.000Z,1
2019-12-01T11:38:58.000Z,1
2019-12-01T12:04:16.000Z,1
2019-12-01T12:40:30.000Z,1
2019-12-01T13:15:26.000Z,1
2019-12-01T17:29:48.000Z,1
2019-12-02T05:04:37.000Z,1
2019-11-20T05:35:42.000Z,1
2019-11-20T07:26:12.000Z,1
2019-11-20T08:28:23.000Z,1
2019-11-20T09:00:06.000Z,2
2019-11-20T09:19:24.000Z,2
2019-11-20T11:40:58.000Z,1
2019-11-20T11:41:38.000Z,1
2019-11-20T13:20:19.000Z,1
2019-11-20T14:05:02.000Z,1
2019-11-20T16:38:36.000Z,2
2019-11-20T18:08:46.000Z,1
2019-11-20T18:19:19.000Z,1
2019-11-21T02:54:56.000Z,1
2019-11-21T07:44:37.000Z,1
2019-11-21T11:19:34.000Z,1
2019-11-21T16:59:33.000Z,1
2019-11-20T07:52:22.000Z,1
2019-11-20T08:56:57.000Z,1
2019-11-20T09:16:40.000Z,1
2019-11-20T10:32:23.000Z,1
2019-11-20T12:59:34.000Z,1
2019-11-20T13:11:24.000Z,1
2019-11-20T13:36:11.000Z,1
2019-11-20T14:09:27.000Z,1
2019-11-20T15:17:48.000Z,1
2019-11-20T15:27:31.000Z,1
2019-11-20T15:43:02.000Z,1
2019-11-20T16:08:19.000Z,1
2019-11-20T17:02:00.000Z,1
2019-11-20T17:03:42.000Z,2
2019-11-20T17:09:48.000Z,1
2019-11-20T17:38:45.000Z,1
2019-11-20T17:44:12.000Z,2
2019-11-20T17:54:56.000Z,1
2019-11-20T19:04:59.000Z,1
2019-11-20T19:07:00.000Z,1
2019-11-20T20:04:21.000Z,1
2019-11-20T20:10:37.000Z,1
2019-11-20T21:17:08.000Z,1
2019-11-20T21:53:59.000Z,1
2019-11-20T23:38:29.000Z,1
2019-11-21T05:56:02.000Z,1
2019-11-21T08:09:26.000Z,1
2019-11-21T08:11:35.000Z,1
2019-11-21T08:30:50.000Z,1
2019-11-21T08:32:14.000Z,1
2019-11-21T08:45:42.000Z,1
2019-11-21T09:10:36.000Z,1
2019-11-21T09:24:25.000Z,1
2019-11-21T10:30:37.000Z,1
2019-11-21T10:56:44.000Z,1
2019-11-21T14:29:09.000Z,2
2019-11-21T14:53:39.000Z,1
2019-11-21T15:13:47.000Z,1
2019-11-21T16:17:45.000Z,1
2019-11-21T16:18:24.000Z,1
2019-11-21T16:39:35.000Z,1
2019-11-21T17:00:29.000Z,1
2019-11-21T17:06:40.000Z,2
2019-11-21T17:18:17.000Z,1
2019-11-21T17:39:27.000Z,1
2019-11-21T17:49:44.000Z,2
2019-11-21T17:59:21.000Z,1
2019-11-21T18:23:39.000Z,1
2019-11-21T19:12:42.000Z,1
2019-11-21T20:31:04.000Z,1
2019-11-21T20:38:50.000Z,1
2019-11-21T21:48:39.000Z,1
2019-11-21T22:05:46.000Z,1
2019-11-21T23:08:30.000Z,1
2019-11-22T07:22:49.000Z,1
2019-11-22T07:40:25.000Z,1
2019-11-22T07:42:08.000Z,1
2019-11-22T07:59:45.000Z,1
2019-11-22T08:13:31.000Z,1
2019-11-22T08:14:07.000Z,1
2019-11-22T08:28:39.000Z,1
2019-11-22T08:28:43.000Z,1
2019-11-22T08:32:37.000Z,1
2019-11-22T08:33:15.000Z,2
2019-11-22T08:44:55.000Z,1
2019-11-22T08:55:21.000Z,1
2019-11-22T09:14:40.000Z,1
2019-11-22T10:11:19.000Z,1
2019-11-22T10:11:30.000Z,1
2019-11-22T10:11:55.000Z,1
2019-11-22T10:12:37.000Z,1
2019-11-22T10:14:37.000Z,1
2019-11-22T10:49:52.000Z,1
2019-11-22T10:50:45.000Z,1
2019-11-22T11:27:35.000Z,1
2019-11-22T11:36:27.000Z,1
2019-11-22T11:53:59.000Z,1
2019-11-22T12:13:51.000Z,1
2019-11-22T12:52:11.000Z,1
2019-11-22T13:03:29.000Z,1
2019-11-22T13:48:05.000Z,1
2019-11-22T14:15:10.000Z,1
2019-11-22T15:15:47.000Z,1
2019-11-22T15:38:32.000Z,1
2019-11-22T16:28:29.000Z,1
2019-11-22T16:56:34.000Z,2
2019-11-22T17:13:32.000Z,1
2019-11-22T17:29:00.000Z,1
2019-11-22T17:31:29.000Z,1
2019-11-22T17:52:02.000Z,1
2019-11-22T17:52:56.000Z,1
2019-11-22T17:52:48.000Z,1
2019-11-22T18:02:03.000Z,1
2019-11-22T18:25:20.000Z,1
2019-11-22T18:46:43.000Z,1
2019-11-23T09:14:24.000Z,1
2019-11-23T10:05:18.000Z,1
2019-11-23T10:18:08.000Z,1
2019-11-23T10:40:35.000Z,1
2019-11-23T10:55:03.000Z,1
2019-11-23T12:02:52.000Z,1
2019-11-23T12:37:36.000Z,1
2019-11-23T13:28:35.000Z,1
2019-11-23T13:45:37.000Z,1
2019-11-23T14:13:08.000Z,1
2019-11-23T14:52:53.000Z,1
2019-11-23T14:55:49.000Z,1
2019-11-23T15:26:34.000Z,1
2019-11-23T15:40:29.000Z,1
2019-11-23T16:25:07.000Z,1
2019-11-23T16:32:13.000Z,1
2019-11-23T16:46:24.000Z,1
2019-11-23T17:00:23.000Z,1
2019-11-23T18:33:08.000Z,1
2019-11-23T19:37:46.000Z,1
2019-11-23T20:12:12.000Z,1
2019-11-23T20:56:06.000Z,1
2019-11-23T22:45:10.000Z,1
2019-11-24T07:56:06.000Z,1
2019-11-24T09:10:31.000Z,1
2019-11-24T10:21:45.000Z,1
2019-11-24T14:10:24.000Z,1
2019-11-24T14:44:00.000Z,1
2019-11-24T14:58:02.000Z,1
2019-11-24T15:40:06.000Z,1
2019-11-24T15:52:48.000Z,1
2019-11-24T15:56:57.000Z,1
2019-11-24T16:14:12.000Z,2
2019-11-24T16:36:24.000Z,1
2019-11-24T16:49:32.000Z,1
2019-11-24T18:09:48.000Z,1
2019-11-24T18:24:08.000Z,1
2019-11-24T18:53:36.000Z,1
2019-11-24T19:08:58.000Z,1
2019-11-24T19:47:26.000Z,1
2019-11-24T20:09:51.000Z,1
2019-11-25T06:57:54.000Z,1
2019-11-25T07:10:36.000Z,1
2019-11-25T07:20:01.000Z,1
2019-11-25T07:23:28.000Z,1
2019-11-25T07:46:16.000Z,1
2019-11-25T07:50:02.000Z,1
2019-11-25T07:53:18.000Z,1
2019-11-25T08:04:38.000Z,2
2019-11-25T08:24:47.000Z,1
2019-11-25T08:32:42.000Z,1
2019-11-25T08:40:07.000Z,2
2019-11-25T08:45:33.000Z,1
2019-11-25T08:53:13.000Z,1
2019-11-25T08:58:30.000Z,1
2019-11-25T09:11:06.000Z,1
2019-11-25T09:42:27.000Z,2
2019-11-25T09:45:29.000Z,1
2019-11-25T10:53:08.000Z,1
2019-11-25T11:56:39.000Z,1
2019-11-25T12:43:52.000Z,1
2019-11-25T13:55:10.000Z,1
2019-11-25T14:46:19.000Z,2
2019-11-25T14:59:16.000Z,1
2019-11-25T15:42:47.000Z,1
2019-11-25T16:05:18.000Z,1
2019-11-25T16:30:05.000Z,1
2019-11-25T16:33:35.000Z,1
2019-11-25T16:43:58.000Z,2
2019-11-25T16:45:18.000Z,1
2019-11-25T16:52:27.000Z,1
2019-11-25T16:52:51.000Z,1
2019-11-25T17:15:52.000Z,1
2019-11-25T17:17:04.000Z,2
2019-11-25T17:38:46.000Z,1
2019-11-25T17:41:11.000Z,1
2019-11-25T17:42:15.000Z,1
2019-11-25T18:01:06.000Z,1
2019-11-25T18:04:33.000Z,1
2019-11-25T18:24:06.000Z,1
2019-11-25T18:33:15.000Z,1
2019-11-25T18:36:50.000Z,1
2019-11-25T19:13:12.000Z,1
2019-11-25T19:17:58.000Z,1
2019-11-25T19:30:15.000Z,1
2019-11-25T20:42:22.000Z,1
2019-11-25T21:19:28.000Z,1
2019-11-25T22:02:17.000Z,1
2019-11-26T05:50:07.000Z,1
2019-11-26T06:27:28.000Z,1
2019-11-26T06:30:50.000Z,1
2019-11-26T07:12:38.000Z,1
2019-11-26T07:33:12.000Z,1
2019-11-26T07:38:20.000Z,1
2019-11-26T07:47:33.000Z,1
2019-11-26T08:15:13.000Z,1
2019-11-26T08:22:10.000Z,1
2019-11-26T08:39:45.000Z,1
2019-11-26T09:09:48.000Z,1
2019-11-26T09:11:48.000Z,1
2019-11-26T09:13:08.000Z,1
2019-11-26T09:34:06.000Z,1
2019-11-26T09:44:40.000Z,1
2019-11-26T10:00:37.000Z,1
2019-11-26T11:42:00.000Z,1
2019-11-26T11:59:18.000Z,1
2019-11-26T12:14:42.000Z,1
2019-11-26T13:26:49.000Z,1
2019-11-26T13:33:35.000Z,1
2019-11-26T13:51:09.000Z,1
2019-11-26T14:06:07.000Z,1
2019-11-26T14:46:51.000Z,1
2019-11-26T14:49:07.000Z,1
2019-11-26T16:44:05.000Z,1
2019-11-26T17:08:59.000Z,1
2019-11-26T17:37:39.000Z,1
2019-11-26T17:42:06.000Z,1
2019-11-26T20:23:54.000Z,1
2019-11-26T20:38:36.000Z,1
2019-11-27T07:17:15.000Z,1
2019-11-27T08:00:15.000Z,1
2019-11-27T09:09:04.000Z,1
2019-11-27T09:27:00.000Z,1
2019-11-27T11:15:03.000Z,1
2019-11-27T12:24:19.000Z,1
2019-11-27T12:45:23.000Z,1
2019-11-27T13:02:24.000Z,1
2019-11-27T14:38:31.000Z,1
2019-11-27T14:39:23.000Z,1
2019-11-27T14:45:48.000Z,1
2019-11-27T15:04:18.000Z,1
2019-11-27T15:54:05.000Z,1
2019-11-27T17:06:43.000Z,1
2019-11-28T01:58:38.000Z,1
2019-11-28T07:43:39.000Z,1
2019-11-28T07:50:35.000Z,1
2019-11-28T10:44:38.000Z,1
2019-11-28T11:28:36.000Z,1
2019-11-28T11:58:27.000Z,1
2019-11-28T15:11:01.000Z,1
2019-11-28T15:56:10.000Z,1
2019-11-29T11:06:15.000Z,1
2019-11-29T11:33:01.000Z,1
2019-11-29T11:52:34.000Z,1
2019-11-29T12:09:15.000Z,1
2019-11-29T16:37:01.000Z,1
2019-11-29T16:49:56.000Z,1
2019-11-29T19:13:32.000Z,2
2019-11-29T20:04:17.000Z,1
2019-11-29T20:12:48.000Z,1
2019-11-30T13:48:35.000Z,1
2019-11-30T14:51:55.000Z,1
2019-11-30T15:11:41.000Z,1
2019-11-30T15:38:06.000Z,1
2019-12-01T07:44:23.000Z,1
2019-12-01T08:38:23.000Z,1
2019-12-01T09:54:06.000Z,1
2019-12-01T10:42:37.000Z,1
2019-12-01T10:56:03.000Z,1
2019-12-01T11:29:40.000Z,1
2019-12-01T14:53:40.000Z,1
2019-12-01T20:38:20.000Z,1
2019-12-01T22:45:06.000Z,1
2019-12-02T05:05:50.000Z,1
2019-12-02T06:09:39.000Z,1
2019-11-20T05:48:58.000Z,1
2019-11-20T06:32:03.000Z,1
2019-11-20T06:46:49.000Z,1
2019-11-20T06:52:11.000Z,1
2019-11-20T06:56:01.000Z,1
2019-11-20T07:09:59.000Z,1
2019-11-20T07:27:44.000Z,1
2019-11-20T07:33:25.000Z,2
2019-11-20T07:37:09.000Z,1
2019-11-20T07:41:02.000Z,2
2019-11-20T08:01:41.000Z,1
2019-11-20T08:01:47.000Z,1
2019-11-20T08:13:09.000Z,1
2019-11-20T08:16:16.000Z,1
2019-11-20T08:23:02.000Z,1
2019-11-20T08:36:09.000Z,1
2019-11-20T08:56:39.000Z,1
2019-11-20T09:13:09.000Z,2
2019-11-20T09:19:31.000Z,1
2019-11-20T09:43:57.000Z,1
2019-11-20T10:28:19.000Z,1
2019-11-20T11:40:38.000Z,1
2019-11-20T13:50:14.000Z,1
2019-11-20T14:22:40.000Z,1
2019-11-20T15:26:01.000Z,1
2019-11-20T15:28:56.000Z,2
2019-11-20T15:32:31.000Z,1
2019-11-20T16:11:33.000Z,1
2019-11-20T17:05:21.000Z,2
2019-11-20T17:13:40.000Z,1
2019-11-21T15:12:06.000Z,1
2019-11-20T07:45:41.000Z,1
2019-11-20T11:59:53.000Z,1
2019-11-20T12:43:37.000Z,1
2019-11-20T15:58:40.000Z,2
2019-11-20T15:59:39.000Z,1
2019-11-20T16:07:27.000Z,1
2019-11-20T16:17:54.000Z,1
2019-11-20T16:24:08.000Z,2
2019-11-20T16:25:57.000Z,1
2019-11-20T16:30:11.000Z,1
2019-11-20T16:41:34.000Z,1
2019-11-20T16:43:47.000Z,1
2019-11-20T16:49:28.000Z,1
2019-11-20T17:01:15.000Z,1
2019-11-20T17:07:19.000Z,2
2019-11-20T17:32:45.000Z,1
2019-11-20T17:43:37.000Z,1
2019-11-20T17:54:49.000Z,1
2019-11-20T18:49:57.000Z,1
2019-11-20T19:27:38.000Z,1
2019-11-20T19:41:16.000Z,1
2019-11-20T20:04:12.000Z,1
2019-11-20T21:26:33.000Z,1
2019-11-20T21:50:51.000Z,1
2019-11-20T22:15:40.000Z,1
2019-11-21T05:02:14.000Z,1
2019-11-21T07:21:16.000Z,1
2019-11-21T08:11:27.000Z,1
2019-11-21T08:56:06.000Z,1
2019-11-21T09:16:44.000Z,1
2019-11-21T11:05:18.000Z,1
2019-11-21T11:46:05.000Z,1
2019-11-21T12:17:20.000Z,1
2019-11-21T14:04:21.000Z,1
2019-11-21T14:53:52.000Z,1
2019-11-21T14:57:33.000Z,1
2019-11-21T15:05:09.000Z,1
2019-11-21T15:37:51.000Z,1
2019-11-21T15:47:33.000Z,1
2019-11-21T16:17:34.000Z,2
2019-11-21T16:39:59.000Z,1
2019-11-21T16:41:02.000Z,1
2019-11-21T16:59:13.000Z,2
2019-11-21T17:24:07.000Z,1
2019-11-21T17:29:10.000Z,1
2019-11-21T17:51:27.000Z,1
2019-11-21T17:51:47.000Z,1
2019-11-21T18:04:22.000Z,1
2019-11-21T18:05:52.000Z,1
2019-11-21T18:19:02.000Z,1
2019-11-21T18:23:26.000Z,1
2019-11-21T23:29:19.000Z,1
2019-11-22T06:08:48.000Z,1
2019-11-22T06:56:48.000Z,1
2019-11-22T08:47:13.000Z,1
2019-11-22T09:04:20.000Z,1
2019-11-22T09:40:27.000Z,1
2019-11-22T09:53:15.000Z,1
2019-11-22T10:08:52.000Z,1
2019-11-22T10:58:15.000Z,1
2019-11-22T11:31:57.000Z,1
2019-11-22T12:03:35.000Z,1
2019-11-22T13:07:17.000Z,1
2019-11-22T13:23:19.000Z,1
2019-11-22T14:41:36.000Z,1
2019-11-22T15:03:18.000Z,2
2019-11-22T15:16:54.000Z,1
2019-11-22T15:49:28.000Z,1
2019-11-22T16:08:24.000Z,1
2019-11-22T16:30:02.000Z,2
2019-11-22T16:41:55.000Z,1
2019-11-22T16:43:34.000Z,1
2019-11-22T16:46:43.000Z,1
2019-11-22T16:54:05.000Z,1
2019-11-22T16:58:17.000Z,1
2019-11-22T18:49:15.000Z,1
2019-11-22T19:01:49.000Z,1
2019-11-22T19:49:22.000Z,1
2019-11-23T01:07:49.000Z,1
2019-11-23T01:57:30.000Z,1
2019-11-23T10:35:02.000Z,1
2019-11-23T10:39:59.000Z,1
2019-11-23T10:58:26.000Z,1
2019-11-23T11:04:52.000Z,1
2019-11-23T11:40:44.000Z,1
2019-11-23T12:55:55.000Z,1
2019-11-23T14:02:14.000Z,1
2019-11-23T14:13:07.000Z,1
2019-11-23T14:26:33.000Z,2
2019-11-23T14:40:06.000Z,1
2019-11-23T14:54:28.000Z,1
2019-11-23T15:07:07.000Z,1
2019-11-23T15:28:46.000Z,1
2019-11-23T15:32:30.000Z,1
2019-11-23T16:23:40.000Z,1
2019-11-23T16:57:22.000Z,1
2019-11-23T17:57:28.000Z,1
2019-11-23T18:22:25.000Z,1
2019-11-23T19:02:30.000Z,1
2019-11-23T19:02:54.000Z,1
2019-11-23T19:21:46.000Z,1
2019-11-23T19:33:48.000Z,1
2019-11-23T20:38:49.000Z,1
2019-11-23T21:11:16.000Z,1
2019-11-23T21:31:26.000Z,1
2019-11-23T22:20:42.000Z,1
2019-11-23T23:14:55.000Z,1
2019-11-24T09:04:26.000Z,1
2019-11-24T09:16:12.000Z,1
2019-11-24T09:55:47.000Z,1
2019-11-24T10:23:03.000Z,1
2019-11-24T10:25:45.000Z,2
2019-11-24T10:34:58.000Z,1
2019-11-24T11:16:21.000Z,1
2019-11-24T11:22:17.000Z,2
2019-11-24T11:28:50.000Z,1
2019-11-24T11:50:11.000Z,2
2019-11-24T12:19:58.000Z,1
2019-11-24T12:24:54.000Z,2
2019-11-24T13:28:40.000Z,1
2019-11-24T14:23:56.000Z,1
2019-11-24T16:17:42.000Z,1
2019-11-24T16:26:08.000Z,1
2019-11-24T16:53:57.000Z,1
2019-11-24T17:24:06.000Z,1
2019-11-24T17:54:24.000Z,1
2019-11-24T19:21:04.000Z,1
2019-11-24T19:49:52.000Z,1
2019-11-25T04:45:39.000Z,1
2019-11-25T06:58:23.000Z,1
2019-11-25T06:58:44.000Z,1
2019-11-25T07:05:58.000Z,1
2019-11-25T07:29:31.000Z,1
2019-11-25T07:36:54.000Z,1
2019-11-25T07:38:16.000Z,1
2019-11-25T07:46:29.000Z,1
2019-11-25T07:47:01.000Z,1
2019-11-25T07:55:22.000Z,1
2019-11-25T07:56:23.000Z,1
2019-11-25T07:59:26.000Z,1
2019-11-25T08:03:15.000Z,1
2019-11-25T08:07:28.000Z,1
2019-11-25T08:18:07.000Z,2
2019-11-25T08:18:06.000Z,2
2019-11-25T08:18:46.000Z,2
2019-11-25T08:32:30.000Z,1
2019-11-25T08:35:36.000Z,1
2019-11-25T08:45:11.000Z,1
2019-11-25T08:57:08.000Z,1
2019-11-25T09:14:20.000Z,1
2019-11-25T09:30:09.000Z,1
2019-11-25T09:52:10.000Z,1
2019-11-25T11:39:21.000Z,1
2019-11-25T11:49:48.000Z,1
2019-11-25T12:06:35.000Z,1
2019-11-25T12:35:21.000Z,1
2019-11-25T13:51:00.000Z,1
2019-11-25T14:01:29.000Z,1
2019-11-25T15:48:44.000Z,1
2019-11-25T15:55:49.000Z,1
2019-11-25T16:07:23.000Z,1
2019-11-25T16:34:42.000Z,2
2019-11-25T16:35:36.000Z,1
2019-11-25T16:44:35.000Z,1
2019-11-25T16:50:33.000Z,1
2019-11-25T17:25:04.000Z,2
2019-11-25T17:26:18.000Z,1
2019-11-25T17:27:03.000Z,1
2019-11-25T17:54:59.000Z,1
2019-11-25T17:55:55.000Z,1
2019-11-25T17:59:43.000Z,1
2019-11-25T18:53:15.000Z,1
2019-11-25T18:58:16.000Z,1
2019-11-25T19:34:58.000Z,1
2019-11-25T19:35:13.000Z,1
2019-11-25T20:02:40.000Z,1
2019-11-25T21:35:37.000Z,1
2019-11-25T22:21:26.000Z,1
2019-11-25T22:29:49.000Z,1
2019-11-25T22:47:01.000Z,1
2019-11-26T07:29:43.000Z,2
2019-11-26T07:57:21.000Z,2
2019-11-26T08:09:43.000Z,3
2019-11-26T08:26:15.000Z,1
2019-11-26T08:42:38.000Z,1
2019-11-26T08:50:47.000Z,1
2019-11-26T09:20:50.000Z,1
2019-11-26T09:49:48.000Z,1
2019-11-26T10:01:26.000Z,1
2019-11-26T10:10:33.000Z,1
2019-11-26T10:16:44.000Z,1
2019-11-26T11:14:39.000Z,1
2019-11-26T11:39:06.000Z,1
2019-11-26T12:24:02.000Z,1
2019-11-26T13:52:49.000Z,1
2019-11-26T15:14:50.000Z,1
2019-11-26T15:16:21.000Z,1
2019-11-26T16:46:21.000Z,1
2019-11-26T16:52:29.000Z,1
2019-11-26T17:11:04.000Z,1
2019-11-26T17:12:56.000Z,1
2019-11-26T17:16:09.000Z,1
2019-11-26T17:33:30.000Z,1
2019-11-26T18:05:30.000Z,1
2019-11-27T05:56:30.000Z,1
2019-11-27T06:32:50.000Z,1
2019-11-27T07:02:45.000Z,1
2019-11-27T08:24:22.000Z,1
2019-11-27T09:00:03.000Z,1
2019-11-27T09:02:33.000Z,1
2019-11-27T09:28:36.000Z,1
2019-11-27T11:09:48.000Z,1
2019-11-27T11:44:44.000Z,1
2019-11-27T11:50:15.000Z,1
2019-11-27T12:21:18.000Z,1
2019-11-27T12:47:30.000Z,1
2019-11-27T13:28:54.000Z,1
2019-11-27T13:38:22.000Z,1
2019-11-27T14:25:07.000Z,1
2019-11-27T14:26:45.000Z,1
2019-11-27T15:35:56.000Z,1
2019-11-27T15:36:20.000Z,1
2019-11-27T15:43:14.000Z,1
2019-11-27T16:06:15.000Z,1
2019-11-27T16:26:20.000Z,1
2019-11-27T17:28:02.000Z,1
2019-11-27T18:45:13.000Z,1
2019-11-28T08:16:10.000Z,1
2019-11-28T08:28:50.000Z,1
2019-11-28T10:36:01.000Z,1
2019-11-28T12:33:36.000Z,1
2019-11-28T15:37:45.000Z,1
2019-11-28T17:27:39.000Z,1
2019-11-28T20:58:45.000Z,1
2019-11-29T07:54:06.000Z,1
2019-11-29T09:53:52.000Z,1
2019-11-29T10:08:30.000Z,1
2019-11-29T10:21:56.000Z,1
2019-11-29T10:29:08.000Z,1
2019-11-29T12:02:51.000Z,1
2019-11-29T12:25:45.000Z,1
2019-11-29T16:42:12.000Z,2
2019-11-29T16:52:15.000Z,1
2019-11-29T17:57:10.000Z,1
2019-11-29T21:16:38.000Z,1
2019-11-29T21:26:36.000Z,1
2019-11-30T08:53:51.000Z,1
2019-11-30T09:19:16.000Z,1
2019-11-30T09:27:30.000Z,1
2019-11-30T11:42:41.000Z,1
2019-11-30T15:22:01.000Z,1
2019-11-30T16:45:09.000Z,1
2019-11-30T21:52:28.000Z,1
2019-12-01T00:06:10.000Z,1
2019-12-01T08:49:20.000Z,1
2019-12-01T08:50:12.000Z,1
2019-12-01T09:45:52.000Z,1
2019-12-01T11:34:36.000Z,1
2019-12-01T16:09:05.000Z,1
2019-12-01T16:36:00.000Z,1
2019-12-01T17:51:40.000Z,1
2019-12-01T18:30:37.000Z,1
2019-12-01T18:31:20.000Z,1
2019-12-01T19:13:30.000Z,1
2019-12-02T06:10:28.000Z,1
2019-11-20T04:52:07.000Z,1
2019-11-20T05:51:12.000Z,1
2019-11-20T06:23:34.000Z,1
2019-11-20T07:27:34.000Z,1
2019-11-20T08:47:11.000Z,1
2019-11-20T09:08:52.000Z,1
2019-11-20T09:19:01.000Z,1
2019-11-20T09:48:57.000Z,1
2019-11-20T12:28:27.000Z,1
2019-11-20T13:06:00.000Z,1
2019-11-20T13:11:13.000Z,1
2019-11-20T13:41:35.000Z,1
2019-11-20T14:45:23.000Z,1
2019-11-20T15:22:42.000Z,1
2019-11-20T15:46:01.000Z,1
2019-11-20T16:00:13.000Z,1
2019-11-20T16:37:21.000Z,2
2019-11-20T17:11:54.000Z,1
2019-11-21T06:47:54.000Z,1
2019-11-20T08:51:45.000Z,2
2019-11-20T11:48:50.000Z,1
2019-11-20T12:18:58.000Z,1
2019-11-20T15:30:03.000Z,2
2019-11-20T15:59:50.000Z,1
2019-11-20T16:58:22.000Z,1
2019-11-20T17:04:51.000Z,1
2019-11-20T17:06:29.000Z,1
2019-11-20T17:16:59.000Z,1
2019-11-20T17:27:46.000Z,1
2019-11-20T17:34:14.000Z,1
2019-11-20T17:39:37.000Z,1
2019-11-20T17:48:55.000Z,1
2019-11-20T18:15:05.000Z,1
2019-11-20T18:30:04.000Z,1
2019-11-20T18:55:35.000Z,1
2019-11-20T19:30:23.000Z,1
2019-11-20T19:58:25.000Z,1
2019-11-20T20:09:10.000Z,1
2019-11-20T20:19:21.000Z,2
2019-11-20T22:07:46.000Z,1
2019-11-21T05:40:23.000Z,1
2019-11-21T07:30:42.000Z,1
2019-11-21T07:49:43.000Z,1
2019-11-21T08:19:01.000Z,2
2019-11-21T09:20:17.000Z,1
2019-11-21T10:05:51.000Z,1
2019-11-21T10:28:06.000Z,1
2019-11-21T10:32:28.000Z,1
2019-11-21T11:52:17.000Z,1
2019-11-21T13:53:48.000Z,2
2019-11-21T15:43:33.000Z,1
2019-11-21T15:48:51.000Z,1
2019-11-21T15:50:58.000Z,1
2019-11-21T16:07:36.000Z,1
2019-11-21T16:08:35.000Z,1
2019-11-21T17:07:15.000Z,1
2019-11-21T17:18:50.000Z,1
2019-11-21T17:28:07.000Z,1
2019-11-21T17:36:43.000Z,1
2019-11-21T17:53:29.000Z,1
2019-11-21T18:33:27.000Z,1
2019-11-21T18:37:51.000Z,1
2019-11-21T19:21:34.000Z,1
2019-11-21T19:57:24.000Z,1
2019-11-22T05:39:17.000Z,1
2019-11-22T05:55:03.000Z,1
2019-11-22T06:01:04.000Z,1
2019-11-22T07:06:03.000Z,1
2019-11-22T07:47:18.000Z,1
2019-11-22T07:50:36.000Z,1
2019-11-22T08:05:37.000Z,1
2019-11-22T08:29:53.000Z,1
2019-11-22T08:45:57.000Z,1
2019-11-22T08:59:31.000Z,1
2019-11-22T09:16:13.000Z,1
2019-11-22T09:43:49.000Z,1
2019-11-22T09:58:28.000Z,1
2019-11-22T10:04:26.000Z,1
2019-11-22T15:11:20.000Z,1
2019-11-22T15:38:04.000Z,1
2019-11-22T16:13:49.000Z,1
2019-11-22T16:21:18.000Z,1
2019-11-22T16:46:26.000Z,1
2019-11-22T16:54:13.000Z,1
2019-11-22T16:54:30.000Z,1
2019-11-22T17:16:04.000Z,1
2019-11-22T17:26:29.000Z,1
2019-11-22T17:27:47.000Z,1
2019-11-22T18:11:11.000Z,1
2019-11-22T18:22:19.000Z,1
2019-11-22T18:43:12.000Z,1
2019-11-22T20:17:03.000Z,1
2019-11-22T21:16:14.000Z,1
2019-11-23T09:03:23.000Z,1
2019-11-23T09:23:19.000Z,1
2019-11-23T10:34:10.000Z,1
2019-11-23T11:35:10.000Z,1
2019-11-23T11:52:35.000Z,1
2019-11-23T12:10:55.000Z,1
2019-11-23T12:46:25.000Z,1
2019-11-23T12:46:45.000Z,1
2019-11-23T14:52:16.000Z,1
2019-11-23T15:06:49.000Z,1
2019-11-23T17:10:40.000Z,1
2019-11-23T17:16:36.000Z,1
2019-11-23T17:17:47.000Z,2
2019-11-23T18:05:55.000Z,1
2019-11-23T20:51:02.000Z,1
2019-11-23T21:09:31.000Z,1
2019-11-24T00:05:40.000Z,1
2019-11-24T06:03:42.000Z,1
2019-11-24T07:53:22.000Z,1
2019-11-24T09:38:12.000Z,1
2019-11-24T10:49:11.000Z,1
2019-11-24T11:00:51.000Z,1
2019-11-24T11:37:18.000Z,1
2019-11-24T11:40:31.000Z,1
2019-11-24T11:52:18.000Z,1
2019-11-24T12:49:31.000Z,1
2019-11-24T13:26:52.000Z,1
2019-11-24T13:45:30.000Z,1
2019-11-24T13:53:03.000Z,1
2019-11-24T13:58:57.000Z,1
2019-11-24T14:38:11.000Z,1
2019-11-24T14:53:34.000Z,1
2019-11-24T15:07:49.000Z,1
2019-11-24T15:10:09.000Z,1
2019-11-24T15:46:54.000Z,1
2019-11-24T17:24:28.000Z,1
2019-11-24T17:36:49.000Z,1
2019-11-24T20:13:23.000Z,1
2019-11-24T21:51:48.000Z,2
2019-11-24T22:36:56.000Z,1
2019-11-25T05:51:17.000Z,1
2019-11-25T07:18:46.000Z,1
2019-11-25T07:36:02.000Z,1
2019-11-25T07:48:14.000Z,1
2019-11-25T07:53:19.000Z,1
2019-11-25T07:58:01.000Z,3
2019-11-25T08:08:35.000Z,1
2019-11-25T08:10:22.000Z,1
2019-11-25T08:51:45.000Z,1
2019-11-25T09:25:58.000Z,1
2019-11-25T10:10:45.000Z,1
2019-11-25T11:10:15.000Z,1
2019-11-25T11:18:36.000Z,1
2019-11-25T11:41:16.000Z,1
2019-11-25T12:43:54.000Z,1
2019-11-25T13:19:18.000Z,1
2019-11-25T13:55:36.000Z,1
2019-11-25T13:56:14.000Z,1
2019-11-25T15:21:40.000Z,1
2019-11-25T15:25:17.000Z,1
2019-11-25T16:11:04.000Z,1
2019-11-25T16:39:32.000Z,1
2019-11-25T16:41:48.000Z,1
2019-11-25T16:53:17.000Z,1
2019-11-25T17:06:10.000Z,1
2019-11-25T17:16:20.000Z,1
2019-11-25T17:44:49.000Z,2
2019-11-25T17:55:34.000Z,2
2019-11-25T17:58:14.000Z,1
2019-11-25T18:02:18.000Z,1
2019-11-25T18:21:21.000Z,1
2019-11-25T18:28:31.000Z,1
2019-11-25T18:34:46.000Z,1
2019-11-25T18:51:35.000Z,1
2019-11-25T18:51:37.000Z,1
2019-11-25T18:55:14.000Z,1
2019-11-25T18:59:21.000Z,1
2019-11-25T19:03:35.000Z,1
2019-11-25T19:26:04.000Z,1
2019-11-25T19:38:00.000Z,3
2019-11-25T19:44:56.000Z,2
2019-11-25T19:59:08.000Z,1
2019-11-25T20:15:32.000Z,1
2019-11-25T20:32:45.000Z,1
2019-11-25T20:58:25.000Z,1
2019-11-25T21:08:23.000Z,1
2019-11-25T23:05:34.000Z,1
2019-11-26T05:48:14.000Z,1
2019-11-26T05:51:06.000Z,1
2019-11-26T06:07:44.000Z,1
2019-11-26T06:13:59.000Z,1
2019-11-26T07:21:36.000Z,1
2019-11-26T07:30:55.000Z,1
2019-11-26T07:35:29.000Z,1
2019-11-26T07:47:25.000Z,1
2019-11-26T08:02:34.000Z,2
2019-11-26T08:14:02.000Z,1
2019-11-26T08:17:49.000Z,2
2019-11-26T08:21:32.000Z,1
2019-11-26T08:22:50.000Z,1
2019-11-26T08:23:20.000Z,2
2019-11-26T08:48:37.000Z,1
2019-11-26T10:13:18.000Z,1
2019-11-26T10:54:25.000Z,1
2019-11-26T10:55:25.000Z,1
2019-11-26T11:12:59.000Z,1
2019-11-26T12:24:48.000Z,3
2019-11-26T12:34:15.000Z,1
2019-11-26T12:50:44.000Z,1
2019-11-26T13:56:08.000Z,1
2019-11-26T14:55:40.000Z,1
2019-11-26T15:21:28.000Z,1
2019-11-26T15:39:57.000Z,1
2019-11-26T16:00:32.000Z,1
2019-11-26T16:37:23.000Z,1
2019-11-26T16:38:12.000Z,1
2019-11-26T16:45:25.000Z,1
2019-11-26T16:49:57.000Z,1
2019-11-26T18:12:44.000Z,1
2019-11-27T05:32:01.000Z,1
2019-11-27T06:42:44.000Z,1
2019-11-27T06:53:32.000Z,2
2019-11-27T07:17:54.000Z,1
2019-11-27T07:26:32.000Z,1
2019-11-27T07:58:26.000Z,1
2019-11-27T08:25:12.000Z,1
2019-11-27T08:45:50.000Z,1
2019-11-27T08:49:56.000Z,1
2019-11-27T09:48:59.000Z,1
2019-11-27T12:02:19.000Z,1
2019-11-27T13:11:19.000Z,1
2019-11-27T14:06:44.000Z,1
2019-11-27T16:25:20.000Z,1
2019-11-27T16:31:13.000Z,1
2019-11-27T17:03:47.000Z,1
2019-11-27T17:21:47.000Z,1
2019-11-27T21:36:06.000Z,1
2019-11-28T07:37:29.000Z,1
2019-11-28T08:57:54.000Z,1
2019-11-28T10:20:15.000Z,1
2019-11-28T13:41:14.000Z,1
2019-11-28T14:05:10.000Z,1
2019-11-28T15:09:02.000Z,1
2019-11-28T19:36:08.000Z,1
2019-11-29T06:08:46.000Z,1
2019-11-29T09:11:07.000Z,1
2019-11-29T09:40:45.000Z,1
2019-11-29T10:37:33.000Z,1
2019-11-29T11:25:09.000Z,1
2019-11-29T13:04:31.000Z,1
2019-11-29T14:31:12.000Z,1
2019-11-29T14:54:00.000Z,1
2019-11-29T14:58:20.000Z,1
2019-11-29T15:34:17.000Z,1
2019-11-29T15:35:24.000Z,1
2019-11-29T16:00:24.000Z,1
2019-11-29T16:02:14.000Z,1
2019-11-29T17:44:56.000Z,1
2019-11-29T18:06:11.000Z,1
2019-11-29T19:13:59.000Z,1
2019-11-30T01:15:03.000Z,1
2019-11-30T07:24:06.000Z,1
2019-11-30T09:18:21.000Z,1
2019-11-30T17:02:26.000Z,1
2019-11-30T18:55:08.000Z,1
2019-11-30T19:48:55.000Z,1
2019-12-01T11:29:37.000Z,1
2019-12-01T11:45:05.000Z,1
2019-12-01T11:58:44.000Z,1
2019-12-01T12:19:20.000Z,1
2019-12-01T12:23:39.000Z,1
2019-12-01T12:54:28.000Z,1
2019-12-01T14:56:11.000Z,1
2019-12-01T15:07:24.000Z,1
2019-12-02T05:45:00.000Z,1
2019-11-20T06:37:19.000Z,1
2019-11-20T07:05:58.000Z,1
2019-11-20T07:11:06.000Z,1
2019-11-20T07:27:47.000Z,1
2019-11-20T07:29:46.000Z,1
2019-11-20T07:30:20.000Z,1
2019-11-20T07:40:33.000Z,1
2019-11-20T08:16:33.000Z,1
2019-11-20T08:55:01.000Z,1
2019-11-20T09:02:15.000Z,1
2019-11-20T09:07:55.000Z,1
2019-11-20T09:08:41.000Z,1
2019-11-20T09:36:04.000Z,1
2019-11-20T11:41:41.000Z,1
2019-11-20T15:12:00.000Z,1
2019-11-20T15:29:09.000Z,1
2019-11-20T15:35:04.000Z,1
2019-11-20T16:36:27.000Z,1
2019-11-20T17:12:17.000Z,2
2019-11-20T17:19:50.000Z,2
2019-11-20T17:24:06.000Z,1
2019-11-20T18:36:33.000Z,1
2019-11-20T18:46:22.000Z,1
2019-11-21T17:12:54.000Z,2
2019-11-20T07:35:58.000Z,2
2019-11-20T08:08:17.000Z,1
2019-11-20T08:35:42.000Z,1
2019-11-20T09:42:18.000Z,1
2019-11-20T10:45:37.000Z,1
2019-11-20T12:49:37.000Z,1
2019-11-20T13:48:09.000Z,1
2019-11-20T15:57:32.000Z,1
2019-11-20T16:09:09.000Z,1
2019-11-20T16:24:44.000Z,1
2019-11-20T16:31:45.000Z,1
2019-11-20T16:33:39.000Z,1
2019-11-20T16:37:18.000Z,1
2019-11-20T16:44:10.000Z,1
2019-11-20T16:59:19.000Z,1
2019-11-20T17:25:12.000Z,1
2019-11-20T17:33:05.000Z,2
2019-11-20T18:35:23.000Z,1
2019-11-20T18:38:51.000Z,1
2019-11-20T18:39:01.000Z,1
2019-11-20T19:11:12.000Z,1
2019-11-20T19:24:35.000Z,1
2019-11-20T19:47:54.000Z,1
2019-11-20T20:04:32.000Z,1
2019-11-20T21:02:20.000Z,1
2019-11-20T21:30:32.000Z,1
2019-11-20T22:22:17.000Z,1
2019-11-20T23:34:31.000Z,1
2019-11-21T00:03:04.000Z,1
2019-11-21T01:52:59.000Z,1
2019-11-21T07:43:28.000Z,1
2019-11-21T07:58:57.000Z,1
2019-11-21T08:18:23.000Z,2
2019-11-21T08:21:25.000Z,1
2019-11-21T08:55:20.000Z,1
2019-11-21T09:24:00.000Z,1
2019-11-21T10:42:11.000Z,1
2019-11-21T12:14:24.000Z,1
2019-11-21T14:09:32.000Z,1
2019-11-21T14:25:43.000Z,1
2019-11-21T14:43:46.000Z,1
2019-11-21T15:53:13.000Z,1
2019-11-21T17:01:56.000Z,1
2019-11-21T17:13:15.000Z,1
2019-11-21T17:24:41.000Z,1
2019-11-21T17:35:49.000Z,1
2019-11-21T17:41:15.000Z,2
2019-11-21T17:53:52.000Z,3
2019-11-21T18:01:14.000Z,1
2019-11-21T18:04:21.000Z,1
2019-11-21T18:10:45.000Z,1
2019-11-21T18:48:09.000Z,1
2019-11-21T18:51:31.000Z,1
2019-11-21T19:31:32.000Z,1
2019-11-21T20:06:19.000Z,1
2019-11-21T20:12:55.000Z,1
2019-11-21T20:41:17.000Z,1
2019-11-21T21:38:40.000Z,1
2019-11-21T22:21:41.000Z,1
2019-11-21T23:48:16.000Z,1
2019-11-22T06:30:15.000Z,1
2019-11-22T06:34:03.000Z,1
2019-11-22T08:01:53.000Z,1
2019-11-22T08:17:21.000Z,1
2019-11-22T09:01:45.000Z,2
2019-11-22T09:02:58.000Z,1
2019-11-22T09:39:53.000Z,1
2019-11-22T10:03:40.000Z,1
2019-11-22T10:13:48.000Z,1
2019-11-22T11:54:24.000Z,1
2019-11-22T13:11:00.000Z,2
2019-11-22T13:17:38.000Z,1
2019-11-22T13:48:50.000Z,1
2019-11-22T14:26:32.000Z,1
2019-11-22T14:35:28.000Z,1
2019-11-22T15:09:06.000Z,1
2019-11-22T15:58:25.000Z,1
2019-11-22T16:24:40.000Z,1
2019-11-22T16:42:21.000Z,1
2019-11-22T16:52:36.000Z,1
2019-11-22T17:13:52.000Z,1
2019-11-22T18:04:09.000Z,1
2019-11-22T18:20:21.000Z,1
2019-11-22T18:34:28.000Z,1
2019-11-22T18:39:01.000Z,1
2019-11-22T18:42:15.000Z,1
2019-11-22T18:55:33.000Z,2
2019-11-22T19:03:27.000Z,1
2019-11-22T19:18:56.000Z,1
2019-11-22T20:05:28.000Z,1
2019-11-22T20:07:11.000Z,1
2019-11-22T21:06:39.000Z,1
2019-11-22T21:11:09.000Z,1
2019-11-22T22:30:30.000Z,1
2019-11-23T01:08:34.000Z,1
2019-11-23T04:42:59.000Z,1
2019-11-23T07:44:35.000Z,1
2019-11-23T08:06:48.000Z,1
2019-11-23T10:15:10.000Z,1
2019-11-23T10:30:31.000Z,1
2019-11-23T11:25:29.000Z,1
2019-11-23T11:36:04.000Z,1
2019-11-23T12:04:12.000Z,1
2019-11-23T12:18:09.000Z,1
2019-11-23T12:48:05.000Z,1
2019-11-23T13:07:49.000Z,1
2019-11-23T14:40:48.000Z,1
2019-11-23T15:22:43.000Z,1
2019-11-23T15:49:13.000Z,1
2019-11-23T15:57:03.000Z,1
2019-11-23T16:10:44.000Z,1
2019-11-23T16:25:12.000Z,1
2019-11-23T16:33:59.000Z,1
2019-11-23T16:38:54.000Z,1
2019-11-23T16:59:59.000Z,1
2019-11-23T17:10:44.000Z,1
2019-11-23T17:39:39.000Z,1
2019-11-23T23:44:00.000Z,1
2019-11-24T02:19:48.000Z,1
2019-11-24T07:10:37.000Z,1
2019-11-24T10:49:29.000Z,2
2019-11-24T12:18:20.000Z,1
2019-11-24T13:15:41.000Z,1
2019-11-24T15:04:09.000Z,1
2019-11-24T15:38:47.000Z,1
2019-11-24T15:41:58.000Z,1
2019-11-24T16:15:12.000Z,1
2019-11-24T16:16:13.000Z,1
2019-11-24T16:21:59.000Z,1
2019-11-24T16:28:16.000Z,1
2019-11-24T16:32:02.000Z,1
2019-11-24T16:54:52.000Z,1
2019-11-24T17:09:01.000Z,1
2019-11-24T17:18:49.000Z,1
2019-11-24T17:58:37.000Z,1
2019-11-24T18:09:35.000Z,1
2019-11-24T18:20:24.000Z,2
2019-11-24T19:28:53.000Z,1
2019-11-24T19:40:42.000Z,1
2019-11-24T20:50:35.000Z,1
2019-11-24T21:01:56.000Z,1
2019-11-24T21:35:24.000Z,1
2019-11-24T21:49:38.000Z,1
2019-11-25T06:30:22.000Z,1
2019-11-25T07:38:00.000Z,1
2019-11-25T07:49:29.000Z,1
2019-11-25T07:50:53.000Z,1
2019-11-25T08:02:19.000Z,1
2019-11-25T08:02:28.000Z,1
2019-11-25T08:12:54.000Z,1
2019-11-25T08:13:10.000Z,1
2019-11-25T08:16:26.000Z,1
2019-11-25T08:22:33.000Z,1
2019-11-25T08:24:20.000Z,1
2019-11-25T08:27:08.000Z,1
2019-11-25T08:50:36.000Z,1
2019-11-25T09:11:55.000Z,1
2019-11-25T09:23:37.000Z,1
2019-11-25T09:53:33.000Z,1
2019-11-25T10:43:15.000Z,1
2019-11-25T11:06:36.000Z,1
2019-11-25T11:57:01.000Z,1
2019-11-25T12:01:21.000Z,1
2019-11-25T12:14:14.000Z,1
2019-11-25T12:27:47.000Z,1
2019-11-25T13:38:04.000Z,1
2019-11-25T13:43:57.000Z,1
2019-11-25T14:01:34.000Z,1
2019-11-25T15:39:24.000Z,1
2019-11-25T16:29:35.000Z,1
2019-11-25T16:37:50.000Z,3
2019-11-25T16:39:38.000Z,1
2019-11-25T16:50:56.000Z,1
2019-11-25T16:52:50.000Z,1
2019-11-25T16:58:15.000Z,1
2019-11-25T17:01:21.000Z,2
2019-11-25T17:31:18.000Z,1
2019-11-25T17:43:14.000Z,1
2019-11-25T18:26:29.000Z,1
2019-11-25T19:23:49.000Z,1
2019-11-25T19:50:31.000Z,1
2019-11-25T20:13:44.000Z,1
2019-11-25T21:08:44.000Z,1
2019-11-25T22:39:33.000Z,1
2019-11-26T05:29:51.000Z,1
2019-11-26T05:48:47.000Z,1
2019-11-26T06:13:52.000Z,1
2019-11-26T06:40:53.000Z,1
2019-11-26T07:02:00.000Z,1
2019-11-26T07:59:59.000Z,1
2019-11-26T08:16:44.000Z,1
2019-11-26T08:18:34.000Z,2
2019-11-26T08:19:37.000Z,1
2019-11-26T08:19:46.000Z,2
2019-11-26T09:46:15.000Z,1
2019-11-26T10:32:46.000Z,1
2019-11-26T11:20:17.000Z,1
2019-11-26T11:31:21.000Z,1
2019-11-26T12:31:58.000Z,1
2019-11-26T13:57:17.000Z,1
2019-11-26T17:10:38.000Z,1
2019-11-26T17:59:38.000Z,1
2019-11-26T20:15:16.000Z,1
2019-11-27T05:50:21.000Z,1
2019-11-27T08:13:39.000Z,1
2019-11-27T09:00:58.000Z,1
2019-11-27T09:44:19.000Z,1
2019-11-27T10:25:26.000Z,1
2019-11-27T10:47:26.000Z,1
2019-11-27T11:20:29.000Z,1
2019-11-27T11:55:35.000Z,1
2019-11-27T12:35:58.000Z,1
2019-11-27T12:59:25.000Z,2
2019-11-27T14:00:49.000Z,2
2019-11-27T15:31:36.000Z,1
2019-11-27T16:39:03.000Z,1
2019-11-27T19:00:05.000Z,1
2019-11-27T19:15:10.000Z,1
2019-11-27T21:10:35.000Z,1
2019-11-27T23:17:21.000Z,1
2019-11-28T08:42:43.000Z,1
2019-11-28T10:41:11.000Z,1
2019-11-28T10:50:41.000Z,1
2019-11-28T12:07:50.000Z,1
2019-11-28T14:09:32.000Z,1
2019-11-28T17:40:40.000Z,1
2019-11-29T00:45:12.000Z,1
2019-11-29T07:16:10.000Z,1
2019-11-29T08:40:03.000Z,1
2019-11-29T10:33:56.000Z,1
2019-11-29T11:18:31.000Z,1
2019-11-29T11:25:02.000Z,1
2019-11-29T11:51:57.000Z,1
2019-11-29T12:23:57.000Z,1
2019-11-29T13:04:01.000Z,1
2019-11-29T14:32:56.000Z,1
2019-11-29T15:11:20.000Z,1
2019-11-29T15:37:05.000Z,1
2019-11-29T16:08:54.000Z,1
2019-11-29T17:19:23.000Z,1
2019-11-29T17:55:47.000Z,1
2019-11-29T19:01:47.000Z,1
2019-11-29T19:08:23.000Z,1
2019-11-29T22:08:38.000Z,1
2019-11-30T07:29:55.000Z,1
2019-11-30T09:38:06.000Z,1
2019-11-30T10:25:39.000Z,1
2019-11-30T11:01:05.000Z,2
2019-11-30T13:12:05.000Z,1
2019-11-30T13:50:30.000Z,1
2019-11-30T14:30:51.000Z,1
2019-11-30T14:35:30.000Z,1
2019-11-30T17:20:55.000Z,1
2019-11-30T19:56:59.000Z,1
2019-11-30T20:45:43.000Z,1
2019-11-30T21:35:53.000Z,1
2019-11-30T23:29:02.000Z,1
2019-12-01T08:03:54.000Z,1
2019-12-01T09:35:38.000Z,1
2019-12-01T09:40:13.000Z,1
2019-12-01T10:00:55.000Z,1
2019-12-01T10:51:39.000Z,1
2019-12-01T13:26:29.000Z,1
2019-12-01T13:38:36.000Z,1
2019-12-01T15:49:16.000Z,1
2019-12-01T16:40:44.000Z,1
2019-12-01T17:02:56.000Z,1
2019-12-02T05:29:20.000Z,1
2019-11-20T05:45:45.000Z,1
2019-11-20T06:46:30.000Z,1
2019-11-20T06:48:30.000Z,1
2019-11-20T06:52:39.000Z,1
2019-11-20T06:57:50.000Z,1
2019-11-20T07:29:19.000Z,1
2019-11-20T07:41:44.000Z,1
2019-11-20T07:53:13.000Z,1
2019-11-20T08:01:25.000Z,1
2019-11-20T08:02:58.000Z,2
2019-11-20T08:40:03.000Z,1
2019-11-20T08:54:23.000Z,2
2019-11-20T09:03:07.000Z,1
2019-11-20T10:29:03.000Z,1
2019-11-20T12:56:04.000Z,1
2019-11-20T16:42:51.000Z,1
2019-11-20T18:10:39.000Z,1
2019-11-20T06:48:00.000Z,2
2019-11-20T07:25:54.000Z,1
2019-11-20T08:02:38.000Z,1
2019-11-20T08:07:41.000Z,2
2019-11-20T08:25:59.000Z,1
2019-11-20T12:45:16.000Z,1
2019-11-20T14:21:36.000Z,1
2019-11-20T15:01:56.000Z,1
2019-11-20T15:59:47.000Z,1
2019-11-20T16:28:06.000Z,1
2019-11-20T16:31:54.000Z,2
2019-11-20T17:02:24.000Z,1
2019-11-20T17:11:13.000Z,1
2019-11-20T17:17:33.000Z,1
2019-11-20T17:18:18.000Z,1
2019-11-20T17:20:23.000Z,1
2019-11-20T18:05:37.000Z,1
2019-11-20T18:13:42.000Z,1
2019-11-20T18:24:35.000Z,1
2019-11-20T18:47:31.000Z,1
2019-11-20T18:52:41.000Z,1
2019-11-20T18:53:40.000Z,1
2019-11-20T19:11:41.000Z,1
2019-11-20T19:29:21.000Z,1
2019-11-20T20:17:14.000Z,1
2019-11-20T22:15:05.000Z,1
2019-11-20T23:00:00.000Z,1
2019-11-21T08:05:15.000Z,1
2019-11-21T08:19:06.000Z,1
2019-11-21T08:47:59.000Z,1
2019-11-21T08:53:44.000Z,1
2019-11-21T09:56:53.000Z,1
2019-11-21T10:40:57.000Z,1
2019-11-21T11:42:44.000Z,1
2019-11-21T12:01:53.000Z,1
2019-11-21T12:23:15.000Z,1
2019-11-21T13:16:23.000Z,1
2019-11-21T14:22:48.000Z,1
2019-11-21T14:51:32.000Z,1
2019-11-21T15:22:25.000Z,1
2019-11-21T15:53:53.000Z,1
2019-11-21T15:56:50.000Z,1
2019-11-21T16:13:17.000Z,1
2019-11-21T16:29:07.000Z,1
2019-11-21T16:39:39.000Z,1
2019-11-21T16:50:04.000Z,1
2019-11-21T17:09:25.000Z,2
2019-11-21T17:11:10.000Z,1
2019-11-21T17:26:14.000Z,1
2019-11-21T17:30:39.000Z,2
2019-11-21T17:32:34.000Z,1
2019-11-21T17:48:47.000Z,1
2019-11-21T18:13:12.000Z,1
2019-11-21T18:45:49.000Z,1
2019-11-21T18:57:38.000Z,1
2019-11-21T19:14:54.000Z,1
2019-11-21T22:10:30.000Z,3
2019-11-21T23:20:29.000Z,1
2019-11-22T00:24:31.000Z,1
2019-11-22T06:03:36.000Z,1
2019-11-22T06:42:29.000Z,1
2019-11-22T06:49:25.000Z,1
2019-11-22T07:06:32.000Z,1
2019-11-22T07:18:53.000Z,1
2019-11-22T07:18:51.000Z,1
2019-11-22T07:24:29.000Z,1
2019-11-22T07:51:54.000Z,1
2019-11-22T07:53:08.000Z,1
2019-11-22T07:57:35.000Z,1
2019-11-22T08:15:45.000Z,1
2019-11-22T08:20:39.000Z,1
2019-11-22T08:37:00.000Z,1
2019-11-22T09:18:03.000Z,1
2019-11-22T11:22:39.000Z,1
2019-11-22T11:27:16.000Z,1
2019-11-22T11:32:37.000Z,1
2019-11-22T12:11:35.000Z,1
2019-11-22T12:20:00.000Z,1
2019-11-22T13:29:09.000Z,1
2019-11-22T13:30:38.000Z,1
2019-11-22T14:16:12.000Z,1
2019-11-22T15:26:21.000Z,2
2019-11-22T15:35:19.000Z,1
2019-11-22T15:45:29.000Z,1
2019-11-22T15:48:05.000Z,1
2019-11-22T15:50:33.000Z,2
2019-11-22T15:54:06.000Z,2
2019-11-22T16:33:56.000Z,2
2019-11-22T16:36:37.000Z,1
2019-11-22T16:45:45.000Z,1
2019-11-22T16:53:04.000Z,1
2019-11-22T17:06:09.000Z,1
2019-11-22T17:19:49.000Z,2
2019-11-22T18:15:18.000Z,1
2019-11-22T18:49:57.000Z,1
2019-11-22T20:29:39.000Z,1
2019-11-22T21:48:19.000Z,1
2019-11-22T21:52:38.000Z,1
2019-11-23T02:02:59.000Z,1
2019-11-23T02:25:13.000Z,1
2019-11-23T05:34:58.000Z,1
2019-11-23T07:20:56.000Z,1
2019-11-23T08:14:00.000Z,1
2019-11-23T10:17:15.000Z,1
2019-11-23T11:15:35.000Z,1
2019-11-23T11:43:09.000Z,1
2019-11-23T11:43:02.000Z,1
2019-11-23T12:46:28.000Z,1
2019-11-23T12:48:28.000Z,1
2019-11-23T12:51:29.000Z,1
2019-11-23T12:56:08.000Z,1
2019-11-23T16:02:36.000Z,1
2019-11-23T16:31:23.000Z,1
2019-11-23T16:32:32.000Z,1
2019-11-23T16:39:09.000Z,1
2019-11-23T17:12:12.000Z,1
2019-11-23T18:40:57.000Z,1
2019-11-23T19:25:22.000Z,1
2019-11-23T20:42:29.000Z,1
2019-11-23T20:45:01.000Z,1
2019-11-24T00:52:31.000Z,1
2019-11-24T00:56:27.000Z,1
2019-11-24T09:22:56.000Z,1
2019-11-24T10:20:08.000Z,2
2019-11-24T10:37:19.000Z,1
2019-11-24T10:43:20.000Z,1
2019-11-24T10:58:33.000Z,1
2019-11-24T11:30:53.000Z,1
2019-11-24T11:50:03.000Z,1
2019-11-24T12:02:28.000Z,1
2019-11-24T12:55:48.000Z,1
2019-11-24T13:15:36.000Z,1
2019-11-24T13:57:24.000Z,1
2019-11-24T15:41:40.000Z,1
2019-11-24T16:31:41.000Z,1
2019-11-24T17:23:31.000Z,1
2019-11-24T17:28:17.000Z,1
2019-11-24T17:49:57.000Z,1
2019-11-24T18:05:15.000Z,1
2019-11-24T18:05:18.000Z,1
2019-11-24T23:44:08.000Z,1
2019-11-25T00:59:08.000Z,1
2019-11-25T06:26:58.000Z,1
2019-11-25T06:51:46.000Z,1
2019-11-25T07:04:34.000Z,1
2019-11-25T07:35:14.000Z,1
2019-11-25T07:42:19.000Z,1
2019-11-25T07:43:35.000Z,1
2019-11-25T08:04:21.000Z,1
2019-11-25T08:17:53.000Z,1
2019-11-25T08:18:03.000Z,1
2019-11-25T09:25:41.000Z,1
2019-11-25T10:28:43.000Z,1
2019-11-25T10:57:43.000Z,1
2019-11-25T11:14:11.000Z,1
2019-11-25T11:17:39.000Z,1
2019-11-25T12:21:28.000Z,1
2019-11-25T13:08:33.000Z,1
2019-11-25T14:38:57.000Z,1
2019-11-25T15:42:16.000Z,1
2019-11-25T16:10:47.000Z,1
2019-11-25T16:14:35.000Z,1
2019-11-25T16:37:07.000Z,1
2019-11-25T16:43:26.000Z,1
2019-11-25T16:45:40.000Z,1
2019-11-25T17:01:43.000Z,2
2019-11-25T17:05:32.000Z,1
2019-11-25T17:33:36.000Z,1
2019-11-25T17:52:34.000Z,1
2019-11-25T18:27:50.000Z,1
2019-11-25T18:47:22.000Z,1
2019-11-25T18:52:01.000Z,1
2019-11-25T19:16:06.000Z,1
2019-11-25T20:27:07.000Z,1
2019-11-25T20:59:32.000Z,1
2019-11-25T21:22:50.000Z,1
2019-11-25T23:38:45.000Z,1
2019-11-26T05:58:37.000Z,1
2019-11-26T06:31:25.000Z,2
2019-11-26T07:45:53.000Z,1
2019-11-26T07:46:54.000Z,1
2019-11-26T07:53:58.000Z,2
2019-11-26T08:33:48.000Z,1
2019-11-26T08:40:07.000Z,2
2019-11-26T09:04:37.000Z,1
2019-11-26T09:09:27.000Z,1
2019-11-26T09:17:05.000Z,1
2019-11-26T10:18:42.000Z,1
2019-11-26T10:47:33.000Z,1
2019-11-26T11:45:49.000Z,1
2019-11-26T11:53:17.000Z,1
2019-11-26T12:08:36.000Z,1
2019-11-26T13:16:04.000Z,1
2019-11-26T13:48:04.000Z,1
2019-11-26T14:06:26.000Z,1
2019-11-26T14:12:08.000Z,1
2019-11-26T14:36:04.000Z,1
2019-11-26T15:55:46.000Z,1
2019-11-26T16:57:13.000Z,1
2019-11-26T18:12:48.000Z,1
2019-11-26T18:14:30.000Z,1
2019-11-26T19:24:19.000Z,1
2019-11-27T04:46:44.000Z,1
2019-11-27T06:54:24.000Z,1
2019-11-27T07:24:50.000Z,1
2019-11-27T07:29:38.000Z,1
2019-11-27T07:45:55.000Z,1
2019-11-27T08:08:52.000Z,1
2019-11-27T08:25:25.000Z,1
2019-11-27T08:25:43.000Z,1
2019-11-27T08:50:43.000Z,1
2019-11-27T09:21:27.000Z,1
2019-11-27T09:52:07.000Z,1
2019-11-27T11:50:42.000Z,1
2019-11-27T12:45:14.000Z,1
2019-11-27T13:35:57.000Z,1
2019-11-27T14:23:50.000Z,1
2019-11-27T14:27:16.000Z,1
2019-11-27T14:36:49.000Z,1
2019-11-27T14:57:22.000Z,1
2019-11-27T15:31:28.000Z,1
2019-11-27T16:14:32.000Z,1
2019-11-27T16:19:08.000Z,1
2019-11-27T17:14:23.000Z,1
2019-11-27T17:39:24.000Z,1
2019-11-27T17:46:12.000Z,1
2019-11-27T23:26:17.000Z,1
2019-11-28T06:15:56.000Z,1
2019-11-28T09:14:11.000Z,2
2019-11-28T09:30:02.000Z,1
2019-11-28T09:55:21.000Z,1
2019-11-28T10:12:25.000Z,1
2019-11-28T11:15:34.000Z,1
2019-11-28T13:51:37.000Z,1
2019-11-28T21:17:06.000Z,1
2019-11-29T08:56:02.000Z,1
2019-11-29T09:53:31.000Z,1
2019-11-29T10:32:18.000Z,1
2019-11-29T12:59:18.000Z,1
2019-11-29T13:40:08.000Z,1
2019-11-29T14:44:33.000Z,1
2019-11-29T15:23:23.000Z,1
2019-11-29T15:51:45.000Z,1
2019-11-29T15:58:32.000Z,1
2019-11-29T16:36:12.000Z,1
2019-11-29T17:39:24.000Z,1
2019-11-29T19:09:27.000Z,1
2019-11-29T19:58:00.000Z,1
2019-11-29T23:42:20.000Z,1
2019-11-30T06:57:01.000Z,1
2019-11-30T13:24:40.000Z,1
2019-11-30T14:12:36.000Z,1
2019-11-30T18:35:59.000Z,1
2019-12-01T06:10:02.000Z,1
2019-12-01T08:47:56.000Z,1
2019-12-01T10:46:32.000Z,1
2019-12-01T10:49:56.000Z,1
2019-12-01T11:51:05.000Z,1
2019-12-02T05:35:29.000Z,1
2019-12-02T06:01:14.000Z,1
2019-11-20T06:43:50.000Z,2
2019-11-20T07:20:12.000Z,1
2019-11-20T07:20:41.000Z,1
2019-11-20T07:34:40.000Z,1
2019-11-20T07:36:39.000Z,1
2019-11-20T07:36:38.000Z,1
2019-11-20T07:42:19.000Z,1
2019-11-20T07:49:11.000Z,1
2019-11-20T07:49:32.000Z,1
2019-11-20T07:58:17.000Z,1
2019-11-20T07:58:24.000Z,1
2019-11-20T08:06:04.000Z,1
2019-11-20T08:08:06.000Z,1
2019-11-20T08:24:58.000Z,1
2019-11-20T08:33:18.000Z,1
2019-11-20T08:36:02.000Z,1
2019-11-20T11:38:17.000Z,1
2019-11-20T11:39:44.000Z,1
2019-11-20T11:40:23.000Z,1
2019-11-20T12:04:17.000Z,1
2019-11-20T13:48:39.000Z,1
2019-11-20T15:18:24.000Z,1
2019-11-20T15:32:15.000Z,1
2019-11-20T15:42:24.000Z,1
2019-11-20T16:42:36.000Z,1
2019-11-20T16:44:08.000Z,1
2019-11-20T10:26:37.000Z,1
2019-11-20T13:21:10.000Z,1
2019-11-20T13:33:14.000Z,1
2019-11-20T13:54:02.000Z,1
2019-11-20T14:39:24.000Z,1
2019-11-20T15:10:47.000Z,1
2019-11-20T15:11:38.000Z,1
2019-11-20T15:35:07.000Z,1
2019-11-20T15:57:15.000Z,1
2019-11-20T16:15:16.000Z,1
2019-11-20T16:28:50.000Z,1
2019-11-20T16:34:11.000Z,1
2019-11-20T16:43:09.000Z,1
2019-11-20T17:02:06.000Z,1
2019-11-20T17:11:18.000Z,1
2019-11-20T17:14:16.000Z,1
2019-11-20T17:17:45.000Z,1
2019-11-20T17:20:48.000Z,1
2019-11-20T17:34:20.000Z,1
2019-11-20T18:03:05.000Z,1
2019-11-20T18:30:05.000Z,1
2019-11-20T19:06:30.000Z,1
2019-11-20T19:10:39.000Z,1
2019-11-20T19:28:58.000Z,1
2019-11-20T19:29:08.000Z,1
2019-11-20T20:09:48.000Z,1
2019-11-20T21:06:18.000Z,2
2019-11-20T21:15:00.000Z,1
2019-11-20T21:26:17.000Z,1
2019-11-20T21:51:40.000Z,1
2019-11-20T21:54:21.000Z,1
2019-11-21T07:40:15.000Z,1
2019-11-21T09:27:33.000Z,2
2019-11-21T09:36:41.000Z,1
2019-11-21T12:53:34.000Z,1
2019-11-21T13:45:38.000Z,1
2019-11-21T14:21:39.000Z,1
2019-11-21T14:35:44.000Z,1
2019-11-21T14:37:38.000Z,1
2019-11-21T15:44:52.000Z,1
2019-11-21T16:21:28.000Z,1
2019-11-21T16:49:03.000Z,2
2019-11-21T17:03:14.000Z,2
2019-11-21T17:11:18.000Z,1
2019-11-21T17:16:53.000Z,1
2019-11-21T17:35:16.000Z,2
2019-11-21T18:01:10.000Z,2
2019-11-21T19:29:29.000Z,1
2019-11-21T19:55:49.000Z,1
2019-11-21T20:12:32.000Z,1
2019-11-21T21:18:47.000Z,1
2019-11-22T06:46:59.000Z,1
2019-11-22T07:10:04.000Z,1
2019-11-22T07:23:46.000Z,1
2019-11-22T07:29:07.000Z,1
2019-11-22T08:18:35.000Z,1
2019-11-22T08:29:13.000Z,2
2019-11-22T08:37:14.000Z,1
2019-11-22T08:47:56.000Z,1
2019-11-22T08:49:16.000Z,2
2019-11-22T08:53:23.000Z,1
2019-11-22T08:53:20.000Z,1
2019-11-22T10:58:55.000Z,1
2019-11-22T12:23:42.000Z,1
2019-11-22T13:02:34.000Z,1
2019-11-22T15:06:33.000Z,1
2019-11-22T15:40:29.000Z,1
2019-11-22T15:47:06.000Z,1
2019-11-22T16:10:23.000Z,1
2019-11-22T16:25:59.000Z,1
2019-11-22T16:45:40.000Z,1
2019-11-22T16:47:38.000Z,1
2019-11-22T16:55:33.000Z,1
2019-11-22T16:57:25.000Z,1
2019-11-22T17:04:55.000Z,1
2019-11-22T17:08:05.000Z,1
2019-11-22T17:16:36.000Z,1
2019-11-22T17:54:09.000Z,1
2019-11-22T18:05:14.000Z,1
2019-11-22T18:06:15.000Z,1
2019-11-22T18:07:57.000Z,1
2019-11-22T18:08:28.000Z,1
2019-11-22T18:46:37.000Z,1
2019-11-22T19:05:02.000Z,1
2019-11-22T20:09:52.000Z,1
2019-11-22T20:21:40.000Z,1
2019-11-22T20:43:04.000Z,1
2019-11-22T20:55:35.000Z,1
2019-11-22T22:23:43.000Z,1
2019-11-22T23:19:31.000Z,1
2019-11-23T01:51:41.000Z,1
2019-11-23T10:10:56.000Z,1
2019-11-23T11:43:44.000Z,1
2019-11-23T12:08:25.000Z,1
2019-11-23T12:18:30.000Z,1
2019-11-23T12:33:56.000Z,1
2019-11-23T13:24:38.000Z,2
2019-11-23T14:17:54.000Z,1
2019-11-23T14:28:33.000Z,1
2019-11-23T15:14:54.000Z,1
2019-11-23T15:33:37.000Z,1
2019-11-23T15:38:47.000Z,1
2019-11-23T16:15:45.000Z,1
2019-11-23T19:58:42.000Z,1
2019-11-23T21:18:16.000Z,1
2019-11-24T00:03:02.000Z,2
2019-11-24T00:35:05.000Z,1
2019-11-24T07:25:08.000Z,1
2019-11-24T08:23:41.000Z,1
2019-11-24T08:59:04.000Z,1
2019-11-24T10:03:45.000Z,1
2019-11-24T11:14:11.000Z,1
2019-11-24T11:35:52.000Z,1
2019-11-24T12:09:07.000Z,1
2019-11-24T12:20:35.000Z,1
2019-11-24T12:28:53.000Z,1
2019-11-24T13:10:07.000Z,1
2019-11-24T13:26:56.000Z,1
2019-11-24T13:27:12.000Z,1
2019-11-24T14:06:17.000Z,1
2019-11-24T14:37:50.000Z,1
2019-11-24T14:47:36.000Z,1
2019-11-24T15:42:43.000Z,2
2019-11-24T15:48:18.000Z,1
2019-11-24T15:50:42.000Z,1
2019-11-24T16:05:32.000Z,1
2019-11-24T16:10:04.000Z,1
2019-11-24T16:15:30.000Z,1
2019-11-24T16:34:05.000Z,1
2019-11-24T16:36:43.000Z,1
2019-11-24T16:55:10.000Z,1
2019-11-24T17:19:25.000Z,1
2019-11-25T06:06:45.000Z,1
2019-11-25T06:37:57.000Z,1
2019-11-25T07:15:53.000Z,1
2019-11-25T07:37:33.000Z,1
2019-11-25T07:37:45.000Z,1
2019-11-25T07:49:08.000Z,1
2019-11-25T07:54:51.000Z,1
2019-11-25T08:06:08.000Z,1
2019-11-25T08:36:27.000Z,1
2019-11-25T08:40:36.000Z,1
2019-11-25T11:44:02.000Z,1
2019-11-25T12:35:34.000Z,1
2019-11-25T13:09:46.000Z,1
2019-11-25T14:20:34.000Z,1
2019-11-25T14:29:31.000Z,1
2019-11-25T14:57:30.000Z,1
2019-11-25T15:03:41.000Z,1
2019-11-25T15:15:26.000Z,1
2019-11-25T15:38:12.000Z,1
2019-11-25T16:06:02.000Z,1
2019-11-25T16:31:58.000Z,1
2019-11-25T16:50:22.000Z,1
2019-11-25T17:12:59.000Z,1
2019-11-25T17:26:47.000Z,1
2019-11-25T17:31:33.000Z,3
2019-11-25T17:34:54.000Z,1
2019-11-25T17:39:20.000Z,1
2019-11-25T17:42:39.000Z,1
2019-11-25T17:57:44.000Z,1
2019-11-25T17:57:59.000Z,1
2019-11-25T18:05:05.000Z,2
2019-11-25T18:31:28.000Z,1
2019-11-25T18:34:55.000Z,2
2019-11-25T19:06:44.000Z,1
2019-11-25T23:50:23.000Z,1
2019-11-26T05:17:37.000Z,1
2019-11-26T07:14:13.000Z,2
2019-11-26T07:44:41.000Z,2
2019-11-26T08:10:09.000Z,1
2019-11-26T08:20:25.000Z,1
2019-11-26T08:37:21.000Z,4
2019-11-26T09:22:56.000Z,1
2019-11-26T10:03:37.000Z,1
2019-11-26T10:08:22.000Z,1
2019-11-26T10:21:47.000Z,1
2019-11-26T10:42:14.000Z,1
2019-11-26T10:50:10.000Z,1
2019-11-26T10:58:12.000Z,1
2019-11-26T11:35:03.000Z,1
2019-11-26T11:41:16.000Z,1
2019-11-26T12:15:09.000Z,1
2019-11-26T13:30:36.000Z,1
2019-11-26T13:49:16.000Z,1
2019-11-26T13:52:52.000Z,1
2019-11-26T14:09:35.000Z,1
2019-11-26T14:17:04.000Z,1
2019-11-26T15:06:36.000Z,1
2019-11-26T15:57:26.000Z,1
2019-11-26T16:17:52.000Z,1
2019-11-26T16:19:34.000Z,1
2019-11-26T16:41:44.000Z,2
2019-11-26T16:45:28.000Z,1
2019-11-26T17:12:47.000Z,2
2019-11-26T17:52:44.000Z,1
2019-11-26T18:08:34.000Z,1
2019-11-26T18:26:29.000Z,1
2019-11-26T18:40:16.000Z,1
2019-11-26T19:09:40.000Z,1
2019-11-27T05:10:45.000Z,1
2019-11-27T06:44:15.000Z,1
2019-11-27T08:21:08.000Z,1
2019-11-27T08:28:35.000Z,1
2019-11-27T10:02:47.000Z,1
2019-11-27T11:48:48.000Z,1
2019-11-27T13:16:08.000Z,1
2019-11-27T13:40:53.000Z,1
2019-11-27T15:05:41.000Z,1
2019-11-27T15:43:28.000Z,1
2019-11-27T15:46:18.000Z,1
2019-11-27T16:12:54.000Z,1
2019-11-27T16:39:35.000Z,1
2019-11-27T17:07:30.000Z,1
2019-11-27T17:11:52.000Z,1
2019-11-27T18:18:15.000Z,1
2019-11-27T19:23:09.000Z,1
2019-11-28T07:56:18.000Z,1
2019-11-28T08:54:36.000Z,1
2019-11-28T10:18:02.000Z,1
2019-11-28T10:56:56.000Z,1
2019-11-28T11:12:41.000Z,1
2019-11-28T11:55:29.000Z,1
2019-11-28T20:19:23.000Z,1
2019-11-28T21:01:35.000Z,1
2019-11-28T21:28:11.000Z,1
2019-11-29T06:15:09.000Z,1
2019-11-29T08:25:34.000Z,1
2019-11-29T08:42:07.000Z,1
2019-11-29T10:25:03.000Z,1
2019-11-29T11:39:25.000Z,1
2019-11-29T13:10:42.000Z,1
2019-11-29T13:28:30.000Z,1
2019-11-29T15:13:43.000Z,1
2019-11-29T15:47:14.000Z,1
2019-11-29T16:03:36.000Z,1
2019-11-29T16:23:28.000Z,1
2019-11-29T17:17:46.000Z,1
2019-11-29T21:37:39.000Z,1
2019-11-29T23:05:10.000Z,1
2019-11-30T06:10:35.000Z,1
2019-11-30T08:38:43.000Z,1
2019-11-30T12:25:41.000Z,1
2019-11-30T12:46:59.000Z,1
2019-11-30T14:14:59.000Z,1
2019-11-30T18:56:12.000Z,1
2019-11-30T23:45:01.000Z,1
2019-12-01T07:17:21.000Z,1
2019-12-01T08:58:19.000Z,1
2019-12-01T09:04:53.000Z,1
2019-12-01T10:38:20.000Z,1
2019-12-01T10:44:42.000Z,1
2019-12-01T11:15:09.000Z,1
2019-12-01T11:23:20.000Z,1
2019-12-01T11:25:08.000Z,1
2019-12-01T11:42:09.000Z,1
2019-12-01T12:10:09.000Z,1
2019-12-01T15:40:51.000Z,1
2019-12-02T05:56:35.000Z,1
2019-11-20T06:31:06.000Z,1
2019-11-20T06:56:15.000Z,1
2019-11-20T06:57:36.000Z,1
2019-11-20T07:54:52.000Z,1
2019-11-20T07:55:36.000Z,1
2019-11-20T07:59:29.000Z,1
2019-11-20T08:11:18.000Z,1
2019-11-20T08:37:50.000Z,2
2019-11-20T08:57:14.000Z,1
2019-11-20T09:02:48.000Z,1
2019-11-20T10:21:07.000Z,1
2019-11-20T10:30:38.000Z,1
2019-11-20T10:40:03.000Z,1
2019-11-20T12:35:09.000Z,1
2019-11-20T12:42:30.000Z,1
2019-11-20T14:36:02.000Z,1
2019-11-20T16:07:39.000Z,1
2019-11-20T16:52:22.000Z,1
2019-11-20T17:04:46.000Z,2
2019-11-21T07:41:07.000Z,1
2019-11-20T08:52:58.000Z,1
2019-11-20T10:44:39.000Z,1
2019-11-20T11:17:18.000Z,1
2019-11-20T11:27:48.000Z,1
2019-11-20T12:35:43.000Z,1
2019-11-20T14:04:25.000Z,1
2019-11-20T14:13:57.000Z,1
2019-11-20T14:31:12.000Z,1
2019-11-20T15:19:41.000Z,1
2019-11-20T15:40:53.000Z,1
2019-11-20T15:51:26.000Z,2
2019-11-20T16:09:08.000Z,1
2019-11-20T16:58:38.000Z,1
2019-11-20T16:58:56.000Z,1
2019-11-20T17:39:29.000Z,1
2019-11-20T18:15:37.000Z,1
2019-11-20T18:18:44.000Z,2
2019-11-20T18:30:15.000Z,1
2019-11-20T18:42:06.000Z,1
2019-11-20T18:49:27.000Z,1
2019-11-20T19:07:45.000Z,1
2019-11-20T19:33:19.000Z,1
2019-11-20T20:54:12.000Z,1
2019-11-20T23:33:01.000Z,1
2019-11-21T00:47:22.000Z,1
2019-11-21T07:04:49.000Z,1
2019-11-21T07:23:22.000Z,1
2019-11-21T07:47:37.000Z,1
2019-11-21T08:22:37.000Z,1
2019-11-21T08:29:19.000Z,1
2019-11-21T08:38:40.000Z,1
2019-11-21T08:53:11.000Z,2
2019-11-21T09:35:26.000Z,1
2019-11-21T10:41:00.000Z,1
2019-11-21T10:49:00.000Z,1
2019-11-21T13:10:45.000Z,1
2019-11-21T13:20:48.000Z,1
2019-11-21T14:50:46.000Z,1
2019-11-21T14:54:16.000Z,1
2019-11-21T15:10:45.000Z,1
2019-11-21T15:40:06.000Z,2
2019-11-21T16:10:42.000Z,1
2019-11-21T16:25:37.000Z,1
2019-11-21T16:38:43.000Z,1
2019-11-21T16:48:29.000Z,1
2019-11-21T17:20:55.000Z,1
2019-11-21T17:32:01.000Z,2
2019-11-21T17:35:34.000Z,2
2019-11-21T17:41:16.000Z,2
2019-11-21T17:51:58.000Z,1
2019-11-21T17:55:44.000Z,1
2019-11-21T17:57:04.000Z,1
2019-11-21T18:26:30.000Z,1
2019-11-21T19:05:08.000Z,1
2019-11-21T19:47:03.000Z,1
2019-11-21T21:07:01.000Z,1
2019-11-21T21:14:21.000Z,1
2019-11-21T21:15:13.000Z,1
2019-11-21T22:24:57.000Z,1
2019-11-21T22:59:34.000Z,1
2019-11-22T06:40:18.000Z,1
2019-11-22T06:48:03.000Z,1
2019-11-22T07:19:08.000Z,1
2019-11-22T07:47:07.000Z,1
2019-11-22T08:06:54.000Z,2
2019-11-22T08:17:55.000Z,1
2019-11-22T08:30:35.000Z,1
2019-11-22T08:34:56.000Z,1
2019-11-22T09:39:20.000Z,1
2019-11-22T09:54:48.000Z,1
2019-11-22T11:37:29.000Z,1
2019-11-22T13:19:10.000Z,1
2019-11-22T14:35:59.000Z,1
2019-11-22T14:42:46.000Z,1
2019-11-22T14:58:10.000Z,1
2019-11-22T16:17:44.000Z,1
2019-11-22T16:45:41.000Z,1
2019-11-22T16:47:20.000Z,1
2019-11-22T16:52:18.000Z,2
2019-11-22T17:14:04.000Z,2
2019-11-22T17:18:17.000Z,1
2019-11-22T17:19:05.000Z,1
2019-11-22T17:55:20.000Z,1
2019-11-22T17:56:01.000Z,1
2019-11-22T19:26:14.000Z,1
2019-11-22T19:57:02.000Z,1
2019-11-22T20:18:07.000Z,1
2019-11-22T20:54:36.000Z,1
2019-11-23T08:23:52.000Z,1
2019-11-23T09:19:53.000Z,1
2019-11-23T09:31:08.000Z,1
2019-11-23T09:42:49.000Z,1
2019-11-23T10:03:07.000Z,1
2019-11-23T10:39:12.000Z,1
2019-11-23T11:56:15.000Z,1
2019-11-23T12:27:02.000Z,1
2019-11-23T15:55:48.000Z,1
2019-11-23T16:04:37.000Z,1
2019-11-23T16:35:01.000Z,1
2019-11-23T17:24:24.000Z,1
2019-11-23T18:04:50.000Z,1
2019-11-23T19:24:02.000Z,1
2019-11-23T20:17:06.000Z,1
2019-11-23T20:54:01.000Z,1
2019-11-23T23:17:05.000Z,1
2019-11-23T23:48:37.000Z,1
2019-11-24T00:09:47.000Z,1
2019-11-24T07:45:11.000Z,1
2019-11-24T09:37:56.000Z,1
2019-11-24T11:34:06.000Z,1
2019-11-24T11:45:54.000Z,1
2019-11-24T12:24:08.000Z,1
2019-11-24T12:35:27.000Z,1
2019-11-24T13:05:43.000Z,1
2019-11-24T13:13:41.000Z,1
2019-11-24T14:01:00.000Z,1
2019-11-24T14:03:41.000Z,1
2019-11-24T14:12:21.000Z,1
2019-11-24T14:36:18.000Z,1
2019-11-24T15:20:22.000Z,1
2019-11-24T15:33:50.000Z,1
2019-11-24T16:09:44.000Z,1
2019-11-24T16:20:01.000Z,1
2019-11-24T16:31:28.000Z,1
2019-11-24T17:04:11.000Z,1
2019-11-24T17:44:54.000Z,1
2019-11-24T17:54:11.000Z,1
2019-11-24T19:27:40.000Z,1
2019-11-24T19:32:47.000Z,2
2019-11-24T21:23:54.000Z,1
2019-11-24T22:38:09.000Z,1
2019-11-25T03:30:51.000Z,1
2019-11-25T05:48:41.000Z,1
2019-11-25T06:11:38.000Z,1
2019-11-25T07:07:35.000Z,1
2019-11-25T07:18:30.000Z,1
2019-11-25T07:22:08.000Z,1
2019-11-25T07:42:26.000Z,1
2019-11-25T07:54:55.000Z,2
2019-11-25T08:04:45.000Z,1
2019-11-25T08:13:25.000Z,1
2019-11-25T09:06:24.000Z,1
2019-11-25T09:07:17.000Z,1
2019-11-25T09:40:10.000Z,1
2019-11-25T09:43:54.000Z,1
2019-11-25T09:45:01.000Z,1
2019-11-25T09:46:17.000Z,2
2019-11-25T11:50:14.000Z,1
2019-11-25T12:11:30.000Z,1
2019-11-25T12:20:32.000Z,1
2019-11-25T12:37:42.000Z,1
2019-11-25T12:48:15.000Z,1
2019-11-25T13:04:03.000Z,1
2019-11-25T14:05:54.000Z,1
2019-11-25T14:11:14.000Z,1
2019-11-25T14:28:04.000Z,1
2019-11-25T14:47:24.000Z,1
2019-11-25T15:09:32.000Z,1
2019-11-25T15:59:19.000Z,1
2019-11-25T16:08:10.000Z,1
2019-11-25T17:03:22.000Z,1
2019-11-25T17:08:09.000Z,1
2019-11-25T17:16:39.000Z,1
2019-11-25T17:19:38.000Z,1
2019-11-25T17:19:55.000Z,1
2019-11-25T17:27:24.000Z,1
2019-11-25T17:30:01.000Z,1
2019-11-25T17:37:39.000Z,1
2019-11-25T17:46:43.000Z,1
2019-11-25T17:47:14.000Z,2
2019-11-25T18:01:01.000Z,1
2019-11-25T18:02:49.000Z,1
2019-11-25T18:03:34.000Z,1
2019-11-25T18:22:36.000Z,1
2019-11-25T18:23:57.000Z,1
2019-11-25T18:28:35.000Z,1
2019-11-25T18:41:41.000Z,1
2019-11-25T18:55:56.000Z,1
2019-11-25T19:53:27.000Z,1
2019-11-25T21:15:04.000Z,1
2019-11-25T22:18:25.000Z,1
2019-11-26T05:47:45.000Z,1
2019-11-26T06:09:01.000Z,1
2019-11-26T06:47:41.000Z,1
2019-11-26T07:01:07.000Z,1
2019-11-26T07:21:55.000Z,1
2019-11-26T07:22:48.000Z,1
2019-11-26T07:33:20.000Z,1
2019-11-26T07:49:15.000Z,1
2019-11-26T07:50:46.000Z,1
2019-11-26T07:55:12.000Z,1
2019-11-26T12:43:03.000Z,1
2019-11-26T14:15:24.000Z,1
2019-11-26T14:52:55.000Z,1
2019-11-26T15:03:07.000Z,1
2019-11-26T15:11:42.000Z,1
2019-11-26T17:08:21.000Z,1
2019-11-26T17:16:03.000Z,1
2019-11-26T17:28:08.000Z,1
2019-11-26T17:29:06.000Z,1
2019-11-26T18:08:08.000Z,1
2019-11-26T19:04:48.000Z,1
2019-11-26T19:35:07.000Z,1
2019-11-26T22:45:15.000Z,1
2019-11-27T06:03:32.000Z,1
2019-11-27T06:49:30.000Z,1
2019-11-27T07:40:39.000Z,1
2019-11-27T07:43:31.000Z,1
2019-11-27T08:29:34.000Z,1
2019-11-27T08:55:49.000Z,1
2019-11-27T10:16:27.000Z,1
2019-11-27T10:56:56.000Z,1
2019-11-27T11:44:40.000Z,1
2019-11-27T11:59:52.000Z,1
2019-11-27T13:52:12.000Z,1
2019-11-27T14:19:40.000Z,1
2019-11-27T14:55:27.000Z,1
2019-11-27T15:21:18.000Z,1
2019-11-27T15:48:15.000Z,2
2019-11-27T17:03:24.000Z,1
2019-11-27T17:24:57.000Z,1
2019-11-27T18:32:00.000Z,1
2019-11-27T18:34:26.000Z,1
2019-11-27T22:58:56.000Z,1
2019-11-28T05:50:47.000Z,1
2019-11-28T06:44:32.000Z,1
2019-11-28T07:51:25.000Z,1
2019-11-28T07:58:55.000Z,1
2019-11-28T09:48:20.000Z,1
2019-11-28T10:22:49.000Z,1
2019-11-28T11:44:15.000Z,1
2019-11-28T15:07:54.000Z,1
2019-11-28T19:47:12.000Z,1
2019-11-28T22:50:27.000Z,1
2019-11-29T09:04:36.000Z,1
2019-11-29T09:50:39.000Z,1
2019-11-29T10:19:31.000Z,1
2019-11-29T10:43:24.000Z,1
2019-11-29T11:46:33.000Z,1
2019-11-29T12:57:06.000Z,1
2019-11-29T13:27:35.000Z,1
2019-11-29T14:16:55.000Z,1
2019-11-29T14:27:50.000Z,2
2019-11-29T14:40:03.000Z,1
2019-11-29T14:59:40.000Z,1
2019-11-29T15:08:17.000Z,1
2019-11-29T15:55:23.000Z,1
2019-11-29T19:18:58.000Z,1
2019-11-29T22:00:25.000Z,1
2019-11-30T07:46:13.000Z,1
2019-11-30T08:29:00.000Z,1
2019-11-30T18:49:16.000Z,1
2019-12-01T00:29:21.000Z,1
2019-12-01T08:56:00.000Z,1
2019-12-01T09:46:17.000Z,1
2019-12-01T10:05:53.000Z,1
2019-12-01T10:29:07.000Z,1
2019-12-01T11:08:30.000Z,2
2019-12-01T12:26:28.000Z,1
2019-12-01T15:31:05.000Z,1
2019-12-01T15:36:33.000Z,1
2019-12-02T01:16:09.000Z,1
2019-12-02T06:09:59.000Z,1
2019-11-20T05:03:56.000Z,1
2019-11-20T07:10:02.000Z,1
2019-11-20T07:26:36.000Z,1
2019-11-20T07:28:11.000Z,1
2019-11-20T08:02:07.000Z,1
2019-11-20T08:04:06.000Z,1
2019-11-20T08:09:42.000Z,1
2019-11-20T08:37:51.000Z,2
2019-11-20T09:38:48.000Z,1
2019-11-20T15:02:01.000Z,1
2019-11-20T16:24:20.000Z,1
2019-11-20T16:51:51.000Z,2
2019-11-20T18:40:43.000Z,2
2019-11-20T18:54:04.000Z,1
2019-11-21T08:07:26.000Z,2
2019-11-21T08:56:30.000Z,1
2019-11-20T08:07:30.000Z,1
2019-11-20T15:11:14.000Z,1
2019-11-20T15:15:03.000Z,1
2019-11-20T17:06:48.000Z,1
2019-11-20T17:17:30.000Z,2
2019-11-20T17:22:33.000Z,1
2019-11-20T17:25:02.000Z,1
2019-11-20T17:28:03.000Z,1
2019-11-20T17:30:45.000Z,1
2019-11-20T17:37:08.000Z,4
2019-11-20T17:41:45.000Z,1
2019-11-20T18:13:39.000Z,1
2019-11-20T18:18:04.000Z,1
2019-11-20T18:30:09.000Z,1
2019-11-20T18:43:14.000Z,1
2019-11-20T18:48:05.000Z,1
2019-11-20T19:05:26.000Z,1
2019-11-20T19:17:32.000Z,1
2019-11-20T19:19:00.000Z,1
2019-11-20T19:38:30.000Z,1
2019-11-20T20:45:37.000Z,1
2019-11-20T23:09:24.000Z,1
2019-11-21T04:58:15.000Z,1
2019-11-21T07:24:41.000Z,1
2019-11-21T07:48:43.000Z,1
2019-11-21T08:01:18.000Z,1
2019-11-21T08:47:17.000Z,1
2019-11-21T08:51:55.000Z,2
2019-11-21T12:57:54.000Z,1
2019-11-21T13:11:00.000Z,1
2019-11-21T13:46:10.000Z,1
2019-11-21T15:32:21.000Z,1
2019-11-21T15:37:22.000Z,2
2019-11-21T16:29:49.000Z,1
2019-11-21T16:30:49.000Z,2
2019-11-21T16:41:46.000Z,2
2019-11-21T16:53:38.000Z,1
2019-11-21T17:05:05.000Z,1
2019-11-21T17:30:40.000Z,2
2019-11-21T17:32:20.000Z,1
2019-11-21T17:34:44.000Z,1
2019-11-21T17:38:09.000Z,1
2019-11-21T17:57:59.000Z,1
2019-11-21T18:08:42.000Z,1
2019-11-21T19:10:56.000Z,1
2019-11-21T19:12:26.000Z,2
2019-11-21T21:15:56.000Z,1
2019-11-21T22:11:46.000Z,1
2019-11-21T22:17:06.000Z,1
2019-11-22T06:51:20.000Z,1
2019-11-22T07:48:48.000Z,1
2019-11-22T07:55:47.000Z,1
2019-11-22T08:04:48.000Z,1
2019-11-22T08:31:03.000Z,1
2019-11-22T08:42:15.000Z,1
2019-11-22T09:11:52.000Z,1
2019-11-22T10:22:44.000Z,1
2019-11-22T10:52:24.000Z,1
2019-11-22T11:11:04.000Z,1
2019-11-22T12:10:45.000Z,1
2019-11-22T12:39:01.000Z,1
2019-11-22T13:47:49.000Z,1
2019-11-22T14:07:08.000Z,1
2019-11-22T14:48:16.000Z,1
2019-11-22T15:29:47.000Z,1
2019-11-22T16:19:52.000Z,1
2019-11-22T17:00:30.000Z,1
2019-11-22T17:05:18.000Z,1
2019-11-22T17:21:04.000Z,1
2019-11-22T17:34:47.000Z,1
2019-11-22T17:35:48.000Z,2
2019-11-22T17:39:10.000Z,2
2019-11-22T18:24:33.000Z,1
2019-11-22T18:42:08.000Z,1
2019-11-22T19:44:43.000Z,1
2019-11-22T20:02:55.000Z,1
2019-11-23T01:34:33.000Z,1
2019-11-23T09:22:05.000Z,1
2019-11-23T09:26:29.000Z,1
2019-11-23T09:31:32.000Z,1
2019-11-23T09:58:38.000Z,1
2019-11-23T10:00:27.000Z,1
2019-11-23T10:12:07.000Z,1
2019-11-23T10:47:20.000Z,1
2019-11-23T11:04:27.000Z,1
2019-11-23T12:58:24.000Z,2
2019-11-23T14:27:37.000Z,1
2019-11-23T14:30:48.000Z,1
2019-11-23T14:47:10.000Z,1
2019-11-23T15:23:40.000Z,1
2019-11-23T15:32:27.000Z,1
2019-11-23T15:42:43.000Z,1
2019-11-23T17:04:33.000Z,1
2019-11-23T17:22:51.000Z,1
2019-11-23T18:42:59.000Z,1
2019-11-23T19:09:17.000Z,2
2019-11-23T19:48:25.000Z,1
2019-11-23T19:50:54.000Z,1
2019-11-23T20:10:58.000Z,1
2019-11-23T23:54:09.000Z,1
2019-11-24T06:46:39.000Z,1
2019-11-24T09:30:44.000Z,1
2019-11-24T09:45:49.000Z,1
2019-11-24T11:57:26.000Z,1
2019-11-24T12:18:13.000Z,1
2019-11-24T12:25:53.000Z,1
2019-11-24T12:35:57.000Z,1
2019-11-24T12:56:54.000Z,1
2019-11-24T13:21:29.000Z,1
2019-11-24T13:31:02.000Z,1
2019-11-24T14:04:21.000Z,1
2019-11-24T14:50:37.000Z,1
2019-11-24T14:53:04.000Z,1
2019-11-24T15:04:50.000Z,1
2019-11-24T15:09:20.000Z,1
2019-11-24T15:25:21.000Z,1
2019-11-24T18:49:07.000Z,1
2019-11-24T19:13:05.000Z,1
2019-11-25T07:13:13.000Z,2
2019-11-25T07:13:44.000Z,2
2019-11-25T07:26:19.000Z,1
2019-11-25T07:35:09.000Z,1
2019-11-25T07:38:10.000Z,2
2019-11-25T07:55:52.000Z,1
2019-11-25T08:03:07.000Z,1
2019-11-25T08:20:04.000Z,1
2019-11-25T08:27:56.000Z,1
2019-11-25T08:31:33.000Z,1
2019-11-25T08:43:39.000Z,1
2019-11-25T08:50:14.000Z,1
2019-11-25T11:12:16.000Z,1
2019-11-25T11:37:10.000Z,1
2019-11-25T11:44:14.000Z,2
2019-11-25T11:58:44.000Z,1
2019-11-25T12:24:05.000Z,1
2019-11-25T12:29:27.000Z,1
2019-11-25T12:34:04.000Z,1
2019-11-25T13:03:47.000Z,1
2019-11-25T14:17:19.000Z,1
2019-11-25T14:24:42.000Z,2
2019-11-25T14:53:01.000Z,1
2019-11-25T14:54:03.000Z,1
2019-11-25T16:09:07.000Z,1
2019-11-25T16:14:15.000Z,1
2019-11-25T17:00:32.000Z,1
2019-11-25T17:14:49.000Z,1
2019-11-25T17:29:35.000Z,1
2019-11-25T17:33:20.000Z,1
2019-11-25T17:35:31.000Z,2
2019-11-25T18:00:44.000Z,1
2019-11-25T18:03:18.000Z,1
2019-11-25T18:09:23.000Z,1
2019-11-25T18:14:28.000Z,1
2019-11-25T18:23:19.000Z,1
2019-11-25T18:26:03.000Z,1
2019-11-25T18:50:47.000Z,1
2019-11-25T19:16:13.000Z,1
2019-11-25T19:33:52.000Z,1
2019-11-25T19:38:07.000Z,1
2019-11-25T19:57:16.000Z,1
2019-11-25T20:58:50.000Z,1
2019-11-25T20:59:05.000Z,1
2019-11-25T21:49:24.000Z,1
2019-11-25T21:59:28.000Z,1
2019-11-25T22:42:05.000Z,1
2019-11-25T22:45:12.000Z,1
2019-11-26T06:13:36.000Z,1
2019-11-26T06:24:17.000Z,1
2019-11-26T06:38:05.000Z,1
2019-11-26T07:15:23.000Z,1
2019-11-26T07:15:41.000Z,1
2019-11-26T07:50:45.000Z,1
2019-11-26T08:22:01.000Z,2
2019-11-26T08:27:33.000Z,1
2019-11-26T08:57:13.000Z,1
2019-11-26T08:57:43.000Z,1
2019-11-26T09:01:27.000Z,1
2019-11-26T09:04:47.000Z,1
2019-11-26T09:29:13.000Z,1
2019-11-26T10:05:16.000Z,1
2019-11-26T11:11:26.000Z,1
2019-11-26T11:12:46.000Z,1
2019-11-26T11:47:12.000Z,1
2019-11-26T11:54:52.000Z,1
2019-11-26T12:06:41.000Z,1
2019-11-26T12:28:51.000Z,1
2019-11-26T12:31:18.000Z,1
2019-11-26T12:48:13.000Z,1
2019-11-26T12:55:16.000Z,1
2019-11-26T13:02:34.000Z,1
2019-11-26T13:45:04.000Z,1
2019-11-26T15:09:30.000Z,1
2019-11-26T15:42:20.000Z,1
2019-11-26T16:42:00.000Z,1
2019-11-26T17:16:45.000Z,1
2019-11-26T17:59:00.000Z,2
2019-11-26T18:01:16.000Z,2
2019-11-26T18:37:28.000Z,1
2019-11-26T19:59:36.000Z,1
2019-11-26T20:28:49.000Z,1
2019-11-26T21:04:44.000Z,1
2019-11-26T23:02:38.000Z,1
2019-11-26T23:34:56.000Z,1
2019-11-27T02:16:04.000Z,1
2019-11-27T07:30:10.000Z,1
2019-11-27T07:33:46.000Z,1
2019-11-27T07:38:12.000Z,1
2019-11-27T07:55:55.000Z,1
2019-11-27T08:03:00.000Z,1
2019-11-27T08:08:16.000Z,1
2019-11-27T08:24:11.000Z,1
2019-11-27T09:26:05.000Z,1
2019-11-27T10:58:29.000Z,1
2019-11-27T11:51:28.000Z,1
2019-11-27T11:59:58.000Z,1
2019-11-27T12:31:37.000Z,1
2019-11-27T14:29:43.000Z,1
2019-11-27T14:36:22.000Z,1
2019-11-27T15:44:23.000Z,1
2019-11-27T16:02:15.000Z,1
2019-11-27T16:19:01.000Z,1
2019-11-27T19:25:35.000Z,1
2019-11-28T07:21:12.000Z,1
2019-11-28T09:22:36.000Z,1
2019-11-28T09:52:43.000Z,1
2019-11-28T09:58:46.000Z,1
2019-11-28T11:30:31.000Z,1
2019-11-28T11:55:14.000Z,1
2019-11-28T13:05:45.000Z,2
2019-11-28T14:14:36.000Z,1
2019-11-28T16:24:53.000Z,1
2019-11-28T21:52:00.000Z,1
2019-11-29T07:19:23.000Z,1
2019-11-29T07:56:25.000Z,1
2019-11-29T09:15:39.000Z,1
2019-11-29T09:20:21.000Z,1
2019-11-29T09:46:27.000Z,1
2019-11-29T10:54:30.000Z,1
2019-11-29T12:23:02.000Z,1
2019-11-29T12:32:51.000Z,1
2019-11-29T13:31:41.000Z,1
2019-11-29T13:36:12.000Z,1
2019-11-29T14:04:28.000Z,1
2019-11-29T14:22:19.000Z,1
2019-11-29T16:14:34.000Z,1
2019-11-29T16:18:49.000Z,1
2019-11-29T16:26:22.000Z,1
2019-11-29T16:54:57.000Z,1
2019-11-29T18:18:20.000Z,1
2019-11-29T20:24:30.000Z,1
2019-11-29T22:03:24.000Z,1
2019-11-29T22:17:45.000Z,1
2019-11-29T23:46:39.000Z,1
2019-11-30T07:03:22.000Z,1
2019-11-30T07:29:19.000Z,1
2019-11-30T09:04:51.000Z,1
2019-11-30T11:39:39.000Z,1
2019-11-30T17:27:35.000Z,1
2019-11-30T17:47:12.000Z,1
2019-11-30T19:17:45.000Z,1
2019-11-30T20:11:26.000Z,1
2019-12-01T09:50:15.000Z,1
2019-12-01T10:39:08.000Z,1
2019-12-01T11:39:44.000Z,1
2019-12-01T11:51:22.000Z,1
2019-12-01T11:58:10.000Z,1
2019-12-01T12:54:49.000Z,1
2019-12-01T13:52:46.000Z,1
2019-12-01T15:00:46.000Z,1
2019-12-01T16:27:29.000Z,1
2019-12-01T16:38:53.000Z,1
2019-12-01T18:22:36.000Z,1
2019-12-01T18:57:23.000Z,1
2019-12-01T20:19:32.000Z,1
2019-12-01T23:54:03.000Z,1
2019-12-02T05:18:35.000Z,1
2019-12-02T06:13:51.000Z,1
2019-12-02T06:48:23.000Z,1
2019-12-02T07:23:39.000Z,1
2019-12-02T07:24:57.000Z,1
2019-12-02T07:26:11.000Z,1
2019-12-02T07:29:04.000Z,1
2019-12-02T07:32:23.000Z,1
2019-12-02T07:51:59.000Z,1
2019-12-02T08:26:41.000Z,2
2019-12-02T08:45:45.000Z,1
2019-12-02T10:13:36.000Z,1
2019-12-02T12:42:49.000Z,1
2019-12-02T14:36:21.000Z,1
2019-12-02T15:16:26.000Z,1
2019-12-02T15:38:36.000Z,1
2019-12-02T17:54:46.000Z,1
2019-12-02T17:58:27.000Z,1
2019-12-02T18:16:31.000Z,1
2019-12-02T21:06:09.000Z,1
2019-12-02T22:15:23.000Z,1
2019-12-02T22:30:22.000Z,1
2019-12-03T08:55:24.000Z,1
2019-12-03T10:36:38.000Z,1
2019-12-03T16:47:44.000Z,1
2019-12-02T12:06:31.000Z,1
2019-12-02T12:33:10.000Z,1
2019-12-02T14:02:45.000Z,1
2019-12-02T14:41:57.000Z,1
2019-12-02T16:05:25.000Z,1
2019-12-02T17:00:10.000Z,1
2019-12-02T17:02:54.000Z,1
2019-12-02T17:04:23.000Z,2
2019-12-02T17:11:07.000Z,1
2019-12-02T17:17:02.000Z,1
2019-12-02T17:45:55.000Z,2
2019-12-02T17:48:43.000Z,1
2019-12-02T17:55:52.000Z,1
2019-12-02T18:19:45.000Z,1
2019-12-02T18:35:54.000Z,1
2019-12-02T19:40:30.000Z,1
2019-12-02T20:29:04.000Z,1
2019-12-02T23:12:21.000Z,1
2019-12-03T06:04:11.000Z,1
2019-12-03T06:07:42.000Z,1
2019-12-03T07:00:13.000Z,2
2019-12-03T07:12:19.000Z,1
2019-12-03T07:24:30.000Z,1
2019-12-03T07:35:33.000Z,1
2019-12-03T07:47:57.000Z,1
2019-12-03T08:00:41.000Z,1
2019-12-03T08:24:18.000Z,1
2019-12-03T08:48:21.000Z,1
2019-12-03T09:36:08.000Z,1
2019-12-03T10:20:13.000Z,1
2019-12-03T12:23:57.000Z,1
2019-12-03T13:24:41.000Z,1
2019-12-03T13:30:48.000Z,1
2019-12-03T13:52:23.000Z,1
2019-12-03T14:52:03.000Z,1
2019-12-03T16:04:02.000Z,1
2019-12-03T16:47:53.000Z,1
2019-12-03T17:11:58.000Z,1
2019-12-03T17:12:04.000Z,2
2019-12-03T17:15:20.000Z,1
2019-12-03T17:38:47.000Z,2
2019-12-03T17:46:53.000Z,1
2019-12-03T18:09:23.000Z,1
2019-12-03T18:22:47.000Z,1
2019-12-03T18:27:12.000Z,1
2019-12-03T18:33:29.000Z,1
2019-12-03T18:34:57.000Z,1
2019-12-03T18:36:17.000Z,2
2019-12-03T18:39:39.000Z,1
2019-12-03T19:16:08.000Z,1
2019-12-03T19:55:26.000Z,1
2019-12-03T20:21:19.000Z,1
2019-12-03T20:34:33.000Z,1
2019-12-03T20:36:03.000Z,2
2019-12-03T20:47:29.000Z,1
2019-12-03T21:41:03.000Z,1
2019-12-03T21:53:39.000Z,1
2019-12-04T02:08:31.000Z,1
2019-12-04T07:27:42.000Z,1
2019-12-04T07:35:58.000Z,1
2019-12-04T07:40:14.000Z,1
2019-12-04T08:14:11.000Z,1
2019-12-04T08:15:57.000Z,1
2019-12-04T08:17:08.000Z,1
2019-12-04T08:34:32.000Z,1
2019-12-04T08:40:42.000Z,3
2019-12-04T08:51:30.000Z,2
2019-12-04T10:00:43.000Z,1
2019-12-04T10:52:00.000Z,1
2019-12-04T11:04:05.000Z,1
2019-12-04T12:43:36.000Z,1
2019-12-04T13:02:45.000Z,1
2019-12-04T13:16:03.000Z,1
2019-12-04T13:33:47.000Z,1
2019-12-04T13:44:11.000Z,1
2019-12-04T14:06:39.000Z,1
2019-12-04T14:22:46.000Z,1
2019-12-04T14:41:31.000Z,1
2019-12-04T16:13:23.000Z,1
2019-12-04T16:36:35.000Z,1
2019-12-04T17:05:05.000Z,1
2019-12-04T17:06:56.000Z,2
2019-12-04T17:08:23.000Z,1
2019-12-04T17:21:25.000Z,1
2019-12-04T17:40:50.000Z,2
2019-12-04T17:54:06.000Z,1
2019-12-04T18:05:38.000Z,1
2019-12-04T18:20:36.000Z,1
2019-12-04T18:37:28.000Z,1
2019-12-04T19:31:33.000Z,1
2019-12-04T19:57:03.000Z,1
2019-12-04T20:35:58.000Z,1
2019-12-04T20:52:06.000Z,1
2019-12-04T22:08:53.000Z,1
2019-12-05T02:06:05.000Z,1
2019-12-05T07:20:56.000Z,2
2019-12-05T07:44:13.000Z,3
2019-12-05T08:31:28.000Z,1
2019-12-05T08:33:24.000Z,1
2019-12-05T09:20:21.000Z,1
2019-12-05T09:38:45.000Z,1
2019-12-05T09:44:32.000Z,1
2019-12-05T10:45:27.000Z,1
2019-12-05T10:58:30.000Z,1
2019-12-05T11:14:17.000Z,1
2019-12-05T11:20:41.000Z,1
2019-12-05T12:15:34.000Z,1
2019-12-05T13:58:22.000Z,2
2019-12-05T14:21:07.000Z,1
2019-12-05T15:48:44.000Z,1
2019-12-05T15:59:54.000Z,1
2019-12-05T16:04:08.000Z,1
2019-12-05T16:16:52.000Z,1
2019-12-05T16:43:27.000Z,1
2019-12-05T17:13:00.000Z,1
2019-12-05T17:18:27.000Z,1
2019-12-05T17:19:57.000Z,1
2019-12-05T18:32:09.000Z,1
2019-12-05T20:14:12.000Z,1
2019-12-05T20:22:32.000Z,1
2019-12-05T21:05:08.000Z,1
2019-12-05T21:21:45.000Z,1
2019-12-05T23:40:33.000Z,1
2019-12-06T00:43:55.000Z,1
2019-12-06T05:48:02.000Z,1
2019-12-06T06:10:02.000Z,1
2019-12-06T07:35:59.000Z,1
2019-12-06T07:57:01.000Z,2
2019-12-06T07:57:27.000Z,1
2019-12-06T08:03:44.000Z,1
2019-12-06T08:26:31.000Z,1
2019-12-06T08:29:10.000Z,1
2019-12-06T08:33:03.000Z,1
2019-12-06T08:33:46.000Z,1
2019-12-06T08:36:30.000Z,1
2019-12-06T08:50:39.000Z,1
2019-12-06T09:33:28.000Z,1
2019-12-06T09:56:18.000Z,1
2019-12-06T11:01:58.000Z,1
2019-12-06T11:42:50.000Z,1
2019-12-06T12:07:57.000Z,1
2019-12-06T12:57:55.000Z,1
2019-12-06T13:06:54.000Z,1
2019-12-06T13:12:14.000Z,1
2019-12-06T13:49:32.000Z,1
2019-12-06T14:03:27.000Z,1
2019-12-06T14:10:21.000Z,1
2019-12-06T14:19:39.000Z,1
2019-12-06T14:59:50.000Z,1
2019-12-06T15:10:14.000Z,1
2019-12-06T15:29:17.000Z,1
2019-12-06T15:32:51.000Z,1
2019-12-06T15:48:02.000Z,1
2019-12-06T16:02:13.000Z,1
2019-12-06T16:15:15.000Z,1
2019-12-06T17:12:02.000Z,1
2019-12-06T17:31:51.000Z,1
2019-12-06T17:44:56.000Z,1
2019-12-06T18:01:47.000Z,1
2019-12-06T18:34:46.000Z,1
2019-12-06T20:24:30.000Z,1
2019-12-07T00:17:50.000Z,2
2019-12-07T00:59:31.000Z,1
2019-12-07T09:51:14.000Z,1
2019-12-07T10:06:44.000Z,1
2019-12-07T10:39:18.000Z,1
2019-12-07T10:47:51.000Z,1
2019-12-07T11:21:11.000Z,1
2019-12-07T11:50:35.000Z,1
2019-12-07T13:34:54.000Z,1
2019-12-07T14:26:18.000Z,1
2019-12-07T14:36:04.000Z,1
2019-12-07T15:15:31.000Z,1
2019-12-07T15:15:53.000Z,1
2019-12-07T15:16:41.000Z,1
2019-12-07T15:17:49.000Z,1
2019-12-07T16:16:35.000Z,1
2019-12-07T16:25:29.000Z,1
2019-12-07T16:30:57.000Z,1
2019-12-07T16:53:55.000Z,2
2019-12-07T17:50:54.000Z,1
2019-12-07T17:58:43.000Z,1
2019-12-07T18:23:08.000Z,1
2019-12-07T19:27:26.000Z,1
2019-12-07T20:10:51.000Z,1
2019-12-07T20:45:53.000Z,1
2019-12-07T21:04:24.000Z,1
2019-12-07T22:00:42.000Z,1
2019-12-07T22:35:49.000Z,1
2019-12-07T23:08:19.000Z,1
2019-12-08T01:14:48.000Z,1
2019-12-08T09:39:21.000Z,1
2019-12-08T10:56:11.000Z,1
2019-12-08T10:59:40.000Z,1
2019-12-08T11:43:39.000Z,1
2019-12-08T12:43:42.000Z,1
2019-12-08T13:06:45.000Z,1
2019-12-08T13:41:26.000Z,1
2019-12-08T14:25:54.000Z,1
2019-12-08T14:47:24.000Z,1
2019-12-08T14:58:40.000Z,1
2019-12-08T15:54:31.000Z,1
2019-12-08T16:04:58.000Z,1
2019-12-08T16:40:15.000Z,1
2019-12-08T17:20:39.000Z,1
2019-12-08T18:21:05.000Z,1
2019-12-08T18:49:50.000Z,1
2019-12-08T19:36:44.000Z,1
2019-12-08T19:52:37.000Z,1
2019-12-08T20:48:36.000Z,1
2019-12-08T21:28:55.000Z,1
2019-12-09T06:04:01.000Z,1
2019-12-09T06:49:31.000Z,2
2019-12-09T07:28:26.000Z,1
2019-12-09T07:40:52.000Z,1
2019-12-09T07:54:34.000Z,1
2019-12-09T08:16:11.000Z,2
2019-12-09T08:22:33.000Z,1
2019-12-09T08:32:40.000Z,1
2019-12-09T08:33:00.000Z,1
2019-12-09T08:59:27.000Z,1
2019-12-09T09:41:53.000Z,1
2019-12-09T10:31:50.000Z,1
2019-12-09T11:34:07.000Z,1
2019-12-09T11:37:39.000Z,1
2019-12-09T11:50:51.000Z,1
2019-12-09T11:59:50.000Z,1
2019-12-09T13:23:26.000Z,1
2019-12-09T14:01:49.000Z,1
2019-12-09T14:33:39.000Z,1
2019-12-09T14:34:34.000Z,1
2019-12-09T14:47:33.000Z,2
2019-12-09T15:20:03.000Z,1
2019-12-09T15:47:49.000Z,1
2019-12-09T15:54:24.000Z,1
2019-12-09T15:58:24.000Z,1
2019-12-09T16:37:06.000Z,1
2019-12-09T16:54:37.000Z,1
2019-12-09T16:54:55.000Z,2
2019-12-09T16:57:33.000Z,1
2019-12-09T17:13:06.000Z,1
2019-12-09T17:20:49.000Z,1
2019-12-09T17:56:25.000Z,1
2019-12-09T17:58:55.000Z,1
2019-12-09T18:05:23.000Z,1
2019-12-09T18:53:50.000Z,1
2019-12-09T19:01:53.000Z,1
2019-12-09T20:02:50.000Z,1
2019-12-09T21:33:55.000Z,1
2019-12-10T05:49:45.000Z,1
2019-12-10T07:05:05.000Z,1
2019-12-10T07:29:08.000Z,1
2019-12-10T07:38:12.000Z,1
2019-12-10T08:37:57.000Z,1
2019-12-10T08:41:41.000Z,1
2019-12-10T09:10:01.000Z,1
2019-12-10T09:53:44.000Z,1
2019-12-10T12:20:20.000Z,1
2019-12-10T13:54:53.000Z,1
2019-12-10T14:04:09.000Z,1
2019-12-10T15:08:55.000Z,1
2019-12-10T16:30:07.000Z,1
2019-12-10T16:44:24.000Z,1
2019-12-10T17:06:23.000Z,2
2019-12-10T17:15:53.000Z,1
2019-12-10T17:53:55.000Z,2
2019-12-10T19:01:51.000Z,1
2019-12-10T19:44:42.000Z,1
2019-12-10T20:58:52.000Z,1
2019-12-10T21:24:42.000Z,1
2019-12-11T06:32:33.000Z,1
2019-12-11T07:40:15.000Z,1
2019-12-11T08:00:43.000Z,1
2019-12-11T09:16:09.000Z,2
2019-12-11T11:50:29.000Z,1
2019-12-02T06:45:26.000Z,1
2019-12-02T07:27:20.000Z,1
2019-12-02T07:38:32.000Z,1
2019-12-02T07:57:22.000Z,1
2019-12-02T08:02:45.000Z,2
2019-12-02T08:07:50.000Z,1
2019-12-02T08:17:07.000Z,1
2019-12-02T08:45:47.000Z,1
2019-12-02T10:17:34.000Z,2
2019-12-02T11:02:15.000Z,1
2019-12-02T12:41:49.000Z,1
2019-12-02T13:21:17.000Z,1
2019-12-02T13:36:55.000Z,1
2019-12-02T18:01:53.000Z,1
2019-12-02T22:13:58.000Z,1
2019-12-03T05:18:17.000Z,1
2019-12-03T06:10:39.000Z,1
2019-12-03T06:24:03.000Z,1
2019-12-03T06:38:35.000Z,1
2019-12-03T07:59:02.000Z,1
2019-12-02T08:55:04.000Z,1
2019-12-02T11:30:05.000Z,1
2019-12-02T12:48:42.000Z,1
2019-12-02T14:46:25.000Z,1
2019-12-02T15:00:50.000Z,1
2019-12-02T15:23:13.000Z,1
2019-12-02T15:37:51.000Z,1
2019-12-02T15:51:00.000Z,1
2019-12-02T16:19:31.000Z,1
2019-12-02T16:30:15.000Z,1
2019-12-02T18:05:31.000Z,1
2019-12-02T18:12:59.000Z,1
2019-12-02T18:17:44.000Z,2
2019-12-02T20:36:14.000Z,1
2019-12-02T21:03:18.000Z,1
2019-12-02T21:25:33.000Z,1
2019-12-03T06:23:08.000Z,1
2019-12-03T06:23:33.000Z,1
2019-12-03T06:29:40.000Z,1
2019-12-03T07:27:07.000Z,2
2019-12-03T08:28:04.000Z,2
2019-12-03T08:46:06.000Z,1
2019-12-03T08:47:39.000Z,1
2019-12-03T10:32:44.000Z,1
2019-12-03T10:47:07.000Z,1
2019-12-03T11:02:52.000Z,1
2019-12-03T12:14:31.000Z,1
2019-12-03T16:16:11.000Z,1
2019-12-03T16:22:58.000Z,1
2019-12-03T16:43:56.000Z,1
2019-12-03T16:48:09.000Z,1
2019-12-03T16:54:18.000Z,1
2019-12-03T16:56:12.000Z,1
2019-12-03T17:27:26.000Z,1
2019-12-03T17:40:24.000Z,1
2019-12-03T17:43:26.000Z,1
2019-12-03T17:47:49.000Z,1
2019-12-03T17:57:18.000Z,1
2019-12-03T18:04:44.000Z,1
2019-12-03T18:06:30.000Z,1
2019-12-03T18:20:36.000Z,1
2019-12-03T18:23:54.000Z,1
2019-12-03T18:55:29.000Z,1
2019-12-03T19:25:48.000Z,1
2019-12-03T20:02:34.000Z,1
2019-12-03T20:31:26.000Z,1
2019-12-04T02:26:48.000Z,1
2019-12-04T06:12:40.000Z,1
2019-12-04T06:43:22.000Z,1
2019-12-04T06:45:02.000Z,1
2019-12-04T07:13:16.000Z,1
2019-12-04T07:23:56.000Z,1
2019-12-04T07:39:18.000Z,1
2019-12-04T08:13:11.000Z,1
2019-12-04T08:22:10.000Z,2
2019-12-04T08:31:03.000Z,1
2019-12-04T08:31:48.000Z,1
2019-12-04T08:43:35.000Z,1
2019-12-04T08:46:00.000Z,1
2019-12-04T09:03:31.000Z,1
2019-12-04T09:32:42.000Z,1
2019-12-04T09:42:06.000Z,1
2019-12-04T11:07:01.000Z,1
2019-12-04T12:42:42.000Z,1
2019-12-04T12:45:14.000Z,1
2019-12-04T12:47:30.000Z,1
2019-12-04T14:49:02.000Z,1
2019-12-04T15:19:16.000Z,1
2019-12-04T15:41:14.000Z,1
2019-12-04T15:50:30.000Z,1
2019-12-04T16:04:04.000Z,1
2019-12-04T16:07:35.000Z,2
2019-12-04T16:26:46.000Z,1
2019-12-04T16:45:06.000Z,1
2019-12-04T17:03:39.000Z,1
2019-12-04T17:37:34.000Z,1
2019-12-04T17:46:36.000Z,1
2019-12-04T17:51:31.000Z,1
2019-12-04T18:19:56.000Z,1
2019-12-04T18:20:23.000Z,1
2019-12-04T18:26:58.000Z,1
2019-12-04T18:27:51.000Z,1
2019-12-04T18:49:03.000Z,1
2019-12-04T19:22:52.000Z,1
2019-12-04T19:52:12.000Z,1
2019-12-04T21:02:52.000Z,1
2019-12-04T21:49:23.000Z,1
2019-12-04T22:17:58.000Z,1
2019-12-05T06:26:17.000Z,1
2019-12-05T06:50:47.000Z,1
2019-12-05T07:28:35.000Z,1
2019-12-05T07:47:02.000Z,1
2019-12-05T08:13:41.000Z,2
2019-12-05T08:39:35.000Z,1
2019-12-05T08:51:36.000Z,2
2019-12-05T09:13:49.000Z,1
2019-12-05T09:26:08.000Z,1
2019-12-05T11:07:50.000Z,1
2019-12-05T11:36:21.000Z,1
2019-12-05T11:39:55.000Z,1
2019-12-05T11:49:43.000Z,1
2019-12-05T11:53:29.000Z,1
2019-12-05T11:55:18.000Z,2
2019-12-05T11:58:34.000Z,1
2019-12-05T12:52:17.000Z,1
2019-12-05T13:20:47.000Z,1
2019-12-05T13:46:34.000Z,1
2019-12-05T13:52:32.000Z,1
2019-12-05T14:10:33.000Z,1
2019-12-05T14:44:08.000Z,2
2019-12-05T14:48:26.000Z,2
2019-12-05T16:03:27.000Z,2
2019-12-05T16:23:33.000Z,1
2019-12-05T16:28:19.000Z,2
2019-12-05T16:33:44.000Z,1
2019-12-05T16:44:35.000Z,1
2019-12-05T16:45:46.000Z,1
2019-12-05T16:54:42.000Z,1
2019-12-05T16:58:33.000Z,1
2019-12-05T17:02:04.000Z,1
2019-12-05T17:05:04.000Z,1
2019-12-05T17:15:57.000Z,1
2019-12-05T17:21:28.000Z,1
2019-12-05T17:23:10.000Z,1
2019-12-05T18:35:38.000Z,1
2019-12-05T19:19:01.000Z,1
2019-12-05T22:37:06.000Z,1
2019-12-05T22:51:08.000Z,1
2019-12-05T23:37:03.000Z,1
2019-12-06T01:28:51.000Z,1
2019-12-06T07:06:36.000Z,1
2019-12-06T07:53:43.000Z,1
2019-12-06T08:13:16.000Z,2
2019-12-06T08:26:39.000Z,1
2019-12-06T08:32:11.000Z,1
2019-12-06T08:57:05.000Z,1
2019-12-06T09:00:03.000Z,1
2019-12-06T09:13:29.000Z,1
2019-12-06T10:08:05.000Z,1
2019-12-06T13:44:54.000Z,1
2019-12-06T14:07:40.000Z,1
2019-12-06T14:32:43.000Z,1
2019-12-06T16:20:13.000Z,1
2019-12-06T16:20:35.000Z,1
2019-12-06T16:21:47.000Z,1
2019-12-06T17:01:26.000Z,1
2019-12-06T17:13:57.000Z,3
2019-12-06T18:55:01.000Z,1
2019-12-06T19:12:47.000Z,1
2019-12-06T19:24:14.000Z,1
2019-12-06T20:09:21.000Z,1
2019-12-06T21:57:18.000Z,1
2019-12-06T22:53:50.000Z,1
2019-12-07T00:09:49.000Z,1
2019-12-07T09:06:04.000Z,1
2019-12-07T10:13:28.000Z,1
2019-12-07T11:04:47.000Z,1
2019-12-07T11:20:04.000Z,1
2019-12-07T11:54:25.000Z,1
2019-12-07T12:23:57.000Z,1
2019-12-07T12:26:55.000Z,1
2019-12-07T12:50:43.000Z,2
2019-12-07T13:20:38.000Z,1
2019-12-07T13:47:35.000Z,1
2019-12-07T13:49:53.000Z,1
2019-12-07T13:53:11.000Z,1
2019-12-07T13:54:18.000Z,1
2019-12-07T14:08:40.000Z,1
2019-12-07T14:31:32.000Z,1
2019-12-07T14:45:23.000Z,1
2019-12-07T15:35:01.000Z,1
2019-12-07T16:27:44.000Z,1
2019-12-07T16:40:55.000Z,1
2019-12-07T17:30:36.000Z,1
2019-12-07T17:37:09.000Z,1
2019-12-07T18:36:00.000Z,1
2019-12-07T19:11:42.000Z,1
2019-12-07T19:15:58.000Z,1
2019-12-07T23:10:07.000Z,1
2019-12-08T10:23:08.000Z,1
2019-12-08T10:43:59.000Z,1
2019-12-08T10:52:04.000Z,1
2019-12-08T10:54:17.000Z,1
2019-12-08T12:38:04.000Z,2
2019-12-08T12:38:19.000Z,1
2019-12-08T12:58:19.000Z,2
2019-12-08T13:18:41.000Z,1
2019-12-08T13:21:31.000Z,1
2019-12-08T13:35:22.000Z,1
2019-12-08T14:04:56.000Z,1
2019-12-08T14:57:27.000Z,1
2019-12-08T15:24:24.000Z,2
2019-12-08T15:33:56.000Z,1
2019-12-08T15:38:45.000Z,2
2019-12-08T16:26:49.000Z,1
2019-12-08T16:56:10.000Z,1
2019-12-08T17:01:11.000Z,1
2019-12-08T17:48:55.000Z,1
2019-12-08T20:46:16.000Z,1
2019-12-09T04:24:59.000Z,1
2019-12-09T06:22:06.000Z,1
2019-12-09T07:05:51.000Z,1
2019-12-09T07:34:25.000Z,1
2019-12-09T07:51:08.000Z,1
2019-12-09T08:06:04.000Z,1
2019-12-09T08:10:00.000Z,1
2019-12-09T08:12:08.000Z,2
2019-12-09T08:14:55.000Z,1
2019-12-09T08:21:05.000Z,1
2019-12-09T08:28:14.000Z,1
2019-12-09T08:32:25.000Z,1
2019-12-09T09:56:40.000Z,1
2019-12-09T11:27:55.000Z,1
2019-12-09T12:47:01.000Z,1
2019-12-09T13:04:14.000Z,1
2019-12-09T13:21:13.000Z,1
2019-12-09T13:36:38.000Z,1
2019-12-09T14:14:06.000Z,1
2019-12-09T15:34:01.000Z,1
2019-12-09T15:59:29.000Z,1
2019-12-09T16:05:56.000Z,1
2019-12-09T16:19:36.000Z,1
2019-12-09T16:23:34.000Z,1
2019-12-09T16:29:10.000Z,1
2019-12-09T16:53:41.000Z,1
2019-12-09T16:59:07.000Z,1
2019-12-09T17:03:33.000Z,1
2019-12-09T17:23:18.000Z,2
2019-12-09T17:26:23.000Z,1
2019-12-09T17:31:30.000Z,2
2019-12-09T17:49:00.000Z,1
2019-12-09T18:10:43.000Z,1
2019-12-09T18:31:36.000Z,1
2019-12-09T18:41:59.000Z,1
2019-12-09T18:45:09.000Z,1
2019-12-09T18:58:05.000Z,1
2019-12-09T19:23:30.000Z,1
2019-12-09T20:02:15.000Z,1
2019-12-09T20:49:00.000Z,1
2019-12-10T00:09:53.000Z,1
2019-12-10T05:23:46.000Z,1
2019-12-10T06:20:34.000Z,1
2019-12-10T06:37:29.000Z,1
2019-12-10T07:06:46.000Z,1
2019-12-10T07:17:02.000Z,1
2019-12-10T07:18:16.000Z,1
2019-12-10T07:50:47.000Z,1
2019-12-10T09:01:46.000Z,2
2019-12-10T10:29:14.000Z,1
2019-12-10T11:20:11.000Z,1
2019-12-10T12:25:46.000Z,1
2019-12-10T13:12:27.000Z,1
2019-12-10T14:06:32.000Z,1
2019-12-10T15:16:32.000Z,1
2019-12-10T15:29:50.000Z,1
2019-12-10T15:59:49.000Z,1
2019-12-10T16:04:44.000Z,1
2019-12-10T16:43:15.000Z,1
2019-12-10T17:37:45.000Z,1
2019-12-10T17:40:29.000Z,1
2019-12-10T17:46:45.000Z,1
2019-12-10T18:03:00.000Z,1
2019-12-10T18:03:17.000Z,1
2019-12-10T18:05:49.000Z,2
2019-12-10T18:19:32.000Z,2
2019-12-10T19:00:38.000Z,1
2019-12-11T06:01:03.000Z,1
2019-12-11T11:07:57.000Z,1
2019-12-11T11:56:03.000Z,1
2019-12-02T06:47:56.000Z,1
2019-12-02T07:43:07.000Z,1
2019-12-02T07:53:54.000Z,2
2019-12-02T07:58:39.000Z,1
2019-12-02T07:59:50.000Z,1
2019-12-02T08:18:03.000Z,1
2019-12-02T08:21:55.000Z,1
2019-12-02T08:27:27.000Z,2
2019-12-02T08:29:44.000Z,1
2019-12-02T08:46:48.000Z,1
2019-12-02T11:01:55.000Z,1
2019-12-02T12:59:05.000Z,1
2019-12-02T13:13:00.000Z,1
2019-12-02T13:33:39.000Z,1
2019-12-02T14:14:18.000Z,1
2019-12-02T15:49:59.000Z,1
2019-12-02T16:15:33.000Z,1
2019-12-02T17:10:27.000Z,1
2019-12-02T17:54:20.000Z,1
2019-12-02T19:15:00.000Z,1
2019-12-03T16:55:06.000Z,2
2019-12-02T13:23:08.000Z,1
2019-12-02T15:29:07.000Z,1
2019-12-02T17:12:30.000Z,1
2019-12-02T17:31:35.000Z,1
2019-12-02T17:51:21.000Z,1
2019-12-02T18:09:57.000Z,2
2019-12-02T19:29:01.000Z,1
2019-12-02T20:21:26.000Z,1
2019-12-02T20:40:51.000Z,1
2019-12-03T05:40:23.000Z,1
2019-12-03T06:38:58.000Z,1
2019-12-03T06:45:13.000Z,1
2019-12-03T07:47:54.000Z,1
2019-12-03T07:53:04.000Z,1
2019-12-03T08:00:51.000Z,2
2019-12-03T08:11:05.000Z,1
2019-12-03T08:22:11.000Z,1
2019-12-03T08:29:48.000Z,1
2019-12-03T08:33:27.000Z,1
2019-12-03T08:35:22.000Z,2
2019-12-03T08:39:34.000Z,1
2019-12-03T08:50:34.000Z,1
2019-12-03T08:53:29.000Z,1
2019-12-03T08:58:26.000Z,1
2019-12-03T09:10:08.000Z,1
2019-12-03T09:14:01.000Z,1
2019-12-03T09:52:22.000Z,1
2019-12-03T10:48:52.000Z,1
2019-12-03T14:50:06.000Z,1
2019-12-03T15:04:40.000Z,1
2019-12-03T15:20:11.000Z,1
2019-12-03T16:18:51.000Z,1
2019-12-03T16:21:55.000Z,1
2019-12-03T17:04:46.000Z,1
2019-12-03T17:09:40.000Z,1
2019-12-03T17:12:24.000Z,1
2019-12-03T17:18:41.000Z,1
2019-12-03T17:22:24.000Z,2
2019-12-03T17:37:41.000Z,1
2019-12-03T17:47:19.000Z,1
2019-12-03T18:09:06.000Z,1
2019-12-03T18:27:30.000Z,1
2019-12-03T19:41:53.000Z,2
2019-12-03T19:55:23.000Z,1
2019-12-03T21:04:21.000Z,1
2019-12-03T22:21:41.000Z,1
2019-12-04T05:17:40.000Z,1
2019-12-04T05:56:33.000Z,1
2019-12-04T07:04:15.000Z,1
2019-12-04T07:18:32.000Z,1
2019-12-04T07:48:47.000Z,1
2019-12-04T08:34:14.000Z,1
2019-12-04T08:34:48.000Z,1
2019-12-04T08:45:32.000Z,1
2019-12-04T08:49:18.000Z,1
2019-12-04T08:56:40.000Z,1
2019-12-04T09:30:37.000Z,1
2019-12-04T10:24:06.000Z,1
2019-12-04T10:41:46.000Z,1
2019-12-04T12:13:26.000Z,1
2019-12-04T12:25:43.000Z,1
2019-12-04T12:41:11.000Z,1
2019-12-04T12:56:06.000Z,1
2019-12-04T13:15:44.000Z,1
2019-12-04T13:43:34.000Z,1
2019-12-04T13:44:44.000Z,1
2019-12-04T14:35:10.000Z,1
2019-12-04T15:29:20.000Z,1
2019-12-04T15:38:59.000Z,1
2019-12-04T15:53:34.000Z,1
2019-12-04T16:10:04.000Z,1
2019-12-04T16:13:39.000Z,1
2019-12-04T16:22:25.000Z,1
2019-12-04T16:42:21.000Z,1
2019-12-04T17:00:44.000Z,2
2019-12-04T17:09:41.000Z,1
2019-12-04T17:12:18.000Z,1
2019-12-04T17:18:04.000Z,2
2019-12-04T17:30:09.000Z,5
2019-12-04T17:43:12.000Z,1
2019-12-04T17:50:20.000Z,1
2019-12-04T17:52:40.000Z,1
2019-12-04T19:16:43.000Z,1
2019-12-04T19:44:37.000Z,1
2019-12-04T19:46:57.000Z,1
2019-12-04T19:47:21.000Z,1
2019-12-04T20:51:49.000Z,1
2019-12-04T20:52:14.000Z,1
2019-12-04T21:16:43.000Z,1
2019-12-05T01:32:38.000Z,1
2019-12-05T01:38:57.000Z,1
2019-12-05T05:15:56.000Z,1
2019-12-05T05:52:13.000Z,1
2019-12-05T06:28:39.000Z,1
2019-12-05T07:37:36.000Z,1
2019-12-05T08:15:12.000Z,2
2019-12-05T08:22:04.000Z,2
2019-12-05T08:32:08.000Z,1
2019-12-05T09:17:42.000Z,1
2019-12-05T09:31:51.000Z,1
2019-12-05T09:34:57.000Z,2
2019-12-05T10:37:08.000Z,1
2019-12-05T10:57:32.000Z,1
2019-12-05T11:15:04.000Z,1
2019-12-05T11:31:16.000Z,1
2019-12-05T11:56:11.000Z,1
2019-12-05T12:59:12.000Z,1
2019-12-05T13:38:21.000Z,1
2019-12-05T14:43:03.000Z,1
2019-12-05T16:03:04.000Z,1
2019-12-05T16:10:47.000Z,1
2019-12-05T16:14:32.000Z,1
2019-12-05T16:35:07.000Z,1
2019-12-05T16:38:03.000Z,1
2019-12-05T17:12:59.000Z,2
2019-12-05T17:12:57.000Z,1
2019-12-05T17:41:47.000Z,1
2019-12-05T18:06:38.000Z,1
2019-12-05T18:20:13.000Z,1
2019-12-05T18:52:07.000Z,1
2019-12-05T18:54:50.000Z,1
2019-12-05T19:00:49.000Z,1
2019-12-05T19:51:31.000Z,1
2019-12-05T20:56:15.000Z,1
2019-12-05T21:38:08.000Z,1
2019-12-05T22:11:16.000Z,1
2019-12-05T22:44:35.000Z,2
2019-12-05T22:53:29.000Z,1
2019-12-05T22:54:43.000Z,1
2019-12-05T23:38:26.000Z,1
2019-12-06T00:56:08.000Z,1
2019-12-06T05:58:45.000Z,1
2019-12-06T06:03:36.000Z,1
2019-12-06T06:40:29.000Z,1
2019-12-06T06:59:29.000Z,1
2019-12-06T07:17:50.000Z,1
2019-12-06T08:03:30.000Z,1
2019-12-06T08:21:03.000Z,1
2019-12-06T08:31:43.000Z,1
2019-12-06T08:32:34.000Z,2
2019-12-06T08:50:18.000Z,1
2019-12-06T09:05:13.000Z,1
2019-12-06T09:59:12.000Z,1
2019-12-06T12:18:27.000Z,1
2019-12-06T12:57:44.000Z,1
2019-12-06T12:58:40.000Z,1
2019-12-06T13:07:45.000Z,1
2019-12-06T13:15:13.000Z,1
2019-12-06T14:41:01.000Z,1
2019-12-06T16:18:40.000Z,1
2019-12-06T16:30:40.000Z,1
2019-12-06T16:34:32.000Z,1
2019-12-06T16:37:56.000Z,1
2019-12-06T16:46:26.000Z,1
2019-12-06T16:50:50.000Z,1
2019-12-06T17:51:16.000Z,1
2019-12-06T17:58:44.000Z,1
2019-12-06T18:59:08.000Z,1
2019-12-06T20:02:34.000Z,1
2019-12-06T20:25:21.000Z,1
2019-12-06T20:31:14.000Z,1
2019-12-07T08:29:21.000Z,1
2019-12-07T08:45:02.000Z,1
2019-12-07T09:14:04.000Z,1
2019-12-07T12:44:40.000Z,1
2019-12-07T12:45:21.000Z,1
2019-12-07T13:29:11.000Z,1
2019-12-07T13:50:52.000Z,1
2019-12-07T14:13:46.000Z,1
2019-12-07T14:25:38.000Z,1
2019-12-07T15:11:20.000Z,1
2019-12-07T17:20:24.000Z,1
2019-12-07T19:28:29.000Z,1
2019-12-07T20:53:29.000Z,1
2019-12-08T01:37:52.000Z,1
2019-12-08T09:46:29.000Z,1
2019-12-08T11:37:44.000Z,1
2019-12-08T11:55:08.000Z,1
2019-12-08T11:55:50.000Z,1
2019-12-08T12:25:20.000Z,1
2019-12-08T12:26:57.000Z,1
2019-12-08T13:37:35.000Z,1
2019-12-08T13:57:09.000Z,1
2019-12-08T14:18:10.000Z,1
2019-12-08T15:18:54.000Z,1
2019-12-08T15:26:08.000Z,1
2019-12-08T16:12:41.000Z,1
2019-12-08T16:24:39.000Z,1
2019-12-08T16:37:15.000Z,1
2019-12-08T16:49:05.000Z,1
2019-12-08T19:20:20.000Z,1
2019-12-08T19:36:18.000Z,1
2019-12-08T20:40:33.000Z,1
2019-12-08T20:56:27.000Z,1
2019-12-08T22:54:11.000Z,1
2019-12-09T05:17:35.000Z,1
2019-12-09T06:20:23.000Z,1
2019-12-09T06:32:13.000Z,1
2019-12-09T07:26:58.000Z,2
2019-12-09T07:46:08.000Z,1
2019-12-09T07:54:33.000Z,1
2019-12-09T07:57:09.000Z,1
2019-12-09T08:05:21.000Z,1
2019-12-09T08:11:45.000Z,1
2019-12-09T08:32:37.000Z,1
2019-12-09T08:56:21.000Z,1
2019-12-09T09:12:21.000Z,1
2019-12-09T09:20:37.000Z,1
2019-12-09T10:46:09.000Z,1
2019-12-09T11:00:13.000Z,1
2019-12-09T12:08:22.000Z,1
2019-12-09T12:26:25.000Z,1
2019-12-09T12:33:44.000Z,1
2019-12-09T12:47:15.000Z,1
2019-12-09T14:14:10.000Z,1
2019-12-09T15:14:09.000Z,1
2019-12-09T16:25:18.000Z,1
2019-12-09T16:35:29.000Z,1
2019-12-09T16:48:24.000Z,1
2019-12-09T17:04:07.000Z,1
2019-12-09T17:19:45.000Z,1
2019-12-09T17:40:24.000Z,1
2019-12-09T18:01:43.000Z,1
2019-12-09T18:29:00.000Z,1
2019-12-09T21:13:49.000Z,1
2019-12-10T06:16:14.000Z,1
2019-12-10T06:24:15.000Z,1
2019-12-10T07:33:42.000Z,1
2019-12-10T08:12:29.000Z,1
2019-12-10T08:33:27.000Z,1
2019-12-10T08:52:44.000Z,1
2019-12-10T08:57:45.000Z,2
2019-12-10T09:09:08.000Z,1
2019-12-10T11:01:22.000Z,1
2019-12-10T12:23:44.000Z,1
2019-12-10T13:49:26.000Z,1
2019-12-10T13:54:41.000Z,1
2019-12-10T13:56:44.000Z,1
2019-12-10T16:48:25.000Z,1
2019-12-10T17:02:21.000Z,1
2019-12-10T17:03:34.000Z,1
2019-12-10T17:24:10.000Z,1
2019-12-10T17:28:01.000Z,1
2019-12-10T17:54:23.000Z,1
2019-12-10T18:53:52.000Z,1
2019-12-10T19:24:22.000Z,1
2019-12-10T19:27:05.000Z,1
2019-12-10T19:30:07.000Z,1
2019-12-10T20:27:53.000Z,1
2019-12-10T20:56:34.000Z,1
2019-12-10T21:19:08.000Z,1
2019-12-10T22:19:50.000Z,1
2019-12-11T05:04:22.000Z,1
2019-12-11T06:23:39.000Z,1
2019-12-11T06:56:08.000Z,1
2019-12-11T07:25:45.000Z,1
2019-12-11T07:36:15.000Z,1
2019-12-11T08:34:47.000Z,1
2019-12-11T08:56:28.000Z,1
2019-12-11T10:07:19.000Z,1
2019-12-11T10:36:40.000Z,1
2019-12-02T06:22:12.000Z,1
2019-12-02T07:23:51.000Z,1
2019-12-02T08:01:25.000Z,2
2019-12-02T08:05:23.000Z,1
2019-12-02T08:22:29.000Z,1
2019-12-02T09:36:32.000Z,1
2019-12-02T11:28:23.000Z,1
2019-12-02T13:54:53.000Z,1
2019-12-02T14:04:55.000Z,1
2019-12-02T15:10:50.000Z,1
2019-12-02T15:34:57.000Z,1
2019-12-02T17:22:51.000Z,1
2019-12-02T17:44:23.000Z,1
2019-12-03T07:31:20.000Z,1
2019-12-03T07:50:26.000Z,1
2019-12-03T14:12:59.000Z,1
2019-12-02T07:51:16.000Z,1
2019-12-02T11:46:34.000Z,1
2019-12-02T13:27:35.000Z,1
2019-12-02T15:03:09.000Z,1
2019-12-02T16:44:49.000Z,1
2019-12-02T16:58:11.000Z,1
2019-12-02T17:37:46.000Z,1
2019-12-02T18:03:42.000Z,1
2019-12-02T18:09:53.000Z,1
2019-12-02T18:29:44.000Z,1
2019-12-02T18:47:41.000Z,1
2019-12-02T19:37:44.000Z,1
2019-12-02T21:56:19.000Z,1
2019-12-03T07:15:08.000Z,1
2019-12-03T07:43:42.000Z,1
2019-12-03T07:45:11.000Z,2
2019-12-03T07:47:33.000Z,1
2019-12-03T07:57:17.000Z,1
2019-12-03T07:58:44.000Z,2
2019-12-03T08:04:00.000Z,1
2019-12-03T08:04:02.000Z,1
2019-12-03T09:50:12.000Z,1
2019-12-03T10:39:47.000Z,1
2019-12-03T11:34:19.000Z,1
2019-12-03T12:28:11.000Z,1
2019-12-03T13:51:08.000Z,1
2019-12-03T14:07:59.000Z,1
2019-12-03T14:49:59.000Z,1
2019-12-03T14:59:20.000Z,1
2019-12-03T15:39:34.000Z,1
2019-12-03T16:06:45.000Z,1
2019-12-03T16:11:49.000Z,1
2019-12-03T16:23:23.000Z,1
2019-12-03T16:39:42.000Z,1
2019-12-03T16:59:56.000Z,1
2019-12-03T17:27:35.000Z,1
2019-12-03T17:32:52.000Z,1
2019-12-03T17:46:15.000Z,1
2019-12-03T18:28:28.000Z,1
2019-12-03T19:01:27.000Z,1
2019-12-03T19:15:10.000Z,1
2019-12-03T19:29:22.000Z,1
2019-12-04T01:22:37.000Z,1
2019-12-04T06:10:13.000Z,1
2019-12-04T06:59:54.000Z,1
2019-12-04T07:04:46.000Z,1
2019-12-04T07:35:53.000Z,1
2019-12-04T08:44:24.000Z,1
2019-12-04T08:52:38.000Z,1
2019-12-04T08:58:29.000Z,1
2019-12-04T09:24:07.000Z,1
2019-12-04T09:28:42.000Z,1
2019-12-04T10:37:38.000Z,1
2019-12-04T11:57:59.000Z,1
2019-12-04T13:57:51.000Z,1
2019-12-04T14:12:31.000Z,1
2019-12-04T15:24:05.000Z,1
2019-12-04T15:41:45.000Z,1
2019-12-04T15:42:33.000Z,1
2019-12-04T16:11:17.000Z,1
2019-12-04T16:14:12.000Z,1
2019-12-04T16:51:47.000Z,1
2019-12-04T17:04:01.000Z,1
2019-12-04T17:06:51.000Z,3
2019-12-04T17:29:56.000Z,1
2019-12-04T17:34:53.000Z,1
2019-12-04T17:39:43.000Z,1
2019-12-04T18:02:45.000Z,1
2019-12-04T18:03:21.000Z,1
2019-12-04T18:05:57.000Z,1
2019-12-04T18:07:08.000Z,1
2019-12-04T18:15:09.000Z,1
2019-12-04T18:20:06.000Z,1
2019-12-04T18:22:41.000Z,1
2019-12-04T18:37:53.000Z,1
2019-12-04T19:00:48.000Z,1
2019-12-04T19:28:15.000Z,1
2019-12-04T19:28:30.000Z,1
2019-12-04T20:09:10.000Z,1
2019-12-04T22:15:29.000Z,1
2019-12-05T07:22:29.000Z,1
2019-12-05T07:40:26.000Z,1
2019-12-05T07:45:42.000Z,1
2019-12-05T08:04:15.000Z,3
2019-12-05T08:10:29.000Z,1
2019-12-05T08:20:34.000Z,2
2019-12-05T08:54:35.000Z,2
2019-12-05T08:58:31.000Z,1
2019-12-05T09:18:43.000Z,1
2019-12-05T09:50:29.000Z,1
2019-12-05T10:51:04.000Z,1
2019-12-05T11:31:59.000Z,1
2019-12-05T12:27:12.000Z,1
2019-12-05T12:50:23.000Z,1
2019-12-05T12:52:54.000Z,1
2019-12-05T13:15:59.000Z,1
2019-12-05T14:08:19.000Z,1
2019-12-05T14:16:31.000Z,1
2019-12-05T14:32:31.000Z,1
2019-12-05T15:02:46.000Z,1
2019-12-05T15:40:47.000Z,2
2019-12-05T16:26:50.000Z,1
2019-12-05T16:36:08.000Z,1
2019-12-05T16:59:14.000Z,1
2019-12-05T17:01:52.000Z,1
2019-12-05T17:11:03.000Z,1
2019-12-05T17:17:39.000Z,2
2019-12-05T17:50:44.000Z,1
2019-12-05T17:55:03.000Z,1
2019-12-05T17:56:59.000Z,1
2019-12-05T18:35:08.000Z,1
2019-12-05T18:47:49.000Z,1
2019-12-05T19:00:05.000Z,1
2019-12-05T19:11:47.000Z,1
2019-12-05T19:51:46.000Z,1
2019-12-05T20:02:49.000Z,1
2019-12-05T20:22:52.000Z,1
2019-12-05T23:03:40.000Z,1
2019-12-06T01:10:31.000Z,1
2019-12-06T04:22:24.000Z,1
2019-12-06T06:17:29.000Z,1
2019-12-06T07:24:11.000Z,1
2019-12-06T07:47:23.000Z,1
2019-12-06T07:56:23.000Z,1
2019-12-06T08:18:20.000Z,1
2019-12-06T08:38:52.000Z,1
2019-12-06T08:38:59.000Z,1
2019-12-06T09:07:05.000Z,1
2019-12-06T09:12:45.000Z,1
2019-12-06T10:07:56.000Z,1
2019-12-06T10:29:30.000Z,1
2019-12-06T10:44:27.000Z,1
2019-12-06T11:05:29.000Z,1
2019-12-06T11:06:10.000Z,1
2019-12-06T11:40:06.000Z,1
2019-12-06T13:01:50.000Z,1
2019-12-06T13:23:11.000Z,1
2019-12-06T13:43:09.000Z,1
2019-12-06T14:08:20.000Z,1
2019-12-06T14:14:13.000Z,1
2019-12-06T14:35:45.000Z,1
2019-12-06T14:38:38.000Z,1
2019-12-06T15:14:54.000Z,1
2019-12-06T16:06:35.000Z,1
2019-12-06T16:34:58.000Z,1
2019-12-06T16:35:51.000Z,1
2019-12-06T16:43:21.000Z,1
2019-12-06T16:48:36.000Z,1
2019-12-06T16:56:39.000Z,1
2019-12-06T17:14:07.000Z,1
2019-12-06T17:18:31.000Z,1
2019-12-06T17:19:35.000Z,1
2019-12-06T17:22:57.000Z,1
2019-12-06T17:25:44.000Z,1
2019-12-06T17:51:22.000Z,2
2019-12-06T18:20:15.000Z,1
2019-12-06T18:32:48.000Z,1
2019-12-06T18:33:12.000Z,1
2019-12-06T18:41:07.000Z,1
2019-12-06T18:46:52.000Z,1
2019-12-06T18:53:41.000Z,1
2019-12-06T18:56:29.000Z,1
2019-12-06T19:56:44.000Z,1
2019-12-06T22:43:03.000Z,1
2019-12-07T00:45:38.000Z,1
2019-12-07T07:02:44.000Z,1
2019-12-07T08:17:39.000Z,2
2019-12-07T11:18:31.000Z,1
2019-12-07T13:35:23.000Z,1
2019-12-07T15:52:52.000Z,1
2019-12-07T17:43:36.000Z,1
2019-12-07T17:59:56.000Z,1
2019-12-07T18:54:47.000Z,2
2019-12-07T20:21:36.000Z,1
2019-12-07T20:22:49.000Z,1
2019-12-07T21:11:58.000Z,1
2019-12-07T21:33:15.000Z,1
2019-12-07T22:23:47.000Z,1
2019-12-08T08:16:43.000Z,1
2019-12-08T09:48:11.000Z,1
2019-12-08T11:17:53.000Z,1
2019-12-08T13:34:45.000Z,1
2019-12-08T13:44:09.000Z,1
2019-12-08T14:17:29.000Z,1
2019-12-08T15:13:59.000Z,1
2019-12-08T16:06:41.000Z,1
2019-12-08T16:35:42.000Z,1
2019-12-08T16:57:12.000Z,2
2019-12-08T17:10:50.000Z,1
2019-12-08T17:12:14.000Z,1
2019-12-08T18:05:54.000Z,1
2019-12-08T18:15:10.000Z,1
2019-12-08T18:56:35.000Z,1
2019-12-08T20:56:26.000Z,1
2019-12-08T21:50:54.000Z,2
2019-12-09T04:29:07.000Z,1
2019-12-09T05:28:26.000Z,2
2019-12-09T05:50:13.000Z,1
2019-12-09T06:31:11.000Z,1
2019-12-09T06:55:50.000Z,1
2019-12-09T07:08:49.000Z,1
2019-12-09T07:27:28.000Z,1
2019-12-09T07:41:46.000Z,1
2019-12-09T07:44:34.000Z,1
2019-12-09T08:09:13.000Z,1
2019-12-09T08:12:23.000Z,1
2019-12-09T08:24:11.000Z,1
2019-12-09T08:33:47.000Z,1
2019-12-09T08:43:43.000Z,1
2019-12-09T08:44:55.000Z,1
2019-12-09T08:47:12.000Z,1
2019-12-09T09:20:17.000Z,1
2019-12-09T12:40:16.000Z,1
2019-12-09T13:18:55.000Z,2
2019-12-09T14:07:50.000Z,1
2019-12-09T15:25:03.000Z,1
2019-12-09T15:50:22.000Z,1
2019-12-09T15:53:33.000Z,1
2019-12-09T16:18:41.000Z,1
2019-12-09T16:45:26.000Z,1
2019-12-09T16:47:59.000Z,1
2019-12-09T17:06:48.000Z,1
2019-12-09T17:21:58.000Z,1
2019-12-09T17:23:16.000Z,1
2019-12-09T17:28:55.000Z,1
2019-12-09T17:58:27.000Z,1
2019-12-09T18:06:00.000Z,1
2019-12-09T18:30:30.000Z,1
2019-12-09T18:46:38.000Z,1
2019-12-09T18:54:46.000Z,1
2019-12-09T19:09:50.000Z,1
2019-12-09T20:13:57.000Z,1
2019-12-09T20:46:54.000Z,1
2019-12-09T21:47:56.000Z,1
2019-12-09T22:16:32.000Z,1
2019-12-10T00:02:40.000Z,1
2019-12-10T06:51:11.000Z,1
2019-12-10T06:58:28.000Z,1
2019-12-10T07:15:46.000Z,1
2019-12-10T07:22:50.000Z,1
2019-12-10T08:11:58.000Z,2
2019-12-10T08:32:19.000Z,1
2019-12-10T08:33:06.000Z,1
2019-12-10T08:47:37.000Z,1
2019-12-10T09:14:56.000Z,2
2019-12-10T09:34:18.000Z,1
2019-12-10T10:52:53.000Z,1
2019-12-10T12:34:50.000Z,1
2019-12-10T13:13:18.000Z,1
2019-12-10T13:45:21.000Z,1
2019-12-10T14:27:44.000Z,1
2019-12-10T14:57:02.000Z,1
2019-12-10T16:35:43.000Z,1
2019-12-10T16:43:24.000Z,1
2019-12-10T17:01:30.000Z,1
2019-12-10T17:14:09.000Z,1
2019-12-10T17:31:27.000Z,1
2019-12-10T17:32:08.000Z,1
2019-12-10T17:32:44.000Z,2
2019-12-10T17:36:28.000Z,1
2019-12-10T17:39:38.000Z,1
2019-12-10T18:30:46.000Z,1
2019-12-10T19:24:01.000Z,1
2019-12-10T21:42:30.000Z,1
2019-12-11T06:48:16.000Z,1
2019-12-11T06:54:00.000Z,1
2019-12-11T07:00:49.000Z,1
2019-12-11T07:07:55.000Z,1
2019-12-11T07:36:27.000Z,1
2019-12-11T07:50:52.000Z,1
2019-12-11T08:28:12.000Z,1
2019-12-11T09:39:19.000Z,1
2019-12-11T09:52:20.000Z,1
2019-12-11T12:15:26.000Z,1
2019-12-02T06:46:11.000Z,1
2019-12-02T07:09:15.000Z,1
2019-12-02T07:50:29.000Z,1
2019-12-02T08:54:20.000Z,1
2019-12-02T09:09:43.000Z,1
2019-12-02T09:54:31.000Z,1
2019-12-02T15:19:48.000Z,1
2019-12-02T15:40:00.000Z,1
2019-12-02T16:17:47.000Z,1
2019-12-02T17:29:39.000Z,1
2019-12-02T18:21:10.000Z,1
2019-12-03T07:14:11.000Z,2
2019-12-02T10:34:31.000Z,1
2019-12-02T13:21:31.000Z,1
2019-12-02T14:30:22.000Z,1
2019-12-02T15:10:51.000Z,1
2019-12-02T15:34:27.000Z,2
2019-12-02T15:56:40.000Z,1
2019-12-02T16:31:02.000Z,1
2019-12-02T16:39:41.000Z,1
2019-12-02T17:24:23.000Z,1
2019-12-02T17:29:35.000Z,1
2019-12-02T17:57:14.000Z,1
2019-12-02T17:58:24.000Z,1
2019-12-02T18:18:55.000Z,1
2019-12-02T18:19:22.000Z,2
2019-12-02T18:33:26.000Z,1
2019-12-02T20:07:00.000Z,1
2019-12-02T20:51:48.000Z,1
2019-12-02T23:19:26.000Z,1
2019-12-02T23:31:02.000Z,1
2019-12-03T06:56:48.000Z,1
2019-12-03T07:14:33.000Z,1
2019-12-03T07:17:09.000Z,1
2019-12-03T07:19:39.000Z,1
2019-12-03T07:52:24.000Z,1
2019-12-03T07:57:21.000Z,1
2019-12-03T08:13:33.000Z,2
2019-12-03T08:28:44.000Z,1
2019-12-03T08:29:42.000Z,1
2019-12-03T08:43:33.000Z,1
2019-12-03T08:44:43.000Z,1
2019-12-03T09:31:23.000Z,1
2019-12-03T10:09:33.000Z,1
2019-12-03T12:42:11.000Z,1
2019-12-03T12:49:38.000Z,1
2019-12-03T13:08:46.000Z,1
2019-12-03T13:24:53.000Z,1
2019-12-03T14:06:03.000Z,1
2019-12-03T14:52:11.000Z,1
2019-12-03T15:13:07.000Z,1
2019-12-03T15:46:49.000Z,1
2019-12-03T16:37:50.000Z,1
2019-12-03T16:52:39.000Z,1
2019-12-03T17:00:26.000Z,1
2019-12-03T17:15:16.000Z,1
2019-12-03T17:17:26.000Z,1
2019-12-03T17:17:49.000Z,2
2019-12-03T17:29:59.000Z,1
2019-12-03T18:01:37.000Z,1
2019-12-03T18:07:05.000Z,2
2019-12-03T18:27:38.000Z,1
2019-12-03T18:59:22.000Z,1
2019-12-03T19:01:48.000Z,1
2019-12-03T20:00:58.000Z,1
2019-12-03T21:37:27.000Z,1
2019-12-04T06:47:56.000Z,1
2019-12-04T07:14:04.000Z,1
2019-12-04T07:16:12.000Z,1
2019-12-04T07:20:26.000Z,1
2019-12-04T07:21:40.000Z,1
2019-12-04T07:30:38.000Z,1
2019-12-04T07:35:05.000Z,1
2019-12-04T07:57:02.000Z,1
2019-12-04T08:08:21.000Z,1
2019-12-04T08:42:58.000Z,1
2019-12-04T08:44:15.000Z,1
2019-12-04T10:19:09.000Z,1
2019-12-04T11:49:13.000Z,1
2019-12-04T12:40:45.000Z,1
2019-12-04T13:23:52.000Z,1
2019-12-04T13:37:30.000Z,1
2019-12-04T15:11:38.000Z,1
2019-12-04T15:44:30.000Z,1
2019-12-04T16:12:09.000Z,1
2019-12-04T16:23:43.000Z,1
2019-12-04T17:24:41.000Z,1
2019-12-04T17:52:35.000Z,1
2019-12-04T17:59:17.000Z,1
2019-12-04T18:31:27.000Z,1
2019-12-04T18:39:31.000Z,1
2019-12-04T19:14:16.000Z,1
2019-12-04T19:52:44.000Z,1
2019-12-04T21:38:26.000Z,1
2019-12-04T23:00:24.000Z,1
2019-12-05T00:16:03.000Z,1
2019-12-05T06:35:33.000Z,1
2019-12-05T06:47:36.000Z,1
2019-12-05T07:26:19.000Z,1
2019-12-05T07:28:52.000Z,1
2019-12-05T07:44:39.000Z,1
2019-12-05T08:00:02.000Z,1
2019-12-05T08:29:29.000Z,1
2019-12-05T08:38:00.000Z,1
2019-12-05T08:52:57.000Z,1
2019-12-05T09:14:24.000Z,1
2019-12-05T11:59:41.000Z,1
2019-12-05T12:01:03.000Z,1
2019-12-05T12:06:42.000Z,1
2019-12-05T12:07:50.000Z,1
2019-12-05T13:17:02.000Z,1
2019-12-05T13:56:11.000Z,1
2019-12-05T14:57:54.000Z,1
2019-12-05T15:18:56.000Z,1
2019-12-05T15:35:38.000Z,1
2019-12-05T16:04:14.000Z,1
2019-12-05T16:10:24.000Z,1
2019-12-05T16:59:58.000Z,1
2019-12-05T17:05:53.000Z,2
2019-12-05T17:21:56.000Z,1
2019-12-05T17:32:30.000Z,1
2019-12-05T17:41:27.000Z,2
2019-12-05T17:44:57.000Z,1
2019-12-05T17:45:28.000Z,1
2019-12-05T18:05:51.000Z,1
2019-12-05T18:21:39.000Z,1
2019-12-05T18:25:55.000Z,2
2019-12-05T18:29:20.000Z,1
2019-12-05T18:47:05.000Z,1
2019-12-05T20:25:29.000Z,1
2019-12-05T20:49:08.000Z,1
2019-12-05T20:56:46.000Z,1
2019-12-05T21:41:01.000Z,1
2019-12-05T22:23:46.000Z,1
2019-12-05T22:28:28.000Z,1
2019-12-05T23:46:43.000Z,1
2019-12-06T06:48:18.000Z,1
2019-12-06T07:21:27.000Z,1
2019-12-06T07:25:03.000Z,1
2019-12-06T07:35:20.000Z,1
2019-12-06T07:46:11.000Z,1
2019-12-06T09:07:04.000Z,1
2019-12-06T09:38:00.000Z,1
2019-12-06T09:48:05.000Z,1
2019-12-06T09:52:00.000Z,1
2019-12-06T10:53:42.000Z,1
2019-12-06T10:54:01.000Z,1
2019-12-06T12:00:27.000Z,2
2019-12-06T15:58:37.000Z,1
2019-12-06T16:08:25.000Z,1
2019-12-06T16:22:13.000Z,1
2019-12-06T16:33:18.000Z,1
2019-12-06T16:35:11.000Z,1
2019-12-06T16:40:36.000Z,1
2019-12-06T17:04:18.000Z,1
2019-12-06T17:09:19.000Z,1
2019-12-06T17:50:03.000Z,1
2019-12-06T17:53:25.000Z,1
2019-12-06T18:16:08.000Z,1
2019-12-06T18:30:06.000Z,1
2019-12-06T18:35:20.000Z,1
2019-12-06T18:43:03.000Z,1
2019-12-06T18:44:09.000Z,2
2019-12-06T20:11:13.000Z,1
2019-12-07T00:53:11.000Z,1
2019-12-07T01:01:45.000Z,1
2019-12-07T09:04:06.000Z,1
2019-12-07T09:59:15.000Z,1
2019-12-07T11:08:20.000Z,1
2019-12-07T11:33:18.000Z,1
2019-12-07T11:39:32.000Z,1
2019-12-07T12:19:07.000Z,1
2019-12-07T12:31:39.000Z,1
2019-12-07T12:36:32.000Z,1
2019-12-07T13:34:24.000Z,1
2019-12-07T13:52:49.000Z,1
2019-12-07T14:24:23.000Z,1
2019-12-07T14:50:47.000Z,1
2019-12-07T15:57:13.000Z,2
2019-12-07T16:17:07.000Z,1
2019-12-07T18:10:42.000Z,1
2019-12-07T18:56:12.000Z,1
2019-12-07T19:51:36.000Z,1
2019-12-07T23:26:19.000Z,1
2019-12-08T01:39:28.000Z,1
2019-12-08T06:30:01.000Z,1
2019-12-08T08:06:12.000Z,1
2019-12-08T08:28:52.000Z,1
2019-12-08T10:03:05.000Z,1
2019-12-08T10:19:29.000Z,1
2019-12-08T10:30:17.000Z,1
2019-12-08T10:43:31.000Z,1
2019-12-08T11:39:53.000Z,1
2019-12-08T12:23:08.000Z,1
2019-12-08T15:28:13.000Z,1
2019-12-08T15:30:51.000Z,1
2019-12-08T15:31:50.000Z,1
2019-12-08T15:45:04.000Z,1
2019-12-08T17:48:15.000Z,1
2019-12-08T18:11:12.000Z,1
2019-12-08T18:34:52.000Z,1
2019-12-09T05:29:12.000Z,1
2019-12-09T05:42:04.000Z,1
2019-12-09T06:51:18.000Z,1
2019-12-09T07:47:38.000Z,1
2019-12-09T07:52:48.000Z,1
2019-12-09T07:58:01.000Z,1
2019-12-09T08:43:11.000Z,1
2019-12-09T08:49:11.000Z,1
2019-12-09T08:50:47.000Z,1
2019-12-09T09:10:21.000Z,1
2019-12-09T09:26:56.000Z,2
2019-12-09T10:25:04.000Z,1
2019-12-09T11:44:44.000Z,1
2019-12-09T11:45:49.000Z,1
2019-12-09T11:47:58.000Z,1
2019-12-09T12:10:00.000Z,2
2019-12-09T12:30:48.000Z,1
2019-12-09T12:36:42.000Z,1
2019-12-09T13:38:51.000Z,1
2019-12-09T13:52:53.000Z,1
2019-12-09T14:12:11.000Z,1
2019-12-09T14:12:27.000Z,1
2019-12-09T14:37:11.000Z,1
2019-12-09T16:18:14.000Z,1
2019-12-09T16:48:39.000Z,1
2019-12-09T16:58:34.000Z,1
2019-12-09T17:01:57.000Z,1
2019-12-09T17:23:08.000Z,3
2019-12-09T17:25:03.000Z,1
2019-12-09T17:26:41.000Z,2
2019-12-09T17:28:01.000Z,1
2019-12-09T18:03:22.000Z,1
2019-12-09T18:23:49.000Z,1
2019-12-09T18:33:33.000Z,1
2019-12-09T20:36:23.000Z,1
2019-12-09T21:06:23.000Z,1
2019-12-10T00:50:36.000Z,1
2019-12-10T06:37:21.000Z,1
2019-12-10T06:48:55.000Z,2
2019-12-10T07:43:11.000Z,1
2019-12-10T07:54:22.000Z,1
2019-12-10T07:59:17.000Z,1
2019-12-10T08:06:50.000Z,1
2019-12-10T08:07:48.000Z,1
2019-12-10T08:08:36.000Z,2
2019-12-10T08:50:22.000Z,1
2019-12-10T09:01:15.000Z,1
2019-12-10T09:13:47.000Z,1
2019-12-10T10:36:49.000Z,1
2019-12-10T11:23:35.000Z,1
2019-12-10T12:02:35.000Z,1
2019-12-10T14:26:49.000Z,1
2019-12-10T15:22:45.000Z,1
2019-12-10T16:32:12.000Z,1
2019-12-10T16:37:57.000Z,1
2019-12-10T16:44:28.000Z,1
2019-12-10T17:05:36.000Z,1
2019-12-10T17:06:04.000Z,1
2019-12-10T17:18:49.000Z,1
2019-12-10T17:36:07.000Z,1
2019-12-10T17:53:13.000Z,1
2019-12-10T18:05:18.000Z,1
2019-12-10T19:52:37.000Z,1
2019-12-10T19:58:26.000Z,1
2019-12-10T22:10:41.000Z,1
2019-12-11T07:37:32.000Z,1
2019-12-11T08:24:24.000Z,1
2019-12-11T09:18:56.000Z,1
2019-12-11T09:54:38.000Z,1
2019-12-11T12:15:56.000Z,1
2019-12-02T07:10:23.000Z,1
2019-12-02T08:21:54.000Z,1
2019-12-02T09:14:50.000Z,1
2019-12-02T12:15:46.000Z,1
2019-12-02T12:46:45.000Z,1
2019-12-02T13:30:41.000Z,1
2019-12-02T14:18:24.000Z,1
2019-12-02T15:01:19.000Z,1
2019-12-02T15:22:39.000Z,1
2019-12-02T15:27:26.000Z,1
2019-12-02T16:40:10.000Z,1
2019-12-03T06:26:41.000Z,1
2019-12-02T10:27:22.000Z,1
2019-12-02T16:01:23.000Z,2
2019-12-02T16:33:22.000Z,1
2019-12-02T16:35:16.000Z,1
2019-12-02T16:58:20.000Z,1
2019-12-02T17:04:25.000Z,1
2019-12-02T17:10:54.000Z,1
2019-12-02T17:21:36.000Z,1
2019-12-02T17:33:33.000Z,1
2019-12-02T17:35:25.000Z,2
2019-12-02T18:34:12.000Z,1
2019-12-02T19:06:52.000Z,1
2019-12-02T19:08:03.000Z,1
2019-12-02T19:35:43.000Z,1
2019-12-02T19:59:50.000Z,2
2019-12-02T20:14:44.000Z,1
2019-12-02T20:17:43.000Z,1
2019-12-02T20:21:08.000Z,1
2019-12-02T20:52:42.000Z,1
2019-12-02T22:02:22.000Z,1
2019-12-03T07:10:37.000Z,1
2019-12-03T07:32:32.000Z,1
2019-12-03T07:36:44.000Z,1
2019-12-03T08:09:19.000Z,1
2019-12-03T08:16:32.000Z,1
2019-12-03T08:49:34.000Z,1
2019-12-03T08:56:27.000Z,1
2019-12-03T09:00:01.000Z,2
2019-12-03T09:03:57.000Z,1
2019-12-03T09:18:54.000Z,1
2019-12-03T09:47:35.000Z,1
2019-12-03T09:55:21.000Z,1
2019-12-03T11:46:23.000Z,1
2019-12-03T12:09:16.000Z,1
2019-12-03T12:40:42.000Z,1
2019-12-03T12:44:28.000Z,1
2019-12-03T14:10:35.000Z,1
2019-12-03T15:12:49.000Z,1
2019-12-03T15:16:30.000Z,1
2019-12-03T16:11:28.000Z,1
2019-12-03T16:23:45.000Z,1
2019-12-03T16:40:15.000Z,2
2019-12-03T16:52:25.000Z,1
2019-12-03T17:13:21.000Z,1
2019-12-03T17:15:50.000Z,1
2019-12-03T17:18:56.000Z,1
2019-12-03T17:28:03.000Z,1
2019-12-03T17:32:53.000Z,1
2019-12-03T17:34:33.000Z,2
2019-12-03T17:52:51.000Z,1
2019-12-03T17:57:38.000Z,1
2019-12-03T18:04:38.000Z,2
2019-12-03T19:49:46.000Z,1
2019-12-03T21:23:29.000Z,1
2019-12-03T22:47:50.000Z,1
2019-12-04T00:33:46.000Z,1
2019-12-04T01:36:20.000Z,1
2019-12-04T05:19:08.000Z,1
2019-12-04T05:34:22.000Z,1
2019-12-04T05:46:40.000Z,1
2019-12-04T07:05:34.000Z,1
2019-12-04T08:12:55.000Z,1
2019-12-04T08:29:20.000Z,1
2019-12-04T08:42:59.000Z,1
2019-12-04T08:44:16.000Z,1
2019-12-04T08:53:21.000Z,1
2019-12-04T08:56:48.000Z,2
2019-12-04T09:21:41.000Z,1
2019-12-04T09:28:18.000Z,1
2019-12-04T09:44:25.000Z,1
2019-12-04T10:07:44.000Z,1
2019-12-04T10:39:05.000Z,1
2019-12-04T11:35:59.000Z,1
2019-12-04T12:59:14.000Z,1
2019-12-04T12:59:29.000Z,1
2019-12-04T15:29:39.000Z,1
2019-12-04T16:28:16.000Z,1
2019-12-04T16:28:31.000Z,1
2019-12-04T16:35:01.000Z,1
2019-12-04T17:21:37.000Z,1
2019-12-04T17:41:14.000Z,1
2019-12-04T17:42:10.000Z,2
2019-12-04T17:45:18.000Z,2
2019-12-04T17:52:43.000Z,1
2019-12-04T17:57:08.000Z,3
2019-12-04T18:05:25.000Z,1
2019-12-04T18:05:41.000Z,1
2019-12-04T18:25:31.000Z,1
2019-12-04T18:30:04.000Z,1
2019-12-04T18:50:25.000Z,1
2019-12-04T18:50:57.000Z,2
2019-12-04T18:53:29.000Z,1
2019-12-04T18:56:29.000Z,1
2019-12-04T20:06:58.000Z,1
2019-12-04T20:31:31.000Z,1
2019-12-04T20:48:04.000Z,1
2019-12-04T22:14:56.000Z,1
2019-12-05T05:37:57.000Z,1
2019-12-05T06:59:48.000Z,1
2019-12-05T07:17:37.000Z,2
2019-12-05T07:27:00.000Z,1
2019-12-05T07:36:34.000Z,1
2019-12-05T08:08:02.000Z,1
2019-12-05T08:48:40.000Z,1
2019-12-05T08:56:11.000Z,1
2019-12-05T09:11:09.000Z,1
2019-12-05T09:17:50.000Z,1
2019-12-05T09:27:34.000Z,1
2019-12-05T09:36:56.000Z,2
2019-12-05T10:00:53.000Z,1
2019-12-05T11:09:58.000Z,1
2019-12-05T11:23:04.000Z,1
2019-12-05T12:18:01.000Z,1
2019-12-05T12:26:37.000Z,1
2019-12-05T13:23:27.000Z,1
2019-12-05T13:51:03.000Z,1
2019-12-05T14:43:18.000Z,1
2019-12-05T15:13:06.000Z,1
2019-12-05T16:15:26.000Z,1
2019-12-05T16:42:03.000Z,1
2019-12-05T17:05:55.000Z,1
2019-12-05T17:24:00.000Z,2
2019-12-05T17:29:49.000Z,1
2019-12-05T17:42:22.000Z,1
2019-12-05T17:56:56.000Z,1
2019-12-05T18:55:39.000Z,2
2019-12-05T19:14:17.000Z,1
2019-12-05T19:23:08.000Z,1
2019-12-05T20:21:46.000Z,1
2019-12-05T20:27:47.000Z,1
2019-12-05T21:15:41.000Z,2
2019-12-05T22:30:31.000Z,1
2019-12-05T23:03:59.000Z,1
2019-12-06T00:01:30.000Z,1
2019-12-06T04:09:50.000Z,1
2019-12-06T07:03:48.000Z,1
2019-12-06T07:54:50.000Z,2
2019-12-06T07:55:47.000Z,2
2019-12-06T08:27:15.000Z,1
2019-12-06T08:41:26.000Z,2
2019-12-06T09:16:05.000Z,1
2019-12-06T11:22:34.000Z,1
2019-12-06T11:30:36.000Z,1
2019-12-06T12:22:12.000Z,1
2019-12-06T13:09:07.000Z,1
2019-12-06T13:50:28.000Z,1
2019-12-06T14:44:16.000Z,1
2019-12-06T16:18:39.000Z,1
2019-12-06T16:30:09.000Z,1
2019-12-06T16:42:17.000Z,1
2019-12-06T16:51:03.000Z,1
2019-12-06T16:53:07.000Z,1
2019-12-06T16:57:01.000Z,1
2019-12-06T16:58:17.000Z,1
2019-12-06T17:11:10.000Z,1
2019-12-06T17:16:57.000Z,2
2019-12-06T17:20:47.000Z,1
2019-12-06T17:24:06.000Z,1
2019-12-06T17:29:19.000Z,1
2019-12-06T17:48:31.000Z,2
2019-12-06T18:55:51.000Z,1
2019-12-06T19:57:28.000Z,1
2019-12-06T20:06:17.000Z,1
2019-12-06T22:23:53.000Z,1
2019-12-07T06:18:28.000Z,1
2019-12-07T07:55:55.000Z,1
2019-12-07T10:58:56.000Z,1
2019-12-07T11:16:13.000Z,1
2019-12-07T14:09:49.000Z,2
2019-12-07T14:28:58.000Z,1
2019-12-07T14:39:18.000Z,1
2019-12-07T15:24:49.000Z,1
2019-12-07T15:33:06.000Z,1
2019-12-07T15:38:34.000Z,1
2019-12-07T16:19:28.000Z,1
2019-12-07T16:31:53.000Z,1
2019-12-07T16:50:09.000Z,1
2019-12-07T16:58:43.000Z,1
2019-12-07T17:15:26.000Z,1
2019-12-07T17:52:47.000Z,1
2019-12-07T18:23:18.000Z,1
2019-12-07T18:25:35.000Z,1
2019-12-07T19:22:10.000Z,1
2019-12-08T02:53:16.000Z,1
2019-12-08T11:38:58.000Z,1
2019-12-08T11:58:42.000Z,1
2019-12-08T12:00:49.000Z,1
2019-12-08T13:07:16.000Z,1
2019-12-08T13:08:28.000Z,1
2019-12-08T14:03:13.000Z,1
2019-12-08T14:10:29.000Z,1
2019-12-08T15:17:54.000Z,1
2019-12-08T15:28:26.000Z,1
2019-12-08T16:26:17.000Z,1
2019-12-08T16:48:37.000Z,1
2019-12-08T17:11:13.000Z,1
2019-12-08T22:51:55.000Z,1
2019-12-09T06:49:16.000Z,1
2019-12-09T07:23:20.000Z,1
2019-12-09T07:54:41.000Z,1
2019-12-09T08:00:37.000Z,1
2019-12-09T08:42:10.000Z,1
2019-12-09T09:06:26.000Z,1
2019-12-09T09:39:07.000Z,1
2019-12-09T10:14:04.000Z,1
2019-12-09T12:05:14.000Z,1
2019-12-09T12:22:00.000Z,1
2019-12-09T12:32:23.000Z,1
2019-12-09T15:21:21.000Z,1
2019-12-09T15:47:08.000Z,1
2019-12-09T16:12:56.000Z,1
2019-12-09T16:48:08.000Z,1
2019-12-09T16:54:45.000Z,1
2019-12-09T17:02:16.000Z,1
2019-12-09T17:09:02.000Z,1
2019-12-09T17:10:38.000Z,1
2019-12-09T17:17:14.000Z,1
2019-12-09T17:22:34.000Z,1
2019-12-09T17:34:07.000Z,2
2019-12-09T17:34:38.000Z,1
2019-12-09T17:58:26.000Z,1
2019-12-09T18:06:21.000Z,1
2019-12-09T18:48:24.000Z,1
2019-12-09T18:49:54.000Z,1
2019-12-09T18:57:32.000Z,1
2019-12-09T19:27:08.000Z,1
2019-12-09T22:46:01.000Z,1
2019-12-10T06:25:02.000Z,1
2019-12-10T06:38:59.000Z,1
2019-12-10T06:46:26.000Z,1
2019-12-10T07:25:59.000Z,1
2019-12-10T07:46:51.000Z,1
2019-12-10T09:18:28.000Z,1
2019-12-10T10:56:58.000Z,1
2019-12-10T12:57:21.000Z,1
2019-12-10T13:17:49.000Z,1
2019-12-10T13:53:54.000Z,1
2019-12-10T16:08:12.000Z,1
2019-12-10T16:10:50.000Z,1
2019-12-10T16:27:01.000Z,1
2019-12-10T16:29:00.000Z,1
2019-12-10T16:29:49.000Z,1
2019-12-10T17:16:05.000Z,1
2019-12-10T17:28:24.000Z,1
2019-12-10T17:34:24.000Z,1
2019-12-10T17:44:57.000Z,1
2019-12-10T17:49:54.000Z,1
2019-12-10T17:59:02.000Z,1
2019-12-10T18:37:21.000Z,1
2019-12-10T19:42:25.000Z,1
2019-12-10T21:41:46.000Z,1
2019-12-10T22:19:44.000Z,1
2019-12-11T00:03:42.000Z,1
2019-12-11T00:21:43.000Z,1
2019-12-11T00:22:36.000Z,1
2019-12-11T06:26:48.000Z,1
2019-12-11T07:53:47.000Z,1
2019-12-11T07:54:29.000Z,1
2019-12-11T08:21:02.000Z,1
2019-12-11T08:33:55.000Z,1
2019-12-11T08:37:11.000Z,1
2019-12-11T09:10:21.000Z,1
2019-12-11T11:07:11.000Z,1
2019-12-02T07:32:08.000Z,1
2019-12-02T07:58:21.000Z,1
2019-12-02T08:43:08.000Z,1
2019-12-02T08:44:55.000Z,1
2019-12-02T09:02:44.000Z,1
2019-12-02T09:21:59.000Z,1
2019-12-02T09:41:31.000Z,1
2019-12-02T10:00:04.000Z,1
2019-12-02T11:22:46.000Z,1
2019-12-02T11:48:02.000Z,1
2019-12-02T13:14:06.000Z,1
2019-12-02T14:49:53.000Z,1
2019-12-02T16:22:53.000Z,1
2019-12-02T16:59:19.000Z,1
2019-12-02T17:02:45.000Z,1
2019-12-02T18:42:36.000Z,1
2019-12-02T19:36:54.000Z,1
2019-12-03T08:14:04.000Z,1
2019-12-03T08:22:27.000Z,1
2019-12-03T08:45:37.000Z,1
2019-12-03T15:02:42.000Z,1
2019-12-03T16:36:05.000Z,1
2019-12-03T17:31:21.000Z,1
2019-12-02T10:37:34.000Z,1
2019-12-02T13:03:06.000Z,1
2019-12-02T15:25:43.000Z,1
2019-12-02T15:39:28.000Z,1
2019-12-02T16:03:58.000Z,2
2019-12-02T16:35:18.000Z,1
2019-12-02T16:55:14.000Z,1
2019-12-02T17:04:38.000Z,1
2019-12-02T18:17:17.000Z,1
2019-12-02T18:19:21.000Z,1
2019-12-02T19:34:26.000Z,1
2019-12-02T19:55:15.000Z,1
2019-12-02T20:39:39.000Z,1
2019-12-02T22:12:08.000Z,1
2019-12-03T06:27:16.000Z,1
2019-12-03T06:49:18.000Z,1
2019-12-03T07:09:57.000Z,1
2019-12-03T07:25:45.000Z,1
2019-12-03T07:38:11.000Z,1
2019-12-03T08:07:37.000Z,2
2019-12-03T08:20:51.000Z,1
2019-12-03T08:37:47.000Z,2
2019-12-03T08:55:30.000Z,1
2019-12-03T09:10:55.000Z,1
2019-12-03T10:08:13.000Z,1
2019-12-03T11:22:42.000Z,1
2019-12-03T15:50:23.000Z,1
2019-12-03T16:23:51.000Z,1
2019-12-03T16:28:06.000Z,1
2019-12-03T16:40:18.000Z,3
2019-12-03T17:01:26.000Z,1
2019-12-03T17:02:19.000Z,1
2019-12-03T17:03:29.000Z,1
2019-12-03T17:08:08.000Z,2
2019-12-03T17:13:09.000Z,1
2019-12-03T17:22:52.000Z,1
2019-12-03T17:23:07.000Z,1
2019-12-03T18:46:42.000Z,1
2019-12-03T18:49:37.000Z,1
2019-12-03T19:03:25.000Z,1
2019-12-03T19:10:17.000Z,1
2019-12-03T21:07:45.000Z,1
2019-12-03T22:48:12.000Z,1
2019-12-03T23:07:24.000Z,1
2019-12-04T06:52:12.000Z,1
2019-12-04T07:25:37.000Z,1
2019-12-04T07:43:27.000Z,1
2019-12-04T08:01:27.000Z,1
2019-12-04T08:17:00.000Z,1
2019-12-04T08:17:19.000Z,1
2019-12-04T08:18:24.000Z,1
2019-12-04T08:21:06.000Z,1
2019-12-04T08:54:25.000Z,1
2019-12-04T10:06:56.000Z,1
2019-12-04T11:23:40.000Z,1
2019-12-04T11:36:21.000Z,1
2019-12-04T12:32:28.000Z,1
2019-12-04T13:02:39.000Z,1
2019-12-04T14:19:50.000Z,1
2019-12-04T15:30:55.000Z,1
2019-12-04T15:49:24.000Z,1
2019-12-04T16:03:07.000Z,1
2019-12-04T16:13:14.000Z,1
2019-12-04T16:18:08.000Z,1
2019-12-04T17:04:38.000Z,1
2019-12-04T17:21:08.000Z,1
2019-12-04T17:23:15.000Z,2
2019-12-04T17:24:18.000Z,1
2019-12-04T18:01:17.000Z,1
2019-12-04T18:16:36.000Z,1
2019-12-04T18:18:32.000Z,1
2019-12-04T18:21:58.000Z,1
2019-12-04T18:25:49.000Z,1
2019-12-04T18:27:32.000Z,1
2019-12-04T19:01:21.000Z,1
2019-12-04T19:23:48.000Z,1
2019-12-04T19:44:13.000Z,1
2019-12-04T21:07:36.000Z,1
2019-12-04T22:25:35.000Z,1
2019-12-05T06:35:55.000Z,1
2019-12-05T07:29:16.000Z,1
2019-12-05T07:31:39.000Z,1
2019-12-05T07:55:46.000Z,1
2019-12-05T07:56:34.000Z,1
2019-12-05T08:31:51.000Z,1
2019-12-05T09:53:26.000Z,1
2019-12-05T11:23:59.000Z,1
2019-12-05T12:17:16.000Z,1
2019-12-05T13:03:07.000Z,1
2019-12-05T13:19:06.000Z,2
2019-12-05T14:06:07.000Z,1
2019-12-05T14:48:55.000Z,1
2019-12-05T15:13:02.000Z,1
2019-12-05T15:19:32.000Z,1
2019-12-05T15:20:39.000Z,1
2019-12-05T15:56:10.000Z,1
2019-12-05T15:59:09.000Z,1
2019-12-05T16:35:42.000Z,1
2019-12-05T16:43:21.000Z,1
2019-12-05T16:49:31.000Z,1
2019-12-05T16:52:57.000Z,1
2019-12-05T17:19:18.000Z,1
2019-12-05T17:23:50.000Z,1
2019-12-05T17:46:17.000Z,1
2019-12-05T17:53:19.000Z,2
2019-12-05T17:58:43.000Z,1
2019-12-05T18:10:20.000Z,1
2019-12-05T18:18:43.000Z,1
2019-12-05T18:51:40.000Z,1
2019-12-05T18:57:29.000Z,1
2019-12-05T21:31:55.000Z,1
2019-12-05T22:07:18.000Z,1
2019-12-05T22:42:46.000Z,1
2019-12-05T22:43:15.000Z,1
2019-12-06T05:48:21.000Z,1
2019-12-06T06:13:43.000Z,1
2019-12-06T07:21:56.000Z,2
2019-12-06T07:22:29.000Z,1
2019-12-06T07:33:09.000Z,2
2019-12-06T07:38:59.000Z,1
2019-12-06T07:41:58.000Z,1
2019-12-06T08:02:07.000Z,1
2019-12-06T08:27:14.000Z,1
2019-12-06T08:27:24.000Z,1
2019-12-06T08:32:45.000Z,1
2019-12-06T08:34:17.000Z,1
2019-12-06T08:37:10.000Z,1
2019-12-06T08:41:58.000Z,1
2019-12-06T08:56:30.000Z,1
2019-12-06T09:16:00.000Z,1
2019-12-06T09:19:58.000Z,1
2019-12-06T09:34:28.000Z,1
2019-12-06T12:59:32.000Z,1
2019-12-06T13:06:46.000Z,1
2019-12-06T13:32:16.000Z,1
2019-12-06T13:52:52.000Z,1
2019-12-06T13:56:51.000Z,1
2019-12-06T14:22:15.000Z,1
2019-12-06T14:30:59.000Z,1
2019-12-06T15:15:35.000Z,1
2019-12-06T15:18:37.000Z,1
2019-12-06T15:37:39.000Z,1
2019-12-06T15:41:42.000Z,1
2019-12-06T16:00:48.000Z,1
2019-12-06T16:01:55.000Z,1
2019-12-06T16:05:59.000Z,1
2019-12-06T16:36:11.000Z,1
2019-12-06T16:51:55.000Z,1
2019-12-06T16:57:42.000Z,1
2019-12-06T16:59:58.000Z,2
2019-12-06T17:28:47.000Z,1
2019-12-06T18:05:38.000Z,1
2019-12-06T18:50:18.000Z,1
2019-12-07T11:05:24.000Z,1
2019-12-07T11:24:36.000Z,1
2019-12-07T12:52:40.000Z,1
2019-12-07T12:53:11.000Z,1
2019-12-07T13:01:52.000Z,1
2019-12-07T14:50:16.000Z,1
2019-12-07T15:55:50.000Z,1
2019-12-07T15:56:32.000Z,1
2019-12-07T19:32:10.000Z,1
2019-12-07T21:20:10.000Z,1
2019-12-07T22:09:43.000Z,1
2019-12-08T10:13:27.000Z,1
2019-12-08T10:42:23.000Z,1
2019-12-08T12:21:26.000Z,1
2019-12-08T12:33:46.000Z,1
2019-12-08T13:33:40.000Z,1
2019-12-08T13:49:26.000Z,1
2019-12-08T14:07:03.000Z,1
2019-12-08T14:41:21.000Z,1
2019-12-08T14:46:54.000Z,1
2019-12-08T15:06:43.000Z,1
2019-12-08T15:12:40.000Z,1
2019-12-08T16:17:35.000Z,1
2019-12-08T19:09:19.000Z,1
2019-12-08T20:09:31.000Z,2
2019-12-08T21:14:11.000Z,1
2019-12-09T06:36:04.000Z,1
2019-12-09T06:58:33.000Z,1
2019-12-09T07:11:01.000Z,2
2019-12-09T07:38:18.000Z,1
2019-12-09T07:54:55.000Z,1
2019-12-09T08:21:19.000Z,1
2019-12-09T08:25:55.000Z,1
2019-12-09T08:41:14.000Z,1
2019-12-09T08:50:01.000Z,1
2019-12-09T09:24:32.000Z,1
2019-12-09T09:40:25.000Z,1
2019-12-09T10:56:48.000Z,1
2019-12-09T11:34:05.000Z,1
2019-12-09T13:11:11.000Z,2
2019-12-09T13:52:46.000Z,1
2019-12-09T14:08:50.000Z,1
2019-12-09T14:34:26.000Z,1
2019-12-09T16:19:14.000Z,1
2019-12-09T16:32:01.000Z,1
2019-12-09T16:41:55.000Z,1
2019-12-09T16:47:46.000Z,1
2019-12-09T16:54:16.000Z,1
2019-12-09T16:55:21.000Z,1
2019-12-09T17:18:04.000Z,1
2019-12-09T17:18:21.000Z,1
2019-12-09T17:27:04.000Z,1
2019-12-09T17:31:43.000Z,1
2019-12-09T18:08:56.000Z,1
2019-12-09T18:12:53.000Z,1
2019-12-09T18:13:02.000Z,1
2019-12-09T18:23:55.000Z,1
2019-12-09T19:11:57.000Z,1
2019-12-09T19:17:01.000Z,1
2019-12-09T19:44:37.000Z,1
2019-12-09T19:57:32.000Z,1
2019-12-09T21:26:06.000Z,1
2019-12-09T21:58:01.000Z,1
2019-12-10T06:58:04.000Z,1
2019-12-10T06:59:01.000Z,1
2019-12-10T07:19:22.000Z,1
2019-12-10T07:25:48.000Z,1
2019-12-10T07:44:14.000Z,1
2019-12-10T07:56:34.000Z,1
2019-12-10T08:04:40.000Z,1
2019-12-10T08:09:46.000Z,1
2019-12-10T08:21:04.000Z,1
2019-12-10T08:23:00.000Z,1
2019-12-10T08:40:33.000Z,2
2019-12-10T09:36:26.000Z,2
2019-12-10T10:34:13.000Z,1
2019-12-10T11:58:47.000Z,1
2019-12-10T13:38:11.000Z,1
2019-12-10T16:15:38.000Z,2
2019-12-10T16:29:43.000Z,1
2019-12-10T16:31:38.000Z,1
2019-12-10T16:51:01.000Z,1
2019-12-10T16:51:23.000Z,2
2019-12-10T17:06:34.000Z,1
2019-12-10T17:46:06.000Z,1
2019-12-10T17:47:20.000Z,1
2019-12-10T18:20:16.000Z,1
2019-12-10T18:37:06.000Z,1
2019-12-10T20:42:35.000Z,1
2019-12-10T21:36:41.000Z,1
2019-12-10T21:59:51.000Z,1
2019-12-11T07:15:22.000Z,1
2019-12-11T07:34:57.000Z,1
2019-12-11T07:43:29.000Z,1
2019-12-11T08:02:43.000Z,1
2019-12-11T08:03:56.000Z,1
2019-12-11T08:39:43.000Z,1
2019-12-11T08:45:40.000Z,1
2019-12-11T09:01:56.000Z,1
2019-12-11T09:26:27.000Z,1
2019-12-11T10:52:39.000Z,1
2019-12-02T06:25:04.000Z,1
2019-12-02T07:39:00.000Z,1
2019-12-02T07:50:36.000Z,1
2019-12-02T07:59:47.000Z,1
2019-12-02T08:11:46.000Z,1
2019-12-02T08:30:33.000Z,1
2019-12-02T08:32:04.000Z,1
2019-12-02T08:46:26.000Z,1
2019-12-02T08:49:18.000Z,1
2019-12-02T08:49:32.000Z,1
2019-12-02T09:05:24.000Z,1
2019-12-02T10:32:46.000Z,1
2019-12-02T11:22:36.000Z,1
2019-12-02T11:48:41.000Z,2
2019-12-02T12:07:23.000Z,1
2019-12-02T12:16:43.000Z,1
2019-12-02T13:36:04.000Z,1
2019-12-02T14:46:06.000Z,1
2019-12-02T16:23:48.000Z,1
2019-12-02T16:25:07.000Z,1
2019-12-02T17:00:46.000Z,1
2019-12-02T17:14:15.000Z,1
2019-12-02T17:17:17.000Z,2
2019-12-02T17:32:07.000Z,1
2019-12-02T20:16:29.000Z,1
2019-12-03T08:21:10.000Z,1
2019-12-03T17:40:29.000Z,1
2019-12-02T13:55:35.000Z,1
2019-12-02T16:06:20.000Z,1
2019-12-02T16:51:57.000Z,1
2019-12-02T17:08:06.000Z,1
2019-12-02T17:12:56.000Z,1
2019-12-02T17:56:23.000Z,1
2019-12-02T18:05:10.000Z,1
2019-12-02T18:15:38.000Z,1
2019-12-02T19:34:53.000Z,1
2019-12-02T20:05:17.000Z,1
2019-12-02T20:29:20.000Z,2
2019-12-02T21:16:57.000Z,1
2019-12-02T21:18:20.000Z,1
2019-12-03T05:02:10.000Z,1
2019-12-03T07:05:32.000Z,1
2019-12-03T07:21:37.000Z,1
2019-12-03T08:29:09.000Z,1
2019-12-03T08:42:22.000Z,1
2019-12-03T08:57:29.000Z,1
2019-12-03T08:59:48.000Z,1
2019-12-03T09:43:28.000Z,1
2019-12-03T13:54:45.000Z,1
2019-12-03T14:01:19.000Z,1
2019-12-03T14:02:45.000Z,1
2019-12-03T14:24:07.000Z,1
2019-12-03T15:26:54.000Z,1
2019-12-03T16:14:53.000Z,2
2019-12-03T16:16:29.000Z,1
2019-12-03T16:41:29.000Z,1
2019-12-03T16:43:51.000Z,1
2019-12-03T16:46:54.000Z,2
2019-12-03T17:36:49.000Z,1
2019-12-03T18:20:33.000Z,1
2019-12-03T18:56:31.000Z,1
2019-12-03T19:19:09.000Z,1
2019-12-03T20:36:56.000Z,1
2019-12-03T20:57:09.000Z,1
2019-12-03T21:50:31.000Z,1
2019-12-03T21:51:30.000Z,1
2019-12-03T23:23:12.000Z,1
2019-12-04T07:16:35.000Z,1
2019-12-04T07:29:04.000Z,1
2019-12-04T07:34:33.000Z,1
2019-12-04T07:36:36.000Z,1
2019-12-04T07:56:54.000Z,1
2019-12-04T08:04:32.000Z,1
2019-12-04T08:17:01.000Z,1
2019-12-04T08:19:59.000Z,2
2019-12-04T09:07:25.000Z,1
2019-12-04T09:14:15.000Z,1
2019-12-04T09:23:15.000Z,1
2019-12-04T09:28:20.000Z,1
2019-12-04T10:10:53.000Z,1
2019-12-04T10:27:39.000Z,1
2019-12-04T10:32:35.000Z,1
2019-12-04T11:20:48.000Z,1
2019-12-04T13:12:56.000Z,1
2019-12-04T13:20:29.000Z,1
2019-12-04T13:34:33.000Z,1
2019-12-04T15:30:11.000Z,1
2019-12-04T15:49:27.000Z,1
2019-12-04T16:29:22.000Z,1
2019-12-04T16:37:26.000Z,1
2019-12-04T16:43:12.000Z,1
2019-12-04T16:52:28.000Z,1
2019-12-04T17:10:27.000Z,1
2019-12-04T17:18:34.000Z,1
2019-12-04T17:40:21.000Z,1
2019-12-04T17:41:28.000Z,1
2019-12-04T17:47:11.000Z,1
2019-12-04T17:59:59.000Z,2
2019-12-04T18:26:15.000Z,2
2019-12-04T18:42:03.000Z,1
2019-12-04T18:56:41.000Z,1
2019-12-04T19:25:32.000Z,1
2019-12-04T19:47:58.000Z,1
2019-12-04T19:55:17.000Z,1
2019-12-04T21:06:13.000Z,1
2019-12-04T21:25:10.000Z,1
2019-12-04T23:36:34.000Z,1
2019-12-05T05:20:28.000Z,1
2019-12-05T06:25:05.000Z,1
2019-12-05T06:51:38.000Z,1
2019-12-05T07:16:07.000Z,1
2019-12-05T07:24:02.000Z,1
2019-12-05T07:36:14.000Z,1
2019-12-05T07:36:31.000Z,1
2019-12-05T08:02:35.000Z,1
2019-12-05T08:03:39.000Z,1
2019-12-05T08:17:08.000Z,1
2019-12-05T08:29:54.000Z,2
2019-12-05T08:36:49.000Z,1
2019-12-05T08:56:27.000Z,1
2019-12-05T09:09:32.000Z,1
2019-12-05T09:20:03.000Z,1
2019-12-05T09:48:30.000Z,1
2019-12-05T09:49:45.000Z,1
2019-12-05T10:33:39.000Z,1
2019-12-05T11:30:01.000Z,1
2019-12-05T11:55:08.000Z,1
2019-12-05T12:33:51.000Z,1
2019-12-05T12:46:38.000Z,1
2019-12-05T12:51:02.000Z,1
2019-12-05T13:34:34.000Z,1
2019-12-05T14:18:56.000Z,1
2019-12-05T15:48:59.000Z,1
2019-12-05T16:14:50.000Z,1
2019-12-05T16:15:25.000Z,1
2019-12-05T16:48:55.000Z,1
2019-12-05T17:20:36.000Z,1
2019-12-05T17:20:47.000Z,1
2019-12-05T17:27:58.000Z,1
2019-12-05T17:36:08.000Z,1
2019-12-05T17:44:44.000Z,1
2019-12-05T18:03:25.000Z,1
2019-12-05T18:03:39.000Z,1
2019-12-05T19:32:37.000Z,1
2019-12-05T20:15:28.000Z,1
2019-12-05T20:43:18.000Z,1
2019-12-05T20:47:37.000Z,1
2019-12-06T00:36:27.000Z,1
2019-12-06T00:59:33.000Z,1
2019-12-06T05:20:40.000Z,1
2019-12-06T05:44:57.000Z,2
2019-12-06T06:11:22.000Z,1
2019-12-06T06:42:01.000Z,2
2019-12-06T07:21:28.000Z,1
2019-12-06T07:43:23.000Z,1
2019-12-06T08:03:16.000Z,1
2019-12-06T08:04:45.000Z,1
2019-12-06T08:11:47.000Z,2
2019-12-06T08:29:49.000Z,1
2019-12-06T08:58:12.000Z,1
2019-12-06T09:38:48.000Z,1
2019-12-06T10:55:07.000Z,1
2019-12-06T10:55:14.000Z,1
2019-12-06T12:12:27.000Z,1
2019-12-06T12:24:01.000Z,1
2019-12-06T12:48:01.000Z,1
2019-12-06T13:06:16.000Z,1
2019-12-06T13:40:25.000Z,1
2019-12-06T14:22:41.000Z,1
2019-12-06T14:23:23.000Z,1
2019-12-06T15:42:17.000Z,1
2019-12-06T15:57:36.000Z,1
2019-12-06T16:30:15.000Z,1
2019-12-06T17:05:13.000Z,1
2019-12-06T17:15:24.000Z,1
2019-12-06T17:23:45.000Z,1
2019-12-06T17:28:26.000Z,1
2019-12-06T17:29:54.000Z,1
2019-12-06T17:33:31.000Z,1
2019-12-06T17:47:36.000Z,2
2019-12-06T18:02:19.000Z,1
2019-12-06T18:08:48.000Z,2
2019-12-06T18:45:47.000Z,1
2019-12-06T18:51:47.000Z,1
2019-12-06T18:59:16.000Z,1
2019-12-06T21:24:59.000Z,1
2019-12-07T08:13:51.000Z,1
2019-12-07T09:55:47.000Z,1
2019-12-07T10:41:43.000Z,2
2019-12-07T10:56:24.000Z,1
2019-12-07T10:57:36.000Z,1
2019-12-07T11:41:15.000Z,1
2019-12-07T12:36:31.000Z,1
2019-12-07T13:36:47.000Z,1
2019-12-07T14:16:30.000Z,1
2019-12-07T15:40:24.000Z,2
2019-12-07T16:16:38.000Z,1
2019-12-07T17:04:24.000Z,1
2019-12-07T21:42:13.000Z,1
2019-12-08T00:57:58.000Z,1
2019-12-08T08:32:12.000Z,1
2019-12-08T09:03:38.000Z,1
2019-12-08T09:03:37.000Z,1
2019-12-08T09:09:13.000Z,1
2019-12-08T09:24:01.000Z,1
2019-12-08T10:20:23.000Z,1
2019-12-08T11:18:45.000Z,1
2019-12-08T11:40:56.000Z,1
2019-12-08T13:46:48.000Z,1
2019-12-08T13:46:59.000Z,1
2019-12-08T14:11:24.000Z,2
2019-12-08T14:22:35.000Z,1
2019-12-08T16:00:44.000Z,1
2019-12-09T03:59:29.000Z,1
2019-12-09T05:50:44.000Z,1
2019-12-09T06:28:29.000Z,1
2019-12-09T06:52:11.000Z,1
2019-12-09T06:54:05.000Z,1
2019-12-09T07:15:18.000Z,1
2019-12-09T07:55:18.000Z,1
2019-12-09T08:48:08.000Z,1
2019-12-09T09:03:25.000Z,1
2019-12-09T09:26:12.000Z,1
2019-12-09T12:47:43.000Z,1
2019-12-09T13:42:53.000Z,1
2019-12-09T13:43:24.000Z,1
2019-12-09T14:04:15.000Z,1
2019-12-09T15:20:24.000Z,1
2019-12-09T15:49:44.000Z,1
2019-12-09T16:26:15.000Z,2
2019-12-09T16:36:01.000Z,1
2019-12-09T16:39:25.000Z,1
2019-12-09T16:48:29.000Z,1
2019-12-09T16:50:05.000Z,1
2019-12-09T17:15:28.000Z,2
2019-12-09T17:31:40.000Z,2
2019-12-09T18:28:38.000Z,1
2019-12-09T18:57:26.000Z,1
2019-12-09T20:59:01.000Z,1
2019-12-10T05:37:02.000Z,1
2019-12-10T06:11:40.000Z,1
2019-12-10T06:30:49.000Z,2
2019-12-10T06:44:10.000Z,1
2019-12-10T07:20:20.000Z,1
2019-12-10T07:31:57.000Z,1
2019-12-10T07:39:23.000Z,1
2019-12-10T08:55:03.000Z,1
2019-12-10T10:41:17.000Z,1
2019-12-10T11:28:09.000Z,1
2019-12-10T14:46:46.000Z,1
2019-12-10T15:10:29.000Z,1
2019-12-10T15:51:23.000Z,1
2019-12-10T15:54:46.000Z,1
2019-12-10T17:07:24.000Z,1
2019-12-10T17:34:31.000Z,1
2019-12-10T17:36:05.000Z,1
2019-12-10T17:58:10.000Z,1
2019-12-10T18:30:30.000Z,1
2019-12-10T18:57:05.000Z,1
2019-12-10T20:16:54.000Z,1
2019-12-11T00:52:46.000Z,1
2019-12-11T06:17:33.000Z,1
2019-12-11T07:34:25.000Z,1
2019-12-11T07:42:52.000Z,1
2019-12-11T10:40:33.000Z,1
2019-12-11T12:02:05.000Z,1
2019-12-02T06:42:45.000Z,1
2019-12-02T06:43:57.000Z,1
2019-12-02T06:45:43.000Z,1
2019-12-02T06:51:13.000Z,1
2019-12-02T07:15:04.000Z,1
2019-12-02T08:04:13.000Z,1
2019-12-02T08:30:22.000Z,2
2019-12-02T08:41:59.000Z,1
2019-12-02T09:56:45.000Z,1
2019-12-02T10:02:59.000Z,1
2019-12-02T10:29:20.000Z,1
2019-12-02T11:22:34.000Z,1
2019-12-02T14:53:52.000Z,1
2019-12-02T15:16:34.000Z,1
2019-12-02T16:14:03.000Z,2
2019-12-02T16:50:50.000Z,1
2019-12-03T08:00:39.000Z,1
2019-12-03T17:27:59.000Z,1
2019-12-02T08:06:22.000Z,1
2019-12-02T08:18:14.000Z,1
2019-12-02T14:01:16.000Z,1
2019-12-02T15:08:35.000Z,1
2019-12-02T15:24:30.000Z,1
2019-12-02T16:28:21.000Z,1
2019-12-02T16:34:57.000Z,1
2019-12-02T17:40:40.000Z,1
2019-12-02T18:01:49.000Z,1
2019-12-02T18:56:04.000Z,1
2019-12-02T18:57:43.000Z,1
2019-12-02T19:20:32.000Z,1
2019-12-02T20:54:26.000Z,1
2019-12-02T21:36:15.000Z,1
2019-12-03T05:51:19.000Z,1
2019-12-03T07:44:55.000Z,1
2019-12-03T07:52:06.000Z,1
2019-12-03T08:03:35.000Z,1
2019-12-03T08:22:39.000Z,1
2019-12-03T08:26:46.000Z,1
2019-12-03T10:08:47.000Z,1
2019-12-03T10:15:01.000Z,1
2019-12-03T10:28:58.000Z,1
2019-12-03T11:13:47.000Z,1
2019-12-03T12:49:18.000Z,1
2019-12-03T12:57:40.000Z,1
2019-12-03T15:00:35.000Z,1
2019-12-03T16:01:11.000Z,1
2019-12-03T17:05:19.000Z,1
2019-12-03T17:15:33.000Z,1
2019-12-03T17:18:24.000Z,1
2019-12-03T17:30:47.000Z,1
2019-12-03T17:36:20.000Z,1
2019-12-03T17:44:04.000Z,1
2019-12-03T17:46:50.000Z,2
2019-12-03T17:50:06.000Z,1
2019-12-03T17:55:33.000Z,1
2019-12-03T18:12:20.000Z,1
2019-12-03T18:17:01.000Z,1
2019-12-03T19:24:10.000Z,1
2019-12-03T20:08:48.000Z,1
2019-12-03T21:20:33.000Z,1
2019-12-03T23:39:53.000Z,1
2019-12-03T23:40:21.000Z,1
2019-12-04T06:14:00.000Z,1
2019-12-04T06:44:44.000Z,1
2019-12-04T07:33:23.000Z,1
2019-12-04T07:54:45.000Z,1
2019-12-04T08:06:33.000Z,1
2019-12-04T08:09:10.000Z,1
2019-12-04T08:11:45.000Z,1
2019-12-04T08:19:36.000Z,1
2019-12-04T08:21:29.000Z,1
2019-12-04T08:22:22.000Z,1
2019-12-04T08:43:42.000Z,1
2019-12-04T08:43:57.000Z,1
2019-12-04T08:47:21.000Z,1
2019-12-04T08:54:47.000Z,1
2019-12-04T09:07:38.000Z,1
2019-12-04T11:30:27.000Z,1
2019-12-04T15:41:16.000Z,1
2019-12-04T15:41:42.000Z,1
2019-12-04T16:10:09.000Z,2
2019-12-04T16:22:15.000Z,1
2019-12-04T17:01:49.000Z,1
2019-12-04T17:08:49.000Z,2
2019-12-04T17:29:26.000Z,1
2019-12-04T17:32:58.000Z,1
2019-12-04T18:50:50.000Z,1
2019-12-04T18:51:30.000Z,1
2019-12-04T19:11:37.000Z,1
2019-12-04T19:35:01.000Z,1
2019-12-04T20:17:41.000Z,1
2019-12-04T20:48:13.000Z,1
2019-12-05T07:23:05.000Z,2
2019-12-05T07:29:08.000Z,1
2019-12-05T07:33:18.000Z,1
2019-12-05T07:34:03.000Z,1
2019-12-05T07:48:11.000Z,1
2019-12-05T07:53:48.000Z,1
2019-12-05T07:56:58.000Z,1
2019-12-05T08:56:33.000Z,1
2019-12-05T08:58:43.000Z,1
2019-12-05T10:37:50.000Z,2
2019-12-05T10:40:17.000Z,1
2019-12-05T11:32:26.000Z,1
2019-12-05T11:33:02.000Z,1
2019-12-05T13:05:41.000Z,1
2019-12-05T13:08:13.000Z,1
2019-12-05T13:41:23.000Z,1
2019-12-05T14:23:57.000Z,1
2019-12-05T14:41:02.000Z,1
2019-12-05T15:02:37.000Z,1
2019-12-05T15:05:55.000Z,1
2019-12-05T15:25:40.000Z,1
2019-12-05T16:04:43.000Z,1
2019-12-05T16:31:45.000Z,1
2019-12-05T16:32:15.000Z,1
2019-12-05T16:37:05.000Z,1
2019-12-05T16:49:49.000Z,1
2019-12-05T17:10:52.000Z,1
2019-12-05T17:28:24.000Z,2
2019-12-05T17:37:03.000Z,1
2019-12-05T17:44:33.000Z,2
2019-12-05T17:47:40.000Z,1
2019-12-05T17:53:02.000Z,1
2019-12-05T18:08:28.000Z,1
2019-12-05T18:35:14.000Z,1
2019-12-05T18:45:20.000Z,1
2019-12-05T18:49:37.000Z,1
2019-12-05T19:05:34.000Z,1
2019-12-05T19:10:52.000Z,1
2019-12-05T19:26:02.000Z,1
2019-12-05T20:23:56.000Z,1
2019-12-05T20:37:24.000Z,1
2019-12-05T22:36:23.000Z,1
2019-12-05T23:16:34.000Z,1
2019-12-05T23:44:00.000Z,1
2019-12-05T23:50:20.000Z,1
2019-12-06T06:09:43.000Z,1
2019-12-06T06:51:47.000Z,1
2019-12-06T07:30:10.000Z,1
2019-12-06T07:47:02.000Z,1
2019-12-06T07:59:51.000Z,1
2019-12-06T08:09:03.000Z,1
2019-12-06T08:48:23.000Z,1
2019-12-06T08:50:01.000Z,1
2019-12-06T09:44:16.000Z,1
2019-12-06T11:38:43.000Z,1
2019-12-06T13:19:19.000Z,1
2019-12-06T14:07:45.000Z,1
2019-12-06T14:39:33.000Z,1
2019-12-06T15:43:38.000Z,1
2019-12-06T16:01:10.000Z,1
2019-12-06T16:06:40.000Z,2
2019-12-06T16:31:51.000Z,1
2019-12-06T16:35:18.000Z,1
2019-12-06T17:20:24.000Z,1
2019-12-06T17:53:15.000Z,1
2019-12-06T18:12:43.000Z,1
2019-12-06T18:26:00.000Z,1
2019-12-06T18:45:32.000Z,1
2019-12-06T21:56:45.000Z,1
2019-12-07T00:11:43.000Z,1
2019-12-07T00:40:38.000Z,1
2019-12-07T07:51:31.000Z,1
2019-12-07T08:46:03.000Z,1
2019-12-07T11:23:25.000Z,1
2019-12-07T11:24:08.000Z,1
2019-12-07T12:56:10.000Z,1
2019-12-07T12:56:41.000Z,1
2019-12-07T13:17:08.000Z,1
2019-12-07T13:22:24.000Z,1
2019-12-07T13:37:28.000Z,1
2019-12-07T13:47:46.000Z,1
2019-12-07T14:00:44.000Z,1
2019-12-07T14:23:31.000Z,1
2019-12-07T14:35:05.000Z,1
2019-12-07T15:06:00.000Z,1
2019-12-07T15:37:15.000Z,1
2019-12-07T16:12:10.000Z,1
2019-12-07T16:50:48.000Z,2
2019-12-07T17:34:53.000Z,1
2019-12-07T18:21:15.000Z,1
2019-12-07T18:57:20.000Z,1
2019-12-07T19:04:02.000Z,2
2019-12-07T19:15:25.000Z,1
2019-12-07T20:34:39.000Z,1
2019-12-07T20:59:32.000Z,1
2019-12-07T23:33:17.000Z,1
2019-12-08T00:57:05.000Z,1
2019-12-08T08:37:17.000Z,1
2019-12-08T11:02:44.000Z,1
2019-12-08T11:03:19.000Z,1
2019-12-08T11:16:38.000Z,1
2019-12-08T11:44:05.000Z,1
2019-12-08T13:20:59.000Z,1
2019-12-08T13:49:02.000Z,1
2019-12-08T13:57:51.000Z,1
2019-12-08T14:52:50.000Z,1
2019-12-08T15:02:33.000Z,2
2019-12-08T15:18:35.000Z,1
2019-12-08T15:26:18.000Z,1
2019-12-08T16:04:56.000Z,1
2019-12-08T16:53:45.000Z,1
2019-12-08T18:24:10.000Z,1
2019-12-08T22:27:22.000Z,1
2019-12-08T22:42:17.000Z,1
2019-12-09T00:11:51.000Z,1
2019-12-09T05:54:43.000Z,1
2019-12-09T07:32:08.000Z,1
2019-12-09T07:53:46.000Z,1
2019-12-09T10:00:39.000Z,1
2019-12-09T10:08:24.000Z,1
2019-12-09T11:04:43.000Z,1
2019-12-09T11:18:56.000Z,1
2019-12-09T12:48:26.000Z,1
2019-12-09T14:14:44.000Z,1
2019-12-09T14:19:44.000Z,1
2019-12-09T16:24:00.000Z,1
2019-12-09T16:41:25.000Z,1
2019-12-09T16:59:59.000Z,1
2019-12-09T17:01:21.000Z,2
2019-12-09T17:06:15.000Z,1
2019-12-09T17:18:27.000Z,1
2019-12-09T17:22:54.000Z,1
2019-12-09T17:30:07.000Z,1
2019-12-09T17:31:01.000Z,1
2019-12-09T17:31:07.000Z,1
2019-12-09T17:53:06.000Z,1
2019-12-09T18:24:26.000Z,1
2019-12-09T18:56:44.000Z,1
2019-12-09T19:42:29.000Z,1
2019-12-09T21:47:01.000Z,1
2019-12-10T06:13:30.000Z,1
2019-12-10T07:38:58.000Z,1
2019-12-10T07:46:24.000Z,1
2019-12-10T07:50:11.000Z,1
2019-12-10T08:19:12.000Z,1
2019-12-10T08:22:21.000Z,1
2019-12-10T09:21:03.000Z,1
2019-12-10T10:02:11.000Z,1
2019-12-10T11:09:18.000Z,1
2019-12-10T11:50:26.000Z,1
2019-12-10T13:46:08.000Z,1
2019-12-10T13:48:38.000Z,1
2019-12-10T16:38:44.000Z,1
2019-12-10T16:42:55.000Z,1
2019-12-10T16:55:04.000Z,1
2019-12-10T17:12:56.000Z,1
2019-12-10T17:15:59.000Z,2
2019-12-10T18:18:11.000Z,1
2019-12-10T18:50:56.000Z,1
2019-12-10T19:10:54.000Z,1
2019-12-10T19:59:54.000Z,1
2019-12-10T20:20:06.000Z,1
2019-12-11T06:20:57.000Z,1
2019-12-11T06:26:53.000Z,1
2019-12-11T06:31:40.000Z,1
2019-12-11T06:38:59.000Z,1
2019-12-11T08:08:16.000Z,1
2019-12-11T08:16:21.000Z,2
2019-12-11T08:21:00.000Z,1
2019-12-11T08:27:21.000Z,2
2019-12-11T09:04:21.000Z,1
2019-12-11T09:24:19.000Z,1
2019-12-11T10:53:39.000Z,1
2019-12-11T11:41:43.000Z,1
2019-12-11T12:20:00.000Z,1
2019-12-11T12:51:37.000Z,1
2019-12-02T06:23:29.000Z,1
2019-12-02T06:54:44.000Z,1
2019-12-02T07:13:05.000Z,1
2019-12-02T07:36:29.000Z,1
2019-12-02T07:57:58.000Z,1
2019-12-02T07:59:02.000Z,1
2019-12-02T08:48:34.000Z,1
2019-12-02T09:14:11.000Z,1
2019-12-02T09:15:27.000Z,1
2019-12-02T10:22:36.000Z,1
2019-12-02T12:20:55.000Z,1
2019-12-02T13:10:32.000Z,1
2019-12-02T14:45:05.000Z,1
2019-12-02T17:17:58.000Z,1
2019-12-02T18:22:38.000Z,1
2019-12-02T22:05:55.000Z,1
2019-12-03T09:01:04.000Z,1
2019-12-02T09:18:00.000Z,1
2019-12-02T15:02:29.000Z,1
2019-12-02T15:49:34.000Z,1
2019-12-02T16:42:22.000Z,1
2019-12-02T16:56:32.000Z,1
2019-12-02T17:07:26.000Z,1
2019-12-02T17:52:54.000Z,1
2019-12-02T17:56:34.000Z,1
2019-12-02T17:57:06.000Z,1
2019-12-02T18:15:50.000Z,1
2019-12-02T18:28:08.000Z,1
2019-12-02T18:44:42.000Z,2
2019-12-02T20:10:46.000Z,1
2019-12-02T23:17:17.000Z,1
2019-12-03T07:18:36.000Z,1
2019-12-03T07:38:41.000Z,1
2019-12-03T08:30:38.000Z,1
2019-12-03T08:32:53.000Z,2
2019-12-03T08:36:09.000Z,1
2019-12-03T08:48:19.000Z,1
2019-12-03T12:09:36.000Z,1
2019-12-03T12:50:04.000Z,1
2019-12-03T15:25:26.000Z,1
2019-12-03T15:48:23.000Z,1
2019-12-03T15:50:40.000Z,1
2019-12-03T16:13:52.000Z,1
2019-12-03T17:01:56.000Z,1
2019-12-03T17:36:47.000Z,1
2019-12-03T17:59:44.000Z,1
2019-12-03T18:48:37.000Z,1
2019-12-03T19:07:11.000Z,1
2019-12-03T19:33:16.000Z,1
2019-12-03T19:37:57.000Z,1
2019-12-03T20:45:34.000Z,1
2019-12-03T21:21:42.000Z,1
2019-12-03T21:31:59.000Z,1
2019-12-03T22:10:31.000Z,1
2019-12-04T05:35:46.000Z,1
2019-12-04T06:25:58.000Z,1
2019-12-04T06:59:46.000Z,1
2019-12-04T07:28:52.000Z,1
2019-12-04T07:32:16.000Z,1
2019-12-04T07:42:59.000Z,1
2019-12-04T07:44:06.000Z,1
2019-12-04T07:45:58.000Z,1
2019-12-04T07:50:24.000Z,1
2019-12-04T07:52:39.000Z,1
2019-12-04T08:27:28.000Z,1
2019-12-04T08:33:49.000Z,1
2019-12-04T08:41:34.000Z,1
2019-12-04T08:44:47.000Z,1
2019-12-04T08:47:42.000Z,2
2019-12-04T08:48:32.000Z,1
2019-12-04T08:55:58.000Z,1
2019-12-04T09:06:26.000Z,2
2019-12-04T09:08:49.000Z,1
2019-12-04T10:03:49.000Z,1
2019-12-04T10:21:44.000Z,1
2019-12-04T11:17:02.000Z,1
2019-12-04T11:20:34.000Z,1
2019-12-04T11:26:41.000Z,1
2019-12-04T11:33:17.000Z,1
2019-12-04T11:36:57.000Z,1
2019-12-04T11:50:10.000Z,1
2019-12-04T12:18:55.000Z,1
2019-12-04T12:35:32.000Z,1
2019-12-04T13:47:10.000Z,1
2019-12-04T14:08:43.000Z,1
2019-12-04T15:28:34.000Z,1
2019-12-04T15:39:55.000Z,1
2019-12-04T15:48:30.000Z,1
2019-12-04T16:28:57.000Z,1
2019-12-04T16:40:51.000Z,1
2019-12-04T16:46:01.000Z,1
2019-12-04T17:04:24.000Z,1
2019-12-04T17:07:57.000Z,1
2019-12-04T17:17:30.000Z,1
2019-12-04T17:24:08.000Z,1
2019-12-04T17:29:21.000Z,1
2019-12-04T17:52:55.000Z,1
2019-12-04T18:08:17.000Z,1
2019-12-04T18:16:28.000Z,1
2019-12-04T19:01:18.000Z,1
2019-12-04T19:11:50.000Z,1
2019-12-04T19:28:18.000Z,1
2019-12-04T21:30:43.000Z,1
2019-12-05T05:44:18.000Z,1
2019-12-05T06:45:57.000Z,1
2019-12-05T06:54:30.000Z,1
2019-12-05T07:05:28.000Z,1
2019-12-05T07:37:38.000Z,2
2019-12-05T07:53:56.000Z,1
2019-12-05T08:04:30.000Z,1
2019-12-05T08:07:21.000Z,1
2019-12-05T08:13:58.000Z,1
2019-12-05T08:14:26.000Z,1
2019-12-05T08:19:14.000Z,1
2019-12-05T08:25:33.000Z,1
2019-12-05T08:39:20.000Z,1
2019-12-05T09:12:06.000Z,1
2019-12-05T09:14:21.000Z,1
2019-12-05T09:33:47.000Z,1
2019-12-05T09:52:31.000Z,1
2019-12-05T11:29:32.000Z,1
2019-12-05T14:34:50.000Z,1
2019-12-05T14:38:00.000Z,1
2019-12-05T15:36:41.000Z,1
2019-12-05T16:01:02.000Z,2
2019-12-05T16:06:36.000Z,2
2019-12-05T16:10:58.000Z,2
2019-12-05T17:05:12.000Z,1
2019-12-05T17:06:30.000Z,3
2019-12-05T17:07:13.000Z,3
2019-12-05T17:12:09.000Z,1
2019-12-05T17:25:11.000Z,2
2019-12-05T17:30:27.000Z,1
2019-12-05T18:37:37.000Z,1
2019-12-05T18:53:55.000Z,1
2019-12-05T20:46:43.000Z,1
2019-12-05T20:49:43.000Z,1
2019-12-05T22:38:32.000Z,1
2019-12-06T04:52:36.000Z,1
2019-12-06T06:04:32.000Z,1
2019-12-06T06:21:54.000Z,1
2019-12-06T07:31:49.000Z,1
2019-12-06T07:39:37.000Z,1
2019-12-06T07:43:07.000Z,1
2019-12-06T08:15:25.000Z,1
2019-12-06T09:18:46.000Z,1
2019-12-06T09:25:55.000Z,1
2019-12-06T09:27:37.000Z,1
2019-12-06T10:11:37.000Z,1
2019-12-06T10:52:20.000Z,1
2019-12-06T11:20:34.000Z,1
2019-12-06T11:52:12.000Z,1
2019-12-06T12:40:05.000Z,2
2019-12-06T13:44:14.000Z,1
2019-12-06T14:57:40.000Z,1
2019-12-06T15:14:24.000Z,1
2019-12-06T15:28:42.000Z,1
2019-12-06T16:46:05.000Z,1
2019-12-06T17:04:49.000Z,1
2019-12-06T17:07:02.000Z,1
2019-12-06T17:48:19.000Z,1
2019-12-06T17:49:58.000Z,1
2019-12-06T17:56:39.000Z,1
2019-12-06T18:31:23.000Z,1
2019-12-06T18:46:57.000Z,1
2019-12-06T20:37:20.000Z,1
2019-12-06T22:31:02.000Z,1
2019-12-07T02:09:51.000Z,1
2019-12-07T09:48:24.000Z,1
2019-12-07T09:54:38.000Z,1
2019-12-07T10:16:51.000Z,1
2019-12-07T11:10:37.000Z,1
2019-12-07T14:19:39.000Z,1
2019-12-07T15:01:54.000Z,1
2019-12-07T15:02:33.000Z,1
2019-12-07T15:15:12.000Z,1
2019-12-07T15:53:48.000Z,1
2019-12-07T16:12:01.000Z,2
2019-12-07T16:21:17.000Z,1
2019-12-07T16:36:48.000Z,1
2019-12-07T16:59:15.000Z,1
2019-12-07T19:08:11.000Z,2
2019-12-07T19:14:25.000Z,1
2019-12-07T20:19:52.000Z,1
2019-12-07T22:02:25.000Z,1
2019-12-08T01:40:47.000Z,1
2019-12-08T08:16:55.000Z,1
2019-12-08T08:19:57.000Z,1
2019-12-08T10:44:55.000Z,1
2019-12-08T10:56:19.000Z,1
2019-12-08T11:22:31.000Z,1
2019-12-08T11:48:24.000Z,1
2019-12-08T12:22:50.000Z,1
2019-12-08T15:10:41.000Z,1
2019-12-08T16:30:07.000Z,1
2019-12-08T16:39:08.000Z,1
2019-12-08T16:46:14.000Z,1
2019-12-08T16:57:13.000Z,1
2019-12-08T17:51:53.000Z,1
2019-12-08T18:45:17.000Z,1
2019-12-08T19:02:58.000Z,1
2019-12-08T21:24:58.000Z,1
2019-12-09T05:48:54.000Z,1
2019-12-09T07:00:17.000Z,1
2019-12-09T07:43:28.000Z,1
2019-12-09T07:57:13.000Z,1
2019-12-09T08:27:24.000Z,1
2019-12-09T08:33:19.000Z,1
2019-12-09T08:46:00.000Z,1
2019-12-09T09:54:11.000Z,1
2019-12-09T10:32:46.000Z,1
2019-12-09T12:08:49.000Z,1
2019-12-09T12:17:31.000Z,1
2019-12-09T12:48:40.000Z,1
2019-12-09T13:19:43.000Z,1
2019-12-09T15:34:24.000Z,1
2019-12-09T15:50:58.000Z,1
2019-12-09T16:33:42.000Z,1
2019-12-09T16:38:25.000Z,1
2019-12-09T16:48:19.000Z,1
2019-12-09T16:55:05.000Z,1
2019-12-09T17:28:36.000Z,1
2019-12-09T17:39:37.000Z,1
2019-12-09T17:50:11.000Z,1
2019-12-09T17:54:49.000Z,1
2019-12-09T18:04:48.000Z,1
2019-12-09T18:37:49.000Z,1
2019-12-09T19:24:11.000Z,1
2019-12-09T20:49:01.000Z,1
2019-12-09T20:56:32.000Z,1
2019-12-09T22:02:17.000Z,1
2019-12-10T06:21:07.000Z,1
2019-12-10T06:46:38.000Z,1
2019-12-10T07:36:09.000Z,1
2019-12-10T07:41:42.000Z,1
2019-12-10T08:03:16.000Z,1
2019-12-10T08:25:50.000Z,1
2019-12-10T08:38:11.000Z,1
2019-12-10T10:39:49.000Z,1
2019-12-10T11:27:53.000Z,1
2019-12-10T13:37:40.000Z,1
2019-12-10T13:53:53.000Z,1
2019-12-10T15:26:45.000Z,1
2019-12-10T16:11:25.000Z,1
2019-12-10T16:54:16.000Z,1
2019-12-10T17:01:55.000Z,1
2019-12-10T17:18:15.000Z,2
2019-12-10T17:19:09.000Z,1
2019-12-10T17:23:10.000Z,1
2019-12-10T17:29:41.000Z,1
2019-12-10T17:57:51.000Z,1
2019-12-10T17:59:27.000Z,1
2019-12-10T18:35:50.000Z,1
2019-12-10T19:13:39.000Z,1
2019-12-10T19:15:54.000Z,1
2019-12-10T19:30:10.000Z,1
2019-12-10T20:13:26.000Z,1
2019-12-11T05:45:37.000Z,1
2019-12-11T08:07:14.000Z,1
2019-12-11T08:07:28.000Z,1
2019-12-11T08:32:52.000Z,1
2019-12-11T08:35:34.000Z,1
2019-12-11T08:36:18.000Z,1
2019-12-11T08:56:42.000Z,2
2019-12-11T09:19:41.000Z,1
2019-12-11T09:22:29.000Z,1
2019-12-11T09:52:02.000Z,1
2019-12-11T10:06:11.000Z,1
2019-12-11T10:32:39.000Z,1
2019-12-11T11:44:55.000Z,1
2019-12-11T11:46:18.000Z,1
2019-12-11T11:58:55.000Z,1
2019-12-02T07:17:25.000Z,1
2019-12-02T07:37:29.000Z,1
2019-12-02T07:38:04.000Z,1
2019-12-02T07:38:54.000Z,1
2019-12-02T09:00:26.000Z,1
2019-12-02T09:43:17.000Z,1
2019-12-02T12:10:49.000Z,1
2019-12-02T12:17:01.000Z,1
2019-12-02T16:18:22.000Z,1
2019-12-02T16:54:07.000Z,1
2019-12-02T17:28:28.000Z,1
2019-12-02T17:38:05.000Z,1
2019-12-02T09:06:27.000Z,1
2019-12-02T09:34:40.000Z,1
2019-12-02T12:39:38.000Z,1
2019-12-02T15:03:56.000Z,1
2019-12-02T15:52:52.000Z,1
2019-12-02T16:54:26.000Z,1
2019-12-02T17:09:38.000Z,2
2019-12-02T17:11:49.000Z,2
2019-12-02T17:24:44.000Z,1
2019-12-02T18:05:57.000Z,1
2019-12-02T18:25:22.000Z,1
2019-12-02T18:26:14.000Z,1
2019-12-02T20:07:11.000Z,1
2019-12-02T20:15:12.000Z,1
2019-12-02T20:48:08.000Z,1
2019-12-02T22:28:59.000Z,1
2019-12-03T05:35:06.000Z,1
2019-12-03T06:54:11.000Z,1
2019-12-03T07:09:54.000Z,2
2019-12-03T07:19:54.000Z,1
2019-12-03T07:25:59.000Z,1
2019-12-03T07:32:08.000Z,1
2019-12-03T08:06:51.000Z,1
2019-12-03T08:17:57.000Z,1
2019-12-03T09:02:43.000Z,1
2019-12-03T09:18:45.000Z,1
2019-12-03T09:29:07.000Z,1
2019-12-03T11:25:52.000Z,1
2019-12-03T11:27:58.000Z,1
2019-12-03T11:52:30.000Z,1
2019-12-03T13:49:21.000Z,1
2019-12-03T13:59:57.000Z,1
2019-12-03T14:35:10.000Z,1
2019-12-03T14:50:11.000Z,1
2019-12-03T14:57:29.000Z,1
2019-12-03T15:35:40.000Z,1
2019-12-03T16:38:20.000Z,1
2019-12-03T16:48:17.000Z,1
2019-12-03T16:48:52.000Z,1
2019-12-03T17:09:57.000Z,1
2019-12-03T17:10:42.000Z,1
2019-12-03T17:21:46.000Z,1
2019-12-03T17:22:23.000Z,1
2019-12-03T17:35:40.000Z,1
2019-12-03T17:49:47.000Z,1
2019-12-03T18:41:31.000Z,1
2019-12-03T18:58:06.000Z,1
2019-12-03T19:18:28.000Z,1
2019-12-03T19:29:33.000Z,1
2019-12-03T20:27:55.000Z,1
2019-12-03T22:06:49.000Z,1
2019-12-04T06:20:11.000Z,1
2019-12-04T06:27:32.000Z,1
2019-12-04T06:36:44.000Z,1
2019-12-04T07:37:00.000Z,2
2019-12-04T07:44:52.000Z,1
2019-12-04T07:45:20.000Z,2
2019-12-04T08:01:14.000Z,1
2019-12-04T08:06:43.000Z,1
2019-12-04T08:18:40.000Z,3
2019-12-04T08:46:59.000Z,1
2019-12-04T10:07:18.000Z,1
2019-12-04T13:02:21.000Z,1
2019-12-04T13:17:45.000Z,1
2019-12-04T14:17:35.000Z,1
2019-12-04T14:44:18.000Z,1
2019-12-04T14:48:28.000Z,1
2019-12-04T14:52:08.000Z,1
2019-12-04T14:54:28.000Z,1
2019-12-04T15:00:02.000Z,1
2019-12-04T15:38:05.000Z,1
2019-12-04T16:32:35.000Z,2
2019-12-04T16:37:40.000Z,2
2019-12-04T17:19:46.000Z,1
2019-12-04T17:56:58.000Z,1
2019-12-04T18:13:17.000Z,1
2019-12-04T18:20:16.000Z,1
2019-12-04T19:05:06.000Z,1
2019-12-04T19:21:52.000Z,1
2019-12-04T19:59:13.000Z,1
2019-12-04T20:10:19.000Z,1
2019-12-04T23:28:07.000Z,1
2019-12-05T00:33:08.000Z,1
2019-12-05T04:48:28.000Z,1
2019-12-05T05:33:07.000Z,1
2019-12-05T06:37:57.000Z,1
2019-12-05T06:40:08.000Z,1
2019-12-05T07:31:46.000Z,1
2019-12-05T07:52:49.000Z,1
2019-12-05T07:54:59.000Z,2
2019-12-05T08:03:45.000Z,1
2019-12-05T08:21:18.000Z,1
2019-12-05T08:28:23.000Z,1
2019-12-05T08:38:28.000Z,1
2019-12-05T08:55:33.000Z,2
2019-12-05T08:59:11.000Z,1
2019-12-05T09:22:39.000Z,1
2019-12-05T10:49:52.000Z,1
2019-12-05T11:58:25.000Z,1
2019-12-05T12:29:19.000Z,1
2019-12-05T13:10:36.000Z,2
2019-12-05T14:55:02.000Z,1
2019-12-05T15:07:14.000Z,1
2019-12-05T15:31:16.000Z,1
2019-12-05T16:30:31.000Z,1
2019-12-05T16:37:13.000Z,1
2019-12-05T16:37:49.000Z,1
2019-12-05T16:41:19.000Z,1
2019-12-05T16:49:04.000Z,1
2019-12-05T16:55:33.000Z,1
2019-12-05T17:19:23.000Z,1
2019-12-05T17:25:10.000Z,1
2019-12-05T17:28:11.000Z,1
2019-12-05T17:40:44.000Z,2
2019-12-05T17:44:41.000Z,1
2019-12-05T17:48:59.000Z,1
2019-12-05T17:59:48.000Z,1
2019-12-05T18:09:01.000Z,1
2019-12-05T18:11:28.000Z,1
2019-12-05T18:17:31.000Z,1
2019-12-05T18:25:48.000Z,1
2019-12-05T18:46:18.000Z,2
2019-12-05T18:49:24.000Z,1
2019-12-05T18:50:48.000Z,1
2019-12-05T19:03:08.000Z,1
2019-12-05T19:22:30.000Z,1
2019-12-05T19:55:03.000Z,1
2019-12-05T22:00:44.000Z,1
2019-12-05T22:50:08.000Z,1
2019-12-05T22:52:25.000Z,1
2019-12-05T22:58:58.000Z,3
2019-12-06T04:06:31.000Z,1
2019-12-06T05:41:39.000Z,1
2019-12-06T06:42:41.000Z,1
2019-12-06T06:56:14.000Z,1
2019-12-06T07:13:11.000Z,1
2019-12-06T07:52:20.000Z,1
2019-12-06T08:52:52.000Z,1
2019-12-06T08:58:55.000Z,1
2019-12-06T10:14:48.000Z,1
2019-12-06T10:36:45.000Z,1
2019-12-06T12:23:58.000Z,1
2019-12-06T12:30:41.000Z,1
2019-12-06T12:32:18.000Z,1
2019-12-06T12:42:21.000Z,1
2019-12-06T13:27:25.000Z,1
2019-12-06T15:19:29.000Z,1
2019-12-06T15:48:01.000Z,1
2019-12-06T15:53:55.000Z,1
2019-12-06T16:30:38.000Z,1
2019-12-06T16:39:06.000Z,1
2019-12-06T16:52:48.000Z,1
2019-12-06T16:54:24.000Z,1
2019-12-06T16:55:27.000Z,1
2019-12-06T16:56:47.000Z,1
2019-12-06T17:13:50.000Z,1
2019-12-06T17:20:12.000Z,1
2019-12-06T17:23:06.000Z,1
2019-12-06T17:39:32.000Z,2
2019-12-06T17:44:03.000Z,1
2019-12-06T17:46:53.000Z,2
2019-12-06T18:26:44.000Z,1
2019-12-06T21:08:27.000Z,1
2019-12-06T22:30:33.000Z,1
2019-12-07T05:54:41.000Z,1
2019-12-07T06:45:10.000Z,1
2019-12-07T08:06:11.000Z,1
2019-12-07T09:29:36.000Z,1
2019-12-07T10:42:11.000Z,1
2019-12-07T12:25:23.000Z,1
2019-12-07T13:55:09.000Z,1
2019-12-07T14:15:51.000Z,1
2019-12-07T14:25:20.000Z,1
2019-12-07T15:37:25.000Z,1
2019-12-07T16:18:53.000Z,1
2019-12-07T17:56:03.000Z,1
2019-12-07T18:50:31.000Z,1
2019-12-07T19:04:53.000Z,1
2019-12-07T19:06:08.000Z,1
2019-12-07T21:35:14.000Z,1
2019-12-07T21:47:40.000Z,1
2019-12-07T23:48:35.000Z,1
2019-12-08T10:37:30.000Z,1
2019-12-08T11:51:18.000Z,1
2019-12-08T12:08:11.000Z,1
2019-12-08T12:45:04.000Z,1
2019-12-08T13:49:51.000Z,1
2019-12-08T14:10:37.000Z,1
2019-12-08T14:22:53.000Z,1
2019-12-08T15:02:32.000Z,1
2019-12-08T15:13:45.000Z,1
2019-12-08T15:30:49.000Z,1
2019-12-08T15:43:10.000Z,1
2019-12-08T16:02:56.000Z,1
2019-12-08T17:13:12.000Z,2
2019-12-08T17:23:16.000Z,1
2019-12-08T17:58:50.000Z,1
2019-12-08T18:36:55.000Z,1
2019-12-09T06:48:39.000Z,1
2019-12-09T06:53:57.000Z,1
2019-12-09T07:03:13.000Z,1
2019-12-09T07:15:42.000Z,1
2019-12-09T07:31:11.000Z,1
2019-12-09T07:46:44.000Z,2
2019-12-09T07:48:38.000Z,1
2019-12-09T07:56:21.000Z,1
2019-12-09T08:14:09.000Z,1
2019-12-09T08:14:46.000Z,1
2019-12-09T08:38:23.000Z,1
2019-12-09T08:50:46.000Z,1
2019-12-09T13:16:04.000Z,1
2019-12-09T14:21:57.000Z,1
2019-12-09T14:43:08.000Z,1
2019-12-09T14:55:31.000Z,1
2019-12-09T15:31:07.000Z,1
2019-12-09T16:34:52.000Z,1
2019-12-09T17:10:53.000Z,2
2019-12-09T17:23:13.000Z,1
2019-12-09T17:30:21.000Z,1
2019-12-09T17:48:27.000Z,1
2019-12-09T17:52:24.000Z,1
2019-12-09T18:43:02.000Z,1
2019-12-09T18:52:01.000Z,2
2019-12-09T20:41:35.000Z,1
2019-12-10T06:46:18.000Z,1
2019-12-10T07:06:35.000Z,1
2019-12-10T07:21:24.000Z,1
2019-12-10T07:24:14.000Z,1
2019-12-10T07:34:59.000Z,1
2019-12-10T07:36:20.000Z,1
2019-12-10T08:20:36.000Z,2
2019-12-10T08:26:51.000Z,2
2019-12-10T08:34:03.000Z,1
2019-12-10T08:59:06.000Z,1
2019-12-10T09:09:27.000Z,1
2019-12-10T10:19:30.000Z,1
2019-12-10T12:37:20.000Z,1
2019-12-10T12:42:54.000Z,1
2019-12-10T13:39:42.000Z,1
2019-12-10T14:51:22.000Z,1
2019-12-10T15:27:31.000Z,1
2019-12-10T15:38:35.000Z,1
2019-12-10T15:46:46.000Z,1
2019-12-10T16:11:52.000Z,1
2019-12-10T16:41:11.000Z,2
2019-12-10T16:47:04.000Z,1
2019-12-10T17:05:48.000Z,1
2019-12-10T18:09:56.000Z,1
2019-12-10T18:37:27.000Z,1
2019-12-10T20:05:23.000Z,1
2019-12-11T05:56:19.000Z,1
2019-12-11T06:28:30.000Z,1
2019-12-11T06:33:28.000Z,1
2019-12-11T07:03:29.000Z,1
2019-12-11T07:21:55.000Z,1
2019-12-11T07:29:06.000Z,1
2019-12-11T08:24:16.000Z,1
2019-12-11T08:37:46.000Z,1
2019-12-11T08:57:25.000Z,1
2019-12-11T09:45:33.000Z,1
2019-12-11T10:53:23.000Z,1
2019-12-11T12:04:51.000Z,1
2019-12-11T12:05:19.000Z,1
2019-12-11T12:13:43.000Z,1
2019-12-11T12:26:26.000Z,1
2019-12-02T07:02:28.000Z,1
2019-12-02T07:02:46.000Z,1
2019-12-02T07:50:19.000Z,1
2019-12-02T08:04:18.000Z,1
2019-12-02T08:42:17.000Z,1
2019-12-02T08:43:35.000Z,1
2019-12-02T08:56:14.000Z,2
2019-12-02T09:00:32.000Z,1
2019-12-02T10:46:24.000Z,1
2019-12-02T12:51:27.000Z,1
2019-12-02T13:31:02.000Z,1
2019-12-02T14:05:53.000Z,1
2019-12-02T14:18:08.000Z,1
2019-12-02T15:12:40.000Z,1
2019-12-02T15:14:26.000Z,3
2019-12-02T17:08:42.000Z,1
2019-12-02T18:11:39.000Z,1
2019-12-02T18:33:35.000Z,1
2019-12-02T19:41:21.000Z,1
2019-12-02T19:42:50.000Z,1
2019-12-03T07:18:35.000Z,1
2019-12-03T07:26:30.000Z,1
2019-12-03T07:29:14.000Z,2
2019-12-03T08:16:42.000Z,1
2019-12-02T09:39:21.000Z,1
2019-12-02T10:06:49.000Z,1
2019-12-02T11:08:22.000Z,1
2019-12-02T11:18:40.000Z,1
2019-12-02T11:54:48.000Z,1
2019-12-02T12:20:17.000Z,1
2019-12-02T16:33:12.000Z,1
2019-12-02T17:14:19.000Z,1
2019-12-02T17:20:06.000Z,1
2019-12-02T17:26:55.000Z,1
2019-12-02T17:31:25.000Z,1
2019-12-02T17:33:38.000Z,1
2019-12-02T18:28:42.000Z,1
2019-12-02T19:56:37.000Z,1
2019-12-02T21:51:02.000Z,1
2019-12-02T22:24:03.000Z,1
2019-12-03T05:41:13.000Z,1
2019-12-03T06:03:59.000Z,1
2019-12-03T06:33:54.000Z,1
2019-12-03T06:48:14.000Z,1
2019-12-03T08:12:40.000Z,1
2019-12-03T08:49:53.000Z,1
2019-12-03T09:05:34.000Z,1
2019-12-03T11:33:22.000Z,1
2019-12-03T13:08:40.000Z,1
2019-12-03T14:51:24.000Z,1
2019-12-03T15:35:52.000Z,1
2019-12-03T16:35:07.000Z,1
2019-12-03T16:44:26.000Z,1
2019-12-03T16:48:37.000Z,1
2019-12-03T17:00:42.000Z,2
2019-12-03T17:11:08.000Z,1
2019-12-03T17:43:57.000Z,1
2019-12-03T17:48:19.000Z,2
2019-12-03T17:54:17.000Z,1
2019-12-03T17:57:43.000Z,1
2019-12-03T18:13:37.000Z,1
2019-12-03T18:35:06.000Z,1
2019-12-03T18:49:31.000Z,1
2019-12-03T19:37:09.000Z,1
2019-12-03T19:45:20.000Z,1
2019-12-03T20:33:13.000Z,1
2019-12-03T21:27:49.000Z,1
2019-12-04T03:38:12.000Z,1
2019-12-04T05:19:44.000Z,1
2019-12-04T06:55:23.000Z,1
2019-12-04T07:22:13.000Z,1
2019-12-04T07:44:10.000Z,2
2019-12-04T07:44:56.000Z,1
2019-12-04T07:56:04.000Z,1
2019-12-04T08:07:14.000Z,1
2019-12-04T08:22:12.000Z,1
2019-12-04T08:41:15.000Z,1
2019-12-04T08:50:11.000Z,1
2019-12-04T09:01:48.000Z,1
2019-12-04T09:05:22.000Z,1
2019-12-04T09:09:04.000Z,1
2019-12-04T09:19:58.000Z,1
2019-12-04T10:18:05.000Z,1
2019-12-04T10:25:23.000Z,1
2019-12-04T10:37:53.000Z,1
2019-12-04T11:28:47.000Z,1
2019-12-04T12:03:26.000Z,1
2019-12-04T13:13:29.000Z,2
2019-12-04T13:49:30.000Z,1
2019-12-04T14:09:47.000Z,1
2019-12-04T15:04:49.000Z,1
2019-12-04T15:31:03.000Z,1
2019-12-04T15:45:55.000Z,2
2019-12-04T15:57:36.000Z,1
2019-12-04T16:13:06.000Z,2
2019-12-04T16:23:16.000Z,1
2019-12-04T16:31:09.000Z,1
2019-12-04T16:36:29.000Z,1
2019-12-04T16:44:29.000Z,2
2019-12-04T16:54:48.000Z,1
2019-12-04T17:03:01.000Z,1
2019-12-04T17:13:04.000Z,1
2019-12-04T17:26:30.000Z,2
2019-12-04T17:31:35.000Z,1
2019-12-04T17:53:09.000Z,1
2019-12-04T18:09:30.000Z,1
2019-12-04T18:16:34.000Z,1
2019-12-04T18:23:42.000Z,1
2019-12-04T19:13:36.000Z,1
2019-12-04T19:21:34.000Z,1
2019-12-04T19:22:47.000Z,1
2019-12-04T20:04:17.000Z,1
2019-12-04T20:36:39.000Z,1
2019-12-05T07:43:25.000Z,2
2019-12-05T07:48:53.000Z,1
2019-12-05T07:58:04.000Z,1
2019-12-05T07:59:07.000Z,1
2019-12-05T08:00:28.000Z,1
2019-12-05T08:00:48.000Z,1
2019-12-05T08:09:03.000Z,2
2019-12-05T08:11:40.000Z,1
2019-12-05T08:28:20.000Z,1
2019-12-05T08:30:08.000Z,1
2019-12-05T08:39:12.000Z,1
2019-12-05T08:43:19.000Z,1
2019-12-05T08:45:02.000Z,2
2019-12-05T08:47:49.000Z,1
2019-12-05T08:53:17.000Z,2
2019-12-05T09:42:37.000Z,1
2019-12-05T09:46:10.000Z,1
2019-12-05T11:06:48.000Z,1
2019-12-05T11:07:12.000Z,1
2019-12-05T11:24:27.000Z,1
2019-12-05T11:55:36.000Z,1
2019-12-05T12:38:47.000Z,1
2019-12-05T12:39:29.000Z,1
2019-12-05T12:46:51.000Z,1
2019-12-05T12:54:06.000Z,1
2019-12-05T13:10:50.000Z,1
2019-12-05T13:14:46.000Z,1
2019-12-05T13:21:46.000Z,1
2019-12-05T13:36:46.000Z,1
2019-12-05T13:48:48.000Z,1
2019-12-05T14:29:33.000Z,1
2019-12-05T14:42:36.000Z,2
2019-12-05T15:32:33.000Z,1
2019-12-05T16:21:15.000Z,1
2019-12-05T16:40:04.000Z,1
2019-12-05T16:41:04.000Z,1
2019-12-05T16:55:48.000Z,1
2019-12-05T17:48:01.000Z,1
2019-12-05T17:56:21.000Z,2
2019-12-05T18:02:11.000Z,1
2019-12-05T18:15:05.000Z,1
2019-12-05T18:36:04.000Z,1
2019-12-05T19:01:37.000Z,1
2019-12-05T19:39:00.000Z,1
2019-12-05T20:13:16.000Z,1
2019-12-05T20:48:33.000Z,1
2019-12-05T21:05:01.000Z,1
2019-12-05T22:38:20.000Z,1
2019-12-06T06:22:37.000Z,2
2019-12-06T06:51:57.000Z,1
2019-12-06T07:23:20.000Z,1
2019-12-06T07:25:54.000Z,1
2019-12-06T07:53:26.000Z,1
2019-12-06T07:54:55.000Z,1
2019-12-06T08:01:28.000Z,1
2019-12-06T08:03:01.000Z,1
2019-12-06T08:27:54.000Z,1
2019-12-06T08:36:41.000Z,1
2019-12-06T08:41:45.000Z,1
2019-12-06T08:52:13.000Z,1
2019-12-06T11:33:01.000Z,1
2019-12-06T11:38:33.000Z,1
2019-12-06T12:22:53.000Z,1
2019-12-06T12:43:50.000Z,1
2019-12-06T13:31:56.000Z,1
2019-12-06T13:36:19.000Z,1
2019-12-06T13:54:07.000Z,1
2019-12-06T16:22:15.000Z,1
2019-12-06T16:49:36.000Z,1
2019-12-06T17:09:46.000Z,2
2019-12-06T17:19:36.000Z,2
2019-12-06T17:21:26.000Z,1
2019-12-06T17:29:37.000Z,2
2019-12-06T17:43:25.000Z,1
2019-12-06T17:45:15.000Z,2
2019-12-06T17:55:12.000Z,1
2019-12-06T18:53:21.000Z,2
2019-12-06T19:02:41.000Z,1
2019-12-06T19:19:09.000Z,2
2019-12-06T20:05:07.000Z,1
2019-12-06T20:44:25.000Z,1
2019-12-06T22:06:30.000Z,1
2019-12-06T22:23:24.000Z,1
2019-12-07T10:24:09.000Z,1
2019-12-07T10:43:53.000Z,1
2019-12-07T12:00:16.000Z,1
2019-12-07T12:47:36.000Z,1
2019-12-07T12:55:23.000Z,1
2019-12-07T13:00:23.000Z,1
2019-12-07T13:14:45.000Z,1
2019-12-07T13:19:38.000Z,1
2019-12-07T13:48:34.000Z,1
2019-12-07T14:13:39.000Z,1
2019-12-07T14:24:33.000Z,1
2019-12-07T14:26:44.000Z,1
2019-12-07T14:32:10.000Z,1
2019-12-07T15:58:28.000Z,1
2019-12-07T16:52:07.000Z,1
2019-12-07T17:04:41.000Z,1
2019-12-07T17:06:32.000Z,1
2019-12-07T17:12:58.000Z,1
2019-12-07T18:07:44.000Z,1
2019-12-07T22:48:32.000Z,1
2019-12-08T08:43:10.000Z,1
2019-12-08T08:49:26.000Z,1
2019-12-08T09:22:03.000Z,1
2019-12-08T11:23:48.000Z,1
2019-12-08T11:27:44.000Z,1
2019-12-08T12:11:06.000Z,1
2019-12-08T12:33:25.000Z,1
2019-12-08T14:34:55.000Z,1
2019-12-08T15:30:31.000Z,1
2019-12-08T15:38:11.000Z,1
2019-12-08T16:41:34.000Z,1
2019-12-08T16:57:06.000Z,1
2019-12-08T19:32:04.000Z,1
2019-12-08T20:15:46.000Z,1
2019-12-08T20:36:44.000Z,1
2019-12-08T22:06:36.000Z,1
2019-12-08T22:27:05.000Z,1
2019-12-08T22:51:57.000Z,1
2019-12-09T00:36:30.000Z,1
2019-12-09T06:38:34.000Z,1
2019-12-09T06:57:31.000Z,1
2019-12-09T07:29:30.000Z,1
2019-12-09T08:08:03.000Z,1
2019-12-09T08:29:58.000Z,1
2019-12-09T08:32:10.000Z,1
2019-12-09T08:43:41.000Z,1
2019-12-09T09:01:37.000Z,1
2019-12-09T09:16:06.000Z,1
2019-12-09T09:27:56.000Z,1
2019-12-09T09:47:39.000Z,1
2019-12-09T10:31:01.000Z,1
2019-12-09T11:02:04.000Z,1
2019-12-09T12:01:43.000Z,1
2019-12-09T12:07:03.000Z,1
2019-12-09T12:08:35.000Z,1
2019-12-09T13:56:51.000Z,1
2019-12-09T14:12:44.000Z,1
2019-12-09T15:10:02.000Z,1
2019-12-09T15:45:51.000Z,1
2019-12-09T16:11:33.000Z,1
2019-12-09T16:32:10.000Z,2
2019-12-09T16:43:05.000Z,1
2019-12-09T17:02:30.000Z,1
2019-12-09T17:19:56.000Z,2
2019-12-09T17:24:18.000Z,2
2019-12-09T17:25:42.000Z,1
2019-12-09T17:36:23.000Z,1
2019-12-09T17:58:37.000Z,1
2019-12-09T18:05:49.000Z,1
2019-12-09T18:06:54.000Z,1
2019-12-09T18:11:45.000Z,3
2019-12-09T20:05:27.000Z,1
2019-12-09T20:28:24.000Z,1
2019-12-09T20:53:49.000Z,1
2019-12-09T22:32:56.000Z,1
2019-12-10T07:20:01.000Z,1
2019-12-10T07:22:32.000Z,1
2019-12-10T07:43:04.000Z,1
2019-12-10T07:49:23.000Z,1
2019-12-10T08:34:46.000Z,2
2019-12-10T09:00:24.000Z,1
2019-12-10T09:20:48.000Z,1
2019-12-10T12:02:16.000Z,1
2019-12-10T16:15:05.000Z,1
2019-12-10T17:54:45.000Z,1
2019-12-10T18:29:10.000Z,1
2019-12-10T19:03:49.000Z,1
2019-12-10T19:04:35.000Z,1
2019-12-10T19:23:16.000Z,2
2019-12-11T05:23:54.000Z,1
2019-12-11T07:05:26.000Z,1
2019-12-11T07:23:40.000Z,1
2019-12-11T08:28:27.000Z,1
2019-12-11T08:41:47.000Z,1
2019-12-11T08:47:26.000Z,1
2019-12-11T09:49:04.000Z,1
2019-12-11T12:07:10.000Z,1
2019-12-11T12:15:22.000Z,1
2019-12-02T07:25:12.000Z,1
2019-12-02T08:14:11.000Z,1
2019-12-02T08:20:02.000Z,1
2019-12-02T08:28:24.000Z,2
2019-12-02T09:22:57.000Z,1
2019-12-02T09:26:11.000Z,1
2019-12-02T09:37:16.000Z,1
2019-12-02T09:47:39.000Z,1
2019-12-02T10:40:28.000Z,1
2019-12-02T10:55:53.000Z,2
2019-12-02T12:21:21.000Z,1
2019-12-02T13:34:02.000Z,1
2019-12-02T15:35:43.000Z,2
2019-12-02T16:02:02.000Z,1
2019-12-02T16:34:47.000Z,1
2019-12-02T16:37:08.000Z,1
2019-12-02T16:49:55.000Z,1
2019-12-02T17:24:15.000Z,1
2019-12-02T18:22:19.000Z,1
2019-12-02T18:25:27.000Z,1
2019-12-02T20:49:37.000Z,1
2019-12-02T21:57:33.000Z,1
2019-12-03T03:51:40.000Z,1
2019-12-03T08:21:17.000Z,1
2019-12-02T09:01:11.000Z,1
2019-12-02T10:46:45.000Z,1
2019-12-02T11:05:38.000Z,1
2019-12-02T15:14:50.000Z,1
2019-12-02T15:48:22.000Z,1
2019-12-02T17:11:26.000Z,2
2019-12-02T17:15:52.000Z,2
2019-12-02T17:27:04.000Z,1
2019-12-02T17:34:58.000Z,1
2019-12-02T17:45:40.000Z,1
2019-12-02T19:50:47.000Z,1
2019-12-02T21:02:05.000Z,1
2019-12-02T21:06:30.000Z,1
2019-12-03T06:09:42.000Z,1
2019-12-03T07:18:45.000Z,1
2019-12-03T07:53:39.000Z,1
2019-12-03T08:15:41.000Z,1
2019-12-03T08:44:11.000Z,1
2019-12-03T08:49:47.000Z,1
2019-12-03T09:15:01.000Z,1
2019-12-03T09:51:45.000Z,1
2019-12-03T10:26:45.000Z,1
2019-12-03T11:57:43.000Z,1
2019-12-03T12:28:20.000Z,1
2019-12-03T13:21:25.000Z,1
2019-12-03T14:27:20.000Z,1
2019-12-03T14:28:36.000Z,1
2019-12-03T14:40:58.000Z,1
2019-12-03T16:03:52.000Z,1
2019-12-03T16:51:53.000Z,3
2019-12-03T17:17:54.000Z,1
2019-12-03T17:18:19.000Z,1
2019-12-03T17:28:04.000Z,1
2019-12-03T18:04:24.000Z,1
2019-12-03T18:50:06.000Z,1
2019-12-03T18:56:01.000Z,1
2019-12-03T19:02:49.000Z,1
2019-12-03T19:11:56.000Z,1
2019-12-03T19:18:47.000Z,1
2019-12-03T19:48:27.000Z,1
2019-12-04T06:11:51.000Z,1
2019-12-04T06:28:12.000Z,1
2019-12-04T06:51:19.000Z,1
2019-12-04T07:54:51.000Z,1
2019-12-04T08:03:36.000Z,1
2019-12-04T08:30:57.000Z,1
2019-12-04T10:04:00.000Z,1
2019-12-04T10:38:36.000Z,1
2019-12-04T11:43:34.000Z,1
2019-12-04T12:17:43.000Z,1
2019-12-04T13:03:18.000Z,1
2019-12-04T14:42:47.000Z,1
2019-12-04T16:03:23.000Z,1
2019-12-04T16:36:34.000Z,1
2019-12-04T16:41:13.000Z,1
2019-12-04T16:44:55.000Z,1
2019-12-04T16:52:48.000Z,1
2019-12-04T16:56:44.000Z,1
2019-12-04T17:06:19.000Z,1
2019-12-04T17:09:07.000Z,1
2019-12-04T17:46:21.000Z,2
2019-12-04T18:51:01.000Z,1
2019-12-04T19:59:29.000Z,1
2019-12-04T21:17:57.000Z,1
2019-12-05T06:44:59.000Z,1
2019-12-05T07:12:57.000Z,1
2019-12-05T07:25:58.000Z,1
2019-12-05T07:27:45.000Z,1
2019-12-05T08:06:43.000Z,1
2019-12-05T08:32:31.000Z,1
2019-12-05T08:48:47.000Z,1
2019-12-05T09:01:03.000Z,1
2019-12-05T09:01:16.000Z,1
2019-12-05T09:01:51.000Z,1
2019-12-05T09:02:40.000Z,1
2019-12-05T10:16:57.000Z,1
2019-12-05T11:52:05.000Z,1
2019-12-05T12:03:07.000Z,1
2019-12-05T12:30:22.000Z,1
2019-12-05T13:07:12.000Z,1
2019-12-05T13:51:14.000Z,1
2019-12-05T14:34:52.000Z,1
2019-12-05T15:43:51.000Z,1
2019-12-05T16:16:50.000Z,1
2019-12-05T16:20:41.000Z,1
2019-12-05T17:29:10.000Z,1
2019-12-05T17:31:22.000Z,1
2019-12-05T18:02:07.000Z,2
2019-12-05T18:21:36.000Z,2
2019-12-05T19:11:06.000Z,1
2019-12-05T19:12:42.000Z,1
2019-12-05T19:26:42.000Z,1
2019-12-05T19:51:08.000Z,1
2019-12-05T20:24:04.000Z,1
2019-12-05T20:52:58.000Z,1
2019-12-05T21:15:02.000Z,2
2019-12-06T04:59:29.000Z,1
2019-12-06T05:36:44.000Z,1
2019-12-06T07:22:51.000Z,1
2019-12-06T07:39:52.000Z,1
2019-12-06T07:48:37.000Z,2
2019-12-06T08:00:24.000Z,1
2019-12-06T08:07:59.000Z,1
2019-12-06T08:14:34.000Z,1
2019-12-06T08:19:15.000Z,1
2019-12-06T08:25:54.000Z,1
2019-12-06T08:26:00.000Z,2
2019-12-06T08:57:58.000Z,1
2019-12-06T09:38:31.000Z,1
2019-12-06T09:42:42.000Z,1
2019-12-06T09:48:08.000Z,1
2019-12-06T11:13:05.000Z,1
2019-12-06T11:33:17.000Z,1
2019-12-06T12:05:09.000Z,1
2019-12-06T12:22:39.000Z,1
2019-12-06T12:34:00.000Z,1
2019-12-06T12:50:24.000Z,1
2019-12-06T13:50:01.000Z,1
2019-12-06T13:50:17.000Z,1
2019-12-06T14:00:40.000Z,1
2019-12-06T14:11:22.000Z,1
2019-12-06T14:29:23.000Z,1
2019-12-06T16:00:05.000Z,1
2019-12-06T16:18:37.000Z,1
2019-12-06T16:27:46.000Z,1
2019-12-06T17:10:13.000Z,1
2019-12-06T17:28:24.000Z,1
2019-12-06T17:43:52.000Z,1
2019-12-06T19:33:39.000Z,1
2019-12-06T19:49:13.000Z,1
2019-12-06T20:42:47.000Z,1
2019-12-06T22:06:08.000Z,1
2019-12-07T03:50:41.000Z,1
2019-12-07T07:58:31.000Z,1
2019-12-07T09:31:41.000Z,1
2019-12-07T09:34:52.000Z,1
2019-12-07T10:00:21.000Z,1
2019-12-07T10:26:00.000Z,1
2019-12-07T10:40:43.000Z,1
2019-12-07T11:05:29.000Z,1
2019-12-07T13:12:29.000Z,1
2019-12-07T13:29:23.000Z,1
2019-12-07T14:00:34.000Z,1
2019-12-07T14:05:31.000Z,1
2019-12-07T15:06:11.000Z,1
2019-12-07T15:47:40.000Z,1
2019-12-07T16:20:10.000Z,1
2019-12-07T16:30:56.000Z,1
2019-12-07T16:43:42.000Z,1
2019-12-07T19:28:04.000Z,1
2019-12-07T21:26:39.000Z,1
2019-12-07T22:25:10.000Z,1
2019-12-08T07:33:24.000Z,1
2019-12-08T09:17:06.000Z,1
2019-12-08T11:21:47.000Z,1
2019-12-08T11:54:36.000Z,1
2019-12-08T12:58:34.000Z,2
2019-12-08T13:00:58.000Z,1
2019-12-08T13:09:23.000Z,1
2019-12-08T13:43:03.000Z,1
2019-12-08T13:54:29.000Z,1
2019-12-08T14:01:38.000Z,1
2019-12-08T14:27:03.000Z,1
2019-12-08T14:27:20.000Z,1
2019-12-08T15:10:37.000Z,1
2019-12-08T15:14:34.000Z,1
2019-12-08T15:33:22.000Z,1
2019-12-08T16:31:44.000Z,1
2019-12-08T16:38:14.000Z,1
2019-12-08T18:08:13.000Z,2
2019-12-08T18:24:32.000Z,1
2019-12-08T18:27:50.000Z,1
2019-12-08T19:06:05.000Z,1
2019-12-08T19:40:18.000Z,1
2019-12-08T20:26:47.000Z,1
2019-12-09T03:52:59.000Z,1
2019-12-09T06:09:50.000Z,1
2019-12-09T07:42:43.000Z,1
2019-12-09T08:09:49.000Z,1
2019-12-09T08:11:05.000Z,1
2019-12-09T08:12:57.000Z,1
2019-12-09T08:25:03.000Z,1
2019-12-09T08:27:42.000Z,1
2019-12-09T08:48:28.000Z,1
2019-12-09T09:31:14.000Z,1
2019-12-09T09:50:56.000Z,2
2019-12-09T10:14:30.000Z,1
2019-12-09T10:23:23.000Z,1
2019-12-09T11:36:00.000Z,1
2019-12-09T11:37:38.000Z,1
2019-12-09T12:15:33.000Z,1
2019-12-09T12:20:53.000Z,1
2019-12-09T12:30:22.000Z,1
2019-12-09T12:36:53.000Z,1
2019-12-09T13:05:02.000Z,1
2019-12-09T13:12:32.000Z,1
2019-12-09T13:55:43.000Z,1
2019-12-09T15:18:58.000Z,1
2019-12-09T15:49:57.000Z,1
2019-12-09T15:55:28.000Z,1
2019-12-09T16:08:01.000Z,2
2019-12-09T16:11:02.000Z,1
2019-12-09T17:09:06.000Z,2
2019-12-09T17:09:29.000Z,1
2019-12-09T17:12:31.000Z,1
2019-12-09T17:12:39.000Z,1
2019-12-09T17:16:08.000Z,1
2019-12-09T17:24:15.000Z,1
2019-12-09T17:26:26.000Z,1
2019-12-09T17:28:24.000Z,1
2019-12-09T17:31:54.000Z,1
2019-12-09T17:43:13.000Z,2
2019-12-09T17:46:11.000Z,1
2019-12-09T17:47:21.000Z,1
2019-12-09T17:48:14.000Z,1
2019-12-09T18:15:10.000Z,2
2019-12-09T18:16:43.000Z,2
2019-12-09T18:19:35.000Z,1
2019-12-09T18:27:08.000Z,1
2019-12-09T18:41:24.000Z,1
2019-12-09T18:49:47.000Z,1
2019-12-09T18:56:07.000Z,1
2019-12-09T19:11:46.000Z,1
2019-12-09T19:16:37.000Z,1
2019-12-09T19:33:47.000Z,1
2019-12-10T04:50:50.000Z,1
2019-12-10T07:20:35.000Z,1
2019-12-10T07:33:52.000Z,1
2019-12-10T07:51:40.000Z,1
2019-12-10T07:58:52.000Z,1
2019-12-10T08:36:46.000Z,1
2019-12-10T08:56:58.000Z,1
2019-12-10T09:42:06.000Z,1
2019-12-10T10:20:01.000Z,1
2019-12-10T11:22:43.000Z,1
2019-12-10T11:23:41.000Z,1
2019-12-10T12:10:36.000Z,1
2019-12-10T12:49:37.000Z,1
2019-12-10T15:29:40.000Z,1
2019-12-10T16:08:48.000Z,1
2019-12-10T16:14:03.000Z,1
2019-12-10T16:28:37.000Z,1
2019-12-10T16:48:37.000Z,1
2019-12-10T17:24:01.000Z,2
2019-12-10T17:25:03.000Z,1
2019-12-10T17:25:42.000Z,1
2019-12-10T17:29:59.000Z,1
2019-12-10T19:49:48.000Z,1
2019-12-10T21:06:13.000Z,1
2019-12-11T05:26:32.000Z,1
2019-12-11T06:38:06.000Z,1
2019-12-11T07:34:49.000Z,1
2019-12-11T08:58:38.000Z,1
2019-12-02T06:42:53.000Z,1
2019-12-02T06:49:34.000Z,1
2019-12-02T06:56:37.000Z,1
2019-12-02T07:56:54.000Z,1
2019-12-02T07:57:01.000Z,3
2019-12-02T08:01:55.000Z,1
2019-12-02T08:05:12.000Z,1
2019-12-02T08:26:08.000Z,1
2019-12-02T08:45:52.000Z,2
2019-12-02T08:52:37.000Z,1
2019-12-02T09:32:14.000Z,2
2019-12-02T10:39:26.000Z,1
2019-12-02T12:46:30.000Z,1
2019-12-02T14:34:28.000Z,1
2019-12-02T15:20:19.000Z,1
2019-12-02T16:33:19.000Z,1
2019-12-02T18:21:49.000Z,1
2019-12-03T07:09:50.000Z,1
2019-12-03T14:01:26.000Z,1
2019-12-03T17:20:08.000Z,1
2019-12-02T09:12:07.000Z,1
2019-12-02T12:29:42.000Z,1
2019-12-02T12:36:55.000Z,1
2019-12-02T13:26:36.000Z,1
2019-12-02T16:16:52.000Z,2
2019-12-02T16:38:52.000Z,1
2019-12-02T17:24:53.000Z,1
2019-12-02T17:25:40.000Z,1
2019-12-02T17:46:38.000Z,1
2019-12-02T18:06:45.000Z,1
2019-12-02T18:46:03.000Z,1
2019-12-02T20:47:37.000Z,1
2019-12-02T22:54:46.000Z,1
2019-12-03T05:54:48.000Z,1
2019-12-03T06:35:36.000Z,1
2019-12-03T06:57:07.000Z,1
2019-12-03T06:58:26.000Z,1
2019-12-03T07:16:01.000Z,1
2019-12-03T07:50:12.000Z,1
2019-12-03T08:28:41.000Z,1
2019-12-03T08:36:33.000Z,1
2019-12-03T08:43:58.000Z,1
2019-12-03T09:26:50.000Z,1
2019-12-03T09:30:23.000Z,1
2019-12-03T11:22:29.000Z,1
2019-12-03T12:33:56.000Z,1
2019-12-03T12:52:24.000Z,2
2019-12-03T15:33:40.000Z,1
2019-12-03T15:57:40.000Z,1
2019-12-03T16:18:09.000Z,1
2019-12-03T16:35:42.000Z,1
2019-12-03T17:00:16.000Z,1
2019-12-03T17:19:54.000Z,1
2019-12-03T17:26:53.000Z,1
2019-12-03T17:27:49.000Z,1
2019-12-03T18:00:47.000Z,1
2019-12-03T18:17:10.000Z,1
2019-12-03T18:21:56.000Z,1
2019-12-03T19:06:30.000Z,1
2019-12-03T19:43:52.000Z,1
2019-12-03T20:30:20.000Z,1
2019-12-03T22:18:51.000Z,1
2019-12-03T23:12:40.000Z,1
2019-12-04T06:33:36.000Z,2
2019-12-04T06:48:32.000Z,1
2019-12-04T07:18:30.000Z,1
2019-12-04T07:19:01.000Z,1
2019-12-04T07:31:04.000Z,1
2019-12-04T07:50:06.000Z,1
2019-12-04T08:02:00.000Z,1
2019-12-04T08:13:55.000Z,1
2019-12-04T08:53:05.000Z,1
2019-12-04T08:57:33.000Z,1
2019-12-04T09:14:29.000Z,1
2019-12-04T09:18:40.000Z,1
2019-12-04T09:36:06.000Z,1
2019-12-04T11:07:59.000Z,2
2019-12-04T12:02:58.000Z,1
2019-12-04T12:16:09.000Z,1
2019-12-04T13:42:08.000Z,1
2019-12-04T14:43:06.000Z,1
2019-12-04T17:07:38.000Z,1
2019-12-04T17:24:26.000Z,1
2019-12-04T17:36:16.000Z,2
2019-12-04T17:41:39.000Z,1
2019-12-04T18:06:53.000Z,1
2019-12-04T18:16:27.000Z,1
2019-12-04T18:21:27.000Z,1
2019-12-04T18:44:22.000Z,1
2019-12-04T21:40:58.000Z,1
2019-12-04T21:46:53.000Z,1
2019-12-04T23:04:46.000Z,1
2019-12-05T06:33:22.000Z,1
2019-12-05T06:45:50.000Z,1
2019-12-05T07:06:21.000Z,1
2019-12-05T07:27:50.000Z,1
2019-12-05T07:54:37.000Z,2
2019-12-05T08:02:54.000Z,1
2019-12-05T08:37:05.000Z,1
2019-12-05T08:43:15.000Z,1
2019-12-05T09:38:11.000Z,1
2019-12-05T11:01:05.000Z,1
2019-12-05T13:45:23.000Z,1
2019-12-05T15:38:42.000Z,1
2019-12-05T15:49:29.000Z,1
2019-12-05T15:50:32.000Z,1
2019-12-05T16:02:35.000Z,1
2019-12-05T16:06:59.000Z,1
2019-12-05T16:24:48.000Z,1
2019-12-05T16:43:53.000Z,2
2019-12-05T16:49:43.000Z,1
2019-12-05T16:52:48.000Z,1
2019-12-05T16:55:56.000Z,1
2019-12-05T17:00:11.000Z,1
2019-12-05T17:19:43.000Z,1
2019-12-05T17:21:19.000Z,1
2019-12-05T17:23:06.000Z,1
2019-12-05T17:37:19.000Z,2
2019-12-05T17:44:25.000Z,1
2019-12-05T17:44:42.000Z,1
2019-12-05T17:53:10.000Z,1
2019-12-05T17:57:40.000Z,1
2019-12-05T18:08:32.000Z,1
2019-12-05T18:35:06.000Z,1
2019-12-05T19:17:13.000Z,2
2019-12-05T19:51:43.000Z,1
2019-12-05T22:57:27.000Z,1
2019-12-05T23:34:35.000Z,1
2019-12-06T06:43:29.000Z,1
2019-12-06T07:46:25.000Z,1
2019-12-06T07:46:55.000Z,1
2019-12-06T07:55:17.000Z,2
2019-12-06T08:01:01.000Z,1
2019-12-06T08:09:42.000Z,1
2019-12-06T08:26:52.000Z,1
2019-12-06T08:30:40.000Z,1
2019-12-06T08:36:25.000Z,1
2019-12-06T08:55:36.000Z,1
2019-12-06T09:14:55.000Z,1
2019-12-06T09:51:38.000Z,1
2019-12-06T10:29:13.000Z,1
2019-12-06T11:06:29.000Z,1
2019-12-06T11:59:32.000Z,1
2019-12-06T13:19:22.000Z,1
2019-12-06T13:28:58.000Z,1
2019-12-06T14:36:29.000Z,1
2019-12-06T15:04:51.000Z,1
2019-12-06T16:33:40.000Z,1
2019-12-06T16:37:43.000Z,1
2019-12-06T17:08:20.000Z,3
2019-12-06T18:03:06.000Z,1
2019-12-06T18:24:41.000Z,1
2019-12-06T18:28:46.000Z,1
2019-12-06T18:34:00.000Z,1
2019-12-06T18:58:51.000Z,1
2019-12-06T19:21:55.000Z,1
2019-12-06T19:44:45.000Z,1
2019-12-06T19:52:35.000Z,1
2019-12-06T20:03:49.000Z,1
2019-12-06T20:23:32.000Z,2
2019-12-07T02:50:15.000Z,1
2019-12-07T08:56:46.000Z,1
2019-12-07T10:11:48.000Z,1
2019-12-07T10:42:02.000Z,1
2019-12-07T10:50:22.000Z,1
2019-12-07T12:15:11.000Z,1
2019-12-07T12:30:00.000Z,2
2019-12-07T12:40:07.000Z,1
2019-12-07T12:44:48.000Z,1
2019-12-07T13:46:09.000Z,1
2019-12-07T15:45:12.000Z,2
2019-12-07T16:07:25.000Z,1
2019-12-07T16:36:06.000Z,1
2019-12-07T17:40:46.000Z,1
2019-12-07T18:00:31.000Z,2
2019-12-07T18:39:26.000Z,3
2019-12-07T20:08:18.000Z,1
2019-12-07T20:18:53.000Z,1
2019-12-07T21:34:46.000Z,1
2019-12-08T10:14:17.000Z,1
2019-12-08T11:02:49.000Z,1
2019-12-08T11:19:53.000Z,1
2019-12-08T11:31:10.000Z,1
2019-12-08T11:43:35.000Z,1
2019-12-08T11:47:03.000Z,1
2019-12-08T11:57:23.000Z,1
2019-12-08T12:49:51.000Z,2
2019-12-08T13:52:49.000Z,1
2019-12-08T14:44:19.000Z,1
2019-12-08T15:27:59.000Z,1
2019-12-08T15:34:55.000Z,1
2019-12-08T17:15:26.000Z,1
2019-12-08T18:53:28.000Z,1
2019-12-08T20:36:23.000Z,2
2019-12-08T21:15:15.000Z,1
2019-12-08T23:47:57.000Z,1
2019-12-09T04:52:02.000Z,1
2019-12-09T06:25:46.000Z,1
2019-12-09T07:48:34.000Z,1
2019-12-09T07:51:52.000Z,1
2019-12-09T07:53:22.000Z,1
2019-12-09T07:58:51.000Z,1
2019-12-09T08:00:59.000Z,1
2019-12-09T08:25:14.000Z,1
2019-12-09T08:34:47.000Z,2
2019-12-09T09:26:03.000Z,1
2019-12-09T09:53:46.000Z,2
2019-12-09T09:57:12.000Z,1
2019-12-09T11:39:40.000Z,1
2019-12-09T11:44:29.000Z,1
2019-12-09T11:51:26.000Z,1
2019-12-09T12:36:14.000Z,1
2019-12-09T12:49:56.000Z,1
2019-12-09T13:13:50.000Z,1
2019-12-09T13:44:36.000Z,1
2019-12-09T14:25:17.000Z,1
2019-12-09T15:39:19.000Z,1
2019-12-09T16:12:10.000Z,1
2019-12-09T16:40:41.000Z,1
2019-12-09T16:52:23.000Z,1
2019-12-09T17:35:40.000Z,1
2019-12-09T18:11:26.000Z,1
2019-12-09T18:23:32.000Z,1
2019-12-09T19:00:26.000Z,1
2019-12-09T19:34:17.000Z,1
2019-12-09T20:58:30.000Z,1
2019-12-09T21:59:59.000Z,1
2019-12-10T06:25:27.000Z,1
2019-12-10T06:50:32.000Z,1
2019-12-10T06:56:24.000Z,1
2019-12-10T07:29:43.000Z,1
2019-12-10T08:23:36.000Z,1
2019-12-10T08:25:48.000Z,1
2019-12-10T08:32:59.000Z,1
2019-12-10T08:35:47.000Z,1
2019-12-10T08:45:34.000Z,1
2019-12-10T08:53:48.000Z,2
2019-12-10T09:18:16.000Z,1
2019-12-10T09:46:40.000Z,1
2019-12-10T09:55:56.000Z,1
2019-12-10T12:14:21.000Z,1
2019-12-10T12:51:09.000Z,1
2019-12-10T14:53:44.000Z,1
2019-12-10T14:53:47.000Z,1
2019-12-10T15:29:20.000Z,1
2019-12-10T16:10:19.000Z,1
2019-12-10T16:22:05.000Z,1
2019-12-10T16:50:23.000Z,1
2019-12-10T16:57:03.000Z,1
2019-12-10T17:19:46.000Z,2
2019-12-10T17:20:15.000Z,1
2019-12-10T17:23:41.000Z,1
2019-12-10T17:24:20.000Z,1
2019-12-10T17:48:23.000Z,2
2019-12-10T18:25:26.000Z,1
2019-12-10T19:20:36.000Z,1
2019-12-10T19:37:50.000Z,1
2019-12-10T19:56:24.000Z,1
2019-12-10T21:03:18.000Z,1
2019-12-11T08:55:45.000Z,1
2019-12-11T09:20:37.000Z,1
2019-12-11T10:36:09.000Z,1
2019-12-11T11:03:40.000Z,1
2019-12-11T12:00:31.000Z,1
2019-12-11T12:01:14.000Z,1
2019-12-02T06:42:49.000Z,1
2019-12-02T06:56:36.000Z,1
2019-12-02T07:36:19.000Z,1
2019-12-02T07:59:16.000Z,1
2019-12-02T08:17:38.000Z,2
2019-12-02T08:25:12.000Z,1
2019-12-02T08:37:14.000Z,1
2019-12-02T08:38:01.000Z,1
2019-12-02T08:42:11.000Z,1
2019-12-02T08:44:31.000Z,1
2019-12-02T15:35:18.000Z,1
2019-12-02T16:09:55.000Z,2
2019-12-02T16:16:58.000Z,1
2019-12-02T16:23:44.000Z,1
2019-12-02T17:06:35.000Z,2
2019-12-02T17:08:47.000Z,3
2019-12-02T18:04:30.000Z,1
2019-12-03T09:04:07.000Z,1
2019-12-03T09:16:48.000Z,1
2019-12-03T12:20:05.000Z,1
2019-12-02T08:13:02.000Z,1
2019-12-02T13:22:34.000Z,1
2019-12-02T14:54:02.000Z,1
2019-12-02T14:59:39.000Z,1
2019-12-02T16:13:32.000Z,1
2019-12-02T16:36:34.000Z,1
2019-12-02T16:59:25.000Z,1
2019-12-02T17:06:14.000Z,1
2019-12-02T17:10:07.000Z,2
2019-12-02T17:18:10.000Z,2
2019-12-02T17:49:29.000Z,1
2019-12-02T17:56:01.000Z,1
2019-12-02T18:12:02.000Z,1
2019-12-02T18:13:59.000Z,1
2019-12-02T18:37:47.000Z,1
2019-12-02T18:54:51.000Z,1
2019-12-02T20:08:30.000Z,1
2019-12-02T21:05:24.000Z,1
2019-12-02T21:37:53.000Z,1
2019-12-03T05:12:57.000Z,1
2019-12-03T05:28:47.000Z,1
2019-12-03T06:24:28.000Z,1
2019-12-03T06:37:10.000Z,1
2019-12-03T06:46:52.000Z,1
2019-12-03T07:53:43.000Z,2
2019-12-03T08:17:37.000Z,1
2019-12-03T08:18:46.000Z,1
2019-12-03T08:36:38.000Z,1
2019-12-03T08:41:23.000Z,1
2019-12-03T09:02:03.000Z,2
2019-12-03T09:10:39.000Z,1
2019-12-03T12:51:32.000Z,1
2019-12-03T13:05:38.000Z,1
2019-12-03T13:14:50.000Z,1
2019-12-03T13:17:14.000Z,1
2019-12-03T15:36:57.000Z,1
2019-12-03T15:47:21.000Z,1
2019-12-03T16:55:32.000Z,1
2019-12-03T16:58:48.000Z,1
2019-12-03T17:10:05.000Z,1
2019-12-03T17:17:42.000Z,2
2019-12-03T17:20:36.000Z,2
2019-12-03T18:03:30.000Z,1
2019-12-03T18:39:37.000Z,1
2019-12-03T19:11:19.000Z,2
2019-12-03T19:30:13.000Z,1
2019-12-03T20:15:02.000Z,1
2019-12-03T20:31:33.000Z,1
2019-12-04T05:00:56.000Z,1
2019-12-04T06:31:55.000Z,1
2019-12-04T06:52:28.000Z,2
2019-12-04T07:15:30.000Z,1
2019-12-04T07:45:51.000Z,1
2019-12-04T07:46:08.000Z,1
2019-12-04T07:46:18.000Z,1
2019-12-04T07:49:05.000Z,2
2019-12-04T08:02:03.000Z,1
2019-12-04T09:16:49.000Z,1
2019-12-04T11:05:05.000Z,2
2019-12-04T11:20:01.000Z,1
2019-12-04T12:32:02.000Z,1
2019-12-04T13:03:36.000Z,1
2019-12-04T13:31:56.000Z,1
2019-12-04T14:36:07.000Z,1
2019-12-04T15:39:50.000Z,1
2019-12-04T15:53:41.000Z,2
2019-12-04T16:18:48.000Z,1
2019-12-04T16:21:10.000Z,1
2019-12-04T16:42:46.000Z,1
2019-12-04T17:05:04.000Z,1
2019-12-04T17:05:10.000Z,1
2019-12-04T17:13:46.000Z,1
2019-12-04T17:16:25.000Z,1
2019-12-04T17:25:44.000Z,2
2019-12-04T17:29:30.000Z,2
2019-12-04T17:30:59.000Z,3
2019-12-04T17:41:44.000Z,1
2019-12-04T18:00:09.000Z,1
2019-12-04T18:02:06.000Z,1
2019-12-04T18:27:52.000Z,1
2019-12-04T18:35:09.000Z,1
2019-12-04T18:41:20.000Z,1
2019-12-04T19:04:13.000Z,1
2019-12-04T19:41:00.000Z,1
2019-12-04T19:45:42.000Z,1
2019-12-04T20:45:37.000Z,1
2019-12-04T21:10:46.000Z,1
2019-12-04T21:31:29.000Z,2
2019-12-04T23:05:02.000Z,1
2019-12-05T00:58:57.000Z,1
2019-12-05T04:33:50.000Z,1
2019-12-05T05:34:15.000Z,1
2019-12-05T06:03:56.000Z,1
2019-12-05T06:20:34.000Z,1
2019-12-05T06:21:45.000Z,1
2019-12-05T06:56:31.000Z,1
2019-12-05T07:29:43.000Z,1
2019-12-05T07:41:58.000Z,1
2019-12-05T08:12:35.000Z,1
2019-12-05T08:19:30.000Z,1
2019-12-05T08:31:14.000Z,1
2019-12-05T09:44:18.000Z,1
2019-12-05T09:53:28.000Z,1
2019-12-05T09:57:27.000Z,1
2019-12-05T10:33:32.000Z,2
2019-12-05T10:44:56.000Z,1
2019-12-05T11:02:27.000Z,1
2019-12-05T11:04:05.000Z,1
2019-12-05T12:05:04.000Z,1
2019-12-05T12:27:25.000Z,1
2019-12-05T12:27:44.000Z,1
2019-12-05T12:55:14.000Z,2
2019-12-05T14:23:20.000Z,1
2019-12-05T14:42:20.000Z,1
2019-12-05T15:02:22.000Z,1
2019-12-05T15:19:35.000Z,1
2019-12-05T15:48:05.000Z,1
2019-12-05T16:01:28.000Z,1
2019-12-05T16:06:45.000Z,1
2019-12-05T16:15:30.000Z,1
2019-12-05T16:48:34.000Z,1
2019-12-05T17:05:03.000Z,1
2019-12-05T17:08:58.000Z,1
2019-12-05T17:12:20.000Z,1
2019-12-05T17:15:44.000Z,1
2019-12-05T17:44:35.000Z,1
2019-12-05T17:51:49.000Z,1
2019-12-05T18:01:41.000Z,1
2019-12-05T17:56:06.000Z,1
2019-12-05T18:10:36.000Z,2
2019-12-05T18:40:44.000Z,1
2019-12-05T19:09:14.000Z,1
2019-12-05T19:19:21.000Z,1
2019-12-05T19:19:20.000Z,1
2019-12-05T19:25:08.000Z,1
2019-12-05T19:30:34.000Z,1
2019-12-05T21:02:19.000Z,1
2019-12-05T21:08:56.000Z,1
2019-12-05T22:07:15.000Z,1
2019-12-05T22:31:20.000Z,1
2019-12-05T22:31:46.000Z,1
2019-12-05T22:54:12.000Z,1
2019-12-05T23:15:27.000Z,1
2019-12-05T23:44:51.000Z,1
2019-12-05T23:59:15.000Z,1
2019-12-06T06:44:49.000Z,1
2019-12-06T06:44:54.000Z,1
2019-12-06T06:50:44.000Z,1
2019-12-06T07:12:34.000Z,1
2019-12-06T08:18:58.000Z,1
2019-12-06T08:21:04.000Z,1
2019-12-06T08:31:08.000Z,1
2019-12-06T08:58:03.000Z,1
2019-12-06T09:59:41.000Z,1
2019-12-06T10:01:44.000Z,1
2019-12-06T10:41:20.000Z,1
2019-12-06T11:06:46.000Z,1
2019-12-06T11:37:25.000Z,1
2019-12-06T11:55:10.000Z,1
2019-12-06T12:10:30.000Z,1
2019-12-06T12:52:29.000Z,1
2019-12-06T15:13:40.000Z,1
2019-12-06T15:23:36.000Z,1
2019-12-06T15:50:15.000Z,1
2019-12-06T16:01:58.000Z,1
2019-12-06T16:45:27.000Z,1
2019-12-06T16:47:45.000Z,1
2019-12-06T17:03:10.000Z,1
2019-12-06T17:12:17.000Z,1
2019-12-06T17:12:37.000Z,1
2019-12-06T17:14:23.000Z,1
2019-12-06T17:15:43.000Z,1
2019-12-06T17:57:52.000Z,1
2019-12-06T18:06:39.000Z,1
2019-12-06T18:51:57.000Z,1
2019-12-06T18:58:57.000Z,1
2019-12-06T20:01:54.000Z,1
2019-12-06T22:59:42.000Z,1
2019-12-06T23:34:19.000Z,1
2019-12-07T09:23:28.000Z,2
2019-12-07T10:08:58.000Z,1
2019-12-07T10:36:26.000Z,1
2019-12-07T11:02:28.000Z,1
2019-12-07T11:43:53.000Z,1
2019-12-07T14:05:10.000Z,1
2019-12-07T14:11:36.000Z,1
2019-12-07T14:34:51.000Z,1
2019-12-07T15:29:17.000Z,1
2019-12-07T15:45:13.000Z,1
2019-12-07T16:28:52.000Z,1
2019-12-07T17:26:04.000Z,1
2019-12-07T19:58:15.000Z,1
2019-12-07T20:35:43.000Z,1
2019-12-07T21:17:11.000Z,1
2019-12-07T22:50:38.000Z,1
2019-12-07T23:40:52.000Z,1
2019-12-08T08:00:51.000Z,1
2019-12-08T08:59:04.000Z,1
2019-12-08T09:40:31.000Z,1
2019-12-08T10:23:04.000Z,1
2019-12-08T10:27:44.000Z,1
2019-12-08T10:51:14.000Z,1
2019-12-08T11:56:21.000Z,1
2019-12-08T12:02:01.000Z,1
2019-12-08T12:57:00.000Z,1
2019-12-08T13:10:24.000Z,2
2019-12-08T13:32:42.000Z,1
2019-12-08T13:33:43.000Z,1
2019-12-08T14:18:56.000Z,1
2019-12-08T15:42:20.000Z,1
2019-12-08T16:36:01.000Z,1
2019-12-08T16:36:04.000Z,1
2019-12-08T19:12:35.000Z,1
2019-12-08T21:08:57.000Z,1
2019-12-08T21:24:02.000Z,1
2019-12-08T22:51:10.000Z,1
2019-12-09T06:45:01.000Z,1
2019-12-09T07:02:19.000Z,1
2019-12-09T07:23:19.000Z,1
2019-12-09T07:42:09.000Z,1
2019-12-09T07:59:05.000Z,1
2019-12-09T08:00:14.000Z,1
2019-12-09T08:13:37.000Z,1
2019-12-09T10:15:00.000Z,1
2019-12-09T11:55:38.000Z,1
2019-12-09T12:28:18.000Z,1
2019-12-09T12:28:34.000Z,1
2019-12-09T12:42:44.000Z,1
2019-12-09T13:20:39.000Z,1
2019-12-09T13:52:17.000Z,1
2019-12-09T15:14:53.000Z,1
2019-12-09T16:28:05.000Z,1
2019-12-09T16:28:50.000Z,1
2019-12-09T16:36:58.000Z,1
2019-12-09T17:05:51.000Z,1
2019-12-09T17:06:06.000Z,1
2019-12-09T17:16:30.000Z,1
2019-12-09T17:40:08.000Z,1
2019-12-09T17:42:28.000Z,1
2019-12-09T17:55:25.000Z,1
2019-12-09T17:56:56.000Z,1
2019-12-09T18:17:26.000Z,1
2019-12-09T18:23:30.000Z,1
2019-12-09T18:56:17.000Z,1
2019-12-09T19:39:46.000Z,1
2019-12-09T20:34:20.000Z,1
2019-12-09T21:22:47.000Z,1
2019-12-09T21:23:40.000Z,1
2019-12-09T21:34:08.000Z,1
2019-12-09T21:55:02.000Z,1
2019-12-10T06:02:01.000Z,1
2019-12-10T07:09:25.000Z,1
2019-12-10T07:14:02.000Z,1
2019-12-10T07:53:58.000Z,1
2019-12-10T07:54:41.000Z,1
2019-12-10T07:55:57.000Z,1
2019-12-10T08:20:56.000Z,1
2019-12-10T08:26:49.000Z,1
2019-12-10T09:19:20.000Z,1
2019-12-10T11:13:04.000Z,1
2019-12-10T12:44:53.000Z,1
2019-12-10T13:16:36.000Z,1
2019-12-10T15:31:29.000Z,1
2019-12-10T15:53:33.000Z,1
2019-12-10T16:33:46.000Z,2
2019-12-10T16:52:56.000Z,1
2019-12-10T16:59:52.000Z,1
2019-12-10T17:02:01.000Z,1
2019-12-10T18:01:49.000Z,1
2019-12-10T19:28:50.000Z,1
2019-12-10T19:58:19.000Z,1
2019-12-10T21:23:07.000Z,1
2019-12-11T06:54:31.000Z,1
2019-12-11T07:24:13.000Z,1
2019-12-11T08:27:47.000Z,1
2019-12-11T08:38:26.000Z,1
2019-12-11T10:42:51.000Z,1
2019-12-11T11:45:15.000Z,1
2019-12-02T07:08:14.000Z,1
2019-12-02T07:21:44.000Z,1
2019-12-02T07:35:02.000Z,1
2019-12-02T07:41:30.000Z,1
2019-12-02T07:41:37.000Z,1
2019-12-02T07:46:07.000Z,1
2019-12-02T07:46:04.000Z,1
2019-12-02T08:18:59.000Z,1
2019-12-02T08:35:04.000Z,1
2019-12-02T08:43:32.000Z,1
2019-12-02T08:53:09.000Z,1
2019-12-02T09:29:26.000Z,1
2019-12-02T11:03:56.000Z,1
2019-12-02T12:41:06.000Z,3
2019-12-02T12:44:19.000Z,1
2019-12-02T14:11:32.000Z,1
2019-12-02T17:12:40.000Z,1
2019-12-02T17:40:29.000Z,2
2019-12-02T18:12:44.000Z,1
2019-12-02T18:23:31.000Z,1
2019-12-03T08:04:43.000Z,1
2019-12-03T08:19:48.000Z,1
2019-12-03T17:04:19.000Z,1
2019-12-02T14:13:08.000Z,1
2019-12-02T14:16:48.000Z,1
2019-12-02T15:25:40.000Z,1
2019-12-02T16:06:07.000Z,1
2019-12-02T16:52:45.000Z,1
2019-12-02T17:26:45.000Z,1
2019-12-02T17:29:28.000Z,2
2019-12-02T18:01:42.000Z,1
2019-12-02T18:09:58.000Z,1
2019-12-02T18:31:34.000Z,2
2019-12-02T18:35:34.000Z,1
2019-12-02T19:26:45.000Z,1
2019-12-02T20:53:43.000Z,1
2019-12-02T22:15:54.000Z,1
2019-12-03T05:42:58.000Z,1
2019-12-03T07:08:19.000Z,1
2019-12-03T07:10:22.000Z,1
2019-12-03T07:25:41.000Z,2
2019-12-03T07:59:31.000Z,1
2019-12-03T08:28:47.000Z,1
2019-12-03T08:37:34.000Z,1
2019-12-03T08:39:36.000Z,1
2019-12-03T08:40:31.000Z,1
2019-12-03T08:46:29.000Z,2
2019-12-03T09:22:49.000Z,1
2019-12-03T10:37:44.000Z,1
2019-12-03T11:06:53.000Z,1
2019-12-03T11:35:00.000Z,1
2019-12-03T12:56:20.000Z,1
2019-12-03T13:37:56.000Z,1
2019-12-03T14:52:54.000Z,2
2019-12-03T16:00:11.000Z,1
2019-12-03T16:08:40.000Z,1
2019-12-03T16:09:37.000Z,1
2019-12-03T16:49:30.000Z,1
2019-12-03T17:00:46.000Z,1
2019-12-03T17:12:06.000Z,1
2019-12-03T17:20:07.000Z,1
2019-12-03T17:29:48.000Z,1
2019-12-03T17:43:11.000Z,2
2019-12-03T18:22:26.000Z,1
2019-12-03T18:23:20.000Z,1
2019-12-03T18:37:14.000Z,2
2019-12-03T19:26:48.000Z,1
2019-12-03T19:37:40.000Z,1
2019-12-03T21:50:01.000Z,1
2019-12-03T21:55:38.000Z,1
2019-12-03T22:00:35.000Z,1
2019-12-03T22:41:17.000Z,1
2019-12-04T06:55:45.000Z,1
2019-12-04T07:39:39.000Z,1
2019-12-04T08:07:36.000Z,1
2019-12-04T08:28:52.000Z,1
2019-12-04T08:33:00.000Z,2
2019-12-04T08:33:52.000Z,1
2019-12-04T08:36:45.000Z,1
2019-12-04T08:59:56.000Z,1
2019-12-04T10:07:17.000Z,1
2019-12-04T10:22:28.000Z,1
2019-12-04T10:58:24.000Z,2
2019-12-04T12:56:37.000Z,1
2019-12-04T13:01:38.000Z,1
2019-12-04T13:35:48.000Z,1
2019-12-04T13:37:06.000Z,1
2019-12-04T14:39:37.000Z,1
2019-12-04T15:53:13.000Z,1
2019-12-04T16:12:21.000Z,3
2019-12-04T16:14:37.000Z,3
2019-12-04T16:42:28.000Z,1
2019-12-04T17:10:23.000Z,1
2019-12-04T17:17:22.000Z,2
2019-12-04T17:37:06.000Z,1
2019-12-04T17:37:40.000Z,1
2019-12-04T17:43:27.000Z,1
2019-12-04T17:53:56.000Z,1
2019-12-04T18:01:35.000Z,1
2019-12-04T18:12:00.000Z,1
2019-12-04T18:20:50.000Z,1
2019-12-04T18:28:38.000Z,1
2019-12-04T19:10:56.000Z,1
2019-12-04T19:11:44.000Z,1
2019-12-04T19:19:14.000Z,1
2019-12-04T19:23:23.000Z,1
2019-12-04T19:34:02.000Z,1
2019-12-04T19:52:35.000Z,1
2019-12-04T20:26:38.000Z,1
2019-12-04T22:37:27.000Z,1
2019-12-05T00:03:22.000Z,1
2019-12-05T06:35:06.000Z,1
2019-12-05T06:39:10.000Z,1
2019-12-05T08:29:35.000Z,1
2019-12-05T08:30:18.000Z,2
2019-12-05T08:31:48.000Z,1
2019-12-05T08:33:00.000Z,1
2019-12-05T09:02:08.000Z,1
2019-12-05T09:26:04.000Z,1
2019-12-05T10:26:46.000Z,1
2019-12-05T11:28:18.000Z,1
2019-12-05T11:50:17.000Z,1
2019-12-05T12:49:25.000Z,1
2019-12-05T13:29:50.000Z,1
2019-12-05T14:35:16.000Z,1
2019-12-05T15:23:56.000Z,1
2019-12-05T15:37:00.000Z,1
2019-12-05T15:39:05.000Z,1
2019-12-05T16:02:09.000Z,1
2019-12-05T16:18:34.000Z,1
2019-12-05T16:24:04.000Z,1
2019-12-05T16:29:04.000Z,2
2019-12-05T16:46:20.000Z,1
2019-12-05T16:51:44.000Z,1
2019-12-05T17:02:19.000Z,1
2019-12-05T17:06:21.000Z,2
2019-12-05T17:09:26.000Z,1
2019-12-05T17:29:57.000Z,1
2019-12-05T17:53:50.000Z,1
2019-12-05T18:29:17.000Z,1
2019-12-05T18:30:10.000Z,2
2019-12-05T18:53:02.000Z,1
2019-12-05T20:02:06.000Z,1
2019-12-05T20:03:51.000Z,1
2019-12-05T20:18:15.000Z,1
2019-12-05T20:29:04.000Z,1
2019-12-05T20:30:27.000Z,1
2019-12-05T22:13:27.000Z,1
2019-12-06T06:08:55.000Z,1
2019-12-06T06:48:52.000Z,2
2019-12-06T07:20:45.000Z,1
2019-12-06T07:48:17.000Z,1
2019-12-06T07:53:05.000Z,2
2019-12-06T07:57:40.000Z,1
2019-12-06T07:58:36.000Z,1
2019-12-06T08:14:20.000Z,1
2019-12-06T08:19:59.000Z,2
2019-12-06T08:25:38.000Z,1
2019-12-06T08:27:43.000Z,1
2019-12-06T08:32:59.000Z,1
2019-12-06T08:39:03.000Z,1
2019-12-06T08:43:18.000Z,2
2019-12-06T09:03:34.000Z,1
2019-12-06T09:08:32.000Z,1
2019-12-06T09:55:06.000Z,1
2019-12-06T10:54:49.000Z,1
2019-12-06T12:14:42.000Z,1
2019-12-06T13:17:07.000Z,1
2019-12-06T14:42:53.000Z,1
2019-12-06T14:50:38.000Z,1
2019-12-06T15:16:31.000Z,1
2019-12-06T16:04:07.000Z,1
2019-12-06T16:17:44.000Z,2
2019-12-06T17:08:47.000Z,1
2019-12-06T17:29:42.000Z,1
2019-12-06T17:37:57.000Z,2
2019-12-06T17:43:28.000Z,1
2019-12-06T19:02:51.000Z,1
2019-12-06T19:15:55.000Z,1
2019-12-06T21:12:19.000Z,1
2019-12-06T22:41:12.000Z,1
2019-12-07T00:57:30.000Z,1
2019-12-07T06:46:15.000Z,1
2019-12-07T08:50:26.000Z,1
2019-12-07T10:16:19.000Z,1
2019-12-07T10:34:00.000Z,1
2019-12-07T11:05:50.000Z,1
2019-12-07T12:53:41.000Z,2
2019-12-07T13:46:34.000Z,1
2019-12-07T13:49:19.000Z,1
2019-12-07T14:16:54.000Z,1
2019-12-07T14:20:34.000Z,1
2019-12-07T14:29:35.000Z,2
2019-12-07T16:22:22.000Z,1
2019-12-07T17:13:32.000Z,1
2019-12-07T17:44:10.000Z,1
2019-12-08T10:36:21.000Z,1
2019-12-08T11:15:31.000Z,1
2019-12-08T12:09:39.000Z,1
2019-12-08T12:11:04.000Z,1
2019-12-08T12:15:43.000Z,1
2019-12-08T12:27:39.000Z,1
2019-12-08T12:34:01.000Z,1
2019-12-08T12:35:50.000Z,1
2019-12-08T12:37:21.000Z,1
2019-12-08T14:16:18.000Z,1
2019-12-08T14:23:20.000Z,1
2019-12-08T14:31:31.000Z,1
2019-12-08T15:33:31.000Z,1
2019-12-08T17:23:14.000Z,1
2019-12-08T18:58:41.000Z,1
2019-12-08T19:00:33.000Z,1
2019-12-08T19:48:18.000Z,1
2019-12-09T01:48:46.000Z,1
2019-12-09T01:49:12.000Z,1
2019-12-09T02:02:17.000Z,1
2019-12-09T06:03:09.000Z,1
2019-12-09T06:26:51.000Z,1
2019-12-09T06:52:03.000Z,1
2019-12-09T07:31:32.000Z,1
2019-12-09T07:32:02.000Z,1
2019-12-09T07:33:11.000Z,2
2019-12-09T08:06:03.000Z,1
2019-12-09T08:13:32.000Z,2
2019-12-09T08:20:14.000Z,1
2019-12-09T08:31:19.000Z,1
2019-12-09T08:43:54.000Z,2
2019-12-09T09:08:39.000Z,1
2019-12-09T09:18:20.000Z,1
2019-12-09T09:29:25.000Z,1
2019-12-09T09:31:46.000Z,1
2019-12-09T12:19:50.000Z,1
2019-12-09T16:01:03.000Z,2
2019-12-09T16:37:58.000Z,1
2019-12-09T16:51:59.000Z,1
2019-12-09T16:52:58.000Z,1
2019-12-09T16:59:49.000Z,2
2019-12-09T17:06:36.000Z,1
2019-12-09T17:09:11.000Z,1
2019-12-09T17:09:23.000Z,1
2019-12-09T17:13:20.000Z,1
2019-12-09T17:18:37.000Z,1
2019-12-09T17:26:40.000Z,1
2019-12-09T17:28:25.000Z,2
2019-12-09T17:35:04.000Z,1
2019-12-09T18:24:36.000Z,1
2019-12-09T18:28:22.000Z,1
2019-12-09T18:59:39.000Z,1
2019-12-09T19:01:36.000Z,1
2019-12-09T19:19:09.000Z,1
2019-12-09T19:44:21.000Z,1
2019-12-09T20:25:49.000Z,1
2019-12-09T20:51:09.000Z,1
2019-12-10T04:33:55.000Z,1
2019-12-10T06:49:16.000Z,1
2019-12-10T07:50:02.000Z,1
2019-12-10T07:55:32.000Z,1
2019-12-10T08:23:28.000Z,1
2019-12-10T08:31:01.000Z,2
2019-12-10T09:26:25.000Z,1
2019-12-10T10:31:48.000Z,1
2019-12-10T11:35:18.000Z,1
2019-12-10T13:28:27.000Z,1
2019-12-10T16:22:13.000Z,1
2019-12-10T17:06:56.000Z,1
2019-12-10T17:14:53.000Z,1
2019-12-10T18:55:26.000Z,1
2019-12-10T19:03:52.000Z,1
2019-12-10T19:18:36.000Z,1
2019-12-10T19:36:33.000Z,2
2019-12-10T19:50:56.000Z,1
2019-12-10T19:53:31.000Z,1
2019-12-10T20:46:26.000Z,1
2019-12-10T21:05:57.000Z,1
2019-12-11T06:16:47.000Z,1
2019-12-11T06:42:29.000Z,1
2019-12-11T07:28:43.000Z,1
2019-12-11T08:28:03.000Z,1
2019-12-11T08:39:41.000Z,1
2019-12-11T08:41:32.000Z,1
2019-12-11T09:53:24.000Z,1
2019-12-11T12:27:50.000Z,1
2019-12-11T12:43:58.000Z,1
2019-12-02T06:52:20.000Z,1
2019-12-02T07:23:09.000Z,1
2019-12-02T07:25:37.000Z,1
2019-12-02T07:26:43.000Z,1
2019-12-02T07:32:44.000Z,1
2019-12-02T07:49:34.000Z,2
2019-12-02T08:07:16.000Z,1
2019-12-02T08:17:33.000Z,1
2019-12-02T08:24:18.000Z,1
2019-12-02T08:46:46.000Z,1
2019-12-02T08:52:50.000Z,1
2019-12-02T09:19:26.000Z,2
2019-12-02T12:16:41.000Z,1
2019-12-02T12:44:46.000Z,1
2019-12-02T14:15:17.000Z,1
2019-12-02T17:34:30.000Z,1
2019-12-02T17:39:07.000Z,1
2019-12-02T17:58:06.000Z,1
2019-12-02T19:05:47.000Z,1
2019-12-02T19:07:14.000Z,2
2019-12-02T20:05:50.000Z,1
2019-12-03T07:58:16.000Z,1
2019-12-03T11:12:53.000Z,1
2019-12-02T10:07:39.000Z,1
2019-12-02T15:02:36.000Z,1
2019-12-02T16:58:07.000Z,2
2019-12-02T17:07:35.000Z,1
2019-12-02T17:16:51.000Z,2
2019-12-02T17:37:38.000Z,1
2019-12-02T17:44:18.000Z,1
2019-12-02T17:51:31.000Z,1
2019-12-02T18:03:43.000Z,1
2019-12-02T18:54:07.000Z,1
2019-12-02T20:54:34.000Z,1
2019-12-02T20:54:32.000Z,1
2019-12-02T21:13:47.000Z,1
2019-12-02T22:22:03.000Z,1
2019-12-03T06:40:50.000Z,1
2019-12-03T06:44:01.000Z,1
2019-12-03T07:18:56.000Z,1
2019-12-03T07:30:42.000Z,1
2019-12-03T07:55:31.000Z,1
2019-12-03T08:02:54.000Z,1
2019-12-03T08:25:01.000Z,2
2019-12-03T09:13:24.000Z,1
2019-12-03T12:23:26.000Z,1
2019-12-03T13:16:48.000Z,1
2019-12-03T13:18:21.000Z,1
2019-12-03T15:35:21.000Z,1
2019-12-03T15:59:13.000Z,1
2019-12-03T16:33:54.000Z,1
2019-12-03T16:56:36.000Z,2
2019-12-03T16:59:32.000Z,1
2019-12-03T17:02:26.000Z,1
2019-12-03T17:20:02.000Z,1
2019-12-03T17:32:06.000Z,1
2019-12-03T18:01:34.000Z,1
2019-12-03T18:52:26.000Z,1
2019-12-03T18:52:45.000Z,1
2019-12-03T20:43:19.000Z,1
2019-12-03T20:44:13.000Z,1
2019-12-03T21:49:48.000Z,1
2019-12-04T06:10:15.000Z,1
2019-12-04T07:24:54.000Z,1
2019-12-04T07:27:00.000Z,1
2019-12-04T07:28:24.000Z,1
2019-12-04T07:32:24.000Z,1
2019-12-04T07:35:02.000Z,1
2019-12-04T07:37:09.000Z,1
2019-12-04T08:01:00.000Z,1
2019-12-04T08:01:22.000Z,2
2019-12-04T08:10:53.000Z,2
2019-12-04T08:14:23.000Z,2
2019-12-04T08:14:20.000Z,1
2019-12-04T08:28:39.000Z,1
2019-12-04T08:29:36.000Z,1
2019-12-04T08:38:57.000Z,1
2019-12-04T08:47:38.000Z,1
2019-12-04T08:52:48.000Z,1
2019-12-04T08:55:06.000Z,1
2019-12-04T09:17:32.000Z,1
2019-12-04T10:08:34.000Z,1
2019-12-04T11:00:08.000Z,1
2019-12-04T11:08:21.000Z,1
2019-12-04T12:04:07.000Z,1
2019-12-04T12:57:44.000Z,1
2019-12-04T14:29:58.000Z,1
2019-12-04T15:09:26.000Z,1
2019-12-04T15:18:06.000Z,1
2019-12-04T15:35:55.000Z,1
2019-12-04T16:11:26.000Z,1
2019-12-04T16:43:18.000Z,1
2019-12-04T16:50:13.000Z,1
2019-12-04T17:00:16.000Z,2
2019-12-04T17:12:07.000Z,2
2019-12-04T17:37:09.000Z,1
2019-12-04T17:51:54.000Z,3
2019-12-04T17:58:43.000Z,1
2019-12-04T18:27:02.000Z,1
2019-12-04T19:52:41.000Z,1
2019-12-04T22:32:14.000Z,1
2019-12-04T22:49:46.000Z,1
2019-12-05T05:16:22.000Z,1
2019-12-05T06:38:16.000Z,1
2019-12-05T07:14:16.000Z,1
2019-12-05T07:20:20.000Z,1
2019-12-05T07:30:19.000Z,1
2019-12-05T07:32:22.000Z,1
2019-12-05T07:35:18.000Z,2
2019-12-05T07:47:58.000Z,1
2019-12-05T08:21:42.000Z,2
2019-12-05T08:29:49.000Z,1
2019-12-05T08:32:35.000Z,1
2019-12-05T08:51:05.000Z,1
2019-12-05T09:01:33.000Z,2
2019-12-05T09:08:42.000Z,1
2019-12-05T09:21:24.000Z,1
2019-12-05T09:26:01.000Z,1
2019-12-05T09:55:35.000Z,1
2019-12-05T11:15:18.000Z,1
2019-12-05T11:34:35.000Z,1
2019-12-05T12:17:26.000Z,1
2019-12-05T12:31:49.000Z,1
2019-12-05T12:54:08.000Z,1
2019-12-05T14:05:00.000Z,1
2019-12-05T14:05:52.000Z,1
2019-12-05T14:22:17.000Z,1
2019-12-05T14:36:27.000Z,1
2019-12-05T14:59:55.000Z,1
2019-12-05T15:27:02.000Z,1
2019-12-05T15:35:01.000Z,1
2019-12-05T16:07:03.000Z,1
2019-12-05T16:48:31.000Z,1
2019-12-05T17:01:38.000Z,1
2019-12-05T17:16:02.000Z,1
2019-12-05T17:38:33.000Z,1
2019-12-05T17:47:15.000Z,1
2019-12-05T17:51:07.000Z,1
2019-12-05T17:56:16.000Z,1
2019-12-05T18:04:46.000Z,1
2019-12-05T18:12:26.000Z,1
2019-12-05T19:38:11.000Z,1
2019-12-05T19:48:58.000Z,1
2019-12-05T22:09:37.000Z,1
2019-12-05T22:33:52.000Z,1
2019-12-05T22:38:25.000Z,1
2019-12-05T22:54:22.000Z,1
2019-12-06T06:47:53.000Z,1
2019-12-06T06:56:32.000Z,1
2019-12-06T07:14:44.000Z,1
2019-12-06T07:17:40.000Z,1
2019-12-06T07:28:50.000Z,1
2019-12-06T07:40:15.000Z,1
2019-12-06T08:28:16.000Z,1
2019-12-06T08:34:38.000Z,1
2019-12-06T08:49:20.000Z,1
2019-12-06T09:21:02.000Z,1
2019-12-06T10:57:43.000Z,1
2019-12-06T11:23:29.000Z,1
2019-12-06T12:18:41.000Z,1
2019-12-06T13:28:32.000Z,1
2019-12-06T14:14:37.000Z,2
2019-12-06T14:32:07.000Z,1
2019-12-06T15:37:04.000Z,1
2019-12-06T15:48:07.000Z,1
2019-12-06T16:36:09.000Z,1
2019-12-06T17:06:13.000Z,1
2019-12-06T17:08:01.000Z,1
2019-12-06T17:16:41.000Z,1
2019-12-06T18:03:45.000Z,1
2019-12-06T18:07:03.000Z,1
2019-12-06T18:08:16.000Z,1
2019-12-06T18:17:32.000Z,1
2019-12-06T19:28:06.000Z,1
2019-12-06T19:30:16.000Z,1
2019-12-06T19:58:02.000Z,1
2019-12-06T21:05:16.000Z,1
2019-12-07T01:52:48.000Z,2
2019-12-07T05:34:03.000Z,1
2019-12-07T08:09:29.000Z,1
2019-12-07T11:10:13.000Z,1
2019-12-07T11:47:06.000Z,1
2019-12-07T11:57:14.000Z,1
2019-12-07T12:05:26.000Z,1
2019-12-07T12:23:40.000Z,1
2019-12-07T13:14:09.000Z,1
2019-12-07T13:44:33.000Z,1
2019-12-07T15:28:50.000Z,1
2019-12-07T15:45:40.000Z,1
2019-12-07T16:27:35.000Z,1
2019-12-07T17:18:50.000Z,1
2019-12-07T17:58:10.000Z,1
2019-12-07T18:39:56.000Z,1
2019-12-07T18:43:19.000Z,1
2019-12-08T01:00:45.000Z,1
2019-12-08T01:58:47.000Z,1
2019-12-08T03:39:45.000Z,1
2019-12-08T07:17:17.000Z,1
2019-12-08T09:10:07.000Z,1
2019-12-08T09:55:00.000Z,1
2019-12-08T10:51:48.000Z,1
2019-12-08T11:10:02.000Z,1
2019-12-08T12:18:40.000Z,1
2019-12-08T13:01:30.000Z,1
2019-12-08T13:53:00.000Z,1
2019-12-08T13:59:19.000Z,1
2019-12-08T15:27:57.000Z,1
2019-12-08T15:37:25.000Z,1
2019-12-08T16:49:16.000Z,1
2019-12-08T16:53:05.000Z,1
2019-12-08T17:27:36.000Z,2
2019-12-08T18:26:13.000Z,1
2019-12-08T18:51:40.000Z,1
2019-12-08T19:18:18.000Z,1
2019-12-08T20:15:35.000Z,1
2019-12-09T05:29:05.000Z,1
2019-12-09T07:37:41.000Z,1
2019-12-09T07:41:52.000Z,1
2019-12-09T08:16:00.000Z,1
2019-12-09T08:38:58.000Z,1
2019-12-09T08:44:38.000Z,2
2019-12-09T08:56:29.000Z,1
2019-12-09T10:27:09.000Z,1
2019-12-09T11:44:06.000Z,1
2019-12-09T13:07:39.000Z,1
2019-12-09T13:08:26.000Z,2
2019-12-09T14:32:48.000Z,1
2019-12-09T14:39:49.000Z,3
2019-12-09T14:56:10.000Z,2
2019-12-09T14:56:36.000Z,1
2019-12-09T16:20:07.000Z,1
2019-12-09T16:20:43.000Z,2
2019-12-09T16:49:22.000Z,1
2019-12-09T17:07:16.000Z,1
2019-12-09T17:10:42.000Z,1
2019-12-09T17:19:02.000Z,1
2019-12-09T17:27:09.000Z,1
2019-12-09T18:22:10.000Z,1
2019-12-09T18:28:45.000Z,1
2019-12-09T18:35:42.000Z,1
2019-12-09T19:05:34.000Z,1
2019-12-09T19:14:58.000Z,1
2019-12-09T19:44:36.000Z,1
2019-12-10T06:55:41.000Z,1
2019-12-10T07:33:29.000Z,1
2019-12-10T07:42:11.000Z,1
2019-12-10T07:47:49.000Z,1
2019-12-10T08:19:21.000Z,1
2019-12-10T08:20:33.000Z,1
2019-12-10T08:35:18.000Z,1
2019-12-10T08:49:31.000Z,1
2019-12-10T08:50:56.000Z,1
2019-12-10T09:09:55.000Z,1
2019-12-10T09:30:23.000Z,1
2019-12-10T09:31:03.000Z,1
2019-12-10T10:19:37.000Z,1
2019-12-10T11:21:25.000Z,1
2019-12-10T12:28:50.000Z,1
2019-12-10T13:32:37.000Z,1
2019-12-10T16:16:07.000Z,1
2019-12-10T16:42:22.000Z,1
2019-12-10T17:07:00.000Z,1
2019-12-10T17:18:14.000Z,1
2019-12-10T17:22:56.000Z,1
2019-12-10T18:02:34.000Z,1
2019-12-10T18:37:50.000Z,1
2019-12-10T21:35:58.000Z,1
2019-12-11T05:22:31.000Z,1
2019-12-11T07:35:02.000Z,1
2019-12-11T08:36:41.000Z,1
2019-12-11T08:45:36.000Z,1
2019-12-11T08:55:41.000Z,1
2019-12-11T10:40:39.000Z,1
2019-12-02T06:21:20.000Z,2
2019-12-02T06:49:07.000Z,1
2019-12-02T07:13:41.000Z,1
2019-12-02T07:49:22.000Z,1
2019-12-02T07:51:07.000Z,1
2019-12-02T08:01:43.000Z,1
2019-12-02T08:02:22.000Z,1
2019-12-02T08:03:27.000Z,1
2019-12-02T08:26:45.000Z,2
2019-12-02T08:38:58.000Z,1
2019-12-02T08:48:47.000Z,1
2019-12-02T08:49:46.000Z,1
2019-12-02T09:24:24.000Z,1
2019-12-02T09:57:10.000Z,1
2019-12-02T11:02:34.000Z,1
2019-12-02T11:44:03.000Z,1
2019-12-02T12:22:08.000Z,1
2019-12-02T13:03:11.000Z,1
2019-12-02T16:53:47.000Z,2
2019-12-02T17:00:04.000Z,1
2019-12-02T17:07:49.000Z,1
2019-12-02T17:21:22.000Z,1
2019-12-02T17:47:50.000Z,1
2019-12-02T17:55:32.000Z,2
2019-12-03T07:40:12.000Z,1
2019-12-02T13:35:55.000Z,1
2019-12-02T13:49:01.000Z,1
2019-12-02T14:12:54.000Z,1
2019-12-02T15:03:43.000Z,1
2019-12-02T18:20:29.000Z,1
2019-12-02T19:10:38.000Z,2
2019-12-02T20:16:28.000Z,1
2019-12-02T20:20:40.000Z,1
2019-12-03T06:10:35.000Z,1
2019-12-03T07:01:32.000Z,1
2019-12-03T07:03:44.000Z,1
2019-12-03T07:13:02.000Z,1
2019-12-03T07:50:46.000Z,1
2019-12-03T07:54:10.000Z,2
2019-12-03T07:56:18.000Z,1
2019-12-03T08:00:28.000Z,1
2019-12-03T08:07:17.000Z,1
2019-12-03T08:16:54.000Z,1
2019-12-03T08:25:46.000Z,1
2019-12-03T08:50:49.000Z,1
2019-12-03T09:08:46.000Z,1
2019-12-03T11:09:29.000Z,1
2019-12-03T11:48:20.000Z,1
2019-12-03T13:05:53.000Z,1
2019-12-03T13:22:31.000Z,1
2019-12-03T15:34:14.000Z,1
2019-12-03T15:35:47.000Z,1
2019-12-03T15:52:15.000Z,1
2019-12-03T16:14:28.000Z,1
2019-12-03T16:30:45.000Z,1
2019-12-03T17:04:58.000Z,1
2019-12-03T17:07:02.000Z,1
2019-12-03T17:57:33.000Z,1
2019-12-03T18:18:47.000Z,1
2019-12-03T18:24:50.000Z,1
2019-12-03T18:35:41.000Z,1
2019-12-03T19:12:23.000Z,1
2019-12-03T19:38:56.000Z,1
2019-12-03T19:47:03.000Z,1
2019-12-03T21:14:31.000Z,1
2019-12-03T21:35:51.000Z,1
2019-12-03T21:49:36.000Z,1
2019-12-03T22:53:04.000Z,1
2019-12-04T06:01:42.000Z,1
2019-12-04T06:51:46.000Z,1
2019-12-04T06:54:56.000Z,1
2019-12-04T07:38:41.000Z,2
2019-12-04T07:43:19.000Z,1
2019-12-04T07:49:29.000Z,1
2019-12-04T07:53:11.000Z,1
2019-12-04T07:56:41.000Z,1
2019-12-04T08:08:51.000Z,1
2019-12-04T08:12:18.000Z,1
2019-12-04T08:32:58.000Z,3
2019-12-04T08:37:19.000Z,2
2019-12-04T08:43:59.000Z,1
2019-12-04T09:00:23.000Z,1
2019-12-04T09:10:14.000Z,1
2019-12-04T09:11:10.000Z,1
2019-12-04T09:41:40.000Z,1
2019-12-04T12:52:39.000Z,1
2019-12-04T13:31:25.000Z,1
2019-12-04T13:33:35.000Z,1
2019-12-04T14:11:45.000Z,1
2019-12-04T14:50:05.000Z,1
2019-12-04T15:33:06.000Z,1
2019-12-04T15:57:15.000Z,1
2019-12-04T16:14:28.000Z,1
2019-12-04T16:24:06.000Z,1
2019-12-04T16:41:31.000Z,1
2019-12-04T16:50:38.000Z,1
2019-12-04T16:51:44.000Z,1
2019-12-04T17:03:12.000Z,1
2019-12-04T17:07:55.000Z,1
2019-12-04T17:11:51.000Z,1
2019-12-04T17:14:31.000Z,1
2019-12-04T17:17:39.000Z,1
2019-12-04T17:21:49.000Z,1
2019-12-04T17:36:03.000Z,1
2019-12-04T17:45:12.000Z,1
2019-12-04T18:14:27.000Z,1
2019-12-04T18:36:18.000Z,1
2019-12-04T18:37:48.000Z,1
2019-12-04T18:56:09.000Z,1
2019-12-04T19:07:33.000Z,1
2019-12-04T19:18:01.000Z,1
2019-12-04T21:05:57.000Z,1
2019-12-04T21:09:47.000Z,1
2019-12-05T00:40:40.000Z,1
2019-12-05T06:18:17.000Z,1
2019-12-05T06:45:37.000Z,1
2019-12-05T07:11:15.000Z,1
2019-12-05T07:17:49.000Z,1
2019-12-05T07:38:54.000Z,1
2019-12-05T07:56:23.000Z,1
2019-12-05T08:22:37.000Z,1
2019-12-05T08:23:12.000Z,1
2019-12-05T08:24:12.000Z,1
2019-12-05T08:26:12.000Z,2
2019-12-05T08:31:27.000Z,1
2019-12-05T08:45:28.000Z,1
2019-12-05T08:47:44.000Z,1
2019-12-05T08:51:02.000Z,1
2019-12-05T09:03:38.000Z,1
2019-12-05T09:08:08.000Z,1
2019-12-05T09:13:04.000Z,1
2019-12-05T09:24:46.000Z,2
2019-12-05T09:49:28.000Z,1
2019-12-05T10:27:36.000Z,1
2019-12-05T11:03:04.000Z,1
2019-12-05T11:07:41.000Z,1
2019-12-05T11:22:44.000Z,1
2019-12-05T12:39:11.000Z,1
2019-12-05T15:28:54.000Z,1
2019-12-05T16:14:42.000Z,1
2019-12-05T16:39:05.000Z,1
2019-12-05T16:44:25.000Z,1
2019-12-05T16:46:00.000Z,1
2019-12-05T16:51:06.000Z,1
2019-12-05T17:14:27.000Z,1
2019-12-05T17:18:08.000Z,1
2019-12-05T17:36:01.000Z,1
2019-12-05T17:36:54.000Z,1
2019-12-05T18:13:20.000Z,1
2019-12-05T18:16:50.000Z,1
2019-12-05T18:28:19.000Z,2
2019-12-05T18:32:27.000Z,1
2019-12-05T18:36:00.000Z,1
2019-12-05T18:40:27.000Z,1
2019-12-05T18:46:32.000Z,1
2019-12-05T19:19:22.000Z,1
2019-12-05T20:17:46.000Z,1
2019-12-05T22:43:21.000Z,1
2019-12-05T22:43:44.000Z,1
2019-12-06T05:10:22.000Z,1
2019-12-06T07:09:09.000Z,1
2019-12-06T07:11:07.000Z,1
2019-12-06T07:12:39.000Z,1
2019-12-06T07:24:07.000Z,1
2019-12-06T07:26:49.000Z,1
2019-12-06T07:38:04.000Z,1
2019-12-06T07:47:48.000Z,2
2019-12-06T08:12:59.000Z,1
2019-12-06T08:15:10.000Z,1
2019-12-06T08:17:37.000Z,3
2019-12-06T08:28:05.000Z,2
2019-12-06T08:38:23.000Z,1
2019-12-06T08:41:10.000Z,1
2019-12-06T12:11:26.000Z,1
2019-12-06T12:21:22.000Z,1
2019-12-06T13:00:39.000Z,1
2019-12-06T13:44:10.000Z,1
2019-12-06T13:45:09.000Z,1
2019-12-06T14:17:22.000Z,1
2019-12-06T14:36:11.000Z,1
2019-12-06T15:19:10.000Z,1
2019-12-06T15:31:45.000Z,1
2019-12-06T16:05:55.000Z,1
2019-12-06T16:16:44.000Z,1
2019-12-06T16:27:05.000Z,1
2019-12-06T16:41:57.000Z,1
2019-12-06T17:03:17.000Z,1
2019-12-06T17:25:40.000Z,1
2019-12-06T19:36:06.000Z,1
2019-12-06T19:37:32.000Z,1
2019-12-06T20:15:14.000Z,1
2019-12-06T20:56:37.000Z,1
2019-12-06T21:52:42.000Z,1
2019-12-06T23:28:31.000Z,1
2019-12-07T00:10:41.000Z,1
2019-12-07T01:11:47.000Z,1
2019-12-07T01:59:23.000Z,1
2019-12-07T02:09:19.000Z,1
2019-12-07T06:21:49.000Z,1
2019-12-07T10:32:18.000Z,1
2019-12-07T11:24:49.000Z,1
2019-12-07T12:09:31.000Z,1
2019-12-07T12:30:01.000Z,1
2019-12-07T12:34:27.000Z,1
2019-12-07T12:34:58.000Z,1
2019-12-07T13:19:53.000Z,1
2019-12-07T14:04:22.000Z,1
2019-12-07T14:38:58.000Z,1
2019-12-07T16:03:24.000Z,1
2019-12-07T16:23:42.000Z,1
2019-12-07T16:41:10.000Z,2
2019-12-07T17:20:10.000Z,1
2019-12-07T18:05:17.000Z,1
2019-12-07T20:51:20.000Z,1
2019-12-07T21:51:15.000Z,1
2019-12-07T23:39:54.000Z,1
2019-12-08T01:08:50.000Z,1
2019-12-08T01:44:38.000Z,1
2019-12-08T02:33:21.000Z,1
2019-12-08T04:26:42.000Z,1
2019-12-08T09:11:12.000Z,1
2019-12-08T11:02:07.000Z,1
2019-12-08T12:39:04.000Z,1
2019-12-08T12:53:35.000Z,1
2019-12-08T13:39:43.000Z,1
2019-12-08T13:46:30.000Z,1
2019-12-08T14:08:13.000Z,1
2019-12-08T14:55:08.000Z,1
2019-12-08T14:58:33.000Z,1
2019-12-08T15:04:27.000Z,1
2019-12-08T15:06:15.000Z,1
2019-12-08T15:12:41.000Z,1
2019-12-08T15:34:56.000Z,1
2019-12-08T15:54:17.000Z,1
2019-12-08T16:13:45.000Z,2
2019-12-08T16:17:02.000Z,1
2019-12-08T16:19:23.000Z,1
2019-12-08T16:51:53.000Z,1
2019-12-08T17:36:09.000Z,1
2019-12-08T17:38:32.000Z,1
2019-12-08T17:53:48.000Z,1
2019-12-08T19:25:48.000Z,1
2019-12-08T19:51:56.000Z,1
2019-12-08T21:08:40.000Z,1
2019-12-09T05:37:17.000Z,1
2019-12-09T07:04:33.000Z,1
2019-12-09T07:13:21.000Z,1
2019-12-09T07:35:39.000Z,1
2019-12-09T07:40:32.000Z,1
2019-12-09T08:05:16.000Z,1
2019-12-09T08:13:23.000Z,1
2019-12-09T08:18:00.000Z,1
2019-12-09T08:29:15.000Z,1
2019-12-09T08:47:40.000Z,1
2019-12-09T08:51:47.000Z,1
2019-12-09T09:08:16.000Z,1
2019-12-09T11:22:32.000Z,1
2019-12-09T11:56:50.000Z,1
2019-12-09T12:42:12.000Z,1
2019-12-09T14:23:11.000Z,1
2019-12-09T15:36:31.000Z,2
2019-12-09T15:59:35.000Z,1
2019-12-09T16:09:09.000Z,1
2019-12-09T17:32:03.000Z,1
2019-12-09T17:33:41.000Z,1
2019-12-09T17:47:56.000Z,1
2019-12-09T17:57:41.000Z,1
2019-12-09T18:00:44.000Z,1
2019-12-09T18:11:29.000Z,1
2019-12-09T18:40:21.000Z,1
2019-12-09T18:42:52.000Z,1
2019-12-09T18:47:24.000Z,1
2019-12-09T19:25:20.000Z,1
2019-12-09T19:36:03.000Z,1
2019-12-09T20:09:23.000Z,1
2019-12-09T20:37:37.000Z,1
2019-12-10T00:02:27.000Z,1
2019-12-10T05:19:05.000Z,1
2019-12-10T06:12:46.000Z,1
2019-12-10T06:22:33.000Z,1
2019-12-10T07:47:41.000Z,1
2019-12-10T08:13:55.000Z,1
2019-12-10T08:13:54.000Z,1
2019-12-10T08:31:21.000Z,1
2019-12-10T10:15:12.000Z,1
2019-12-10T11:38:09.000Z,1
2019-12-10T13:12:23.000Z,1
2019-12-10T13:15:03.000Z,1
2019-12-10T13:35:25.000Z,1
2019-12-10T15:13:44.000Z,1
2019-12-10T15:33:20.000Z,1
2019-12-10T15:53:57.000Z,1
2019-12-10T16:30:46.000Z,1
2019-12-10T16:41:23.000Z,1
2019-12-10T16:54:17.000Z,1
2019-12-10T17:19:40.000Z,1
2019-12-10T17:26:42.000Z,1
2019-12-10T17:35:10.000Z,1
2019-12-10T18:23:05.000Z,1
2019-12-10T18:39:51.000Z,1
2019-12-10T19:49:16.000Z,1
2019-12-10T20:38:17.000Z,1
2019-12-11T06:29:54.000Z,1
2019-12-11T06:33:35.000Z,1
2019-12-11T07:29:45.000Z,1
2019-12-11T07:41:11.000Z,1
2019-12-11T08:04:18.000Z,1
2019-12-11T08:17:35.000Z,1
2019-12-11T09:51:47.000Z,1
2019-12-11T10:59:23.000Z,1
2019-12-02T06:53:06.000Z,1
2019-12-02T07:26:20.000Z,1
2019-12-02T07:39:17.000Z,1
2019-12-02T07:41:49.000Z,1
2019-12-02T07:51:29.000Z,1
2019-12-02T08:17:03.000Z,1
2019-12-02T08:24:52.000Z,1
2019-12-02T08:51:56.000Z,1
2019-12-02T09:03:00.000Z,1
2019-12-02T10:38:23.000Z,1
2019-12-02T11:28:54.000Z,1
2019-12-02T13:24:24.000Z,1
2019-12-02T16:26:59.000Z,1
2019-12-02T17:43:45.000Z,1
2019-12-02T20:36:27.000Z,1
2019-12-02T21:06:38.000Z,1
2019-12-03T05:37:12.000Z,1
2019-12-02T12:24:17.000Z,1
2019-12-02T12:52:01.000Z,1
2019-12-02T14:43:27.000Z,1
2019-12-02T16:09:59.000Z,1
2019-12-02T16:49:04.000Z,1
2019-12-02T17:00:30.000Z,2
2019-12-02T17:59:41.000Z,1
2019-12-02T18:05:07.000Z,1
2019-12-02T18:10:28.000Z,1
2019-12-02T18:41:23.000Z,1
2019-12-02T18:53:04.000Z,1
2019-12-03T07:03:59.000Z,1
2019-12-03T07:21:22.000Z,1
2019-12-03T07:46:31.000Z,1
2019-12-03T07:55:26.000Z,1
2019-12-03T08:25:36.000Z,1
2019-12-03T08:49:13.000Z,1
2019-12-03T10:12:06.000Z,1
2019-12-03T10:13:01.000Z,1
2019-12-03T10:19:19.000Z,1
2019-12-03T11:21:34.000Z,1
2019-12-03T12:34:17.000Z,1
2019-12-03T12:41:58.000Z,1
2019-12-03T14:20:50.000Z,1
2019-12-03T16:04:25.000Z,1
2019-12-03T16:27:21.000Z,1
2019-12-03T16:36:50.000Z,1
2019-12-03T16:50:29.000Z,1
2019-12-03T17:02:50.000Z,1
2019-12-03T17:12:03.000Z,1
2019-12-03T17:14:34.000Z,2
2019-12-03T17:15:06.000Z,1
2019-12-03T17:18:03.000Z,1
2019-12-03T17:42:54.000Z,2
2019-12-03T17:50:12.000Z,1
2019-12-03T17:57:07.000Z,1
2019-12-03T18:06:46.000Z,1
2019-12-03T18:18:34.000Z,1
2019-12-03T18:28:17.000Z,1
2019-12-03T18:35:58.000Z,1
2019-12-03T18:40:32.000Z,1
2019-12-03T18:40:42.000Z,1
2019-12-03T18:59:07.000Z,1
2019-12-03T21:21:05.000Z,1
2019-12-03T22:23:27.000Z,1
2019-12-04T06:13:30.000Z,1
2019-12-04T06:40:41.000Z,1
2019-12-04T06:54:25.000Z,1
2019-12-04T08:01:48.000Z,1
2019-12-04T08:03:50.000Z,1
2019-12-04T08:24:17.000Z,2
2019-12-04T08:24:29.000Z,3
2019-12-04T08:42:08.000Z,2
2019-12-04T09:29:46.000Z,1
2019-12-04T11:17:43.000Z,1
2019-12-04T11:26:15.000Z,1
2019-12-04T11:36:58.000Z,1
2019-12-04T13:02:05.000Z,2
2019-12-04T13:03:29.000Z,1
2019-12-04T13:35:43.000Z,1
2019-12-04T14:08:55.000Z,1
2019-12-04T14:13:06.000Z,2
2019-12-04T14:57:03.000Z,1
2019-12-04T15:04:56.000Z,1
2019-12-04T15:42:27.000Z,1
2019-12-04T16:11:12.000Z,2
2019-12-04T17:00:09.000Z,1
2019-12-04T17:03:49.000Z,1
2019-12-04T17:09:53.000Z,1
2019-12-04T17:10:58.000Z,1
2019-12-04T17:16:09.000Z,1
2019-12-04T17:25:50.000Z,1
2019-12-04T17:28:42.000Z,1
2019-12-04T17:35:29.000Z,1
2019-12-04T17:51:32.000Z,1
2019-12-04T17:59:34.000Z,1
2019-12-04T18:04:01.000Z,1
2019-12-04T18:22:30.000Z,1
2019-12-04T18:25:24.000Z,1
2019-12-04T18:34:49.000Z,1
2019-12-04T18:35:35.000Z,1
2019-12-04T18:37:46.000Z,1
2019-12-04T19:10:38.000Z,1
2019-12-04T19:27:11.000Z,1
2019-12-04T19:55:40.000Z,1
2019-12-04T21:06:35.000Z,1
2019-12-04T23:04:36.000Z,1
2019-12-05T01:25:18.000Z,1
2019-12-05T05:54:27.000Z,1
2019-12-05T06:21:03.000Z,1
2019-12-05T06:39:41.000Z,1
2019-12-05T06:48:40.000Z,2
2019-12-05T07:33:23.000Z,1
2019-12-05T08:57:55.000Z,1
2019-12-05T08:58:39.000Z,1
2019-12-05T09:37:32.000Z,1
2019-12-05T12:05:35.000Z,1
2019-12-05T12:20:33.000Z,1
2019-12-05T14:42:48.000Z,1
2019-12-05T15:30:46.000Z,1
2019-12-05T15:47:19.000Z,1
2019-12-05T15:58:02.000Z,1
2019-12-05T16:24:26.000Z,1
2019-12-05T16:36:02.000Z,1
2019-12-05T16:41:21.000Z,1
2019-12-05T17:38:41.000Z,1
2019-12-05T18:08:09.000Z,1
2019-12-05T18:12:17.000Z,1
2019-12-05T18:13:03.000Z,1
2019-12-05T18:14:26.000Z,1
2019-12-05T18:15:10.000Z,1
2019-12-05T18:54:02.000Z,1
2019-12-05T19:11:13.000Z,1
2019-12-05T19:24:22.000Z,1
2019-12-05T19:26:10.000Z,1
2019-12-05T19:35:45.000Z,1
2019-12-05T19:47:36.000Z,1
2019-12-05T21:03:03.000Z,1
2019-12-05T21:08:42.000Z,1
2019-12-05T21:16:31.000Z,1
2019-12-05T22:21:13.000Z,1
2019-12-05T23:26:14.000Z,1
2019-12-06T05:10:33.000Z,1
2019-12-06T05:29:29.000Z,1
2019-12-06T06:16:36.000Z,1
2019-12-06T06:49:11.000Z,1
2019-12-06T07:09:04.000Z,1
2019-12-06T07:48:03.000Z,1
2019-12-06T08:03:58.000Z,1
2019-12-06T08:04:11.000Z,1
2019-12-06T08:07:02.000Z,1
2019-12-06T08:07:10.000Z,1
2019-12-06T08:47:03.000Z,1
2019-12-06T09:17:04.000Z,1
2019-12-06T09:46:29.000Z,1
2019-12-06T10:44:48.000Z,2
2019-12-06T10:48:05.000Z,1
2019-12-06T11:06:35.000Z,1
2019-12-06T11:22:18.000Z,1
2019-12-06T11:32:33.000Z,1
2019-12-06T11:54:46.000Z,1
2019-12-06T11:58:08.000Z,1
2019-12-06T12:04:26.000Z,2
2019-12-06T13:19:02.000Z,1
2019-12-06T13:52:56.000Z,2
2019-12-06T14:09:13.000Z,1
2019-12-06T14:21:58.000Z,1
2019-12-06T16:32:32.000Z,1
2019-12-06T16:34:18.000Z,1
2019-12-06T17:43:46.000Z,1
2019-12-06T17:46:41.000Z,1
2019-12-06T19:20:06.000Z,1
2019-12-06T21:45:13.000Z,1
2019-12-06T22:04:19.000Z,1
2019-12-06T22:18:38.000Z,1
2019-12-06T22:31:32.000Z,1
2019-12-06T23:57:14.000Z,1
2019-12-07T01:53:05.000Z,1
2019-12-07T09:40:53.000Z,1
2019-12-07T10:17:11.000Z,1
2019-12-07T10:25:52.000Z,1
2019-12-07T10:26:25.000Z,1
2019-12-07T10:30:43.000Z,1
2019-12-07T11:10:56.000Z,1
2019-12-07T11:43:21.000Z,1
2019-12-07T12:46:23.000Z,1
2019-12-07T12:57:21.000Z,2
2019-12-07T13:14:27.000Z,1
2019-12-07T14:01:10.000Z,1
2019-12-07T14:22:26.000Z,1
2019-12-07T15:17:07.000Z,1
2019-12-07T15:35:33.000Z,1
2019-12-07T15:38:08.000Z,1
2019-12-07T15:44:59.000Z,1
2019-12-07T16:34:18.000Z,1
2019-12-07T16:52:34.000Z,1
2019-12-07T18:15:26.000Z,1
2019-12-07T20:41:28.000Z,1
2019-12-07T21:52:57.000Z,1
2019-12-07T22:57:30.000Z,1
2019-12-07T23:15:40.000Z,1
2019-12-08T02:47:17.000Z,1
2019-12-08T08:52:52.000Z,1
2019-12-08T10:37:41.000Z,1
2019-12-08T10:47:52.000Z,1
2019-12-08T10:53:02.000Z,1
2019-12-08T11:02:56.000Z,1
2019-12-08T12:11:32.000Z,1
2019-12-08T12:24:18.000Z,1
2019-12-08T14:13:14.000Z,1
2019-12-08T14:46:17.000Z,1
2019-12-08T15:31:27.000Z,2
2019-12-08T15:55:06.000Z,1
2019-12-08T16:20:57.000Z,1
2019-12-08T16:42:02.000Z,1
2019-12-08T16:58:55.000Z,1
2019-12-08T22:30:48.000Z,1
2019-12-09T06:52:52.000Z,1
2019-12-09T07:21:22.000Z,1
2019-12-09T07:25:05.000Z,1
2019-12-09T07:34:03.000Z,1
2019-12-09T07:50:14.000Z,2
2019-12-09T08:00:55.000Z,1
2019-12-09T08:03:18.000Z,2
2019-12-09T08:13:02.000Z,1
2019-12-09T08:22:43.000Z,1
2019-12-09T08:38:15.000Z,1
2019-12-09T08:42:20.000Z,1
2019-12-09T08:52:14.000Z,1
2019-12-09T10:03:17.000Z,1
2019-12-09T10:56:24.000Z,1
2019-12-09T11:39:10.000Z,1
2019-12-09T11:46:51.000Z,1
2019-12-09T11:52:36.000Z,1
2019-12-09T13:21:45.000Z,1
2019-12-09T15:02:30.000Z,1
2019-12-09T16:14:15.000Z,1
2019-12-09T17:07:18.000Z,1
2019-12-09T17:28:19.000Z,1
2019-12-09T17:28:46.000Z,2
2019-12-09T19:00:37.000Z,1
2019-12-09T19:26:36.000Z,1
2019-12-09T19:32:26.000Z,1
2019-12-09T20:21:15.000Z,1
2019-12-10T05:21:13.000Z,1
2019-12-10T06:11:45.000Z,1
2019-12-10T06:35:45.000Z,1
2019-12-10T07:14:30.000Z,1
2019-12-10T07:19:19.000Z,1
2019-12-10T07:39:34.000Z,1
2019-12-10T07:42:03.000Z,1
2019-12-10T07:54:25.000Z,1
2019-12-10T07:58:39.000Z,2
2019-12-10T08:36:00.000Z,2
2019-12-10T08:51:02.000Z,1
2019-12-10T08:51:49.000Z,2
2019-12-10T09:38:12.000Z,1
2019-12-10T13:03:02.000Z,2
2019-12-10T13:08:38.000Z,1
2019-12-10T13:51:13.000Z,1
2019-12-10T14:29:09.000Z,1
2019-12-10T15:35:53.000Z,1
2019-12-10T15:52:12.000Z,1
2019-12-10T17:40:50.000Z,1
2019-12-10T18:08:34.000Z,2
2019-12-10T18:24:43.000Z,1
2019-12-10T18:36:53.000Z,1
2019-12-10T18:47:26.000Z,1
2019-12-10T18:51:40.000Z,1
2019-12-10T19:31:02.000Z,1
2019-12-10T19:47:26.000Z,2
2019-12-11T04:50:15.000Z,1
2019-12-11T06:37:31.000Z,1
2019-12-11T06:51:34.000Z,1
2019-12-11T06:53:14.000Z,1
2019-12-11T07:14:45.000Z,1
2019-12-11T07:30:17.000Z,1
2019-12-11T07:35:44.000Z,1
2019-12-11T08:27:08.000Z,1
2019-12-11T09:59:18.000Z,1
2019-12-11T10:42:04.000Z,1
2019-12-11T10:44:48.000Z,1
2019-12-11T11:54:08.000Z,1
2019-12-02T06:49:52.000Z,1
2019-12-02T07:20:05.000Z,1
2019-12-02T07:26:29.000Z,1
2019-12-02T07:42:12.000Z,1
2019-12-02T07:47:39.000Z,1
2019-12-02T07:48:25.000Z,1
2019-12-02T07:50:44.000Z,3
2019-12-02T08:00:57.000Z,1
2019-12-02T08:24:58.000Z,1
2019-12-02T08:59:08.000Z,1
2019-12-02T09:00:39.000Z,1
2019-12-02T12:54:43.000Z,1
2019-12-02T13:01:14.000Z,1
2019-12-02T13:09:22.000Z,1
2019-12-02T16:08:00.000Z,1
2019-12-02T16:35:40.000Z,1
2019-12-02T18:17:33.000Z,1
2019-12-03T08:36:22.000Z,1
2019-12-04T06:25:48.000Z,1
2019-12-02T09:33:25.000Z,1
2019-12-02T14:30:26.000Z,1
2019-12-02T16:21:14.000Z,1
2019-12-02T16:39:42.000Z,1
2019-12-02T17:24:14.000Z,1
2019-12-02T18:03:05.000Z,1
2019-12-02T18:13:03.000Z,1
2019-12-02T18:38:07.000Z,1
2019-12-02T19:18:32.000Z,1
2019-12-02T19:46:55.000Z,1
2019-12-02T20:17:21.000Z,1
2019-12-02T22:13:53.000Z,1
2019-12-03T07:04:59.000Z,1
2019-12-03T07:17:15.000Z,1
2019-12-03T07:35:12.000Z,1
2019-12-03T07:37:39.000Z,1
2019-12-03T07:37:53.000Z,2
2019-12-03T07:39:11.000Z,1
2019-12-03T07:44:53.000Z,1
2019-12-03T07:57:28.000Z,1
2019-12-03T08:10:32.000Z,1
2019-12-03T08:27:53.000Z,1
2019-12-03T08:45:07.000Z,1
2019-12-03T08:54:01.000Z,3
2019-12-03T08:57:44.000Z,1
2019-12-03T09:11:59.000Z,2
2019-12-03T12:56:44.000Z,1
2019-12-03T13:57:07.000Z,1
2019-12-03T14:15:47.000Z,1
2019-12-03T14:53:56.000Z,1
2019-12-03T14:58:06.000Z,1
2019-12-03T14:58:58.000Z,1
2019-12-03T16:21:05.000Z,1
2019-12-03T16:32:36.000Z,1
2019-12-03T16:48:18.000Z,1
2019-12-03T16:53:54.000Z,1
2019-12-03T16:54:37.000Z,1
2019-12-03T17:01:17.000Z,2
2019-12-03T17:11:21.000Z,1
2019-12-03T17:19:37.000Z,1
2019-12-03T17:24:49.000Z,1
2019-12-03T17:39:10.000Z,1
2019-12-03T18:18:48.000Z,1
2019-12-03T18:48:52.000Z,1
2019-12-03T18:49:36.000Z,1
2019-12-03T19:03:52.000Z,1
2019-12-03T20:40:58.000Z,1
2019-12-03T20:58:23.000Z,1
2019-12-03T21:25:06.000Z,1
2019-12-04T05:28:23.000Z,1
2019-12-04T06:39:54.000Z,1
2019-12-04T06:59:11.000Z,1
2019-12-04T07:25:59.000Z,1
2019-12-04T07:32:05.000Z,1
2019-12-04T08:00:31.000Z,1
2019-12-04T08:04:07.000Z,1
2019-12-04T09:15:35.000Z,1
2019-12-04T10:35:05.000Z,1
2019-12-04T10:40:19.000Z,1
2019-12-04T11:02:10.000Z,1
2019-12-04T13:17:28.000Z,1
2019-12-04T13:24:06.000Z,1
2019-12-04T14:51:55.000Z,1
2019-12-04T15:31:12.000Z,1
2019-12-04T15:49:53.000Z,1
2019-12-04T16:15:03.000Z,1
2019-12-04T16:46:28.000Z,1
2019-12-04T16:49:16.000Z,1
2019-12-04T16:53:53.000Z,1
2019-12-04T17:23:08.000Z,1
2019-12-04T17:27:27.000Z,1
2019-12-04T18:00:10.000Z,2
2019-12-04T18:21:41.000Z,1
2019-12-04T18:31:58.000Z,1
2019-12-04T18:35:31.000Z,2
2019-12-04T19:44:41.000Z,1
2019-12-04T19:47:08.000Z,1
2019-12-04T19:58:08.000Z,1
2019-12-04T20:28:55.000Z,1
2019-12-04T21:17:15.000Z,1
2019-12-04T21:55:49.000Z,1
2019-12-04T23:07:31.000Z,1
2019-12-05T00:48:05.000Z,1
2019-12-05T06:13:54.000Z,1
2019-12-05T06:48:33.000Z,1
2019-12-05T07:30:30.000Z,1
2019-12-05T08:15:36.000Z,1
2019-12-05T08:37:28.000Z,1
2019-12-05T08:43:31.000Z,1
2019-12-05T08:59:31.000Z,1
2019-12-05T09:18:44.000Z,1
2019-12-05T09:27:52.000Z,1
2019-12-05T09:53:07.000Z,1
2019-12-05T10:25:29.000Z,1
2019-12-05T11:20:38.000Z,1
2019-12-05T11:25:11.000Z,1
2019-12-05T12:57:35.000Z,1
2019-12-05T13:40:45.000Z,1
2019-12-05T14:07:08.000Z,1
2019-12-05T14:46:43.000Z,1
2019-12-05T15:47:46.000Z,1
2019-12-05T16:07:26.000Z,1
2019-12-05T16:19:19.000Z,1
2019-12-05T16:48:47.000Z,2
2019-12-05T17:01:34.000Z,1
2019-12-05T17:12:54.000Z,2
2019-12-05T17:17:45.000Z,1
2019-12-05T17:23:58.000Z,1
2019-12-05T17:36:47.000Z,1
2019-12-05T17:54:06.000Z,1
2019-12-05T17:57:46.000Z,1
2019-12-05T18:05:06.000Z,1
2019-12-05T18:11:18.000Z,1
2019-12-05T18:14:24.000Z,1
2019-12-05T18:18:19.000Z,1
2019-12-05T18:59:23.000Z,1
2019-12-05T19:38:44.000Z,1
2019-12-05T20:14:53.000Z,1
2019-12-05T20:41:45.000Z,1
2019-12-05T22:43:05.000Z,1
2019-12-06T07:32:46.000Z,1
2019-12-06T07:33:46.000Z,1
2019-12-06T07:37:40.000Z,1
2019-12-06T08:29:37.000Z,1
2019-12-06T08:46:15.000Z,1
2019-12-06T08:55:34.000Z,1
2019-12-06T09:00:05.000Z,1
2019-12-06T09:22:00.000Z,1
2019-12-06T09:36:03.000Z,1
2019-12-06T13:08:56.000Z,1
2019-12-06T14:24:04.000Z,1
2019-12-06T14:45:25.000Z,1
2019-12-06T15:29:26.000Z,1
2019-12-06T15:43:04.000Z,1
2019-12-06T16:12:11.000Z,1
2019-12-06T16:48:47.000Z,1
2019-12-06T17:39:20.000Z,1
2019-12-06T17:48:24.000Z,1
2019-12-06T18:01:39.000Z,2
2019-12-06T20:39:26.000Z,1
2019-12-06T21:05:07.000Z,1
2019-12-06T22:14:51.000Z,1
2019-12-06T22:34:11.000Z,1
2019-12-07T05:54:48.000Z,1
2019-12-07T08:51:18.000Z,1
2019-12-07T09:23:30.000Z,1
2019-12-07T09:46:19.000Z,1
2019-12-07T10:02:57.000Z,1
2019-12-07T11:49:40.000Z,1
2019-12-07T12:03:37.000Z,1
2019-12-07T12:34:07.000Z,1
2019-12-07T13:33:04.000Z,1
2019-12-07T13:44:17.000Z,1
2019-12-07T14:21:48.000Z,1
2019-12-07T14:40:07.000Z,1
2019-12-07T16:27:29.000Z,1
2019-12-07T16:27:32.000Z,1
2019-12-07T17:32:06.000Z,1
2019-12-07T18:35:29.000Z,1
2019-12-07T18:38:29.000Z,1
2019-12-07T19:40:52.000Z,1
2019-12-07T23:12:04.000Z,1
2019-12-08T01:45:26.000Z,1
2019-12-08T04:19:37.000Z,1
2019-12-08T06:06:47.000Z,1
2019-12-08T07:46:01.000Z,1
2019-12-08T08:17:17.000Z,1
2019-12-08T10:17:30.000Z,1
2019-12-08T11:58:30.000Z,1
2019-12-08T12:29:01.000Z,1
2019-12-08T13:30:34.000Z,1
2019-12-08T13:53:05.000Z,1
2019-12-08T14:21:40.000Z,1
2019-12-08T14:32:30.000Z,1
2019-12-08T14:41:46.000Z,2
2019-12-08T14:45:03.000Z,1
2019-12-08T15:07:31.000Z,1
2019-12-08T15:25:39.000Z,1
2019-12-08T15:26:36.000Z,1
2019-12-08T17:11:41.000Z,1
2019-12-08T17:26:07.000Z,1
2019-12-08T17:41:25.000Z,1
2019-12-08T17:57:43.000Z,1
2019-12-08T18:28:25.000Z,1
2019-12-08T18:33:45.000Z,1
2019-12-08T19:36:40.000Z,1
2019-12-08T21:11:11.000Z,1
2019-12-08T21:37:47.000Z,1
2019-12-08T22:06:32.000Z,1
2019-12-08T22:27:54.000Z,1
2019-12-09T05:53:31.000Z,1
2019-12-09T06:49:17.000Z,1
2019-12-09T07:12:58.000Z,1
2019-12-09T07:44:35.000Z,1
2019-12-09T08:10:17.000Z,1
2019-12-09T08:15:47.000Z,2
2019-12-09T08:28:29.000Z,1
2019-12-09T08:50:26.000Z,1
2019-12-09T09:42:50.000Z,1
2019-12-09T14:42:50.000Z,1
2019-12-09T15:39:08.000Z,1
2019-12-09T16:05:48.000Z,1
2019-12-09T16:31:19.000Z,1
2019-12-09T16:38:58.000Z,1
2019-12-09T17:46:53.000Z,1
2019-12-09T17:55:05.000Z,1
2019-12-09T17:58:50.000Z,1
2019-12-09T18:07:04.000Z,1
2019-12-09T18:15:14.000Z,1
2019-12-09T18:33:06.000Z,1
2019-12-09T18:53:51.000Z,1
2019-12-09T22:40:37.000Z,1
2019-12-10T01:24:55.000Z,1
2019-12-10T06:33:36.000Z,1
2019-12-10T07:33:36.000Z,1
2019-12-10T07:34:49.000Z,1
2019-12-10T07:40:23.000Z,1
2019-12-10T08:22:19.000Z,2
2019-12-10T09:08:36.000Z,1
2019-12-10T09:10:32.000Z,2
2019-12-10T09:49:41.000Z,1
2019-12-10T13:11:49.000Z,1
2019-12-10T13:38:21.000Z,1
2019-12-10T13:43:47.000Z,1
2019-12-10T15:25:05.000Z,1
2019-12-10T15:55:25.000Z,1
2019-12-10T16:18:50.000Z,1
2019-12-10T16:31:09.000Z,1
2019-12-10T16:40:14.000Z,1
2019-12-10T16:41:21.000Z,1
2019-12-10T16:48:05.000Z,1
2019-12-10T17:16:32.000Z,1
2019-12-10T17:18:57.000Z,1
2019-12-10T17:38:46.000Z,1
2019-12-10T17:49:15.000Z,1
2019-12-10T18:29:54.000Z,1
2019-12-10T18:32:45.000Z,1
2019-12-10T19:21:45.000Z,1
2019-12-10T19:22:43.000Z,1
2019-12-10T19:29:26.000Z,1
2019-12-10T20:15:33.000Z,1
2019-12-10T20:31:34.000Z,1
2019-12-10T20:43:29.000Z,1
2019-12-11T05:23:58.000Z,1
2019-12-11T05:49:47.000Z,1
2019-12-11T06:14:20.000Z,1
2019-12-11T06:27:45.000Z,1
2019-12-11T07:44:24.000Z,1
2019-12-11T08:17:09.000Z,2
2019-12-11T09:07:32.000Z,1
2019-12-11T09:34:53.000Z,1
2019-12-11T10:32:18.000Z,2
2019-12-11T11:20:07.000Z,1
2019-12-11T12:47:10.000Z,1
2019-12-02T07:20:07.000Z,1
2019-12-02T07:20:50.000Z,1
2019-12-02T07:42:06.000Z,1
2019-12-02T08:43:55.000Z,2
2019-12-02T08:54:33.000Z,1
2019-12-02T09:37:06.000Z,1
2019-12-02T09:49:10.000Z,1
2019-12-02T09:56:30.000Z,1
2019-12-02T10:52:40.000Z,1
2019-12-02T11:43:18.000Z,1
2019-12-02T11:44:04.000Z,1
2019-12-02T11:57:44.000Z,1
2019-12-02T13:43:11.000Z,1
2019-12-02T14:57:22.000Z,1
2019-12-02T16:16:23.000Z,1
2019-12-02T16:37:44.000Z,1
2019-12-02T17:16:56.000Z,1
2019-12-02T17:40:31.000Z,1
2019-12-02T18:20:00.000Z,1
2019-12-03T11:51:16.000Z,1
2019-12-03T16:21:11.000Z,2
2019-12-02T16:12:45.000Z,1
2019-12-02T17:31:11.000Z,1
2019-12-02T17:35:32.000Z,1
2019-12-02T17:46:09.000Z,1
2019-12-02T19:05:22.000Z,1
2019-12-02T19:25:03.000Z,1
2019-12-02T19:26:30.000Z,1
2019-12-02T20:23:54.000Z,1
2019-12-02T20:52:25.000Z,1
2019-12-02T22:22:00.000Z,1
2019-12-03T05:19:52.000Z,1
2019-12-03T06:07:53.000Z,1
2019-12-03T07:06:44.000Z,1
2019-12-03T07:13:14.000Z,1
2019-12-03T07:43:05.000Z,2
2019-12-03T07:47:30.000Z,2
2019-12-03T07:50:59.000Z,1
2019-12-03T07:58:14.000Z,2
2019-12-03T08:26:11.000Z,1
2019-12-03T08:34:03.000Z,1
2019-12-03T08:35:11.000Z,1
2019-12-03T08:35:35.000Z,1
2019-12-03T08:43:22.000Z,1
2019-12-03T08:45:18.000Z,1
2019-12-03T09:05:38.000Z,1
2019-12-03T09:09:39.000Z,1
2019-12-03T13:57:38.000Z,1
2019-12-03T15:15:41.000Z,1
2019-12-03T15:43:47.000Z,1
2019-12-03T15:46:05.000Z,1
2019-12-03T15:59:36.000Z,1
2019-12-03T16:10:17.000Z,2
2019-12-03T16:11:13.000Z,1
2019-12-03T16:13:08.000Z,1
2019-12-03T16:53:56.000Z,1
2019-12-03T17:48:38.000Z,1
2019-12-03T18:00:24.000Z,1
2019-12-03T18:25:54.000Z,1
2019-12-03T18:26:00.000Z,1
2019-12-03T18:48:35.000Z,1
2019-12-03T19:18:25.000Z,1
2019-12-03T19:25:40.000Z,1
2019-12-03T19:41:45.000Z,1
2019-12-03T20:40:56.000Z,1
2019-12-03T23:04:29.000Z,1
2019-12-03T23:15:37.000Z,1
2019-12-04T05:38:11.000Z,1
2019-12-04T05:59:14.000Z,1
2019-12-04T06:00:57.000Z,1
2019-12-04T06:45:17.000Z,1
2019-12-04T07:05:14.000Z,1
2019-12-04T07:17:44.000Z,2
2019-12-04T07:41:41.000Z,1
2019-12-04T07:52:25.000Z,2
2019-12-04T07:55:52.000Z,1
2019-12-04T07:56:33.000Z,1
2019-12-04T08:07:20.000Z,2
2019-12-04T08:28:18.000Z,1
2019-12-04T08:37:09.000Z,1
2019-12-04T08:54:20.000Z,1
2019-12-04T08:55:45.000Z,1
2019-12-04T09:29:22.000Z,1
2019-12-04T11:18:11.000Z,1
2019-12-04T11:39:36.000Z,1
2019-12-04T14:16:59.000Z,1
2019-12-04T15:27:19.000Z,1
2019-12-04T15:40:03.000Z,1
2019-12-04T16:01:46.000Z,1
2019-12-04T16:16:19.000Z,1
2019-12-04T16:16:24.000Z,1
2019-12-04T16:42:11.000Z,1
2019-12-04T16:52:21.000Z,2
2019-12-04T17:20:05.000Z,1
2019-12-04T17:34:37.000Z,1
2019-12-04T17:53:33.000Z,1
2019-12-04T18:08:22.000Z,1
2019-12-04T18:14:02.000Z,1
2019-12-04T18:27:46.000Z,2
2019-12-04T19:00:08.000Z,1
2019-12-04T20:29:31.000Z,1
2019-12-04T21:24:42.000Z,1
2019-12-04T21:38:49.000Z,1
2019-12-05T06:44:07.000Z,1
2019-12-05T06:44:11.000Z,1
2019-12-05T06:55:59.000Z,1
2019-12-05T07:39:56.000Z,1
2019-12-05T07:51:53.000Z,1
2019-12-05T08:03:43.000Z,1
2019-12-05T08:41:48.000Z,1
2019-12-05T09:09:34.000Z,1
2019-12-05T11:40:03.000Z,1
2019-12-05T12:03:39.000Z,1
2019-12-05T12:46:59.000Z,1
2019-12-05T13:09:42.000Z,1
2019-12-05T13:54:47.000Z,1
2019-12-05T14:04:02.000Z,1
2019-12-05T14:13:19.000Z,1
2019-12-05T14:26:23.000Z,1
2019-12-05T15:12:43.000Z,1
2019-12-05T15:50:37.000Z,1
2019-12-05T16:08:18.000Z,1
2019-12-05T16:16:05.000Z,1
2019-12-05T16:17:17.000Z,1
2019-12-05T16:18:58.000Z,1
2019-12-05T16:20:46.000Z,1
2019-12-05T16:22:55.000Z,1
2019-12-05T16:45:31.000Z,1
2019-12-05T16:48:57.000Z,1
2019-12-05T17:04:58.000Z,1
2019-12-05T17:50:50.000Z,1
2019-12-05T17:51:35.000Z,1
2019-12-05T18:16:41.000Z,1
2019-12-05T18:51:12.000Z,1
2019-12-05T18:59:59.000Z,1
2019-12-05T20:13:23.000Z,1
2019-12-05T21:00:56.000Z,1
2019-12-05T21:07:06.000Z,1
2019-12-06T02:16:07.000Z,1
2019-12-06T06:23:48.000Z,1
2019-12-06T06:43:42.000Z,1
2019-12-06T07:17:49.000Z,1
2019-12-06T07:34:10.000Z,1
2019-12-06T07:55:05.000Z,1
2019-12-06T08:03:25.000Z,1
2019-12-06T08:08:41.000Z,1
2019-12-06T08:21:22.000Z,1
2019-12-06T08:22:21.000Z,1
2019-12-06T08:32:27.000Z,1
2019-12-06T08:32:29.000Z,1
2019-12-06T08:55:58.000Z,1
2019-12-06T09:23:25.000Z,1
2019-12-06T10:00:45.000Z,1
2019-12-06T11:42:39.000Z,1
2019-12-06T11:43:47.000Z,1
2019-12-06T12:47:44.000Z,1
2019-12-06T13:52:45.000Z,1
2019-12-06T14:00:22.000Z,1
2019-12-06T14:51:22.000Z,1
2019-12-06T14:58:55.000Z,1
2019-12-06T15:07:37.000Z,1
2019-12-06T15:20:57.000Z,1
2019-12-06T15:39:49.000Z,2
2019-12-06T15:50:06.000Z,1
2019-12-06T16:13:19.000Z,1
2019-12-06T16:17:11.000Z,1
2019-12-06T16:39:13.000Z,1
2019-12-06T17:10:31.000Z,1
2019-12-06T17:13:25.000Z,1
2019-12-06T17:29:30.000Z,1
2019-12-06T17:46:50.000Z,1
2019-12-06T18:06:11.000Z,1
2019-12-06T18:28:39.000Z,2
2019-12-06T21:03:30.000Z,1
2019-12-06T22:20:35.000Z,1
2019-12-06T22:28:30.000Z,1
2019-12-07T09:55:22.000Z,1
2019-12-07T10:42:38.000Z,1
2019-12-07T12:03:26.000Z,1
2019-12-07T12:14:47.000Z,1
2019-12-07T12:25:10.000Z,1
2019-12-07T12:29:10.000Z,1
2019-12-07T12:41:32.000Z,1
2019-12-07T12:51:12.000Z,1
2019-12-07T14:29:17.000Z,1
2019-12-07T14:36:16.000Z,1
2019-12-07T14:50:49.000Z,1
2019-12-07T15:14:47.000Z,1
2019-12-07T15:40:41.000Z,1
2019-12-07T17:43:33.000Z,1
2019-12-07T18:20:51.000Z,1
2019-12-07T18:53:08.000Z,1
2019-12-07T19:30:59.000Z,1
2019-12-07T23:08:06.000Z,1
2019-12-08T00:02:46.000Z,1
2019-12-08T00:55:39.000Z,1
2019-12-08T09:51:20.000Z,1
2019-12-08T10:25:08.000Z,1
2019-12-08T10:56:18.000Z,1
2019-12-08T12:20:13.000Z,1
2019-12-08T12:52:33.000Z,1
2019-12-08T13:09:34.000Z,1
2019-12-08T13:52:54.000Z,1
2019-12-08T14:01:18.000Z,1
2019-12-08T15:27:00.000Z,1
2019-12-08T15:42:49.000Z,1
2019-12-08T16:13:25.000Z,1
2019-12-08T19:29:02.000Z,1
2019-12-08T19:34:12.000Z,1
2019-12-08T20:17:04.000Z,1
2019-12-08T20:17:16.000Z,1
2019-12-08T21:14:06.000Z,1
2019-12-08T22:11:10.000Z,1
2019-12-08T23:03:20.000Z,1
2019-12-09T06:39:43.000Z,1
2019-12-09T07:09:35.000Z,2
2019-12-09T07:30:43.000Z,1
2019-12-09T07:32:44.000Z,2
2019-12-09T07:54:47.000Z,1
2019-12-09T08:00:02.000Z,1
2019-12-09T08:00:39.000Z,1
2019-12-09T08:08:52.000Z,1
2019-12-09T08:09:06.000Z,1
2019-12-09T08:16:49.000Z,1
2019-12-09T08:20:02.000Z,1
2019-12-09T08:29:36.000Z,1
2019-12-09T08:41:04.000Z,1
2019-12-09T08:59:59.000Z,1
2019-12-09T13:12:43.000Z,1
2019-12-09T13:14:21.000Z,1
2019-12-09T13:24:40.000Z,1
2019-12-09T13:59:54.000Z,1
2019-12-09T15:05:57.000Z,2
2019-12-09T15:15:06.000Z,1
2019-12-09T15:31:38.000Z,1
2019-12-09T15:49:54.000Z,1
2019-12-09T16:09:43.000Z,1
2019-12-09T16:36:42.000Z,2
2019-12-09T16:37:56.000Z,2
2019-12-09T16:49:53.000Z,2
2019-12-09T17:14:31.000Z,1
2019-12-09T18:19:02.000Z,1
2019-12-09T18:26:54.000Z,1
2019-12-09T18:27:13.000Z,1
2019-12-09T18:58:18.000Z,1
2019-12-09T19:29:23.000Z,1
2019-12-09T21:43:29.000Z,1
2019-12-09T21:49:42.000Z,1
2019-12-10T05:37:00.000Z,1
2019-12-10T06:05:46.000Z,1
2019-12-10T06:14:18.000Z,1
2019-12-10T06:21:33.000Z,1
2019-12-10T06:49:35.000Z,1
2019-12-10T07:28:37.000Z,2
2019-12-10T08:14:45.000Z,1
2019-12-10T08:22:15.000Z,1
2019-12-10T08:23:05.000Z,1
2019-12-10T09:10:07.000Z,1
2019-12-10T10:48:21.000Z,1
2019-12-10T13:21:02.000Z,1
2019-12-10T16:03:53.000Z,1
2019-12-10T16:09:17.000Z,1
2019-12-10T16:13:26.000Z,1
2019-12-10T16:21:56.000Z,1
2019-12-10T17:24:24.000Z,1
2019-12-10T17:33:18.000Z,2
2019-12-10T19:35:52.000Z,1
2019-12-10T21:28:59.000Z,1
2019-12-11T06:49:46.000Z,1
2019-12-11T07:26:49.000Z,2
2019-12-11T07:46:11.000Z,1
2019-12-11T08:33:45.000Z,1
2019-12-11T08:36:16.000Z,1
2019-12-11T08:57:41.000Z,1
2019-12-11T09:14:23.000Z,1
2019-12-11T12:31:16.000Z,1
2019-12-02T07:12:31.000Z,1
2019-12-02T07:41:12.000Z,2
2019-12-02T07:45:31.000Z,1
2019-12-02T07:56:23.000Z,1
2019-12-02T08:08:29.000Z,1
2019-12-02T08:12:10.000Z,1
2019-12-02T08:20:31.000Z,1
2019-12-02T08:47:19.000Z,2
2019-12-02T08:56:13.000Z,1
2019-12-02T09:10:50.000Z,1
2019-12-02T10:05:25.000Z,1
2019-12-02T10:13:16.000Z,1
2019-12-02T10:53:12.000Z,1
2019-12-02T13:17:38.000Z,1
2019-12-02T14:20:33.000Z,1
2019-12-02T16:23:12.000Z,1
2019-12-02T17:00:44.000Z,1
2019-12-02T17:05:14.000Z,1
2019-12-02T17:17:53.000Z,1
2019-12-02T17:19:36.000Z,1
2019-12-02T17:22:59.000Z,1
2019-12-02T22:51:55.000Z,1
2019-12-03T05:41:53.000Z,1
2019-12-03T08:01:24.000Z,1
2019-12-03T14:07:50.000Z,1
2019-12-02T12:10:42.000Z,1
2019-12-02T13:13:28.000Z,1
2019-12-02T17:12:58.000Z,1
2019-12-02T18:19:00.000Z,1
2019-12-02T18:30:22.000Z,1
2019-12-02T18:45:37.000Z,1
2019-12-02T19:07:29.000Z,1
2019-12-02T23:21:15.000Z,1
2019-12-03T06:27:17.000Z,1
2019-12-03T07:15:04.000Z,1
2019-12-03T08:06:57.000Z,1
2019-12-03T08:40:15.000Z,1
2019-12-03T09:02:39.000Z,1
2019-12-03T09:08:07.000Z,1
2019-12-03T09:19:33.000Z,1
2019-12-03T09:19:51.000Z,1
2019-12-03T09:33:25.000Z,1
2019-12-03T09:47:10.000Z,1
2019-12-03T11:41:37.000Z,1
2019-12-03T12:05:59.000Z,1
2019-12-03T12:56:25.000Z,1
2019-12-03T13:23:34.000Z,1
2019-12-03T14:04:59.000Z,1
2019-12-03T15:26:10.000Z,1
2019-12-03T15:29:10.000Z,1
2019-12-03T15:37:23.000Z,1
2019-12-03T15:38:58.000Z,1
2019-12-03T16:01:12.000Z,1
2019-12-03T16:06:59.000Z,1
2019-12-03T16:37:37.000Z,2
2019-12-03T16:50:05.000Z,1
2019-12-03T16:56:04.000Z,1
2019-12-03T16:58:57.000Z,1
2019-12-03T17:03:36.000Z,1
2019-12-03T17:26:59.000Z,2
2019-12-03T17:37:16.000Z,1
2019-12-03T17:40:45.000Z,1
2019-12-03T18:13:27.000Z,1
2019-12-03T18:34:31.000Z,1
2019-12-03T18:56:05.000Z,1
2019-12-03T19:26:53.000Z,1
2019-12-03T19:38:00.000Z,2
2019-12-04T06:25:18.000Z,1
2019-12-04T06:25:16.000Z,1
2019-12-04T06:43:25.000Z,1
2019-12-04T07:17:51.000Z,2
2019-12-04T07:30:23.000Z,1
2019-12-04T07:51:59.000Z,1
2019-12-04T08:17:20.000Z,1
2019-12-04T08:19:15.000Z,1
2019-12-04T08:25:43.000Z,1
2019-12-04T08:27:42.000Z,1
2019-12-04T08:28:14.000Z,1
2019-12-04T08:46:08.000Z,1
2019-12-04T09:14:14.000Z,1
2019-12-04T09:33:09.000Z,1
2019-12-04T09:55:12.000Z,1
2019-12-04T12:15:34.000Z,1
2019-12-04T12:46:12.000Z,1
2019-12-04T13:41:03.000Z,1
2019-12-04T13:47:00.000Z,1
2019-12-04T14:10:39.000Z,1
2019-12-04T14:15:15.000Z,1
2019-12-04T17:10:44.000Z,1
2019-12-04T17:38:45.000Z,1
2019-12-04T18:31:24.000Z,1
2019-12-05T05:16:30.000Z,1
2019-12-05T06:23:15.000Z,1
2019-12-05T06:38:36.000Z,1
2019-12-05T06:39:56.000Z,1
2019-12-05T06:49:12.000Z,1
2019-12-05T07:02:06.000Z,1
2019-12-05T07:04:58.000Z,1
2019-12-05T07:13:41.000Z,1
2019-12-05T07:24:51.000Z,1
2019-12-05T07:29:02.000Z,1
2019-12-05T07:43:26.000Z,1
2019-12-05T07:49:17.000Z,1
2019-12-05T08:07:57.000Z,1
2019-12-05T09:55:06.000Z,1
2019-12-05T10:10:24.000Z,1
2019-12-05T11:39:20.000Z,1
2019-12-05T11:51:39.000Z,1
2019-12-05T13:33:45.000Z,1
2019-12-05T14:09:54.000Z,1
2019-12-05T14:57:36.000Z,1
2019-12-05T15:01:13.000Z,1
2019-12-05T16:15:08.000Z,1
2019-12-05T16:21:48.000Z,1
2019-12-05T17:01:24.000Z,2
2019-12-05T17:04:44.000Z,2
2019-12-05T17:08:48.000Z,1
2019-12-05T17:18:11.000Z,1
2019-12-05T17:35:05.000Z,1
2019-12-05T17:56:47.000Z,1
2019-12-05T18:08:21.000Z,1
2019-12-05T18:49:12.000Z,1
2019-12-05T18:57:07.000Z,1
2019-12-05T19:16:07.000Z,1
2019-12-05T19:42:11.000Z,1
2019-12-05T21:06:36.000Z,1
2019-12-05T21:56:38.000Z,1
2019-12-05T23:37:49.000Z,1
2019-12-06T05:40:41.000Z,1
2019-12-06T05:52:20.000Z,1
2019-12-06T06:10:53.000Z,1
2019-12-06T07:12:57.000Z,1
2019-12-06T07:30:51.000Z,1
2019-12-06T08:08:45.000Z,1
2019-12-06T08:15:08.000Z,1
2019-12-06T08:32:12.000Z,1
2019-12-06T08:33:02.000Z,1
2019-12-06T08:51:19.000Z,1
2019-12-06T13:19:20.000Z,1
2019-12-06T15:37:23.000Z,1
2019-12-06T16:22:25.000Z,1
2019-12-06T16:31:36.000Z,1
2019-12-06T16:59:39.000Z,1
2019-12-06T17:07:01.000Z,2
2019-12-06T17:23:40.000Z,1
2019-12-06T17:53:23.000Z,1
2019-12-06T18:34:44.000Z,1
2019-12-06T18:50:29.000Z,1
2019-12-06T18:51:42.000Z,1
2019-12-06T19:14:13.000Z,1
2019-12-06T20:46:38.000Z,1
2019-12-06T20:50:40.000Z,1
2019-12-06T21:55:58.000Z,1
2019-12-06T22:10:54.000Z,1
2019-12-07T08:54:02.000Z,1
2019-12-07T09:19:48.000Z,1
2019-12-07T09:23:24.000Z,1
2019-12-07T09:45:02.000Z,1
2019-12-07T10:57:42.000Z,1
2019-12-07T12:06:07.000Z,1
2019-12-07T12:10:37.000Z,1
2019-12-07T13:05:32.000Z,1
2019-12-07T14:20:51.000Z,1
2019-12-07T14:36:25.000Z,1
2019-12-07T16:39:54.000Z,1
2019-12-07T16:40:36.000Z,1
2019-12-07T17:14:55.000Z,1
2019-12-07T17:23:51.000Z,1
2019-12-07T18:10:43.000Z,1
2019-12-07T18:52:09.000Z,1
2019-12-07T19:47:06.000Z,1
2019-12-07T20:37:54.000Z,1
2019-12-07T22:30:14.000Z,1
2019-12-07T23:21:51.000Z,1
2019-12-07T23:54:42.000Z,1
2019-12-08T07:08:13.000Z,1
2019-12-08T11:41:35.000Z,1
2019-12-08T12:16:33.000Z,1
2019-12-08T12:51:45.000Z,1
2019-12-08T15:34:45.000Z,1
2019-12-08T15:37:32.000Z,1
2019-12-08T20:27:36.000Z,1
2019-12-09T06:33:58.000Z,1
2019-12-09T07:06:10.000Z,1
2019-12-09T07:27:00.000Z,1
2019-12-09T07:33:17.000Z,2
2019-12-09T07:33:10.000Z,1
2019-12-09T07:51:23.000Z,1
2019-12-09T07:56:27.000Z,1
2019-12-09T08:09:42.000Z,1
2019-12-09T08:29:29.000Z,1
2019-12-09T08:35:10.000Z,1
2019-12-09T08:48:56.000Z,1
2019-12-09T09:41:04.000Z,1
2019-12-09T09:59:56.000Z,1
2019-12-09T13:47:33.000Z,1
2019-12-09T13:51:03.000Z,1
2019-12-09T15:00:23.000Z,1
2019-12-09T15:04:29.000Z,2
2019-12-09T15:34:18.000Z,1
2019-12-09T15:40:06.000Z,1
2019-12-09T16:08:56.000Z,1
2019-12-09T16:11:08.000Z,1
2019-12-09T16:56:08.000Z,1
2019-12-09T17:15:20.000Z,1
2019-12-09T17:35:54.000Z,2
2019-12-09T17:48:26.000Z,1
2019-12-09T17:52:33.000Z,1
2019-12-09T17:56:59.000Z,1
2019-12-09T18:06:08.000Z,1
2019-12-09T18:07:07.000Z,1
2019-12-09T18:16:25.000Z,1
2019-12-09T18:45:38.000Z,1
2019-12-09T19:02:50.000Z,2
2019-12-09T19:34:16.000Z,1
2019-12-09T19:38:15.000Z,1
2019-12-09T20:29:09.000Z,1
2019-12-09T22:55:47.000Z,1
2019-12-10T05:51:39.000Z,1
2019-12-10T06:05:29.000Z,1
2019-12-10T07:27:25.000Z,1
2019-12-10T07:33:02.000Z,1
2019-12-10T07:43:57.000Z,1
2019-12-10T07:47:30.000Z,1
2019-12-10T08:41:24.000Z,1
2019-12-10T11:05:04.000Z,1
2019-12-10T12:58:18.000Z,2
2019-12-10T14:08:45.000Z,1
2019-12-10T15:24:51.000Z,1
2019-12-10T16:12:28.000Z,1
2019-12-10T16:40:05.000Z,1
2019-12-10T16:50:02.000Z,1
2019-12-10T17:15:14.000Z,1
2019-12-10T17:25:36.000Z,2
2019-12-10T17:30:22.000Z,1
2019-12-10T18:34:17.000Z,1
2019-12-11T01:32:37.000Z,1
2019-12-11T06:30:14.000Z,1
2019-12-11T07:00:26.000Z,1
2019-12-11T07:24:42.000Z,1
2019-12-11T08:11:18.000Z,1
2019-12-11T08:13:25.000Z,1
2019-12-11T08:50:56.000Z,1
2019-12-11T08:55:46.000Z,1
2019-12-11T11:36:04.000Z,1
2019-12-11T11:46:03.000Z,2
2019-12-11T12:05:50.000Z,1
2019-12-02T06:32:53.000Z,1
2019-12-02T07:32:02.000Z,1
2019-12-02T07:33:33.000Z,1
2019-12-02T08:16:41.000Z,1
2019-12-02T08:21:15.000Z,1
2019-12-02T08:23:37.000Z,1
2019-12-02T08:25:41.000Z,1
2019-12-02T08:38:33.000Z,1
2019-12-02T08:53:14.000Z,1
2019-12-02T09:12:03.000Z,1
2019-12-02T09:22:29.000Z,1
2019-12-02T10:22:19.000Z,1
2019-12-02T11:06:31.000Z,1
2019-12-02T11:39:56.000Z,1
2019-12-02T12:14:59.000Z,1
2019-12-02T12:24:28.000Z,1
2019-12-02T12:55:45.000Z,1
2019-12-02T13:16:12.000Z,1
2019-12-02T16:55:32.000Z,2
2019-12-02T17:41:27.000Z,1
2019-12-02T18:20:56.000Z,1
2019-12-02T19:12:56.000Z,1
2019-12-02T22:03:14.000Z,1
2019-12-03T08:47:22.000Z,1
2019-12-02T09:09:13.000Z,1
2019-12-02T13:38:17.000Z,1
2019-12-02T14:47:43.000Z,1
2019-12-02T15:26:44.000Z,1
2019-12-02T16:18:44.000Z,1
2019-12-02T17:26:39.000Z,1
2019-12-02T17:30:43.000Z,1
2019-12-02T17:35:48.000Z,1
2019-12-02T17:56:30.000Z,1
2019-12-02T18:17:00.000Z,2
2019-12-02T18:32:56.000Z,1
2019-12-02T20:07:58.000Z,1
2019-12-02T20:51:45.000Z,1
2019-12-03T03:55:54.000Z,1
2019-12-03T06:33:26.000Z,1
2019-12-03T06:39:47.000Z,1
2019-12-03T07:19:18.000Z,1
2019-12-03T08:19:57.000Z,1
2019-12-03T08:24:25.000Z,1
2019-12-03T08:30:26.000Z,1
2019-12-03T08:35:14.000Z,1
2019-12-03T08:37:58.000Z,1
2019-12-03T08:53:47.000Z,2
2019-12-03T09:52:43.000Z,1
2019-12-03T12:47:57.000Z,1
2019-12-03T13:08:05.000Z,1
2019-12-03T13:37:37.000Z,1
2019-12-03T13:53:31.000Z,3
2019-12-03T14:20:42.000Z,1
2019-12-03T16:31:00.000Z,1
2019-12-03T16:39:16.000Z,1
2019-12-03T16:44:25.000Z,1
2019-12-03T16:55:50.000Z,1
2019-12-03T17:02:08.000Z,1
2019-12-03T17:20:46.000Z,1
2019-12-03T17:32:41.000Z,1
2019-12-03T17:33:57.000Z,2
2019-12-03T17:50:21.000Z,1
2019-12-03T17:51:01.000Z,1
2019-12-03T18:06:01.000Z,1
2019-12-03T19:28:40.000Z,1
2019-12-03T19:50:35.000Z,1
2019-12-03T21:06:26.000Z,1
2019-12-04T07:19:33.000Z,1
2019-12-04T07:23:21.000Z,2
2019-12-04T07:44:36.000Z,1
2019-12-04T07:48:33.000Z,2
2019-12-04T07:54:52.000Z,2
2019-12-04T07:55:16.000Z,1
2019-12-04T07:57:39.000Z,1
2019-12-04T08:11:02.000Z,1
2019-12-04T08:13:59.000Z,2
2019-12-04T08:21:03.000Z,1
2019-12-04T08:27:08.000Z,1
2019-12-04T08:28:48.000Z,1
2019-12-04T08:43:55.000Z,1
2019-12-04T08:45:25.000Z,1
2019-12-04T08:54:56.000Z,1
2019-12-04T08:55:27.000Z,1
2019-12-04T08:56:16.000Z,1
2019-12-04T09:03:56.000Z,1
2019-12-04T09:11:12.000Z,1
2019-12-04T10:57:07.000Z,1
2019-12-04T11:15:42.000Z,1
2019-12-04T11:33:27.000Z,1
2019-12-04T11:57:30.000Z,1
2019-12-04T12:03:36.000Z,1
2019-12-04T13:05:55.000Z,1
2019-12-04T16:10:21.000Z,1
2019-12-04T16:37:53.000Z,1
2019-12-04T16:48:49.000Z,1
2019-12-04T16:53:27.000Z,2
2019-12-04T16:58:19.000Z,1
2019-12-04T17:07:46.000Z,1
2019-12-04T17:01:02.000Z,1
2019-12-04T17:15:06.000Z,1
2019-12-04T17:27:20.000Z,1
2019-12-04T17:34:22.000Z,1
2019-12-04T17:41:17.000Z,1
2019-12-04T17:50:22.000Z,2
2019-12-04T18:01:08.000Z,1
2019-12-04T18:10:47.000Z,1
2019-12-04T18:28:40.000Z,1
2019-12-04T18:30:41.000Z,1
2019-12-04T18:45:01.000Z,1
2019-12-04T18:45:44.000Z,1
2019-12-04T18:50:36.000Z,1
2019-12-04T18:50:44.000Z,1
2019-12-04T19:22:48.000Z,1
2019-12-04T19:27:00.000Z,1
2019-12-04T20:02:12.000Z,1
2019-12-04T21:25:50.000Z,1
2019-12-04T22:42:52.000Z,1
2019-12-04T22:53:19.000Z,1
2019-12-05T00:04:49.000Z,1
2019-12-05T06:53:19.000Z,1
2019-12-05T07:23:03.000Z,1
2019-12-05T07:35:44.000Z,1
2019-12-05T07:43:23.000Z,1
2019-12-05T08:17:10.000Z,1
2019-12-05T08:25:40.000Z,1
2019-12-05T08:27:35.000Z,1
2019-12-05T08:33:45.000Z,2
2019-12-05T08:45:54.000Z,2
2019-12-05T09:00:08.000Z,1
2019-12-05T09:07:34.000Z,1
2019-12-05T09:22:31.000Z,1
2019-12-05T09:38:12.000Z,1
2019-12-05T09:50:13.000Z,1
2019-12-05T10:03:15.000Z,1
2019-12-05T11:30:54.000Z,1
2019-12-05T12:35:05.000Z,1
2019-12-05T12:53:34.000Z,2
2019-12-05T12:55:42.000Z,1
2019-12-05T13:26:50.000Z,1
2019-12-05T15:39:21.000Z,1
2019-12-05T16:04:58.000Z,1
2019-12-05T16:24:21.000Z,1
2019-12-05T16:29:32.000Z,1
2019-12-05T16:31:18.000Z,1
2019-12-05T16:36:39.000Z,2
2019-12-05T16:42:02.000Z,1
2019-12-05T16:51:22.000Z,2
2019-12-05T16:52:50.000Z,1
2019-12-05T16:54:59.000Z,1
2019-12-05T16:59:44.000Z,1
2019-12-05T16:59:48.000Z,1
2019-12-05T17:02:28.000Z,2
2019-12-05T17:02:55.000Z,1
2019-12-05T17:27:32.000Z,1
2019-12-05T17:45:47.000Z,1
2019-12-05T18:17:12.000Z,1
2019-12-05T18:17:28.000Z,1
2019-12-05T18:21:20.000Z,1
2019-12-05T18:31:57.000Z,1
2019-12-05T18:36:03.000Z,2
2019-12-05T18:43:45.000Z,1
2019-12-05T18:57:27.000Z,1
2019-12-05T19:46:33.000Z,1
2019-12-05T19:48:18.000Z,2
2019-12-05T21:44:12.000Z,1
2019-12-05T22:54:58.000Z,1
2019-12-06T00:09:54.000Z,1
2019-12-06T05:56:02.000Z,1
2019-12-06T06:20:59.000Z,1
2019-12-06T07:06:19.000Z,1
2019-12-06T07:37:43.000Z,1
2019-12-06T08:36:28.000Z,1
2019-12-06T09:04:04.000Z,1
2019-12-06T10:39:07.000Z,1
2019-12-06T11:35:47.000Z,1
2019-12-06T11:35:53.000Z,1
2019-12-06T11:49:59.000Z,1
2019-12-06T12:25:59.000Z,1
2019-12-06T12:26:04.000Z,1
2019-12-06T12:36:51.000Z,1
2019-12-06T13:28:42.000Z,1
2019-12-06T13:29:28.000Z,1
2019-12-06T13:30:11.000Z,1
2019-12-06T15:17:31.000Z,1
2019-12-06T15:24:12.000Z,1
2019-12-06T15:36:42.000Z,1
2019-12-06T16:20:21.000Z,2
2019-12-06T16:29:03.000Z,1
2019-12-06T16:34:52.000Z,1
2019-12-06T16:47:37.000Z,1
2019-12-06T16:58:01.000Z,1
2019-12-06T17:14:32.000Z,1
2019-12-06T17:24:21.000Z,1
2019-12-06T17:41:23.000Z,1
2019-12-06T17:50:16.000Z,1
2019-12-06T17:54:07.000Z,1
2019-12-06T18:12:30.000Z,1
2019-12-06T18:46:40.000Z,1
2019-12-06T18:49:13.000Z,1
2019-12-06T18:59:22.000Z,1
2019-12-06T19:07:28.000Z,1
2019-12-06T20:07:39.000Z,1
2019-12-06T20:21:43.000Z,1
2019-12-06T22:18:21.000Z,1
2019-12-06T23:18:47.000Z,1
2019-12-07T06:46:39.000Z,1
2019-12-07T08:14:21.000Z,1
2019-12-07T08:25:08.000Z,1
2019-12-07T08:32:37.000Z,1
2019-12-07T09:26:14.000Z,1
2019-12-07T09:58:36.000Z,1
2019-12-07T10:06:59.000Z,1
2019-12-07T10:38:25.000Z,1
2019-12-07T11:11:32.000Z,1
2019-12-07T11:42:50.000Z,1
2019-12-07T12:16:41.000Z,1
2019-12-07T12:54:04.000Z,1
2019-12-07T14:32:50.000Z,1
2019-12-07T14:40:15.000Z,1
2019-12-07T17:01:14.000Z,1
2019-12-07T18:45:29.000Z,1
2019-12-07T23:34:19.000Z,1
2019-12-07T23:55:29.000Z,1
2019-12-08T01:05:30.000Z,1
2019-12-08T09:06:50.000Z,1
2019-12-08T09:32:47.000Z,1
2019-12-08T10:18:54.000Z,1
2019-12-08T10:57:15.000Z,1
2019-12-08T11:58:19.000Z,1
2019-12-08T12:35:28.000Z,1
2019-12-08T13:48:41.000Z,1
2019-12-08T14:31:23.000Z,1
2019-12-08T15:10:55.000Z,1
2019-12-08T16:27:30.000Z,1
2019-12-08T16:42:12.000Z,1
2019-12-08T17:24:18.000Z,1
2019-12-08T17:57:44.000Z,1
2019-12-08T19:09:07.000Z,1
2019-12-08T19:42:41.000Z,1
2019-12-08T20:04:16.000Z,1
2019-12-08T20:08:52.000Z,1
2019-12-08T20:46:49.000Z,1
2019-12-08T22:53:07.000Z,1
2019-12-09T07:24:28.000Z,1
2019-12-09T07:56:04.000Z,1
2019-12-09T08:19:21.000Z,1
2019-12-09T08:20:13.000Z,1
2019-12-09T11:49:02.000Z,1
2019-12-09T14:38:54.000Z,1
2019-12-09T16:02:42.000Z,1
2019-12-09T16:21:36.000Z,1
2019-12-09T16:40:42.000Z,1
2019-12-09T16:57:04.000Z,1
2019-12-09T17:40:31.000Z,1
2019-12-09T17:49:09.000Z,1
2019-12-09T17:58:56.000Z,1
2019-12-09T18:25:18.000Z,1
2019-12-09T18:49:55.000Z,1
2019-12-09T18:56:31.000Z,1
2019-12-09T19:01:39.000Z,1
2019-12-09T19:40:55.000Z,1
2019-12-09T20:10:25.000Z,1
2019-12-10T04:10:37.000Z,1
2019-12-10T06:48:18.000Z,1
2019-12-10T07:14:43.000Z,1
2019-12-10T07:16:50.000Z,1
2019-12-10T08:12:53.000Z,1
2019-12-10T08:18:18.000Z,1
2019-12-10T08:22:12.000Z,1
2019-12-10T08:22:30.000Z,1
2019-12-10T08:23:14.000Z,1
2019-12-10T08:33:53.000Z,2
2019-12-10T08:37:25.000Z,1
2019-12-10T08:43:59.000Z,1
2019-12-10T08:53:07.000Z,1
2019-12-10T08:54:36.000Z,1
2019-12-10T09:21:22.000Z,1
2019-12-10T10:40:31.000Z,1
2019-12-10T13:24:13.000Z,1
2019-12-10T14:34:14.000Z,1
2019-12-10T14:58:46.000Z,1
2019-12-10T15:28:55.000Z,1
2019-12-10T16:03:00.000Z,1
2019-12-10T17:10:12.000Z,1
2019-12-10T17:16:27.000Z,1
2019-12-10T17:52:06.000Z,1
2019-12-10T18:46:58.000Z,1
2019-12-10T18:47:12.000Z,1
2019-12-10T20:10:00.000Z,1
2019-12-10T20:53:34.000Z,1
2019-12-10T22:41:23.000Z,1
2019-12-11T07:23:06.000Z,1
2019-12-11T07:50:38.000Z,1
2019-12-11T08:24:23.000Z,1
2019-12-11T08:29:06.000Z,1
2019-12-11T08:42:02.000Z,1
2019-12-11T09:05:23.000Z,1
2019-12-11T09:06:36.000Z,1
2019-12-11T09:09:09.000Z,1
2019-12-11T09:21:56.000Z,1
2019-12-02T06:37:24.000Z,1
2019-12-02T06:53:02.000Z,3
2019-12-02T07:09:57.000Z,1
2019-12-02T07:15:12.000Z,1
2019-12-02T07:39:48.000Z,1
2019-12-02T08:02:04.000Z,1
2019-12-02T08:08:37.000Z,1
2019-12-02T08:24:55.000Z,2
2019-12-02T08:58:29.000Z,1
2019-12-02T09:15:54.000Z,1
2019-12-02T09:33:23.000Z,1
2019-12-02T11:02:30.000Z,1
2019-12-02T12:28:35.000Z,1
2019-12-02T16:37:32.000Z,1
2019-12-02T17:50:37.000Z,1
2019-12-02T18:09:51.000Z,1
2019-12-02T18:10:24.000Z,1
2019-12-03T07:44:16.000Z,1
2019-12-02T12:48:56.000Z,1
2019-12-02T13:30:08.000Z,1
2019-12-02T13:53:27.000Z,1
2019-12-02T16:16:29.000Z,1
2019-12-02T16:16:56.000Z,1
2019-12-02T17:49:03.000Z,1
2019-12-02T18:14:13.000Z,1
2019-12-02T18:27:40.000Z,1
2019-12-02T22:02:59.000Z,1
2019-12-03T05:24:50.000Z,1
2019-12-03T06:51:42.000Z,1
2019-12-03T07:04:19.000Z,1
2019-12-03T07:57:07.000Z,2
2019-12-03T08:08:13.000Z,1
2019-12-03T08:15:43.000Z,1
2019-12-03T08:16:25.000Z,2
2019-12-03T08:18:26.000Z,1
2019-12-03T08:52:17.000Z,2
2019-12-03T08:58:45.000Z,1
2019-12-03T09:12:51.000Z,1
2019-12-03T09:42:06.000Z,1
2019-12-03T11:35:55.000Z,1
2019-12-03T12:36:03.000Z,1
2019-12-03T12:55:47.000Z,1
2019-12-03T13:37:50.000Z,1
2019-12-03T15:30:07.000Z,1
2019-12-03T15:57:12.000Z,1
2019-12-03T16:07:00.000Z,1
2019-12-03T16:07:04.000Z,2
2019-12-03T16:10:12.000Z,1
2019-12-03T16:14:38.000Z,1
2019-12-03T16:39:19.000Z,1
2019-12-03T16:40:42.000Z,1
2019-12-03T16:49:00.000Z,1
2019-12-03T17:00:38.000Z,2
2019-12-03T17:12:44.000Z,1
2019-12-03T17:30:26.000Z,1
2019-12-03T17:38:59.000Z,2
2019-12-03T17:44:28.000Z,1
2019-12-03T17:46:28.000Z,1
2019-12-03T19:04:51.000Z,1
2019-12-03T19:07:45.000Z,2
2019-12-03T19:09:04.000Z,1
2019-12-03T19:24:52.000Z,1
2019-12-03T19:35:33.000Z,1
2019-12-03T19:59:30.000Z,1
2019-12-03T20:25:35.000Z,1
2019-12-03T20:55:42.000Z,1
2019-12-03T22:26:48.000Z,1
2019-12-04T06:36:35.000Z,1
2019-12-04T06:52:41.000Z,1
2019-12-04T07:18:57.000Z,1
2019-12-04T07:45:34.000Z,1
2019-12-04T08:12:34.000Z,1
2019-12-04T08:23:49.000Z,1
2019-12-04T08:42:29.000Z,1
2019-12-04T10:01:14.000Z,1
2019-12-04T10:31:13.000Z,1
2019-12-04T12:30:48.000Z,1
2019-12-04T12:48:38.000Z,1
2019-12-04T13:00:40.000Z,1
2019-12-04T13:13:38.000Z,1
2019-12-04T13:38:58.000Z,1
2019-12-04T14:19:03.000Z,1
2019-12-04T14:27:04.000Z,1
2019-12-04T16:57:37.000Z,1
2019-12-04T17:00:24.000Z,1
2019-12-04T17:10:33.000Z,1
2019-12-04T17:20:07.000Z,1
2019-12-04T17:43:26.000Z,1
2019-12-04T18:25:56.000Z,2
2019-12-04T18:27:43.000Z,1
2019-12-04T18:38:04.000Z,1
2019-12-04T19:19:59.000Z,1
2019-12-04T20:01:51.000Z,1
2019-12-04T20:09:01.000Z,1
2019-12-04T20:38:21.000Z,1
2019-12-04T23:16:28.000Z,1
2019-12-05T04:29:19.000Z,1
2019-12-05T06:47:22.000Z,1
2019-12-05T07:19:03.000Z,1
2019-12-05T07:45:26.000Z,1
2019-12-05T07:46:30.000Z,1
2019-12-05T08:20:35.000Z,2
2019-12-05T08:27:07.000Z,1
2019-12-05T08:39:23.000Z,1
2019-12-05T08:42:22.000Z,1
2019-12-05T08:48:57.000Z,1
2019-12-05T08:51:18.000Z,1
2019-12-05T09:09:31.000Z,1
2019-12-05T11:19:02.000Z,1
2019-12-05T11:52:18.000Z,1
2019-12-05T12:05:06.000Z,1
2019-12-05T13:10:28.000Z,1
2019-12-05T13:56:43.000Z,1
2019-12-05T14:33:26.000Z,1
2019-12-05T15:01:47.000Z,1
2019-12-05T16:39:03.000Z,1
2019-12-05T16:50:33.000Z,3
2019-12-05T17:04:48.000Z,1
2019-12-05T17:11:19.000Z,1
2019-12-05T17:14:12.000Z,1
2019-12-05T17:41:25.000Z,1
2019-12-05T17:58:04.000Z,2
2019-12-05T22:10:21.000Z,1
2019-12-05T22:38:15.000Z,1
2019-12-05T22:44:46.000Z,1
2019-12-05T22:51:03.000Z,1
2019-12-06T01:10:53.000Z,1
2019-12-06T01:32:44.000Z,1
2019-12-06T05:47:01.000Z,1
2019-12-06T05:57:56.000Z,1
2019-12-06T06:08:51.000Z,1
2019-12-06T06:48:01.000Z,1
2019-12-06T07:14:02.000Z,1
2019-12-06T07:25:41.000Z,1
2019-12-06T07:39:54.000Z,1
2019-12-06T07:46:35.000Z,1
2019-12-06T07:47:57.000Z,1
2019-12-06T07:53:19.000Z,1
2019-12-06T08:16:42.000Z,1
2019-12-06T08:36:52.000Z,1
2019-12-06T08:38:00.000Z,1
2019-12-06T09:08:12.000Z,1
2019-12-06T09:09:42.000Z,1
2019-12-06T10:24:12.000Z,1
2019-12-06T11:33:10.000Z,1
2019-12-06T11:58:09.000Z,2
2019-12-06T12:00:49.000Z,1
2019-12-06T12:40:10.000Z,1
2019-12-06T12:53:37.000Z,1
2019-12-06T13:38:05.000Z,1
2019-12-06T14:12:44.000Z,1
2019-12-06T14:14:42.000Z,1
2019-12-06T15:09:23.000Z,1
2019-12-06T15:47:05.000Z,1
2019-12-06T16:11:24.000Z,1
2019-12-06T16:15:31.000Z,1
2019-12-06T16:24:48.000Z,2
2019-12-06T16:52:30.000Z,2
2019-12-06T17:24:17.000Z,1
2019-12-06T17:28:02.000Z,1
2019-12-06T17:37:09.000Z,1
2019-12-06T17:53:58.000Z,1
2019-12-06T18:15:53.000Z,1
2019-12-06T18:56:37.000Z,1
2019-12-06T19:03:58.000Z,1
2019-12-06T21:40:29.000Z,1
2019-12-07T00:03:32.000Z,1
2019-12-07T00:05:05.000Z,1
2019-12-07T07:23:38.000Z,1
2019-12-07T07:28:21.000Z,1
2019-12-07T08:08:37.000Z,1
2019-12-07T08:08:43.000Z,1
2019-12-07T08:28:50.000Z,1
2019-12-07T10:10:21.000Z,1
2019-12-07T10:30:24.000Z,1
2019-12-07T11:15:50.000Z,1
2019-12-07T12:05:40.000Z,1
2019-12-07T12:26:19.000Z,1
2019-12-07T13:15:49.000Z,1
2019-12-07T13:53:36.000Z,1
2019-12-07T14:28:31.000Z,1
2019-12-07T14:48:58.000Z,1
2019-12-07T15:14:41.000Z,1
2019-12-07T16:01:58.000Z,1
2019-12-07T16:55:10.000Z,1
2019-12-07T18:10:36.000Z,1
2019-12-07T19:21:05.000Z,1
2019-12-07T19:38:58.000Z,1
2019-12-07T20:33:37.000Z,1
2019-12-07T20:37:47.000Z,1
2019-12-07T20:59:49.000Z,1
2019-12-07T22:17:20.000Z,1
2019-12-08T00:27:54.000Z,1
2019-12-08T02:19:58.000Z,1
2019-12-08T08:00:20.000Z,1
2019-12-08T08:54:09.000Z,1
2019-12-08T09:19:07.000Z,1
2019-12-08T09:38:56.000Z,1
2019-12-08T10:02:48.000Z,1
2019-12-08T10:06:53.000Z,1
2019-12-08T10:30:07.000Z,1
2019-12-08T10:31:22.000Z,1
2019-12-08T11:26:44.000Z,1
2019-12-08T11:37:00.000Z,1
2019-12-08T12:04:38.000Z,1
2019-12-08T14:47:35.000Z,1
2019-12-08T16:48:00.000Z,1
2019-12-08T17:16:46.000Z,1
2019-12-08T17:27:21.000Z,1
2019-12-08T18:15:03.000Z,1
2019-12-08T19:18:13.000Z,1
2019-12-08T19:34:27.000Z,1
2019-12-08T20:13:51.000Z,1
2019-12-09T05:43:27.000Z,1
2019-12-09T06:25:22.000Z,1
2019-12-09T06:32:28.000Z,1
2019-12-09T07:28:29.000Z,1
2019-12-09T07:52:36.000Z,1
2019-12-09T08:04:10.000Z,1
2019-12-09T08:12:53.000Z,1
2019-12-09T08:20:56.000Z,1
2019-12-09T08:21:36.000Z,1
2019-12-09T08:23:21.000Z,1
2019-12-09T08:43:23.000Z,1
2019-12-09T08:50:05.000Z,1
2019-12-09T10:01:59.000Z,1
2019-12-09T10:13:49.000Z,1
2019-12-09T10:39:27.000Z,1
2019-12-09T11:24:59.000Z,1
2019-12-09T11:28:45.000Z,1
2019-12-09T11:29:09.000Z,1
2019-12-09T12:10:26.000Z,1
2019-12-09T12:45:19.000Z,2
2019-12-09T13:16:11.000Z,1
2019-12-09T13:50:12.000Z,1
2019-12-09T14:42:14.000Z,1
2019-12-09T15:20:18.000Z,1
2019-12-09T15:54:54.000Z,1
2019-12-09T15:57:12.000Z,1
2019-12-09T16:11:44.000Z,1
2019-12-09T16:14:50.000Z,1
2019-12-09T16:27:34.000Z,2
2019-12-09T16:28:01.000Z,1
2019-12-09T16:33:51.000Z,1
2019-12-09T16:55:30.000Z,1
2019-12-09T17:13:53.000Z,1
2019-12-09T17:15:27.000Z,1
2019-12-09T17:20:09.000Z,2
2019-12-09T17:29:21.000Z,1
2019-12-09T17:40:32.000Z,2
2019-12-09T17:49:15.000Z,1
2019-12-09T18:03:26.000Z,1
2019-12-09T18:41:25.000Z,1
2019-12-09T21:32:12.000Z,1
2019-12-09T22:01:44.000Z,1
2019-12-09T22:33:05.000Z,1
2019-12-10T05:52:39.000Z,1
2019-12-10T06:21:27.000Z,1
2019-12-10T07:11:54.000Z,1
2019-12-10T07:12:13.000Z,1
2019-12-10T07:53:22.000Z,4
2019-12-10T08:02:11.000Z,1
2019-12-10T08:45:23.000Z,1
2019-12-10T08:55:07.000Z,1
2019-12-10T09:09:42.000Z,1
2019-12-10T09:21:42.000Z,1
2019-12-10T09:22:18.000Z,1
2019-12-10T09:23:10.000Z,1
2019-12-10T14:34:58.000Z,1
2019-12-10T15:31:31.000Z,1
2019-12-10T15:33:40.000Z,1
2019-12-10T16:43:39.000Z,1
2019-12-10T16:58:24.000Z,1
2019-12-10T17:52:04.000Z,1
2019-12-10T19:38:28.000Z,1
2019-12-10T19:44:02.000Z,1
2019-12-10T19:44:43.000Z,1
2019-12-10T20:07:13.000Z,1
2019-12-10T20:31:12.000Z,1
2019-12-10T20:36:23.000Z,1
2019-12-10T21:12:56.000Z,1
2019-12-11T06:46:18.000Z,1
2019-12-11T07:38:40.000Z,1
2019-12-11T08:58:31.000Z,1
2019-12-11T11:22:12.000Z,1
2019-12-02T07:20:45.000Z,1
2019-12-02T08:24:08.000Z,1
2019-12-02T08:26:57.000Z,1
2019-12-02T08:47:05.000Z,1
2019-12-02T09:30:25.000Z,2
2019-12-02T09:53:56.000Z,1
2019-12-02T12:44:33.000Z,1
2019-12-02T13:30:06.000Z,1
2019-12-02T13:46:31.000Z,1
2019-12-02T14:29:46.000Z,1
2019-12-02T15:21:20.000Z,1
2019-12-02T16:17:29.000Z,1
2019-12-02T16:51:08.000Z,1
2019-12-02T17:15:27.000Z,1
2019-12-03T07:43:12.000Z,1
2019-12-02T10:11:14.000Z,1
2019-12-02T11:13:36.000Z,1
2019-12-02T13:09:12.000Z,1
2019-12-02T14:06:29.000Z,1
2019-12-02T16:03:15.000Z,1
2019-12-02T16:54:45.000Z,1
2019-12-02T17:25:39.000Z,1
2019-12-02T17:40:36.000Z,1
2019-12-02T17:52:45.000Z,1
2019-12-02T19:08:07.000Z,1
2019-12-02T20:55:38.000Z,1
2019-12-03T05:39:38.000Z,1
2019-12-03T06:14:10.000Z,1
2019-12-03T06:51:30.000Z,1
2019-12-03T07:31:34.000Z,1
2019-12-03T07:38:52.000Z,1
2019-12-03T07:43:21.000Z,1
2019-12-03T07:50:47.000Z,1
2019-12-03T08:04:55.000Z,1
2019-12-03T09:38:28.000Z,1
2019-12-03T10:08:34.000Z,1
2019-12-03T10:10:33.000Z,1
2019-12-03T11:58:11.000Z,1
2019-12-03T13:30:24.000Z,1
2019-12-03T14:11:31.000Z,1
2019-12-03T14:50:58.000Z,1
2019-12-03T15:06:35.000Z,1
2019-12-03T15:35:53.000Z,1
2019-12-03T15:48:48.000Z,1
2019-12-03T15:50:56.000Z,1
2019-12-03T16:35:11.000Z,1
2019-12-03T16:38:31.000Z,1
2019-12-03T16:43:28.000Z,1
2019-12-03T16:45:52.000Z,1
2019-12-03T16:49:25.000Z,1
2019-12-03T17:55:11.000Z,1
2019-12-03T17:59:38.000Z,1
2019-12-03T18:18:10.000Z,1
2019-12-03T18:19:53.000Z,1
2019-12-03T18:41:06.000Z,1
2019-12-03T20:17:31.000Z,1
2019-12-03T21:42:05.000Z,1
2019-12-03T23:23:23.000Z,1
2019-12-04T05:09:52.000Z,1
2019-12-04T05:45:55.000Z,1
2019-12-04T06:28:09.000Z,1
2019-12-04T06:41:32.000Z,1
2019-12-04T07:16:17.000Z,1
2019-12-04T07:36:26.000Z,1
2019-12-04T07:47:47.000Z,1
2019-12-04T07:49:19.000Z,1
2019-12-04T07:55:47.000Z,1
2019-12-04T08:29:07.000Z,1
2019-12-04T08:35:02.000Z,1
2019-12-04T09:35:04.000Z,1
2019-12-04T09:58:21.000Z,1
2019-12-04T12:23:20.000Z,1
2019-12-04T14:02:13.000Z,1
2019-12-04T14:10:50.000Z,2
2019-12-04T15:42:42.000Z,1
2019-12-04T15:47:28.000Z,1
2019-12-04T15:48:44.000Z,1
2019-12-04T15:49:36.000Z,1
2019-12-04T16:15:40.000Z,1
2019-12-04T16:36:01.000Z,1
2019-12-04T16:40:25.000Z,1
2019-12-04T16:47:04.000Z,1
2019-12-04T16:58:40.000Z,1
2019-12-04T16:58:51.000Z,1
2019-12-04T17:25:37.000Z,1
2019-12-04T17:34:12.000Z,1
2019-12-04T17:46:11.000Z,2
2019-12-04T18:06:00.000Z,1
2019-12-04T18:15:41.000Z,1
2019-12-04T18:20:55.000Z,1
2019-12-04T19:06:49.000Z,1
2019-12-04T19:18:54.000Z,1
2019-12-04T19:54:45.000Z,1
2019-12-04T20:55:47.000Z,1
2019-12-04T21:48:44.000Z,2
2019-12-04T22:49:03.000Z,1
2019-12-04T23:31:39.000Z,1
2019-12-05T00:52:00.000Z,1
2019-12-05T04:58:40.000Z,1
2019-12-05T06:48:45.000Z,1
2019-12-05T07:47:33.000Z,1
2019-12-05T07:47:41.000Z,1
2019-12-05T07:52:43.000Z,1
2019-12-05T08:02:09.000Z,1
2019-12-05T08:05:19.000Z,1
2019-12-05T08:14:07.000Z,1
2019-12-05T08:21:33.000Z,2
2019-12-05T08:22:52.000Z,1
2019-12-05T08:34:34.000Z,1
2019-12-05T08:41:37.000Z,1
2019-12-05T08:49:30.000Z,1
2019-12-05T08:49:26.000Z,1
2019-12-05T08:59:19.000Z,1
2019-12-05T14:14:07.000Z,1
2019-12-05T14:51:11.000Z,2
2019-12-05T14:52:20.000Z,1
2019-12-05T15:03:06.000Z,1
2019-12-05T16:11:07.000Z,1
2019-12-05T16:31:38.000Z,1
2019-12-05T16:52:01.000Z,1
2019-12-05T16:57:42.000Z,1
2019-12-05T17:04:30.000Z,1
2019-12-05T17:14:14.000Z,2
2019-12-05T17:19:38.000Z,1
2019-12-05T17:53:37.000Z,1
2019-12-05T18:07:45.000Z,1
2019-12-05T18:43:53.000Z,1
2019-12-05T18:59:53.000Z,1
2019-12-05T19:20:29.000Z,1
2019-12-05T19:51:59.000Z,1
2019-12-05T20:41:16.000Z,1
2019-12-05T21:23:53.000Z,1
2019-12-05T22:40:17.000Z,1
2019-12-05T22:58:27.000Z,1
2019-12-05T23:05:23.000Z,1
2019-12-06T00:32:51.000Z,1
2019-12-06T07:17:20.000Z,1
2019-12-06T07:30:34.000Z,1
2019-12-06T07:35:37.000Z,1
2019-12-06T08:23:24.000Z,1
2019-12-06T09:10:03.000Z,1
2019-12-06T09:59:17.000Z,1
2019-12-06T10:39:01.000Z,1
2019-12-06T11:50:34.000Z,1
2019-12-06T12:51:13.000Z,1
2019-12-06T13:24:23.000Z,1
2019-12-06T13:53:46.000Z,1
2019-12-06T15:36:19.000Z,1
2019-12-06T16:00:08.000Z,1
2019-12-06T16:13:43.000Z,1
2019-12-06T16:13:52.000Z,2
2019-12-06T16:24:32.000Z,1
2019-12-06T16:41:08.000Z,1
2019-12-06T16:56:09.000Z,1
2019-12-06T17:05:24.000Z,1
2019-12-06T17:38:24.000Z,1
2019-12-06T17:48:03.000Z,1
2019-12-06T18:00:44.000Z,1
2019-12-06T18:13:00.000Z,1
2019-12-06T18:27:37.000Z,1
2019-12-06T18:36:03.000Z,1
2019-12-06T18:58:14.000Z,1
2019-12-06T19:23:35.000Z,1
2019-12-06T19:53:04.000Z,1
2019-12-06T20:18:23.000Z,1
2019-12-06T22:39:14.000Z,1
2019-12-06T23:11:05.000Z,1
2019-12-07T00:12:45.000Z,1
2019-12-07T01:23:12.000Z,1
2019-12-07T06:46:12.000Z,1
2019-12-07T07:59:12.000Z,1
2019-12-07T09:06:20.000Z,1
2019-12-07T09:07:27.000Z,1
2019-12-07T09:22:27.000Z,1
2019-12-07T10:43:14.000Z,1
2019-12-07T11:28:40.000Z,1
2019-12-07T11:56:05.000Z,1
2019-12-07T12:10:28.000Z,1
2019-12-07T12:24:13.000Z,1
2019-12-07T13:55:19.000Z,1
2019-12-07T15:07:56.000Z,1
2019-12-07T15:39:02.000Z,1
2019-12-07T16:32:56.000Z,1
2019-12-07T17:50:45.000Z,1
2019-12-07T17:58:15.000Z,1
2019-12-07T18:24:35.000Z,2
2019-12-08T07:52:27.000Z,1
2019-12-08T09:21:21.000Z,1
2019-12-08T10:29:34.000Z,1
2019-12-08T12:27:44.000Z,1
2019-12-08T13:46:27.000Z,1
2019-12-08T13:58:15.000Z,1
2019-12-08T14:07:06.000Z,1
2019-12-08T14:53:45.000Z,1
2019-12-08T15:13:38.000Z,1
2019-12-08T15:16:42.000Z,1
2019-12-08T15:29:06.000Z,1
2019-12-08T15:50:05.000Z,1
2019-12-08T16:28:17.000Z,1
2019-12-08T16:47:07.000Z,1
2019-12-08T17:28:29.000Z,1
2019-12-08T17:32:00.000Z,1
2019-12-08T17:40:16.000Z,1
2019-12-08T17:52:26.000Z,1
2019-12-08T18:18:49.000Z,1
2019-12-08T19:21:24.000Z,1
2019-12-08T20:45:41.000Z,1
2019-12-09T07:25:41.000Z,1
2019-12-09T07:27:39.000Z,1
2019-12-09T07:48:12.000Z,1
2019-12-09T08:20:31.000Z,1
2019-12-09T08:24:26.000Z,1
2019-12-09T08:38:37.000Z,1
2019-12-09T10:12:33.000Z,1
2019-12-09T10:41:24.000Z,1
2019-12-09T12:01:54.000Z,1
2019-12-09T12:57:58.000Z,1
2019-12-09T14:19:04.000Z,1
2019-12-09T17:28:53.000Z,1
2019-12-09T18:29:51.000Z,1
2019-12-09T18:48:54.000Z,1
2019-12-09T19:06:33.000Z,1
2019-12-09T20:19:53.000Z,1
2019-12-09T20:32:37.000Z,1
2019-12-09T21:21:07.000Z,2
2019-12-10T00:57:38.000Z,1
2019-12-10T06:09:05.000Z,1
2019-12-10T06:16:36.000Z,1
2019-12-10T07:26:24.000Z,1
2019-12-10T07:41:08.000Z,2
2019-12-10T07:45:50.000Z,1
2019-12-10T07:48:02.000Z,2
2019-12-10T07:51:18.000Z,1
2019-12-10T07:55:13.000Z,1
2019-12-10T08:14:22.000Z,1
2019-12-10T10:51:56.000Z,1
2019-12-10T16:14:13.000Z,1
2019-12-10T16:36:02.000Z,1
2019-12-10T17:27:19.000Z,1
2019-12-10T17:47:35.000Z,1
2019-12-10T17:48:17.000Z,1
2019-12-10T18:07:51.000Z,1
2019-12-10T19:11:00.000Z,1
2019-12-10T19:34:29.000Z,1
2019-12-10T21:19:31.000Z,1
2019-12-10T21:38:21.000Z,1
2019-12-11T05:30:26.000Z,1
2019-12-11T06:23:36.000Z,1
2019-12-11T07:15:47.000Z,1
2019-12-11T08:12:12.000Z,1
2019-12-11T08:20:49.000Z,1
2019-12-11T08:28:28.000Z,1
2019-12-11T09:14:44.000Z,1
2019-12-11T11:39:56.000Z,1
2019-12-11T12:47:32.000Z,1
2019-12-02T07:16:35.000Z,1
2019-12-02T07:17:12.000Z,1
2019-12-02T07:19:41.000Z,1
2019-12-02T07:44:45.000Z,1
2019-12-02T07:56:38.000Z,1
2019-12-02T08:15:17.000Z,1
2019-12-02T08:25:37.000Z,1
2019-12-02T08:26:40.000Z,2
2019-12-02T08:58:08.000Z,1
2019-12-02T08:58:37.000Z,1
2019-12-02T09:10:22.000Z,1
2019-12-02T09:21:10.000Z,1
2019-12-02T09:23:17.000Z,1
2019-12-02T09:43:08.000Z,1
2019-12-02T10:58:21.000Z,1
2019-12-02T12:58:07.000Z,1
2019-12-02T13:54:52.000Z,1
2019-12-02T14:36:03.000Z,1
2019-12-02T15:39:23.000Z,1
2019-12-02T15:51:24.000Z,1
2019-12-02T17:01:03.000Z,1
2019-12-02T17:09:28.000Z,1
2019-12-02T17:10:00.000Z,1
2019-12-02T17:17:27.000Z,1
2019-12-02T17:46:47.000Z,1
2019-12-02T18:04:25.000Z,1
2019-12-02T18:46:17.000Z,2
2019-12-02T19:07:26.000Z,1
2019-12-03T07:18:00.000Z,1
2019-12-03T08:45:45.000Z,1
2019-12-02T09:34:38.000Z,1
2019-12-02T12:51:10.000Z,1
2019-12-02T15:07:32.000Z,1
2019-12-02T15:12:23.000Z,1
2019-12-02T16:44:46.000Z,1
2019-12-02T16:57:14.000Z,1
2019-12-02T17:28:37.000Z,1
2019-12-02T19:22:29.000Z,1
2019-12-02T19:34:12.000Z,1
2019-12-02T20:42:44.000Z,1
2019-12-02T21:07:45.000Z,1
2019-12-03T06:25:00.000Z,1
2019-12-03T06:33:59.000Z,1
2019-12-03T07:05:29.000Z,1
2019-12-03T07:16:10.000Z,1
2019-12-03T07:16:12.000Z,1
2019-12-03T07:35:11.000Z,1
2019-12-03T07:38:55.000Z,1
2019-12-03T07:49:01.000Z,1
2019-12-03T07:52:16.000Z,1
2019-12-03T07:58:59.000Z,1
2019-12-03T08:06:35.000Z,2
2019-12-03T08:08:21.000Z,1
2019-12-03T08:19:28.000Z,1
2019-12-03T09:33:39.000Z,1
2019-12-03T11:50:59.000Z,1
2019-12-03T13:39:20.000Z,1
2019-12-03T14:37:23.000Z,1
2019-12-03T15:19:34.000Z,1
2019-12-03T15:27:07.000Z,1
2019-12-03T16:01:53.000Z,1
2019-12-03T16:13:23.000Z,2
2019-12-03T16:21:21.000Z,1
2019-12-03T16:31:10.000Z,1
2019-12-03T16:35:55.000Z,1
2019-12-03T16:36:03.000Z,2
2019-12-03T16:36:41.000Z,1
2019-12-03T16:39:03.000Z,1
2019-12-03T16:42:33.000Z,1
2019-12-03T17:28:50.000Z,1
2019-12-03T17:30:31.000Z,1
2019-12-03T17:32:23.000Z,1
2019-12-03T17:47:04.000Z,2
2019-12-03T17:57:09.000Z,1
2019-12-03T18:13:18.000Z,1
2019-12-03T19:08:31.000Z,1
2019-12-03T19:35:20.000Z,2
2019-12-03T20:09:22.000Z,1
2019-12-03T20:18:29.000Z,1
2019-12-04T05:25:57.000Z,1
2019-12-04T05:30:55.000Z,1
2019-12-04T05:56:40.000Z,1
2019-12-04T07:52:51.000Z,2
2019-12-04T07:55:03.000Z,1
2019-12-04T07:55:40.000Z,1
2019-12-04T08:34:01.000Z,1
2019-12-04T08:45:43.000Z,1
2019-12-04T09:28:37.000Z,1
2019-12-04T09:43:48.000Z,1
2019-12-04T10:19:25.000Z,1
2019-12-04T10:25:07.000Z,1
2019-12-04T10:40:47.000Z,1
2019-12-04T10:48:31.000Z,1
2019-12-04T10:50:10.000Z,1
2019-12-04T11:11:17.000Z,1
2019-12-04T11:33:41.000Z,1
2019-12-04T11:45:52.000Z,1
2019-12-04T12:03:07.000Z,1
2019-12-04T12:12:27.000Z,1
2019-12-04T12:30:03.000Z,1
2019-12-04T12:57:34.000Z,1
2019-12-04T13:36:20.000Z,1
2019-12-04T14:06:35.000Z,1
2019-12-04T14:08:14.000Z,1
2019-12-04T15:42:46.000Z,1
2019-12-04T15:47:30.000Z,1
2019-12-04T16:10:59.000Z,2
2019-12-04T16:35:08.000Z,1
2019-12-04T16:35:39.000Z,1
2019-12-04T16:40:56.000Z,1
2019-12-04T16:46:13.000Z,1
2019-12-04T16:49:55.000Z,1
2019-12-04T16:55:19.000Z,1
2019-12-04T17:19:58.000Z,3
2019-12-04T17:45:20.000Z,1
2019-12-04T17:57:54.000Z,1
2019-12-04T18:59:05.000Z,1
2019-12-04T19:00:18.000Z,1
2019-12-04T19:12:39.000Z,1
2019-12-04T19:57:22.000Z,1
2019-12-04T21:26:06.000Z,1
2019-12-04T22:27:08.000Z,1
2019-12-04T22:58:48.000Z,1
2019-12-05T05:49:29.000Z,1
2019-12-05T06:38:03.000Z,1
2019-12-05T08:07:34.000Z,1
2019-12-05T08:09:15.000Z,1
2019-12-05T08:24:51.000Z,1
2019-12-05T08:38:06.000Z,1
2019-12-05T08:49:54.000Z,1
2019-12-05T09:57:30.000Z,1
2019-12-05T10:04:26.000Z,1
2019-12-05T11:21:26.000Z,1
2019-12-05T11:41:46.000Z,1
2019-12-05T11:42:03.000Z,1
2019-12-05T12:59:19.000Z,1
2019-12-05T13:34:50.000Z,1
2019-12-05T13:35:55.000Z,1
2019-12-05T13:48:56.000Z,1
2019-12-05T14:02:13.000Z,1
2019-12-05T15:51:04.000Z,3
2019-12-05T16:07:36.000Z,1
2019-12-05T16:17:16.000Z,2
2019-12-05T16:49:07.000Z,1
2019-12-05T17:13:26.000Z,1
2019-12-05T17:18:06.000Z,1
2019-12-05T17:37:50.000Z,1
2019-12-05T17:45:12.000Z,1
2019-12-05T18:02:37.000Z,1
2019-12-05T18:08:30.000Z,1
2019-12-05T18:25:20.000Z,1
2019-12-05T18:45:52.000Z,1
2019-12-05T18:59:13.000Z,1
2019-12-05T19:13:09.000Z,1
2019-12-05T19:38:06.000Z,1
2019-12-05T19:58:07.000Z,1
2019-12-05T20:12:34.000Z,1
2019-12-05T21:23:48.000Z,1
2019-12-05T22:56:49.000Z,1
2019-12-06T00:36:14.000Z,1
2019-12-06T05:36:57.000Z,1
2019-12-06T06:08:18.000Z,1
2019-12-06T06:36:53.000Z,1
2019-12-06T07:29:23.000Z,1
2019-12-06T07:45:41.000Z,1
2019-12-06T07:52:50.000Z,1
2019-12-06T08:01:11.000Z,1
2019-12-06T08:23:00.000Z,1
2019-12-06T08:25:23.000Z,1
2019-12-06T08:34:27.000Z,1
2019-12-06T08:56:48.000Z,1
2019-12-06T10:05:24.000Z,1
2019-12-06T10:10:45.000Z,1
2019-12-06T10:22:50.000Z,1
2019-12-06T11:35:03.000Z,1
2019-12-06T11:58:24.000Z,1
2019-12-06T12:52:43.000Z,1
2019-12-06T13:40:50.000Z,1
2019-12-06T14:07:50.000Z,1
2019-12-06T14:08:42.000Z,1
2019-12-06T14:21:27.000Z,1
2019-12-06T14:23:50.000Z,1
2019-12-06T14:55:48.000Z,1
2019-12-06T15:19:00.000Z,1
2019-12-06T16:33:10.000Z,1
2019-12-06T16:48:56.000Z,4
2019-12-06T16:52:56.000Z,1
2019-12-06T17:18:07.000Z,1
2019-12-06T17:21:03.000Z,1
2019-12-06T17:41:15.000Z,1
2019-12-06T17:48:11.000Z,1
2019-12-06T18:55:15.000Z,1
2019-12-06T21:20:30.000Z,1
2019-12-06T22:30:51.000Z,1
2019-12-06T23:52:40.000Z,1
2019-12-07T01:25:33.000Z,1
2019-12-07T08:00:48.000Z,1
2019-12-07T09:32:27.000Z,1
2019-12-07T09:44:23.000Z,1
2019-12-07T09:48:35.000Z,1
2019-12-07T09:57:50.000Z,1
2019-12-07T10:21:47.000Z,1
2019-12-07T10:22:03.000Z,1
2019-12-07T11:21:59.000Z,1
2019-12-07T12:01:50.000Z,1
2019-12-07T12:07:27.000Z,1
2019-12-07T12:32:15.000Z,1
2019-12-07T14:12:49.000Z,1
2019-12-07T15:16:10.000Z,1
2019-12-07T16:31:54.000Z,1
2019-12-07T18:25:24.000Z,2
2019-12-07T18:25:38.000Z,1
2019-12-07T18:34:37.000Z,1
2019-12-07T21:27:58.000Z,1
2019-12-07T23:10:06.000Z,2
2019-12-08T09:27:09.000Z,1
2019-12-08T09:44:26.000Z,1
2019-12-08T09:47:52.000Z,1
2019-12-08T10:17:26.000Z,1
2019-12-08T10:24:08.000Z,1
2019-12-08T12:11:46.000Z,1
2019-12-08T12:40:44.000Z,1
2019-12-08T12:54:17.000Z,1
2019-12-08T12:57:02.000Z,1
2019-12-08T13:58:23.000Z,1
2019-12-08T14:50:38.000Z,1
2019-12-08T15:29:10.000Z,1
2019-12-08T16:09:59.000Z,1
2019-12-08T16:15:30.000Z,1
2019-12-08T16:16:43.000Z,1
2019-12-08T17:02:10.000Z,1
2019-12-08T17:03:08.000Z,1
2019-12-08T17:31:21.000Z,1
2019-12-08T17:36:48.000Z,2
2019-12-08T18:57:23.000Z,1
2019-12-08T19:35:12.000Z,1
2019-12-08T20:26:23.000Z,1
2019-12-08T20:48:33.000Z,2
2019-12-08T21:39:08.000Z,1
2019-12-09T05:50:00.000Z,1
2019-12-09T06:31:03.000Z,1
2019-12-09T06:43:25.000Z,1
2019-12-09T07:10:04.000Z,1
2019-12-09T08:05:17.000Z,1
2019-12-09T08:20:30.000Z,1
2019-12-09T08:22:48.000Z,1
2019-12-09T08:29:09.000Z,1
2019-12-09T09:21:32.000Z,1
2019-12-09T09:57:04.000Z,1
2019-12-09T10:07:37.000Z,1
2019-12-09T10:12:31.000Z,1
2019-12-09T12:17:48.000Z,1
2019-12-09T14:49:08.000Z,1
2019-12-09T15:46:15.000Z,1
2019-12-09T16:07:40.000Z,2
2019-12-09T16:40:16.000Z,1
2019-12-09T16:45:59.000Z,1
2019-12-09T16:54:40.000Z,1
2019-12-09T17:18:07.000Z,1
2019-12-09T17:31:12.000Z,1
2019-12-09T18:24:59.000Z,1
2019-12-09T18:33:58.000Z,1
2019-12-09T18:39:35.000Z,2
2019-12-09T19:06:17.000Z,1
2019-12-09T19:19:22.000Z,3
2019-12-09T19:26:24.000Z,1
2019-12-09T19:58:45.000Z,1
2019-12-09T23:07:53.000Z,1
2019-12-10T05:16:27.000Z,1
2019-12-10T05:59:58.000Z,1
2019-12-10T06:19:38.000Z,1
2019-12-10T06:28:55.000Z,1
2019-12-10T06:47:12.000Z,1
2019-12-10T06:52:42.000Z,1
2019-12-10T07:31:58.000Z,1
2019-12-10T07:37:10.000Z,1
2019-12-10T08:50:21.000Z,1
2019-12-10T09:37:39.000Z,1
2019-12-10T10:21:20.000Z,1
2019-12-10T10:23:26.000Z,1
2019-12-10T10:25:31.000Z,1
2019-12-10T12:06:41.000Z,1
2019-12-10T12:27:46.000Z,1
2019-12-10T12:43:17.000Z,1
2019-12-10T13:05:06.000Z,1
2019-12-10T17:36:11.000Z,1
2019-12-10T17:52:40.000Z,1
2019-12-10T18:51:28.000Z,1
2019-12-10T18:57:15.000Z,1
2019-12-10T19:11:38.000Z,1
2019-12-10T19:26:52.000Z,1
2019-12-11T01:00:09.000Z,1
2019-12-11T05:25:00.000Z,1
2019-12-11T05:34:00.000Z,1
2019-12-11T05:36:34.000Z,1
2019-12-11T06:38:41.000Z,1
2019-12-11T06:39:42.000Z,1
2019-12-11T06:44:40.000Z,1
2019-12-11T07:11:25.000Z,1
2019-12-11T07:17:33.000Z,1
2019-12-11T08:28:40.000Z,1
2019-12-11T08:48:29.000Z,1
2019-12-11T09:51:59.000Z,1
2019-12-11T11:18:06.000Z,1
2019-12-11T11:42:47.000Z,1
2019-12-11T12:52:29.000Z,1
2019-12-02T07:17:49.000Z,1
2019-12-02T07:21:26.000Z,1
2019-12-02T07:50:37.000Z,1
2019-12-02T07:50:51.000Z,1
2019-12-02T08:06:05.000Z,3
2019-12-02T08:12:08.000Z,1
2019-12-02T08:16:22.000Z,1
2019-12-02T08:34:42.000Z,1
2019-12-02T08:42:06.000Z,1
2019-12-02T08:55:44.000Z,1
2019-12-02T11:59:18.000Z,1
2019-12-02T13:08:13.000Z,1
2019-12-02T14:56:23.000Z,1
2019-12-02T16:30:53.000Z,1
2019-12-02T16:37:03.000Z,1
2019-12-02T16:48:55.000Z,1
2019-12-02T16:59:12.000Z,1
2019-12-02T17:39:55.000Z,1
2019-12-02T19:04:55.000Z,1
2019-12-03T06:29:30.000Z,1
2019-12-03T10:40:24.000Z,1
2019-12-03T15:21:34.000Z,1
2019-12-03T16:37:17.000Z,1
2019-12-03T17:17:14.000Z,1
2019-12-02T11:14:58.000Z,1
2019-12-02T15:06:25.000Z,1
2019-12-02T15:24:58.000Z,1
2019-12-02T16:18:25.000Z,2
2019-12-02T17:18:19.000Z,1
2019-12-02T17:32:56.000Z,1
2019-12-02T19:38:51.000Z,1
2019-12-02T21:52:52.000Z,1
2019-12-03T04:56:19.000Z,1
2019-12-03T06:01:19.000Z,1
2019-12-03T06:24:38.000Z,2
2019-12-03T06:49:57.000Z,1
2019-12-03T07:23:29.000Z,1
2019-12-03T07:26:54.000Z,1
2019-12-03T07:41:22.000Z,1
2019-12-03T08:08:26.000Z,1
2019-12-03T08:39:39.000Z,1
2019-12-03T08:48:23.000Z,1
2019-12-03T10:27:19.000Z,1
2019-12-03T12:40:44.000Z,1
2019-12-03T13:20:25.000Z,1
2019-12-03T14:22:26.000Z,1
2019-12-03T14:25:30.000Z,1
2019-12-03T15:06:14.000Z,2
2019-12-03T15:24:52.000Z,1
2019-12-03T15:43:01.000Z,1
2019-12-03T16:07:21.000Z,1
2019-12-03T16:29:09.000Z,2
2019-12-03T17:11:59.000Z,1
2019-12-03T17:15:49.000Z,1
2019-12-03T17:18:49.000Z,1
2019-12-03T17:22:27.000Z,1
2019-12-03T17:26:56.000Z,1
2019-12-03T17:28:27.000Z,1
2019-12-03T17:29:19.000Z,1
2019-12-03T17:33:25.000Z,1
2019-12-03T18:20:27.000Z,1
2019-12-03T19:34:21.000Z,1
2019-12-03T19:48:18.000Z,1
2019-12-03T20:00:53.000Z,1
2019-12-03T20:03:43.000Z,1
2019-12-03T21:15:05.000Z,1
2019-12-04T00:08:21.000Z,1
2019-12-04T05:34:28.000Z,1
2019-12-04T06:04:47.000Z,1
2019-12-04T06:48:24.000Z,1
2019-12-04T07:30:39.000Z,1
2019-12-04T07:48:34.000Z,1
2019-12-04T07:53:12.000Z,1
2019-12-04T07:58:48.000Z,1
2019-12-04T08:09:17.000Z,2
2019-12-04T08:11:52.000Z,1
2019-12-04T08:19:16.000Z,2
2019-12-04T08:21:34.000Z,1
2019-12-04T08:24:00.000Z,1
2019-12-04T08:30:09.000Z,1
2019-12-04T08:49:01.000Z,1
2019-12-04T10:28:31.000Z,1
2019-12-04T11:39:31.000Z,1
2019-12-04T12:25:28.000Z,1
2019-12-04T12:37:48.000Z,1
2019-12-04T14:15:23.000Z,1
2019-12-04T15:40:32.000Z,1
2019-12-04T15:40:57.000Z,1
2019-12-04T15:52:56.000Z,1
2019-12-04T16:05:50.000Z,1
2019-12-04T16:17:30.000Z,1
2019-12-04T16:25:32.000Z,1
2019-12-04T16:36:13.000Z,1
2019-12-04T17:02:17.000Z,1
2019-12-04T17:07:13.000Z,1
2019-12-04T17:55:21.000Z,1
2019-12-04T18:42:15.000Z,1
2019-12-04T18:44:26.000Z,1
2019-12-04T19:41:07.000Z,1
2019-12-04T21:02:42.000Z,1
2019-12-05T06:04:10.000Z,1
2019-12-05T06:38:24.000Z,1
2019-12-05T06:47:27.000Z,2
2019-12-05T06:52:47.000Z,1
2019-12-05T07:22:55.000Z,1
2019-12-05T07:39:30.000Z,1
2019-12-05T07:53:09.000Z,2
2019-12-05T08:01:53.000Z,1
2019-12-05T08:18:12.000Z,1
2019-12-05T08:33:48.000Z,1
2019-12-05T08:34:43.000Z,1
2019-12-05T08:35:04.000Z,1
2019-12-05T09:10:08.000Z,1
2019-12-05T09:10:09.000Z,1
2019-12-05T09:23:27.000Z,2
2019-12-05T11:28:12.000Z,1
2019-12-05T13:01:43.000Z,1
2019-12-05T13:15:50.000Z,1
2019-12-05T13:59:55.000Z,1
2019-12-05T14:30:36.000Z,1
2019-12-05T14:38:23.000Z,1
2019-12-05T15:17:40.000Z,1
2019-12-05T15:18:05.000Z,1
2019-12-05T16:23:15.000Z,1
2019-12-05T16:56:38.000Z,1
2019-12-05T16:59:41.000Z,1
2019-12-05T17:00:28.000Z,1
2019-12-05T17:14:42.000Z,1
2019-12-05T17:21:38.000Z,1
2019-12-05T17:51:18.000Z,1
2019-12-05T18:31:46.000Z,2
2019-12-05T18:43:36.000Z,1
2019-12-05T19:50:08.000Z,1
2019-12-05T23:25:34.000Z,1
2019-12-06T00:41:46.000Z,1
2019-12-06T00:41:56.000Z,1
2019-12-06T04:34:28.000Z,1
2019-12-06T05:15:03.000Z,1
2019-12-06T05:46:08.000Z,1
2019-12-06T05:57:05.000Z,1
2019-12-06T07:36:52.000Z,1
2019-12-06T07:49:34.000Z,1
2019-12-06T07:55:45.000Z,1
2019-12-06T08:02:31.000Z,1
2019-12-06T08:08:29.000Z,1
2019-12-06T08:27:41.000Z,1
2019-12-06T08:46:19.000Z,1
2019-12-06T08:50:21.000Z,1
2019-12-06T08:51:56.000Z,3
2019-12-06T08:54:16.000Z,1
2019-12-06T11:06:26.000Z,1
2019-12-06T11:30:56.000Z,1
2019-12-06T12:00:41.000Z,1
2019-12-06T12:48:46.000Z,1
2019-12-06T13:04:45.000Z,1
2019-12-06T13:11:14.000Z,1
2019-12-06T13:19:49.000Z,1
2019-12-06T13:46:31.000Z,1
2019-12-06T14:28:38.000Z,1
2019-12-06T15:00:23.000Z,1
2019-12-06T15:40:14.000Z,1
2019-12-06T15:50:19.000Z,1
2019-12-06T15:52:46.000Z,1
2019-12-06T16:05:37.000Z,1
2019-12-06T16:08:59.000Z,1
2019-12-06T17:00:45.000Z,1
2019-12-06T17:20:37.000Z,1
2019-12-06T17:22:33.000Z,1
2019-12-06T17:28:49.000Z,1
2019-12-06T17:49:23.000Z,1
2019-12-06T17:51:38.000Z,1
2019-12-06T18:04:29.000Z,1
2019-12-06T18:10:09.000Z,1
2019-12-06T18:24:03.000Z,2
2019-12-06T18:25:00.000Z,1
2019-12-06T18:41:52.000Z,1
2019-12-06T20:25:19.000Z,1
2019-12-06T21:45:36.000Z,1
2019-12-06T22:47:31.000Z,1
2019-12-06T22:59:32.000Z,1
2019-12-07T01:34:46.000Z,1
2019-12-07T07:44:44.000Z,1
2019-12-07T08:59:50.000Z,1
2019-12-07T09:24:53.000Z,1
2019-12-07T09:45:07.000Z,1
2019-12-07T09:53:25.000Z,2
2019-12-07T10:36:14.000Z,1
2019-12-07T12:19:23.000Z,1
2019-12-07T12:28:58.000Z,1
2019-12-07T13:40:46.000Z,1
2019-12-07T14:04:47.000Z,1
2019-12-07T14:13:18.000Z,2
2019-12-07T14:34:39.000Z,1
2019-12-07T14:52:29.000Z,1
2019-12-07T16:17:56.000Z,1
2019-12-07T16:48:07.000Z,1
2019-12-07T17:20:26.000Z,1
2019-12-07T17:36:27.000Z,1
2019-12-07T18:29:41.000Z,1
2019-12-07T20:16:02.000Z,1
2019-12-07T20:40:42.000Z,1
2019-12-08T01:11:41.000Z,1
2019-12-08T08:50:10.000Z,1
2019-12-08T08:59:39.000Z,1
2019-12-08T09:36:06.000Z,1
2019-12-08T11:15:15.000Z,1
2019-12-08T11:24:39.000Z,1
2019-12-08T12:14:52.000Z,1
2019-12-08T13:07:00.000Z,1
2019-12-08T13:55:00.000Z,1
2019-12-08T14:48:08.000Z,1
2019-12-08T15:03:01.000Z,1
2019-12-08T16:08:07.000Z,1
2019-12-08T16:46:09.000Z,1
2019-12-08T17:31:25.000Z,1
2019-12-08T18:06:44.000Z,1
2019-12-08T18:46:31.000Z,1
2019-12-08T18:51:57.000Z,1
2019-12-08T18:52:42.000Z,1
2019-12-08T18:56:36.000Z,1
2019-12-08T19:11:38.000Z,1
2019-12-08T19:19:54.000Z,1
2019-12-08T19:24:26.000Z,1
2019-12-08T21:33:27.000Z,1
2019-12-09T05:42:23.000Z,1
2019-12-09T06:42:31.000Z,1
2019-12-09T07:20:46.000Z,1
2019-12-09T07:26:38.000Z,1
2019-12-09T07:29:24.000Z,1
2019-12-09T07:41:37.000Z,1
2019-12-09T07:44:19.000Z,1
2019-12-09T08:06:52.000Z,1
2019-12-09T08:27:07.000Z,1
2019-12-09T08:28:49.000Z,1
2019-12-09T08:33:36.000Z,1
2019-12-09T08:37:27.000Z,1
2019-12-09T08:40:02.000Z,1
2019-12-09T09:34:41.000Z,1
2019-12-09T11:37:43.000Z,1
2019-12-09T11:51:43.000Z,1
2019-12-09T13:21:59.000Z,1
2019-12-09T13:56:54.000Z,1
2019-12-09T13:59:47.000Z,1
2019-12-09T16:09:17.000Z,1
2019-12-09T16:40:33.000Z,2
2019-12-09T16:52:32.000Z,1
2019-12-09T16:56:16.000Z,1
2019-12-09T17:06:30.000Z,1
2019-12-09T17:09:50.000Z,1
2019-12-09T17:11:36.000Z,2
2019-12-09T17:14:43.000Z,1
2019-12-09T17:26:52.000Z,1
2019-12-09T17:37:03.000Z,1
2019-12-09T17:40:57.000Z,1
2019-12-09T17:53:15.000Z,1
2019-12-09T18:02:32.000Z,1
2019-12-09T18:06:59.000Z,1
2019-12-09T18:20:01.000Z,1
2019-12-09T18:33:36.000Z,1
2019-12-09T18:45:19.000Z,1
2019-12-09T19:01:47.000Z,1
2019-12-09T19:23:13.000Z,1
2019-12-09T20:06:16.000Z,1
2019-12-09T21:13:17.000Z,1
2019-12-09T21:15:48.000Z,1
2019-12-09T21:29:11.000Z,1
2019-12-09T22:09:45.000Z,1
2019-12-10T02:07:43.000Z,1
2019-12-10T07:27:51.000Z,1
2019-12-10T08:11:59.000Z,1
2019-12-10T08:14:44.000Z,1
2019-12-10T08:18:00.000Z,1
2019-12-10T08:28:55.000Z,1
2019-12-10T08:51:50.000Z,1
2019-12-10T08:53:36.000Z,1
2019-12-10T09:11:20.000Z,1
2019-12-10T11:55:34.000Z,1
2019-12-10T12:02:14.000Z,1
2019-12-10T12:33:31.000Z,1
2019-12-10T13:12:55.000Z,1
2019-12-10T14:27:34.000Z,1
2019-12-10T16:02:23.000Z,1
2019-12-10T16:28:33.000Z,1
2019-12-10T16:36:53.000Z,1
2019-12-10T16:51:48.000Z,1
2019-12-10T17:01:17.000Z,1
2019-12-10T17:07:59.000Z,1
2019-12-10T17:22:33.000Z,1
2019-12-10T17:25:52.000Z,1
2019-12-10T17:47:31.000Z,1
2019-12-10T18:34:31.000Z,1
2019-12-10T18:32:33.000Z,1
2019-12-10T18:59:44.000Z,1
2019-12-10T21:21:13.000Z,1
2019-12-11T06:19:48.000Z,1
2019-12-11T06:45:01.000Z,1
2019-12-11T06:55:01.000Z,1
2019-12-11T07:52:55.000Z,1
2019-12-11T08:45:39.000Z,1
2019-12-11T09:16:18.000Z,1
2019-12-11T12:25:29.000Z,1
2019-12-11T12:53:01.000Z,1
2019-12-02T06:58:06.000Z,2
2019-12-02T07:00:34.000Z,1
2019-12-02T07:11:43.000Z,1
2019-12-02T07:23:34.000Z,2
2019-12-02T07:45:12.000Z,1
2019-12-02T08:27:32.000Z,1
2019-12-02T08:59:23.000Z,1
2019-12-02T09:22:23.000Z,1
2019-12-02T09:50:56.000Z,1
2019-12-02T12:21:02.000Z,1
2019-12-02T13:21:43.000Z,1
2019-12-02T15:52:38.000Z,1
2019-12-02T16:56:57.000Z,2
2019-12-02T16:59:29.000Z,1
2019-12-02T17:22:01.000Z,1
2019-12-02T17:34:25.000Z,1
2019-12-02T17:57:22.000Z,1
2019-12-02T18:04:21.000Z,1
2019-12-02T18:42:22.000Z,1
2019-12-03T08:14:18.000Z,1
2019-12-03T16:20:05.000Z,1
2019-12-03T17:23:24.000Z,1
2019-12-02T13:07:51.000Z,1
2019-12-02T13:15:28.000Z,1
2019-12-02T13:32:53.000Z,1
2019-12-02T16:13:31.000Z,1
2019-12-02T16:35:15.000Z,1
2019-12-02T16:50:09.000Z,3
2019-12-02T17:12:06.000Z,1
2019-12-02T17:12:22.000Z,1
2019-12-02T17:34:18.000Z,1
2019-12-02T17:48:19.000Z,1
2019-12-02T19:02:54.000Z,1
2019-12-02T21:20:55.000Z,1
2019-12-02T21:43:48.000Z,1
2019-12-02T22:07:38.000Z,1
2019-12-02T22:16:27.000Z,1
2019-12-03T06:36:49.000Z,1
2019-12-03T06:59:50.000Z,1
2019-12-03T07:06:30.000Z,1
2019-12-03T07:14:16.000Z,1
2019-12-03T07:15:28.000Z,1
2019-12-03T07:17:08.000Z,1
2019-12-03T07:46:22.000Z,1
2019-12-03T08:18:49.000Z,1
2019-12-03T08:29:02.000Z,1
2019-12-03T08:38:32.000Z,1
2019-12-03T09:13:43.000Z,1
2019-12-03T09:34:47.000Z,1
2019-12-03T10:01:49.000Z,1
2019-12-03T11:36:21.000Z,1
2019-12-03T12:51:40.000Z,1
2019-12-03T13:00:31.000Z,1
2019-12-03T13:28:44.000Z,1
2019-12-03T14:42:37.000Z,1
2019-12-03T15:40:54.000Z,1
2019-12-03T16:04:18.000Z,1
2019-12-03T16:10:01.000Z,1
2019-12-03T16:30:16.000Z,1
2019-12-03T16:41:57.000Z,1
2019-12-03T16:56:27.000Z,1
2019-12-03T17:12:47.000Z,1
2019-12-03T17:17:35.000Z,1
2019-12-03T17:29:27.000Z,1
2019-12-03T17:38:34.000Z,1
2019-12-03T17:54:45.000Z,1
2019-12-03T17:55:42.000Z,1
2019-12-03T18:02:15.000Z,1
2019-12-03T18:07:14.000Z,1
2019-12-03T18:14:53.000Z,1
2019-12-03T18:28:11.000Z,1
2019-12-03T18:33:11.000Z,1
2019-12-03T18:52:00.000Z,1
2019-12-03T18:52:16.000Z,1
2019-12-03T19:58:02.000Z,1
2019-12-03T20:10:21.000Z,1
2019-12-03T20:15:16.000Z,1
2019-12-03T21:42:48.000Z,1
2019-12-04T00:54:17.000Z,1
2019-12-04T06:29:12.000Z,1
2019-12-04T06:50:26.000Z,1
2019-12-04T06:53:21.000Z,1
2019-12-04T07:19:57.000Z,1
2019-12-04T07:20:10.000Z,1
2019-12-04T07:27:22.000Z,1
2019-12-04T07:49:13.000Z,2
2019-12-04T08:08:43.000Z,1
2019-12-04T08:23:32.000Z,2
2019-12-04T08:34:10.000Z,1
2019-12-04T08:34:52.000Z,1
2019-12-04T08:50:31.000Z,1
2019-12-04T08:54:10.000Z,1
2019-12-04T09:05:49.000Z,1
2019-12-04T10:40:33.000Z,1
2019-12-04T10:40:52.000Z,1
2019-12-04T11:23:02.000Z,1
2019-12-04T12:41:39.000Z,1
2019-12-04T14:25:21.000Z,1
2019-12-04T14:36:52.000Z,1
2019-12-04T14:37:08.000Z,1
2019-12-04T16:37:37.000Z,1
2019-12-04T16:43:32.000Z,1
2019-12-04T16:50:50.000Z,2
2019-12-04T17:30:47.000Z,1
2019-12-04T17:33:31.000Z,1
2019-12-04T17:48:16.000Z,1
2019-12-04T17:52:17.000Z,2
2019-12-04T18:00:28.000Z,1
2019-12-04T18:07:49.000Z,1
2019-12-04T18:45:55.000Z,1
2019-12-04T19:42:41.000Z,1
2019-12-04T21:15:36.000Z,1
2019-12-04T21:24:41.000Z,1
2019-12-04T22:17:29.000Z,1
2019-12-04T23:08:31.000Z,1
2019-12-05T06:38:35.000Z,1
2019-12-05T06:49:34.000Z,1
2019-12-05T07:37:30.000Z,1
2019-12-05T08:01:24.000Z,1
2019-12-05T08:19:54.000Z,3
2019-12-05T08:46:29.000Z,1
2019-12-05T08:46:55.000Z,1
2019-12-05T09:08:26.000Z,1
2019-12-05T09:11:56.000Z,1
2019-12-05T10:24:08.000Z,1
2019-12-05T11:04:44.000Z,1
2019-12-05T11:14:18.000Z,1
2019-12-05T11:36:59.000Z,1
2019-12-05T11:44:24.000Z,1
2019-12-05T12:55:24.000Z,1
2019-12-05T14:20:27.000Z,1
2019-12-05T14:29:28.000Z,1
2019-12-05T14:39:38.000Z,1
2019-12-05T15:17:39.000Z,1
2019-12-05T16:00:59.000Z,1
2019-12-05T16:17:41.000Z,1
2019-12-05T16:24:39.000Z,1
2019-12-05T16:32:13.000Z,1
2019-12-05T16:35:20.000Z,1
2019-12-05T16:40:33.000Z,1
2019-12-05T16:59:52.000Z,1
2019-12-05T17:15:27.000Z,1
2019-12-05T17:21:32.000Z,1
2019-12-05T17:31:33.000Z,1
2019-12-05T17:35:50.000Z,2
2019-12-05T17:37:33.000Z,1
2019-12-05T19:05:37.000Z,1
2019-12-05T19:26:16.000Z,1
2019-12-05T20:51:58.000Z,1
2019-12-05T21:27:03.000Z,1
2019-12-05T22:23:43.000Z,1
2019-12-05T22:40:44.000Z,1
2019-12-05T22:44:17.000Z,1
2019-12-06T05:36:14.000Z,1
2019-12-06T05:50:18.000Z,1
2019-12-06T07:18:49.000Z,1
2019-12-06T07:35:08.000Z,1
2019-12-06T07:37:32.000Z,1
2019-12-06T07:52:49.000Z,1
2019-12-06T07:59:28.000Z,1
2019-12-06T08:36:18.000Z,1
2019-12-06T09:47:40.000Z,1
2019-12-06T12:38:27.000Z,1
2019-12-06T13:33:43.000Z,1
2019-12-06T14:16:01.000Z,2
2019-12-06T15:15:18.000Z,1
2019-12-06T15:18:50.000Z,1
2019-12-06T15:41:54.000Z,1
2019-12-06T15:48:40.000Z,1
2019-12-06T16:05:34.000Z,1
2019-12-06T16:07:11.000Z,1
2019-12-06T16:10:27.000Z,1
2019-12-06T16:39:36.000Z,1
2019-12-06T17:08:58.000Z,1
2019-12-06T17:23:57.000Z,1
2019-12-06T17:24:50.000Z,1
2019-12-06T17:38:22.000Z,1
2019-12-06T17:38:34.000Z,1
2019-12-06T17:55:01.000Z,1
2019-12-06T18:08:19.000Z,2
2019-12-06T18:26:25.000Z,2
2019-12-06T19:20:20.000Z,1
2019-12-06T20:40:18.000Z,1
2019-12-06T21:38:05.000Z,1
2019-12-06T22:11:16.000Z,1
2019-12-06T23:19:23.000Z,1
2019-12-07T07:31:48.000Z,1
2019-12-07T08:46:18.000Z,1
2019-12-07T09:42:11.000Z,1
2019-12-07T10:47:33.000Z,1
2019-12-07T12:40:04.000Z,1
2019-12-07T13:00:40.000Z,1
2019-12-07T13:14:34.000Z,1
2019-12-07T13:32:21.000Z,1
2019-12-07T14:06:08.000Z,1
2019-12-07T15:25:35.000Z,1
2019-12-07T15:41:16.000Z,1
2019-12-07T15:48:50.000Z,1
2019-12-07T16:02:19.000Z,1
2019-12-07T16:54:12.000Z,1
2019-12-07T17:15:02.000Z,1
2019-12-07T19:19:40.000Z,1
2019-12-07T20:50:32.000Z,1
2019-12-07T22:18:01.000Z,1
2019-12-08T00:20:08.000Z,1
2019-12-08T00:39:53.000Z,1
2019-12-08T10:15:41.000Z,1
2019-12-08T10:22:26.000Z,1
2019-12-08T11:13:20.000Z,1
2019-12-08T11:53:52.000Z,1
2019-12-08T12:18:59.000Z,1
2019-12-08T12:37:35.000Z,2
2019-12-08T13:21:04.000Z,1
2019-12-08T13:23:51.000Z,1
2019-12-08T14:14:36.000Z,1
2019-12-08T15:07:13.000Z,1
2019-12-08T15:38:28.000Z,1
2019-12-08T15:50:40.000Z,1
2019-12-08T16:18:15.000Z,1
2019-12-08T16:40:31.000Z,1
2019-12-08T16:41:57.000Z,1
2019-12-08T16:57:17.000Z,1
2019-12-08T16:59:17.000Z,1
2019-12-08T17:54:09.000Z,1
2019-12-08T18:34:05.000Z,1
2019-12-08T18:47:11.000Z,1
2019-12-08T19:09:04.000Z,1
2019-12-08T21:00:06.000Z,2
2019-12-08T22:15:11.000Z,1
2019-12-08T22:53:32.000Z,1
2019-12-09T07:16:47.000Z,1
2019-12-09T07:23:18.000Z,1
2019-12-09T07:40:06.000Z,2
2019-12-09T07:41:19.000Z,1
2019-12-09T07:47:53.000Z,1
2019-12-09T07:56:14.000Z,1
2019-12-09T08:08:05.000Z,1
2019-12-09T08:20:01.000Z,1
2019-12-09T08:20:10.000Z,1
2019-12-09T08:35:21.000Z,1
2019-12-09T08:45:27.000Z,2
2019-12-09T08:50:21.000Z,1
2019-12-09T10:34:10.000Z,1
2019-12-09T11:28:42.000Z,1
2019-12-09T11:43:53.000Z,1
2019-12-09T11:44:45.000Z,1
2019-12-09T11:54:45.000Z,1
2019-12-09T13:06:43.000Z,1
2019-12-09T14:08:56.000Z,1
2019-12-09T14:21:03.000Z,1
2019-12-09T16:20:12.000Z,1
2019-12-09T16:41:32.000Z,2
2019-12-09T16:45:31.000Z,1
2019-12-09T17:17:26.000Z,1
2019-12-09T17:29:48.000Z,2
2019-12-09T17:30:09.000Z,2
2019-12-09T17:43:56.000Z,1
2019-12-09T17:46:06.000Z,1
2019-12-09T18:04:17.000Z,1
2019-12-09T19:22:11.000Z,1
2019-12-09T19:33:25.000Z,1
2019-12-09T19:35:17.000Z,1
2019-12-09T19:55:01.000Z,1
2019-12-09T19:55:08.000Z,1
2019-12-09T20:16:06.000Z,1
2019-12-09T20:59:54.000Z,1
2019-12-09T21:07:04.000Z,2
2019-12-09T22:40:53.000Z,1
2019-12-10T05:35:15.000Z,1
2019-12-10T07:51:29.000Z,1
2019-12-10T10:33:21.000Z,1
2019-12-10T11:38:22.000Z,1
2019-12-10T12:03:28.000Z,1
2019-12-10T12:06:16.000Z,1
2019-12-10T13:22:13.000Z,1
2019-12-10T16:47:01.000Z,1
2019-12-10T16:54:54.000Z,1
2019-12-10T17:19:34.000Z,1
2019-12-10T18:19:38.000Z,1
2019-12-10T19:15:02.000Z,1
2019-12-10T19:47:45.000Z,1
2019-12-11T06:11:49.000Z,1
2019-12-11T08:29:47.000Z,1
2019-12-11T08:48:34.000Z,1
2019-12-11T12:00:35.000Z,1
2019-12-11T12:28:34.000Z,1
2019-12-11T12:44:39.000Z,2
2019-12-02T06:42:22.000Z,1
2019-12-02T06:57:41.000Z,1
2019-12-02T07:09:40.000Z,1
2019-12-02T07:14:32.000Z,1
2019-12-02T07:53:42.000Z,1
2019-12-02T08:04:42.000Z,1
2019-12-02T08:13:22.000Z,1
2019-12-02T08:14:12.000Z,1
2019-12-02T08:15:32.000Z,1
2019-12-02T08:40:21.000Z,1
2019-12-02T10:10:06.000Z,1
2019-12-02T12:55:36.000Z,1
2019-12-02T14:58:31.000Z,1
2019-12-02T15:59:07.000Z,1
2019-12-02T18:10:30.000Z,1
2019-12-02T18:25:23.000Z,1
2019-12-02T19:48:34.000Z,1
2019-12-03T05:56:30.000Z,1
2019-12-03T06:12:46.000Z,1
2019-12-03T09:32:31.000Z,1
2019-12-03T14:43:17.000Z,1
2019-12-03T20:05:15.000Z,1
2019-12-02T17:16:44.000Z,1
2019-12-02T17:21:32.000Z,1
2019-12-02T17:52:41.000Z,1
2019-12-02T17:55:20.000Z,1
2019-12-02T18:19:57.000Z,1
2019-12-02T18:54:28.000Z,1
2019-12-02T19:55:18.000Z,1
2019-12-02T20:32:53.000Z,1
2019-12-02T21:09:41.000Z,1
2019-12-03T05:23:42.000Z,1
2019-12-03T05:31:46.000Z,1
2019-12-03T06:15:37.000Z,1
2019-12-03T06:31:26.000Z,1
2019-12-03T06:38:55.000Z,1
2019-12-03T07:32:17.000Z,1
2019-12-03T07:43:45.000Z,1
2019-12-03T08:05:27.000Z,1
2019-12-03T08:09:02.000Z,1
2019-12-03T08:15:17.000Z,1
2019-12-03T08:16:22.000Z,2
2019-12-03T08:33:31.000Z,1
2019-12-03T08:34:11.000Z,1
2019-12-03T08:37:12.000Z,1
2019-12-03T08:39:30.000Z,1
2019-12-03T08:56:54.000Z,1
2019-12-03T08:57:31.000Z,1
2019-12-03T09:20:24.000Z,1
2019-12-03T09:24:02.000Z,1
2019-12-03T10:25:29.000Z,1
2019-12-03T12:29:34.000Z,1
2019-12-03T12:58:53.000Z,1
2019-12-03T13:33:18.000Z,1
2019-12-03T14:38:04.000Z,1
2019-12-03T14:38:11.000Z,1
2019-12-03T14:43:23.000Z,1
2019-12-03T15:09:05.000Z,1
2019-12-03T15:47:56.000Z,1
2019-12-03T16:07:22.000Z,1
2019-12-03T16:24:14.000Z,1
2019-12-03T16:27:31.000Z,2
2019-12-03T17:01:28.000Z,1
2019-12-03T17:04:34.000Z,1
2019-12-03T17:28:16.000Z,1
2019-12-03T17:30:27.000Z,1
2019-12-03T17:42:42.000Z,1
2019-12-03T18:12:51.000Z,2
2019-12-03T18:13:54.000Z,1
2019-12-03T18:15:43.000Z,1
2019-12-03T18:20:49.000Z,1
2019-12-03T18:22:50.000Z,1
2019-12-03T19:23:14.000Z,1
2019-12-03T21:13:03.000Z,1
2019-12-03T21:23:41.000Z,1
2019-12-04T00:54:39.000Z,1
2019-12-04T05:32:48.000Z,1
2019-12-04T05:59:19.000Z,1
2019-12-04T06:47:45.000Z,1
2019-12-04T06:48:37.000Z,1
2019-12-04T06:55:35.000Z,1
2019-12-04T07:20:46.000Z,1
2019-12-04T07:34:55.000Z,1
2019-12-04T07:51:55.000Z,1
2019-12-04T07:54:38.000Z,1
2019-12-04T08:02:26.000Z,1
2019-12-04T08:24:03.000Z,1
2019-12-04T08:47:25.000Z,1
2019-12-04T09:15:48.000Z,1
2019-12-04T13:21:39.000Z,1
2019-12-04T13:42:36.000Z,1
2019-12-04T13:43:43.000Z,1
2019-12-04T13:58:03.000Z,1
2019-12-04T14:32:50.000Z,1
2019-12-04T14:43:13.000Z,2
2019-12-04T14:56:22.000Z,1
2019-12-04T15:25:57.000Z,1
2019-12-04T15:54:10.000Z,1
2019-12-04T15:58:30.000Z,1
2019-12-04T16:26:31.000Z,2
2019-12-04T16:37:15.000Z,1
2019-12-04T17:15:35.000Z,1
2019-12-04T17:19:15.000Z,1
2019-12-04T17:20:06.000Z,1
2019-12-04T17:43:40.000Z,3
2019-12-04T17:49:01.000Z,1
2019-12-04T17:49:21.000Z,1
2019-12-04T18:10:19.000Z,1
2019-12-04T18:41:37.000Z,1
2019-12-04T20:18:16.000Z,1
2019-12-04T20:40:30.000Z,1
2019-12-04T20:43:17.000Z,1
2019-12-04T20:58:56.000Z,1
2019-12-04T23:03:59.000Z,1
2019-12-05T06:24:36.000Z,1
2019-12-05T07:09:29.000Z,1
2019-12-05T07:41:27.000Z,1
2019-12-05T07:47:08.000Z,1
2019-12-05T07:53:21.000Z,2
2019-12-05T07:57:22.000Z,1
2019-12-05T08:10:39.000Z,1
2019-12-05T08:40:43.000Z,1
2019-12-05T08:53:52.000Z,1
2019-12-05T09:17:32.000Z,1
2019-12-05T10:55:03.000Z,1
2019-12-05T11:32:57.000Z,1
2019-12-05T11:41:00.000Z,1
2019-12-05T12:20:45.000Z,1
2019-12-05T12:30:13.000Z,1
2019-12-05T12:53:42.000Z,1
2019-12-05T14:58:49.000Z,1
2019-12-05T15:15:35.000Z,1
2019-12-05T16:25:09.000Z,1
2019-12-05T16:37:25.000Z,2
2019-12-05T16:39:20.000Z,1
2019-12-05T16:42:10.000Z,3
2019-12-05T16:47:19.000Z,1
2019-12-05T16:52:42.000Z,1
2019-12-05T17:11:15.000Z,1
2019-12-05T17:11:38.000Z,1
2019-12-05T17:13:46.000Z,2
2019-12-05T17:32:32.000Z,1
2019-12-05T17:37:35.000Z,1
2019-12-05T17:41:55.000Z,1
2019-12-05T17:44:45.000Z,1
2019-12-05T17:54:09.000Z,1
2019-12-05T18:23:04.000Z,1
2019-12-05T20:26:42.000Z,1
2019-12-05T21:06:55.000Z,1
2019-12-05T21:36:13.000Z,1
2019-12-05T23:09:08.000Z,1
2019-12-06T06:14:59.000Z,1
2019-12-06T06:18:32.000Z,1
2019-12-06T07:52:59.000Z,1
2019-12-06T08:27:48.000Z,1
2019-12-06T08:31:29.000Z,2
2019-12-06T08:38:51.000Z,1
2019-12-06T08:45:07.000Z,2
2019-12-06T08:50:23.000Z,1
2019-12-06T09:54:16.000Z,1
2019-12-06T10:04:42.000Z,1
2019-12-06T10:35:50.000Z,1
2019-12-06T11:09:13.000Z,1
2019-12-06T11:16:01.000Z,1
2019-12-06T12:32:38.000Z,1
2019-12-06T12:48:25.000Z,1
2019-12-06T12:51:33.000Z,1
2019-12-06T13:09:36.000Z,2
2019-12-06T14:02:16.000Z,2
2019-12-06T14:36:51.000Z,1
2019-12-06T15:11:53.000Z,1
2019-12-06T15:21:23.000Z,1
2019-12-06T16:18:02.000Z,1
2019-12-06T16:27:28.000Z,1
2019-12-06T16:29:44.000Z,1
2019-12-06T16:52:29.000Z,1
2019-12-06T16:55:23.000Z,1
2019-12-06T16:55:55.000Z,1
2019-12-06T16:59:05.000Z,1
2019-12-06T17:01:17.000Z,1
2019-12-06T17:05:44.000Z,1
2019-12-06T17:49:45.000Z,1
2019-12-06T17:55:27.000Z,1
2019-12-06T18:52:10.000Z,1
2019-12-06T18:56:28.000Z,2
2019-12-06T18:58:23.000Z,1
2019-12-06T19:53:39.000Z,1
2019-12-06T21:44:13.000Z,1
2019-12-06T22:06:59.000Z,1
2019-12-07T08:17:21.000Z,1
2019-12-07T10:57:19.000Z,1
2019-12-07T12:36:21.000Z,1
2019-12-07T12:51:14.000Z,1
2019-12-07T14:50:29.000Z,1
2019-12-07T16:02:53.000Z,1
2019-12-07T16:39:16.000Z,1
2019-12-07T17:25:38.000Z,2
2019-12-07T17:41:01.000Z,1
2019-12-07T17:46:33.000Z,2
2019-12-07T18:49:28.000Z,1
2019-12-07T18:51:12.000Z,1
2019-12-07T22:46:40.000Z,1
2019-12-08T08:08:58.000Z,1
2019-12-08T08:47:32.000Z,1
2019-12-08T09:35:12.000Z,1
2019-12-08T10:20:17.000Z,1
2019-12-08T11:15:56.000Z,1
2019-12-08T11:29:58.000Z,1
2019-12-08T11:56:16.000Z,1
2019-12-08T12:02:15.000Z,1
2019-12-08T12:06:18.000Z,1
2019-12-08T12:37:05.000Z,1
2019-12-08T12:38:54.000Z,1
2019-12-08T12:58:51.000Z,1
2019-12-08T13:36:40.000Z,1
2019-12-08T13:50:45.000Z,1
2019-12-08T15:38:20.000Z,1
2019-12-08T16:09:22.000Z,1
2019-12-08T16:52:58.000Z,1
2019-12-08T17:14:30.000Z,1
2019-12-08T20:10:53.000Z,1
2019-12-08T20:21:26.000Z,1
2019-12-08T22:51:39.000Z,1
2019-12-09T06:04:15.000Z,1
2019-12-09T06:20:44.000Z,1
2019-12-09T07:02:54.000Z,1
2019-12-09T07:50:59.000Z,1
2019-12-09T07:57:18.000Z,1
2019-12-09T08:07:35.000Z,1
2019-12-09T08:24:53.000Z,2
2019-12-09T08:25:00.000Z,1
2019-12-09T08:25:46.000Z,1
2019-12-09T08:28:43.000Z,1
2019-12-09T08:39:06.000Z,1
2019-12-09T08:44:44.000Z,1
2019-12-09T08:50:13.000Z,1
2019-12-09T09:21:25.000Z,1
2019-12-09T09:28:56.000Z,1
2019-12-09T11:32:16.000Z,1
2019-12-09T11:56:16.000Z,1
2019-12-09T12:39:39.000Z,1
2019-12-09T13:29:33.000Z,1
2019-12-09T13:29:53.000Z,1
2019-12-09T14:15:03.000Z,1
2019-12-09T15:24:41.000Z,1
2019-12-09T15:33:54.000Z,1
2019-12-09T16:01:01.000Z,1
2019-12-09T16:12:31.000Z,1
2019-12-09T16:36:39.000Z,1
2019-12-09T16:46:18.000Z,1
2019-12-09T17:12:43.000Z,1
2019-12-09T17:25:29.000Z,1
2019-12-09T17:41:24.000Z,1
2019-12-09T17:54:07.000Z,1
2019-12-09T17:58:18.000Z,1
2019-12-09T17:59:31.000Z,1
2019-12-09T18:15:23.000Z,1
2019-12-09T18:19:21.000Z,1
2019-12-09T18:27:27.000Z,1
2019-12-09T18:32:28.000Z,1
2019-12-09T19:07:54.000Z,1
2019-12-09T19:10:42.000Z,1
2019-12-09T19:24:32.000Z,1
2019-12-09T19:26:29.000Z,1
2019-12-09T19:27:32.000Z,1
2019-12-10T05:54:39.000Z,1
2019-12-10T06:39:26.000Z,1
2019-12-10T07:07:38.000Z,1
2019-12-10T07:48:33.000Z,1
2019-12-10T08:24:18.000Z,2
2019-12-10T10:56:43.000Z,1
2019-12-10T12:18:01.000Z,1
2019-12-10T13:04:48.000Z,1
2019-12-10T14:53:02.000Z,1
2019-12-10T15:17:08.000Z,1
2019-12-10T15:18:26.000Z,1
2019-12-10T15:47:59.000Z,1
2019-12-10T16:02:10.000Z,1
2019-12-10T16:25:36.000Z,1
2019-12-10T16:50:46.000Z,1
2019-12-10T16:58:55.000Z,2
2019-12-10T17:16:04.000Z,1
2019-12-10T17:55:46.000Z,1
2019-12-10T17:56:02.000Z,1
2019-12-10T18:15:15.000Z,1
2019-12-10T18:27:38.000Z,1
2019-12-10T19:03:24.000Z,1
2019-12-10T19:24:04.000Z,1
2019-12-11T08:13:23.000Z,1
2019-12-11T08:35:42.000Z,1
2019-12-11T08:36:27.000Z,1
2019-12-11T09:10:36.000Z,1
2019-12-11T10:27:33.000Z,1
2019-12-11T11:24:54.000Z,1
2019-12-11T12:12:42.000Z,1
2019-12-11T12:21:44.000Z,1
2019-12-11T12:44:21.000Z,1
2019-12-02T06:33:42.000Z,1
2019-12-02T07:01:17.000Z,1
2019-12-02T07:16:49.000Z,1
2019-12-02T07:57:03.000Z,1
2019-12-02T08:08:43.000Z,1
2019-12-02T08:24:39.000Z,1
2019-12-02T08:36:44.000Z,1
2019-12-02T09:24:08.000Z,1
2019-12-02T10:31:24.000Z,1
2019-12-02T13:00:34.000Z,1
2019-12-02T15:08:06.000Z,1
2019-12-02T15:44:36.000Z,1
2019-12-02T17:05:38.000Z,2
2019-12-02T18:29:23.000Z,1
2019-12-03T07:42:34.000Z,1
2019-12-03T07:55:00.000Z,1
2019-12-03T19:50:02.000Z,1
2019-12-02T08:06:48.000Z,1
2019-12-02T11:29:13.000Z,1
2019-12-02T13:00:01.000Z,1
2019-12-02T13:46:29.000Z,1
2019-12-02T15:59:58.000Z,1
2019-12-02T16:31:28.000Z,1
2019-12-02T16:57:37.000Z,1
2019-12-02T17:11:32.000Z,1
2019-12-02T17:11:35.000Z,1
2019-12-02T17:30:04.000Z,2
2019-12-02T17:52:14.000Z,1
2019-12-02T18:06:05.000Z,1
2019-12-02T18:25:10.000Z,1
2019-12-02T19:07:55.000Z,1
2019-12-02T20:33:31.000Z,1
2019-12-02T20:49:12.000Z,1
2019-12-02T21:12:20.000Z,1
2019-12-03T05:17:26.000Z,1
2019-12-03T07:22:25.000Z,1
2019-12-03T07:40:21.000Z,1
2019-12-03T07:50:17.000Z,1
2019-12-03T07:52:29.000Z,1
2019-12-03T08:05:04.000Z,2
2019-12-03T08:09:38.000Z,1
2019-12-03T08:11:50.000Z,1
2019-12-03T08:22:35.000Z,1
2019-12-03T08:31:20.000Z,1
2019-12-03T09:10:26.000Z,1
2019-12-03T09:11:14.000Z,1
2019-12-03T09:32:42.000Z,1
2019-12-03T09:42:54.000Z,1
2019-12-03T10:26:11.000Z,1
2019-12-03T12:05:58.000Z,1
2019-12-03T13:15:24.000Z,1
2019-12-03T13:36:07.000Z,1
2019-12-03T14:10:53.000Z,1
2019-12-03T14:17:00.000Z,1
2019-12-03T14:41:50.000Z,1
2019-12-03T15:51:56.000Z,1
2019-12-03T16:26:53.000Z,1
2019-12-03T16:31:05.000Z,1
2019-12-03T17:17:39.000Z,1
2019-12-03T17:26:25.000Z,1
2019-12-03T18:27:37.000Z,2
2019-12-03T18:30:42.000Z,1
2019-12-03T19:02:05.000Z,1
2019-12-03T19:46:48.000Z,1
2019-12-04T05:20:21.000Z,1
2019-12-04T06:24:48.000Z,1
2019-12-04T06:29:47.000Z,1
2019-12-04T07:02:44.000Z,1
2019-12-04T07:20:53.000Z,1
2019-12-04T07:55:45.000Z,1
2019-12-04T08:03:07.000Z,1
2019-12-04T08:31:16.000Z,1
2019-12-04T08:44:45.000Z,1
2019-12-04T09:14:58.000Z,1
2019-12-04T09:43:51.000Z,1
2019-12-04T10:32:50.000Z,1
2019-12-04T11:49:50.000Z,2
2019-12-04T12:19:23.000Z,1
2019-12-04T12:38:31.000Z,1
2019-12-04T14:43:32.000Z,1
2019-12-04T15:16:00.000Z,1
2019-12-04T16:05:37.000Z,1
2019-12-04T16:57:59.000Z,1
2019-12-04T17:10:42.000Z,1
2019-12-04T17:17:10.000Z,1
2019-12-04T17:17:53.000Z,1
2019-12-04T17:20:34.000Z,2
2019-12-04T17:27:30.000Z,1
2019-12-04T17:28:47.000Z,1
2019-12-04T17:49:30.000Z,1
2019-12-04T18:02:23.000Z,1
2019-12-04T18:12:51.000Z,1
2019-12-04T18:19:39.000Z,1
2019-12-04T18:29:27.000Z,1
2019-12-04T18:52:43.000Z,1
2019-12-04T19:39:46.000Z,1
2019-12-04T19:46:16.000Z,1
2019-12-04T20:24:16.000Z,1
2019-12-04T20:38:27.000Z,1
2019-12-04T21:33:37.000Z,1
2019-12-05T00:07:07.000Z,1
2019-12-05T00:57:10.000Z,1
2019-12-05T05:39:14.000Z,1
2019-12-05T06:48:14.000Z,1
2019-12-05T06:48:49.000Z,1
2019-12-05T07:19:11.000Z,1
2019-12-05T07:22:09.000Z,2
2019-12-05T07:48:48.000Z,1
2019-12-05T07:57:11.000Z,1
2019-12-05T08:08:34.000Z,1
2019-12-05T08:08:47.000Z,1
2019-12-05T08:22:35.000Z,2
2019-12-05T08:40:21.000Z,1
2019-12-05T08:41:12.000Z,1
2019-12-05T08:49:29.000Z,1
2019-12-05T09:33:02.000Z,1
2019-12-05T10:18:00.000Z,1
2019-12-05T10:36:36.000Z,1
2019-12-05T11:20:13.000Z,1
2019-12-05T12:54:38.000Z,1
2019-12-05T13:21:58.000Z,1
2019-12-05T15:14:01.000Z,1
2019-12-05T15:28:48.000Z,1
2019-12-05T15:54:12.000Z,1
2019-12-05T15:54:50.000Z,1
2019-12-05T16:11:42.000Z,1
2019-12-05T16:32:39.000Z,1
2019-12-05T16:36:37.000Z,1
2019-12-05T16:40:10.000Z,2
2019-12-05T16:55:44.000Z,1
2019-12-05T17:06:36.000Z,1
2019-12-05T17:08:13.000Z,1
2019-12-05T18:17:41.000Z,1
2019-12-05T18:24:53.000Z,1
2019-12-05T18:31:38.000Z,1
2019-12-05T18:52:06.000Z,1
2019-12-05T19:12:57.000Z,1
2019-12-05T19:41:07.000Z,1
2019-12-05T20:58:21.000Z,1
2019-12-05T21:06:18.000Z,1
2019-12-05T21:17:54.000Z,1
2019-12-05T22:41:12.000Z,1
2019-12-05T23:29:34.000Z,1
2019-12-06T05:56:09.000Z,1
2019-12-06T07:09:10.000Z,1
2019-12-06T07:45:44.000Z,1
2019-12-06T08:18:59.000Z,1
2019-12-06T08:38:19.000Z,1
2019-12-06T08:57:44.000Z,1
2019-12-06T08:57:46.000Z,1
2019-12-06T09:02:50.000Z,1
2019-12-06T09:35:08.000Z,1
2019-12-06T09:45:05.000Z,1
2019-12-06T11:34:22.000Z,1
2019-12-06T11:41:39.000Z,1
2019-12-06T12:06:56.000Z,1
2019-12-06T12:41:26.000Z,1
2019-12-06T12:47:09.000Z,1
2019-12-06T15:05:17.000Z,1
2019-12-06T15:10:00.000Z,1
2019-12-06T15:28:03.000Z,1
2019-12-06T16:01:31.000Z,1
2019-12-06T16:22:20.000Z,1
2019-12-06T16:58:02.000Z,1
2019-12-06T16:58:11.000Z,1
2019-12-06T17:31:46.000Z,1
2019-12-06T17:36:04.000Z,1
2019-12-06T17:37:34.000Z,1
2019-12-06T18:05:21.000Z,1
2019-12-06T18:49:20.000Z,1
2019-12-06T18:54:11.000Z,1
2019-12-07T05:52:44.000Z,1
2019-12-07T07:29:49.000Z,1
2019-12-07T07:43:41.000Z,1
2019-12-07T08:16:58.000Z,1
2019-12-07T09:38:47.000Z,1
2019-12-07T10:04:21.000Z,1
2019-12-07T10:36:44.000Z,1
2019-12-07T11:18:17.000Z,1
2019-12-07T11:32:35.000Z,1
2019-12-07T12:43:35.000Z,1
2019-12-07T12:44:44.000Z,1
2019-12-07T14:40:33.000Z,1
2019-12-07T14:54:09.000Z,1
2019-12-07T15:15:08.000Z,1
2019-12-07T15:21:18.000Z,2
2019-12-07T15:35:42.000Z,2
2019-12-07T16:08:01.000Z,1
2019-12-07T16:11:10.000Z,1
2019-12-07T16:22:49.000Z,1
2019-12-07T16:51:40.000Z,1
2019-12-07T17:30:33.000Z,1
2019-12-07T17:41:42.000Z,1
2019-12-07T18:56:02.000Z,1
2019-12-07T20:45:51.000Z,1
2019-12-07T22:15:39.000Z,1
2019-12-07T23:03:56.000Z,1
2019-12-08T02:28:52.000Z,1
2019-12-08T05:05:38.000Z,1
2019-12-08T06:50:31.000Z,1
2019-12-08T08:23:46.000Z,1
2019-12-08T09:55:32.000Z,1
2019-12-08T11:04:01.000Z,1
2019-12-08T11:08:37.000Z,1
2019-12-08T11:55:31.000Z,1
2019-12-08T13:12:09.000Z,1
2019-12-08T13:25:06.000Z,1
2019-12-08T14:13:37.000Z,1
2019-12-08T14:24:23.000Z,1
2019-12-08T14:36:07.000Z,1
2019-12-08T15:01:45.000Z,1
2019-12-08T15:10:25.000Z,1
2019-12-08T15:32:31.000Z,1
2019-12-08T15:40:02.000Z,1
2019-12-08T16:02:45.000Z,1
2019-12-08T17:06:20.000Z,1
2019-12-08T17:15:20.000Z,1
2019-12-08T18:54:51.000Z,1
2019-12-08T21:12:48.000Z,1
2019-12-09T04:54:31.000Z,1
2019-12-09T06:40:47.000Z,1
2019-12-09T07:06:40.000Z,1
2019-12-09T07:31:10.000Z,1
2019-12-09T07:44:27.000Z,1
2019-12-09T07:38:27.000Z,1
2019-12-09T08:01:56.000Z,1
2019-12-09T08:04:05.000Z,1
2019-12-09T08:14:07.000Z,1
2019-12-09T08:19:46.000Z,2
2019-12-09T08:24:13.000Z,1
2019-12-09T08:28:13.000Z,1
2019-12-09T08:28:39.000Z,1
2019-12-09T08:35:32.000Z,1
2019-12-09T08:49:20.000Z,1
2019-12-09T09:25:41.000Z,1
2019-12-09T10:02:43.000Z,1
2019-12-09T11:25:14.000Z,1
2019-12-09T12:47:17.000Z,1
2019-12-09T13:01:55.000Z,1
2019-12-09T14:26:32.000Z,1
2019-12-09T14:27:29.000Z,1
2019-12-09T15:21:20.000Z,1
2019-12-09T16:19:42.000Z,1
2019-12-09T16:24:26.000Z,1
2019-12-09T16:27:15.000Z,2
2019-12-09T16:54:50.000Z,1
2019-12-09T17:13:25.000Z,1
2019-12-09T17:20:07.000Z,1
2019-12-09T17:29:16.000Z,2
2019-12-09T18:40:13.000Z,1
2019-12-09T19:01:29.000Z,1
2019-12-09T19:07:49.000Z,1
2019-12-09T19:28:00.000Z,1
2019-12-09T19:28:46.000Z,2
2019-12-09T20:22:19.000Z,1
2019-12-10T06:17:21.000Z,1
2019-12-10T06:38:15.000Z,1
2019-12-10T08:38:27.000Z,1
2019-12-10T08:42:33.000Z,1
2019-12-10T08:59:57.000Z,1
2019-12-10T09:38:07.000Z,1
2019-12-10T14:13:27.000Z,1
2019-12-10T14:22:31.000Z,1
2019-12-10T15:06:24.000Z,1
2019-12-10T17:16:22.000Z,1
2019-12-10T17:20:21.000Z,1
2019-12-10T17:41:22.000Z,1
2019-12-10T17:41:36.000Z,1
2019-12-10T18:13:19.000Z,1
2019-12-10T18:14:33.000Z,1
2019-12-10T18:40:20.000Z,1
2019-12-10T19:22:11.000Z,1
2019-12-10T19:48:34.000Z,1
2019-12-10T19:50:10.000Z,1
2019-12-11T00:06:20.000Z,1
2019-12-11T06:17:05.000Z,1
2019-12-11T07:01:12.000Z,1
2019-12-11T07:09:18.000Z,1
2019-12-11T07:43:24.000Z,1
2019-12-11T07:52:57.000Z,1
2019-12-11T08:23:30.000Z,1
2019-12-11T08:33:22.000Z,1
2019-12-11T08:39:28.000Z,1
2019-12-11T08:55:38.000Z,1
2019-12-11T11:28:04.000Z,1
2019-12-11T12:04:41.000Z,1
2019-12-11T12:36:46.000Z,1
2019-12-02T07:04:50.000Z,1
2019-12-02T07:07:53.000Z,1
2019-12-02T07:21:55.000Z,1
2019-12-02T07:44:15.000Z,1
2019-12-02T07:46:53.000Z,1
2019-12-02T07:54:42.000Z,1
2019-12-02T07:55:53.000Z,1
2019-12-02T08:15:43.000Z,1
2019-12-02T08:30:39.000Z,2
2019-12-02T08:33:50.000Z,1
2019-12-02T08:45:03.000Z,1
2019-12-02T08:47:40.000Z,1
2019-12-02T08:50:30.000Z,1
2019-12-02T13:17:00.000Z,1
2019-12-02T15:20:37.000Z,1
2019-12-02T15:50:53.000Z,1
2019-12-02T16:45:03.000Z,1
2019-12-02T16:54:03.000Z,2
2019-12-02T17:34:50.000Z,1
2019-12-03T05:24:28.000Z,1
2019-12-03T06:25:03.000Z,1
2019-12-02T08:35:36.000Z,1
2019-12-02T10:28:39.000Z,1
2019-12-02T11:53:09.000Z,1
2019-12-02T15:37:44.000Z,1
2019-12-02T16:10:48.000Z,1
2019-12-02T16:45:40.000Z,1
2019-12-02T17:51:55.000Z,1
2019-12-02T18:25:44.000Z,1
2019-12-02T19:33:27.000Z,1
2019-12-03T07:03:19.000Z,1
2019-12-03T07:30:14.000Z,1
2019-12-03T07:55:11.000Z,2
2019-12-03T07:57:29.000Z,3
2019-12-03T08:29:51.000Z,2
2019-12-03T08:34:14.000Z,1
2019-12-03T08:37:19.000Z,1
2019-12-03T09:05:58.000Z,1
2019-12-03T09:26:13.000Z,1
2019-12-03T11:29:16.000Z,1
2019-12-03T11:58:23.000Z,1
2019-12-03T12:00:27.000Z,1
2019-12-03T12:02:02.000Z,1
2019-12-03T13:44:31.000Z,1
2019-12-03T14:09:01.000Z,1
2019-12-03T15:19:56.000Z,1
2019-12-03T15:28:14.000Z,1
2019-12-03T16:06:00.000Z,3
2019-12-03T16:06:37.000Z,1
2019-12-03T16:29:02.000Z,1
2019-12-03T16:40:59.000Z,1
2019-12-03T16:57:00.000Z,2
2019-12-03T17:05:45.000Z,1
2019-12-03T17:12:14.000Z,1
2019-12-03T17:16:41.000Z,2
2019-12-03T17:27:20.000Z,1
2019-12-03T17:27:18.000Z,1
2019-12-03T17:33:29.000Z,2
2019-12-03T17:39:52.000Z,1
2019-12-03T17:49:55.000Z,1
2019-12-03T19:07:52.000Z,1
2019-12-03T19:33:52.000Z,1
2019-12-03T19:56:06.000Z,1
2019-12-03T20:12:05.000Z,1
2019-12-03T21:16:30.000Z,1
2019-12-03T22:46:27.000Z,1
2019-12-03T23:38:57.000Z,1
2019-12-04T05:32:17.000Z,1
2019-12-04T06:20:28.000Z,1
2019-12-04T07:41:47.000Z,1
2019-12-04T07:49:58.000Z,2
2019-12-04T07:59:55.000Z,1
2019-12-04T08:01:32.000Z,1
2019-12-04T08:23:48.000Z,1
2019-12-04T08:28:04.000Z,1
2019-12-04T08:28:08.000Z,1
2019-12-04T08:40:29.000Z,1
2019-12-04T09:13:34.000Z,1
2019-12-04T09:22:33.000Z,1
2019-12-04T09:24:03.000Z,1
2019-12-04T10:29:34.000Z,1
2019-12-04T11:52:44.000Z,1
2019-12-04T13:59:03.000Z,1
2019-12-04T14:17:25.000Z,1
2019-12-04T14:30:08.000Z,1
2019-12-04T14:47:07.000Z,2
2019-12-04T15:09:08.000Z,1
2019-12-04T15:21:11.000Z,1
2019-12-04T15:46:54.000Z,1
2019-12-04T16:32:08.000Z,1
2019-12-04T16:49:42.000Z,1
2019-12-04T16:53:57.000Z,1
2019-12-04T17:48:24.000Z,1
2019-12-04T18:12:14.000Z,1
2019-12-04T18:39:07.000Z,2
2019-12-04T19:03:56.000Z,1
2019-12-04T19:18:07.000Z,1
2019-12-04T19:27:47.000Z,1
2019-12-04T20:05:23.000Z,1
2019-12-04T20:57:29.000Z,1
2019-12-05T04:41:58.000Z,1
2019-12-05T05:22:39.000Z,1
2019-12-05T05:37:28.000Z,1
2019-12-05T07:12:31.000Z,1
2019-12-05T07:13:47.000Z,1
2019-12-05T07:35:54.000Z,2
2019-12-05T07:36:13.000Z,2
2019-12-05T07:39:28.000Z,1
2019-12-05T07:44:17.000Z,1
2019-12-05T07:52:59.000Z,1
2019-12-05T08:01:02.000Z,1
2019-12-05T08:03:18.000Z,2
2019-12-05T08:05:39.000Z,1
2019-12-05T08:26:28.000Z,2
2019-12-05T08:33:02.000Z,2
2019-12-05T08:33:17.000Z,1
2019-12-05T08:34:01.000Z,1
2019-12-05T08:44:31.000Z,1
2019-12-05T09:14:09.000Z,1
2019-12-05T09:43:06.000Z,1
2019-12-05T09:53:40.000Z,1
2019-12-05T10:36:43.000Z,1
2019-12-05T11:05:30.000Z,1
2019-12-05T11:20:43.000Z,1
2019-12-05T11:55:48.000Z,1
2019-12-05T13:08:39.000Z,1
2019-12-05T15:43:43.000Z,1
2019-12-05T16:04:49.000Z,1
2019-12-05T16:24:22.000Z,1
2019-12-05T16:54:22.000Z,1
2019-12-05T17:04:54.000Z,1
2019-12-05T17:13:44.000Z,1
2019-12-05T17:15:28.000Z,1
2019-12-05T17:25:03.000Z,1
2019-12-05T17:27:22.000Z,1
2019-12-05T17:31:18.000Z,1
2019-12-05T17:45:32.000Z,1
2019-12-05T17:54:59.000Z,1
2019-12-05T18:19:54.000Z,1
2019-12-05T18:44:04.000Z,1
2019-12-05T18:53:11.000Z,1
2019-12-05T19:15:20.000Z,1
2019-12-05T19:30:20.000Z,1
2019-12-05T22:01:43.000Z,1
2019-12-05T22:31:47.000Z,1
2019-12-05T22:43:52.000Z,1
2019-12-06T06:30:09.000Z,1
2019-12-06T06:59:03.000Z,1
2019-12-06T07:10:59.000Z,1
2019-12-06T07:17:08.000Z,1
2019-12-06T07:27:05.000Z,1
2019-12-06T07:27:29.000Z,1
2019-12-06T08:16:04.000Z,1
2019-12-06T08:24:05.000Z,1
2019-12-06T08:38:14.000Z,1
2019-12-06T08:57:03.000Z,1
2019-12-06T09:25:19.000Z,1
2019-12-06T09:25:53.000Z,1
2019-12-06T10:26:04.000Z,1
2019-12-06T10:39:17.000Z,1
2019-12-06T10:57:50.000Z,1
2019-12-06T12:53:57.000Z,1
2019-12-06T13:42:30.000Z,1
2019-12-06T14:44:36.000Z,1
2019-12-06T15:25:52.000Z,1
2019-12-06T15:35:10.000Z,1
2019-12-06T16:19:21.000Z,1
2019-12-06T16:40:59.000Z,1
2019-12-06T16:44:31.000Z,1
2019-12-06T16:48:39.000Z,1
2019-12-06T16:52:40.000Z,1
2019-12-06T17:39:15.000Z,1
2019-12-06T17:56:53.000Z,2
2019-12-06T19:12:31.000Z,1
2019-12-06T19:27:37.000Z,1
2019-12-06T20:18:26.000Z,1
2019-12-06T20:37:22.000Z,1
2019-12-06T23:20:55.000Z,1
2019-12-07T02:55:19.000Z,1
2019-12-07T08:45:48.000Z,1
2019-12-07T10:23:04.000Z,1
2019-12-07T12:57:28.000Z,1
2019-12-07T13:42:08.000Z,2
2019-12-07T13:56:25.000Z,1
2019-12-07T14:30:46.000Z,1
2019-12-07T15:42:27.000Z,1
2019-12-07T16:11:52.000Z,1
2019-12-07T17:39:28.000Z,1
2019-12-07T18:04:28.000Z,1
2019-12-07T18:24:16.000Z,1
2019-12-07T18:25:45.000Z,1
2019-12-07T18:32:37.000Z,1
2019-12-07T19:06:40.000Z,1
2019-12-07T22:48:16.000Z,1
2019-12-08T10:20:53.000Z,1
2019-12-08T13:12:19.000Z,1
2019-12-08T13:16:53.000Z,1
2019-12-08T13:42:29.000Z,1
2019-12-08T13:58:38.000Z,1
2019-12-08T14:09:18.000Z,1
2019-12-08T14:11:45.000Z,1
2019-12-08T14:34:33.000Z,1
2019-12-08T15:19:49.000Z,1
2019-12-08T16:52:20.000Z,1
2019-12-08T18:00:21.000Z,1
2019-12-08T19:16:04.000Z,1
2019-12-08T20:11:06.000Z,1
2019-12-08T20:37:51.000Z,1
2019-12-08T20:40:09.000Z,1
2019-12-08T21:06:57.000Z,1
2019-12-08T21:18:16.000Z,1
2019-12-08T21:29:54.000Z,1
2019-12-09T07:38:29.000Z,1
2019-12-09T07:59:26.000Z,1
2019-12-09T08:16:09.000Z,1
2019-12-09T08:42:01.000Z,1
2019-12-09T08:47:43.000Z,1
2019-12-09T09:04:33.000Z,1
2019-12-09T12:09:28.000Z,1
2019-12-09T12:26:24.000Z,1
2019-12-09T12:35:27.000Z,1
2019-12-09T13:03:51.000Z,1
2019-12-09T14:19:13.000Z,1
2019-12-09T15:40:38.000Z,1
2019-12-09T16:00:56.000Z,1
2019-12-09T16:40:15.000Z,1
2019-12-09T16:43:47.000Z,1
2019-12-09T16:52:41.000Z,1
2019-12-09T17:02:18.000Z,2
2019-12-09T17:58:42.000Z,1
2019-12-09T18:54:17.000Z,1
2019-12-09T19:32:22.000Z,1
2019-12-09T21:40:11.000Z,1
2019-12-09T21:56:25.000Z,1
2019-12-09T23:02:46.000Z,1
2019-12-10T05:05:37.000Z,1
2019-12-10T07:40:18.000Z,1
2019-12-10T07:41:24.000Z,1
2019-12-10T07:42:28.000Z,1
2019-12-10T08:17:49.000Z,1
2019-12-10T08:24:43.000Z,1
2019-12-10T08:33:11.000Z,1
2019-12-10T08:44:56.000Z,1
2019-12-10T08:54:16.000Z,1
2019-12-10T09:40:22.000Z,1
2019-12-10T09:43:21.000Z,1
2019-12-10T10:51:15.000Z,1
2019-12-10T10:51:50.000Z,1
2019-12-10T11:37:28.000Z,1
2019-12-10T11:59:15.000Z,1
2019-12-10T12:24:12.000Z,1
2019-12-10T13:13:30.000Z,1
2019-12-10T15:43:09.000Z,1
2019-12-10T15:51:40.000Z,1
2019-12-10T15:56:08.000Z,1
2019-12-10T16:12:47.000Z,1
2019-12-10T17:14:18.000Z,1
2019-12-10T17:23:36.000Z,1
2019-12-10T17:39:19.000Z,1
2019-12-10T17:46:08.000Z,1
2019-12-10T18:03:36.000Z,1
2019-12-10T18:29:30.000Z,1
2019-12-10T19:12:40.000Z,1
2019-12-10T19:37:59.000Z,1
2019-12-10T19:38:56.000Z,2
2019-12-10T19:40:18.000Z,1
2019-12-10T20:05:56.000Z,1
2019-12-10T20:39:38.000Z,1
2019-12-10T21:02:20.000Z,1
2019-12-11T06:12:41.000Z,1
2019-12-11T07:51:39.000Z,1
2019-12-11T07:53:17.000Z,2
2019-12-11T08:57:06.000Z,1
2019-12-11T12:20:09.000Z,1
2019-12-11T12:47:42.000Z,1
2019-12-02T06:48:54.000Z,1
2019-12-02T07:11:34.000Z,1
2019-12-02T07:13:35.000Z,1
2019-12-02T08:15:22.000Z,1
2019-12-02T08:32:11.000Z,1
2019-12-02T12:04:23.000Z,1
2019-12-02T12:38:37.000Z,1
2019-12-02T13:40:45.000Z,1
2019-12-02T14:21:17.000Z,1
2019-12-02T14:51:18.000Z,1
2019-12-02T15:34:06.000Z,1
2019-12-02T15:47:43.000Z,1
2019-12-02T15:57:48.000Z,1
2019-12-02T16:05:36.000Z,1
2019-12-02T16:06:28.000Z,1
2019-12-02T16:32:44.000Z,1
2019-12-02T16:35:01.000Z,1
2019-12-02T17:04:46.000Z,1
2019-12-02T17:18:47.000Z,1
2019-12-02T17:51:35.000Z,1
2019-12-02T18:43:28.000Z,1
2019-12-02T19:06:00.000Z,1
2019-12-03T07:09:19.000Z,1
2019-12-03T08:06:12.000Z,1
2019-12-02T09:15:36.000Z,1
2019-12-02T10:23:52.000Z,1
2019-12-02T11:12:11.000Z,1
2019-12-02T11:42:17.000Z,1
2019-12-02T12:57:39.000Z,1
2019-12-02T16:40:58.000Z,2
2019-12-02T16:46:17.000Z,1
2019-12-02T17:45:41.000Z,2
2019-12-02T17:53:54.000Z,1
2019-12-02T18:02:07.000Z,2
2019-12-02T18:49:03.000Z,1
2019-12-02T18:54:15.000Z,1
2019-12-02T19:18:26.000Z,1
2019-12-02T19:23:37.000Z,1
2019-12-02T19:54:54.000Z,1
2019-12-02T20:13:46.000Z,1
2019-12-02T21:51:12.000Z,1
2019-12-03T01:08:42.000Z,1
2019-12-03T07:00:01.000Z,1
2019-12-03T07:54:39.000Z,2
2019-12-03T08:04:08.000Z,1
2019-12-03T09:02:11.000Z,1
2019-12-03T10:07:24.000Z,1
2019-12-03T10:43:35.000Z,1
2019-12-03T11:07:39.000Z,1
2019-12-03T12:18:50.000Z,1
2019-12-03T15:22:37.000Z,1
2019-12-03T16:24:50.000Z,1
2019-12-03T16:42:55.000Z,1
2019-12-03T16:51:39.000Z,1
2019-12-03T16:58:41.000Z,1
2019-12-03T17:09:08.000Z,1
2019-12-03T17:09:21.000Z,2
2019-12-03T17:23:03.000Z,1
2019-12-03T17:28:07.000Z,1
2019-12-03T17:41:47.000Z,1
2019-12-03T17:42:37.000Z,1
2019-12-03T17:52:54.000Z,1
2019-12-03T17:53:33.000Z,1
2019-12-03T18:06:07.000Z,1
2019-12-03T18:13:46.000Z,1
2019-12-03T18:15:20.000Z,1
2019-12-03T18:22:53.000Z,1
2019-12-03T19:15:06.000Z,1
2019-12-03T20:05:47.000Z,1
2019-12-03T20:39:14.000Z,1
2019-12-03T21:47:23.000Z,1
2019-12-03T22:11:34.000Z,1
2019-12-03T22:39:31.000Z,1
2019-12-04T04:52:36.000Z,1
2019-12-04T06:39:57.000Z,1
2019-12-04T06:43:27.000Z,1
2019-12-04T06:43:32.000Z,1
2019-12-04T06:54:26.000Z,1
2019-12-04T07:41:50.000Z,1
2019-12-04T08:25:19.000Z,1
2019-12-04T08:28:05.000Z,2
2019-12-04T09:12:03.000Z,1
2019-12-04T09:54:05.000Z,1
2019-12-04T10:40:39.000Z,1
2019-12-04T11:07:14.000Z,1
2019-12-04T11:15:59.000Z,1
2019-12-04T12:53:48.000Z,1
2019-12-04T14:21:00.000Z,1
2019-12-04T14:29:39.000Z,1
2019-12-04T16:09:42.000Z,3
2019-12-04T16:10:53.000Z,1
2019-12-04T16:18:21.000Z,1
2019-12-04T16:20:59.000Z,1
2019-12-04T16:24:15.000Z,1
2019-12-04T17:03:58.000Z,2
2019-12-04T17:05:56.000Z,1
2019-12-04T17:23:05.000Z,1
2019-12-04T17:43:56.000Z,1
2019-12-04T17:55:20.000Z,1
2019-12-04T18:17:47.000Z,1
2019-12-04T18:20:40.000Z,2
2019-12-04T18:58:23.000Z,1
2019-12-04T19:10:40.000Z,1
2019-12-04T19:38:40.000Z,1
2019-12-04T19:39:17.000Z,1
2019-12-04T19:39:50.000Z,1
2019-12-04T19:46:39.000Z,1
2019-12-04T20:37:46.000Z,1
2019-12-04T20:43:07.000Z,1
2019-12-04T20:59:58.000Z,1
2019-12-04T21:28:27.000Z,1
2019-12-04T22:03:31.000Z,1
2019-12-04T22:12:39.000Z,1
2019-12-05T06:47:55.000Z,1
2019-12-05T07:01:38.000Z,1
2019-12-05T07:08:00.000Z,1
2019-12-05T07:24:21.000Z,1
2019-12-05T07:24:49.000Z,1
2019-12-05T07:57:01.000Z,1
2019-12-05T08:03:27.000Z,1
2019-12-05T08:04:04.000Z,1
2019-12-05T08:11:22.000Z,2
2019-12-05T08:20:25.000Z,1
2019-12-05T08:32:22.000Z,2
2019-12-05T08:34:13.000Z,1
2019-12-05T08:34:53.000Z,1
2019-12-05T08:40:55.000Z,1
2019-12-05T08:42:21.000Z,1
2019-12-05T09:00:44.000Z,1
2019-12-05T09:09:04.000Z,1
2019-12-05T11:22:51.000Z,1
2019-12-05T11:44:33.000Z,1
2019-12-05T12:19:05.000Z,1
2019-12-05T12:34:16.000Z,1
2019-12-05T12:52:40.000Z,1
2019-12-05T13:20:00.000Z,1
2019-12-05T14:23:40.000Z,1
2019-12-05T15:00:16.000Z,1
2019-12-05T15:53:32.000Z,1
2019-12-05T16:03:13.000Z,1
2019-12-05T16:16:22.000Z,1
2019-12-05T16:22:30.000Z,1
2019-12-05T16:27:06.000Z,1
2019-12-05T16:33:31.000Z,1
2019-12-05T16:42:12.000Z,1
2019-12-05T16:45:15.000Z,1
2019-12-05T16:58:42.000Z,3
2019-12-05T17:03:52.000Z,1
2019-12-05T17:05:27.000Z,1
2019-12-05T17:24:53.000Z,2
2019-12-05T17:32:15.000Z,2
2019-12-05T17:52:37.000Z,1
2019-12-05T18:03:41.000Z,1
2019-12-05T18:04:50.000Z,2
2019-12-05T18:45:24.000Z,1
2019-12-05T20:49:05.000Z,1
2019-12-05T21:15:08.000Z,1
2019-12-05T22:44:05.000Z,1
2019-12-05T23:09:59.000Z,1
2019-12-06T04:49:51.000Z,1
2019-12-06T06:28:38.000Z,1
2019-12-06T06:34:19.000Z,1
2019-12-06T07:16:35.000Z,1
2019-12-06T07:17:45.000Z,1
2019-12-06T07:42:30.000Z,1
2019-12-06T07:50:55.000Z,1
2019-12-06T08:44:48.000Z,1
2019-12-06T08:52:58.000Z,1
2019-12-06T09:27:16.000Z,1
2019-12-06T09:36:33.000Z,1
2019-12-06T10:02:39.000Z,1
2019-12-06T10:07:37.000Z,1
2019-12-06T10:58:13.000Z,1
2019-12-06T12:28:02.000Z,1
2019-12-06T13:05:10.000Z,1
2019-12-06T13:14:14.000Z,1
2019-12-06T13:31:35.000Z,1
2019-12-06T14:24:00.000Z,1
2019-12-06T15:11:27.000Z,1
2019-12-06T16:16:35.000Z,1
2019-12-06T16:43:08.000Z,1
2019-12-06T16:50:24.000Z,1
2019-12-06T17:00:17.000Z,1
2019-12-06T17:07:12.000Z,2
2019-12-06T17:07:22.000Z,1
2019-12-06T17:38:48.000Z,1
2019-12-06T19:15:24.000Z,1
2019-12-06T19:32:38.000Z,1
2019-12-06T20:31:28.000Z,1
2019-12-06T22:13:08.000Z,1
2019-12-07T07:43:37.000Z,1
2019-12-07T09:22:13.000Z,1
2019-12-07T09:31:16.000Z,1
2019-12-07T10:13:50.000Z,1
2019-12-07T11:45:40.000Z,1
2019-12-07T12:13:29.000Z,1
2019-12-07T12:19:14.000Z,1
2019-12-07T13:11:48.000Z,1
2019-12-07T13:11:58.000Z,1
2019-12-07T13:53:12.000Z,1
2019-12-07T13:54:53.000Z,1
2019-12-07T14:11:20.000Z,1
2019-12-07T14:58:14.000Z,1
2019-12-07T15:08:24.000Z,1
2019-12-07T15:30:28.000Z,1
2019-12-07T15:45:15.000Z,1
2019-12-07T15:53:36.000Z,1
2019-12-07T15:54:33.000Z,1
2019-12-07T16:34:35.000Z,1
2019-12-07T17:15:37.000Z,1
2019-12-07T17:38:31.000Z,1
2019-12-07T18:01:46.000Z,1
2019-12-07T19:57:36.000Z,1
2019-12-07T22:51:05.000Z,1
2019-12-07T23:20:10.000Z,1
2019-12-08T09:57:14.000Z,1
2019-12-08T11:00:54.000Z,2
2019-12-08T11:35:01.000Z,1
2019-12-08T11:39:02.000Z,1
2019-12-08T12:31:05.000Z,1
2019-12-08T12:41:49.000Z,1
2019-12-08T12:52:36.000Z,1
2019-12-08T13:34:48.000Z,1
2019-12-08T13:58:10.000Z,1
2019-12-08T13:58:44.000Z,1
2019-12-08T14:15:52.000Z,1
2019-12-08T14:27:53.000Z,1
2019-12-08T15:50:50.000Z,1
2019-12-08T16:01:10.000Z,2
2019-12-08T16:27:43.000Z,1
2019-12-08T17:56:23.000Z,1
2019-12-08T19:01:18.000Z,1
2019-12-09T06:35:56.000Z,1
2019-12-09T06:51:38.000Z,1
2019-12-09T06:53:58.000Z,1
2019-12-09T07:05:47.000Z,1
2019-12-09T07:17:13.000Z,1
2019-12-09T07:31:03.000Z,1
2019-12-09T08:04:56.000Z,1
2019-12-09T08:06:37.000Z,1
2019-12-09T08:12:18.000Z,1
2019-12-09T08:15:37.000Z,1
2019-12-09T08:21:22.000Z,2
2019-12-09T08:38:55.000Z,1
2019-12-09T08:44:32.000Z,1
2019-12-09T08:47:47.000Z,1
2019-12-09T09:10:12.000Z,1
2019-12-09T12:00:23.000Z,1
2019-12-09T12:06:49.000Z,1
2019-12-09T12:30:47.000Z,2
2019-12-09T12:45:22.000Z,1
2019-12-09T13:18:15.000Z,1
2019-12-09T15:23:46.000Z,1
2019-12-09T15:26:31.000Z,1
2019-12-09T16:19:23.000Z,1
2019-12-09T16:38:13.000Z,1
2019-12-09T16:52:51.000Z,1
2019-12-09T16:58:30.000Z,2
2019-12-09T17:31:19.000Z,2
2019-12-09T17:33:56.000Z,1
2019-12-09T19:17:25.000Z,1
2019-12-09T19:18:18.000Z,1
2019-12-09T19:36:08.000Z,1
2019-12-09T19:41:29.000Z,1
2019-12-09T19:55:23.000Z,1
2019-12-10T06:32:20.000Z,1
2019-12-10T06:41:39.000Z,1
2019-12-10T07:05:56.000Z,1
2019-12-10T07:08:20.000Z,1
2019-12-10T07:09:16.000Z,1
2019-12-10T07:25:08.000Z,1
2019-12-10T08:15:04.000Z,2
2019-12-10T08:22:06.000Z,1
2019-12-10T08:26:37.000Z,2
2019-12-10T09:25:36.000Z,1
2019-12-10T09:27:21.000Z,1
2019-12-10T09:35:48.000Z,1
2019-12-10T10:28:00.000Z,1
2019-12-10T10:50:55.000Z,1
2019-12-10T11:38:52.000Z,1
2019-12-10T11:46:37.000Z,1
2019-12-10T12:36:09.000Z,1
2019-12-10T15:45:10.000Z,1
2019-12-10T16:13:13.000Z,1
2019-12-10T16:25:25.000Z,1
2019-12-10T16:26:01.000Z,1
2019-12-10T16:26:51.000Z,1
2019-12-10T16:52:49.000Z,1
2019-12-10T17:28:11.000Z,1
2019-12-10T17:44:07.000Z,1
2019-12-10T17:58:53.000Z,1
2019-12-10T18:06:55.000Z,1
2019-12-10T18:07:13.000Z,1
2019-12-10T18:49:28.000Z,1
2019-12-10T19:27:28.000Z,1
2019-12-10T21:27:59.000Z,1
2019-12-11T05:49:57.000Z,1
2019-12-11T07:18:57.000Z,1
2019-12-11T07:42:21.000Z,1
2019-12-11T08:32:46.000Z,1
2019-12-11T12:07:31.000Z,1
2019-12-02T06:29:29.000Z,1
2019-12-02T06:56:53.000Z,1
2019-12-02T07:13:07.000Z,1
2019-12-02T08:07:29.000Z,1
2019-12-02T08:07:40.000Z,1
2019-12-02T08:23:24.000Z,1
2019-12-02T08:36:56.000Z,1
2019-12-02T08:43:21.000Z,1
2019-12-02T09:58:36.000Z,1
2019-12-02T11:12:51.000Z,1
2019-12-02T12:14:37.000Z,1
2019-12-02T12:16:29.000Z,1
2019-12-02T13:19:44.000Z,1
2019-12-02T15:23:59.000Z,1
2019-12-02T16:18:01.000Z,1
2019-12-02T16:18:41.000Z,1
2019-12-02T16:48:43.000Z,2
2019-12-03T09:17:27.000Z,1
2019-12-03T16:42:57.000Z,1
2019-12-02T12:38:13.000Z,1
2019-12-02T16:37:05.000Z,1
2019-12-02T16:41:37.000Z,1
2019-12-02T16:46:29.000Z,1
2019-12-02T16:47:09.000Z,1
2019-12-02T17:21:48.000Z,2
2019-12-02T17:41:13.000Z,1
2019-12-02T18:02:50.000Z,1
2019-12-02T18:08:48.000Z,1
2019-12-02T18:21:47.000Z,1
2019-12-02T18:33:23.000Z,1
2019-12-02T18:47:11.000Z,1
2019-12-02T21:07:55.000Z,1
2019-12-03T04:31:16.000Z,1
2019-12-03T05:29:28.000Z,1
2019-12-03T06:44:40.000Z,1
2019-12-03T06:44:55.000Z,1
2019-12-03T07:16:50.000Z,1
2019-12-03T07:30:57.000Z,2
2019-12-03T08:58:12.000Z,1
2019-12-03T10:47:33.000Z,1
2019-12-03T12:28:31.000Z,1
2019-12-03T12:36:46.000Z,1
2019-12-03T12:55:35.000Z,1
2019-12-03T15:04:46.000Z,1
2019-12-03T15:31:21.000Z,1
2019-12-03T16:18:11.000Z,1
2019-12-03T16:33:58.000Z,1
2019-12-03T16:38:54.000Z,1
2019-12-03T17:10:15.000Z,2
2019-12-03T17:10:28.000Z,1
2019-12-03T17:27:37.000Z,1
2019-12-03T17:28:34.000Z,1
2019-12-03T17:32:59.000Z,1
2019-12-03T17:46:25.000Z,1
2019-12-03T18:08:11.000Z,1
2019-12-03T18:36:42.000Z,1
2019-12-03T18:36:50.000Z,1
2019-12-03T19:19:19.000Z,1
2019-12-03T19:34:24.000Z,1
2019-12-03T20:32:13.000Z,1
2019-12-03T23:29:54.000Z,1
2019-12-04T05:50:25.000Z,1
2019-12-04T06:05:26.000Z,1
2019-12-04T07:02:13.000Z,2
2019-12-04T07:57:21.000Z,2
2019-12-04T08:30:19.000Z,1
2019-12-04T08:37:48.000Z,2
2019-12-04T08:46:41.000Z,1
2019-12-04T11:19:35.000Z,1
2019-12-04T12:50:37.000Z,2
2019-12-04T13:21:00.000Z,1
2019-12-04T14:08:50.000Z,1
2019-12-04T14:43:41.000Z,1
2019-12-04T15:06:38.000Z,1
2019-12-04T16:05:45.000Z,1
2019-12-04T16:23:42.000Z,1
2019-12-04T16:39:53.000Z,1
2019-12-04T16:40:32.000Z,1
2019-12-04T16:40:52.000Z,1
2019-12-04T17:06:55.000Z,1
2019-12-04T17:10:09.000Z,1
2019-12-04T17:11:32.000Z,1
2019-12-04T17:37:43.000Z,1
2019-12-04T17:39:55.000Z,1
2019-12-04T17:52:10.000Z,1
2019-12-04T18:22:34.000Z,1
2019-12-04T18:24:55.000Z,1
2019-12-04T18:25:00.000Z,1
2019-12-04T18:36:15.000Z,1
2019-12-04T18:39:47.000Z,2
2019-12-04T19:25:41.000Z,1
2019-12-04T19:44:47.000Z,1
2019-12-04T19:59:49.000Z,1
2019-12-04T20:33:11.000Z,1
2019-12-04T21:34:33.000Z,1
2019-12-04T23:50:58.000Z,1
2019-12-05T00:14:21.000Z,1
2019-12-05T06:23:57.000Z,2
2019-12-05T06:33:51.000Z,1
2019-12-05T06:42:47.000Z,1
2019-12-05T06:51:01.000Z,1
2019-12-05T07:49:07.000Z,1
2019-12-05T07:52:50.000Z,1
2019-12-05T07:55:42.000Z,1
2019-12-05T08:24:44.000Z,1
2019-12-05T08:29:59.000Z,1
2019-12-05T08:48:09.000Z,1
2019-12-05T08:49:05.000Z,1
2019-12-05T08:57:38.000Z,1
2019-12-05T09:02:50.000Z,1
2019-12-05T09:03:24.000Z,1
2019-12-05T09:19:17.000Z,1
2019-12-05T09:29:13.000Z,1
2019-12-05T09:59:02.000Z,1
2019-12-05T11:44:43.000Z,1
2019-12-05T14:56:05.000Z,1
2019-12-05T16:12:52.000Z,1
2019-12-05T16:32:55.000Z,1
2019-12-05T16:37:41.000Z,2
2019-12-05T17:37:59.000Z,1
2019-12-05T17:43:21.000Z,1
2019-12-05T17:55:27.000Z,1
2019-12-05T18:04:28.000Z,1
2019-12-05T18:12:15.000Z,1
2019-12-05T18:41:43.000Z,2
2019-12-05T19:06:12.000Z,2
2019-12-05T19:10:34.000Z,1
2019-12-05T19:21:02.000Z,1
2019-12-05T19:39:59.000Z,1
2019-12-05T21:15:22.000Z,1
2019-12-05T22:52:18.000Z,1
2019-12-05T22:58:19.000Z,1
2019-12-05T23:22:47.000Z,1
2019-12-05T23:50:00.000Z,2
2019-12-06T06:25:08.000Z,1
2019-12-06T06:31:25.000Z,1
2019-12-06T07:35:10.000Z,1
2019-12-06T07:45:25.000Z,1
2019-12-06T08:08:19.000Z,1
2019-12-06T08:09:21.000Z,1
2019-12-06T08:27:46.000Z,1
2019-12-06T08:47:00.000Z,1
2019-12-06T09:30:15.000Z,1
2019-12-06T11:28:31.000Z,1
2019-12-06T11:54:00.000Z,1
2019-12-06T12:16:26.000Z,1
2019-12-06T12:54:07.000Z,1
2019-12-06T14:06:51.000Z,1
2019-12-06T14:13:10.000Z,1
2019-12-06T14:23:34.000Z,1
2019-12-06T14:39:21.000Z,1
2019-12-06T15:26:40.000Z,1
2019-12-06T16:02:01.000Z,1
2019-12-06T16:17:12.000Z,2
2019-12-06T16:17:25.000Z,1
2019-12-06T16:45:18.000Z,1
2019-12-06T17:22:10.000Z,1
2019-12-06T17:25:35.000Z,2
2019-12-06T17:33:58.000Z,1
2019-12-06T17:41:58.000Z,1
2019-12-06T18:04:23.000Z,1
2019-12-06T18:06:21.000Z,1
2019-12-06T18:16:10.000Z,1
2019-12-06T18:20:37.000Z,1
2019-12-06T18:22:49.000Z,1
2019-12-06T18:23:14.000Z,1
2019-12-06T18:35:15.000Z,1
2019-12-06T19:19:23.000Z,1
2019-12-06T19:51:25.000Z,1
2019-12-06T20:57:47.000Z,1
2019-12-06T22:29:52.000Z,1
2019-12-07T00:30:53.000Z,1
2019-12-07T08:38:58.000Z,1
2019-12-07T10:05:48.000Z,1
2019-12-07T10:06:51.000Z,1
2019-12-07T11:05:26.000Z,1
2019-12-07T12:59:36.000Z,2
2019-12-07T13:51:35.000Z,1
2019-12-07T14:14:37.000Z,1
2019-12-07T14:45:07.000Z,1
2019-12-07T15:17:53.000Z,1
2019-12-07T15:34:21.000Z,1
2019-12-07T16:03:51.000Z,1
2019-12-07T16:21:04.000Z,2
2019-12-07T16:21:02.000Z,1
2019-12-07T16:30:34.000Z,1
2019-12-07T16:43:24.000Z,1
2019-12-07T20:36:55.000Z,1
2019-12-07T21:51:34.000Z,1
2019-12-07T22:09:14.000Z,1
2019-12-07T23:16:39.000Z,1
2019-12-08T00:04:34.000Z,1
2019-12-08T08:45:07.000Z,1
2019-12-08T10:18:37.000Z,1
2019-12-08T10:24:00.000Z,1
2019-12-08T12:56:44.000Z,1
2019-12-08T13:07:18.000Z,1
2019-12-08T15:32:38.000Z,1
2019-12-08T15:40:08.000Z,1
2019-12-08T15:42:23.000Z,1
2019-12-08T15:59:13.000Z,1
2019-12-08T16:02:39.000Z,2
2019-12-08T16:32:20.000Z,1
2019-12-08T18:31:34.000Z,1
2019-12-08T19:28:07.000Z,1
2019-12-08T20:35:50.000Z,1
2019-12-08T20:49:20.000Z,1
2019-12-08T22:31:16.000Z,1
2019-12-09T00:56:22.000Z,1
2019-12-09T07:22:57.000Z,2
2019-12-09T07:30:08.000Z,1
2019-12-09T09:06:43.000Z,1
2019-12-09T09:55:28.000Z,1
2019-12-09T11:24:33.000Z,1
2019-12-09T12:46:59.000Z,1
2019-12-09T14:08:09.000Z,2
2019-12-09T14:44:45.000Z,1
2019-12-09T15:12:57.000Z,1
2019-12-09T16:27:01.000Z,1
2019-12-09T17:02:04.000Z,2
2019-12-09T17:08:14.000Z,1
2019-12-09T17:14:51.000Z,1
2019-12-09T17:16:14.000Z,1
2019-12-09T17:19:30.000Z,1
2019-12-09T17:20:25.000Z,1
2019-12-09T17:30:23.000Z,1
2019-12-09T17:48:06.000Z,1
2019-12-09T18:30:27.000Z,1
2019-12-09T18:31:37.000Z,1
2019-12-09T19:31:58.000Z,1
2019-12-10T06:11:46.000Z,1
2019-12-10T06:54:22.000Z,1
2019-12-10T07:19:31.000Z,1
2019-12-10T07:40:42.000Z,1
2019-12-10T07:42:58.000Z,1
2019-12-10T08:02:51.000Z,1
2019-12-10T08:19:05.000Z,1
2019-12-10T08:21:50.000Z,1
2019-12-10T08:29:45.000Z,1
2019-12-10T08:38:45.000Z,1
2019-12-10T08:39:53.000Z,1
2019-12-10T08:50:37.000Z,1
2019-12-10T09:05:26.000Z,1
2019-12-10T10:24:22.000Z,1
2019-12-10T10:26:48.000Z,1
2019-12-10T11:38:26.000Z,1
2019-12-10T12:32:29.000Z,1
2019-12-10T12:47:50.000Z,1
2019-12-10T13:16:30.000Z,1
2019-12-10T14:37:10.000Z,1
2019-12-10T16:30:00.000Z,1
2019-12-10T16:42:34.000Z,1
2019-12-10T16:51:49.000Z,1
2019-12-10T16:54:08.000Z,2
2019-12-10T16:57:08.000Z,1
2019-12-10T17:05:55.000Z,1
2019-12-10T17:18:21.000Z,1
2019-12-10T17:19:49.000Z,1
2019-12-10T17:20:16.000Z,1
2019-12-10T17:28:48.000Z,1
2019-12-10T17:38:13.000Z,1
2019-12-10T17:47:49.000Z,1
2019-12-10T17:54:50.000Z,1
2019-12-10T17:56:36.000Z,1
2019-12-10T17:56:49.000Z,1
2019-12-10T18:00:07.000Z,1
2019-12-10T19:06:49.000Z,1
2019-12-10T20:07:07.000Z,1
2019-12-11T05:30:16.000Z,1
2019-12-11T05:32:29.000Z,1
2019-12-11T06:29:58.000Z,1
2019-12-11T06:33:22.000Z,1
2019-12-11T06:49:06.000Z,1
2019-12-11T07:24:43.000Z,1
2019-12-11T08:02:58.000Z,1
2019-12-11T08:41:05.000Z,1
2019-12-11T08:41:51.000Z,1
2019-12-11T11:17:31.000Z,1
2019-12-11T13:02:32.000Z,1
2019-12-02T07:31:09.000Z,1
2019-12-02T07:33:06.000Z,1
2019-12-02T07:49:56.000Z,1
2019-12-02T07:52:47.000Z,1
2019-12-02T08:43:39.000Z,1
2019-12-02T08:44:23.000Z,1
2019-12-02T08:46:05.000Z,1
2019-12-02T09:15:05.000Z,2
2019-12-02T09:55:10.000Z,1
2019-12-02T10:50:42.000Z,1
2019-12-02T12:00:36.000Z,1
2019-12-02T16:37:10.000Z,1
2019-12-02T16:49:27.000Z,1
2019-12-02T17:09:12.000Z,1
2019-12-02T17:38:30.000Z,1
2019-12-02T17:38:47.000Z,2
2019-12-02T17:40:37.000Z,2
2019-12-03T08:44:32.000Z,1
2019-12-02T09:11:46.000Z,1
2019-12-02T09:56:21.000Z,1
2019-12-02T15:13:59.000Z,1
2019-12-02T18:11:52.000Z,1
2019-12-02T18:19:47.000Z,1
2019-12-02T18:27:03.000Z,1
2019-12-02T18:41:11.000Z,1
2019-12-02T18:54:27.000Z,1
2019-12-02T20:29:23.000Z,1
2019-12-03T06:40:52.000Z,1
2019-12-03T07:00:54.000Z,1
2019-12-03T07:57:10.000Z,1
2019-12-03T08:01:16.000Z,1
2019-12-03T08:05:56.000Z,1
2019-12-03T08:29:52.000Z,1
2019-12-03T08:51:59.000Z,1
2019-12-03T10:26:23.000Z,1
2019-12-03T10:32:56.000Z,1
2019-12-03T10:37:10.000Z,1
2019-12-03T11:46:07.000Z,1
2019-12-03T12:31:25.000Z,1
2019-12-03T13:25:02.000Z,1
2019-12-03T16:21:39.000Z,1
2019-12-03T16:39:38.000Z,1
2019-12-03T16:53:23.000Z,2
2019-12-03T17:17:29.000Z,1
2019-12-03T17:36:29.000Z,1
2019-12-03T17:52:17.000Z,1
2019-12-03T17:53:10.000Z,1
2019-12-03T17:53:13.000Z,1
2019-12-03T18:12:55.000Z,1
2019-12-03T18:45:42.000Z,1
2019-12-03T18:57:40.000Z,1
2019-12-03T19:51:49.000Z,1
2019-12-03T20:05:52.000Z,2
2019-12-04T06:40:25.000Z,1
2019-12-04T06:51:20.000Z,1
2019-12-04T07:10:26.000Z,2
2019-12-04T07:22:40.000Z,1
2019-12-04T07:31:56.000Z,1
2019-12-04T07:34:16.000Z,1
2019-12-04T07:34:37.000Z,1
2019-12-04T07:40:40.000Z,1
2019-12-04T07:50:01.000Z,1
2019-12-04T08:00:35.000Z,1
2019-12-04T08:05:11.000Z,2
2019-12-04T08:06:09.000Z,1
2019-12-04T08:22:07.000Z,1
2019-12-04T08:22:08.000Z,1
2019-12-04T08:32:53.000Z,1
2019-12-04T08:38:11.000Z,1
2019-12-04T08:39:24.000Z,1
2019-12-04T08:47:29.000Z,1
2019-12-04T08:56:56.000Z,1
2019-12-04T08:59:17.000Z,1
2019-12-04T10:57:14.000Z,1
2019-12-04T11:12:44.000Z,1
2019-12-04T11:34:15.000Z,1
2019-12-04T12:13:15.000Z,1
2019-12-04T12:50:42.000Z,1
2019-12-04T13:13:15.000Z,1
2019-12-04T13:20:56.000Z,1
2019-12-04T14:14:19.000Z,1
2019-12-04T14:29:59.000Z,1
2019-12-04T15:01:37.000Z,1
2019-12-04T15:43:42.000Z,2
2019-12-04T15:43:50.000Z,1
2019-12-04T16:01:37.000Z,1
2019-12-04T16:07:13.000Z,1
2019-12-04T17:02:38.000Z,1
2019-12-04T17:28:19.000Z,1
2019-12-04T17:51:27.000Z,1
2019-12-04T18:00:04.000Z,1
2019-12-04T18:58:14.000Z,1
2019-12-04T19:12:04.000Z,1
2019-12-04T19:32:11.000Z,1
2019-12-04T22:06:52.000Z,1
2019-12-04T23:05:30.000Z,1
2019-12-04T23:44:14.000Z,1
2019-12-05T00:17:17.000Z,1
2019-12-05T02:20:07.000Z,1
2019-12-05T06:38:31.000Z,1
2019-12-05T07:04:46.000Z,1
2019-12-05T07:33:26.000Z,1
2019-12-05T07:42:12.000Z,1
2019-12-05T07:49:58.000Z,2
2019-12-05T08:30:07.000Z,3
2019-12-05T08:32:02.000Z,1
2019-12-05T08:52:51.000Z,1
2019-12-05T08:54:58.000Z,1
2019-12-05T09:00:32.000Z,1
2019-12-05T09:01:39.000Z,1
2019-12-05T10:36:04.000Z,1
2019-12-05T11:54:04.000Z,1
2019-12-05T12:19:21.000Z,1
2019-12-05T12:34:27.000Z,1
2019-12-05T12:42:34.000Z,1
2019-12-05T12:58:15.000Z,1
2019-12-05T14:39:29.000Z,1
2019-12-05T15:32:44.000Z,1
2019-12-05T15:53:33.000Z,1
2019-12-05T15:54:37.000Z,1
2019-12-05T16:01:26.000Z,1
2019-12-05T16:03:09.000Z,1
2019-12-05T16:17:02.000Z,1
2019-12-05T16:27:05.000Z,1
2019-12-05T16:51:02.000Z,1
2019-12-05T17:11:07.000Z,1
2019-12-05T17:29:13.000Z,1
2019-12-05T17:40:50.000Z,1
2019-12-05T17:55:42.000Z,1
2019-12-05T18:05:43.000Z,1
2019-12-05T18:21:08.000Z,1
2019-12-05T19:08:34.000Z,1
2019-12-05T20:05:54.000Z,1
2019-12-05T20:15:27.000Z,1
2019-12-05T20:51:13.000Z,1
2019-12-05T21:36:34.000Z,1
2019-12-05T21:38:15.000Z,1
2019-12-05T22:56:32.000Z,1
2019-12-05T23:38:33.000Z,1
2019-12-06T06:44:01.000Z,2
2019-12-06T07:18:08.000Z,1
2019-12-06T07:18:36.000Z,2
2019-12-06T07:52:48.000Z,1
2019-12-06T08:01:49.000Z,1
2019-12-06T08:24:16.000Z,1
2019-12-06T08:46:03.000Z,2
2019-12-06T08:59:21.000Z,1
2019-12-06T09:32:08.000Z,1
2019-12-06T09:47:39.000Z,1
2019-12-06T12:48:31.000Z,1
2019-12-06T14:41:21.000Z,1
2019-12-06T15:07:49.000Z,1
2019-12-06T15:27:50.000Z,1
2019-12-06T15:29:35.000Z,1
2019-12-06T15:34:24.000Z,1
2019-12-06T16:27:38.000Z,1
2019-12-06T16:47:46.000Z,1
2019-12-06T17:12:06.000Z,1
2019-12-06T17:24:51.000Z,1
2019-12-06T17:38:18.000Z,1
2019-12-06T18:22:11.000Z,1
2019-12-06T18:45:43.000Z,1
2019-12-06T18:49:35.000Z,1
2019-12-06T19:10:29.000Z,1
2019-12-06T20:41:01.000Z,1
2019-12-06T20:46:28.000Z,1
2019-12-07T01:28:02.000Z,1
2019-12-07T05:33:38.000Z,1
2019-12-07T08:40:27.000Z,1
2019-12-07T09:48:09.000Z,1
2019-12-07T10:55:57.000Z,1
2019-12-07T14:10:38.000Z,1
2019-12-07T14:11:14.000Z,2
2019-12-07T15:12:33.000Z,1
2019-12-07T15:53:14.000Z,1
2019-12-07T15:59:17.000Z,1
2019-12-07T16:36:49.000Z,1
2019-12-07T17:01:56.000Z,1
2019-12-07T18:30:08.000Z,1
2019-12-07T18:56:23.000Z,1
2019-12-07T19:14:59.000Z,1
2019-12-07T19:26:42.000Z,1
2019-12-07T20:41:25.000Z,1
2019-12-08T08:14:54.000Z,1
2019-12-08T08:20:22.000Z,1
2019-12-08T08:58:56.000Z,1
2019-12-08T10:06:38.000Z,1
2019-12-08T11:09:42.000Z,1
2019-12-08T11:35:26.000Z,1
2019-12-08T11:59:29.000Z,1
2019-12-08T12:50:44.000Z,1
2019-12-08T13:10:33.000Z,1
2019-12-08T13:35:30.000Z,1
2019-12-08T15:10:39.000Z,1
2019-12-08T16:23:49.000Z,1
2019-12-08T16:39:05.000Z,1
2019-12-08T17:01:28.000Z,1
2019-12-08T17:34:58.000Z,1
2019-12-08T18:24:34.000Z,1
2019-12-08T18:25:08.000Z,1
2019-12-08T20:55:39.000Z,1
2019-12-08T21:06:07.000Z,1
2019-12-08T23:32:27.000Z,1
2019-12-09T06:08:27.000Z,1
2019-12-09T07:32:53.000Z,1
2019-12-09T07:33:30.000Z,1
2019-12-09T07:50:12.000Z,3
2019-12-09T08:21:07.000Z,1
2019-12-09T08:28:19.000Z,1
2019-12-09T08:47:07.000Z,1
2019-12-09T08:53:14.000Z,1
2019-12-09T09:08:20.000Z,1
2019-12-09T09:20:55.000Z,1
2019-12-09T09:49:58.000Z,1
2019-12-09T10:29:04.000Z,1
2019-12-09T10:48:26.000Z,1
2019-12-09T11:26:27.000Z,2
2019-12-09T12:09:12.000Z,1
2019-12-09T13:53:17.000Z,1
2019-12-09T13:59:49.000Z,1
2019-12-09T14:10:35.000Z,1
2019-12-09T14:19:17.000Z,1
2019-12-09T14:39:35.000Z,2
2019-12-09T15:56:08.000Z,1
2019-12-09T17:03:29.000Z,1
2019-12-09T17:24:11.000Z,1
2019-12-09T17:25:34.000Z,2
2019-12-09T17:32:56.000Z,1
2019-12-09T17:36:51.000Z,1
2019-12-09T17:40:00.000Z,2
2019-12-09T17:56:40.000Z,1
2019-12-09T18:49:07.000Z,1
2019-12-09T19:04:53.000Z,1
2019-12-09T19:29:17.000Z,1
2019-12-09T19:45:20.000Z,1
2019-12-09T20:02:42.000Z,1
2019-12-09T20:43:17.000Z,1
2019-12-09T21:26:14.000Z,1
2019-12-10T05:55:21.000Z,1
2019-12-10T06:49:37.000Z,1
2019-12-10T07:09:21.000Z,1
2019-12-10T07:15:18.000Z,1
2019-12-10T07:19:14.000Z,1
2019-12-10T07:30:57.000Z,1
2019-12-10T07:35:11.000Z,1
2019-12-10T07:47:52.000Z,1
2019-12-10T08:05:08.000Z,1
2019-12-10T08:09:58.000Z,1
2019-12-10T08:36:07.000Z,2
2019-12-10T08:40:25.000Z,1
2019-12-10T08:50:27.000Z,1
2019-12-10T12:31:04.000Z,1
2019-12-10T12:40:07.000Z,1
2019-12-10T12:42:53.000Z,1
2019-12-10T13:52:11.000Z,1
2019-12-10T14:24:56.000Z,1
2019-12-10T14:48:45.000Z,1
2019-12-10T14:55:46.000Z,1
2019-12-10T16:51:47.000Z,1
2019-12-10T16:56:23.000Z,1
2019-12-10T16:59:14.000Z,1
2019-12-10T17:00:23.000Z,1
2019-12-10T17:04:52.000Z,1
2019-12-10T17:10:23.000Z,1
2019-12-10T17:19:37.000Z,1
2019-12-10T17:23:03.000Z,1
2019-12-10T17:54:48.000Z,1
2019-12-10T18:09:25.000Z,1
2019-12-10T19:06:47.000Z,1
2019-12-10T19:49:13.000Z,1
2019-12-10T20:20:46.000Z,1
2019-12-10T20:33:46.000Z,1
2019-12-10T21:03:58.000Z,1
2019-12-11T06:13:37.000Z,1
2019-12-11T06:51:19.000Z,1
2019-12-11T07:27:18.000Z,1
2019-12-11T08:43:01.000Z,1
2019-12-11T09:02:24.000Z,1
2019-12-11T11:00:35.000Z,1
2019-12-11T12:15:15.000Z,1
2019-12-02T07:22:40.000Z,1
2019-12-02T07:35:54.000Z,1
2019-12-02T08:08:03.000Z,1
2019-12-02T08:32:51.000Z,1
2019-12-02T08:44:08.000Z,1
2019-12-02T11:19:46.000Z,1
2019-12-02T13:24:16.000Z,1
2019-12-02T13:33:12.000Z,1
2019-12-02T14:34:50.000Z,1
2019-12-02T17:45:04.000Z,1
2019-12-02T18:20:49.000Z,1
2019-12-03T06:15:10.000Z,1
2019-12-03T06:43:24.000Z,1
2019-12-03T07:43:07.000Z,1
2019-12-03T07:47:56.000Z,1
2019-12-02T08:48:51.000Z,1
2019-12-02T13:10:23.000Z,1
2019-12-02T15:50:05.000Z,1
2019-12-02T16:14:04.000Z,1
2019-12-02T16:31:33.000Z,1
2019-12-02T16:42:06.000Z,1
2019-12-02T16:54:14.000Z,1
2019-12-02T17:09:09.000Z,1
2019-12-02T17:17:03.000Z,1
2019-12-02T17:45:33.000Z,1
2019-12-02T20:16:11.000Z,1
2019-12-02T20:39:32.000Z,1
2019-12-02T20:48:39.000Z,1
2019-12-03T00:32:03.000Z,1
2019-12-03T06:08:03.000Z,1
2019-12-03T06:16:01.000Z,1
2019-12-03T07:15:48.000Z,1
2019-12-03T08:18:01.000Z,1
2019-12-03T08:21:25.000Z,1
2019-12-03T08:32:16.000Z,1
2019-12-03T08:45:31.000Z,1
2019-12-03T09:32:48.000Z,1
2019-12-03T09:36:21.000Z,1
2019-12-03T10:23:21.000Z,1
2019-12-03T10:41:08.000Z,1
2019-12-03T11:16:00.000Z,1
2019-12-03T12:16:07.000Z,1
2019-12-03T12:20:44.000Z,1
2019-12-03T13:19:49.000Z,1
2019-12-03T13:32:48.000Z,1
2019-12-03T13:59:40.000Z,2
2019-12-03T15:05:27.000Z,1
2019-12-03T17:08:41.000Z,1
2019-12-03T17:33:02.000Z,2
2019-12-03T17:50:13.000Z,1
2019-12-03T18:12:08.000Z,1
2019-12-03T19:05:32.000Z,1
2019-12-03T19:09:48.000Z,1
2019-12-03T19:39:02.000Z,1
2019-12-03T19:40:43.000Z,1
2019-12-03T20:20:59.000Z,1
2019-12-03T20:56:39.000Z,1
2019-12-04T00:04:07.000Z,1
2019-12-04T05:33:04.000Z,1
2019-12-04T06:15:49.000Z,1
2019-12-04T07:29:36.000Z,1
2019-12-04T07:41:57.000Z,1
2019-12-04T07:49:32.000Z,1
2019-12-04T08:20:50.000Z,1
2019-12-04T08:47:15.000Z,1
2019-12-04T09:07:09.000Z,1
2019-12-04T09:31:51.000Z,2
2019-12-04T10:48:07.000Z,1
2019-12-04T11:25:57.000Z,1
2019-12-04T13:40:30.000Z,1
2019-12-04T15:33:04.000Z,1
2019-12-04T16:04:23.000Z,1
2019-12-04T16:08:56.000Z,1
2019-12-04T16:54:29.000Z,1
2019-12-04T17:17:28.000Z,1
2019-12-04T17:28:39.000Z,1
2019-12-04T18:03:41.000Z,2
2019-12-04T18:04:48.000Z,1
2019-12-04T18:16:41.000Z,1
2019-12-04T18:21:30.000Z,1
2019-12-04T18:23:09.000Z,1
2019-12-04T19:16:27.000Z,1
2019-12-04T19:24:02.000Z,1
2019-12-04T19:56:02.000Z,1
2019-12-04T20:02:47.000Z,1
2019-12-04T20:03:04.000Z,1
2019-12-04T20:42:25.000Z,1
2019-12-05T05:59:53.000Z,1
2019-12-05T06:24:38.000Z,1
2019-12-05T06:55:00.000Z,1
2019-12-05T07:25:43.000Z,2
2019-12-05T07:47:26.000Z,1
2019-12-05T08:16:57.000Z,1
2019-12-05T08:21:45.000Z,1
2019-12-05T08:34:06.000Z,1
2019-12-05T08:55:56.000Z,1
2019-12-05T09:10:02.000Z,2
2019-12-05T09:59:59.000Z,1
2019-12-05T10:02:32.000Z,1
2019-12-05T11:08:38.000Z,1
2019-12-05T11:21:06.000Z,1
2019-12-05T11:47:19.000Z,1
2019-12-05T12:33:58.000Z,1
2019-12-05T12:51:54.000Z,2
2019-12-05T12:57:55.000Z,1
2019-12-05T13:38:35.000Z,1
2019-12-05T14:09:08.000Z,1
2019-12-05T14:35:53.000Z,2
2019-12-05T15:05:48.000Z,1
2019-12-05T15:42:05.000Z,1
2019-12-05T16:19:41.000Z,1
2019-12-05T16:51:03.000Z,1
2019-12-05T16:51:18.000Z,2
2019-12-05T17:05:15.000Z,1
2019-12-05T17:06:40.000Z,1
2019-12-05T17:49:21.000Z,1
2019-12-05T17:54:27.000Z,2
2019-12-05T18:06:07.000Z,1
2019-12-05T18:08:11.000Z,1
2019-12-05T18:27:05.000Z,1
2019-12-05T19:09:46.000Z,2
2019-12-05T19:11:48.000Z,1
2019-12-05T19:21:43.000Z,1
2019-12-05T20:16:45.000Z,1
2019-12-05T20:34:26.000Z,1
2019-12-05T21:15:12.000Z,1
2019-12-05T22:53:32.000Z,1
2019-12-06T06:41:27.000Z,2
2019-12-06T07:15:56.000Z,1
2019-12-06T07:35:33.000Z,1
2019-12-06T07:50:26.000Z,1
2019-12-06T08:18:24.000Z,1
2019-12-06T08:49:09.000Z,1
2019-12-06T08:57:27.000Z,1
2019-12-06T08:58:38.000Z,1
2019-12-06T08:59:41.000Z,1
2019-12-06T09:41:00.000Z,1
2019-12-06T09:42:59.000Z,1
2019-12-06T09:46:16.000Z,1
2019-12-06T09:50:17.000Z,1
2019-12-06T10:05:55.000Z,1
2019-12-06T10:17:46.000Z,1
2019-12-06T11:20:13.000Z,1
2019-12-06T11:47:01.000Z,1
2019-12-06T12:03:45.000Z,1
2019-12-06T13:07:16.000Z,1
2019-12-06T13:30:17.000Z,1
2019-12-06T14:04:26.000Z,1
2019-12-06T14:15:52.000Z,1
2019-12-06T14:15:51.000Z,1
2019-12-06T14:45:47.000Z,1
2019-12-06T14:59:40.000Z,1
2019-12-06T15:18:54.000Z,1
2019-12-06T15:25:32.000Z,1
2019-12-06T15:57:43.000Z,1
2019-12-06T16:16:47.000Z,1
2019-12-06T16:47:14.000Z,1
2019-12-06T17:05:08.000Z,2
2019-12-06T17:06:27.000Z,1
2019-12-06T17:06:58.000Z,1
2019-12-06T17:11:30.000Z,1
2019-12-06T17:13:12.000Z,1
2019-12-06T17:22:04.000Z,1
2019-12-06T17:32:18.000Z,2
2019-12-06T17:35:50.000Z,1
2019-12-06T17:59:53.000Z,1
2019-12-06T18:05:44.000Z,2
2019-12-06T18:09:10.000Z,1
2019-12-06T18:33:46.000Z,1
2019-12-06T19:06:07.000Z,1
2019-12-06T19:13:35.000Z,1
2019-12-06T20:24:39.000Z,1
2019-12-06T20:33:53.000Z,1
2019-12-06T22:26:14.000Z,1
2019-12-06T23:27:13.000Z,1
2019-12-07T07:29:02.000Z,1
2019-12-07T08:25:02.000Z,1
2019-12-07T08:36:12.000Z,1
2019-12-07T09:47:36.000Z,1
2019-12-07T10:03:29.000Z,1
2019-12-07T10:39:17.000Z,1
2019-12-07T10:52:34.000Z,1
2019-12-07T11:24:07.000Z,1
2019-12-07T13:35:30.000Z,1
2019-12-07T14:26:48.000Z,1
2019-12-07T14:56:26.000Z,1
2019-12-07T15:34:17.000Z,2
2019-12-07T15:53:10.000Z,1
2019-12-07T19:31:15.000Z,1
2019-12-08T02:10:15.000Z,1
2019-12-08T09:31:51.000Z,1
2019-12-08T09:45:35.000Z,1
2019-12-08T10:31:36.000Z,1
2019-12-08T11:23:19.000Z,1
2019-12-08T11:27:41.000Z,1
2019-12-08T11:51:01.000Z,1
2019-12-08T12:44:51.000Z,1
2019-12-08T15:01:18.000Z,1
2019-12-08T15:39:57.000Z,1
2019-12-08T16:27:44.000Z,1
2019-12-08T18:14:08.000Z,1
2019-12-08T18:51:34.000Z,1
2019-12-08T18:54:55.000Z,1
2019-12-08T20:24:19.000Z,1
2019-12-08T20:39:00.000Z,1
2019-12-08T21:00:25.000Z,1
2019-12-08T21:04:23.000Z,1
2019-12-08T21:11:49.000Z,1
2019-12-08T21:22:34.000Z,1
2019-12-09T02:18:17.000Z,1
2019-12-09T05:41:38.000Z,1
2019-12-09T06:36:34.000Z,1
2019-12-09T06:48:44.000Z,1
2019-12-09T07:35:48.000Z,1
2019-12-09T07:52:51.000Z,1
2019-12-09T08:19:30.000Z,1
2019-12-09T08:50:30.000Z,2
2019-12-09T08:55:07.000Z,2
2019-12-09T08:58:10.000Z,1
2019-12-09T09:00:47.000Z,1
2019-12-09T09:10:19.000Z,1
2019-12-09T09:19:53.000Z,1
2019-12-09T09:40:45.000Z,2
2019-12-09T09:46:47.000Z,1
2019-12-09T10:16:02.000Z,1
2019-12-09T11:28:00.000Z,1
2019-12-09T12:22:11.000Z,1
2019-12-09T12:33:11.000Z,1
2019-12-09T13:25:07.000Z,1
2019-12-09T14:09:15.000Z,1
2019-12-09T15:48:27.000Z,1
2019-12-09T16:02:40.000Z,1
2019-12-09T16:11:59.000Z,1
2019-12-09T16:50:30.000Z,4
2019-12-09T16:51:10.000Z,1
2019-12-09T16:52:36.000Z,1
2019-12-09T17:05:50.000Z,2
2019-12-09T17:13:55.000Z,1
2019-12-09T17:37:13.000Z,2
2019-12-09T17:50:01.000Z,1
2019-12-09T17:57:23.000Z,1
2019-12-09T18:01:16.000Z,1
2019-12-09T18:30:12.000Z,1
2019-12-09T19:44:19.000Z,1
2019-12-09T19:51:43.000Z,1
2019-12-09T19:52:49.000Z,1
2019-12-09T20:32:08.000Z,1
2019-12-09T23:19:33.000Z,1
2019-12-10T04:49:15.000Z,1
2019-12-10T06:34:42.000Z,1
2019-12-10T07:16:57.000Z,1
2019-12-10T07:44:50.000Z,1
2019-12-10T07:45:14.000Z,1
2019-12-10T07:45:17.000Z,1
2019-12-10T08:23:59.000Z,1
2019-12-10T08:32:57.000Z,1
2019-12-10T08:45:20.000Z,1
2019-12-10T08:47:22.000Z,1
2019-12-10T09:50:18.000Z,1
2019-12-10T12:51:59.000Z,1
2019-12-10T13:14:53.000Z,1
2019-12-10T13:17:21.000Z,1
2019-12-10T13:53:09.000Z,1
2019-12-10T14:40:14.000Z,1
2019-12-10T15:09:19.000Z,1
2019-12-10T15:11:32.000Z,1
2019-12-10T15:13:14.000Z,1
2019-12-10T15:59:46.000Z,1
2019-12-10T16:05:56.000Z,1
2019-12-10T16:27:19.000Z,2
2019-12-10T16:58:42.000Z,1
2019-12-10T17:02:28.000Z,1
2019-12-10T17:13:01.000Z,1
2019-12-10T17:31:56.000Z,1
2019-12-10T17:41:55.000Z,1
2019-12-10T19:50:50.000Z,1
2019-12-10T20:39:24.000Z,1
2019-12-10T20:42:29.000Z,1
2019-12-10T21:01:08.000Z,1
2019-12-10T21:22:41.000Z,1
2019-12-10T21:41:52.000Z,1
2019-12-11T06:13:31.000Z,1
2019-12-11T06:28:01.000Z,1
2019-12-11T07:20:46.000Z,1
2019-12-11T07:30:30.000Z,1
2019-12-11T07:35:34.000Z,1
2019-12-11T07:47:22.000Z,1
2019-12-11T08:04:10.000Z,1
2019-12-11T08:05:24.000Z,1
2019-12-11T08:06:26.000Z,1
2019-12-11T08:19:41.000Z,1
2019-12-11T08:58:36.000Z,1
2019-12-11T09:31:15.000Z,1
2019-12-11T09:49:19.000Z,1
2019-12-11T10:25:26.000Z,1
2019-12-11T12:43:10.000Z,1
2019-12-02T06:19:41.000Z,1
2019-12-02T06:40:21.000Z,1
2019-12-02T07:45:21.000Z,1
2019-12-02T08:09:05.000Z,1
2019-12-02T08:45:30.000Z,3
2019-12-02T10:06:53.000Z,1
2019-12-02T12:58:55.000Z,1
2019-12-02T15:31:51.000Z,1
2019-12-02T15:56:09.000Z,1
2019-12-02T16:46:57.000Z,1
2019-12-02T17:00:22.000Z,1
2019-12-02T18:12:30.000Z,1
2019-12-02T19:08:02.000Z,1
2019-12-03T08:04:10.000Z,2
2019-12-03T16:00:21.000Z,1
2019-12-03T18:28:54.000Z,1
2019-12-02T13:11:48.000Z,1
2019-12-02T13:12:04.000Z,1
2019-12-02T14:41:09.000Z,1
2019-12-02T17:07:56.000Z,1
2019-12-02T17:14:24.000Z,2
2019-12-02T17:20:48.000Z,2
2019-12-02T17:22:58.000Z,1
2019-12-02T18:05:35.000Z,1
2019-12-02T18:06:52.000Z,1
2019-12-02T18:22:31.000Z,1
2019-12-02T18:28:49.000Z,1
2019-12-02T19:02:01.000Z,1
2019-12-02T19:56:50.000Z,1
2019-12-02T20:01:38.000Z,1
2019-12-02T20:35:58.000Z,1
2019-12-02T21:28:07.000Z,1
2019-12-02T21:45:23.000Z,1
2019-12-03T06:31:48.000Z,1
2019-12-03T06:46:09.000Z,1
2019-12-03T06:52:48.000Z,1
2019-12-03T06:55:51.000Z,1
2019-12-03T07:26:39.000Z,1
2019-12-03T07:52:50.000Z,1
2019-12-03T08:07:11.000Z,3
2019-12-03T08:07:38.000Z,1
2019-12-03T08:15:42.000Z,1
2019-12-03T08:21:22.000Z,1
2019-12-03T08:22:24.000Z,2
2019-12-03T08:49:45.000Z,2
2019-12-03T08:54:58.000Z,2
2019-12-03T09:08:05.000Z,1
2019-12-03T09:12:13.000Z,1
2019-12-03T09:24:10.000Z,2
2019-12-03T10:32:55.000Z,1
2019-12-03T10:51:36.000Z,1
2019-12-03T12:09:29.000Z,1
2019-12-03T12:25:17.000Z,1
2019-12-03T14:19:52.000Z,1
2019-12-03T15:48:02.000Z,1
2019-12-03T16:02:13.000Z,1
2019-12-03T16:06:13.000Z,1
2019-12-03T16:09:00.000Z,1
2019-12-03T16:28:14.000Z,1
2019-12-03T16:32:58.000Z,1
2019-12-03T16:39:01.000Z,1
2019-12-03T16:58:22.000Z,1
2019-12-03T17:01:38.000Z,2
2019-12-03T17:12:30.000Z,1
2019-12-03T17:32:56.000Z,1
2019-12-03T17:45:44.000Z,1
2019-12-03T17:56:23.000Z,1
2019-12-03T18:03:54.000Z,1
2019-12-03T18:52:30.000Z,1
2019-12-03T20:06:32.000Z,1
2019-12-03T20:27:02.000Z,1
2019-12-03T21:35:27.000Z,1
2019-12-03T23:53:07.000Z,1
2019-12-04T05:42:16.000Z,1
2019-12-04T07:47:16.000Z,1
2019-12-04T07:53:02.000Z,1
2019-12-04T08:11:29.000Z,1
2019-12-04T08:17:33.000Z,1
2019-12-04T08:41:19.000Z,2
2019-12-04T08:50:05.000Z,1
2019-12-04T08:56:27.000Z,1
2019-12-04T08:58:03.000Z,1
2019-12-04T09:01:14.000Z,1
2019-12-04T11:41:39.000Z,1
2019-12-04T11:51:06.000Z,1
2019-12-04T11:55:03.000Z,1
2019-12-04T12:02:12.000Z,2
2019-12-04T12:05:36.000Z,1
2019-12-04T14:14:21.000Z,1
2019-12-04T14:26:33.000Z,1
2019-12-04T14:38:19.000Z,1
2019-12-04T16:03:36.000Z,1
2019-12-04T16:30:03.000Z,1
2019-12-04T16:50:46.000Z,2
2019-12-04T16:55:20.000Z,1
2019-12-04T17:05:17.000Z,2
2019-12-04T17:08:11.000Z,2
2019-12-04T17:13:01.000Z,1
2019-12-04T17:15:38.000Z,1
2019-12-04T17:25:29.000Z,1
2019-12-04T17:33:44.000Z,1
2019-12-04T18:00:13.000Z,1
2019-12-04T18:17:40.000Z,2
2019-12-04T19:49:13.000Z,1
2019-12-04T20:06:17.000Z,1
2019-12-04T20:11:40.000Z,1
2019-12-05T06:13:55.000Z,1
2019-12-05T06:14:50.000Z,1
2019-12-05T06:54:23.000Z,1
2019-12-05T07:03:48.000Z,1
2019-12-05T08:16:25.000Z,1
2019-12-05T08:18:08.000Z,1
2019-12-05T08:18:43.000Z,1
2019-12-05T09:16:33.000Z,1
2019-12-05T10:23:24.000Z,1
2019-12-05T12:08:20.000Z,1
2019-12-05T12:56:18.000Z,1
2019-12-05T13:51:48.000Z,1
2019-12-05T14:10:45.000Z,1
2019-12-05T14:51:18.000Z,1
2019-12-05T16:00:02.000Z,1
2019-12-05T16:44:11.000Z,1
2019-12-05T16:52:16.000Z,1
2019-12-05T17:13:01.000Z,1
2019-12-05T17:28:08.000Z,1
2019-12-05T17:32:20.000Z,1
2019-12-05T17:48:14.000Z,1
2019-12-05T18:09:07.000Z,1
2019-12-05T18:09:21.000Z,1
2019-12-05T19:02:19.000Z,1
2019-12-05T19:07:44.000Z,1
2019-12-05T19:10:03.000Z,1
2019-12-05T19:32:26.000Z,1
2019-12-05T21:11:32.000Z,1
2019-12-05T21:12:13.000Z,1
2019-12-05T23:59:10.000Z,1
2019-12-06T06:56:19.000Z,1
2019-12-06T07:22:49.000Z,1
2019-12-06T07:48:23.000Z,1
2019-12-06T07:51:46.000Z,1
2019-12-06T07:55:03.000Z,1
2019-12-06T08:29:59.000Z,1
2019-12-06T08:44:40.000Z,1
2019-12-06T08:45:40.000Z,1
2019-12-06T08:46:01.000Z,1
2019-12-06T09:30:49.000Z,1
2019-12-06T09:48:27.000Z,1
2019-12-06T12:00:53.000Z,1
2019-12-06T12:12:14.000Z,1
2019-12-06T12:15:06.000Z,1
2019-12-06T12:41:42.000Z,1
2019-12-06T13:23:30.000Z,1
2019-12-06T13:54:31.000Z,1
2019-12-06T14:36:06.000Z,1
2019-12-06T14:52:58.000Z,1
2019-12-06T15:14:22.000Z,2
2019-12-06T16:44:53.000Z,2
2019-12-06T16:48:19.000Z,2
2019-12-06T17:04:38.000Z,1
2019-12-06T17:44:45.000Z,1
2019-12-06T18:02:26.000Z,1
2019-12-06T18:04:50.000Z,1
2019-12-06T18:05:00.000Z,1
2019-12-06T18:10:17.000Z,1
2019-12-06T18:17:36.000Z,1
2019-12-06T18:38:23.000Z,1
2019-12-06T18:55:45.000Z,1
2019-12-06T23:51:32.000Z,1
2019-12-07T08:14:00.000Z,1
2019-12-07T10:31:39.000Z,1
2019-12-07T10:42:15.000Z,1
2019-12-07T10:53:14.000Z,1
2019-12-07T11:50:25.000Z,1
2019-12-07T11:58:50.000Z,1
2019-12-07T12:01:11.000Z,1
2019-12-07T12:31:03.000Z,2
2019-12-07T13:04:12.000Z,1
2019-12-07T13:18:07.000Z,1
2019-12-07T13:25:56.000Z,1
2019-12-07T13:41:53.000Z,1
2019-12-07T13:54:08.000Z,1
2019-12-07T14:01:51.000Z,1
2019-12-07T14:07:53.000Z,1
2019-12-07T14:52:16.000Z,1
2019-12-07T17:28:01.000Z,1
2019-12-07T17:40:52.000Z,1
2019-12-07T21:43:02.000Z,1
2019-12-07T23:33:36.000Z,1
2019-12-08T09:21:41.000Z,1
2019-12-08T09:54:17.000Z,1
2019-12-08T10:08:42.000Z,1
2019-12-08T10:12:40.000Z,1
2019-12-08T10:32:50.000Z,1
2019-12-08T15:23:41.000Z,1
2019-12-08T15:40:21.000Z,1
2019-12-08T16:17:04.000Z,1
2019-12-08T16:43:07.000Z,1
2019-12-08T17:13:44.000Z,1
2019-12-08T17:14:56.000Z,1
2019-12-08T17:56:48.000Z,1
2019-12-08T18:09:19.000Z,1
2019-12-08T18:45:25.000Z,1
2019-12-08T18:52:29.000Z,1
2019-12-08T19:17:01.000Z,1
2019-12-08T20:58:43.000Z,1
2019-12-09T05:57:05.000Z,1
2019-12-09T06:58:00.000Z,2
2019-12-09T07:23:08.000Z,1
2019-12-09T07:26:29.000Z,1
2019-12-09T07:55:05.000Z,1
2019-12-09T07:55:31.000Z,1
2019-12-09T08:02:05.000Z,1
2019-12-09T08:38:31.000Z,1
2019-12-09T08:48:30.000Z,1
2019-12-09T08:48:58.000Z,2
2019-12-09T09:20:13.000Z,1
2019-12-09T12:29:52.000Z,1
2019-12-09T12:59:27.000Z,1
2019-12-09T14:32:02.000Z,1
2019-12-09T15:16:58.000Z,1
2019-12-09T15:56:05.000Z,1
2019-12-09T16:08:00.000Z,2
2019-12-09T16:28:48.000Z,1
2019-12-09T16:37:02.000Z,1
2019-12-09T17:11:25.000Z,1
2019-12-09T17:24:39.000Z,1
2019-12-09T17:44:40.000Z,1
2019-12-09T18:05:14.000Z,1
2019-12-09T19:19:47.000Z,1
2019-12-09T20:26:53.000Z,1
2019-12-09T20:53:14.000Z,1
2019-12-09T21:03:57.000Z,1
2019-12-09T21:06:13.000Z,1
2019-12-09T21:32:32.000Z,1
2019-12-10T07:28:07.000Z,1
2019-12-10T07:34:12.000Z,1
2019-12-10T08:39:22.000Z,1
2019-12-10T09:55:59.000Z,1
2019-12-10T10:50:18.000Z,1
2019-12-10T12:31:44.000Z,1
2019-12-10T14:20:09.000Z,1
2019-12-10T15:23:07.000Z,1
2019-12-10T15:39:22.000Z,1
2019-12-10T16:35:47.000Z,2
2019-12-10T16:54:15.000Z,1
2019-12-10T17:28:38.000Z,1
2019-12-10T17:32:10.000Z,1
2019-12-10T17:46:29.000Z,1
2019-12-10T17:54:10.000Z,1
2019-12-10T18:19:15.000Z,1
2019-12-10T18:58:58.000Z,1
2019-12-10T21:43:58.000Z,1
2019-12-10T21:53:24.000Z,1
2019-12-11T05:54:13.000Z,1
2019-12-11T06:49:04.000Z,1
2019-12-11T09:07:38.000Z,1
2019-12-11T09:30:33.000Z,1
2019-12-11T11:55:18.000Z,1
2019-12-11T12:27:47.000Z,1
2019-12-11T12:47:35.000Z,2
2019-12-11T13:00:38.000Z,1
2019-12-11T15:18:26.000Z,1
2019-12-11T16:28:53.000Z,1
2019-12-11T17:22:29.000Z,1
2019-12-11T17:29:20.000Z,1
2019-12-11T17:57:27.000Z,1
2019-12-11T17:58:13.000Z,1
2019-12-11T19:57:56.000Z,1
2019-12-11T20:05:53.000Z,1
2019-12-11T21:27:43.000Z,1
2019-12-12T05:30:28.000Z,1
2019-12-12T06:38:08.000Z,1
2019-12-12T10:40:45.000Z,1
2019-12-12T13:20:17.000Z,1
2019-12-12T13:28:06.000Z,1
2019-12-12T21:18:13.000Z,1
2019-12-12T23:04:59.000Z,1
2019-12-13T08:27:07.000Z,1
2019-12-11T18:49:32.000Z,1
2019-12-12T06:00:00.000Z,1
2019-12-12T08:25:11.000Z,1
2019-12-12T08:27:00.000Z,1
2019-12-12T10:31:17.000Z,1
2019-12-12T11:08:49.000Z,1
2019-12-12T12:37:12.000Z,1
2019-12-12T12:40:52.000Z,1
2019-12-12T13:07:13.000Z,1
2019-12-12T13:46:09.000Z,1
2019-12-12T13:54:41.000Z,1
2019-12-12T15:57:08.000Z,1
2019-12-12T16:04:36.000Z,1
2019-12-12T16:18:09.000Z,1
2019-12-12T16:22:07.000Z,1
2019-12-12T16:28:30.000Z,1
2019-12-12T16:33:53.000Z,1
2019-12-12T17:05:16.000Z,1
2019-12-12T17:21:20.000Z,2
2019-12-12T17:33:06.000Z,1
2019-12-12T17:36:38.000Z,1
2019-12-12T18:03:33.000Z,1
2019-12-12T18:15:07.000Z,1
2019-12-12T18:36:24.000Z,1
2019-12-12T18:46:05.000Z,1
2019-12-12T19:24:31.000Z,1
2019-12-12T21:07:57.000Z,1
2019-12-12T21:21:09.000Z,1
2019-12-12T21:50:47.000Z,1
2019-12-13T02:04:53.000Z,1
2019-12-13T04:49:50.000Z,1
2019-12-13T05:36:48.000Z,1
2019-12-13T06:38:13.000Z,1
2019-12-13T06:43:06.000Z,1
2019-12-13T07:29:05.000Z,1
2019-12-13T07:30:06.000Z,1
2019-12-13T07:48:20.000Z,1
2019-12-13T08:46:47.000Z,1
2019-12-13T09:23:17.000Z,1
2019-12-13T09:34:25.000Z,1
2019-12-13T09:36:24.000Z,1
2019-12-13T10:04:55.000Z,1
2019-12-13T10:23:55.000Z,1
2019-12-13T10:30:36.000Z,1
2019-12-13T11:24:39.000Z,1
2019-12-13T11:42:28.000Z,1
2019-12-13T12:47:58.000Z,1
2019-12-13T13:06:35.000Z,1
2019-12-13T14:29:12.000Z,1
2019-12-13T14:43:27.000Z,1
2019-12-13T15:19:36.000Z,1
2019-12-13T15:43:43.000Z,1
2019-12-13T15:46:11.000Z,1
2019-12-13T16:16:03.000Z,1
2019-12-13T16:49:24.000Z,1
2019-12-13T17:12:03.000Z,1
2019-12-13T17:15:08.000Z,1
2019-12-13T17:26:48.000Z,1
2019-12-13T17:34:44.000Z,1
2019-12-13T18:01:40.000Z,1
2019-12-13T18:08:40.000Z,1
2019-12-13T18:31:51.000Z,1
2019-12-13T19:14:14.000Z,1
2019-12-13T19:17:55.000Z,1
2019-12-13T21:28:31.000Z,1
2019-12-14T01:40:53.000Z,1
2019-12-14T01:48:56.000Z,1
2019-12-14T07:16:16.000Z,1
2019-12-14T09:14:20.000Z,1
2019-12-14T10:01:16.000Z,1
2019-12-14T10:26:18.000Z,1
2019-12-14T11:48:36.000Z,1
2019-12-14T11:53:46.000Z,1
2019-12-14T12:00:13.000Z,1
2019-12-14T12:14:53.000Z,2
2019-12-14T12:41:14.000Z,1
2019-12-14T15:24:20.000Z,1
2019-12-14T17:11:14.000Z,1
2019-12-14T18:36:14.000Z,1
2019-12-14T19:12:52.000Z,1
2019-12-14T22:56:04.000Z,1
2019-12-14T23:11:22.000Z,1
2019-12-14T23:25:42.000Z,1
2019-12-15T11:54:27.000Z,1
2019-12-15T12:22:01.000Z,1
2019-12-15T13:46:51.000Z,1
2019-12-15T14:07:06.000Z,1
2019-12-15T14:17:28.000Z,1
2019-12-15T14:22:58.000Z,1
2019-12-15T15:14:33.000Z,1
2019-12-15T15:35:23.000Z,1
2019-12-15T16:37:26.000Z,1
2019-12-15T16:43:58.000Z,1
2019-12-15T16:47:10.000Z,1
2019-12-15T17:09:49.000Z,1
2019-12-15T17:35:28.000Z,1
2019-12-15T21:10:37.000Z,1
2019-12-15T22:51:38.000Z,1
2019-12-16T05:27:11.000Z,1
2019-12-16T06:46:08.000Z,1
2019-12-16T06:46:25.000Z,1
2019-12-16T07:24:08.000Z,1
2019-12-16T07:45:16.000Z,1
2019-12-16T07:45:23.000Z,1
2019-12-16T08:07:33.000Z,1
2019-12-16T08:13:21.000Z,1
2019-12-16T08:19:07.000Z,1
2019-12-16T08:30:05.000Z,1
2019-12-16T08:31:06.000Z,1
2019-12-16T08:35:28.000Z,2
2019-12-16T09:10:45.000Z,1
2019-12-16T09:11:53.000Z,1
2019-12-16T09:16:56.000Z,1
2019-12-16T09:27:48.000Z,1
2019-12-16T11:13:15.000Z,1
2019-12-16T13:23:47.000Z,1
2019-12-16T16:08:32.000Z,2
2019-12-16T16:45:00.000Z,1
2019-12-16T17:27:50.000Z,1
2019-12-16T18:11:38.000Z,2
2019-12-16T18:33:05.000Z,1
2019-12-16T18:44:28.000Z,1
2019-12-16T19:12:16.000Z,1
2019-12-16T20:07:58.000Z,1
2019-12-16T20:38:34.000Z,1
2019-12-17T05:17:31.000Z,1
2019-12-17T05:45:32.000Z,1
2019-12-17T06:44:36.000Z,1
2019-12-17T06:54:16.000Z,1
2019-12-17T07:17:45.000Z,1
2019-12-17T07:25:17.000Z,1
2019-12-17T07:39:57.000Z,1
2019-12-17T08:18:21.000Z,1
2019-12-17T08:44:35.000Z,1
2019-12-17T09:17:54.000Z,1
2019-12-17T09:25:49.000Z,1
2019-12-17T12:08:14.000Z,1
2019-12-17T12:09:39.000Z,1
2019-12-17T12:24:04.000Z,1
2019-12-17T13:04:44.000Z,1
2019-12-17T13:28:52.000Z,1
2019-12-17T14:31:58.000Z,1
2019-12-17T14:48:28.000Z,1
2019-12-17T15:10:55.000Z,1
2019-12-17T15:49:49.000Z,1
2019-12-17T15:59:38.000Z,1
2019-12-17T16:28:22.000Z,1
2019-12-17T16:55:40.000Z,1
2019-12-17T17:02:28.000Z,1
2019-12-17T17:43:17.000Z,1
2019-12-17T17:53:26.000Z,1
2019-12-17T19:05:30.000Z,1
2019-12-17T19:57:44.000Z,1
2019-12-18T05:26:15.000Z,1
2019-12-18T07:30:06.000Z,1
2019-12-18T07:57:00.000Z,2
2019-12-18T08:22:45.000Z,1
2019-12-18T08:37:21.000Z,1
2019-12-18T09:00:40.000Z,1
2019-12-18T09:14:50.000Z,1
2019-12-18T09:19:53.000Z,1
2019-12-18T12:37:02.000Z,1
2019-12-18T14:58:23.000Z,1
2019-12-18T15:58:40.000Z,1
2019-12-18T16:32:52.000Z,1
2019-12-18T16:38:47.000Z,1
2019-12-18T16:42:37.000Z,1
2019-12-18T17:04:33.000Z,1
2019-12-18T18:05:20.000Z,1
2019-12-18T19:27:23.000Z,1
2019-12-18T22:12:54.000Z,1
2019-12-18T23:27:25.000Z,1
2019-12-19T07:42:35.000Z,1
2019-12-19T08:11:32.000Z,1
2019-12-19T08:18:57.000Z,1
2019-12-19T08:29:37.000Z,1
2019-12-19T08:45:55.000Z,2
2019-12-19T09:25:42.000Z,1
2019-12-19T10:09:15.000Z,1
2019-12-19T11:49:26.000Z,1
2019-12-19T14:30:04.000Z,1
2019-12-19T14:56:51.000Z,1
2019-12-19T16:09:13.000Z,2
2019-12-19T16:10:53.000Z,1
2019-12-19T16:47:38.000Z,1
2019-12-19T16:59:28.000Z,1
2019-12-19T17:44:47.000Z,1
2019-12-19T17:50:38.000Z,1
2019-12-19T18:18:16.000Z,1
2019-12-19T19:10:54.000Z,1
2019-12-19T19:15:56.000Z,1
2019-12-19T19:25:37.000Z,1
2019-12-19T19:40:03.000Z,1
2019-12-19T20:02:00.000Z,1
2019-12-20T07:46:45.000Z,1
2019-12-20T09:10:43.000Z,1
2019-12-20T11:28:57.000Z,1
2019-12-20T12:50:18.000Z,1
2019-12-20T13:08:09.000Z,1
2019-12-20T13:41:22.000Z,1
2019-12-20T13:48:57.000Z,1
2019-12-20T13:55:09.000Z,1
2019-12-20T14:07:15.000Z,1
2019-12-20T14:02:25.000Z,1
2019-12-20T14:15:06.000Z,1
2019-12-20T14:45:36.000Z,1
2019-12-20T15:15:38.000Z,1
2019-12-20T15:25:27.000Z,1
2019-12-20T15:40:39.000Z,1
2019-12-20T16:34:07.000Z,1
2019-12-20T16:42:50.000Z,1
2019-12-20T16:43:19.000Z,1
2019-12-20T16:45:38.000Z,1
2019-12-20T16:51:42.000Z,1
2019-12-20T16:55:49.000Z,1
2019-12-20T17:12:52.000Z,1
2019-12-20T17:40:31.000Z,1
2019-12-20T17:59:37.000Z,1
2019-12-20T18:17:09.000Z,1
2019-12-20T18:18:11.000Z,1
2019-12-20T20:20:32.000Z,1
2019-12-20T20:58:48.000Z,1
2019-12-21T03:49:24.000Z,1
2019-12-21T09:23:22.000Z,1
2019-12-21T09:34:18.000Z,1
2019-12-21T10:08:01.000Z,1
2019-12-21T10:10:07.000Z,1
2019-12-21T10:26:26.000Z,2
2019-12-21T10:49:41.000Z,1
2019-12-21T11:15:48.000Z,1
2019-12-21T13:11:14.000Z,1
2019-12-21T13:46:15.000Z,1
2019-12-21T14:51:39.000Z,1
2019-12-21T15:22:23.000Z,1
2019-12-21T15:39:38.000Z,1
2019-12-21T16:22:43.000Z,1
2019-12-21T17:39:01.000Z,1
2019-12-21T18:25:48.000Z,1
2019-12-21T22:39:16.000Z,1
2019-12-21T22:53:55.000Z,1
2019-12-22T00:15:55.000Z,1
2019-12-22T01:29:30.000Z,1
2019-12-22T09:11:45.000Z,1
2019-12-22T09:31:46.000Z,1
2019-12-22T12:04:31.000Z,1
2019-12-22T12:18:25.000Z,1
2019-12-22T12:47:18.000Z,1
2019-12-22T13:02:57.000Z,1
2019-12-22T14:33:22.000Z,1
2019-12-22T14:46:13.000Z,1
2019-12-22T14:48:13.000Z,1
2019-12-22T15:09:07.000Z,1
2019-12-22T15:17:07.000Z,1
2019-12-22T15:35:35.000Z,1
2019-12-22T16:00:08.000Z,1
2019-12-22T16:23:46.000Z,1
2019-12-22T16:36:53.000Z,1
2019-12-22T18:24:16.000Z,1
2019-12-22T19:40:34.000Z,1
2019-12-22T20:12:03.000Z,1
2019-12-22T23:22:34.000Z,1
2019-12-23T06:39:30.000Z,1
2019-12-23T07:46:29.000Z,1
2019-12-23T09:42:52.000Z,1
2019-12-23T09:44:20.000Z,1
2019-12-23T11:40:17.000Z,1
2019-12-11T15:19:20.000Z,1
2019-12-11T15:42:35.000Z,1
2019-12-11T16:10:54.000Z,1
2019-12-11T16:43:14.000Z,1
2019-12-11T17:48:33.000Z,1
2019-12-11T19:36:54.000Z,1
2019-12-12T07:03:30.000Z,1
2019-12-12T08:33:13.000Z,1
2019-12-12T08:42:43.000Z,1
2019-12-12T10:56:45.000Z,1
2019-12-12T14:51:27.000Z,1
2019-12-12T17:30:01.000Z,1
2019-12-13T06:49:30.000Z,1
2019-12-11T16:54:17.000Z,1
2019-12-11T17:46:52.000Z,1
2019-12-11T19:01:47.000Z,1
2019-12-12T09:03:15.000Z,1
2019-12-12T09:50:32.000Z,1
2019-12-12T14:14:34.000Z,1
2019-12-12T15:02:21.000Z,1
2019-12-12T15:44:20.000Z,1
2019-12-12T16:06:09.000Z,1
2019-12-12T16:44:09.000Z,1
2019-12-12T16:57:06.000Z,2
2019-12-12T17:09:21.000Z,1
2019-12-12T17:12:04.000Z,1
2019-12-12T17:13:06.000Z,1
2019-12-12T17:31:50.000Z,2
2019-12-12T17:57:56.000Z,1
2019-12-12T18:14:21.000Z,1
2019-12-12T18:35:48.000Z,1
2019-12-12T19:41:19.000Z,1
2019-12-12T20:27:51.000Z,1
2019-12-12T20:50:49.000Z,1
2019-12-12T21:55:19.000Z,1
2019-12-12T22:12:47.000Z,1
2019-12-12T23:47:07.000Z,1
2019-12-13T05:58:54.000Z,1
2019-12-13T06:56:02.000Z,1
2019-12-13T07:47:15.000Z,2
2019-12-13T07:59:03.000Z,1
2019-12-13T08:00:16.000Z,2
2019-12-13T08:02:59.000Z,1
2019-12-13T08:19:40.000Z,2
2019-12-13T08:40:02.000Z,1
2019-12-13T08:46:16.000Z,1
2019-12-13T08:51:56.000Z,1
2019-12-13T08:53:36.000Z,1
2019-12-13T09:22:09.000Z,1
2019-12-13T09:35:32.000Z,1
2019-12-13T10:39:59.000Z,1
2019-12-13T10:48:30.000Z,1
2019-12-13T12:12:38.000Z,1
2019-12-13T12:49:48.000Z,1
2019-12-13T12:54:29.000Z,1
2019-12-13T13:36:13.000Z,1
2019-12-13T13:57:16.000Z,1
2019-12-13T14:25:16.000Z,2
2019-12-13T14:40:57.000Z,1
2019-12-13T14:58:30.000Z,1
2019-12-13T15:47:04.000Z,1
2019-12-13T16:02:16.000Z,2
2019-12-13T16:13:32.000Z,1
2019-12-13T16:24:35.000Z,2
2019-12-13T16:24:57.000Z,1
2019-12-13T17:28:35.000Z,1
2019-12-13T17:30:08.000Z,1
2019-12-13T17:32:40.000Z,1
2019-12-13T17:35:26.000Z,1
2019-12-13T18:03:01.000Z,1
2019-12-13T19:22:44.000Z,1
2019-12-13T21:06:05.000Z,1
2019-12-13T22:11:52.000Z,1
2019-12-13T23:38:09.000Z,1
2019-12-14T00:39:47.000Z,1
2019-12-14T01:06:16.000Z,1
2019-12-14T08:03:13.000Z,1
2019-12-14T09:05:32.000Z,1
2019-12-14T10:39:43.000Z,1
2019-12-14T12:20:49.000Z,1
2019-12-14T13:22:29.000Z,1
2019-12-14T14:16:14.000Z,1
2019-12-14T14:57:21.000Z,1
2019-12-14T15:36:08.000Z,1
2019-12-14T15:50:16.000Z,1
2019-12-14T16:32:41.000Z,1
2019-12-14T16:34:43.000Z,1
2019-12-14T17:01:36.000Z,1
2019-12-14T17:25:53.000Z,1
2019-12-14T17:48:49.000Z,1
2019-12-14T18:31:54.000Z,1
2019-12-14T20:11:27.000Z,1
2019-12-14T21:29:40.000Z,1
2019-12-15T09:35:18.000Z,1
2019-12-15T09:45:41.000Z,1
2019-12-15T10:06:47.000Z,1
2019-12-15T11:45:23.000Z,1
2019-12-15T12:28:15.000Z,1
2019-12-15T12:51:29.000Z,1
2019-12-15T13:37:46.000Z,1
2019-12-15T13:48:07.000Z,1
2019-12-15T15:26:15.000Z,1
2019-12-15T15:39:17.000Z,1
2019-12-15T16:00:35.000Z,1
2019-12-15T16:42:09.000Z,1
2019-12-15T16:58:47.000Z,1
2019-12-15T17:16:40.000Z,1
2019-12-15T17:53:14.000Z,1
2019-12-15T21:01:54.000Z,1
2019-12-15T23:08:25.000Z,1
2019-12-16T05:33:08.000Z,1
2019-12-16T07:11:57.000Z,1
2019-12-16T08:22:23.000Z,1
2019-12-16T08:32:32.000Z,1
2019-12-16T08:33:12.000Z,1
2019-12-16T08:57:20.000Z,1
2019-12-16T10:55:06.000Z,1
2019-12-16T12:00:57.000Z,1
2019-12-16T13:42:53.000Z,1
2019-12-16T16:17:02.000Z,1
2019-12-16T16:22:41.000Z,1
2019-12-16T16:34:26.000Z,1
2019-12-16T16:44:51.000Z,1
2019-12-16T17:42:04.000Z,1
2019-12-16T17:58:22.000Z,1
2019-12-16T18:17:59.000Z,1
2019-12-16T18:31:07.000Z,1
2019-12-16T19:20:53.000Z,1
2019-12-16T21:56:25.000Z,1
2019-12-17T07:15:49.000Z,1
2019-12-17T07:42:38.000Z,1
2019-12-17T07:53:03.000Z,2
2019-12-17T08:02:37.000Z,1
2019-12-17T08:45:28.000Z,1
2019-12-17T08:46:16.000Z,1
2019-12-17T08:47:39.000Z,1
2019-12-17T08:56:39.000Z,1
2019-12-17T09:34:32.000Z,1
2019-12-17T09:34:35.000Z,1
2019-12-17T10:00:54.000Z,1
2019-12-17T11:53:50.000Z,1
2019-12-17T12:57:04.000Z,1
2019-12-17T13:39:36.000Z,1
2019-12-17T15:57:57.000Z,1
2019-12-17T16:00:42.000Z,1
2019-12-17T16:01:21.000Z,1
2019-12-17T16:12:02.000Z,1
2019-12-17T17:08:44.000Z,1
2019-12-17T17:10:03.000Z,1
2019-12-17T17:30:14.000Z,1
2019-12-17T17:37:16.000Z,1
2019-12-17T17:47:29.000Z,1
2019-12-17T18:16:01.000Z,1
2019-12-17T18:21:39.000Z,1
2019-12-17T18:59:25.000Z,1
2019-12-17T19:08:54.000Z,1
2019-12-17T19:51:11.000Z,1
2019-12-17T20:03:10.000Z,2
2019-12-17T20:11:59.000Z,1
2019-12-17T20:23:56.000Z,1
2019-12-18T06:07:58.000Z,1
2019-12-18T07:35:32.000Z,1
2019-12-18T07:44:48.000Z,1
2019-12-18T09:05:14.000Z,1
2019-12-18T09:13:05.000Z,1
2019-12-18T09:43:52.000Z,1
2019-12-18T12:52:38.000Z,1
2019-12-18T12:57:50.000Z,1
2019-12-18T13:09:49.000Z,1
2019-12-18T14:57:43.000Z,1
2019-12-18T16:34:52.000Z,1
2019-12-18T16:35:17.000Z,1
2019-12-18T16:44:25.000Z,1
2019-12-18T17:02:28.000Z,1
2019-12-18T17:10:57.000Z,2
2019-12-18T17:37:31.000Z,1
2019-12-18T18:04:50.000Z,1
2019-12-18T18:28:47.000Z,1
2019-12-18T19:41:27.000Z,1
2019-12-18T20:05:51.000Z,1
2019-12-19T06:02:32.000Z,1
2019-12-19T06:05:38.000Z,1
2019-12-19T06:40:42.000Z,1
2019-12-19T07:20:35.000Z,1
2019-12-19T07:34:13.000Z,1
2019-12-19T07:53:40.000Z,1
2019-12-19T07:58:48.000Z,1
2019-12-19T08:00:16.000Z,1
2019-12-19T08:16:25.000Z,1
2019-12-19T08:17:03.000Z,1
2019-12-19T08:19:32.000Z,1
2019-12-19T08:29:03.000Z,1
2019-12-19T08:30:35.000Z,2
2019-12-19T09:24:02.000Z,1
2019-12-19T13:35:14.000Z,2
2019-12-19T15:13:56.000Z,1
2019-12-19T15:40:24.000Z,1
2019-12-19T15:55:57.000Z,2
2019-12-19T16:26:45.000Z,1
2019-12-19T16:39:46.000Z,1
2019-12-19T16:45:05.000Z,2
2019-12-19T17:02:36.000Z,1
2019-12-19T17:38:53.000Z,1
2019-12-19T17:42:44.000Z,1
2019-12-19T18:04:03.000Z,1
2019-12-19T18:20:10.000Z,1
2019-12-19T18:45:36.000Z,1
2019-12-19T19:03:51.000Z,1
2019-12-19T19:35:48.000Z,1
2019-12-19T19:36:06.000Z,1
2019-12-19T19:53:46.000Z,1
2019-12-20T00:26:26.000Z,1
2019-12-20T06:43:29.000Z,1
2019-12-20T07:14:06.000Z,1
2019-12-20T07:31:04.000Z,1
2019-12-20T07:32:24.000Z,2
2019-12-20T07:58:25.000Z,1
2019-12-20T08:20:40.000Z,1
2019-12-20T08:24:19.000Z,2
2019-12-20T09:27:16.000Z,1
2019-12-20T09:36:47.000Z,1
2019-12-20T10:08:18.000Z,2
2019-12-20T11:45:52.000Z,1
2019-12-20T11:51:44.000Z,1
2019-12-20T12:01:08.000Z,1
2019-12-20T12:06:03.000Z,1
2019-12-20T12:17:25.000Z,1
2019-12-20T13:51:54.000Z,1
2019-12-20T14:17:28.000Z,1
2019-12-20T14:47:38.000Z,1
2019-12-20T15:13:37.000Z,1
2019-12-20T15:22:48.000Z,1
2019-12-20T16:15:06.000Z,1
2019-12-20T16:40:18.000Z,1
2019-12-20T17:41:44.000Z,1
2019-12-20T18:20:47.000Z,1
2019-12-20T18:32:52.000Z,1
2019-12-20T18:52:21.000Z,1
2019-12-20T19:25:01.000Z,1
2019-12-20T20:31:00.000Z,1
2019-12-20T20:52:26.000Z,1
2019-12-20T21:06:01.000Z,1
2019-12-20T21:47:19.000Z,1
2019-12-20T22:45:39.000Z,1
2019-12-21T01:11:27.000Z,1
2019-12-21T06:07:00.000Z,1
2019-12-21T12:16:02.000Z,1
2019-12-21T12:23:03.000Z,1
2019-12-21T12:33:48.000Z,1
2019-12-21T12:49:24.000Z,1
2019-12-21T13:50:59.000Z,1
2019-12-21T15:23:17.000Z,1
2019-12-21T15:39:49.000Z,1
2019-12-21T15:44:20.000Z,1
2019-12-21T15:50:24.000Z,1
2019-12-21T15:52:58.000Z,1
2019-12-21T15:59:20.000Z,1
2019-12-21T16:14:05.000Z,1
2019-12-21T17:02:53.000Z,1
2019-12-21T17:05:59.000Z,1
2019-12-21T17:08:29.000Z,1
2019-12-21T17:58:24.000Z,1
2019-12-21T18:51:02.000Z,1
2019-12-21T19:12:15.000Z,1
2019-12-21T19:50:35.000Z,1
2019-12-21T21:08:14.000Z,1
2019-12-21T23:56:49.000Z,1
2019-12-22T08:49:04.000Z,1
2019-12-22T11:00:36.000Z,1
2019-12-22T11:57:13.000Z,1
2019-12-22T12:51:58.000Z,1
2019-12-22T13:07:28.000Z,1
2019-12-22T13:09:51.000Z,1
2019-12-22T13:37:26.000Z,1
2019-12-22T14:25:52.000Z,1
2019-12-22T15:39:00.000Z,1
2019-12-22T16:37:09.000Z,1
2019-12-22T18:26:25.000Z,1
2019-12-22T19:27:57.000Z,1
2019-12-22T21:32:10.000Z,1
2019-12-22T21:57:16.000Z,1
2019-12-22T22:20:25.000Z,1
2019-12-23T05:19:52.000Z,1
2019-12-23T05:32:27.000Z,1
2019-12-23T05:37:31.000Z,1
2019-12-23T06:28:29.000Z,1
2019-12-23T06:38:30.000Z,1
2019-12-23T06:45:24.000Z,1
2019-12-23T07:38:56.000Z,1
2019-12-23T07:52:50.000Z,1
2019-12-23T07:54:52.000Z,1
2019-12-23T08:42:46.000Z,1
2019-12-23T09:21:55.000Z,1
2019-12-23T10:50:31.000Z,1
2019-12-23T11:01:46.000Z,1
2019-12-23T11:43:44.000Z,1
2019-12-11T13:18:55.000Z,1
2019-12-11T15:32:15.000Z,1
2019-12-11T16:04:48.000Z,1
2019-12-11T16:19:47.000Z,1
2019-12-11T16:38:15.000Z,1
2019-12-11T16:38:16.000Z,1
2019-12-11T16:46:03.000Z,1
2019-12-11T17:10:11.000Z,1
2019-12-11T17:53:05.000Z,1
2019-12-11T17:56:10.000Z,1
2019-12-11T17:56:41.000Z,1
2019-12-11T19:34:36.000Z,1
2019-12-11T20:02:40.000Z,1
2019-12-11T20:14:03.000Z,1
2019-12-12T08:51:52.000Z,1
2019-12-12T09:20:50.000Z,1
2019-12-12T17:19:32.000Z,1
2019-12-11T19:39:44.000Z,1
2019-12-11T20:32:18.000Z,1
2019-12-12T05:25:55.000Z,1
2019-12-12T08:49:45.000Z,1
2019-12-12T09:09:02.000Z,1
2019-12-12T11:17:57.000Z,1
2019-12-12T11:48:03.000Z,1
2019-12-12T15:11:16.000Z,1
2019-12-12T17:02:25.000Z,1
2019-12-12T17:27:50.000Z,2
2019-12-12T17:32:42.000Z,1
2019-12-12T17:57:52.000Z,2
2019-12-12T17:59:27.000Z,2
2019-12-12T18:07:49.000Z,1
2019-12-12T18:13:21.000Z,1
2019-12-12T18:19:26.000Z,1
2019-12-12T19:22:43.000Z,1
2019-12-12T20:07:44.000Z,1
2019-12-12T20:44:17.000Z,1
2019-12-12T22:33:00.000Z,1
2019-12-12T22:58:50.000Z,1
2019-12-13T05:36:20.000Z,1
2019-12-13T06:40:15.000Z,1
2019-12-13T07:18:31.000Z,1
2019-12-13T07:21:56.000Z,1
2019-12-13T07:27:15.000Z,1
2019-12-13T07:50:33.000Z,1
2019-12-13T08:10:37.000Z,1
2019-12-13T08:17:21.000Z,1
2019-12-13T08:30:30.000Z,1
2019-12-13T08:34:02.000Z,1
2019-12-13T08:53:23.000Z,1
2019-12-13T09:17:17.000Z,1
2019-12-13T09:19:58.000Z,1
2019-12-13T09:25:37.000Z,1
2019-12-13T09:28:53.000Z,1
2019-12-13T10:38:24.000Z,1
2019-12-13T12:08:47.000Z,1
2019-12-13T12:20:16.000Z,1
2019-12-13T12:39:38.000Z,1
2019-12-13T12:41:36.000Z,1
2019-12-13T12:56:15.000Z,1
2019-12-13T13:50:38.000Z,1
2019-12-13T13:56:01.000Z,1
2019-12-13T13:58:08.000Z,1
2019-12-13T15:03:20.000Z,1
2019-12-13T15:22:18.000Z,1
2019-12-13T15:22:50.000Z,1
2019-12-13T16:28:16.000Z,1
2019-12-13T16:28:49.000Z,1
2019-12-13T16:32:46.000Z,1
2019-12-13T16:46:48.000Z,1
2019-12-13T16:54:21.000Z,1
2019-12-13T17:31:38.000Z,1
2019-12-13T17:56:17.000Z,1
2019-12-13T17:59:56.000Z,1
2019-12-13T18:31:17.000Z,1
2019-12-13T18:40:12.000Z,1
2019-12-13T19:00:20.000Z,1
2019-12-13T19:53:44.000Z,1
2019-12-13T21:07:58.000Z,1
2019-12-13T23:42:28.000Z,1
2019-12-14T02:18:42.000Z,1
2019-12-14T08:09:42.000Z,1
2019-12-14T08:58:58.000Z,1
2019-12-14T09:21:52.000Z,1
2019-12-14T10:04:26.000Z,1
2019-12-14T10:31:25.000Z,1
2019-12-14T11:41:04.000Z,1
2019-12-14T13:31:38.000Z,1
2019-12-14T15:38:02.000Z,1
2019-12-14T15:40:19.000Z,1
2019-12-14T16:03:12.000Z,1
2019-12-14T16:41:27.000Z,1
2019-12-14T16:54:25.000Z,2
2019-12-14T17:26:55.000Z,1
2019-12-14T17:34:05.000Z,1
2019-12-14T17:43:21.000Z,1
2019-12-14T18:00:47.000Z,1
2019-12-14T18:11:59.000Z,1
2019-12-14T18:13:14.000Z,1
2019-12-14T18:21:33.000Z,1
2019-12-14T18:27:46.000Z,1
2019-12-14T19:08:32.000Z,1
2019-12-15T00:35:58.000Z,1
2019-12-15T00:47:40.000Z,1
2019-12-15T09:09:07.000Z,1
2019-12-15T09:13:57.000Z,1
2019-12-15T10:07:05.000Z,1
2019-12-15T11:59:43.000Z,1
2019-12-15T12:30:04.000Z,1
2019-12-15T14:28:51.000Z,1
2019-12-15T14:30:15.000Z,1
2019-12-15T14:49:36.000Z,1
2019-12-15T15:11:05.000Z,1
2019-12-15T16:13:18.000Z,1
2019-12-15T16:29:12.000Z,1
2019-12-15T16:37:39.000Z,1
2019-12-15T17:27:53.000Z,1
2019-12-15T18:48:10.000Z,1
2019-12-15T19:14:37.000Z,1
2019-12-15T19:38:51.000Z,1
2019-12-15T19:50:43.000Z,1
2019-12-16T06:48:04.000Z,1
2019-12-16T07:58:51.000Z,1
2019-12-16T08:14:52.000Z,2
2019-12-16T09:42:05.000Z,1
2019-12-16T11:53:08.000Z,1
2019-12-16T12:43:05.000Z,1
2019-12-16T14:20:05.000Z,1
2019-12-16T15:00:27.000Z,1
2019-12-16T15:11:54.000Z,1
2019-12-16T15:44:38.000Z,1
2019-12-16T16:29:36.000Z,1
2019-12-16T16:39:39.000Z,1
2019-12-16T17:06:30.000Z,1
2019-12-16T17:09:24.000Z,1
2019-12-16T17:10:36.000Z,1
2019-12-16T17:36:30.000Z,1
2019-12-16T17:45:48.000Z,1
2019-12-16T18:00:39.000Z,1
2019-12-16T18:06:18.000Z,1
2019-12-16T19:33:50.000Z,1
2019-12-16T19:53:23.000Z,1
2019-12-16T20:05:22.000Z,1
2019-12-16T20:26:36.000Z,1
2019-12-17T00:18:19.000Z,1
2019-12-17T07:11:00.000Z,1
2019-12-17T07:16:58.000Z,1
2019-12-17T07:19:41.000Z,1
2019-12-17T07:37:14.000Z,1
2019-12-17T07:53:57.000Z,1
2019-12-17T08:04:08.000Z,1
2019-12-17T08:21:28.000Z,1
2019-12-17T10:33:35.000Z,1
2019-12-17T14:30:20.000Z,1
2019-12-17T15:04:41.000Z,1
2019-12-17T16:28:26.000Z,1
2019-12-17T16:56:18.000Z,1
2019-12-17T17:17:13.000Z,1
2019-12-17T17:17:40.000Z,1
2019-12-17T17:38:03.000Z,1
2019-12-17T17:44:57.000Z,1
2019-12-17T18:13:45.000Z,1
2019-12-17T18:23:17.000Z,1
2019-12-17T18:47:10.000Z,1
2019-12-17T18:51:06.000Z,1
2019-12-17T19:04:30.000Z,1
2019-12-17T19:05:57.000Z,1
2019-12-17T19:08:14.000Z,1
2019-12-17T19:09:28.000Z,1
2019-12-17T19:29:59.000Z,1
2019-12-17T20:03:25.000Z,2
2019-12-17T20:21:56.000Z,1
2019-12-17T21:21:32.000Z,1
2019-12-18T06:57:42.000Z,1
2019-12-18T07:00:35.000Z,1
2019-12-18T07:38:18.000Z,1
2019-12-18T08:41:17.000Z,2
2019-12-18T09:31:56.000Z,1
2019-12-18T14:59:05.000Z,1
2019-12-18T15:38:53.000Z,1
2019-12-18T15:52:47.000Z,1
2019-12-18T16:39:31.000Z,1
2019-12-18T17:05:28.000Z,2
2019-12-18T17:09:40.000Z,1
2019-12-18T17:35:21.000Z,1
2019-12-18T18:00:39.000Z,1
2019-12-18T18:31:24.000Z,1
2019-12-18T18:35:56.000Z,1
2019-12-18T18:49:23.000Z,1
2019-12-18T19:11:36.000Z,1
2019-12-18T19:20:10.000Z,1
2019-12-18T19:22:59.000Z,1
2019-12-18T20:31:52.000Z,2
2019-12-19T00:02:30.000Z,1
2019-12-19T00:31:25.000Z,1
2019-12-19T01:53:44.000Z,1
2019-12-19T05:53:00.000Z,1
2019-12-19T07:48:20.000Z,1
2019-12-19T08:05:58.000Z,1
2019-12-19T08:09:42.000Z,1
2019-12-19T08:23:22.000Z,1
2019-12-19T09:09:49.000Z,1
2019-12-19T09:12:54.000Z,1
2019-12-19T09:40:16.000Z,1
2019-12-19T09:41:18.000Z,1
2019-12-19T10:46:02.000Z,1
2019-12-19T11:11:11.000Z,1
2019-12-19T11:18:30.000Z,1
2019-12-19T11:22:01.000Z,1
2019-12-19T11:32:52.000Z,1
2019-12-19T12:09:41.000Z,1
2019-12-19T12:24:30.000Z,1
2019-12-19T12:41:03.000Z,1
2019-12-19T13:07:04.000Z,1
2019-12-19T15:06:38.000Z,1
2019-12-19T16:25:02.000Z,1
2019-12-19T16:48:41.000Z,1
2019-12-19T16:57:11.000Z,1
2019-12-19T17:09:00.000Z,1
2019-12-19T17:13:55.000Z,1
2019-12-19T17:19:43.000Z,1
2019-12-19T18:21:37.000Z,1
2019-12-19T18:22:26.000Z,1
2019-12-19T18:24:10.000Z,1
2019-12-19T18:29:17.000Z,1
2019-12-19T19:26:56.000Z,1
2019-12-19T20:13:18.000Z,1
2019-12-19T20:40:31.000Z,1
2019-12-20T00:18:38.000Z,1
2019-12-20T03:51:00.000Z,1
2019-12-20T07:12:21.000Z,1
2019-12-20T07:23:33.000Z,1
2019-12-20T07:26:52.000Z,1
2019-12-20T08:04:22.000Z,1
2019-12-20T08:06:28.000Z,1
2019-12-20T08:06:59.000Z,1
2019-12-20T08:43:19.000Z,1
2019-12-20T11:23:05.000Z,1
2019-12-20T11:27:33.000Z,1
2019-12-20T13:03:15.000Z,1
2019-12-20T15:04:46.000Z,1
2019-12-20T15:48:22.000Z,1
2019-12-20T16:02:02.000Z,1
2019-12-20T16:15:20.000Z,1
2019-12-20T16:43:30.000Z,1
2019-12-20T16:53:51.000Z,1
2019-12-20T16:54:05.000Z,1
2019-12-20T16:54:46.000Z,2
2019-12-20T16:58:48.000Z,1
2019-12-20T16:59:21.000Z,1
2019-12-20T17:36:13.000Z,2
2019-12-20T18:20:43.000Z,1
2019-12-20T18:25:23.000Z,1
2019-12-20T20:10:56.000Z,1
2019-12-20T22:56:08.000Z,1
2019-12-20T23:49:16.000Z,1
2019-12-21T07:43:59.000Z,1
2019-12-21T08:50:37.000Z,1
2019-12-21T09:09:29.000Z,1
2019-12-21T09:47:52.000Z,1
2019-12-21T10:39:52.000Z,1
2019-12-21T10:49:34.000Z,1
2019-12-21T11:01:41.000Z,1
2019-12-21T11:09:03.000Z,2
2019-12-21T12:18:00.000Z,1
2019-12-21T12:30:45.000Z,1
2019-12-21T13:06:00.000Z,1
2019-12-21T13:47:27.000Z,1
2019-12-21T13:54:40.000Z,1
2019-12-21T14:27:05.000Z,1
2019-12-21T15:16:06.000Z,1
2019-12-21T15:36:25.000Z,1
2019-12-21T16:05:33.000Z,1
2019-12-21T16:19:24.000Z,1
2019-12-21T16:29:50.000Z,1
2019-12-21T17:16:13.000Z,1
2019-12-21T17:31:54.000Z,1
2019-12-21T17:36:25.000Z,1
2019-12-21T17:42:07.000Z,1
2019-12-22T05:11:05.000Z,1
2019-12-22T06:23:43.000Z,1
2019-12-22T09:17:15.000Z,1
2019-12-22T09:25:43.000Z,1
2019-12-22T09:25:47.000Z,1
2019-12-22T11:09:17.000Z,1
2019-12-22T11:49:35.000Z,1
2019-12-22T12:21:16.000Z,1
2019-12-22T12:40:02.000Z,1
2019-12-22T13:49:24.000Z,1
2019-12-22T14:41:56.000Z,1
2019-12-22T15:00:07.000Z,2
2019-12-22T15:35:43.000Z,1
2019-12-22T19:11:50.000Z,1
2019-12-22T20:48:35.000Z,1
2019-12-22T21:46:32.000Z,1
2019-12-22T21:56:44.000Z,1
2019-12-22T22:20:11.000Z,1
2019-12-22T22:44:25.000Z,1
2019-12-22T23:27:54.000Z,1
2019-12-23T06:34:02.000Z,1
2019-12-23T07:40:15.000Z,1
2019-12-23T08:14:59.000Z,1
2019-12-23T08:34:54.000Z,1
2019-12-23T08:43:52.000Z,1
2019-12-23T09:47:10.000Z,1
2019-12-23T10:00:53.000Z,1
2019-12-23T10:29:04.000Z,1
2019-12-23T10:39:51.000Z,1
2019-12-23T11:42:29.000Z,1
2019-12-23T12:17:52.000Z,1
2019-12-11T13:14:50.000Z,1
2019-12-11T13:48:13.000Z,1
2019-12-11T16:26:43.000Z,1
2019-12-11T16:22:48.000Z,1
2019-12-11T16:55:09.000Z,1
2019-12-11T17:02:51.000Z,2
2019-12-11T17:10:15.000Z,2
2019-12-11T17:21:25.000Z,1
2019-12-11T17:27:11.000Z,1
2019-12-11T17:44:04.000Z,1
2019-12-11T17:58:45.000Z,1
2019-12-11T18:13:40.000Z,1
2019-12-11T19:00:12.000Z,1
2019-12-11T19:09:48.000Z,1
2019-12-11T22:17:22.000Z,1
2019-12-12T06:28:05.000Z,1
2019-12-12T08:26:22.000Z,1
2019-12-12T08:34:18.000Z,1
2019-12-12T08:48:25.000Z,1
2019-12-12T09:52:51.000Z,1
2019-12-12T12:56:36.000Z,1
2019-12-12T16:39:10.000Z,1
2019-12-12T18:24:00.000Z,1
2019-12-13T06:17:52.000Z,1
2019-12-13T08:50:19.000Z,1
2019-12-11T16:57:14.000Z,1
2019-12-11T18:15:02.000Z,1
2019-12-11T18:56:22.000Z,1
2019-12-11T19:10:10.000Z,1
2019-12-11T21:43:11.000Z,1
2019-12-12T07:44:32.000Z,1
2019-12-12T07:50:10.000Z,2
2019-12-12T08:11:05.000Z,1
2019-12-12T08:45:46.000Z,1
2019-12-12T08:57:35.000Z,1
2019-12-12T09:00:11.000Z,1
2019-12-12T09:18:07.000Z,1
2019-12-12T09:26:26.000Z,1
2019-12-12T11:52:11.000Z,1
2019-12-12T11:53:22.000Z,1
2019-12-12T13:31:26.000Z,1
2019-12-12T14:16:45.000Z,1
2019-12-12T15:32:25.000Z,1
2019-12-12T15:33:38.000Z,1
2019-12-12T15:38:06.000Z,1
2019-12-12T15:39:09.000Z,1
2019-12-12T16:22:24.000Z,1
2019-12-12T16:31:18.000Z,2
2019-12-12T16:35:33.000Z,1
2019-12-12T17:00:34.000Z,1
2019-12-12T17:22:26.000Z,1
2019-12-12T17:22:56.000Z,1
2019-12-12T17:25:24.000Z,2
2019-12-12T17:37:07.000Z,1
2019-12-12T17:52:08.000Z,1
2019-12-12T17:58:41.000Z,1
2019-12-12T18:08:04.000Z,1
2019-12-12T18:21:00.000Z,1
2019-12-12T18:26:03.000Z,1
2019-12-12T19:11:30.000Z,1
2019-12-12T19:17:03.000Z,1
2019-12-12T19:54:52.000Z,1
2019-12-12T20:10:40.000Z,1
2019-12-12T21:06:50.000Z,1
2019-12-12T22:59:03.000Z,1
2019-12-13T06:22:34.000Z,1
2019-12-13T06:39:55.000Z,1
2019-12-13T07:34:40.000Z,1
2019-12-13T08:01:36.000Z,1
2019-12-13T08:04:32.000Z,2
2019-12-13T08:18:50.000Z,2
2019-12-13T08:37:06.000Z,2
2019-12-13T09:20:36.000Z,1
2019-12-13T10:13:14.000Z,2
2019-12-13T11:35:36.000Z,1
2019-12-13T12:46:55.000Z,1
2019-12-13T13:19:37.000Z,1
2019-12-13T13:25:30.000Z,1
2019-12-13T14:06:34.000Z,1
2019-12-13T14:50:33.000Z,1
2019-12-13T14:56:55.000Z,1
2019-12-13T15:00:22.000Z,1
2019-12-13T15:13:52.000Z,1
2019-12-13T15:14:50.000Z,1
2019-12-13T15:38:49.000Z,1
2019-12-13T15:46:43.000Z,1
2019-12-13T15:52:10.000Z,1
2019-12-13T16:01:54.000Z,1
2019-12-13T16:14:25.000Z,2
2019-12-13T16:16:16.000Z,1
2019-12-13T17:02:40.000Z,1
2019-12-13T17:08:34.000Z,1
2019-12-13T18:04:45.000Z,1
2019-12-13T18:10:56.000Z,1
2019-12-13T18:53:33.000Z,1
2019-12-13T21:37:25.000Z,1
2019-12-14T07:28:04.000Z,1
2019-12-14T10:08:46.000Z,1
2019-12-14T10:09:37.000Z,1
2019-12-14T10:29:07.000Z,1
2019-12-14T10:33:43.000Z,1
2019-12-14T10:53:53.000Z,1
2019-12-14T11:36:24.000Z,1
2019-12-14T11:48:08.000Z,1
2019-12-14T11:56:34.000Z,1
2019-12-14T12:03:03.000Z,1
2019-12-14T12:20:41.000Z,1
2019-12-14T13:32:17.000Z,1
2019-12-14T14:05:15.000Z,1
2019-12-14T15:05:03.000Z,1
2019-12-14T17:57:56.000Z,1
2019-12-14T18:08:05.000Z,1
2019-12-14T18:22:40.000Z,1
2019-12-14T18:47:39.000Z,1
2019-12-14T18:55:29.000Z,1
2019-12-14T20:30:15.000Z,1
2019-12-15T00:00:59.000Z,1
2019-12-15T10:17:18.000Z,1
2019-12-15T11:31:48.000Z,1
2019-12-15T14:30:57.000Z,1
2019-12-15T16:24:26.000Z,1
2019-12-15T16:39:39.000Z,2
2019-12-15T17:25:01.000Z,1
2019-12-15T18:23:43.000Z,1
2019-12-15T19:32:08.000Z,2
2019-12-15T20:49:53.000Z,1
2019-12-16T07:07:16.000Z,1
2019-12-16T08:03:18.000Z,2
2019-12-16T08:11:44.000Z,1
2019-12-16T08:13:31.000Z,1
2019-12-16T08:23:17.000Z,1
2019-12-16T08:29:15.000Z,1
2019-12-16T08:29:48.000Z,1
2019-12-16T08:51:25.000Z,1
2019-12-16T08:54:27.000Z,2
2019-12-16T08:59:12.000Z,1
2019-12-16T09:39:55.000Z,1
2019-12-16T09:49:44.000Z,1
2019-12-16T11:06:39.000Z,1
2019-12-16T12:07:27.000Z,1
2019-12-16T14:33:41.000Z,1
2019-12-16T14:49:23.000Z,1
2019-12-16T16:03:38.000Z,1
2019-12-16T16:21:29.000Z,1
2019-12-16T16:27:48.000Z,1
2019-12-16T16:34:11.000Z,2
2019-12-16T16:43:49.000Z,1
2019-12-16T16:49:11.000Z,2
2019-12-16T16:56:39.000Z,1
2019-12-16T17:15:39.000Z,1
2019-12-16T17:43:32.000Z,1
2019-12-16T17:45:40.000Z,1
2019-12-16T19:18:42.000Z,1
2019-12-16T19:28:55.000Z,1
2019-12-16T20:34:37.000Z,1
2019-12-16T21:04:20.000Z,1
2019-12-16T22:09:39.000Z,1
2019-12-17T07:03:36.000Z,1
2019-12-17T08:32:40.000Z,1
2019-12-17T08:34:22.000Z,1
2019-12-17T08:39:53.000Z,1
2019-12-17T08:41:15.000Z,1
2019-12-17T09:05:32.000Z,1
2019-12-17T09:28:07.000Z,1
2019-12-17T09:54:36.000Z,1
2019-12-17T12:50:28.000Z,1
2019-12-17T13:27:34.000Z,1
2019-12-17T13:55:12.000Z,1
2019-12-17T13:59:17.000Z,1
2019-12-17T14:41:28.000Z,1
2019-12-17T14:53:22.000Z,1
2019-12-17T15:12:56.000Z,1
2019-12-17T15:15:40.000Z,1
2019-12-17T15:37:57.000Z,1
2019-12-17T16:16:24.000Z,1
2019-12-17T16:35:47.000Z,1
2019-12-17T16:50:54.000Z,1
2019-12-17T18:06:44.000Z,1
2019-12-17T18:11:46.000Z,1
2019-12-17T18:17:02.000Z,1
2019-12-17T18:21:15.000Z,1
2019-12-17T18:34:05.000Z,1
2019-12-17T19:33:44.000Z,1
2019-12-17T19:41:13.000Z,1
2019-12-17T23:55:16.000Z,1
2019-12-18T04:03:17.000Z,1
2019-12-18T05:32:55.000Z,1
2019-12-18T05:46:27.000Z,1
2019-12-18T07:17:20.000Z,1
2019-12-18T07:24:28.000Z,1
2019-12-18T07:49:34.000Z,1
2019-12-18T08:10:58.000Z,1
2019-12-18T08:12:20.000Z,1
2019-12-18T08:45:14.000Z,1
2019-12-18T08:47:08.000Z,1
2019-12-18T08:51:56.000Z,1
2019-12-18T08:52:06.000Z,1
2019-12-18T08:52:33.000Z,1
2019-12-18T09:13:26.000Z,1
2019-12-18T09:31:44.000Z,1
2019-12-18T09:42:44.000Z,1
2019-12-18T10:06:46.000Z,1
2019-12-18T11:49:09.000Z,1
2019-12-18T12:37:49.000Z,1
2019-12-18T15:05:13.000Z,1
2019-12-18T16:12:04.000Z,1
2019-12-18T16:43:53.000Z,1
2019-12-18T16:50:17.000Z,1
2019-12-18T17:00:03.000Z,1
2019-12-18T17:04:17.000Z,1
2019-12-18T17:16:14.000Z,1
2019-12-18T18:12:58.000Z,1
2019-12-18T18:20:25.000Z,1
2019-12-18T18:51:00.000Z,1
2019-12-18T22:49:04.000Z,1
2019-12-19T01:42:30.000Z,1
2019-12-19T06:40:47.000Z,1
2019-12-19T06:41:53.000Z,1
2019-12-19T06:55:57.000Z,1
2019-12-19T07:46:11.000Z,1
2019-12-19T08:26:02.000Z,1
2019-12-19T08:38:11.000Z,1
2019-12-19T09:52:37.000Z,1
2019-12-19T10:06:59.000Z,1
2019-12-19T10:51:37.000Z,1
2019-12-19T11:51:04.000Z,1
2019-12-19T11:52:37.000Z,1
2019-12-19T11:59:22.000Z,1
2019-12-19T12:52:58.000Z,1
2019-12-19T13:48:09.000Z,1
2019-12-19T13:53:17.000Z,1
2019-12-19T14:06:48.000Z,1
2019-12-19T14:18:01.000Z,1
2019-12-19T15:20:05.000Z,1
2019-12-19T15:58:42.000Z,1
2019-12-19T16:00:07.000Z,1
2019-12-19T16:14:07.000Z,1
2019-12-19T16:28:19.000Z,1
2019-12-19T16:36:04.000Z,2
2019-12-19T16:56:12.000Z,1
2019-12-19T17:28:17.000Z,1
2019-12-19T17:37:51.000Z,1
2019-12-19T17:39:05.000Z,1
2019-12-19T17:41:19.000Z,2
2019-12-19T18:28:46.000Z,1
2019-12-19T20:32:02.000Z,1
2019-12-19T21:05:46.000Z,1
2019-12-19T21:47:23.000Z,1
2019-12-19T22:42:00.000Z,1
2019-12-19T22:42:43.000Z,1
2019-12-19T23:54:04.000Z,1
2019-12-20T06:00:50.000Z,1
2019-12-20T06:45:01.000Z,1
2019-12-20T06:59:43.000Z,1
2019-12-20T07:06:15.000Z,1
2019-12-20T07:11:34.000Z,1
2019-12-20T07:40:47.000Z,2
2019-12-20T08:04:31.000Z,1
2019-12-20T08:34:17.000Z,1
2019-12-20T09:00:05.000Z,1
2019-12-20T09:02:07.000Z,1
2019-12-20T10:18:29.000Z,1
2019-12-20T11:19:33.000Z,1
2019-12-20T13:15:12.000Z,1
2019-12-20T13:32:33.000Z,2
2019-12-20T13:33:47.000Z,1
2019-12-20T14:29:45.000Z,1
2019-12-20T15:00:48.000Z,1
2019-12-20T15:26:46.000Z,1
2019-12-20T15:26:48.000Z,1
2019-12-20T15:58:26.000Z,1
2019-12-20T16:25:50.000Z,1
2019-12-20T16:31:35.000Z,1
2019-12-20T17:04:44.000Z,1
2019-12-20T17:17:05.000Z,1
2019-12-20T17:46:26.000Z,1
2019-12-20T18:45:09.000Z,1
2019-12-20T20:11:21.000Z,1
2019-12-21T10:30:50.000Z,1
2019-12-21T10:41:32.000Z,1
2019-12-21T11:52:28.000Z,1
2019-12-21T12:39:24.000Z,2
2019-12-21T12:52:02.000Z,1
2019-12-21T13:10:33.000Z,1
2019-12-21T13:47:56.000Z,1
2019-12-21T14:19:28.000Z,1
2019-12-21T15:41:39.000Z,1
2019-12-21T20:19:13.000Z,1
2019-12-21T22:00:25.000Z,1
2019-12-22T03:21:33.000Z,1
2019-12-22T09:35:59.000Z,1
2019-12-22T10:17:50.000Z,1
2019-12-22T10:45:43.000Z,1
2019-12-22T10:48:27.000Z,1
2019-12-22T12:08:21.000Z,1
2019-12-22T13:09:43.000Z,2
2019-12-22T13:11:06.000Z,1
2019-12-22T14:20:07.000Z,1
2019-12-22T14:59:07.000Z,1
2019-12-22T15:35:46.000Z,2
2019-12-22T15:56:19.000Z,1
2019-12-22T16:11:01.000Z,1
2019-12-22T17:40:24.000Z,1
2019-12-22T18:52:47.000Z,1
2019-12-22T20:38:47.000Z,1
2019-12-22T20:47:44.000Z,1
2019-12-22T21:37:40.000Z,1
2019-12-22T21:37:44.000Z,1
2019-12-22T22:20:39.000Z,2
2019-12-22T22:44:17.000Z,1
2019-12-23T05:23:06.000Z,1
2019-12-23T06:49:40.000Z,1
2019-12-23T08:10:45.000Z,1
2019-12-23T08:38:15.000Z,1
2019-12-23T08:45:52.000Z,1
2019-12-23T09:37:49.000Z,1
2019-12-23T10:54:08.000Z,1
2019-12-23T12:15:52.000Z,1
2019-12-11T15:20:00.000Z,1
2019-12-11T15:38:23.000Z,1
2019-12-11T15:51:22.000Z,1
2019-12-11T16:03:40.000Z,1
2019-12-11T16:43:51.000Z,1
2019-12-11T16:47:04.000Z,1
2019-12-11T16:50:47.000Z,1
2019-12-11T16:51:16.000Z,1
2019-12-11T17:22:28.000Z,1
2019-12-11T18:02:14.000Z,1
2019-12-11T18:10:15.000Z,1
2019-12-11T18:35:06.000Z,1
2019-12-11T18:55:53.000Z,1
2019-12-11T21:50:06.000Z,1
2019-12-12T06:21:07.000Z,1
2019-12-12T07:36:45.000Z,1
2019-12-12T08:08:33.000Z,1
2019-12-12T08:26:56.000Z,1
2019-12-12T09:21:52.000Z,1
2019-12-12T12:12:41.000Z,1
2019-12-11T17:43:20.000Z,1
2019-12-11T18:55:38.000Z,1
2019-12-11T20:09:31.000Z,1
2019-12-11T21:48:17.000Z,1
2019-12-12T06:20:56.000Z,2
2019-12-12T06:32:52.000Z,1
2019-12-12T07:29:46.000Z,1
2019-12-12T07:54:06.000Z,2
2019-12-12T08:44:45.000Z,1
2019-12-12T09:31:27.000Z,1
2019-12-12T11:53:25.000Z,1
2019-12-12T12:07:37.000Z,1
2019-12-12T12:48:37.000Z,1
2019-12-12T13:51:07.000Z,1
2019-12-12T14:56:36.000Z,1
2019-12-12T15:01:44.000Z,1
2019-12-12T15:42:11.000Z,2
2019-12-12T16:16:32.000Z,1
2019-12-12T17:10:07.000Z,1
2019-12-12T17:17:09.000Z,1
2019-12-12T17:28:49.000Z,1
2019-12-12T17:36:41.000Z,1
2019-12-12T17:43:29.000Z,1
2019-12-12T18:29:02.000Z,1
2019-12-12T18:53:28.000Z,1
2019-12-12T19:23:15.000Z,1
2019-12-12T19:28:38.000Z,1
2019-12-12T19:49:24.000Z,1
2019-12-12T22:34:24.000Z,1
2019-12-12T22:53:42.000Z,1
2019-12-12T23:16:47.000Z,1
2019-12-12T23:17:15.000Z,1
2019-12-13T01:07:39.000Z,1
2019-12-13T06:09:29.000Z,1
2019-12-13T06:19:32.000Z,1
2019-12-13T06:25:53.000Z,1
2019-12-13T06:47:49.000Z,1
2019-12-13T07:15:34.000Z,1
2019-12-13T07:31:18.000Z,1
2019-12-13T07:40:52.000Z,1
2019-12-13T07:59:48.000Z,1
2019-12-13T08:13:38.000Z,1
2019-12-13T08:15:42.000Z,2
2019-12-13T08:16:02.000Z,1
2019-12-13T08:39:51.000Z,1
2019-12-13T08:42:07.000Z,1
2019-12-13T08:43:40.000Z,1
2019-12-13T09:30:59.000Z,1
2019-12-13T09:32:00.000Z,1
2019-12-13T09:41:14.000Z,1
2019-12-13T09:44:30.000Z,1
2019-12-13T10:06:43.000Z,1
2019-12-13T11:06:34.000Z,1
2019-12-13T12:02:09.000Z,1
2019-12-13T12:39:39.000Z,1
2019-12-13T12:57:54.000Z,1
2019-12-13T13:29:46.000Z,1
2019-12-13T14:04:21.000Z,1
2019-12-13T14:52:11.000Z,1
2019-12-13T15:01:46.000Z,1
2019-12-13T15:20:07.000Z,1
2019-12-13T15:23:57.000Z,1
2019-12-13T15:32:31.000Z,2
2019-12-13T15:45:18.000Z,1
2019-12-13T15:46:17.000Z,1
2019-12-13T16:24:05.000Z,1
2019-12-13T16:32:18.000Z,1
2019-12-13T16:58:36.000Z,1
2019-12-13T17:36:16.000Z,1
2019-12-13T17:41:06.000Z,1
2019-12-13T18:05:53.000Z,1
2019-12-13T18:09:03.000Z,1
2019-12-13T18:14:15.000Z,1
2019-12-13T19:02:05.000Z,2
2019-12-13T19:05:59.000Z,1
2019-12-13T20:33:54.000Z,1
2019-12-13T21:47:57.000Z,1
2019-12-13T22:32:31.000Z,1
2019-12-14T00:51:48.000Z,1
2019-12-14T01:27:28.000Z,1
2019-12-14T02:24:09.000Z,1
2019-12-14T08:55:18.000Z,1
2019-12-14T13:16:31.000Z,1
2019-12-14T13:44:03.000Z,1
2019-12-14T16:00:02.000Z,1
2019-12-14T17:19:45.000Z,1
2019-12-14T17:32:15.000Z,1
2019-12-15T07:44:58.000Z,1
2019-12-15T10:38:44.000Z,1
2019-12-15T12:17:53.000Z,1
2019-12-15T12:21:56.000Z,1
2019-12-15T13:44:08.000Z,1
2019-12-15T13:59:04.000Z,1
2019-12-15T16:53:52.000Z,1
2019-12-15T19:14:38.000Z,1
2019-12-16T01:24:18.000Z,1
2019-12-16T06:47:40.000Z,1
2019-12-16T06:58:50.000Z,1
2019-12-16T07:03:14.000Z,1
2019-12-16T07:03:56.000Z,1
2019-12-16T07:12:25.000Z,1
2019-12-16T07:46:44.000Z,1
2019-12-16T07:50:50.000Z,1
2019-12-16T08:18:58.000Z,1
2019-12-16T09:24:50.000Z,1
2019-12-16T09:27:40.000Z,1
2019-12-16T10:32:47.000Z,1
2019-12-16T10:36:11.000Z,1
2019-12-16T10:50:34.000Z,1
2019-12-16T10:55:38.000Z,1
2019-12-16T12:48:01.000Z,1
2019-12-16T13:12:57.000Z,1
2019-12-16T14:31:27.000Z,1
2019-12-16T15:59:14.000Z,1
2019-12-16T16:06:41.000Z,1
2019-12-16T16:10:34.000Z,1
2019-12-16T16:42:34.000Z,1
2019-12-16T17:17:33.000Z,1
2019-12-16T17:19:57.000Z,1
2019-12-16T17:20:11.000Z,1
2019-12-16T17:29:36.000Z,1
2019-12-16T17:36:54.000Z,1
2019-12-16T17:45:18.000Z,1
2019-12-16T18:20:42.000Z,1
2019-12-16T18:35:52.000Z,1
2019-12-16T19:14:48.000Z,1
2019-12-16T19:50:33.000Z,1
2019-12-16T22:38:51.000Z,1
2019-12-17T05:08:25.000Z,1
2019-12-17T06:31:48.000Z,1
2019-12-17T06:44:55.000Z,1
2019-12-17T07:18:53.000Z,1
2019-12-17T07:48:03.000Z,1
2019-12-17T08:19:06.000Z,3
2019-12-17T08:39:08.000Z,1
2019-12-17T08:40:36.000Z,1
2019-12-17T08:46:37.000Z,1
2019-12-17T09:12:45.000Z,1
2019-12-17T11:16:54.000Z,1
2019-12-17T12:07:16.000Z,1
2019-12-17T12:42:23.000Z,1
2019-12-17T12:55:12.000Z,1
2019-12-17T13:09:53.000Z,1
2019-12-17T13:21:09.000Z,1
2019-12-17T13:58:14.000Z,1
2019-12-17T14:53:57.000Z,1
2019-12-17T15:06:35.000Z,1
2019-12-17T15:51:36.000Z,1
2019-12-17T16:48:12.000Z,1
2019-12-17T17:06:20.000Z,1
2019-12-17T17:09:28.000Z,1
2019-12-17T17:15:54.000Z,1
2019-12-17T17:19:06.000Z,1
2019-12-17T17:19:18.000Z,1
2019-12-17T17:28:17.000Z,1
2019-12-17T17:44:25.000Z,1
2019-12-17T18:35:15.000Z,1
2019-12-17T19:31:44.000Z,1
2019-12-17T19:58:27.000Z,1
2019-12-17T22:31:33.000Z,1
2019-12-17T23:05:24.000Z,1
2019-12-18T05:54:36.000Z,1
2019-12-18T08:04:20.000Z,1
2019-12-18T08:23:29.000Z,2
2019-12-18T08:26:10.000Z,1
2019-12-18T08:43:37.000Z,1
2019-12-18T08:54:48.000Z,1
2019-12-18T10:34:15.000Z,1
2019-12-18T12:47:58.000Z,1
2019-12-18T13:03:17.000Z,1
2019-12-18T14:36:28.000Z,1
2019-12-18T15:08:25.000Z,1
2019-12-18T16:09:23.000Z,1
2019-12-18T16:19:41.000Z,1
2019-12-18T16:21:54.000Z,1
2019-12-18T16:46:12.000Z,1
2019-12-18T16:52:58.000Z,1
2019-12-18T16:55:46.000Z,1
2019-12-18T17:41:15.000Z,1
2019-12-18T17:56:48.000Z,1
2019-12-18T18:19:15.000Z,1
2019-12-18T19:48:41.000Z,1
2019-12-18T20:37:33.000Z,1
2019-12-18T21:33:06.000Z,1
2019-12-18T21:53:55.000Z,1
2019-12-19T06:06:58.000Z,2
2019-12-19T06:12:54.000Z,1
2019-12-19T07:49:11.000Z,1
2019-12-19T08:19:06.000Z,1
2019-12-19T08:29:50.000Z,1
2019-12-19T08:34:12.000Z,2
2019-12-19T09:00:00.000Z,1
2019-12-19T10:47:43.000Z,1
2019-12-19T11:15:06.000Z,1
2019-12-19T11:48:42.000Z,1
2019-12-19T12:06:41.000Z,1
2019-12-19T14:19:00.000Z,1
2019-12-19T15:11:09.000Z,1
2019-12-19T15:19:10.000Z,1
2019-12-19T16:19:41.000Z,1
2019-12-19T16:31:55.000Z,1
2019-12-19T16:37:47.000Z,1
2019-12-19T16:37:48.000Z,1
2019-12-19T16:46:09.000Z,1
2019-12-19T17:05:04.000Z,1
2019-12-19T17:56:37.000Z,1
2019-12-19T18:05:20.000Z,1
2019-12-19T18:21:00.000Z,1
2019-12-19T18:26:41.000Z,1
2019-12-19T18:29:27.000Z,1
2019-12-19T18:31:49.000Z,1
2019-12-19T18:38:32.000Z,1
2019-12-19T18:41:10.000Z,1
2019-12-19T22:58:05.000Z,1
2019-12-20T00:57:51.000Z,1
2019-12-20T07:01:02.000Z,1
2019-12-20T07:30:02.000Z,1
2019-12-20T07:41:02.000Z,1
2019-12-20T07:50:08.000Z,1
2019-12-20T08:19:28.000Z,1
2019-12-20T08:22:46.000Z,1
2019-12-20T08:38:53.000Z,1
2019-12-20T08:47:56.000Z,1
2019-12-20T08:48:39.000Z,1
2019-12-20T09:16:03.000Z,1
2019-12-20T09:29:21.000Z,1
2019-12-20T10:52:02.000Z,1
2019-12-20T12:52:15.000Z,1
2019-12-20T14:07:05.000Z,1
2019-12-20T14:37:09.000Z,1
2019-12-20T15:08:08.000Z,1
2019-12-20T15:33:47.000Z,1
2019-12-20T15:39:58.000Z,1
2019-12-20T15:42:31.000Z,1
2019-12-20T15:46:03.000Z,1
2019-12-20T16:21:12.000Z,1
2019-12-20T16:25:27.000Z,1
2019-12-20T16:36:12.000Z,1
2019-12-20T16:37:32.000Z,1
2019-12-20T17:58:01.000Z,1
2019-12-20T18:13:24.000Z,1
2019-12-20T19:11:59.000Z,1
2019-12-20T19:21:56.000Z,1
2019-12-20T21:12:31.000Z,1
2019-12-21T07:32:14.000Z,1
2019-12-21T07:43:38.000Z,1
2019-12-21T08:39:56.000Z,1
2019-12-21T09:55:58.000Z,1
2019-12-21T10:08:08.000Z,1
2019-12-21T11:34:19.000Z,1
2019-12-21T11:37:11.000Z,1
2019-12-21T12:20:14.000Z,1
2019-12-21T12:43:56.000Z,1
2019-12-21T12:53:30.000Z,1
2019-12-21T13:02:27.000Z,1
2019-12-21T13:04:19.000Z,1
2019-12-21T13:21:41.000Z,1
2019-12-21T13:50:55.000Z,1
2019-12-21T14:31:49.000Z,1
2019-12-21T15:08:31.000Z,1
2019-12-21T15:32:27.000Z,1
2019-12-21T15:55:03.000Z,1
2019-12-21T16:15:19.000Z,1
2019-12-21T16:17:18.000Z,1
2019-12-21T16:21:44.000Z,1
2019-12-21T16:53:12.000Z,1
2019-12-21T17:04:27.000Z,1
2019-12-21T17:09:53.000Z,1
2019-12-21T19:55:50.000Z,1
2019-12-22T00:44:08.000Z,1
2019-12-22T02:50:40.000Z,1
2019-12-22T05:27:04.000Z,1
2019-12-22T10:25:53.000Z,1
2019-12-22T11:16:08.000Z,1
2019-12-22T12:21:47.000Z,1
2019-12-22T12:54:03.000Z,1
2019-12-22T13:18:34.000Z,1
2019-12-22T13:20:42.000Z,1
2019-12-22T13:20:53.000Z,1
2019-12-22T13:49:19.000Z,1
2019-12-22T14:08:15.000Z,1
2019-12-22T16:12:24.000Z,2
2019-12-22T16:18:58.000Z,1
2019-12-22T16:59:44.000Z,1
2019-12-22T17:07:16.000Z,1
2019-12-22T18:19:03.000Z,1
2019-12-22T19:40:41.000Z,1
2019-12-22T20:37:00.000Z,1
2019-12-23T07:32:47.000Z,1
2019-12-23T08:55:23.000Z,1
2019-12-23T08:55:31.000Z,1
2019-12-23T09:04:42.000Z,1
2019-12-23T10:15:40.000Z,1
2019-12-23T11:19:56.000Z,1
2019-12-23T11:40:13.000Z,1
2019-12-23T12:06:09.000Z,1
2019-12-23T12:14:12.000Z,1
2019-12-11T14:48:25.000Z,1
2019-12-11T15:26:06.000Z,1
2019-12-11T17:10:53.000Z,2
2019-12-11T17:35:25.000Z,2
2019-12-11T17:50:33.000Z,1
2019-12-11T19:34:19.000Z,1
2019-12-12T00:24:33.000Z,1
2019-12-12T05:56:36.000Z,1
2019-12-12T06:21:38.000Z,1
2019-12-12T06:29:44.000Z,1
2019-12-12T07:51:30.000Z,1
2019-12-12T07:53:53.000Z,2
2019-12-12T09:10:18.000Z,1
2019-12-12T13:47:36.000Z,1
2019-12-12T16:04:39.000Z,1
2019-12-12T16:39:31.000Z,1
2019-12-12T17:47:25.000Z,1
2019-12-12T18:51:29.000Z,1
2019-12-11T18:26:59.000Z,1
2019-12-11T21:22:08.000Z,1
2019-12-11T21:39:13.000Z,1
2019-12-12T06:38:44.000Z,1
2019-12-12T08:01:47.000Z,2
2019-12-12T08:09:28.000Z,1
2019-12-12T11:40:12.000Z,1
2019-12-12T12:51:19.000Z,1
2019-12-12T13:54:34.000Z,1
2019-12-12T13:57:38.000Z,1
2019-12-12T14:13:18.000Z,1
2019-12-12T16:05:51.000Z,1
2019-12-12T16:07:15.000Z,1
2019-12-12T16:40:07.000Z,1
2019-12-12T16:43:40.000Z,1
2019-12-12T17:30:27.000Z,1
2019-12-12T17:55:55.000Z,2
2019-12-12T18:26:34.000Z,1
2019-12-12T18:29:56.000Z,1
2019-12-12T18:52:21.000Z,1
2019-12-12T18:52:29.000Z,2
2019-12-12T19:53:07.000Z,1
2019-12-12T22:09:03.000Z,1
2019-12-12T22:13:44.000Z,1
2019-12-12T23:31:34.000Z,1
2019-12-13T06:22:49.000Z,1
2019-12-13T06:29:33.000Z,1
2019-12-13T07:08:54.000Z,1
2019-12-13T07:23:31.000Z,2
2019-12-13T07:44:29.000Z,1
2019-12-13T07:55:54.000Z,1
2019-12-13T08:01:38.000Z,1
2019-12-13T08:47:28.000Z,1
2019-12-13T08:48:32.000Z,1
2019-12-13T09:17:18.000Z,1
2019-12-13T09:20:06.000Z,1
2019-12-13T09:48:59.000Z,1
2019-12-13T10:52:08.000Z,1
2019-12-13T12:02:41.000Z,1
2019-12-13T12:08:29.000Z,1
2019-12-13T12:16:10.000Z,1
2019-12-13T12:19:11.000Z,1
2019-12-13T12:47:43.000Z,1
2019-12-13T12:51:01.000Z,1
2019-12-13T13:43:53.000Z,1
2019-12-13T15:22:37.000Z,1
2019-12-13T15:33:06.000Z,1
2019-12-13T16:06:50.000Z,1
2019-12-13T16:19:45.000Z,1
2019-12-13T16:25:03.000Z,2
2019-12-13T16:27:00.000Z,1
2019-12-13T17:09:01.000Z,1
2019-12-13T17:29:04.000Z,1
2019-12-13T18:09:39.000Z,1
2019-12-13T18:28:24.000Z,1
2019-12-13T18:50:29.000Z,1
2019-12-13T19:07:13.000Z,1
2019-12-13T19:19:11.000Z,1
2019-12-13T20:40:46.000Z,1
2019-12-13T22:18:17.000Z,1
2019-12-14T00:58:14.000Z,1
2019-12-14T02:20:48.000Z,1
2019-12-14T07:55:40.000Z,1
2019-12-14T08:06:01.000Z,1
2019-12-14T10:04:55.000Z,1
2019-12-14T10:44:20.000Z,1
2019-12-14T10:45:52.000Z,1
2019-12-14T11:26:04.000Z,1
2019-12-14T12:36:00.000Z,1
2019-12-14T12:36:45.000Z,1
2019-12-14T13:14:44.000Z,1
2019-12-14T13:42:04.000Z,2
2019-12-14T14:34:02.000Z,1
2019-12-14T16:20:25.000Z,1
2019-12-14T16:31:54.000Z,1
2019-12-14T16:55:06.000Z,1
2019-12-14T17:12:35.000Z,1
2019-12-15T00:05:28.000Z,1
2019-12-15T01:22:24.000Z,1
2019-12-15T08:43:01.000Z,1
2019-12-15T09:47:10.000Z,1
2019-12-15T11:42:27.000Z,1
2019-12-15T12:17:00.000Z,1
2019-12-15T13:59:53.000Z,1
2019-12-15T14:32:29.000Z,1
2019-12-15T15:42:46.000Z,1
2019-12-15T16:29:57.000Z,1
2019-12-15T18:31:22.000Z,1
2019-12-16T06:09:07.000Z,1
2019-12-16T07:45:09.000Z,1
2019-12-16T08:48:07.000Z,1
2019-12-16T08:56:08.000Z,1
2019-12-16T08:56:40.000Z,1
2019-12-16T08:57:58.000Z,1
2019-12-16T09:40:09.000Z,1
2019-12-16T09:57:31.000Z,1
2019-12-16T11:46:44.000Z,1
2019-12-16T15:05:23.000Z,1
2019-12-16T15:09:07.000Z,1
2019-12-16T15:35:35.000Z,1
2019-12-16T16:15:57.000Z,1
2019-12-16T16:21:26.000Z,2
2019-12-16T16:48:41.000Z,1
2019-12-16T16:49:24.000Z,1
2019-12-16T16:57:17.000Z,1
2019-12-16T17:20:46.000Z,1
2019-12-16T17:49:03.000Z,1
2019-12-16T17:49:32.000Z,1
2019-12-16T18:29:41.000Z,1
2019-12-16T18:40:10.000Z,1
2019-12-16T18:40:15.000Z,1
2019-12-16T18:51:59.000Z,1
2019-12-16T19:55:25.000Z,1
2019-12-16T20:16:26.000Z,1
2019-12-17T07:46:11.000Z,1
2019-12-17T07:48:24.000Z,1
2019-12-17T07:55:03.000Z,1
2019-12-17T08:32:58.000Z,1
2019-12-17T09:04:17.000Z,1
2019-12-17T09:09:20.000Z,1
2019-12-17T11:32:27.000Z,1
2019-12-17T12:14:52.000Z,1
2019-12-17T13:10:12.000Z,1
2019-12-17T15:22:02.000Z,1
2019-12-17T16:08:09.000Z,1
2019-12-17T16:21:28.000Z,2
2019-12-17T16:53:50.000Z,1
2019-12-17T17:21:09.000Z,1
2019-12-17T17:42:21.000Z,1
2019-12-17T17:46:23.000Z,2
2019-12-17T18:50:50.000Z,1
2019-12-17T19:10:19.000Z,1
2019-12-17T19:46:28.000Z,1
2019-12-17T20:28:17.000Z,1
2019-12-18T07:04:11.000Z,1
2019-12-18T07:35:22.000Z,1
2019-12-18T08:14:13.000Z,1
2019-12-18T08:39:36.000Z,1
2019-12-18T11:46:12.000Z,1
2019-12-18T13:56:31.000Z,1
2019-12-18T14:24:49.000Z,1
2019-12-18T16:04:29.000Z,1
2019-12-18T16:19:13.000Z,1
2019-12-18T16:43:39.000Z,1
2019-12-18T16:51:26.000Z,1
2019-12-18T16:52:20.000Z,1
2019-12-18T17:18:58.000Z,2
2019-12-18T17:31:02.000Z,1
2019-12-18T18:30:50.000Z,1
2019-12-18T19:27:32.000Z,1
2019-12-18T21:26:50.000Z,1
2019-12-19T07:27:28.000Z,2
2019-12-19T08:01:23.000Z,2
2019-12-19T08:51:20.000Z,1
2019-12-19T08:55:12.000Z,1
2019-12-19T09:01:53.000Z,1
2019-12-19T09:04:12.000Z,1
2019-12-19T09:42:47.000Z,1
2019-12-19T12:09:09.000Z,1
2019-12-19T15:11:19.000Z,1
2019-12-19T15:16:23.000Z,1
2019-12-19T15:42:45.000Z,1
2019-12-19T15:44:35.000Z,1
2019-12-19T15:49:56.000Z,1
2019-12-19T15:56:04.000Z,2
2019-12-19T16:58:19.000Z,1
2019-12-19T17:00:11.000Z,3
2019-12-19T17:20:55.000Z,1
2019-12-19T17:35:39.000Z,1
2019-12-19T18:25:29.000Z,1
2019-12-19T21:34:47.000Z,1
2019-12-20T06:24:04.000Z,1
2019-12-20T06:26:27.000Z,1
2019-12-20T07:08:24.000Z,1
2019-12-20T07:42:07.000Z,1
2019-12-20T07:45:56.000Z,1
2019-12-20T07:59:24.000Z,1
2019-12-20T08:27:29.000Z,1
2019-12-20T09:03:23.000Z,1
2019-12-20T09:15:18.000Z,1
2019-12-20T10:19:18.000Z,1
2019-12-20T12:54:09.000Z,1
2019-12-20T13:07:51.000Z,1
2019-12-20T13:18:19.000Z,1
2019-12-20T13:23:35.000Z,1
2019-12-20T13:27:45.000Z,1
2019-12-20T13:30:29.000Z,1
2019-12-20T13:31:15.000Z,1
2019-12-20T13:33:19.000Z,1
2019-12-20T13:36:42.000Z,1
2019-12-20T13:53:24.000Z,1
2019-12-20T13:55:47.000Z,1
2019-12-20T14:44:38.000Z,1
2019-12-20T14:56:55.000Z,1
2019-12-20T17:11:05.000Z,1
2019-12-20T17:28:02.000Z,1
2019-12-20T17:53:18.000Z,1
2019-12-20T18:08:36.000Z,1
2019-12-20T18:11:04.000Z,1
2019-12-20T20:09:30.000Z,1
2019-12-20T21:45:23.000Z,1
2019-12-21T08:23:49.000Z,1
2019-12-21T10:17:13.000Z,1
2019-12-21T10:20:49.000Z,1
2019-12-21T10:50:05.000Z,1
2019-12-21T10:56:48.000Z,1
2019-12-21T11:06:12.000Z,1
2019-12-21T11:52:39.000Z,1
2019-12-21T13:26:34.000Z,1
2019-12-21T13:50:28.000Z,1
2019-12-21T13:50:38.000Z,1
2019-12-21T14:04:37.000Z,1
2019-12-21T14:39:54.000Z,1
2019-12-21T15:01:12.000Z,1
2019-12-21T15:16:45.000Z,1
2019-12-21T16:25:38.000Z,1
2019-12-21T20:00:19.000Z,1
2019-12-21T20:20:32.000Z,1
2019-12-21T23:09:49.000Z,1
2019-12-22T04:56:52.000Z,1
2019-12-22T10:25:08.000Z,1
2019-12-22T11:15:26.000Z,1
2019-12-22T11:24:29.000Z,1
2019-12-22T11:35:45.000Z,1
2019-12-22T12:15:59.000Z,1
2019-12-22T12:56:14.000Z,1
2019-12-22T13:05:42.000Z,1
2019-12-22T13:52:11.000Z,1
2019-12-22T13:55:32.000Z,1
2019-12-22T14:03:27.000Z,1
2019-12-22T14:13:08.000Z,1
2019-12-22T14:20:57.000Z,1
2019-12-22T14:46:59.000Z,1
2019-12-22T15:19:35.000Z,1
2019-12-22T15:40:47.000Z,1
2019-12-22T15:55:35.000Z,1
2019-12-22T16:15:51.000Z,1
2019-12-22T16:27:57.000Z,1
2019-12-22T17:01:12.000Z,1
2019-12-22T17:07:14.000Z,1
2019-12-22T19:28:07.000Z,1
2019-12-22T19:58:32.000Z,1
2019-12-22T21:52:44.000Z,1
2019-12-22T23:02:49.000Z,1
2019-12-23T05:23:13.000Z,1
2019-12-23T06:12:21.000Z,1
2019-12-23T06:55:22.000Z,1
2019-12-23T07:13:33.000Z,3
2019-12-23T07:34:09.000Z,1
2019-12-23T07:47:58.000Z,1
2019-12-23T08:13:08.000Z,1
2019-12-23T08:43:37.000Z,1
2019-12-23T08:53:12.000Z,1
2019-12-23T08:56:28.000Z,1
2019-12-23T10:20:55.000Z,1
2019-12-23T10:28:21.000Z,1
2019-12-23T12:03:58.000Z,1
2019-12-23T12:04:57.000Z,1
2019-12-11T13:20:34.000Z,1
2019-12-11T14:27:29.000Z,1
2019-12-11T15:26:21.000Z,1
2019-12-11T16:28:57.000Z,1
2019-12-11T16:31:56.000Z,1
2019-12-11T17:13:42.000Z,1
2019-12-11T17:48:07.000Z,1
2019-12-11T17:51:32.000Z,1
2019-12-11T18:10:08.000Z,1
2019-12-11T18:32:31.000Z,1
2019-12-11T18:45:22.000Z,1
2019-12-12T08:11:13.000Z,1
2019-12-12T08:33:21.000Z,1
2019-12-12T09:06:37.000Z,1
2019-12-12T09:06:59.000Z,1
2019-12-12T17:22:35.000Z,1
2019-12-12T21:17:32.000Z,1
2019-12-12T05:04:40.000Z,1
2019-12-12T07:31:22.000Z,1
2019-12-12T08:22:27.000Z,1
2019-12-12T08:44:10.000Z,1
2019-12-12T08:49:17.000Z,1
2019-12-12T10:09:38.000Z,1
2019-12-12T10:28:55.000Z,2
2019-12-12T11:23:06.000Z,1
2019-12-12T11:45:39.000Z,1
2019-12-12T13:06:38.000Z,1
2019-12-12T15:12:59.000Z,1
2019-12-12T15:53:19.000Z,1
2019-12-12T16:05:22.000Z,1
2019-12-12T16:05:39.000Z,1
2019-12-12T16:32:29.000Z,1
2019-12-12T16:40:17.000Z,1
2019-12-12T17:10:41.000Z,1
2019-12-12T17:29:19.000Z,1
2019-12-12T17:31:07.000Z,1
2019-12-12T17:48:17.000Z,1
2019-12-12T17:51:53.000Z,1
2019-12-12T17:59:15.000Z,1
2019-12-12T21:26:47.000Z,1
2019-12-12T21:51:47.000Z,1
2019-12-13T06:55:28.000Z,1
2019-12-13T07:12:57.000Z,1
2019-12-13T08:07:14.000Z,1
2019-12-13T11:30:01.000Z,1
2019-12-13T11:43:59.000Z,1
2019-12-13T12:29:17.000Z,1
2019-12-13T12:43:49.000Z,1
2019-12-13T12:58:44.000Z,1
2019-12-13T12:59:44.000Z,1
2019-12-13T13:03:44.000Z,1
2019-12-13T13:40:39.000Z,1
2019-12-13T13:58:10.000Z,1
2019-12-13T14:35:13.000Z,1
2019-12-13T14:43:07.000Z,1
2019-12-13T14:43:51.000Z,1
2019-12-13T14:44:13.000Z,1
2019-12-13T14:54:45.000Z,1
2019-12-13T15:48:25.000Z,1
2019-12-13T16:10:37.000Z,3
2019-12-13T16:10:56.000Z,1
2019-12-13T16:16:59.000Z,1
2019-12-13T16:21:41.000Z,1
2019-12-13T16:24:26.000Z,1
2019-12-13T16:26:22.000Z,1
2019-12-13T16:27:31.000Z,1
2019-12-13T16:30:23.000Z,1
2019-12-13T16:31:50.000Z,2
2019-12-13T16:41:15.000Z,2
2019-12-13T16:49:20.000Z,1
2019-12-13T17:09:45.000Z,1
2019-12-13T17:13:41.000Z,2
2019-12-13T17:41:42.000Z,1
2019-12-13T18:08:56.000Z,2
2019-12-13T18:55:45.000Z,1
2019-12-13T19:14:32.000Z,1
2019-12-13T20:04:46.000Z,1
2019-12-13T20:24:36.000Z,1
2019-12-14T00:28:20.000Z,1
2019-12-14T06:20:14.000Z,1
2019-12-14T12:02:03.000Z,2
2019-12-14T12:16:20.000Z,1
2019-12-14T13:37:48.000Z,1
2019-12-14T14:36:49.000Z,1
2019-12-14T14:48:48.000Z,1
2019-12-14T14:57:03.000Z,1
2019-12-14T15:30:10.000Z,1
2019-12-14T17:19:14.000Z,1
2019-12-14T17:52:53.000Z,1
2019-12-14T18:35:55.000Z,1
2019-12-14T19:14:58.000Z,1
2019-12-14T19:45:01.000Z,1
2019-12-14T20:03:29.000Z,1
2019-12-14T20:03:46.000Z,1
2019-12-14T22:37:37.000Z,1
2019-12-15T09:10:21.000Z,1
2019-12-15T10:18:50.000Z,1
2019-12-15T10:34:08.000Z,1
2019-12-15T12:03:30.000Z,1
2019-12-15T12:29:44.000Z,2
2019-12-15T12:53:14.000Z,1
2019-12-15T13:41:43.000Z,1
2019-12-15T13:48:31.000Z,1
2019-12-15T13:56:57.000Z,1
2019-12-15T14:01:21.000Z,1
2019-12-15T14:19:56.000Z,1
2019-12-15T17:25:08.000Z,1
2019-12-15T17:42:46.000Z,1
2019-12-15T18:16:22.000Z,1
2019-12-15T18:25:32.000Z,1
2019-12-15T18:28:14.000Z,1
2019-12-15T20:56:04.000Z,1
2019-12-15T21:02:38.000Z,1
2019-12-15T22:47:44.000Z,1
2019-12-16T06:11:59.000Z,1
2019-12-16T07:02:19.000Z,1
2019-12-16T07:27:10.000Z,1
2019-12-16T07:46:15.000Z,3
2019-12-16T07:53:24.000Z,1
2019-12-16T08:06:40.000Z,2
2019-12-16T08:07:16.000Z,1
2019-12-16T08:33:08.000Z,2
2019-12-16T08:52:17.000Z,1
2019-12-16T09:32:56.000Z,1
2019-12-16T13:11:46.000Z,1
2019-12-16T13:22:05.000Z,1
2019-12-16T15:24:58.000Z,1
2019-12-16T15:29:54.000Z,1
2019-12-16T16:53:33.000Z,1
2019-12-16T17:38:39.000Z,1
2019-12-16T18:10:39.000Z,1
2019-12-16T18:13:33.000Z,1
2019-12-16T18:29:28.000Z,1
2019-12-16T20:28:17.000Z,2
2019-12-16T22:27:32.000Z,1
2019-12-17T06:11:31.000Z,1
2019-12-17T06:47:08.000Z,1
2019-12-17T07:02:35.000Z,1
2019-12-17T07:15:16.000Z,1
2019-12-17T07:40:34.000Z,1
2019-12-17T08:06:47.000Z,1
2019-12-17T08:18:45.000Z,1
2019-12-17T08:21:58.000Z,1
2019-12-17T08:39:52.000Z,1
2019-12-17T08:40:30.000Z,1
2019-12-17T11:24:18.000Z,1
2019-12-17T11:26:12.000Z,1
2019-12-17T12:26:45.000Z,1
2019-12-17T12:39:34.000Z,1
2019-12-17T13:06:00.000Z,1
2019-12-17T14:32:01.000Z,1
2019-12-17T16:08:24.000Z,1
2019-12-17T16:12:35.000Z,2
2019-12-17T17:24:08.000Z,1
2019-12-17T17:25:52.000Z,1
2019-12-17T17:27:04.000Z,1
2019-12-17T17:29:50.000Z,1
2019-12-17T18:25:52.000Z,2
2019-12-17T19:16:52.000Z,1
2019-12-17T19:37:15.000Z,1
2019-12-17T19:50:19.000Z,1
2019-12-17T19:59:05.000Z,1
2019-12-17T20:27:03.000Z,1
2019-12-18T04:52:12.000Z,1
2019-12-18T05:51:05.000Z,1
2019-12-18T06:20:23.000Z,1
2019-12-18T07:39:21.000Z,1
2019-12-18T07:44:35.000Z,1
2019-12-18T08:25:43.000Z,1
2019-12-18T08:50:27.000Z,1
2019-12-18T08:59:33.000Z,1
2019-12-18T09:05:30.000Z,1
2019-12-18T11:38:05.000Z,1
2019-12-18T12:08:01.000Z,1
2019-12-18T13:24:08.000Z,1
2019-12-18T14:34:55.000Z,1
2019-12-18T14:47:04.000Z,1
2019-12-18T15:27:12.000Z,1
2019-12-18T15:57:25.000Z,1
2019-12-18T16:10:40.000Z,1
2019-12-18T16:36:11.000Z,1
2019-12-18T16:42:02.000Z,1
2019-12-18T17:19:54.000Z,1
2019-12-18T17:22:40.000Z,1
2019-12-18T17:52:06.000Z,1
2019-12-18T18:48:16.000Z,1
2019-12-18T20:03:13.000Z,1
2019-12-19T06:17:46.000Z,1
2019-12-19T06:22:48.000Z,1
2019-12-19T06:43:33.000Z,1
2019-12-19T08:19:47.000Z,1
2019-12-19T08:52:48.000Z,1
2019-12-19T09:45:28.000Z,1
2019-12-19T11:07:48.000Z,1
2019-12-19T11:58:13.000Z,1
2019-12-19T12:51:02.000Z,1
2019-12-19T14:34:56.000Z,1
2019-12-19T14:36:56.000Z,1
2019-12-19T15:11:06.000Z,1
2019-12-19T16:11:48.000Z,1
2019-12-19T16:34:46.000Z,1
2019-12-19T16:36:06.000Z,1
2019-12-19T17:22:10.000Z,1
2019-12-19T17:25:17.000Z,1
2019-12-19T17:30:38.000Z,1
2019-12-19T17:36:28.000Z,1
2019-12-19T18:03:33.000Z,1
2019-12-19T18:26:16.000Z,1
2019-12-19T18:40:25.000Z,1
2019-12-19T19:07:15.000Z,1
2019-12-19T19:36:21.000Z,1
2019-12-19T20:20:19.000Z,1
2019-12-20T07:22:59.000Z,2
2019-12-20T07:39:15.000Z,1
2019-12-20T08:01:51.000Z,1
2019-12-20T08:13:08.000Z,1
2019-12-20T08:21:22.000Z,1
2019-12-20T09:56:51.000Z,1
2019-12-20T10:03:37.000Z,1
2019-12-20T10:24:48.000Z,1
2019-12-20T11:01:43.000Z,1
2019-12-20T11:07:01.000Z,1
2019-12-20T12:02:36.000Z,2
2019-12-20T12:02:53.000Z,1
2019-12-20T12:15:55.000Z,1
2019-12-20T12:25:47.000Z,2
2019-12-20T12:40:56.000Z,1
2019-12-20T14:10:15.000Z,1
2019-12-20T14:10:24.000Z,1
2019-12-20T15:04:13.000Z,1
2019-12-20T16:07:13.000Z,1
2019-12-20T16:09:32.000Z,1
2019-12-20T16:19:19.000Z,1
2019-12-20T16:19:43.000Z,1
2019-12-20T16:31:50.000Z,1
2019-12-20T16:31:45.000Z,1
2019-12-20T16:35:03.000Z,1
2019-12-20T16:42:28.000Z,1
2019-12-20T17:57:01.000Z,1
2019-12-20T17:59:50.000Z,1
2019-12-20T18:21:31.000Z,1
2019-12-20T18:23:37.000Z,1
2019-12-20T18:25:51.000Z,1
2019-12-20T19:18:10.000Z,1
2019-12-20T19:23:07.000Z,1
2019-12-21T06:38:50.000Z,1
2019-12-21T07:21:49.000Z,1
2019-12-21T08:32:58.000Z,1
2019-12-21T09:16:11.000Z,1
2019-12-21T09:52:24.000Z,1
2019-12-21T11:16:11.000Z,1
2019-12-21T11:41:57.000Z,1
2019-12-21T12:27:37.000Z,1
2019-12-21T13:17:13.000Z,1
2019-12-21T13:41:26.000Z,1
2019-12-21T14:23:35.000Z,1
2019-12-21T14:46:48.000Z,1
2019-12-21T15:15:52.000Z,1
2019-12-21T15:38:01.000Z,1
2019-12-21T16:23:47.000Z,1
2019-12-21T16:36:41.000Z,1
2019-12-21T18:42:41.000Z,1
2019-12-21T18:43:47.000Z,1
2019-12-21T18:49:36.000Z,1
2019-12-21T20:17:05.000Z,1
2019-12-21T22:53:26.000Z,1
2019-12-22T04:43:46.000Z,1
2019-12-22T09:23:56.000Z,1
2019-12-22T11:09:54.000Z,1
2019-12-22T11:57:01.000Z,1
2019-12-22T12:45:46.000Z,1
2019-12-22T14:18:28.000Z,1
2019-12-22T14:56:02.000Z,1
2019-12-22T17:49:16.000Z,1
2019-12-22T19:13:24.000Z,1
2019-12-22T22:41:44.000Z,1
2019-12-23T06:34:24.000Z,2
2019-12-23T06:38:45.000Z,1
2019-12-23T07:16:38.000Z,1
2019-12-23T07:36:43.000Z,1
2019-12-23T07:40:22.000Z,1
2019-12-23T08:19:06.000Z,1
2019-12-23T09:13:22.000Z,1
2019-12-23T09:48:09.000Z,1
2019-12-23T11:53:16.000Z,1
2019-12-23T11:53:59.000Z,1
2019-12-23T11:58:32.000Z,1
2019-12-11T13:08:05.000Z,1
2019-12-11T14:26:19.000Z,2
2019-12-11T16:26:58.000Z,1
2019-12-11T16:27:59.000Z,1
2019-12-11T16:51:30.000Z,1
2019-12-11T17:06:43.000Z,1
2019-12-11T17:15:56.000Z,1
2019-12-11T17:16:45.000Z,2
2019-12-11T17:18:36.000Z,1
2019-12-11T17:30:10.000Z,1
2019-12-11T17:36:31.000Z,1
2019-12-12T06:25:20.000Z,1
2019-12-12T07:08:27.000Z,1
2019-12-12T07:25:25.000Z,2
2019-12-12T07:56:51.000Z,1
2019-12-12T08:13:30.000Z,1
2019-12-12T08:49:50.000Z,1
2019-12-12T15:26:56.000Z,1
2019-12-12T17:38:55.000Z,1
2019-12-11T18:48:11.000Z,1
2019-12-11T21:05:28.000Z,1
2019-12-12T07:50:02.000Z,1
2019-12-12T08:18:43.000Z,1
2019-12-12T08:48:42.000Z,1
2019-12-12T09:10:44.000Z,1
2019-12-12T10:50:16.000Z,1
2019-12-12T12:00:36.000Z,1
2019-12-12T12:12:40.000Z,1
2019-12-12T12:21:39.000Z,1
2019-12-12T13:31:32.000Z,1
2019-12-12T16:26:17.000Z,1
2019-12-12T16:32:59.000Z,2
2019-12-12T16:56:59.000Z,2
2019-12-12T17:11:23.000Z,1
2019-12-12T17:40:55.000Z,1
2019-12-12T17:48:29.000Z,2
2019-12-12T18:05:58.000Z,1
2019-12-12T18:15:45.000Z,1
2019-12-12T18:19:07.000Z,1
2019-12-12T18:38:52.000Z,1
2019-12-12T18:44:18.000Z,1
2019-12-12T19:32:46.000Z,2
2019-12-12T19:58:37.000Z,1
2019-12-12T21:26:58.000Z,1
2019-12-13T02:37:00.000Z,1
2019-12-13T06:21:23.000Z,1
2019-12-13T07:23:16.000Z,1
2019-12-13T07:34:01.000Z,1
2019-12-13T08:04:53.000Z,1
2019-12-13T08:21:08.000Z,1
2019-12-13T08:30:22.000Z,1
2019-12-13T08:44:51.000Z,1
2019-12-13T08:52:58.000Z,1
2019-12-13T11:02:11.000Z,1
2019-12-13T11:13:47.000Z,1
2019-12-13T15:03:35.000Z,1
2019-12-13T15:12:08.000Z,1
2019-12-13T15:40:58.000Z,1
2019-12-13T15:42:56.000Z,1
2019-12-13T16:01:34.000Z,1
2019-12-13T16:09:24.000Z,1
2019-12-13T17:14:42.000Z,1
2019-12-13T17:23:24.000Z,1
2019-12-13T17:50:51.000Z,1
2019-12-13T18:25:01.000Z,1
2019-12-13T18:39:35.000Z,2
2019-12-13T20:35:28.000Z,1
2019-12-13T21:14:29.000Z,1
2019-12-13T21:31:49.000Z,1
2019-12-13T23:44:46.000Z,1
2019-12-14T09:00:48.000Z,1
2019-12-14T10:20:45.000Z,1
2019-12-14T10:40:53.000Z,1
2019-12-14T11:03:49.000Z,1
2019-12-14T11:18:35.000Z,1
2019-12-14T11:45:46.000Z,1
2019-12-14T13:22:05.000Z,1
2019-12-14T13:40:27.000Z,1
2019-12-14T13:45:19.000Z,1
2019-12-14T13:52:18.000Z,1
2019-12-14T14:02:05.000Z,1
2019-12-14T14:09:14.000Z,1
2019-12-14T14:09:30.000Z,1
2019-12-14T14:24:43.000Z,1
2019-12-14T15:59:55.000Z,1
2019-12-14T17:43:22.000Z,1
2019-12-14T22:13:27.000Z,1
2019-12-14T22:54:19.000Z,1
2019-12-14T23:43:38.000Z,1
2019-12-15T00:22:52.000Z,1
2019-12-15T05:59:05.000Z,1
2019-12-15T06:21:55.000Z,1
2019-12-15T08:35:46.000Z,1
2019-12-15T11:52:35.000Z,1
2019-12-15T14:23:49.000Z,2
2019-12-15T15:11:10.000Z,1
2019-12-15T15:29:57.000Z,2
2019-12-15T16:21:45.000Z,2
2019-12-15T16:48:46.000Z,1
2019-12-15T18:31:50.000Z,1
2019-12-15T20:13:16.000Z,2
2019-12-15T20:45:09.000Z,1
2019-12-16T06:24:06.000Z,1
2019-12-16T07:18:23.000Z,1
2019-12-16T07:27:18.000Z,1
2019-12-16T08:19:53.000Z,1
2019-12-16T08:37:54.000Z,1
2019-12-16T10:22:38.000Z,1
2019-12-16T11:02:59.000Z,1
2019-12-16T11:19:49.000Z,1
2019-12-16T12:42:38.000Z,1
2019-12-16T15:56:13.000Z,1
2019-12-16T16:42:58.000Z,1
2019-12-16T16:49:17.000Z,2
2019-12-16T17:17:31.000Z,1
2019-12-16T17:25:34.000Z,1
2019-12-16T18:04:58.000Z,1
2019-12-16T18:20:34.000Z,1
2019-12-16T18:32:40.000Z,1
2019-12-16T18:45:58.000Z,1
2019-12-16T19:32:46.000Z,1
2019-12-16T19:45:35.000Z,1
2019-12-16T20:02:50.000Z,1
2019-12-16T21:21:23.000Z,1
2019-12-17T05:42:26.000Z,1
2019-12-17T07:10:41.000Z,1
2019-12-17T07:45:50.000Z,1
2019-12-17T07:54:50.000Z,1
2019-12-17T08:27:48.000Z,1
2019-12-17T08:32:59.000Z,1
2019-12-17T08:58:02.000Z,1
2019-12-17T09:32:17.000Z,1
2019-12-17T10:17:33.000Z,1
2019-12-17T11:31:21.000Z,1
2019-12-17T12:11:05.000Z,1
2019-12-17T12:17:06.000Z,1
2019-12-17T15:14:43.000Z,1
2019-12-17T15:59:51.000Z,1
2019-12-17T16:53:24.000Z,1
2019-12-17T17:02:35.000Z,1
2019-12-17T17:27:23.000Z,2
2019-12-17T17:28:12.000Z,2
2019-12-17T17:37:24.000Z,1
2019-12-17T18:29:37.000Z,1
2019-12-17T18:54:54.000Z,2
2019-12-17T20:34:51.000Z,1
2019-12-17T22:46:52.000Z,1
2019-12-18T05:26:54.000Z,1
2019-12-18T06:44:49.000Z,1
2019-12-18T07:21:28.000Z,1
2019-12-18T07:22:10.000Z,1
2019-12-18T07:37:08.000Z,1
2019-12-18T07:42:13.000Z,1
2019-12-18T08:15:07.000Z,1
2019-12-18T08:18:24.000Z,1
2019-12-18T08:28:58.000Z,1
2019-12-18T08:41:40.000Z,1
2019-12-18T08:43:44.000Z,1
2019-12-18T08:53:01.000Z,2
2019-12-18T09:08:26.000Z,1
2019-12-18T09:11:32.000Z,1
2019-12-18T10:48:36.000Z,1
2019-12-18T11:42:59.000Z,1
2019-12-18T11:46:43.000Z,1
2019-12-18T13:59:06.000Z,1
2019-12-18T15:41:45.000Z,1
2019-12-18T15:55:33.000Z,1
2019-12-18T16:19:33.000Z,1
2019-12-18T16:36:27.000Z,2
2019-12-18T16:40:18.000Z,1
2019-12-18T16:49:01.000Z,1
2019-12-18T20:10:42.000Z,1
2019-12-18T23:18:23.000Z,1
2019-12-19T07:07:42.000Z,1
2019-12-19T07:09:48.000Z,1
2019-12-19T07:18:38.000Z,1
2019-12-19T07:51:29.000Z,1
2019-12-19T08:49:45.000Z,1
2019-12-19T08:51:25.000Z,1
2019-12-19T09:02:50.000Z,1
2019-12-19T11:48:43.000Z,1
2019-12-19T13:02:07.000Z,1
2019-12-19T13:23:36.000Z,1
2019-12-19T14:32:26.000Z,1
2019-12-19T15:04:19.000Z,1
2019-12-19T15:22:43.000Z,1
2019-12-19T15:41:30.000Z,1
2019-12-19T16:38:03.000Z,1
2019-12-19T16:42:41.000Z,1
2019-12-19T17:03:50.000Z,1
2019-12-19T17:12:48.000Z,1
2019-12-19T17:15:10.000Z,1
2019-12-19T17:28:27.000Z,1
2019-12-19T17:51:40.000Z,1
2019-12-19T18:10:27.000Z,1
2019-12-19T19:46:59.000Z,1
2019-12-19T19:50:08.000Z,1
2019-12-19T19:58:10.000Z,1
2019-12-19T20:13:06.000Z,1
2019-12-19T20:22:45.000Z,1
2019-12-19T22:46:50.000Z,1
2019-12-20T00:54:22.000Z,1
2019-12-20T07:10:09.000Z,1
2019-12-20T07:30:24.000Z,1
2019-12-20T07:33:51.000Z,1
2019-12-20T08:17:16.000Z,1
2019-12-20T11:27:15.000Z,1
2019-12-20T12:49:20.000Z,1
2019-12-20T13:50:01.000Z,1
2019-12-20T14:59:17.000Z,1
2019-12-20T16:19:30.000Z,1
2019-12-20T16:56:40.000Z,1
2019-12-20T16:57:34.000Z,1
2019-12-20T17:33:42.000Z,1
2019-12-20T19:19:00.000Z,1
2019-12-20T19:19:32.000Z,2
2019-12-20T19:30:15.000Z,1
2019-12-20T19:52:25.000Z,1
2019-12-21T09:48:08.000Z,1
2019-12-21T09:53:55.000Z,1
2019-12-21T09:56:22.000Z,1
2019-12-21T10:08:47.000Z,1
2019-12-21T10:16:11.000Z,1
2019-12-21T11:05:19.000Z,1
2019-12-21T11:43:34.000Z,2
2019-12-21T11:54:21.000Z,1
2019-12-21T12:27:41.000Z,1
2019-12-21T13:17:47.000Z,1
2019-12-21T13:18:57.000Z,1
2019-12-21T14:20:59.000Z,1
2019-12-21T14:26:21.000Z,2
2019-12-21T14:30:39.000Z,1
2019-12-21T14:36:12.000Z,1
2019-12-21T14:39:43.000Z,1
2019-12-21T15:06:31.000Z,1
2019-12-21T15:11:18.000Z,1
2019-12-21T15:11:39.000Z,1
2019-12-21T15:46:02.000Z,1
2019-12-21T15:52:53.000Z,1
2019-12-21T17:37:35.000Z,1
2019-12-21T18:40:38.000Z,1
2019-12-21T22:42:00.000Z,1
2019-12-21T23:24:30.000Z,1
2019-12-22T09:18:18.000Z,1
2019-12-22T09:25:37.000Z,1
2019-12-22T09:34:11.000Z,1
2019-12-22T10:13:48.000Z,1
2019-12-22T10:54:48.000Z,1
2019-12-22T11:06:47.000Z,1
2019-12-22T11:10:34.000Z,1
2019-12-22T13:36:44.000Z,1
2019-12-22T14:48:23.000Z,2
2019-12-22T16:40:29.000Z,1
2019-12-22T16:43:11.000Z,1
2019-12-22T17:10:54.000Z,1
2019-12-22T18:59:10.000Z,1
2019-12-22T21:34:35.000Z,1
2019-12-22T23:16:05.000Z,1
2019-12-23T07:48:09.000Z,1
2019-12-23T08:03:34.000Z,1
2019-12-23T08:14:33.000Z,1
2019-12-23T08:14:38.000Z,1
2019-12-23T08:21:43.000Z,1
2019-12-23T10:14:34.000Z,1
2019-12-23T10:32:05.000Z,1
2019-12-23T10:33:45.000Z,1
2019-12-23T11:24:38.000Z,1
2019-12-23T11:41:44.000Z,1
2019-12-23T11:44:28.000Z,1
2019-12-23T11:58:25.000Z,1
2019-12-23T12:09:44.000Z,1
2019-12-11T14:16:03.000Z,1
2019-12-11T14:42:28.000Z,1
2019-12-11T15:14:29.000Z,1
2019-12-11T15:15:39.000Z,1
2019-12-11T16:34:23.000Z,1
2019-12-11T20:41:05.000Z,1
2019-12-12T06:25:27.000Z,1
2019-12-12T06:59:26.000Z,1
2019-12-12T08:23:45.000Z,2
2019-12-12T08:30:49.000Z,1
2019-12-12T08:33:46.000Z,1
2019-12-12T10:14:35.000Z,1
2019-12-12T13:08:35.000Z,1
2019-12-12T13:28:16.000Z,1
2019-12-12T14:52:15.000Z,1
2019-12-12T18:33:51.000Z,1
2019-12-11T18:21:48.000Z,1
2019-12-11T19:59:25.000Z,1
2019-12-12T07:11:38.000Z,1
2019-12-12T07:57:00.000Z,1
2019-12-12T08:15:20.000Z,1
2019-12-12T08:58:22.000Z,1
2019-12-12T11:19:51.000Z,1
2019-12-12T11:52:29.000Z,1
2019-12-12T12:51:50.000Z,1
2019-12-12T13:01:02.000Z,1
2019-12-12T15:52:50.000Z,1
2019-12-12T16:48:08.000Z,1
2019-12-12T17:15:20.000Z,2
2019-12-12T17:24:44.000Z,2
2019-12-12T17:25:50.000Z,1
2019-12-12T17:33:52.000Z,1
2019-12-12T17:35:25.000Z,1
2019-12-12T17:36:35.000Z,1
2019-12-12T17:37:15.000Z,1
2019-12-12T17:38:13.000Z,2
2019-12-12T18:08:55.000Z,1
2019-12-12T18:51:01.000Z,1
2019-12-12T20:35:09.000Z,1
2019-12-12T21:13:07.000Z,1
2019-12-13T00:51:24.000Z,1
2019-12-13T04:46:17.000Z,1
2019-12-13T06:20:40.000Z,1
2019-12-13T07:35:16.000Z,1
2019-12-13T07:52:25.000Z,1
2019-12-13T07:52:36.000Z,1
2019-12-13T08:10:43.000Z,1
2019-12-13T08:16:20.000Z,1
2019-12-13T08:33:25.000Z,1
2019-12-13T08:47:25.000Z,1
2019-12-13T09:07:46.000Z,2
2019-12-13T09:11:47.000Z,1
2019-12-13T09:16:10.000Z,1
2019-12-13T10:50:17.000Z,1
2019-12-13T11:38:17.000Z,1
2019-12-13T13:06:37.000Z,1
2019-12-13T13:08:56.000Z,1
2019-12-13T13:12:19.000Z,1
2019-12-13T14:39:48.000Z,1
2019-12-13T14:51:36.000Z,1
2019-12-13T15:01:54.000Z,1
2019-12-13T15:17:20.000Z,1
2019-12-13T15:34:56.000Z,1
2019-12-13T15:45:23.000Z,1
2019-12-13T15:46:59.000Z,1
2019-12-13T15:57:03.000Z,1
2019-12-13T16:08:08.000Z,2
2019-12-13T16:14:36.000Z,1
2019-12-13T16:35:32.000Z,1
2019-12-13T16:42:01.000Z,1
2019-12-13T17:06:20.000Z,1
2019-12-13T17:51:54.000Z,1
2019-12-13T18:53:01.000Z,1
2019-12-13T20:20:03.000Z,1
2019-12-13T21:36:36.000Z,1
2019-12-13T23:04:20.000Z,1
2019-12-14T06:13:04.000Z,1
2019-12-14T08:34:41.000Z,1
2019-12-14T09:05:24.000Z,1
2019-12-14T10:20:59.000Z,1
2019-12-14T10:23:57.000Z,1
2019-12-14T10:40:54.000Z,1
2019-12-14T11:29:07.000Z,1
2019-12-14T13:09:41.000Z,1
2019-12-14T13:26:11.000Z,1
2019-12-14T13:33:49.000Z,2
2019-12-14T14:13:25.000Z,1
2019-12-14T15:40:53.000Z,1
2019-12-14T16:53:49.000Z,1
2019-12-14T17:54:33.000Z,1
2019-12-14T20:53:51.000Z,1
2019-12-15T06:55:29.000Z,1
2019-12-15T10:57:41.000Z,1
2019-12-15T13:28:15.000Z,1
2019-12-15T14:33:06.000Z,1
2019-12-15T14:57:09.000Z,1
2019-12-15T17:43:30.000Z,1
2019-12-15T18:31:40.000Z,1
2019-12-16T06:44:19.000Z,1
2019-12-16T07:22:02.000Z,2
2019-12-16T07:43:43.000Z,1
2019-12-16T07:44:50.000Z,1
2019-12-16T08:08:22.000Z,1
2019-12-16T08:10:30.000Z,1
2019-12-16T08:17:54.000Z,2
2019-12-16T08:30:04.000Z,2
2019-12-16T09:58:39.000Z,1
2019-12-16T11:00:17.000Z,1
2019-12-16T11:59:21.000Z,1
2019-12-16T13:46:32.000Z,1
2019-12-16T16:06:02.000Z,1
2019-12-16T16:56:35.000Z,1
2019-12-16T17:03:33.000Z,2
2019-12-16T17:16:27.000Z,2
2019-12-16T17:20:16.000Z,1
2019-12-16T17:23:24.000Z,1
2019-12-16T17:31:26.000Z,1
2019-12-16T17:57:51.000Z,1
2019-12-16T18:18:37.000Z,1
2019-12-16T19:23:04.000Z,1
2019-12-16T20:44:36.000Z,1
2019-12-16T22:07:57.000Z,1
2019-12-17T06:31:31.000Z,1
2019-12-17T07:20:40.000Z,1
2019-12-17T07:22:59.000Z,1
2019-12-17T07:56:13.000Z,1
2019-12-17T08:11:35.000Z,1
2019-12-17T08:25:13.000Z,1
2019-12-17T08:34:58.000Z,1
2019-12-17T08:49:59.000Z,1
2019-12-17T12:29:32.000Z,1
2019-12-17T13:05:39.000Z,1
2019-12-17T14:11:03.000Z,1
2019-12-17T16:24:12.000Z,1
2019-12-17T16:25:02.000Z,1
2019-12-17T16:36:25.000Z,1
2019-12-17T16:44:11.000Z,1
2019-12-17T16:55:13.000Z,1
2019-12-17T17:01:24.000Z,1
2019-12-17T17:19:55.000Z,1
2019-12-17T17:42:00.000Z,1
2019-12-17T18:11:32.000Z,1
2019-12-17T18:31:06.000Z,2
2019-12-17T19:05:13.000Z,1
2019-12-17T19:15:29.000Z,1
2019-12-17T19:22:31.000Z,1
2019-12-17T21:39:17.000Z,1
2019-12-18T06:26:30.000Z,2
2019-12-18T07:40:20.000Z,1
2019-12-18T08:30:38.000Z,1
2019-12-18T08:51:48.000Z,1
2019-12-18T09:00:02.000Z,1
2019-12-18T09:03:54.000Z,1
2019-12-18T09:04:02.000Z,1
2019-12-18T10:35:35.000Z,1
2019-12-18T11:19:36.000Z,1
2019-12-18T11:22:17.000Z,1
2019-12-18T12:56:06.000Z,1
2019-12-18T14:13:08.000Z,1
2019-12-18T14:58:53.000Z,1
2019-12-18T15:19:25.000Z,1
2019-12-18T15:23:37.000Z,1
2019-12-18T16:01:31.000Z,1
2019-12-18T17:05:39.000Z,1
2019-12-18T17:21:42.000Z,1
2019-12-18T18:03:15.000Z,2
2019-12-18T18:13:47.000Z,1
2019-12-18T19:18:47.000Z,1
2019-12-18T20:35:14.000Z,1
2019-12-18T21:41:40.000Z,1
2019-12-18T21:56:47.000Z,1
2019-12-18T23:38:02.000Z,1
2019-12-19T05:16:09.000Z,1
2019-12-19T06:08:08.000Z,1
2019-12-19T06:56:09.000Z,1
2019-12-19T07:29:17.000Z,1
2019-12-19T07:42:15.000Z,1
2019-12-19T07:43:16.000Z,1
2019-12-19T08:15:36.000Z,1
2019-12-19T08:22:04.000Z,1
2019-12-19T08:23:16.000Z,2
2019-12-19T08:32:00.000Z,1
2019-12-19T08:38:49.000Z,2
2019-12-19T08:41:24.000Z,1
2019-12-19T09:10:06.000Z,1
2019-12-19T10:35:30.000Z,1
2019-12-19T11:14:23.000Z,2
2019-12-19T11:15:41.000Z,1
2019-12-19T11:17:15.000Z,1
2019-12-19T13:32:57.000Z,1
2019-12-19T14:52:01.000Z,1
2019-12-19T15:10:14.000Z,1
2019-12-19T16:03:41.000Z,1
2019-12-19T16:11:29.000Z,1
2019-12-19T16:34:01.000Z,1
2019-12-19T16:36:11.000Z,1
2019-12-19T16:51:19.000Z,1
2019-12-19T17:01:46.000Z,1
2019-12-19T17:06:59.000Z,1
2019-12-19T17:22:09.000Z,2
2019-12-19T17:35:24.000Z,1
2019-12-19T17:46:01.000Z,1
2019-12-19T17:51:52.000Z,1
2019-12-19T18:15:31.000Z,1
2019-12-19T18:46:49.000Z,1
2019-12-19T18:48:35.000Z,1
2019-12-19T18:56:49.000Z,1
2019-12-19T19:03:23.000Z,1
2019-12-19T19:08:06.000Z,1
2019-12-19T19:17:37.000Z,1
2019-12-19T19:28:48.000Z,2
2019-12-19T20:10:34.000Z,1
2019-12-19T21:47:37.000Z,1
2019-12-20T02:23:34.000Z,1
2019-12-20T07:36:25.000Z,1
2019-12-20T07:43:54.000Z,1
2019-12-20T08:14:10.000Z,1
2019-12-20T08:15:48.000Z,1
2019-12-20T08:24:21.000Z,1
2019-12-20T08:29:52.000Z,2
2019-12-20T08:32:27.000Z,1
2019-12-20T09:04:09.000Z,2
2019-12-20T11:34:45.000Z,1
2019-12-20T12:27:43.000Z,1
2019-12-20T13:07:50.000Z,1
2019-12-20T17:36:25.000Z,2
2019-12-20T17:51:48.000Z,1
2019-12-20T18:51:53.000Z,1
2019-12-20T19:08:12.000Z,1
2019-12-21T08:48:11.000Z,1
2019-12-21T09:52:02.000Z,1
2019-12-21T11:00:23.000Z,1
2019-12-21T11:48:37.000Z,1
2019-12-21T13:05:32.000Z,1
2019-12-21T13:53:34.000Z,1
2019-12-21T14:49:25.000Z,1
2019-12-21T17:30:06.000Z,1
2019-12-21T17:45:07.000Z,1
2019-12-21T22:39:36.000Z,1
2019-12-22T03:21:54.000Z,1
2019-12-22T08:17:37.000Z,1
2019-12-22T09:47:24.000Z,1
2019-12-22T10:06:53.000Z,1
2019-12-22T10:40:42.000Z,1
2019-12-22T12:23:09.000Z,1
2019-12-22T13:39:27.000Z,1
2019-12-22T13:40:08.000Z,2
2019-12-22T13:43:22.000Z,1
2019-12-22T13:45:54.000Z,1
2019-12-22T13:47:16.000Z,1
2019-12-22T13:59:03.000Z,1
2019-12-22T15:09:02.000Z,1
2019-12-22T15:25:24.000Z,1
2019-12-22T15:44:26.000Z,1
2019-12-22T16:18:24.000Z,1
2019-12-22T17:07:17.000Z,1
2019-12-22T17:08:41.000Z,1
2019-12-22T17:13:49.000Z,1
2019-12-22T18:21:55.000Z,1
2019-12-22T18:25:55.000Z,1
2019-12-22T19:04:31.000Z,1
2019-12-22T21:53:23.000Z,1
2019-12-23T06:51:59.000Z,1
2019-12-23T08:04:02.000Z,1
2019-12-23T08:15:51.000Z,1
2019-12-23T08:23:08.000Z,1
2019-12-23T08:38:48.000Z,1
2019-12-23T08:47:18.000Z,1
2019-12-23T08:56:08.000Z,1
2019-12-23T09:22:32.000Z,1
2019-12-23T10:28:14.000Z,1
2019-12-23T10:33:30.000Z,1
2019-12-23T10:45:57.000Z,1
2019-12-23T10:52:00.000Z,1
2019-12-23T11:40:12.000Z,1
2019-12-23T11:57:25.000Z,1
2019-12-11T15:38:02.000Z,1
2019-12-11T16:00:56.000Z,1
2019-12-11T16:05:34.000Z,1
2019-12-11T16:18:26.000Z,1
2019-12-11T16:55:18.000Z,1
2019-12-11T17:08:00.000Z,1
2019-12-11T18:19:44.000Z,1
2019-12-11T18:26:38.000Z,1
2019-12-12T00:28:35.000Z,1
2019-12-12T07:58:47.000Z,1
2019-12-12T08:13:55.000Z,1
2019-12-12T08:49:15.000Z,1
2019-12-12T09:24:30.000Z,1
2019-12-12T10:09:05.000Z,1
2019-12-12T15:43:59.000Z,1
2019-12-12T16:13:38.000Z,1
2019-12-12T22:03:17.000Z,1
2019-12-13T10:22:41.000Z,1
2019-12-11T18:43:15.000Z,1
2019-12-12T08:32:44.000Z,1
2019-12-12T08:33:41.000Z,2
2019-12-12T09:33:53.000Z,1
2019-12-12T09:37:08.000Z,1
2019-12-12T09:44:08.000Z,1
2019-12-12T09:57:40.000Z,1
2019-12-12T10:00:54.000Z,1
2019-12-12T10:10:16.000Z,1
2019-12-12T10:54:01.000Z,1
2019-12-12T12:42:04.000Z,1
2019-12-12T16:37:00.000Z,1
2019-12-12T16:41:24.000Z,1
2019-12-12T16:54:56.000Z,1
2019-12-12T17:04:01.000Z,1
2019-12-12T17:24:29.000Z,1
2019-12-12T17:29:46.000Z,1
2019-12-12T17:32:32.000Z,1
2019-12-12T17:56:50.000Z,2
2019-12-12T18:01:16.000Z,1
2019-12-12T18:07:36.000Z,1
2019-12-12T19:08:39.000Z,1
2019-12-12T19:36:11.000Z,1
2019-12-12T19:52:32.000Z,1
2019-12-12T20:11:43.000Z,1
2019-12-12T20:33:20.000Z,1
2019-12-12T20:38:44.000Z,1
2019-12-12T21:42:51.000Z,1
2019-12-13T06:02:10.000Z,1
2019-12-13T06:40:00.000Z,1
2019-12-13T07:52:32.000Z,1
2019-12-13T08:01:27.000Z,1
2019-12-13T08:30:44.000Z,1
2019-12-13T08:32:24.000Z,1
2019-12-13T11:42:40.000Z,1
2019-12-13T12:00:38.000Z,1
2019-12-13T12:04:22.000Z,1
2019-12-13T12:26:54.000Z,1
2019-12-13T12:27:47.000Z,1
2019-12-13T12:56:44.000Z,1
2019-12-13T13:53:12.000Z,1
2019-12-13T13:59:34.000Z,2
2019-12-13T15:11:24.000Z,1
2019-12-13T15:28:43.000Z,1
2019-12-13T15:29:51.000Z,1
2019-12-13T15:44:10.000Z,1
2019-12-13T16:29:38.000Z,1
2019-12-13T17:16:32.000Z,1
2019-12-13T17:18:20.000Z,1
2019-12-13T17:55:36.000Z,1
2019-12-13T18:19:25.000Z,1
2019-12-13T19:14:46.000Z,2
2019-12-13T19:56:10.000Z,1
2019-12-13T20:38:15.000Z,1
2019-12-13T21:42:23.000Z,1
2019-12-13T21:47:26.000Z,1
2019-12-13T23:33:59.000Z,1
2019-12-13T23:40:28.000Z,1
2019-12-14T08:01:49.000Z,1
2019-12-14T11:58:39.000Z,1
2019-12-14T12:59:15.000Z,1
2019-12-14T13:00:04.000Z,1
2019-12-14T13:54:12.000Z,1
2019-12-14T13:54:51.000Z,1
2019-12-14T15:06:50.000Z,1
2019-12-14T15:28:29.000Z,1
2019-12-14T16:08:45.000Z,1
2019-12-14T16:52:00.000Z,1
2019-12-14T16:54:56.000Z,1
2019-12-14T17:23:03.000Z,1
2019-12-14T20:44:36.000Z,1
2019-12-14T22:22:14.000Z,2
2019-12-15T09:28:18.000Z,1
2019-12-15T09:56:30.000Z,1
2019-12-15T10:20:55.000Z,1
2019-12-15T11:01:58.000Z,1
2019-12-15T12:24:00.000Z,1
2019-12-15T12:52:55.000Z,1
2019-12-15T12:59:32.000Z,1
2019-12-15T13:09:06.000Z,1
2019-12-15T13:43:52.000Z,1
2019-12-15T15:50:17.000Z,1
2019-12-15T17:51:16.000Z,1
2019-12-15T21:17:19.000Z,1
2019-12-15T22:18:33.000Z,1
2019-12-16T05:24:49.000Z,1
2019-12-16T06:47:25.000Z,1
2019-12-16T07:10:08.000Z,1
2019-12-16T07:38:08.000Z,1
2019-12-16T09:35:43.000Z,1
2019-12-16T11:48:07.000Z,1
2019-12-16T12:20:14.000Z,1
2019-12-16T12:44:22.000Z,1
2019-12-16T13:00:49.000Z,1
2019-12-16T14:21:03.000Z,1
2019-12-16T14:55:26.000Z,1
2019-12-16T15:09:55.000Z,1
2019-12-16T15:53:25.000Z,1
2019-12-16T16:01:32.000Z,1
2019-12-16T17:03:14.000Z,1
2019-12-16T17:11:33.000Z,1
2019-12-16T17:17:03.000Z,1
2019-12-16T17:32:33.000Z,1
2019-12-16T17:54:39.000Z,1
2019-12-16T18:03:20.000Z,1
2019-12-16T18:18:02.000Z,1
2019-12-16T18:17:52.000Z,1
2019-12-16T18:46:29.000Z,1
2019-12-16T20:41:00.000Z,1
2019-12-16T21:12:08.000Z,1
2019-12-16T22:46:15.000Z,1
2019-12-16T23:16:16.000Z,1
2019-12-17T00:34:32.000Z,1
2019-12-17T05:54:18.000Z,1
2019-12-17T07:24:43.000Z,1
2019-12-17T07:39:25.000Z,1
2019-12-17T07:49:01.000Z,2
2019-12-17T08:02:06.000Z,1
2019-12-17T08:25:42.000Z,1
2019-12-17T08:44:40.000Z,1
2019-12-17T10:59:36.000Z,1
2019-12-17T11:27:22.000Z,1
2019-12-17T11:44:50.000Z,1
2019-12-17T12:05:44.000Z,1
2019-12-17T16:01:46.000Z,1
2019-12-17T16:15:04.000Z,1
2019-12-17T16:42:28.000Z,1
2019-12-17T16:48:24.000Z,1
2019-12-17T16:51:46.000Z,1
2019-12-17T17:14:23.000Z,1
2019-12-17T18:06:39.000Z,1
2019-12-17T18:22:18.000Z,1
2019-12-17T20:18:17.000Z,1
2019-12-18T07:45:56.000Z,1
2019-12-18T08:39:08.000Z,1
2019-12-18T08:56:27.000Z,1
2019-12-18T08:58:40.000Z,1
2019-12-18T09:22:55.000Z,1
2019-12-18T09:38:30.000Z,2
2019-12-18T10:40:36.000Z,1
2019-12-18T11:39:36.000Z,1
2019-12-18T12:49:15.000Z,1
2019-12-18T15:04:09.000Z,1
2019-12-18T15:27:46.000Z,1
2019-12-18T16:00:29.000Z,2
2019-12-18T16:04:28.000Z,1
2019-12-18T16:11:08.000Z,1
2019-12-18T16:24:46.000Z,1
2019-12-18T16:25:21.000Z,1
2019-12-18T17:16:28.000Z,3
2019-12-18T17:38:59.000Z,1
2019-12-18T18:23:13.000Z,2
2019-12-18T22:06:00.000Z,1
2019-12-18T23:25:45.000Z,1
2019-12-19T06:33:22.000Z,1
2019-12-19T07:40:15.000Z,1
2019-12-19T07:53:42.000Z,1
2019-12-19T07:59:15.000Z,2
2019-12-19T07:59:28.000Z,1
2019-12-19T08:03:09.000Z,1
2019-12-19T08:23:44.000Z,1
2019-12-19T08:35:01.000Z,1
2019-12-19T09:52:14.000Z,1
2019-12-19T13:04:52.000Z,1
2019-12-19T15:24:36.000Z,1
2019-12-19T15:37:09.000Z,1
2019-12-19T16:28:46.000Z,1
2019-12-19T16:52:50.000Z,2
2019-12-19T17:06:00.000Z,1
2019-12-19T17:26:45.000Z,2
2019-12-19T17:34:03.000Z,1
2019-12-19T18:08:22.000Z,1
2019-12-19T18:23:12.000Z,1
2019-12-19T20:24:22.000Z,1
2019-12-19T20:31:43.000Z,1
2019-12-19T21:28:23.000Z,1
2019-12-20T06:47:58.000Z,1
2019-12-20T07:18:19.000Z,1
2019-12-20T07:40:23.000Z,1
2019-12-20T08:16:41.000Z,1
2019-12-20T08:35:44.000Z,1
2019-12-20T08:55:29.000Z,1
2019-12-20T09:15:07.000Z,1
2019-12-20T09:19:08.000Z,1
2019-12-20T09:24:11.000Z,1
2019-12-20T11:35:17.000Z,1
2019-12-20T11:38:00.000Z,1
2019-12-20T11:40:08.000Z,1
2019-12-20T11:59:07.000Z,1
2019-12-20T12:55:59.000Z,1
2019-12-20T13:35:40.000Z,1
2019-12-20T13:39:40.000Z,1
2019-12-20T13:41:09.000Z,1
2019-12-20T14:31:13.000Z,1
2019-12-20T15:21:13.000Z,1
2019-12-20T16:30:31.000Z,1
2019-12-20T16:30:52.000Z,1
2019-12-20T16:33:27.000Z,2
2019-12-20T16:36:34.000Z,2
2019-12-20T17:06:58.000Z,1
2019-12-20T17:29:28.000Z,1
2019-12-20T18:02:47.000Z,1
2019-12-20T18:14:04.000Z,1
2019-12-20T18:37:41.000Z,1
2019-12-20T18:48:58.000Z,1
2019-12-20T19:36:58.000Z,1
2019-12-20T20:41:34.000Z,1
2019-12-20T21:53:21.000Z,1
2019-12-21T05:26:15.000Z,1
2019-12-21T06:22:35.000Z,1
2019-12-21T10:00:11.000Z,1
2019-12-21T10:56:25.000Z,1
2019-12-21T11:42:02.000Z,1
2019-12-21T12:14:25.000Z,1
2019-12-21T12:39:08.000Z,1
2019-12-21T13:17:25.000Z,2
2019-12-21T13:38:53.000Z,2
2019-12-21T13:41:34.000Z,1
2019-12-21T14:06:57.000Z,1
2019-12-21T14:08:12.000Z,1
2019-12-21T15:21:33.000Z,1
2019-12-21T17:15:06.000Z,1
2019-12-21T17:51:58.000Z,1
2019-12-21T18:30:27.000Z,1
2019-12-21T20:14:08.000Z,1
2019-12-22T09:03:33.000Z,1
2019-12-22T10:07:23.000Z,1
2019-12-22T11:13:58.000Z,1
2019-12-22T11:41:26.000Z,1
2019-12-22T11:54:34.000Z,3
2019-12-22T12:48:13.000Z,1
2019-12-22T13:00:37.000Z,2
2019-12-22T13:48:19.000Z,1
2019-12-22T15:06:55.000Z,1
2019-12-22T15:48:49.000Z,1
2019-12-22T16:44:10.000Z,1
2019-12-22T18:42:13.000Z,1
2019-12-22T19:42:31.000Z,1
2019-12-22T20:14:42.000Z,1
2019-12-22T21:41:24.000Z,1
2019-12-23T04:57:44.000Z,1
2019-12-23T07:18:57.000Z,1
2019-12-23T07:21:19.000Z,1
2019-12-23T08:17:41.000Z,1
2019-12-23T08:30:40.000Z,1
2019-12-23T08:53:55.000Z,1
2019-12-23T10:22:26.000Z,1
2019-12-23T11:33:32.000Z,1
2019-12-11T13:40:14.000Z,1
2019-12-11T15:56:50.000Z,1
2019-12-11T16:34:38.000Z,1
2019-12-11T16:46:12.000Z,1
2019-12-11T18:07:00.000Z,1
2019-12-11T18:08:27.000Z,2
2019-12-11T18:09:45.000Z,1
2019-12-11T18:56:25.000Z,1
2019-12-12T07:09:29.000Z,1
2019-12-12T07:42:25.000Z,1
2019-12-12T08:09:26.000Z,1
2019-12-12T08:16:59.000Z,1
2019-12-12T08:16:57.000Z,1
2019-12-12T09:37:31.000Z,1
2019-12-12T09:52:27.000Z,1
2019-12-12T09:55:17.000Z,1
2019-12-12T16:32:47.000Z,1
2019-12-12T17:51:46.000Z,1
2019-12-12T18:54:45.000Z,1
2019-12-13T08:16:45.000Z,1
2019-12-11T18:27:26.000Z,2
2019-12-12T07:27:03.000Z,1
2019-12-12T08:14:38.000Z,1
2019-12-12T08:26:01.000Z,1
2019-12-12T08:36:56.000Z,1
2019-12-12T09:28:02.000Z,1
2019-12-12T09:55:58.000Z,1
2019-12-12T10:36:03.000Z,1
2019-12-12T11:30:30.000Z,1
2019-12-12T11:32:39.000Z,1
2019-12-12T13:13:26.000Z,1
2019-12-12T15:41:06.000Z,1
2019-12-12T16:22:56.000Z,1
2019-12-12T16:27:44.000Z,1
2019-12-12T16:37:14.000Z,1
2019-12-12T16:51:22.000Z,1
2019-12-12T16:53:57.000Z,1
2019-12-12T16:57:27.000Z,1
2019-12-12T17:02:44.000Z,1
2019-12-12T17:06:03.000Z,1
2019-12-12T17:07:40.000Z,1
2019-12-12T17:34:54.000Z,1
2019-12-12T17:37:23.000Z,1
2019-12-12T17:55:34.000Z,1
2019-12-12T18:34:49.000Z,1
2019-12-12T18:41:03.000Z,1
2019-12-12T19:23:36.000Z,1
2019-12-12T20:07:05.000Z,1
2019-12-12T20:40:30.000Z,1
2019-12-12T20:45:17.000Z,1
2019-12-12T21:33:43.000Z,1
2019-12-12T21:44:15.000Z,1
2019-12-12T23:29:58.000Z,1
2019-12-13T05:49:35.000Z,1
2019-12-13T06:08:03.000Z,1
2019-12-13T06:17:01.000Z,1
2019-12-13T07:16:24.000Z,1
2019-12-13T07:20:45.000Z,1
2019-12-13T07:24:01.000Z,1
2019-12-13T08:13:54.000Z,1
2019-12-13T08:32:23.000Z,1
2019-12-13T09:00:26.000Z,1
2019-12-13T09:13:29.000Z,1
2019-12-13T09:19:34.000Z,1
2019-12-13T09:21:00.000Z,1
2019-12-13T09:21:08.000Z,1
2019-12-13T09:42:13.000Z,1
2019-12-13T09:43:15.000Z,1
2019-12-13T10:06:04.000Z,1
2019-12-13T10:13:36.000Z,1
2019-12-13T11:30:00.000Z,1
2019-12-13T12:14:38.000Z,1
2019-12-13T12:17:07.000Z,1
2019-12-13T12:56:30.000Z,1
2019-12-13T13:45:16.000Z,1
2019-12-13T14:11:46.000Z,1
2019-12-13T15:45:22.000Z,1
2019-12-13T16:05:41.000Z,1
2019-12-13T16:25:51.000Z,1
2019-12-13T16:45:36.000Z,1
2019-12-13T16:46:06.000Z,1
2019-12-13T16:50:20.000Z,1
2019-12-13T17:13:00.000Z,1
2019-12-13T17:19:12.000Z,1
2019-12-13T17:30:17.000Z,1
2019-12-13T17:42:32.000Z,1
2019-12-13T17:57:17.000Z,1
2019-12-13T18:00:34.000Z,1
2019-12-13T18:18:01.000Z,1
2019-12-13T18:32:59.000Z,1
2019-12-13T18:54:23.000Z,1
2019-12-13T19:45:20.000Z,1
2019-12-13T21:27:42.000Z,1
2019-12-14T00:34:59.000Z,1
2019-12-14T01:49:01.000Z,1
2019-12-14T05:49:46.000Z,1
2019-12-14T08:01:29.000Z,1
2019-12-14T09:52:01.000Z,1
2019-12-14T10:19:58.000Z,1
2019-12-14T10:37:19.000Z,1
2019-12-14T11:31:53.000Z,1
2019-12-14T11:40:31.000Z,1
2019-12-14T11:43:44.000Z,1
2019-12-14T11:55:32.000Z,1
2019-12-14T12:01:47.000Z,1
2019-12-14T13:05:38.000Z,1
2019-12-14T13:18:11.000Z,1
2019-12-14T17:05:33.000Z,1
2019-12-14T17:18:21.000Z,1
2019-12-14T17:59:43.000Z,1
2019-12-14T19:52:20.000Z,1
2019-12-14T20:02:36.000Z,1
2019-12-14T20:51:22.000Z,1
2019-12-15T09:48:35.000Z,1
2019-12-15T10:54:42.000Z,1
2019-12-15T11:01:05.000Z,1
2019-12-15T11:33:39.000Z,1
2019-12-15T13:10:00.000Z,1
2019-12-15T15:10:50.000Z,1
2019-12-15T15:17:17.000Z,1
2019-12-15T15:33:05.000Z,1
2019-12-15T15:46:47.000Z,1
2019-12-15T16:38:23.000Z,1
2019-12-15T17:26:31.000Z,1
2019-12-15T17:38:17.000Z,1
2019-12-15T18:24:30.000Z,1
2019-12-15T18:58:52.000Z,1
2019-12-15T20:39:26.000Z,1
2019-12-16T05:20:16.000Z,1
2019-12-16T06:49:05.000Z,1
2019-12-16T06:50:29.000Z,1
2019-12-16T07:03:02.000Z,1
2019-12-16T07:28:07.000Z,1
2019-12-16T07:36:05.000Z,1
2019-12-16T07:41:04.000Z,1
2019-12-16T08:27:11.000Z,1
2019-12-16T08:37:15.000Z,1
2019-12-16T08:58:06.000Z,1
2019-12-16T09:13:30.000Z,1
2019-12-16T09:37:02.000Z,1
2019-12-16T11:00:57.000Z,2
2019-12-16T12:31:36.000Z,1
2019-12-16T12:38:59.000Z,1
2019-12-16T13:05:43.000Z,1
2019-12-16T13:33:39.000Z,1
2019-12-16T15:51:12.000Z,1
2019-12-16T16:07:05.000Z,1
2019-12-16T16:12:45.000Z,1
2019-12-16T16:56:27.000Z,1
2019-12-16T17:02:34.000Z,1
2019-12-16T17:11:46.000Z,1
2019-12-16T17:32:49.000Z,1
2019-12-16T17:48:07.000Z,1
2019-12-16T18:09:07.000Z,1
2019-12-16T18:14:20.000Z,1
2019-12-16T18:20:50.000Z,1
2019-12-16T20:10:36.000Z,1
2019-12-16T22:26:28.000Z,1
2019-12-17T05:34:45.000Z,1
2019-12-17T06:39:31.000Z,1
2019-12-17T07:50:12.000Z,1
2019-12-17T07:52:20.000Z,1
2019-12-17T08:13:21.000Z,1
2019-12-17T08:21:41.000Z,1
2019-12-17T08:49:22.000Z,1
2019-12-17T09:50:57.000Z,1
2019-12-17T10:21:10.000Z,1
2019-12-17T11:01:08.000Z,1
2019-12-17T11:27:51.000Z,1
2019-12-17T12:11:48.000Z,1
2019-12-17T12:31:35.000Z,1
2019-12-17T12:44:21.000Z,2
2019-12-17T13:57:45.000Z,1
2019-12-17T14:07:41.000Z,1
2019-12-17T16:27:19.000Z,1
2019-12-17T16:28:35.000Z,1
2019-12-17T16:41:31.000Z,1
2019-12-17T16:44:15.000Z,1
2019-12-17T16:59:12.000Z,1
2019-12-17T17:12:20.000Z,1
2019-12-17T17:13:28.000Z,1
2019-12-17T17:15:12.000Z,1
2019-12-17T17:42:13.000Z,1
2019-12-17T18:28:07.000Z,1
2019-12-17T18:48:38.000Z,1
2019-12-17T19:32:09.000Z,1
2019-12-17T19:42:19.000Z,1
2019-12-17T22:40:32.000Z,1
2019-12-18T02:24:09.000Z,1
2019-12-18T06:36:33.000Z,1
2019-12-18T06:50:39.000Z,1
2019-12-18T06:54:00.000Z,1
2019-12-18T07:12:17.000Z,1
2019-12-18T07:34:52.000Z,1
2019-12-18T07:53:07.000Z,1
2019-12-18T08:07:03.000Z,2
2019-12-18T08:23:58.000Z,1
2019-12-18T11:05:26.000Z,1
2019-12-18T11:25:46.000Z,1
2019-12-18T12:11:07.000Z,1
2019-12-18T12:38:52.000Z,1
2019-12-18T13:11:12.000Z,1
2019-12-18T13:17:18.000Z,1
2019-12-18T13:59:11.000Z,1
2019-12-18T14:51:53.000Z,1
2019-12-18T16:21:53.000Z,1
2019-12-18T16:22:08.000Z,1
2019-12-18T16:22:56.000Z,1
2019-12-18T17:09:17.000Z,1
2019-12-18T17:17:40.000Z,1
2019-12-18T17:26:35.000Z,1
2019-12-18T17:30:10.000Z,1
2019-12-18T18:11:22.000Z,1
2019-12-18T18:32:18.000Z,1
2019-12-18T19:04:25.000Z,1
2019-12-18T19:11:00.000Z,1
2019-12-18T19:20:36.000Z,1
2019-12-18T20:56:46.000Z,1
2019-12-19T06:27:13.000Z,1
2019-12-19T07:06:47.000Z,1
2019-12-19T07:19:56.000Z,1
2019-12-19T07:58:40.000Z,1
2019-12-19T07:59:31.000Z,2
2019-12-19T08:21:41.000Z,1
2019-12-19T09:01:25.000Z,1
2019-12-19T09:32:54.000Z,1
2019-12-19T13:39:31.000Z,1
2019-12-19T14:00:16.000Z,1
2019-12-19T14:29:27.000Z,1
2019-12-19T15:47:43.000Z,1
2019-12-19T16:17:58.000Z,1
2019-12-19T17:28:31.000Z,1
2019-12-19T17:30:02.000Z,2
2019-12-19T17:36:45.000Z,1
2019-12-19T17:55:26.000Z,1
2019-12-19T18:03:53.000Z,1
2019-12-19T18:52:34.000Z,1
2019-12-19T19:16:53.000Z,1
2019-12-19T19:23:08.000Z,1
2019-12-19T20:57:22.000Z,1
2019-12-20T05:58:52.000Z,1
2019-12-20T06:38:21.000Z,1
2019-12-20T08:32:24.000Z,1
2019-12-20T08:40:16.000Z,1
2019-12-20T09:00:17.000Z,1
2019-12-20T12:10:09.000Z,1
2019-12-20T12:16:35.000Z,1
2019-12-20T12:17:52.000Z,1
2019-12-20T12:23:49.000Z,1
2019-12-20T12:53:13.000Z,1
2019-12-20T13:08:21.000Z,1
2019-12-20T13:23:07.000Z,1
2019-12-20T13:29:16.000Z,1
2019-12-20T14:22:43.000Z,1
2019-12-20T15:02:30.000Z,1
2019-12-20T15:30:00.000Z,1
2019-12-20T15:30:53.000Z,1
2019-12-20T15:39:06.000Z,2
2019-12-20T15:40:30.000Z,1
2019-12-20T15:51:49.000Z,1
2019-12-20T15:54:44.000Z,1
2019-12-20T16:23:36.000Z,1
2019-12-20T16:34:26.000Z,1
2019-12-20T16:52:48.000Z,1
2019-12-20T17:11:03.000Z,1
2019-12-20T17:24:29.000Z,2
2019-12-20T18:16:47.000Z,1
2019-12-20T20:29:18.000Z,1
2019-12-20T20:30:12.000Z,1
2019-12-20T22:19:24.000Z,1
2019-12-21T01:24:03.000Z,1
2019-12-21T06:40:37.000Z,1
2019-12-21T08:53:53.000Z,1
2019-12-21T11:35:30.000Z,1
2019-12-21T12:41:35.000Z,1
2019-12-21T12:58:20.000Z,1
2019-12-21T13:24:06.000Z,1
2019-12-21T13:34:47.000Z,1
2019-12-21T14:01:12.000Z,1
2019-12-21T14:01:20.000Z,1
2019-12-21T15:45:56.000Z,1
2019-12-21T17:37:31.000Z,1
2019-12-21T18:46:26.000Z,1
2019-12-21T19:12:18.000Z,1
2019-12-21T19:42:05.000Z,1
2019-12-21T21:01:17.000Z,1
2019-12-21T22:12:34.000Z,1
2019-12-22T04:39:36.000Z,1
2019-12-22T09:22:51.000Z,1
2019-12-22T10:59:58.000Z,1
2019-12-22T11:06:09.000Z,1
2019-12-22T12:43:46.000Z,1
2019-12-22T12:57:01.000Z,1
2019-12-22T13:21:54.000Z,1
2019-12-22T14:34:33.000Z,1
2019-12-22T15:22:09.000Z,1
2019-12-22T15:24:51.000Z,1
2019-12-22T15:42:03.000Z,1
2019-12-22T15:54:17.000Z,1
2019-12-22T17:03:20.000Z,1
2019-12-22T17:03:29.000Z,1
2019-12-22T17:41:00.000Z,1
2019-12-22T18:01:53.000Z,1
2019-12-22T18:39:59.000Z,1
2019-12-22T19:01:33.000Z,1
2019-12-22T21:46:53.000Z,1
2019-12-23T05:16:46.000Z,1
2019-12-23T05:21:55.000Z,1
2019-12-23T07:26:22.000Z,2
2019-12-23T07:29:34.000Z,1
2019-12-23T09:00:24.000Z,1
2019-12-23T09:44:15.000Z,1
2019-12-23T09:52:40.000Z,1
2019-12-23T10:16:03.000Z,1
2019-12-23T10:45:21.000Z,1
2019-12-23T10:47:42.000Z,1
2019-12-23T11:13:01.000Z,1
2019-12-23T11:15:22.000Z,1
2019-12-23T11:57:37.000Z,1
2019-12-23T12:07:53.000Z,1
2019-12-23T12:07:48.000Z,2
2019-12-11T14:10:45.000Z,1
2019-12-11T14:18:17.000Z,1
2019-12-11T15:03:28.000Z,1
2019-12-11T15:08:10.000Z,1
2019-12-11T16:43:04.000Z,1
2019-12-11T17:20:55.000Z,2
2019-12-11T17:21:54.000Z,1
2019-12-11T18:03:48.000Z,1
2019-12-11T18:10:07.000Z,1
2019-12-11T20:41:13.000Z,1
2019-12-11T21:57:18.000Z,1
2019-12-12T06:41:38.000Z,1
2019-12-12T08:35:52.000Z,1
2019-12-12T14:15:08.000Z,1
2019-12-12T14:20:37.000Z,1
2019-12-12T17:08:22.000Z,2
2019-12-12T17:10:04.000Z,1
2019-12-11T17:34:09.000Z,1
2019-12-12T05:44:33.000Z,1
2019-12-12T07:08:38.000Z,1
2019-12-12T08:38:46.000Z,1
2019-12-12T09:39:42.000Z,1
2019-12-12T11:27:10.000Z,1
2019-12-12T12:05:52.000Z,1
2019-12-12T13:41:35.000Z,1
2019-12-12T14:39:32.000Z,1
2019-12-12T17:03:22.000Z,1
2019-12-12T17:10:00.000Z,1
2019-12-12T17:12:09.000Z,1
2019-12-12T18:03:26.000Z,1
2019-12-12T18:17:17.000Z,1
2019-12-12T19:21:29.000Z,2
2019-12-12T19:22:58.000Z,1
2019-12-12T19:43:56.000Z,1
2019-12-12T19:57:15.000Z,1
2019-12-12T20:29:50.000Z,1
2019-12-12T22:09:07.000Z,1
2019-12-12T22:42:36.000Z,1
2019-12-13T05:51:57.000Z,1
2019-12-13T07:31:49.000Z,1
2019-12-13T08:06:53.000Z,1
2019-12-13T08:07:15.000Z,1
2019-12-13T08:42:30.000Z,2
2019-12-13T08:59:51.000Z,1
2019-12-13T09:22:13.000Z,1
2019-12-13T10:36:07.000Z,1
2019-12-13T11:30:03.000Z,1
2019-12-13T11:49:48.000Z,1
2019-12-13T12:14:37.000Z,1
2019-12-13T13:25:42.000Z,1
2019-12-13T14:24:50.000Z,1
2019-12-13T15:25:48.000Z,1
2019-12-13T15:37:14.000Z,1
2019-12-13T15:45:59.000Z,1
2019-12-13T16:25:12.000Z,2
2019-12-13T16:42:58.000Z,1
2019-12-13T16:49:31.000Z,1
2019-12-13T16:55:42.000Z,1
2019-12-13T16:58:34.000Z,2
2019-12-13T17:01:52.000Z,1
2019-12-13T17:30:27.000Z,1
2019-12-13T17:57:11.000Z,1
2019-12-13T18:03:21.000Z,1
2019-12-13T18:33:53.000Z,1
2019-12-13T19:04:50.000Z,1
2019-12-13T19:55:40.000Z,1
2019-12-13T21:18:57.000Z,1
2019-12-13T22:04:01.000Z,1
2019-12-13T22:50:37.000Z,1
2019-12-13T23:11:02.000Z,1
2019-12-14T00:08:56.000Z,1
2019-12-14T00:21:26.000Z,1
2019-12-14T08:46:29.000Z,1
2019-12-14T09:12:46.000Z,1
2019-12-14T10:16:02.000Z,1
2019-12-14T11:16:28.000Z,1
2019-12-14T11:38:35.000Z,1
2019-12-14T12:53:38.000Z,1
2019-12-14T13:18:27.000Z,1
2019-12-14T13:57:05.000Z,1
2019-12-14T14:28:59.000Z,1
2019-12-14T15:33:57.000Z,1
2019-12-14T17:18:49.000Z,1
2019-12-14T19:41:38.000Z,1
2019-12-14T20:26:07.000Z,1
2019-12-15T00:21:51.000Z,1
2019-12-15T11:38:21.000Z,1
2019-12-15T11:55:49.000Z,1
2019-12-15T12:46:24.000Z,1
2019-12-15T12:46:49.000Z,1
2019-12-15T13:06:08.000Z,1
2019-12-15T14:29:32.000Z,2
2019-12-15T15:19:33.000Z,1
2019-12-15T15:41:26.000Z,1
2019-12-15T15:50:16.000Z,1
2019-12-15T16:14:14.000Z,1
2019-12-15T20:19:43.000Z,1
2019-12-15T20:39:30.000Z,1
2019-12-15T21:55:05.000Z,1
2019-12-16T04:54:01.000Z,1
2019-12-16T07:25:10.000Z,1
2019-12-16T07:30:53.000Z,1
2019-12-16T08:48:01.000Z,1
2019-12-16T09:22:50.000Z,1
2019-12-16T09:44:38.000Z,1
2019-12-16T10:00:24.000Z,1
2019-12-16T10:15:55.000Z,1
2019-12-16T11:19:43.000Z,1
2019-12-16T11:53:59.000Z,1
2019-12-16T12:08:35.000Z,1
2019-12-16T12:33:58.000Z,1
2019-12-16T13:09:35.000Z,1
2019-12-16T14:01:22.000Z,1
2019-12-16T15:16:22.000Z,1
2019-12-16T15:34:19.000Z,1
2019-12-16T15:38:23.000Z,1
2019-12-16T16:13:05.000Z,1
2019-12-16T16:21:40.000Z,1
2019-12-16T16:33:04.000Z,1
2019-12-16T16:58:16.000Z,1
2019-12-16T17:04:12.000Z,1
2019-12-16T17:05:38.000Z,2
2019-12-16T17:12:08.000Z,1
2019-12-16T18:47:47.000Z,2
2019-12-16T18:52:03.000Z,1
2019-12-16T19:50:52.000Z,1
2019-12-17T00:31:40.000Z,1
2019-12-17T06:12:01.000Z,1
2019-12-17T06:33:00.000Z,1
2019-12-17T06:43:48.000Z,1
2019-12-17T07:14:55.000Z,1
2019-12-17T07:20:06.000Z,1
2019-12-17T07:35:17.000Z,1
2019-12-17T07:43:34.000Z,1
2019-12-17T08:18:51.000Z,1
2019-12-17T08:24:08.000Z,1
2019-12-17T08:24:52.000Z,1
2019-12-17T08:47:57.000Z,2
2019-12-17T09:01:57.000Z,1
2019-12-17T10:18:36.000Z,1
2019-12-17T11:49:39.000Z,1
2019-12-17T12:19:12.000Z,1
2019-12-17T12:27:11.000Z,1
2019-12-17T16:38:03.000Z,1
2019-12-17T16:38:52.000Z,1
2019-12-17T17:18:49.000Z,1
2019-12-17T17:26:03.000Z,1
2019-12-17T18:05:41.000Z,1
2019-12-17T21:02:43.000Z,1
2019-12-17T21:43:29.000Z,1
2019-12-18T04:32:14.000Z,1
2019-12-18T06:38:53.000Z,2
2019-12-18T07:14:03.000Z,1
2019-12-18T07:19:05.000Z,1
2019-12-18T09:04:04.000Z,1
2019-12-18T09:40:59.000Z,1
2019-12-18T09:43:48.000Z,1
2019-12-18T10:02:02.000Z,1
2019-12-18T11:46:05.000Z,1
2019-12-18T11:56:33.000Z,1
2019-12-18T14:24:16.000Z,1
2019-12-18T14:37:10.000Z,2
2019-12-18T16:16:45.000Z,1
2019-12-18T16:18:32.000Z,1
2019-12-18T16:23:47.000Z,2
2019-12-18T16:31:48.000Z,1
2019-12-18T16:37:37.000Z,1
2019-12-18T16:52:46.000Z,1
2019-12-18T17:11:40.000Z,1
2019-12-18T17:34:21.000Z,1
2019-12-18T18:11:26.000Z,1
2019-12-18T18:15:20.000Z,1
2019-12-18T19:59:43.000Z,2
2019-12-18T20:47:12.000Z,1
2019-12-18T21:15:46.000Z,1
2019-12-19T02:40:14.000Z,1
2019-12-19T06:06:53.000Z,1
2019-12-19T06:30:58.000Z,1
2019-12-19T07:03:12.000Z,1
2019-12-19T07:17:30.000Z,1
2019-12-19T08:12:41.000Z,1
2019-12-19T10:44:12.000Z,1
2019-12-19T11:26:21.000Z,1
2019-12-19T12:27:43.000Z,1
2019-12-19T13:11:49.000Z,1
2019-12-19T14:05:17.000Z,1
2019-12-19T14:53:19.000Z,1
2019-12-19T16:20:36.000Z,1
2019-12-19T16:24:51.000Z,1
2019-12-19T16:36:42.000Z,1
2019-12-19T16:46:48.000Z,2
2019-12-19T17:01:17.000Z,1
2019-12-19T17:27:49.000Z,1
2019-12-19T17:58:24.000Z,1
2019-12-19T18:09:44.000Z,1
2019-12-19T18:20:42.000Z,1
2019-12-19T18:27:26.000Z,1
2019-12-19T18:55:33.000Z,2
2019-12-19T19:22:08.000Z,1
2019-12-19T20:34:11.000Z,1
2019-12-19T21:20:25.000Z,1
2019-12-19T21:27:16.000Z,1
2019-12-19T22:29:37.000Z,1
2019-12-20T07:20:40.000Z,1
2019-12-20T07:58:51.000Z,1
2019-12-20T08:18:34.000Z,1
2019-12-20T08:54:21.000Z,1
2019-12-20T08:56:31.000Z,1
2019-12-20T09:34:01.000Z,1
2019-12-20T11:22:13.000Z,1
2019-12-20T12:54:22.000Z,1
2019-12-20T12:55:03.000Z,1
2019-12-20T14:47:55.000Z,1
2019-12-20T15:02:41.000Z,1
2019-12-20T15:13:30.000Z,1
2019-12-20T16:14:19.000Z,1
2019-12-20T16:23:59.000Z,1
2019-12-20T16:30:26.000Z,1
2019-12-20T16:52:27.000Z,1
2019-12-20T16:59:58.000Z,3
2019-12-20T17:11:51.000Z,1
2019-12-20T17:16:20.000Z,1
2019-12-20T17:41:15.000Z,1
2019-12-20T17:42:41.000Z,1
2019-12-20T18:35:22.000Z,1
2019-12-20T18:45:29.000Z,1
2019-12-20T19:41:18.000Z,1
2019-12-20T19:47:11.000Z,1
2019-12-20T19:52:53.000Z,1
2019-12-20T20:23:03.000Z,1
2019-12-20T21:00:39.000Z,1
2019-12-21T09:45:37.000Z,1
2019-12-21T09:49:56.000Z,1
2019-12-21T10:02:12.000Z,1
2019-12-21T10:21:34.000Z,1
2019-12-21T10:57:01.000Z,1
2019-12-21T12:11:38.000Z,1
2019-12-21T12:55:57.000Z,1
2019-12-21T13:00:32.000Z,1
2019-12-21T13:05:14.000Z,1
2019-12-21T13:43:09.000Z,1
2019-12-21T14:47:29.000Z,1
2019-12-21T15:42:25.000Z,1
2019-12-21T15:54:34.000Z,1
2019-12-21T15:58:48.000Z,1
2019-12-21T16:22:23.000Z,1
2019-12-21T19:15:09.000Z,1
2019-12-21T22:48:14.000Z,1
2019-12-22T11:24:12.000Z,1
2019-12-22T11:46:05.000Z,1
2019-12-22T12:17:38.000Z,1
2019-12-22T12:21:28.000Z,1
2019-12-22T12:56:44.000Z,1
2019-12-22T13:44:08.000Z,1
2019-12-22T13:45:04.000Z,1
2019-12-22T13:54:02.000Z,1
2019-12-22T14:17:19.000Z,1
2019-12-22T14:17:32.000Z,1
2019-12-22T14:39:06.000Z,1
2019-12-22T15:46:05.000Z,1
2019-12-22T15:59:08.000Z,1
2019-12-22T18:34:54.000Z,1
2019-12-22T19:28:38.000Z,1
2019-12-22T22:24:19.000Z,1
2019-12-23T05:44:01.000Z,1
2019-12-23T06:14:02.000Z,1
2019-12-23T06:38:52.000Z,2
2019-12-23T07:33:15.000Z,1
2019-12-23T07:37:53.000Z,1
2019-12-23T08:38:39.000Z,2
2019-12-23T09:37:26.000Z,1
2019-12-23T10:24:23.000Z,1
2019-12-23T11:35:22.000Z,1
2019-12-23T11:41:02.000Z,1
2019-12-23T11:44:10.000Z,1
2019-12-23T11:46:30.000Z,1
2019-12-23T12:20:08.000Z,1
2019-12-11T15:04:21.000Z,1
2019-12-11T15:12:35.000Z,1
2019-12-11T15:29:52.000Z,1
2019-12-11T16:00:51.000Z,1
2019-12-11T16:38:38.000Z,1
2019-12-11T16:40:50.000Z,1
2019-12-11T17:16:44.000Z,1
2019-12-11T17:27:06.000Z,1
2019-12-11T17:41:43.000Z,2
2019-12-11T18:02:43.000Z,1
2019-12-11T18:07:55.000Z,1
2019-12-12T06:35:11.000Z,1
2019-12-12T08:42:55.000Z,1
2019-12-12T08:49:26.000Z,1
2019-12-12T10:52:04.000Z,1
2019-12-12T11:04:25.000Z,1
2019-12-12T14:08:46.000Z,1
2019-12-12T15:44:17.000Z,1
2019-12-13T05:49:16.000Z,1
2019-12-11T18:06:20.000Z,1
2019-12-11T20:39:33.000Z,1
2019-12-12T06:18:08.000Z,1
2019-12-12T07:50:50.000Z,1
2019-12-12T08:27:03.000Z,1
2019-12-12T09:11:38.000Z,1
2019-12-12T09:41:14.000Z,1
2019-12-12T11:21:31.000Z,1
2019-12-12T11:32:09.000Z,1
2019-12-12T13:00:41.000Z,1
2019-12-12T13:14:10.000Z,1
2019-12-12T16:08:00.000Z,1
2019-12-12T17:08:19.000Z,2
2019-12-12T17:44:07.000Z,1
2019-12-12T18:24:23.000Z,1
2019-12-12T19:14:18.000Z,1
2019-12-12T19:33:53.000Z,1
2019-12-12T20:01:16.000Z,1
2019-12-12T20:11:25.000Z,1
2019-12-12T20:31:56.000Z,1
2019-12-12T21:36:25.000Z,1
2019-12-12T21:50:32.000Z,1
2019-12-12T22:37:05.000Z,1
2019-12-13T01:19:22.000Z,1
2019-12-13T01:20:08.000Z,1
2019-12-13T06:58:43.000Z,1
2019-12-13T07:14:07.000Z,1
2019-12-13T07:52:04.000Z,1
2019-12-13T07:54:47.000Z,2
2019-12-13T08:01:21.000Z,1
2019-12-13T08:03:05.000Z,1
2019-12-13T08:07:55.000Z,1
2019-12-13T08:12:16.000Z,1
2019-12-13T08:20:37.000Z,2
2019-12-13T08:22:01.000Z,1
2019-12-13T08:37:50.000Z,1
2019-12-13T08:51:27.000Z,1
2019-12-13T09:02:34.000Z,1
2019-12-13T09:22:21.000Z,1
2019-12-13T11:10:48.000Z,1
2019-12-13T12:24:39.000Z,1
2019-12-13T12:37:27.000Z,1
2019-12-13T13:34:14.000Z,1
2019-12-13T13:43:52.000Z,1
2019-12-13T15:02:55.000Z,1
2019-12-13T15:17:01.000Z,1
2019-12-13T15:34:00.000Z,1
2019-12-13T15:45:05.000Z,2
2019-12-13T15:52:19.000Z,1
2019-12-13T16:04:45.000Z,1
2019-12-13T16:06:58.000Z,1
2019-12-13T16:19:30.000Z,1
2019-12-13T16:29:52.000Z,1
2019-12-13T16:42:48.000Z,1
2019-12-13T16:44:33.000Z,1
2019-12-13T16:46:21.000Z,1
2019-12-13T17:05:05.000Z,1
2019-12-13T17:16:06.000Z,1
2019-12-13T17:18:12.000Z,1
2019-12-13T17:24:40.000Z,2
2019-12-13T17:46:05.000Z,2
2019-12-13T18:11:24.000Z,1
2019-12-13T18:48:24.000Z,1
2019-12-13T20:47:59.000Z,1
2019-12-13T20:58:05.000Z,1
2019-12-13T21:08:27.000Z,1
2019-12-14T06:57:34.000Z,1
2019-12-14T10:22:14.000Z,1
2019-12-14T12:07:52.000Z,1
2019-12-14T12:09:54.000Z,1
2019-12-14T12:13:35.000Z,1
2019-12-14T13:11:29.000Z,1
2019-12-14T13:11:39.000Z,1
2019-12-14T13:34:01.000Z,1
2019-12-14T16:22:04.000Z,1
2019-12-14T18:11:57.000Z,1
2019-12-15T08:52:40.000Z,1
2019-12-15T13:27:16.000Z,1
2019-12-15T17:01:38.000Z,1
2019-12-15T21:20:05.000Z,1
2019-12-15T21:35:37.000Z,1
2019-12-16T06:10:42.000Z,1
2019-12-16T06:22:06.000Z,1
2019-12-16T06:53:59.000Z,1
2019-12-16T07:04:45.000Z,1
2019-12-16T07:21:49.000Z,1
2019-12-16T07:34:58.000Z,1
2019-12-16T07:35:04.000Z,1
2019-12-16T07:55:18.000Z,1
2019-12-16T08:05:15.000Z,1
2019-12-16T08:08:09.000Z,1
2019-12-16T08:29:09.000Z,1
2019-12-16T08:57:59.000Z,1
2019-12-16T09:28:26.000Z,1
2019-12-16T10:13:01.000Z,1
2019-12-16T11:15:13.000Z,1
2019-12-16T11:49:17.000Z,1
2019-12-16T12:09:04.000Z,1
2019-12-16T12:40:40.000Z,1
2019-12-16T13:17:26.000Z,1
2019-12-16T13:41:48.000Z,1
2019-12-16T14:25:40.000Z,1
2019-12-16T14:51:07.000Z,1
2019-12-16T15:00:04.000Z,1
2019-12-16T15:58:44.000Z,1
2019-12-16T16:08:52.000Z,1
2019-12-16T16:11:38.000Z,1
2019-12-16T16:24:05.000Z,1
2019-12-16T17:01:54.000Z,2
2019-12-16T17:21:07.000Z,1
2019-12-16T17:54:24.000Z,1
2019-12-16T18:03:28.000Z,1
2019-12-16T19:52:16.000Z,1
2019-12-16T20:01:43.000Z,1
2019-12-17T06:35:16.000Z,1
2019-12-17T06:51:20.000Z,1
2019-12-17T07:21:37.000Z,1
2019-12-17T07:30:08.000Z,2
2019-12-17T08:17:16.000Z,1
2019-12-17T08:26:50.000Z,2
2019-12-17T08:37:18.000Z,1
2019-12-17T08:40:44.000Z,1
2019-12-17T11:11:56.000Z,1
2019-12-17T12:15:10.000Z,1
2019-12-17T12:39:01.000Z,1
2019-12-17T12:42:19.000Z,1
2019-12-17T13:26:24.000Z,1
2019-12-17T14:15:01.000Z,1
2019-12-17T15:25:15.000Z,1
2019-12-17T15:34:32.000Z,1
2019-12-17T16:01:39.000Z,1
2019-12-17T16:48:44.000Z,1
2019-12-17T17:22:16.000Z,2
2019-12-17T18:28:56.000Z,1
2019-12-17T21:00:52.000Z,1
2019-12-18T06:47:37.000Z,1
2019-12-18T07:08:50.000Z,1
2019-12-18T07:20:47.000Z,1
2019-12-18T07:49:39.000Z,1
2019-12-18T07:55:28.000Z,1
2019-12-18T08:38:46.000Z,1
2019-12-18T08:42:33.000Z,1
2019-12-18T08:59:19.000Z,1
2019-12-18T10:50:56.000Z,1
2019-12-18T11:26:30.000Z,1
2019-12-18T11:44:52.000Z,1
2019-12-18T12:34:45.000Z,1
2019-12-18T13:50:55.000Z,1
2019-12-18T15:15:44.000Z,1
2019-12-18T15:23:18.000Z,1
2019-12-18T16:33:48.000Z,1
2019-12-18T17:01:26.000Z,1
2019-12-18T17:05:26.000Z,1
2019-12-18T17:08:00.000Z,1
2019-12-18T17:10:14.000Z,1
2019-12-18T17:12:51.000Z,2
2019-12-18T17:24:45.000Z,1
2019-12-18T17:30:02.000Z,1
2019-12-18T17:38:38.000Z,1
2019-12-18T17:54:22.000Z,1
2019-12-18T18:16:14.000Z,1
2019-12-18T18:58:22.000Z,1
2019-12-19T05:47:50.000Z,1
2019-12-19T06:42:24.000Z,1
2019-12-19T06:59:51.000Z,1
2019-12-19T07:00:52.000Z,1
2019-12-19T07:17:25.000Z,1
2019-12-19T07:57:55.000Z,3
2019-12-19T08:13:42.000Z,1
2019-12-19T10:35:07.000Z,1
2019-12-19T11:38:59.000Z,1
2019-12-19T11:59:51.000Z,1
2019-12-19T14:06:40.000Z,1
2019-12-19T16:30:16.000Z,1
2019-12-19T16:56:53.000Z,1
2019-12-19T17:09:31.000Z,2
2019-12-19T17:12:32.000Z,2
2019-12-19T17:27:48.000Z,1
2019-12-19T17:28:38.000Z,1
2019-12-19T17:41:03.000Z,1
2019-12-19T17:42:50.000Z,1
2019-12-19T17:44:38.000Z,1
2019-12-19T17:47:24.000Z,1
2019-12-19T17:51:53.000Z,1
2019-12-19T18:35:11.000Z,1
2019-12-19T18:49:46.000Z,1
2019-12-19T19:16:32.000Z,1
2019-12-19T21:31:50.000Z,1
2019-12-19T23:41:45.000Z,1
2019-12-20T01:11:52.000Z,1
2019-12-20T07:15:12.000Z,1
2019-12-20T08:12:27.000Z,1
2019-12-20T08:45:51.000Z,1
2019-12-20T09:52:09.000Z,1
2019-12-20T11:03:46.000Z,1
2019-12-20T11:04:20.000Z,1
2019-12-20T11:51:09.000Z,1
2019-12-20T11:58:29.000Z,1
2019-12-20T13:15:44.000Z,1
2019-12-20T15:22:21.000Z,1
2019-12-20T15:29:29.000Z,1
2019-12-20T15:40:23.000Z,1
2019-12-20T15:53:58.000Z,1
2019-12-20T16:38:05.000Z,1
2019-12-20T16:55:47.000Z,1
2019-12-20T16:56:41.000Z,1
2019-12-20T16:58:22.000Z,1
2019-12-20T17:18:19.000Z,1
2019-12-20T17:43:36.000Z,1
2019-12-20T17:46:49.000Z,1
2019-12-20T18:06:45.000Z,1
2019-12-20T18:13:38.000Z,1
2019-12-20T19:39:40.000Z,1
2019-12-20T19:48:23.000Z,1
2019-12-20T19:57:56.000Z,1
2019-12-21T02:30:20.000Z,1
2019-12-21T08:02:20.000Z,1
2019-12-21T08:32:28.000Z,1
2019-12-21T08:47:43.000Z,1
2019-12-21T09:15:26.000Z,1
2019-12-21T11:42:44.000Z,1
2019-12-21T13:39:50.000Z,1
2019-12-21T13:50:09.000Z,1
2019-12-21T14:05:11.000Z,2
2019-12-21T14:56:11.000Z,1
2019-12-21T15:21:01.000Z,1
2019-12-21T15:42:53.000Z,1
2019-12-21T16:48:48.000Z,1
2019-12-21T16:49:11.000Z,1
2019-12-21T16:57:10.000Z,2
2019-12-21T18:22:44.000Z,1
2019-12-21T19:15:41.000Z,1
2019-12-21T20:44:02.000Z,1
2019-12-22T00:43:11.000Z,1
2019-12-22T10:06:49.000Z,1
2019-12-22T10:31:31.000Z,1
2019-12-22T11:41:56.000Z,1
2019-12-22T11:48:03.000Z,1
2019-12-22T12:09:16.000Z,1
2019-12-22T13:56:29.000Z,2
2019-12-22T14:25:45.000Z,1
2019-12-22T14:45:49.000Z,1
2019-12-22T15:01:55.000Z,1
2019-12-22T15:40:20.000Z,1
2019-12-22T15:54:40.000Z,1
2019-12-22T16:06:43.000Z,1
2019-12-22T16:20:07.000Z,1
2019-12-22T18:56:27.000Z,1
2019-12-22T20:21:19.000Z,1
2019-12-22T20:26:42.000Z,1
2019-12-23T06:46:29.000Z,1
2019-12-23T06:50:27.000Z,1
2019-12-23T07:31:36.000Z,1
2019-12-23T08:17:19.000Z,1
2019-12-23T08:34:20.000Z,1
2019-12-23T09:19:55.000Z,1
2019-12-23T09:53:51.000Z,1
2019-12-23T10:02:40.000Z,1
2019-12-23T10:33:18.000Z,2
2019-12-23T12:01:57.000Z,1
2019-12-23T12:05:50.000Z,1
2019-12-11T13:43:51.000Z,1
2019-12-11T17:05:57.000Z,1
2019-12-11T17:27:15.000Z,1
2019-12-11T17:56:26.000Z,1
2019-12-11T17:59:03.000Z,1
2019-12-11T18:04:59.000Z,1
2019-12-11T18:38:41.000Z,1
2019-12-11T19:50:20.000Z,1
2019-12-12T05:34:35.000Z,1
2019-12-12T07:16:03.000Z,1
2019-12-12T08:27:34.000Z,1
2019-12-12T08:30:19.000Z,2
2019-12-12T08:41:32.000Z,3
2019-12-12T22:02:31.000Z,1
2019-12-11T18:04:46.000Z,1
2019-12-11T18:59:39.000Z,1
2019-12-11T19:20:14.000Z,1
2019-12-11T19:44:15.000Z,1
2019-12-12T07:36:20.000Z,1
2019-12-12T07:48:01.000Z,1
2019-12-12T09:26:41.000Z,1
2019-12-12T09:35:50.000Z,1
2019-12-12T09:54:11.000Z,1
2019-12-12T09:56:03.000Z,1
2019-12-12T10:53:16.000Z,1
2019-12-12T10:55:51.000Z,1
2019-12-12T12:52:37.000Z,1
2019-12-12T15:32:05.000Z,1
2019-12-12T15:52:47.000Z,1
2019-12-12T16:22:23.000Z,2
2019-12-12T16:23:33.000Z,1
2019-12-12T16:25:15.000Z,1
2019-12-12T17:01:19.000Z,1
2019-12-12T17:02:52.000Z,1
2019-12-12T17:09:34.000Z,1
2019-12-12T17:18:14.000Z,1
2019-12-12T17:30:26.000Z,1
2019-12-12T17:31:26.000Z,1
2019-12-12T17:33:17.000Z,1
2019-12-12T17:36:00.000Z,1
2019-12-12T17:43:37.000Z,1
2019-12-12T18:51:47.000Z,1
2019-12-12T20:08:00.000Z,1
2019-12-12T21:38:59.000Z,1
2019-12-13T06:32:51.000Z,1
2019-12-13T06:53:36.000Z,1
2019-12-13T07:23:13.000Z,1
2019-12-13T08:02:04.000Z,1
2019-12-13T08:18:58.000Z,1
2019-12-13T08:34:01.000Z,1
2019-12-13T08:52:24.000Z,1
2019-12-13T09:15:24.000Z,1
2019-12-13T09:38:24.000Z,1
2019-12-13T09:54:23.000Z,1
2019-12-13T10:55:29.000Z,1
2019-12-13T11:09:37.000Z,1
2019-12-13T12:21:56.000Z,1
2019-12-13T12:22:47.000Z,1
2019-12-13T12:26:02.000Z,2
2019-12-13T13:14:37.000Z,1
2019-12-13T13:16:27.000Z,1
2019-12-13T16:56:55.000Z,1
2019-12-13T16:59:36.000Z,1
2019-12-13T17:08:51.000Z,2
2019-12-13T17:15:12.000Z,1
2019-12-13T17:49:24.000Z,1
2019-12-13T18:08:33.000Z,1
2019-12-13T19:47:07.000Z,1
2019-12-13T20:44:00.000Z,1
2019-12-13T22:18:35.000Z,1
2019-12-14T08:57:53.000Z,1
2019-12-14T09:01:42.000Z,1
2019-12-14T09:42:33.000Z,2
2019-12-14T09:51:15.000Z,1
2019-12-14T10:44:37.000Z,1
2019-12-14T12:35:04.000Z,1
2019-12-14T13:01:22.000Z,1
2019-12-14T13:49:49.000Z,1
2019-12-14T14:04:18.000Z,1
2019-12-14T14:22:20.000Z,1
2019-12-14T14:37:09.000Z,1
2019-12-14T15:57:34.000Z,1
2019-12-14T17:01:11.000Z,2
2019-12-14T17:03:29.000Z,1
2019-12-14T18:36:26.000Z,1
2019-12-14T19:54:58.000Z,1
2019-12-14T20:32:25.000Z,1
2019-12-15T08:25:15.000Z,1
2019-12-15T08:41:19.000Z,1
2019-12-15T08:48:14.000Z,1
2019-12-15T11:18:46.000Z,1
2019-12-15T12:34:25.000Z,1
2019-12-15T15:26:34.000Z,1
2019-12-15T15:35:40.000Z,2
2019-12-15T16:16:48.000Z,1
2019-12-15T16:27:30.000Z,1
2019-12-15T17:58:18.000Z,1
2019-12-16T04:54:54.000Z,1
2019-12-16T05:00:44.000Z,1
2019-12-16T05:50:59.000Z,1
2019-12-16T06:59:01.000Z,1
2019-12-16T07:05:46.000Z,2
2019-12-16T07:41:00.000Z,1
2019-12-16T07:57:57.000Z,1
2019-12-16T07:58:47.000Z,1
2019-12-16T08:09:27.000Z,1
2019-12-16T08:30:11.000Z,1
2019-12-16T08:46:36.000Z,1
2019-12-16T08:54:44.000Z,1
2019-12-16T09:11:21.000Z,1
2019-12-16T09:41:56.000Z,1
2019-12-16T10:33:00.000Z,1
2019-12-16T11:23:52.000Z,1
2019-12-16T13:04:58.000Z,1
2019-12-16T13:20:18.000Z,1
2019-12-16T13:38:15.000Z,1
2019-12-16T15:27:32.000Z,1
2019-12-16T15:39:07.000Z,1
2019-12-16T16:22:28.000Z,1
2019-12-16T16:23:58.000Z,1
2019-12-16T17:22:23.000Z,2
2019-12-16T17:47:38.000Z,3
2019-12-16T17:48:20.000Z,1
2019-12-16T17:48:27.000Z,1
2019-12-16T17:48:35.000Z,1
2019-12-16T17:52:03.000Z,1
2019-12-16T18:00:20.000Z,1
2019-12-16T18:58:37.000Z,1
2019-12-16T19:14:16.000Z,2
2019-12-16T19:53:03.000Z,1
2019-12-17T01:52:24.000Z,1
2019-12-17T07:10:37.000Z,1
2019-12-17T07:19:45.000Z,1
2019-12-17T07:53:42.000Z,1
2019-12-17T07:59:47.000Z,1
2019-12-17T08:06:09.000Z,1
2019-12-17T08:28:57.000Z,1
2019-12-17T08:30:24.000Z,1
2019-12-17T08:38:11.000Z,1
2019-12-17T09:20:18.000Z,1
2019-12-17T10:53:20.000Z,1
2019-12-17T11:50:59.000Z,1
2019-12-17T12:08:31.000Z,1
2019-12-17T14:34:23.000Z,1
2019-12-17T15:32:19.000Z,1
2019-12-17T15:51:20.000Z,1
2019-12-17T16:46:01.000Z,1
2019-12-17T17:24:37.000Z,1
2019-12-17T17:36:32.000Z,1
2019-12-17T18:19:09.000Z,1
2019-12-17T18:19:27.000Z,1
2019-12-17T18:54:50.000Z,1
2019-12-17T19:13:37.000Z,1
2019-12-17T19:47:51.000Z,1
2019-12-18T06:03:33.000Z,1
2019-12-18T08:00:55.000Z,1
2019-12-18T08:24:35.000Z,1
2019-12-18T08:45:33.000Z,1
2019-12-18T08:49:16.000Z,1
2019-12-18T09:49:47.000Z,1
2019-12-18T11:18:22.000Z,1
2019-12-18T11:46:10.000Z,1
2019-12-18T13:03:11.000Z,1
2019-12-18T13:49:48.000Z,1
2019-12-18T13:59:39.000Z,1
2019-12-18T15:19:39.000Z,1
2019-12-18T15:36:12.000Z,1
2019-12-18T15:42:18.000Z,1
2019-12-18T15:53:03.000Z,1
2019-12-18T16:05:08.000Z,1
2019-12-18T16:14:34.000Z,1
2019-12-18T16:23:16.000Z,1
2019-12-18T16:39:25.000Z,1
2019-12-18T17:11:35.000Z,1
2019-12-18T18:01:11.000Z,1
2019-12-18T19:13:52.000Z,2
2019-12-18T21:13:21.000Z,1
2019-12-18T22:12:00.000Z,1
2019-12-19T00:21:05.000Z,1
2019-12-19T00:23:53.000Z,1
2019-12-19T06:09:39.000Z,1
2019-12-19T06:28:59.000Z,1
2019-12-19T06:55:43.000Z,1
2019-12-19T07:04:52.000Z,1
2019-12-19T08:10:51.000Z,1
2019-12-19T08:13:09.000Z,1
2019-12-19T08:19:03.000Z,1
2019-12-19T08:29:06.000Z,2
2019-12-19T09:59:39.000Z,1
2019-12-19T10:38:06.000Z,1
2019-12-19T12:46:11.000Z,1
2019-12-19T13:17:21.000Z,1
2019-12-19T14:13:14.000Z,1
2019-12-19T14:57:49.000Z,1
2019-12-19T16:14:41.000Z,1
2019-12-19T16:15:10.000Z,1
2019-12-19T17:55:33.000Z,1
2019-12-19T18:16:46.000Z,1
2019-12-19T19:02:00.000Z,1
2019-12-19T22:20:48.000Z,1
2019-12-20T05:38:39.000Z,1
2019-12-20T06:45:36.000Z,1
2019-12-20T07:08:44.000Z,1
2019-12-20T07:15:15.000Z,1
2019-12-20T08:13:32.000Z,1
2019-12-20T09:04:30.000Z,1
2019-12-20T09:57:04.000Z,1
2019-12-20T11:04:51.000Z,2
2019-12-20T11:43:02.000Z,1
2019-12-20T12:50:03.000Z,1
2019-12-20T14:14:51.000Z,1
2019-12-20T14:42:54.000Z,1
2019-12-20T15:24:09.000Z,1
2019-12-20T16:06:19.000Z,1
2019-12-20T16:44:43.000Z,1
2019-12-20T17:02:35.000Z,1
2019-12-20T17:39:29.000Z,1
2019-12-20T17:55:23.000Z,1
2019-12-20T18:20:15.000Z,1
2019-12-20T19:40:59.000Z,1
2019-12-21T06:49:57.000Z,1
2019-12-21T07:55:13.000Z,1
2019-12-21T10:39:30.000Z,1
2019-12-21T11:09:55.000Z,1
2019-12-21T11:17:40.000Z,1
2019-12-21T11:18:26.000Z,1
2019-12-21T11:39:37.000Z,1
2019-12-21T12:09:10.000Z,1
2019-12-21T12:49:49.000Z,1
2019-12-21T13:24:20.000Z,1
2019-12-21T13:55:00.000Z,1
2019-12-21T14:00:01.000Z,2
2019-12-21T14:03:33.000Z,1
2019-12-21T14:10:45.000Z,1
2019-12-21T14:11:47.000Z,1
2019-12-21T14:37:36.000Z,1
2019-12-21T14:39:44.000Z,1
2019-12-21T15:10:33.000Z,1
2019-12-21T15:20:28.000Z,1
2019-12-21T15:38:45.000Z,1
2019-12-21T15:47:05.000Z,1
2019-12-21T16:01:53.000Z,1
2019-12-21T16:10:47.000Z,2
2019-12-21T16:22:19.000Z,1
2019-12-21T17:18:16.000Z,1
2019-12-22T01:15:44.000Z,1
2019-12-22T04:47:47.000Z,1
2019-12-22T09:38:12.000Z,1
2019-12-22T10:42:39.000Z,1
2019-12-22T13:21:30.000Z,1
2019-12-22T13:28:40.000Z,1
2019-12-22T14:26:30.000Z,2
2019-12-22T14:51:00.000Z,1
2019-12-22T15:06:42.000Z,1
2019-12-22T15:13:33.000Z,1
2019-12-22T15:36:09.000Z,1
2019-12-22T15:51:02.000Z,1
2019-12-22T16:04:43.000Z,1
2019-12-22T16:22:45.000Z,1
2019-12-22T16:35:25.000Z,1
2019-12-22T16:49:32.000Z,1
2019-12-22T16:53:02.000Z,1
2019-12-22T17:23:58.000Z,1
2019-12-22T19:01:13.000Z,1
2019-12-22T20:28:05.000Z,1
2019-12-23T01:52:32.000Z,1
2019-12-23T07:28:11.000Z,1
2019-12-23T07:40:10.000Z,1
2019-12-23T08:06:22.000Z,1
2019-12-23T08:21:22.000Z,1
2019-12-23T08:40:07.000Z,1
2019-12-23T09:02:32.000Z,1
2019-12-23T09:13:34.000Z,1
2019-12-23T09:14:35.000Z,1
2019-12-23T09:24:54.000Z,1
2019-12-23T09:33:04.000Z,1
2019-12-23T09:53:26.000Z,2
2019-12-23T10:39:14.000Z,1
2019-12-23T11:18:07.000Z,1
2019-12-23T11:24:41.000Z,1
2019-12-11T13:31:13.000Z,1
2019-12-11T13:58:48.000Z,1
2019-12-11T15:12:42.000Z,1
2019-12-11T15:45:22.000Z,1
2019-12-11T15:57:10.000Z,1
2019-12-11T16:03:51.000Z,1
2019-12-11T17:14:16.000Z,1
2019-12-11T17:34:16.000Z,1
2019-12-11T17:44:13.000Z,2
2019-12-11T18:30:58.000Z,1
2019-12-12T07:23:34.000Z,2
2019-12-12T15:11:18.000Z,1
2019-12-12T16:00:07.000Z,1
2019-12-12T16:56:50.000Z,1
2019-12-12T17:08:14.000Z,1
2019-12-12T18:38:29.000Z,1
2019-12-13T07:47:24.000Z,1
2019-12-11T17:19:13.000Z,1
2019-12-11T19:16:56.000Z,1
2019-12-11T20:21:05.000Z,1
2019-12-12T06:36:18.000Z,1
2019-12-12T06:46:11.000Z,1
2019-12-12T07:33:11.000Z,1
2019-12-12T09:45:43.000Z,1
2019-12-12T11:08:16.000Z,1
2019-12-12T11:24:40.000Z,1
2019-12-12T12:51:22.000Z,1
2019-12-12T14:08:57.000Z,1
2019-12-12T14:12:09.000Z,1
2019-12-12T16:11:37.000Z,1
2019-12-12T17:21:13.000Z,1
2019-12-12T17:23:05.000Z,1
2019-12-12T17:31:54.000Z,1
2019-12-12T17:37:47.000Z,1
2019-12-12T18:13:12.000Z,3
2019-12-12T18:54:14.000Z,2
2019-12-12T19:25:06.000Z,1
2019-12-12T20:26:09.000Z,1
2019-12-12T20:51:32.000Z,1
2019-12-12T21:30:56.000Z,1
2019-12-13T06:37:36.000Z,1
2019-12-13T07:21:53.000Z,1
2019-12-13T08:12:00.000Z,1
2019-12-13T08:25:53.000Z,1
2019-12-13T08:45:25.000Z,2
2019-12-13T08:55:59.000Z,1
2019-12-13T09:02:24.000Z,1
2019-12-13T10:25:31.000Z,1
2019-12-13T11:33:27.000Z,1
2019-12-13T11:56:00.000Z,1
2019-12-13T12:08:10.000Z,1
2019-12-13T12:20:44.000Z,1
2019-12-13T12:40:40.000Z,1
2019-12-13T12:55:53.000Z,1
2019-12-13T13:31:45.000Z,1
2019-12-13T15:51:41.000Z,1
2019-12-13T15:58:20.000Z,1
2019-12-13T16:22:02.000Z,1
2019-12-13T16:23:30.000Z,1
2019-12-13T16:25:49.000Z,1
2019-12-13T16:38:49.000Z,1
2019-12-13T16:40:34.000Z,1
2019-12-13T16:53:28.000Z,1
2019-12-13T16:55:00.000Z,1
2019-12-13T16:56:37.000Z,2
2019-12-13T17:01:40.000Z,1
2019-12-13T17:26:55.000Z,1
2019-12-13T17:28:56.000Z,1
2019-12-13T17:31:53.000Z,1
2019-12-13T17:40:49.000Z,1
2019-12-13T17:48:43.000Z,1
2019-12-13T17:51:18.000Z,1
2019-12-13T18:18:03.000Z,2
2019-12-13T19:39:36.000Z,1
2019-12-13T20:48:15.000Z,1
2019-12-13T20:49:37.000Z,1
2019-12-13T22:39:33.000Z,1
2019-12-13T23:30:13.000Z,1
2019-12-14T02:32:14.000Z,1
2019-12-14T09:05:45.000Z,1
2019-12-14T10:04:14.000Z,1
2019-12-14T13:38:35.000Z,2
2019-12-14T13:48:56.000Z,1
2019-12-14T13:59:54.000Z,1
2019-12-14T14:21:46.000Z,1
2019-12-14T15:43:55.000Z,1
2019-12-14T16:27:47.000Z,1
2019-12-15T03:58:11.000Z,1
2019-12-15T09:00:21.000Z,1
2019-12-15T10:12:59.000Z,3
2019-12-15T10:38:48.000Z,1
2019-12-15T11:07:23.000Z,1
2019-12-15T11:10:28.000Z,1
2019-12-15T11:17:30.000Z,1
2019-12-15T13:51:37.000Z,2
2019-12-15T16:48:44.000Z,2
2019-12-15T17:43:06.000Z,1
2019-12-15T19:10:36.000Z,1
2019-12-15T19:52:06.000Z,1
2019-12-15T20:35:59.000Z,1
2019-12-15T20:45:17.000Z,1
2019-12-16T06:32:06.000Z,1
2019-12-16T07:00:50.000Z,1
2019-12-16T07:41:35.000Z,1
2019-12-16T07:41:51.000Z,1
2019-12-16T07:56:30.000Z,1
2019-12-16T08:41:33.000Z,2
2019-12-16T09:10:27.000Z,2
2019-12-16T09:37:00.000Z,1
2019-12-16T09:44:57.000Z,1
2019-12-16T09:54:11.000Z,1
2019-12-16T10:18:42.000Z,1
2019-12-16T10:50:58.000Z,1
2019-12-16T12:36:37.000Z,1
2019-12-16T15:38:50.000Z,1
2019-12-16T15:55:25.000Z,1
2019-12-16T16:54:47.000Z,1
2019-12-16T17:17:47.000Z,1
2019-12-16T17:28:12.000Z,1
2019-12-16T17:38:35.000Z,1
2019-12-16T19:29:51.000Z,1
2019-12-17T05:28:25.000Z,1
2019-12-17T07:48:02.000Z,2
2019-12-17T07:52:36.000Z,1
2019-12-17T08:28:48.000Z,1
2019-12-17T10:11:56.000Z,1
2019-12-17T11:11:22.000Z,1
2019-12-17T13:40:23.000Z,1
2019-12-17T16:05:48.000Z,1
2019-12-17T16:38:34.000Z,1
2019-12-17T16:53:02.000Z,1
2019-12-17T16:55:25.000Z,1
2019-12-17T17:11:13.000Z,1
2019-12-17T17:30:05.000Z,1
2019-12-17T17:36:27.000Z,1
2019-12-17T17:53:48.000Z,1
2019-12-17T18:23:01.000Z,1
2019-12-17T19:30:18.000Z,1
2019-12-17T20:31:16.000Z,1
2019-12-17T22:02:01.000Z,1
2019-12-17T22:05:20.000Z,1
2019-12-17T22:27:23.000Z,1
2019-12-18T06:09:20.000Z,1
2019-12-18T07:37:26.000Z,1
2019-12-18T08:19:29.000Z,1
2019-12-18T08:22:38.000Z,1
2019-12-18T09:35:13.000Z,1
2019-12-18T10:02:12.000Z,1
2019-12-18T13:25:05.000Z,1
2019-12-18T13:33:50.000Z,1
2019-12-18T14:48:56.000Z,1
2019-12-18T15:47:42.000Z,1
2019-12-18T16:43:05.000Z,1
2019-12-18T16:57:24.000Z,1
2019-12-18T17:08:10.000Z,1
2019-12-18T17:18:05.000Z,1
2019-12-18T17:37:00.000Z,1
2019-12-18T17:55:42.000Z,1
2019-12-18T17:58:49.000Z,1
2019-12-18T18:07:04.000Z,1
2019-12-18T18:24:38.000Z,1
2019-12-18T18:32:27.000Z,1
2019-12-18T19:07:57.000Z,1
2019-12-18T21:00:21.000Z,1
2019-12-18T21:17:54.000Z,1
2019-12-18T22:44:26.000Z,1
2019-12-19T06:34:46.000Z,1
2019-12-19T07:01:47.000Z,1
2019-12-19T07:08:08.000Z,1
2019-12-19T08:23:21.000Z,1
2019-12-19T08:34:05.000Z,1
2019-12-19T08:38:27.000Z,2
2019-12-19T08:45:12.000Z,1
2019-12-19T09:11:49.000Z,1
2019-12-19T10:33:24.000Z,1
2019-12-19T10:40:26.000Z,1
2019-12-19T11:30:57.000Z,1
2019-12-19T13:15:14.000Z,1
2019-12-19T14:31:09.000Z,1
2019-12-19T16:17:40.000Z,1
2019-12-19T16:28:57.000Z,1
2019-12-19T16:49:33.000Z,1
2019-12-19T16:57:19.000Z,1
2019-12-19T17:23:49.000Z,1
2019-12-19T17:46:41.000Z,1
2019-12-19T17:48:35.000Z,1
2019-12-19T17:49:54.000Z,1
2019-12-19T17:58:29.000Z,2
2019-12-19T18:17:01.000Z,1
2019-12-19T18:21:06.000Z,1
2019-12-19T20:18:05.000Z,1
2019-12-19T21:03:32.000Z,1
2019-12-19T23:43:21.000Z,1
2019-12-20T05:33:59.000Z,1
2019-12-20T06:11:35.000Z,1
2019-12-20T07:12:01.000Z,1
2019-12-20T08:01:38.000Z,1
2019-12-20T08:13:27.000Z,1
2019-12-20T08:34:44.000Z,1
2019-12-20T11:11:03.000Z,1
2019-12-20T11:39:03.000Z,1
2019-12-20T11:50:13.000Z,1
2019-12-20T11:59:55.000Z,2
2019-12-20T13:21:36.000Z,1
2019-12-20T15:16:58.000Z,1
2019-12-20T16:06:42.000Z,1
2019-12-20T16:16:40.000Z,1
2019-12-20T16:48:03.000Z,1
2019-12-20T16:48:34.000Z,1
2019-12-20T17:16:31.000Z,1
2019-12-20T17:52:11.000Z,1
2019-12-20T19:25:42.000Z,1
2019-12-20T19:52:38.000Z,1
2019-12-21T02:17:58.000Z,1
2019-12-21T06:15:16.000Z,1
2019-12-21T07:39:06.000Z,1
2019-12-21T10:21:49.000Z,1
2019-12-21T11:35:21.000Z,1
2019-12-21T11:48:04.000Z,1
2019-12-21T11:48:30.000Z,1
2019-12-21T12:29:07.000Z,1
2019-12-21T12:39:18.000Z,1
2019-12-21T13:01:24.000Z,2
2019-12-21T13:25:43.000Z,1
2019-12-21T13:33:59.000Z,1
2019-12-21T15:11:31.000Z,1
2019-12-21T16:33:18.000Z,1
2019-12-21T17:22:25.000Z,1
2019-12-21T18:33:58.000Z,1
2019-12-21T22:52:19.000Z,1
2019-12-22T02:06:34.000Z,1
2019-12-22T04:38:03.000Z,1
2019-12-22T06:55:40.000Z,1
2019-12-22T08:24:39.000Z,1
2019-12-22T09:52:15.000Z,1
2019-12-22T10:08:39.000Z,1
2019-12-22T11:51:28.000Z,1
2019-12-22T12:10:23.000Z,1
2019-12-22T12:14:50.000Z,1
2019-12-22T12:40:15.000Z,1
2019-12-22T12:57:23.000Z,1
2019-12-22T13:07:16.000Z,1
2019-12-22T13:38:01.000Z,1
2019-12-22T14:04:40.000Z,1
2019-12-22T14:36:14.000Z,1
2019-12-22T15:03:49.000Z,1
2019-12-22T15:16:29.000Z,1
2019-12-22T15:23:37.000Z,1
2019-12-22T15:37:45.000Z,1
2019-12-22T17:53:48.000Z,1
2019-12-22T19:01:12.000Z,1
2019-12-22T22:02:03.000Z,1
2019-12-23T05:40:54.000Z,1
2019-12-23T07:38:05.000Z,1
2019-12-23T07:48:43.000Z,1
2019-12-23T08:49:59.000Z,1
2019-12-23T10:03:03.000Z,1
2019-12-23T10:20:39.000Z,1
2019-12-23T11:30:05.000Z,1
2019-12-23T12:16:06.000Z,2
2019-12-11T13:24:31.000Z,1
2019-12-11T15:19:10.000Z,1
2019-12-11T15:41:55.000Z,1
2019-12-11T16:10:04.000Z,1
2019-12-11T16:12:03.000Z,1
2019-12-11T16:43:34.000Z,1
2019-12-11T17:38:09.000Z,1
2019-12-11T18:43:44.000Z,1
2019-12-11T20:01:56.000Z,1
2019-12-12T06:12:35.000Z,1
2019-12-12T06:45:01.000Z,1
2019-12-12T07:00:11.000Z,1
2019-12-12T07:26:35.000Z,1
2019-12-12T09:09:14.000Z,1
2019-12-12T09:10:21.000Z,1
2019-12-12T09:53:51.000Z,1
2019-12-12T16:02:04.000Z,1
2019-12-12T16:08:16.000Z,1
2019-12-12T17:04:08.000Z,1
2019-12-13T09:39:08.000Z,1
2019-12-11T20:10:03.000Z,1
2019-12-11T20:42:25.000Z,1
2019-12-12T07:24:18.000Z,1
2019-12-12T07:41:22.000Z,1
2019-12-12T07:46:51.000Z,1
2019-12-12T08:28:22.000Z,1
2019-12-12T08:31:42.000Z,1
2019-12-12T10:31:00.000Z,1
2019-12-12T11:29:06.000Z,1
2019-12-12T12:06:38.000Z,1
2019-12-12T12:23:28.000Z,1
2019-12-12T14:35:58.000Z,1
2019-12-12T15:03:02.000Z,1
2019-12-12T15:15:42.000Z,1
2019-12-12T16:46:58.000Z,1
2019-12-12T16:50:08.000Z,1
2019-12-12T16:53:22.000Z,1
2019-12-12T17:23:41.000Z,2
2019-12-12T17:58:14.000Z,1
2019-12-12T18:33:25.000Z,1
2019-12-12T18:44:34.000Z,1
2019-12-12T19:14:25.000Z,1
2019-12-12T19:17:18.000Z,1
2019-12-12T19:50:13.000Z,1
2019-12-12T21:59:11.000Z,1
2019-12-12T22:00:17.000Z,1
2019-12-12T23:07:34.000Z,1
2019-12-13T05:09:32.000Z,1
2019-12-13T05:14:06.000Z,1
2019-12-13T05:54:56.000Z,1
2019-12-13T06:06:39.000Z,1
2019-12-13T06:17:44.000Z,1
2019-12-13T06:38:14.000Z,1
2019-12-13T07:35:57.000Z,1
2019-12-13T08:01:46.000Z,1
2019-12-13T08:23:01.000Z,2
2019-12-13T08:25:48.000Z,1
2019-12-13T08:27:35.000Z,1
2019-12-13T08:39:59.000Z,1
2019-12-13T08:40:00.000Z,1
2019-12-13T09:03:31.000Z,1
2019-12-13T09:24:01.000Z,1
2019-12-13T09:32:20.000Z,1
2019-12-13T11:55:19.000Z,1
2019-12-13T12:20:43.000Z,1
2019-12-13T14:42:02.000Z,1
2019-12-13T14:52:24.000Z,2
2019-12-13T15:59:01.000Z,1
2019-12-13T15:59:00.000Z,1
2019-12-13T16:05:22.000Z,1
2019-12-13T16:29:51.000Z,1
2019-12-13T16:32:38.000Z,1
2019-12-13T16:44:39.000Z,1
2019-12-13T16:47:17.000Z,1
2019-12-13T17:07:17.000Z,1
2019-12-13T17:17:50.000Z,2
2019-12-13T17:42:26.000Z,1
2019-12-13T18:02:36.000Z,1
2019-12-13T18:10:51.000Z,1
2019-12-13T18:16:57.000Z,1
2019-12-13T18:17:09.000Z,2
2019-12-13T18:21:18.000Z,1
2019-12-13T18:30:35.000Z,1
2019-12-13T18:39:52.000Z,1
2019-12-13T21:00:08.000Z,1
2019-12-13T22:11:24.000Z,1
2019-12-14T07:54:19.000Z,1
2019-12-14T08:13:29.000Z,1
2019-12-14T09:09:21.000Z,1
2019-12-14T09:52:52.000Z,1
2019-12-14T09:55:35.000Z,1
2019-12-14T10:48:25.000Z,1
2019-12-14T11:01:37.000Z,1
2019-12-14T11:20:53.000Z,1
2019-12-14T12:13:55.000Z,1
2019-12-14T12:22:59.000Z,1
2019-12-14T12:27:42.000Z,1
2019-12-14T15:35:37.000Z,1
2019-12-14T15:58:24.000Z,1
2019-12-14T16:19:19.000Z,1
2019-12-14T18:07:34.000Z,1
2019-12-14T18:18:05.000Z,1
2019-12-14T18:28:24.000Z,1
2019-12-14T18:50:30.000Z,1
2019-12-14T19:26:45.000Z,1
2019-12-14T22:04:21.000Z,1
2019-12-15T01:20:27.000Z,1
2019-12-15T08:25:40.000Z,1
2019-12-15T09:20:14.000Z,1
2019-12-15T09:38:12.000Z,1
2019-12-15T10:01:05.000Z,1
2019-12-15T10:34:44.000Z,1
2019-12-15T11:54:17.000Z,1
2019-12-15T14:07:55.000Z,1
2019-12-15T15:04:28.000Z,1
2019-12-15T15:44:12.000Z,1
2019-12-15T16:13:34.000Z,1
2019-12-15T16:51:53.000Z,1
2019-12-15T17:04:38.000Z,1
2019-12-15T17:06:10.000Z,1
2019-12-15T17:56:45.000Z,1
2019-12-15T18:59:27.000Z,1
2019-12-16T06:14:48.000Z,1
2019-12-16T06:21:51.000Z,1
2019-12-16T07:27:24.000Z,1
2019-12-16T07:40:35.000Z,1
2019-12-16T07:41:19.000Z,1
2019-12-16T08:36:04.000Z,1
2019-12-16T09:27:31.000Z,1
2019-12-16T09:57:27.000Z,1
2019-12-16T11:29:19.000Z,1
2019-12-16T13:05:55.000Z,1
2019-12-16T13:15:05.000Z,1
2019-12-16T16:32:44.000Z,1
2019-12-16T16:37:34.000Z,1
2019-12-16T16:55:23.000Z,1
2019-12-16T17:01:41.000Z,1
2019-12-16T17:01:44.000Z,1
2019-12-16T17:12:47.000Z,1
2019-12-16T17:24:12.000Z,1
2019-12-16T17:51:58.000Z,1
2019-12-16T18:11:02.000Z,1
2019-12-16T20:24:08.000Z,1
2019-12-17T00:02:45.000Z,1
2019-12-17T05:57:26.000Z,1
2019-12-17T06:56:02.000Z,1
2019-12-17T07:03:42.000Z,1
2019-12-17T07:49:59.000Z,1
2019-12-17T08:38:22.000Z,1
2019-12-17T08:48:49.000Z,1
2019-12-17T09:18:02.000Z,1
2019-12-17T11:16:56.000Z,1
2019-12-17T11:20:55.000Z,1
2019-12-17T11:50:21.000Z,1
2019-12-17T12:11:13.000Z,2
2019-12-17T12:26:23.000Z,1
2019-12-17T12:54:25.000Z,1
2019-12-17T13:56:52.000Z,1
2019-12-17T14:16:05.000Z,1
2019-12-17T14:49:19.000Z,1
2019-12-17T15:35:37.000Z,1
2019-12-17T16:11:32.000Z,1
2019-12-17T16:47:35.000Z,1
2019-12-17T17:16:13.000Z,1
2019-12-17T17:19:17.000Z,1
2019-12-17T17:27:02.000Z,1
2019-12-17T17:54:09.000Z,1
2019-12-17T21:12:34.000Z,1
2019-12-17T21:30:23.000Z,1
2019-12-18T05:30:56.000Z,1
2019-12-18T05:46:17.000Z,1
2019-12-18T06:19:10.000Z,1
2019-12-18T06:48:53.000Z,1
2019-12-18T07:56:13.000Z,1
2019-12-18T08:10:25.000Z,1
2019-12-18T08:17:16.000Z,3
2019-12-18T08:30:19.000Z,1
2019-12-18T11:53:28.000Z,1
2019-12-18T12:17:24.000Z,1
2019-12-18T13:21:44.000Z,1
2019-12-18T15:06:13.000Z,1
2019-12-18T15:32:32.000Z,1
2019-12-18T16:06:12.000Z,1
2019-12-18T16:21:27.000Z,1
2019-12-18T16:42:28.000Z,1
2019-12-18T16:58:19.000Z,1
2019-12-18T17:29:28.000Z,1
2019-12-18T17:54:46.000Z,1
2019-12-18T18:23:38.000Z,1
2019-12-18T18:23:39.000Z,1
2019-12-18T19:17:08.000Z,1
2019-12-19T07:19:04.000Z,1
2019-12-19T07:43:13.000Z,2
2019-12-19T07:49:39.000Z,1
2019-12-19T07:58:43.000Z,1
2019-12-19T08:01:15.000Z,2
2019-12-19T08:17:39.000Z,1
2019-12-19T08:25:39.000Z,1
2019-12-19T08:37:04.000Z,1
2019-12-19T08:42:21.000Z,1
2019-12-19T09:42:12.000Z,1
2019-12-19T09:44:12.000Z,1
2019-12-19T11:33:45.000Z,1
2019-12-19T11:51:32.000Z,1
2019-12-19T12:16:17.000Z,1
2019-12-19T12:37:49.000Z,1
2019-12-19T13:42:37.000Z,1
2019-12-19T15:20:42.000Z,1
2019-12-19T15:38:26.000Z,1
2019-12-19T15:52:09.000Z,1
2019-12-19T16:06:39.000Z,1
2019-12-19T16:08:50.000Z,1
2019-12-19T16:32:51.000Z,1
2019-12-19T16:40:51.000Z,1
2019-12-19T16:59:59.000Z,1
2019-12-19T17:01:41.000Z,1
2019-12-19T17:15:59.000Z,1
2019-12-19T17:21:38.000Z,1
2019-12-19T17:40:54.000Z,1
2019-12-19T17:41:57.000Z,1
2019-12-19T17:43:22.000Z,1
2019-12-19T19:16:48.000Z,1
2019-12-19T19:23:28.000Z,1
2019-12-19T23:50:36.000Z,1
2019-12-20T00:52:42.000Z,1
2019-12-20T02:39:07.000Z,1
2019-12-20T06:05:07.000Z,1
2019-12-20T06:29:40.000Z,1
2019-12-20T07:05:27.000Z,1
2019-12-20T07:19:35.000Z,1
2019-12-20T07:42:48.000Z,1
2019-12-20T07:51:19.000Z,2
2019-12-20T07:54:08.000Z,1
2019-12-20T08:53:29.000Z,1
2019-12-20T08:55:09.000Z,1
2019-12-20T09:35:41.000Z,1
2019-12-20T10:38:09.000Z,1
2019-12-20T10:58:17.000Z,1
2019-12-20T11:37:58.000Z,1
2019-12-20T12:23:48.000Z,1
2019-12-20T12:26:35.000Z,1
2019-12-20T13:02:09.000Z,1
2019-12-20T13:43:47.000Z,1
2019-12-20T14:01:21.000Z,1
2019-12-20T14:43:15.000Z,1
2019-12-20T15:01:34.000Z,1
2019-12-20T15:18:10.000Z,1
2019-12-20T15:40:22.000Z,1
2019-12-20T16:37:26.000Z,1
2019-12-20T16:42:23.000Z,1
2019-12-20T16:57:02.000Z,1
2019-12-20T17:35:41.000Z,1
2019-12-20T18:02:31.000Z,2
2019-12-20T19:45:50.000Z,1
2019-12-20T20:05:18.000Z,1
2019-12-20T23:01:34.000Z,1
2019-12-21T07:40:31.000Z,1
2019-12-21T10:13:00.000Z,2
2019-12-21T10:21:02.000Z,1
2019-12-21T11:06:58.000Z,1
2019-12-21T11:54:56.000Z,1
2019-12-21T11:58:37.000Z,1
2019-12-21T14:11:07.000Z,1
2019-12-21T14:39:33.000Z,1
2019-12-21T15:56:46.000Z,1
2019-12-21T17:46:16.000Z,1
2019-12-21T17:55:12.000Z,1
2019-12-21T18:36:55.000Z,1
2019-12-21T21:15:44.000Z,1
2019-12-21T22:52:13.000Z,1
2019-12-22T05:29:56.000Z,1
2019-12-22T07:52:14.000Z,1
2019-12-22T09:39:57.000Z,1
2019-12-22T10:40:31.000Z,1
2019-12-22T10:44:53.000Z,1
2019-12-22T11:53:39.000Z,2
2019-12-22T13:25:58.000Z,1
2019-12-22T14:09:02.000Z,2
2019-12-22T14:30:44.000Z,1
2019-12-22T15:11:23.000Z,1
2019-12-22T15:39:31.000Z,1
2019-12-22T15:46:53.000Z,1
2019-12-22T16:26:55.000Z,1
2019-12-22T17:09:16.000Z,1
2019-12-22T17:57:55.000Z,1
2019-12-22T18:25:56.000Z,1
2019-12-22T19:04:11.000Z,1
2019-12-22T19:27:42.000Z,1
2019-12-22T20:21:04.000Z,1
2019-12-22T21:57:25.000Z,1
2019-12-22T22:22:08.000Z,1
2019-12-23T06:00:44.000Z,1
2019-12-23T06:53:12.000Z,1
2019-12-23T08:07:14.000Z,1
2019-12-23T08:24:36.000Z,1
2019-12-23T10:43:09.000Z,1
2019-12-23T11:14:09.000Z,1
2019-12-23T11:57:20.000Z,1
2019-12-11T15:14:56.000Z,1
2019-12-11T16:16:19.000Z,1
2019-12-11T16:46:00.000Z,1
2019-12-11T16:47:43.000Z,1
2019-12-11T16:50:09.000Z,1
2019-12-11T16:51:27.000Z,2
2019-12-11T17:23:39.000Z,1
2019-12-11T18:05:24.000Z,1
2019-12-11T20:07:20.000Z,1
2019-12-11T21:18:05.000Z,1
2019-12-12T06:50:01.000Z,1
2019-12-12T07:50:06.000Z,1
2019-12-12T08:06:30.000Z,1
2019-12-12T08:32:35.000Z,1
2019-12-12T09:04:44.000Z,2
2019-12-12T11:12:31.000Z,1
2019-12-12T12:24:47.000Z,1
2019-12-12T12:30:21.000Z,1
2019-12-12T12:35:59.000Z,1
2019-12-12T12:46:27.000Z,1
2019-12-12T14:27:03.000Z,1
2019-12-12T17:15:46.000Z,1
2019-12-12T17:16:53.000Z,2
2019-12-12T05:34:59.000Z,1
2019-12-12T06:46:32.000Z,2
2019-12-12T06:55:17.000Z,1
2019-12-12T06:55:49.000Z,1
2019-12-12T07:31:55.000Z,1
2019-12-12T07:43:56.000Z,1
2019-12-12T09:20:22.000Z,1
2019-12-12T10:29:46.000Z,1
2019-12-12T12:24:28.000Z,1
2019-12-12T13:09:43.000Z,1
2019-12-12T14:03:17.000Z,1
2019-12-12T14:12:20.000Z,1
2019-12-12T14:25:09.000Z,1
2019-12-12T15:20:16.000Z,1
2019-12-12T16:14:30.000Z,1
2019-12-12T16:25:46.000Z,1
2019-12-12T16:33:46.000Z,1
2019-12-12T16:39:44.000Z,2
2019-12-12T16:36:33.000Z,1
2019-12-12T16:44:43.000Z,1
2019-12-12T16:47:28.000Z,1
2019-12-12T17:15:42.000Z,2
2019-12-12T17:52:53.000Z,1
2019-12-12T18:09:39.000Z,1
2019-12-12T18:10:27.000Z,1
2019-12-12T18:12:10.000Z,1
2019-12-12T18:15:49.000Z,1
2019-12-12T19:03:43.000Z,1
2019-12-12T19:05:53.000Z,1
2019-12-12T19:41:48.000Z,1
2019-12-12T19:42:26.000Z,1
2019-12-12T21:13:03.000Z,1
2019-12-12T21:25:13.000Z,1
2019-12-12T22:04:43.000Z,1
2019-12-12T22:11:54.000Z,1
2019-12-13T05:32:16.000Z,1
2019-12-13T07:13:09.000Z,1
2019-12-13T07:16:25.000Z,1
2019-12-13T07:24:03.000Z,1
2019-12-13T07:27:06.000Z,1
2019-12-13T08:08:24.000Z,1
2019-12-13T08:39:19.000Z,1
2019-12-13T08:44:11.000Z,1
2019-12-13T09:20:57.000Z,1
2019-12-13T09:59:13.000Z,1
2019-12-13T10:34:13.000Z,1
2019-12-13T10:56:10.000Z,1
2019-12-13T11:45:52.000Z,1
2019-12-13T12:08:30.000Z,1
2019-12-13T12:37:51.000Z,1
2019-12-13T12:52:08.000Z,1
2019-12-13T14:55:01.000Z,1
2019-12-13T15:32:57.000Z,1
2019-12-13T15:55:40.000Z,1
2019-12-13T15:59:08.000Z,3
2019-12-13T16:27:10.000Z,1
2019-12-13T16:30:08.000Z,2
2019-12-13T16:36:53.000Z,1
2019-12-13T16:46:47.000Z,1
2019-12-13T16:47:39.000Z,1
2019-12-13T17:52:53.000Z,1
2019-12-13T17:57:43.000Z,1
2019-12-13T18:00:19.000Z,1
2019-12-13T18:08:48.000Z,1
2019-12-13T18:56:22.000Z,1
2019-12-13T19:00:54.000Z,1
2019-12-13T20:35:40.000Z,1
2019-12-13T20:54:12.000Z,1
2019-12-13T21:51:45.000Z,1
2019-12-14T08:33:43.000Z,1
2019-12-14T09:00:45.000Z,1
2019-12-14T09:54:56.000Z,1
2019-12-14T10:21:14.000Z,1
2019-12-14T11:47:28.000Z,1
2019-12-14T12:37:02.000Z,1
2019-12-14T12:49:21.000Z,1
2019-12-14T15:28:41.000Z,1
2019-12-14T16:03:27.000Z,1
2019-12-14T20:46:29.000Z,1
2019-12-15T07:49:50.000Z,1
2019-12-15T08:06:08.000Z,1
2019-12-15T08:49:53.000Z,1
2019-12-15T11:39:47.000Z,1
2019-12-15T11:54:55.000Z,1
2019-12-15T12:07:37.000Z,1
2019-12-15T14:04:44.000Z,1
2019-12-15T14:35:14.000Z,1
2019-12-15T15:01:21.000Z,1
2019-12-15T15:49:08.000Z,1
2019-12-15T16:30:43.000Z,1
2019-12-15T16:46:24.000Z,1
2019-12-15T17:35:19.000Z,1
2019-12-15T18:16:16.000Z,1
2019-12-15T21:04:28.000Z,1
2019-12-15T21:23:16.000Z,1
2019-12-15T22:31:19.000Z,1
2019-12-16T00:58:57.000Z,1
2019-12-16T04:31:40.000Z,1
2019-12-16T06:54:27.000Z,1
2019-12-16T08:04:48.000Z,1
2019-12-16T08:07:36.000Z,1
2019-12-16T08:23:55.000Z,1
2019-12-16T09:49:31.000Z,1
2019-12-16T09:51:33.000Z,1
2019-12-16T12:08:36.000Z,1
2019-12-16T12:39:40.000Z,1
2019-12-16T13:02:16.000Z,1
2019-12-16T14:12:02.000Z,1
2019-12-16T14:54:25.000Z,1
2019-12-16T15:25:03.000Z,1
2019-12-16T17:09:34.000Z,2
2019-12-16T17:23:10.000Z,1
2019-12-16T17:35:38.000Z,1
2019-12-16T17:37:10.000Z,1
2019-12-16T17:39:18.000Z,1
2019-12-16T17:54:52.000Z,1
2019-12-16T18:01:27.000Z,1
2019-12-16T18:02:15.000Z,1
2019-12-16T18:25:58.000Z,1
2019-12-16T19:06:34.000Z,1
2019-12-17T05:06:50.000Z,1
2019-12-17T06:27:02.000Z,1
2019-12-17T06:27:54.000Z,1
2019-12-17T07:35:03.000Z,1
2019-12-17T08:01:59.000Z,1
2019-12-17T08:16:14.000Z,1
2019-12-17T08:30:46.000Z,1
2019-12-17T08:41:54.000Z,1
2019-12-17T09:26:41.000Z,1
2019-12-17T09:54:57.000Z,1
2019-12-17T13:21:08.000Z,1
2019-12-17T14:05:40.000Z,1
2019-12-17T14:17:58.000Z,1
2019-12-17T14:44:35.000Z,1
2019-12-17T15:55:50.000Z,1
2019-12-17T16:33:14.000Z,1
2019-12-17T16:52:29.000Z,1
2019-12-17T17:07:20.000Z,1
2019-12-17T17:13:48.000Z,1
2019-12-17T17:26:08.000Z,1
2019-12-17T17:31:57.000Z,1
2019-12-17T17:59:08.000Z,1
2019-12-17T18:05:46.000Z,2
2019-12-17T18:05:56.000Z,1
2019-12-17T18:26:29.000Z,1
2019-12-17T18:26:51.000Z,1
2019-12-17T19:14:27.000Z,1
2019-12-17T21:21:00.000Z,1
2019-12-18T06:09:57.000Z,1
2019-12-18T07:09:07.000Z,1
2019-12-18T07:22:25.000Z,1
2019-12-18T07:33:35.000Z,1
2019-12-18T08:06:10.000Z,1
2019-12-18T08:30:12.000Z,1
2019-12-18T08:47:39.000Z,1
2019-12-18T08:51:13.000Z,1
2019-12-18T09:10:25.000Z,1
2019-12-18T10:15:17.000Z,1
2019-12-18T10:38:48.000Z,1
2019-12-18T11:24:16.000Z,1
2019-12-18T11:33:04.000Z,1
2019-12-18T12:56:48.000Z,1
2019-12-18T12:56:58.000Z,1
2019-12-18T13:24:09.000Z,1
2019-12-18T14:29:21.000Z,1
2019-12-18T14:33:41.000Z,1
2019-12-18T16:25:40.000Z,1
2019-12-18T16:32:56.000Z,1
2019-12-18T17:23:15.000Z,2
2019-12-18T17:33:07.000Z,1
2019-12-18T17:38:55.000Z,1
2019-12-18T20:03:25.000Z,1
2019-12-18T23:13:23.000Z,1
2019-12-19T05:06:58.000Z,1
2019-12-19T05:42:00.000Z,1
2019-12-19T07:47:29.000Z,1
2019-12-19T08:13:26.000Z,2
2019-12-19T08:37:12.000Z,1
2019-12-19T09:16:08.000Z,1
2019-12-19T09:40:50.000Z,1
2019-12-19T10:00:45.000Z,1
2019-12-19T11:18:09.000Z,1
2019-12-19T11:22:45.000Z,1
2019-12-19T12:21:07.000Z,1
2019-12-19T12:34:11.000Z,1
2019-12-19T12:47:23.000Z,1
2019-12-19T12:52:29.000Z,1
2019-12-19T14:00:52.000Z,1
2019-12-19T14:20:36.000Z,1
2019-12-19T14:30:32.000Z,1
2019-12-19T15:30:28.000Z,1
2019-12-19T15:43:47.000Z,1
2019-12-19T16:32:08.000Z,1
2019-12-19T17:05:30.000Z,1
2019-12-19T17:49:17.000Z,1
2019-12-19T18:03:41.000Z,1
2019-12-19T18:07:58.000Z,1
2019-12-19T18:35:06.000Z,1
2019-12-19T21:00:16.000Z,1
2019-12-19T23:15:12.000Z,1
2019-12-20T07:07:53.000Z,1
2019-12-20T07:53:24.000Z,2
2019-12-20T08:21:11.000Z,1
2019-12-20T08:32:28.000Z,1
2019-12-20T08:54:26.000Z,1
2019-12-20T09:11:18.000Z,1
2019-12-20T09:47:12.000Z,2
2019-12-20T10:03:09.000Z,1
2019-12-20T10:58:12.000Z,1
2019-12-20T13:33:08.000Z,1
2019-12-20T13:40:43.000Z,1
2019-12-20T14:50:28.000Z,1
2019-12-20T15:00:14.000Z,1
2019-12-20T16:34:05.000Z,1
2019-12-20T16:42:25.000Z,1
2019-12-20T16:52:10.000Z,1
2019-12-20T17:03:59.000Z,1
2019-12-20T17:26:15.000Z,1
2019-12-20T17:26:40.000Z,1
2019-12-20T17:36:01.000Z,1
2019-12-20T18:45:20.000Z,1
2019-12-20T18:51:50.000Z,1
2019-12-20T18:53:01.000Z,1
2019-12-20T19:00:28.000Z,1
2019-12-21T09:36:45.000Z,1
2019-12-21T10:33:30.000Z,1
2019-12-21T10:58:19.000Z,1
2019-12-21T11:27:22.000Z,1
2019-12-21T11:33:36.000Z,1
2019-12-21T12:25:06.000Z,1
2019-12-21T12:51:47.000Z,2
2019-12-21T12:57:59.000Z,1
2019-12-21T13:02:39.000Z,1
2019-12-21T14:04:40.000Z,1
2019-12-21T14:24:33.000Z,1
2019-12-21T15:12:54.000Z,1
2019-12-21T15:16:57.000Z,1
2019-12-21T16:05:16.000Z,1
2019-12-21T16:22:38.000Z,1
2019-12-21T17:57:36.000Z,1
2019-12-21T18:39:04.000Z,1
2019-12-21T19:34:13.000Z,1
2019-12-21T20:24:06.000Z,1
2019-12-21T20:43:35.000Z,1
2019-12-21T21:17:32.000Z,1
2019-12-21T23:14:02.000Z,1
2019-12-22T02:12:45.000Z,1
2019-12-22T08:21:02.000Z,1
2019-12-22T09:22:03.000Z,1
2019-12-22T11:24:33.000Z,1
2019-12-22T12:23:32.000Z,1
2019-12-22T13:36:16.000Z,2
2019-12-22T13:45:15.000Z,1
2019-12-22T13:51:00.000Z,1
2019-12-22T14:01:02.000Z,1
2019-12-22T14:10:45.000Z,1
2019-12-22T14:33:55.000Z,1
2019-12-22T14:38:41.000Z,1
2019-12-22T14:41:09.000Z,1
2019-12-22T16:20:43.000Z,1
2019-12-22T16:24:39.000Z,1
2019-12-22T17:04:31.000Z,1
2019-12-22T18:23:15.000Z,1
2019-12-22T21:40:28.000Z,1
2019-12-22T22:04:48.000Z,1
2019-12-22T22:33:41.000Z,1
2019-12-22T23:49:50.000Z,1
2019-12-23T06:58:44.000Z,1
2019-12-23T07:47:34.000Z,1
2019-12-23T08:00:21.000Z,1
2019-12-23T08:03:41.000Z,1
2019-12-23T08:44:48.000Z,1
2019-12-23T09:02:08.000Z,1
2019-12-23T09:20:46.000Z,1
2019-12-23T09:40:42.000Z,1
2019-12-23T09:48:17.000Z,1
2019-12-23T09:56:01.000Z,1
2019-12-11T13:19:19.000Z,1
2019-12-11T13:58:51.000Z,1
2019-12-11T14:17:58.000Z,1
2019-12-11T15:13:06.000Z,1
2019-12-11T15:18:34.000Z,1
2019-12-11T16:13:39.000Z,1
2019-12-11T16:43:09.000Z,1
2019-12-11T16:46:09.000Z,1
2019-12-11T17:03:40.000Z,1
2019-12-11T17:10:03.000Z,1
2019-12-11T17:27:01.000Z,1
2019-12-11T18:30:39.000Z,2
2019-12-11T19:05:28.000Z,1
2019-12-11T20:45:46.000Z,1
2019-12-11T23:16:28.000Z,1
2019-12-12T07:09:23.000Z,1
2019-12-12T08:17:19.000Z,1
2019-12-12T09:19:17.000Z,1
2019-12-12T13:36:56.000Z,1
2019-12-12T14:17:31.000Z,1
2019-12-12T17:11:55.000Z,1
2019-12-11T17:54:27.000Z,2
2019-12-11T21:17:47.000Z,1
2019-12-11T21:27:21.000Z,1
2019-12-12T07:15:54.000Z,1
2019-12-12T08:10:32.000Z,1
2019-12-12T08:22:06.000Z,2
2019-12-12T09:15:20.000Z,1
2019-12-12T09:40:31.000Z,1
2019-12-12T16:32:40.000Z,1
2019-12-12T16:42:33.000Z,1
2019-12-12T16:52:31.000Z,2
2019-12-12T16:57:29.000Z,1
2019-12-12T17:31:37.000Z,1
2019-12-12T17:36:15.000Z,1
2019-12-12T17:48:35.000Z,2
2019-12-12T18:07:11.000Z,1
2019-12-12T18:26:32.000Z,1
2019-12-12T18:42:34.000Z,1
2019-12-12T19:03:52.000Z,1
2019-12-12T20:03:21.000Z,1
2019-12-12T21:15:08.000Z,1
2019-12-13T06:07:49.000Z,1
2019-12-13T07:23:51.000Z,1
2019-12-13T07:37:20.000Z,1
2019-12-13T07:44:34.000Z,1
2019-12-13T08:08:57.000Z,1
2019-12-13T08:10:26.000Z,1
2019-12-13T08:43:19.000Z,1
2019-12-13T08:58:46.000Z,1
2019-12-13T09:02:06.000Z,1
2019-12-13T09:21:42.000Z,1
2019-12-13T09:30:22.000Z,1
2019-12-13T10:39:03.000Z,1
2019-12-13T12:41:12.000Z,1
2019-12-13T13:51:34.000Z,1
2019-12-13T15:10:40.000Z,1
2019-12-13T15:37:22.000Z,1
2019-12-13T15:52:45.000Z,1
2019-12-13T15:53:04.000Z,1
2019-12-13T16:07:28.000Z,1
2019-12-13T16:32:29.000Z,1
2019-12-13T16:52:10.000Z,1
2019-12-13T17:35:11.000Z,1
2019-12-13T18:02:05.000Z,1
2019-12-13T18:16:06.000Z,1
2019-12-13T18:46:42.000Z,1
2019-12-13T18:53:39.000Z,1
2019-12-14T00:00:26.000Z,1
2019-12-14T09:15:26.000Z,1
2019-12-14T09:39:41.000Z,1
2019-12-14T09:41:26.000Z,1
2019-12-14T10:05:03.000Z,1
2019-12-14T10:46:47.000Z,1
2019-12-14T10:55:19.000Z,1
2019-12-14T11:16:35.000Z,1
2019-12-14T12:45:01.000Z,1
2019-12-14T12:47:22.000Z,1
2019-12-14T13:06:15.000Z,1
2019-12-14T13:15:44.000Z,1
2019-12-14T14:04:53.000Z,1
2019-12-14T14:59:58.000Z,1
2019-12-14T16:08:14.000Z,1
2019-12-14T16:21:11.000Z,1
2019-12-14T17:11:29.000Z,1
2019-12-14T17:51:06.000Z,1
2019-12-14T18:16:47.000Z,1
2019-12-14T22:20:04.000Z,1
2019-12-15T00:01:19.000Z,1
2019-12-15T00:14:22.000Z,1
2019-12-15T08:52:39.000Z,1
2019-12-15T09:08:01.000Z,1
2019-12-15T09:15:37.000Z,1
2019-12-15T09:57:45.000Z,1
2019-12-15T10:19:20.000Z,1
2019-12-15T10:58:49.000Z,1
2019-12-15T15:36:05.000Z,1
2019-12-15T15:37:39.000Z,1
2019-12-15T15:42:07.000Z,1
2019-12-15T16:42:55.000Z,1
2019-12-15T17:27:38.000Z,1
2019-12-15T21:23:25.000Z,1
2019-12-15T22:31:30.000Z,1
2019-12-15T23:30:47.000Z,1
2019-12-16T05:58:41.000Z,1
2019-12-16T06:41:31.000Z,1
2019-12-16T06:53:53.000Z,1
2019-12-16T06:57:43.000Z,2
2019-12-16T08:16:05.000Z,1
2019-12-16T08:17:10.000Z,1
2019-12-16T09:05:46.000Z,1
2019-12-16T09:14:10.000Z,1
2019-12-16T09:44:34.000Z,1
2019-12-16T09:47:48.000Z,1
2019-12-16T11:24:20.000Z,1
2019-12-16T12:38:31.000Z,1
2019-12-16T12:52:02.000Z,1
2019-12-16T15:07:17.000Z,1
2019-12-16T15:08:20.000Z,1
2019-12-16T15:26:32.000Z,1
2019-12-16T15:28:56.000Z,1
2019-12-16T15:50:19.000Z,1
2019-12-16T16:30:00.000Z,1
2019-12-16T16:30:46.000Z,1
2019-12-16T17:28:50.000Z,1
2019-12-16T17:55:20.000Z,2
2019-12-16T17:58:01.000Z,1
2019-12-16T18:16:10.000Z,1
2019-12-16T18:22:53.000Z,1
2019-12-16T18:42:18.000Z,1
2019-12-16T19:01:46.000Z,1
2019-12-16T19:11:56.000Z,1
2019-12-16T19:37:59.000Z,1
2019-12-16T21:26:44.000Z,1
2019-12-16T23:31:42.000Z,1
2019-12-17T04:00:14.000Z,1
2019-12-17T07:39:39.000Z,1
2019-12-17T08:07:03.000Z,1
2019-12-17T08:38:28.000Z,1
2019-12-17T08:43:26.000Z,1
2019-12-17T08:56:06.000Z,1
2019-12-17T08:56:32.000Z,1
2019-12-17T09:30:27.000Z,1
2019-12-17T09:55:31.000Z,1
2019-12-17T11:44:21.000Z,1
2019-12-17T13:16:26.000Z,1
2019-12-17T14:07:16.000Z,1
2019-12-17T15:54:43.000Z,1
2019-12-17T16:05:43.000Z,2
2019-12-17T16:11:34.000Z,1
2019-12-17T16:41:53.000Z,2
2019-12-17T16:43:25.000Z,1
2019-12-17T17:09:27.000Z,1
2019-12-17T17:10:48.000Z,1
2019-12-17T17:21:55.000Z,2
2019-12-17T17:42:33.000Z,1
2019-12-17T17:42:46.000Z,1
2019-12-17T18:52:04.000Z,1
2019-12-17T20:25:51.000Z,1
2019-12-18T00:52:56.000Z,1
2019-12-18T07:34:04.000Z,1
2019-12-18T08:10:46.000Z,1
2019-12-18T08:26:14.000Z,1
2019-12-18T08:45:00.000Z,1
2019-12-18T08:47:49.000Z,1
2019-12-18T08:51:53.000Z,1
2019-12-18T08:59:12.000Z,1
2019-12-18T09:01:18.000Z,1
2019-12-18T11:20:36.000Z,1
2019-12-18T12:43:25.000Z,1
2019-12-18T13:21:32.000Z,1
2019-12-18T14:18:19.000Z,1
2019-12-18T14:49:51.000Z,1
2019-12-18T15:23:06.000Z,1
2019-12-18T16:10:33.000Z,1
2019-12-18T16:40:20.000Z,1
2019-12-18T17:14:44.000Z,1
2019-12-18T17:17:16.000Z,1
2019-12-18T18:47:10.000Z,1
2019-12-18T20:36:12.000Z,1
2019-12-18T23:01:04.000Z,1
2019-12-19T05:26:59.000Z,1
2019-12-19T06:07:41.000Z,1
2019-12-19T06:23:51.000Z,1
2019-12-19T07:39:49.000Z,1
2019-12-19T07:45:00.000Z,1
2019-12-19T08:38:42.000Z,1
2019-12-19T08:40:58.000Z,1
2019-12-19T08:46:20.000Z,1
2019-12-19T09:06:22.000Z,1
2019-12-19T11:57:58.000Z,1
2019-12-19T12:00:59.000Z,1
2019-12-19T12:50:48.000Z,1
2019-12-19T13:48:52.000Z,1
2019-12-19T15:01:03.000Z,1
2019-12-19T15:13:00.000Z,1
2019-12-19T15:27:43.000Z,1
2019-12-19T16:15:01.000Z,1
2019-12-19T16:19:39.000Z,1
2019-12-19T17:27:55.000Z,1
2019-12-19T17:30:17.000Z,1
2019-12-19T17:33:36.000Z,1
2019-12-19T17:47:36.000Z,2
2019-12-19T18:46:08.000Z,1
2019-12-19T19:01:55.000Z,1
2019-12-19T19:08:34.000Z,1
2019-12-19T19:13:15.000Z,1
2019-12-19T19:23:13.000Z,1
2019-12-19T19:37:30.000Z,1
2019-12-19T20:26:22.000Z,1
2019-12-19T23:59:13.000Z,1
2019-12-20T06:18:01.000Z,1
2019-12-20T06:22:33.000Z,1
2019-12-20T06:23:50.000Z,1
2019-12-20T06:48:26.000Z,1
2019-12-20T07:44:55.000Z,1
2019-12-20T07:50:42.000Z,2
2019-12-20T08:07:17.000Z,1
2019-12-20T08:50:19.000Z,1
2019-12-20T08:56:25.000Z,1
2019-12-20T09:04:00.000Z,1
2019-12-20T09:14:13.000Z,1
2019-12-20T10:36:31.000Z,1
2019-12-20T11:27:28.000Z,1
2019-12-20T12:14:20.000Z,1
2019-12-20T12:20:27.000Z,1
2019-12-20T12:48:08.000Z,1
2019-12-20T13:28:30.000Z,1
2019-12-20T14:16:44.000Z,1
2019-12-20T14:24:53.000Z,1
2019-12-20T16:14:31.000Z,1
2019-12-20T16:55:31.000Z,1
2019-12-20T17:17:27.000Z,1
2019-12-20T17:22:54.000Z,1
2019-12-20T17:34:11.000Z,1
2019-12-20T17:38:27.000Z,1
2019-12-20T17:53:35.000Z,1
2019-12-20T18:46:54.000Z,1
2019-12-20T18:58:23.000Z,1
2019-12-20T19:13:10.000Z,1
2019-12-20T19:35:56.000Z,1
2019-12-20T20:24:47.000Z,1
2019-12-21T00:09:13.000Z,1
2019-12-21T08:02:59.000Z,1
2019-12-21T11:27:45.000Z,1
2019-12-21T12:04:49.000Z,1
2019-12-21T13:09:47.000Z,1
2019-12-21T13:23:29.000Z,1
2019-12-21T13:42:01.000Z,1
2019-12-21T14:49:04.000Z,1
2019-12-21T15:50:38.000Z,1
2019-12-21T16:51:38.000Z,1
2019-12-21T16:56:46.000Z,1
2019-12-21T17:01:20.000Z,1
2019-12-21T17:56:45.000Z,1
2019-12-21T22:08:11.000Z,1
2019-12-21T23:30:13.000Z,1
2019-12-22T08:48:46.000Z,1
2019-12-22T09:21:52.000Z,1
2019-12-22T09:38:35.000Z,1
2019-12-22T09:45:35.000Z,1
2019-12-22T09:55:14.000Z,1
2019-12-22T11:45:34.000Z,1
2019-12-22T12:04:53.000Z,1
2019-12-22T12:23:18.000Z,1
2019-12-22T13:08:59.000Z,1
2019-12-22T15:02:09.000Z,1
2019-12-22T15:27:25.000Z,1
2019-12-22T16:02:27.000Z,1
2019-12-22T16:19:03.000Z,1
2019-12-22T16:46:44.000Z,1
2019-12-22T16:54:13.000Z,1
2019-12-22T17:17:55.000Z,1
2019-12-22T19:55:34.000Z,1
2019-12-22T21:22:54.000Z,1
2019-12-23T02:47:11.000Z,1
2019-12-23T06:42:01.000Z,1
2019-12-23T08:03:17.000Z,1
2019-12-23T08:14:44.000Z,1
2019-12-23T08:46:00.000Z,1
2019-12-23T10:30:39.000Z,1
2019-12-23T12:17:25.000Z,1
2019-12-23T12:19:19.000Z,1
2019-12-11T13:28:22.000Z,1
2019-12-11T16:08:23.000Z,1
2019-12-11T16:23:29.000Z,1
2019-12-11T16:54:56.000Z,1
2019-12-11T18:04:30.000Z,1
2019-12-11T18:35:42.000Z,1
2019-12-11T18:40:34.000Z,1
2019-12-11T20:38:31.000Z,1
2019-12-11T23:44:05.000Z,1
2019-12-12T06:40:17.000Z,1
2019-12-12T07:32:44.000Z,1
2019-12-12T08:24:59.000Z,1
2019-12-12T11:38:49.000Z,1
2019-12-11T18:54:45.000Z,1
2019-12-12T05:44:19.000Z,1
2019-12-12T07:05:27.000Z,1
2019-12-12T07:24:38.000Z,1
2019-12-12T07:30:47.000Z,1
2019-12-12T08:20:23.000Z,2
2019-12-12T08:27:39.000Z,1
2019-12-12T08:55:47.000Z,1
2019-12-12T09:16:33.000Z,1
2019-12-12T09:20:47.000Z,1
2019-12-12T11:38:23.000Z,1
2019-12-12T13:42:44.000Z,1
2019-12-12T15:54:40.000Z,1
2019-12-12T16:16:18.000Z,1
2019-12-12T16:32:31.000Z,1
2019-12-12T16:40:13.000Z,2
2019-12-12T16:53:16.000Z,1
2019-12-12T17:04:35.000Z,1
2019-12-12T17:13:50.000Z,1
2019-12-12T17:25:57.000Z,1
2019-12-12T17:31:55.000Z,1
2019-12-12T18:04:11.000Z,1
2019-12-12T19:01:48.000Z,1
2019-12-12T19:10:10.000Z,1
2019-12-12T19:35:11.000Z,2
2019-12-12T22:25:50.000Z,1
2019-12-12T23:27:17.000Z,1
2019-12-13T00:58:04.000Z,1
2019-12-13T04:02:01.000Z,1
2019-12-13T05:16:54.000Z,1
2019-12-13T06:45:07.000Z,2
2019-12-13T06:50:02.000Z,1
2019-12-13T07:09:59.000Z,1
2019-12-13T07:10:01.000Z,1
2019-12-13T07:26:33.000Z,2
2019-12-13T07:40:41.000Z,1
2019-12-13T07:47:41.000Z,2
2019-12-13T07:58:09.000Z,1
2019-12-13T08:04:59.000Z,1
2019-12-13T08:35:00.000Z,1
2019-12-13T08:45:15.000Z,1
2019-12-13T08:57:51.000Z,1
2019-12-13T10:16:19.000Z,1
2019-12-13T11:51:24.000Z,1
2019-12-13T12:55:26.000Z,1
2019-12-13T13:34:15.000Z,1
2019-12-13T13:36:12.000Z,1
2019-12-13T14:01:55.000Z,1
2019-12-13T14:26:08.000Z,1
2019-12-13T14:34:29.000Z,1
2019-12-13T15:40:18.000Z,1
2019-12-13T16:23:15.000Z,1
2019-12-13T16:29:31.000Z,2
2019-12-13T17:23:14.000Z,2
2019-12-13T17:34:17.000Z,1
2019-12-13T17:43:51.000Z,1
2019-12-13T17:48:07.000Z,1
2019-12-13T17:59:59.000Z,1
2019-12-13T21:52:42.000Z,1
2019-12-13T23:17:48.000Z,1
2019-12-14T00:39:14.000Z,1
2019-12-14T02:23:12.000Z,1
2019-12-14T02:27:49.000Z,1
2019-12-14T08:53:25.000Z,1
2019-12-14T09:21:01.000Z,1
2019-12-14T09:33:45.000Z,1
2019-12-14T11:00:42.000Z,1
2019-12-14T11:15:46.000Z,1
2019-12-14T17:14:49.000Z,1
2019-12-14T17:14:50.000Z,1
2019-12-14T19:26:56.000Z,1
2019-12-14T21:25:24.000Z,1
2019-12-15T08:17:40.000Z,1
2019-12-15T12:15:53.000Z,1
2019-12-15T12:59:34.000Z,1
2019-12-15T13:45:20.000Z,1
2019-12-15T15:29:29.000Z,1
2019-12-15T15:45:51.000Z,1
2019-12-15T16:09:36.000Z,1
2019-12-15T17:56:07.000Z,1
2019-12-15T19:12:59.000Z,1
2019-12-15T19:24:45.000Z,1
2019-12-15T20:01:51.000Z,1
2019-12-15T21:50:26.000Z,1
2019-12-16T01:13:19.000Z,1
2019-12-16T05:30:40.000Z,1
2019-12-16T06:48:05.000Z,1
2019-12-16T08:32:05.000Z,1
2019-12-16T08:37:28.000Z,1
2019-12-16T10:30:44.000Z,1
2019-12-16T10:54:16.000Z,1
2019-12-16T11:55:55.000Z,1
2019-12-16T16:39:31.000Z,1
2019-12-16T16:51:12.000Z,1
2019-12-16T17:12:32.000Z,1
2019-12-16T17:24:06.000Z,1
2019-12-16T17:27:04.000Z,1
2019-12-16T17:39:26.000Z,1
2019-12-16T18:07:41.000Z,1
2019-12-16T20:13:34.000Z,1
2019-12-16T20:31:19.000Z,1
2019-12-16T21:16:23.000Z,1
2019-12-16T22:25:24.000Z,1
2019-12-17T07:57:00.000Z,1
2019-12-17T08:07:36.000Z,1
2019-12-17T08:21:30.000Z,1
2019-12-17T08:23:17.000Z,1
2019-12-17T08:26:24.000Z,1
2019-12-17T08:54:11.000Z,1
2019-12-17T09:01:27.000Z,1
2019-12-17T09:01:40.000Z,1
2019-12-17T09:02:00.000Z,1
2019-12-17T10:04:22.000Z,1
2019-12-17T12:08:30.000Z,1
2019-12-17T12:59:47.000Z,1
2019-12-17T14:43:46.000Z,2
2019-12-17T15:41:23.000Z,1
2019-12-17T16:39:46.000Z,1
2019-12-17T16:41:56.000Z,2
2019-12-17T16:50:29.000Z,1
2019-12-17T17:29:10.000Z,2
2019-12-17T17:30:39.000Z,1
2019-12-17T18:05:08.000Z,1
2019-12-17T18:10:00.000Z,1
2019-12-17T19:25:48.000Z,1
2019-12-17T19:35:09.000Z,1
2019-12-17T21:02:11.000Z,1
2019-12-18T07:43:49.000Z,1
2019-12-18T07:51:32.000Z,1
2019-12-18T08:39:57.000Z,1
2019-12-18T08:52:36.000Z,1
2019-12-18T09:00:14.000Z,1
2019-12-18T09:13:39.000Z,1
2019-12-18T09:16:12.000Z,1
2019-12-18T09:46:14.000Z,1
2019-12-18T10:49:01.000Z,1
2019-12-18T12:06:45.000Z,1
2019-12-18T12:20:07.000Z,1
2019-12-18T12:53:19.000Z,1
2019-12-18T14:39:42.000Z,1
2019-12-18T14:40:14.000Z,1
2019-12-18T16:01:29.000Z,1
2019-12-18T16:05:28.000Z,1
2019-12-18T16:50:04.000Z,2
2019-12-18T17:05:05.000Z,1
2019-12-18T17:12:14.000Z,1
2019-12-18T17:16:40.000Z,1
2019-12-18T17:22:30.000Z,1
2019-12-18T17:29:05.000Z,1
2019-12-18T17:32:09.000Z,1
2019-12-18T17:59:39.000Z,1
2019-12-18T19:16:14.000Z,1
2019-12-18T19:54:50.000Z,1
2019-12-18T20:56:37.000Z,1
2019-12-18T21:35:30.000Z,1
2019-12-19T06:34:50.000Z,1
2019-12-19T07:13:37.000Z,1
2019-12-19T07:38:53.000Z,1
2019-12-19T08:03:33.000Z,1
2019-12-19T08:52:43.000Z,1
2019-12-19T11:35:39.000Z,1
2019-12-19T11:40:43.000Z,1
2019-12-19T11:51:15.000Z,1
2019-12-19T12:50:11.000Z,1
2019-12-19T14:19:53.000Z,1
2019-12-19T14:50:08.000Z,1
2019-12-19T15:00:46.000Z,1
2019-12-19T15:47:17.000Z,1
2019-12-19T16:08:28.000Z,1
2019-12-19T16:37:22.000Z,1
2019-12-19T17:21:05.000Z,1
2019-12-19T18:06:10.000Z,1
2019-12-19T18:24:28.000Z,1
2019-12-19T18:25:14.000Z,1
2019-12-19T18:39:28.000Z,1
2019-12-19T18:49:52.000Z,1
2019-12-19T19:11:30.000Z,1
2019-12-19T19:12:48.000Z,1
2019-12-19T20:32:41.000Z,1
2019-12-19T21:29:47.000Z,1
2019-12-20T07:46:52.000Z,1
2019-12-20T07:55:34.000Z,1
2019-12-20T08:15:19.000Z,1
2019-12-20T08:16:08.000Z,1
2019-12-20T08:20:11.000Z,1
2019-12-20T08:29:11.000Z,1
2019-12-20T08:30:17.000Z,1
2019-12-20T08:58:23.000Z,1
2019-12-20T09:08:31.000Z,1
2019-12-20T09:32:56.000Z,1
2019-12-20T10:45:19.000Z,1
2019-12-20T13:29:25.000Z,1
2019-12-20T13:50:38.000Z,1
2019-12-20T14:11:23.000Z,1
2019-12-20T15:44:41.000Z,1
2019-12-20T16:12:53.000Z,1
2019-12-20T16:21:42.000Z,1
2019-12-20T16:58:07.000Z,1
2019-12-20T17:16:58.000Z,1
2019-12-20T17:21:49.000Z,1
2019-12-20T17:25:30.000Z,1
2019-12-20T17:41:57.000Z,1
2019-12-20T20:21:56.000Z,1
2019-12-20T20:24:10.000Z,1
2019-12-20T22:31:29.000Z,1
2019-12-21T07:37:54.000Z,1
2019-12-21T10:13:10.000Z,1
2019-12-21T11:23:01.000Z,1
2019-12-21T11:25:04.000Z,1
2019-12-21T11:54:42.000Z,1
2019-12-21T13:03:10.000Z,1
2019-12-21T13:10:23.000Z,1
2019-12-21T14:20:22.000Z,2
2019-12-21T14:20:17.000Z,1
2019-12-21T14:52:12.000Z,1
2019-12-21T15:39:50.000Z,1
2019-12-21T16:12:24.000Z,1
2019-12-21T17:22:15.000Z,1
2019-12-21T17:32:57.000Z,1
2019-12-21T21:09:58.000Z,1
2019-12-21T21:21:38.000Z,1
2019-12-22T06:40:11.000Z,1
2019-12-22T06:52:55.000Z,1
2019-12-22T07:43:38.000Z,1
2019-12-22T07:52:04.000Z,1
2019-12-22T08:48:24.000Z,1
2019-12-22T09:56:16.000Z,1
2019-12-22T11:18:30.000Z,1
2019-12-22T11:24:38.000Z,2
2019-12-22T11:34:51.000Z,1
2019-12-22T12:23:13.000Z,1
2019-12-22T12:29:19.000Z,1
2019-12-22T13:32:04.000Z,1
2019-12-22T14:00:51.000Z,1
2019-12-22T14:45:17.000Z,1
2019-12-22T15:27:12.000Z,1
2019-12-22T15:43:19.000Z,1
2019-12-22T15:47:56.000Z,1
2019-12-22T15:50:15.000Z,1
2019-12-22T16:03:13.000Z,1
2019-12-22T16:11:24.000Z,1
2019-12-22T16:37:10.000Z,1
2019-12-22T17:47:12.000Z,1
2019-12-22T19:10:00.000Z,1
2019-12-23T07:44:02.000Z,1
2019-12-23T08:26:52.000Z,1
2019-12-23T09:44:29.000Z,1
2019-12-23T10:12:29.000Z,1
2019-12-23T11:30:09.000Z,1
2019-12-11T13:53:28.000Z,1
2019-12-11T15:10:02.000Z,1
2019-12-11T15:11:19.000Z,1
2019-12-11T17:00:34.000Z,1
2019-12-11T17:26:31.000Z,1
2019-12-11T17:40:21.000Z,1
2019-12-11T17:49:38.000Z,1
2019-12-11T17:52:03.000Z,1
2019-12-11T18:02:45.000Z,1
2019-12-11T18:22:45.000Z,1
2019-12-11T18:24:18.000Z,1
2019-12-11T19:15:44.000Z,1
2019-12-11T20:18:17.000Z,1
2019-12-12T07:31:44.000Z,1
2019-12-12T07:38:24.000Z,1
2019-12-12T08:05:02.000Z,1
2019-12-12T08:15:02.000Z,1
2019-12-12T12:14:54.000Z,1
2019-12-12T14:55:02.000Z,1
2019-12-12T15:42:59.000Z,1
2019-12-12T19:03:58.000Z,1
2019-12-13T06:34:14.000Z,1
2019-12-13T17:59:18.000Z,1
2019-12-11T16:37:19.000Z,1
2019-12-11T17:18:43.000Z,1
2019-12-11T21:00:43.000Z,1
2019-12-12T06:34:30.000Z,1
2019-12-12T07:32:38.000Z,1
2019-12-12T07:45:13.000Z,1
2019-12-12T08:09:23.000Z,1
2019-12-12T08:23:48.000Z,1
2019-12-12T08:36:02.000Z,1
2019-12-12T08:43:59.000Z,1
2019-12-12T08:56:41.000Z,2
2019-12-12T09:03:43.000Z,2
2019-12-12T09:14:20.000Z,1
2019-12-12T10:04:39.000Z,1
2019-12-12T10:11:37.000Z,1
2019-12-12T11:22:44.000Z,1
2019-12-12T12:03:56.000Z,1
2019-12-12T12:18:29.000Z,1
2019-12-12T13:22:11.000Z,1
2019-12-12T15:39:27.000Z,2
2019-12-12T16:01:33.000Z,1
2019-12-12T16:02:37.000Z,1
2019-12-12T16:22:00.000Z,1
2019-12-12T16:26:59.000Z,1
2019-12-12T16:42:38.000Z,1
2019-12-12T16:59:53.000Z,1
2019-12-12T17:34:25.000Z,1
2019-12-12T17:50:25.000Z,1
2019-12-12T17:59:33.000Z,1
2019-12-12T18:17:42.000Z,1
2019-12-12T18:43:29.000Z,1
2019-12-12T18:43:57.000Z,1
2019-12-12T18:50:21.000Z,1
2019-12-12T20:01:41.000Z,1
2019-12-12T20:42:57.000Z,1
2019-12-12T21:05:16.000Z,1
2019-12-12T21:43:50.000Z,1
2019-12-12T22:39:39.000Z,1
2019-12-13T06:02:08.000Z,1
2019-12-13T07:13:10.000Z,1
2019-12-13T08:12:25.000Z,2
2019-12-13T08:16:54.000Z,1
2019-12-13T08:48:46.000Z,1
2019-12-13T09:00:51.000Z,1
2019-12-13T09:04:15.000Z,1
2019-12-13T09:09:48.000Z,1
2019-12-13T09:15:45.000Z,1
2019-12-13T09:26:52.000Z,2
2019-12-13T09:34:29.000Z,1
2019-12-13T10:16:10.000Z,1
2019-12-13T10:21:47.000Z,1
2019-12-13T12:06:25.000Z,1
2019-12-13T12:07:29.000Z,1
2019-12-13T12:49:58.000Z,1
2019-12-13T14:21:14.000Z,1
2019-12-13T14:28:00.000Z,1
2019-12-13T14:34:35.000Z,1
2019-12-13T15:36:53.000Z,1
2019-12-13T15:46:21.000Z,1
2019-12-13T16:18:52.000Z,1
2019-12-13T16:23:10.000Z,1
2019-12-13T16:32:05.000Z,1
2019-12-13T16:45:56.000Z,1
2019-12-13T17:28:10.000Z,1
2019-12-13T17:28:36.000Z,1
2019-12-13T17:48:50.000Z,1
2019-12-13T17:49:43.000Z,1
2019-12-13T17:55:55.000Z,2
2019-12-13T18:20:08.000Z,1
2019-12-13T18:31:58.000Z,1
2019-12-13T18:37:46.000Z,1
2019-12-13T18:44:19.000Z,1
2019-12-13T18:51:28.000Z,1
2019-12-13T19:24:02.000Z,1
2019-12-13T19:50:01.000Z,1
2019-12-13T20:26:13.000Z,1
2019-12-13T21:07:12.000Z,1
2019-12-13T21:08:19.000Z,1
2019-12-13T21:17:54.000Z,1
2019-12-13T21:54:44.000Z,1
2019-12-14T02:05:24.000Z,1
2019-12-14T04:06:24.000Z,1
2019-12-14T07:48:35.000Z,1
2019-12-14T09:41:50.000Z,2
2019-12-14T10:23:11.000Z,1
2019-12-14T10:54:54.000Z,1
2019-12-14T11:13:21.000Z,1
2019-12-14T11:31:30.000Z,2
2019-12-14T12:48:35.000Z,1
2019-12-14T13:20:14.000Z,1
2019-12-14T13:31:00.000Z,1
2019-12-14T14:12:22.000Z,1
2019-12-14T16:24:57.000Z,1
2019-12-14T17:09:31.000Z,1
2019-12-14T17:36:54.000Z,1
2019-12-14T17:47:17.000Z,1
2019-12-14T19:48:18.000Z,1
2019-12-14T21:41:19.000Z,1
2019-12-15T01:31:47.000Z,1
2019-12-15T02:01:14.000Z,1
2019-12-15T07:15:38.000Z,1
2019-12-15T10:11:00.000Z,1
2019-12-15T10:47:29.000Z,1
2019-12-15T11:05:56.000Z,2
2019-12-15T12:21:44.000Z,1
2019-12-15T13:34:07.000Z,1
2019-12-15T13:37:33.000Z,1
2019-12-15T13:38:11.000Z,1
2019-12-15T13:42:22.000Z,1
2019-12-15T13:56:48.000Z,1
2019-12-15T16:36:58.000Z,1
2019-12-15T17:01:58.000Z,1
2019-12-15T20:31:22.000Z,1
2019-12-16T06:47:23.000Z,1
2019-12-16T07:08:12.000Z,2
2019-12-16T07:39:25.000Z,1
2019-12-16T07:42:55.000Z,1
2019-12-16T07:49:31.000Z,2
2019-12-16T08:06:28.000Z,1
2019-12-16T08:23:05.000Z,1
2019-12-16T08:33:20.000Z,1
2019-12-16T08:42:25.000Z,1
2019-12-16T09:08:26.000Z,1
2019-12-16T11:57:14.000Z,1
2019-12-16T12:08:54.000Z,1
2019-12-16T16:01:42.000Z,1
2019-12-16T16:26:07.000Z,1
2019-12-16T17:33:05.000Z,1
2019-12-16T17:44:04.000Z,1
2019-12-16T18:14:33.000Z,1
2019-12-16T18:21:43.000Z,1
2019-12-16T19:09:25.000Z,1
2019-12-16T20:41:17.000Z,1
2019-12-16T20:52:59.000Z,1
2019-12-17T07:32:36.000Z,1
2019-12-17T07:36:37.000Z,1
2019-12-17T07:51:30.000Z,1
2019-12-17T08:21:51.000Z,2
2019-12-17T08:50:45.000Z,1
2019-12-17T09:12:49.000Z,1
2019-12-17T09:58:06.000Z,1
2019-12-17T10:10:09.000Z,1
2019-12-17T11:08:50.000Z,1
2019-12-17T11:25:26.000Z,1
2019-12-17T11:29:38.000Z,1
2019-12-17T12:38:50.000Z,1
2019-12-17T12:47:15.000Z,1
2019-12-17T14:20:37.000Z,1
2019-12-17T15:16:28.000Z,1
2019-12-17T16:33:30.000Z,1
2019-12-17T16:39:03.000Z,1
2019-12-17T16:42:06.000Z,1
2019-12-17T16:57:50.000Z,1
2019-12-17T16:59:46.000Z,2
2019-12-17T17:12:55.000Z,1
2019-12-17T17:18:29.000Z,1
2019-12-17T17:41:44.000Z,1
2019-12-17T17:45:21.000Z,1
2019-12-17T17:46:15.000Z,1
2019-12-17T17:53:19.000Z,1
2019-12-17T17:56:43.000Z,1
2019-12-17T18:02:34.000Z,1
2019-12-17T18:33:25.000Z,1
2019-12-17T22:36:15.000Z,1
2019-12-18T06:01:33.000Z,1
2019-12-18T07:12:52.000Z,1
2019-12-18T07:51:16.000Z,1
2019-12-18T08:03:10.000Z,1
2019-12-18T08:10:44.000Z,1
2019-12-18T08:21:23.000Z,1
2019-12-18T08:44:04.000Z,1
2019-12-18T08:58:54.000Z,1
2019-12-18T09:07:19.000Z,1
2019-12-18T09:15:33.000Z,1
2019-12-18T09:23:10.000Z,1
2019-12-18T10:00:12.000Z,1
2019-12-18T14:33:34.000Z,1
2019-12-18T14:49:42.000Z,1
2019-12-18T15:18:43.000Z,1
2019-12-18T15:23:42.000Z,1
2019-12-18T15:37:22.000Z,1
2019-12-18T16:26:09.000Z,1
2019-12-18T16:40:14.000Z,1
2019-12-18T16:48:38.000Z,1
2019-12-18T16:55:04.000Z,1
2019-12-18T16:58:13.000Z,1
2019-12-18T17:03:50.000Z,1
2019-12-18T17:21:47.000Z,1
2019-12-18T17:23:02.000Z,1
2019-12-18T17:40:16.000Z,1
2019-12-18T17:47:30.000Z,1
2019-12-18T17:48:48.000Z,1
2019-12-18T17:49:53.000Z,1
2019-12-18T19:05:07.000Z,1
2019-12-18T19:59:42.000Z,1
2019-12-18T20:03:12.000Z,1
2019-12-18T20:27:17.000Z,1
2019-12-18T21:46:41.000Z,1
2019-12-18T23:18:22.000Z,1
2019-12-19T05:41:16.000Z,1
2019-12-19T06:49:21.000Z,1
2019-12-19T07:29:24.000Z,1
2019-12-19T07:33:28.000Z,1
2019-12-19T08:03:07.000Z,1
2019-12-19T08:03:58.000Z,1
2019-12-19T08:28:44.000Z,2
2019-12-19T08:55:27.000Z,1
2019-12-19T08:57:12.000Z,1
2019-12-19T09:13:38.000Z,2
2019-12-19T09:47:25.000Z,1
2019-12-19T10:58:28.000Z,1
2019-12-19T12:16:38.000Z,1
2019-12-19T15:53:44.000Z,1
2019-12-19T16:08:29.000Z,1
2019-12-19T16:18:20.000Z,1
2019-12-19T16:22:40.000Z,1
2019-12-19T16:31:18.000Z,1
2019-12-19T17:02:01.000Z,1
2019-12-19T17:14:00.000Z,1
2019-12-19T17:18:10.000Z,1
2019-12-19T17:31:33.000Z,2
2019-12-19T17:38:58.000Z,1
2019-12-19T17:45:49.000Z,1
2019-12-19T17:49:23.000Z,1
2019-12-19T18:09:11.000Z,1
2019-12-19T18:09:25.000Z,1
2019-12-19T18:23:32.000Z,1
2019-12-19T18:32:50.000Z,1
2019-12-19T18:33:59.000Z,1
2019-12-19T19:13:23.000Z,1
2019-12-19T19:56:05.000Z,1
2019-12-19T20:06:01.000Z,1
2019-12-19T20:22:35.000Z,1
2019-12-20T06:02:17.000Z,1
2019-12-20T07:00:21.000Z,1
2019-12-20T07:13:34.000Z,1
2019-12-20T07:58:26.000Z,1
2019-12-20T08:07:43.000Z,1
2019-12-20T08:11:01.000Z,1
2019-12-20T08:15:05.000Z,1
2019-12-20T08:17:06.000Z,1
2019-12-20T08:42:14.000Z,1
2019-12-20T09:01:37.000Z,1
2019-12-20T09:10:35.000Z,1
2019-12-20T09:18:05.000Z,1
2019-12-20T09:45:15.000Z,1
2019-12-20T12:29:19.000Z,1
2019-12-20T12:55:38.000Z,1
2019-12-20T13:00:30.000Z,2
2019-12-20T13:07:36.000Z,1
2019-12-20T13:36:06.000Z,1
2019-12-20T13:51:40.000Z,1
2019-12-20T14:34:33.000Z,1
2019-12-20T15:30:14.000Z,1
2019-12-20T16:18:30.000Z,1
2019-12-20T16:32:51.000Z,1
2019-12-20T16:43:11.000Z,1
2019-12-20T17:24:54.000Z,1
2019-12-20T17:56:47.000Z,1
2019-12-20T18:17:29.000Z,1
2019-12-20T18:30:18.000Z,1
2019-12-20T19:04:44.000Z,1
2019-12-20T19:23:54.000Z,1
2019-12-20T22:05:41.000Z,1
2019-12-21T01:45:45.000Z,1
2019-12-21T05:55:34.000Z,1
2019-12-21T08:56:24.000Z,1
2019-12-21T10:17:23.000Z,1
2019-12-21T12:09:58.000Z,1
2019-12-21T12:37:39.000Z,1
2019-12-21T13:56:35.000Z,1
2019-12-21T15:27:54.000Z,2
2019-12-21T15:58:27.000Z,1
2019-12-21T16:27:15.000Z,2
2019-12-21T16:46:49.000Z,1
2019-12-21T16:59:47.000Z,1
2019-12-21T17:05:34.000Z,1
2019-12-21T18:15:49.000Z,1
2019-12-21T18:39:39.000Z,1
2019-12-21T18:58:44.000Z,1
2019-12-21T19:09:17.000Z,1
2019-12-21T20:14:11.000Z,1
2019-12-22T09:17:14.000Z,1
2019-12-22T10:05:03.000Z,1
2019-12-22T10:10:43.000Z,1
2019-12-22T11:26:26.000Z,1
2019-12-22T11:34:50.000Z,1
2019-12-22T12:39:34.000Z,1
2019-12-22T13:55:49.000Z,1
2019-12-22T14:14:10.000Z,1
2019-12-22T14:15:53.000Z,1
2019-12-22T14:28:52.000Z,1
2019-12-22T14:31:30.000Z,1
2019-12-22T14:39:35.000Z,1
2019-12-22T15:29:05.000Z,1
2019-12-22T15:37:52.000Z,1
2019-12-22T16:16:33.000Z,1
2019-12-22T17:12:34.000Z,1
2019-12-22T17:29:03.000Z,1
2019-12-22T19:13:58.000Z,1
2019-12-22T22:21:03.000Z,1
2019-12-23T06:04:07.000Z,1
2019-12-23T06:32:21.000Z,1
2019-12-23T07:15:01.000Z,1
2019-12-23T07:16:48.000Z,1
2019-12-23T10:15:26.000Z,1
2019-12-23T10:50:08.000Z,1
2019-12-23T11:58:47.000Z,1
2019-12-11T14:46:05.000Z,1
2019-12-11T16:33:34.000Z,1
2019-12-11T17:02:35.000Z,1
2019-12-11T17:03:58.000Z,1
2019-12-11T17:50:53.000Z,1
2019-12-11T17:51:23.000Z,1
2019-12-11T18:13:55.000Z,1
2019-12-11T20:45:20.000Z,1
2019-12-12T07:01:44.000Z,1
2019-12-12T07:20:27.000Z,1
2019-12-12T07:40:37.000Z,1
2019-12-12T07:52:20.000Z,1
2019-12-12T08:35:02.000Z,1
2019-12-12T09:14:50.000Z,1
2019-12-12T09:27:17.000Z,1
2019-12-12T10:10:49.000Z,1
2019-12-12T11:52:51.000Z,1
2019-12-11T17:18:01.000Z,1
2019-12-11T19:02:32.000Z,1
2019-12-11T19:19:14.000Z,1
2019-12-11T23:50:56.000Z,1
2019-12-12T07:09:37.000Z,1
2019-12-12T08:01:56.000Z,1
2019-12-12T08:30:35.000Z,1
2019-12-12T09:21:26.000Z,1
2019-12-12T12:04:11.000Z,1
2019-12-12T12:30:36.000Z,1
2019-12-12T13:55:31.000Z,1
2019-12-12T15:27:22.000Z,1
2019-12-12T15:50:10.000Z,1
2019-12-12T17:08:44.000Z,3
2019-12-12T17:13:00.000Z,1
2019-12-12T17:20:04.000Z,1
2019-12-12T17:41:04.000Z,1
2019-12-12T20:32:14.000Z,1
2019-12-12T20:43:37.000Z,1
2019-12-13T05:40:05.000Z,1
2019-12-13T06:17:45.000Z,1
2019-12-13T06:23:40.000Z,1
2019-12-13T06:26:24.000Z,1
2019-12-13T07:26:22.000Z,1
2019-12-13T07:28:59.000Z,1
2019-12-13T07:40:35.000Z,1
2019-12-13T07:48:17.000Z,1
2019-12-13T07:56:57.000Z,1
2019-12-13T08:50:36.000Z,1
2019-12-13T08:59:38.000Z,1
2019-12-13T10:32:27.000Z,1
2019-12-13T11:49:52.000Z,1
2019-12-13T12:24:18.000Z,1
2019-12-13T12:30:45.000Z,1
2019-12-13T13:12:56.000Z,1
2019-12-13T13:49:34.000Z,1
2019-12-13T14:08:36.000Z,1
2019-12-13T15:21:23.000Z,1
2019-12-13T15:41:39.000Z,1
2019-12-13T15:41:40.000Z,1
2019-12-13T16:10:50.000Z,1
2019-12-13T16:46:42.000Z,1
2019-12-13T17:06:53.000Z,1
2019-12-13T17:19:18.000Z,1
2019-12-13T17:40:47.000Z,1
2019-12-13T18:32:20.000Z,2
2019-12-13T19:30:43.000Z,1
2019-12-13T20:07:18.000Z,1
2019-12-14T01:50:29.000Z,1
2019-12-14T08:10:15.000Z,1
2019-12-14T09:14:33.000Z,1
2019-12-14T10:21:57.000Z,1
2019-12-14T10:49:19.000Z,1
2019-12-14T13:28:22.000Z,1
2019-12-14T13:28:47.000Z,1
2019-12-14T13:35:08.000Z,1
2019-12-14T16:16:21.000Z,1
2019-12-14T19:09:29.000Z,1
2019-12-14T19:26:41.000Z,1
2019-12-15T01:32:42.000Z,1
2019-12-15T06:07:31.000Z,1
2019-12-15T10:41:34.000Z,1
2019-12-15T10:42:53.000Z,2
2019-12-15T11:11:26.000Z,1
2019-12-15T11:23:45.000Z,1
2019-12-15T12:12:20.000Z,1
2019-12-15T12:58:25.000Z,1
2019-12-15T13:00:46.000Z,1
2019-12-15T13:01:38.000Z,1
2019-12-15T15:32:49.000Z,1
2019-12-15T15:43:42.000Z,1
2019-12-15T16:31:08.000Z,1
2019-12-15T21:13:10.000Z,1
2019-12-16T07:39:24.000Z,1
2019-12-16T07:56:47.000Z,1
2019-12-16T07:59:13.000Z,1
2019-12-16T08:37:48.000Z,2
2019-12-16T12:08:48.000Z,1
2019-12-16T12:52:30.000Z,1
2019-12-16T12:53:34.000Z,1
2019-12-16T13:51:00.000Z,1
2019-12-16T13:52:49.000Z,1
2019-12-16T14:01:48.000Z,1
2019-12-16T15:14:18.000Z,1
2019-12-16T15:54:30.000Z,1
2019-12-16T16:11:44.000Z,1
2019-12-16T16:23:39.000Z,1
2019-12-16T16:41:02.000Z,1
2019-12-16T17:50:18.000Z,1
2019-12-16T18:25:08.000Z,2
2019-12-16T18:28:53.000Z,1
2019-12-16T18:55:48.000Z,1
2019-12-16T18:57:28.000Z,1
2019-12-16T19:14:43.000Z,1
2019-12-17T07:15:08.000Z,1
2019-12-17T07:41:44.000Z,1
2019-12-17T08:14:56.000Z,1
2019-12-17T08:25:01.000Z,1
2019-12-17T08:35:00.000Z,1
2019-12-17T08:47:37.000Z,1
2019-12-17T11:27:27.000Z,1
2019-12-17T11:49:12.000Z,1
2019-12-17T12:24:25.000Z,1
2019-12-17T12:54:51.000Z,1
2019-12-17T14:01:06.000Z,1
2019-12-17T15:04:58.000Z,1
2019-12-17T15:41:20.000Z,1
2019-12-17T15:45:31.000Z,1
2019-12-17T16:02:17.000Z,1
2019-12-17T16:27:59.000Z,1
2019-12-17T17:16:19.000Z,1
2019-12-17T17:27:20.000Z,1
2019-12-17T17:56:14.000Z,1
2019-12-17T18:11:59.000Z,1
2019-12-17T18:19:06.000Z,1
2019-12-17T19:12:12.000Z,1
2019-12-18T07:00:50.000Z,2
2019-12-18T07:08:46.000Z,1
2019-12-18T07:41:42.000Z,1
2019-12-18T08:04:19.000Z,1
2019-12-18T08:36:19.000Z,1
2019-12-18T08:53:33.000Z,3
2019-12-18T10:17:21.000Z,1
2019-12-18T11:12:11.000Z,1
2019-12-18T11:53:57.000Z,1
2019-12-18T11:57:11.000Z,1
2019-12-18T12:56:34.000Z,2
2019-12-18T13:42:22.000Z,1
2019-12-18T13:53:11.000Z,1
2019-12-18T13:57:19.000Z,1
2019-12-18T14:01:07.000Z,1
2019-12-18T16:22:14.000Z,1
2019-12-18T17:09:16.000Z,1
2019-12-18T17:27:13.000Z,2
2019-12-18T17:33:30.000Z,1
2019-12-18T17:34:47.000Z,1
2019-12-18T18:07:42.000Z,1
2019-12-18T18:33:22.000Z,1
2019-12-18T19:09:50.000Z,1
2019-12-18T21:52:29.000Z,1
2019-12-19T06:33:14.000Z,1
2019-12-19T07:05:39.000Z,1
2019-12-19T08:01:45.000Z,1
2019-12-19T08:16:55.000Z,1
2019-12-19T08:50:10.000Z,1
2019-12-19T09:03:28.000Z,1
2019-12-19T09:18:35.000Z,1
2019-12-19T11:48:20.000Z,1
2019-12-19T12:08:55.000Z,1
2019-12-19T14:12:45.000Z,1
2019-12-19T15:19:23.000Z,1
2019-12-19T15:40:34.000Z,2
2019-12-19T16:13:50.000Z,1
2019-12-19T16:31:09.000Z,1
2019-12-19T17:22:32.000Z,1
2019-12-19T17:23:59.000Z,1
2019-12-19T17:47:49.000Z,1
2019-12-19T19:02:06.000Z,1
2019-12-19T20:01:19.000Z,1
2019-12-19T21:09:41.000Z,1
2019-12-20T04:11:12.000Z,1
2019-12-20T07:31:26.000Z,1
2019-12-20T07:46:20.000Z,1
2019-12-20T07:48:32.000Z,1
2019-12-20T08:22:26.000Z,1
2019-12-20T09:35:09.000Z,1
2019-12-20T10:05:29.000Z,1
2019-12-20T12:38:09.000Z,1
2019-12-20T13:24:59.000Z,1
2019-12-20T14:50:30.000Z,1
2019-12-20T14:54:39.000Z,1
2019-12-20T15:10:52.000Z,1
2019-12-20T15:53:42.000Z,1
2019-12-20T16:06:57.000Z,1
2019-12-20T16:09:15.000Z,1
2019-12-20T16:25:09.000Z,1
2019-12-20T16:44:34.000Z,1
2019-12-20T16:49:20.000Z,1
2019-12-20T17:03:48.000Z,2
2019-12-20T17:57:32.000Z,2
2019-12-20T18:07:41.000Z,1
2019-12-20T18:19:47.000Z,1
2019-12-20T18:49:15.000Z,1
2019-12-20T19:28:30.000Z,1
2019-12-20T21:55:10.000Z,1
2019-12-20T22:18:33.000Z,1
2019-12-21T08:24:56.000Z,1
2019-12-21T08:54:15.000Z,1
2019-12-21T09:49:32.000Z,1
2019-12-21T10:20:33.000Z,1
2019-12-21T10:25:57.000Z,1
2019-12-21T10:30:47.000Z,1
2019-12-21T10:53:44.000Z,1
2019-12-21T15:13:34.000Z,1
2019-12-21T15:49:08.000Z,1
2019-12-21T18:10:16.000Z,1
2019-12-21T18:32:17.000Z,1
2019-12-21T18:57:38.000Z,1
2019-12-21T19:04:23.000Z,1
2019-12-21T19:13:51.000Z,1
2019-12-21T20:57:30.000Z,1
2019-12-22T10:20:53.000Z,2
2019-12-22T11:50:41.000Z,1
2019-12-22T11:55:53.000Z,1
2019-12-22T13:06:12.000Z,1
2019-12-22T13:27:51.000Z,1
2019-12-22T14:22:07.000Z,1
2019-12-22T15:12:11.000Z,1
2019-12-22T16:18:18.000Z,1
2019-12-22T16:24:37.000Z,1
2019-12-22T16:54:56.000Z,1
2019-12-22T17:02:37.000Z,1
2019-12-22T17:17:26.000Z,1
2019-12-22T17:26:41.000Z,1
2019-12-22T22:03:15.000Z,1
2019-12-23T06:13:09.000Z,1
2019-12-23T06:40:54.000Z,1
2019-12-23T08:29:09.000Z,1
2019-12-23T09:45:52.000Z,1
2019-12-23T10:11:23.000Z,1
2019-12-23T11:06:31.000Z,1
2019-12-11T13:32:02.000Z,1
2019-12-11T14:09:18.000Z,1
2019-12-11T14:29:00.000Z,1
2019-12-11T15:01:17.000Z,1
2019-12-11T15:54:59.000Z,1
2019-12-11T16:02:54.000Z,2
2019-12-11T16:05:21.000Z,1
2019-12-11T17:17:02.000Z,1
2019-12-11T17:29:08.000Z,1
2019-12-11T19:00:27.000Z,2
2019-12-12T06:42:36.000Z,1
2019-12-12T07:28:08.000Z,1
2019-12-12T17:11:21.000Z,1
2019-12-12T17:33:13.000Z,1
2019-12-12T19:34:01.000Z,1
2019-12-12T21:29:33.000Z,1
2019-12-11T21:19:11.000Z,1
2019-12-12T05:14:40.000Z,1
2019-12-12T06:46:42.000Z,1
2019-12-12T08:25:53.000Z,1
2019-12-12T08:37:25.000Z,1
2019-12-12T08:44:58.000Z,1
2019-12-12T08:55:04.000Z,1
2019-12-12T09:01:06.000Z,1
2019-12-12T09:16:19.000Z,1
2019-12-12T09:29:19.000Z,1
2019-12-12T14:30:16.000Z,1
2019-12-12T14:39:07.000Z,1
2019-12-12T14:47:56.000Z,1
2019-12-12T14:53:17.000Z,1
2019-12-12T16:03:35.000Z,1
2019-12-12T16:59:50.000Z,1
2019-12-12T17:11:39.000Z,1
2019-12-12T17:13:47.000Z,1
2019-12-12T17:15:28.000Z,1
2019-12-12T17:38:02.000Z,1
2019-12-12T17:56:40.000Z,1
2019-12-12T18:26:29.000Z,1
2019-12-12T18:30:40.000Z,1
2019-12-12T19:49:49.000Z,1
2019-12-12T21:14:49.000Z,1
2019-12-13T07:20:10.000Z,1
2019-12-13T07:34:38.000Z,1
2019-12-13T07:54:41.000Z,1
2019-12-13T07:54:53.000Z,1
2019-12-13T08:24:56.000Z,1
2019-12-13T08:33:35.000Z,1
2019-12-13T08:39:35.000Z,3
2019-12-13T08:53:55.000Z,1
2019-12-13T10:13:33.000Z,1
2019-12-13T13:08:21.000Z,1
2019-12-13T13:13:49.000Z,1
2019-12-13T14:12:08.000Z,1
2019-12-13T14:33:14.000Z,1
2019-12-13T14:35:15.000Z,1
2019-12-13T15:28:19.000Z,1
2019-12-13T15:43:54.000Z,1
2019-12-13T15:51:55.000Z,1
2019-12-13T16:04:41.000Z,1
2019-12-13T16:06:24.000Z,1
2019-12-13T16:14:39.000Z,1
2019-12-13T16:16:46.000Z,1
2019-12-13T16:25:00.000Z,1
2019-12-13T16:32:50.000Z,1
2019-12-13T16:39:55.000Z,1
2019-12-13T16:50:34.000Z,1
2019-12-13T16:59:58.000Z,1
2019-12-13T17:12:20.000Z,1
2019-12-13T17:16:28.000Z,1
2019-12-13T17:20:41.000Z,1
2019-12-13T17:29:20.000Z,1
2019-12-13T17:35:59.000Z,1
2019-12-13T18:23:33.000Z,1
2019-12-13T19:48:24.000Z,1
2019-12-13T19:59:46.000Z,1
2019-12-13T20:06:23.000Z,1
2019-12-13T20:31:09.000Z,1
2019-12-13T20:35:25.000Z,1
2019-12-13T20:54:39.000Z,1
2019-12-13T22:24:40.000Z,1
2019-12-14T06:49:54.000Z,1
2019-12-14T07:45:41.000Z,1
2019-12-14T08:27:08.000Z,1
2019-12-14T08:43:05.000Z,1
2019-12-14T09:27:37.000Z,1
2019-12-14T10:43:26.000Z,1
2019-12-14T11:06:22.000Z,1
2019-12-14T11:15:39.000Z,1
2019-12-14T12:16:21.000Z,1
2019-12-14T12:22:58.000Z,1
2019-12-14T13:29:57.000Z,1
2019-12-14T15:49:26.000Z,1
2019-12-14T15:54:10.000Z,1
2019-12-14T15:56:59.000Z,2
2019-12-14T16:04:43.000Z,1
2019-12-14T16:10:14.000Z,1
2019-12-14T16:22:39.000Z,1
2019-12-14T16:24:18.000Z,1
2019-12-14T18:39:49.000Z,1
2019-12-14T19:11:52.000Z,1
2019-12-14T19:35:20.000Z,1
2019-12-14T20:55:29.000Z,1
2019-12-15T00:23:18.000Z,1
2019-12-15T08:29:01.000Z,1
2019-12-15T09:40:23.000Z,1
2019-12-15T10:43:59.000Z,1
2019-12-15T11:27:33.000Z,1
2019-12-15T12:01:24.000Z,1
2019-12-15T13:39:47.000Z,1
2019-12-15T15:02:43.000Z,1
2019-12-15T15:13:51.000Z,1
2019-12-15T15:48:47.000Z,1
2019-12-15T22:15:38.000Z,1
2019-12-16T06:51:21.000Z,1
2019-12-16T07:55:14.000Z,1
2019-12-16T08:13:13.000Z,1
2019-12-16T08:14:09.000Z,1
2019-12-16T08:28:56.000Z,1
2019-12-16T08:44:45.000Z,1
2019-12-16T08:44:52.000Z,3
2019-12-16T08:49:56.000Z,1
2019-12-16T08:58:42.000Z,1
2019-12-16T09:26:31.000Z,1
2019-12-16T10:09:23.000Z,1
2019-12-16T12:08:03.000Z,1
2019-12-16T12:57:58.000Z,1
2019-12-16T14:20:32.000Z,1
2019-12-16T14:25:32.000Z,1
2019-12-16T15:12:41.000Z,1
2019-12-16T16:20:24.000Z,1
2019-12-16T16:37:30.000Z,1
2019-12-16T16:42:28.000Z,1
2019-12-16T16:58:45.000Z,1
2019-12-16T17:12:02.000Z,2
2019-12-16T17:23:58.000Z,1
2019-12-16T17:32:38.000Z,1
2019-12-16T17:46:57.000Z,2
2019-12-16T18:22:49.000Z,1
2019-12-16T19:14:13.000Z,1
2019-12-16T19:43:54.000Z,1
2019-12-16T21:51:55.000Z,1
2019-12-16T23:19:59.000Z,1
2019-12-17T06:02:15.000Z,1
2019-12-17T06:23:04.000Z,1
2019-12-17T06:46:18.000Z,1
2019-12-17T07:02:32.000Z,1
2019-12-17T07:28:46.000Z,1
2019-12-17T07:45:06.000Z,1
2019-12-17T07:49:15.000Z,1
2019-12-17T07:56:30.000Z,1
2019-12-17T08:01:29.000Z,1
2019-12-17T08:21:49.000Z,1
2019-12-17T08:26:53.000Z,1
2019-12-17T08:47:07.000Z,1
2019-12-17T08:49:16.000Z,1
2019-12-17T09:00:01.000Z,1
2019-12-17T12:41:25.000Z,1
2019-12-17T13:05:36.000Z,1
2019-12-17T15:51:18.000Z,1
2019-12-17T16:05:50.000Z,1
2019-12-17T16:06:45.000Z,1
2019-12-17T16:24:40.000Z,1
2019-12-17T16:34:02.000Z,1
2019-12-17T16:34:05.000Z,1
2019-12-17T17:03:30.000Z,2
2019-12-17T17:17:33.000Z,1
2019-12-17T17:20:18.000Z,1
2019-12-17T17:29:23.000Z,1
2019-12-17T17:51:37.000Z,1
2019-12-17T18:01:52.000Z,1
2019-12-17T18:06:06.000Z,2
2019-12-17T18:15:03.000Z,1
2019-12-17T20:05:21.000Z,1
2019-12-17T20:21:35.000Z,1
2019-12-18T08:23:28.000Z,1
2019-12-18T08:34:30.000Z,1
2019-12-18T12:31:09.000Z,1
2019-12-18T16:11:31.000Z,1
2019-12-18T16:28:07.000Z,1
2019-12-18T16:42:52.000Z,1
2019-12-18T16:54:37.000Z,1
2019-12-18T17:11:10.000Z,1
2019-12-18T17:14:18.000Z,1
2019-12-18T17:34:08.000Z,1
2019-12-18T18:07:23.000Z,1
2019-12-18T18:39:42.000Z,1
2019-12-18T18:41:42.000Z,1
2019-12-18T19:22:01.000Z,1
2019-12-18T19:22:53.000Z,1
2019-12-19T06:31:39.000Z,1
2019-12-19T07:52:54.000Z,1
2019-12-19T08:06:46.000Z,1
2019-12-19T08:14:51.000Z,1
2019-12-19T08:58:49.000Z,1
2019-12-19T09:04:34.000Z,1
2019-12-19T10:30:54.000Z,1
2019-12-19T10:39:56.000Z,1
2019-12-19T15:13:37.000Z,1
2019-12-19T15:33:21.000Z,1
2019-12-19T17:00:30.000Z,1
2019-12-19T17:15:34.000Z,1
2019-12-19T17:26:13.000Z,1
2019-12-19T17:43:41.000Z,1
2019-12-19T17:45:45.000Z,1
2019-12-19T18:36:44.000Z,1
2019-12-19T18:49:18.000Z,1
2019-12-19T19:01:52.000Z,1
2019-12-19T19:41:45.000Z,1
2019-12-20T06:01:22.000Z,1
2019-12-20T06:04:42.000Z,1
2019-12-20T07:16:29.000Z,1
2019-12-20T07:18:09.000Z,1
2019-12-20T07:36:39.000Z,1
2019-12-20T07:38:20.000Z,1
2019-12-20T07:51:30.000Z,1
2019-12-20T08:11:25.000Z,1
2019-12-20T08:17:24.000Z,1
2019-12-20T10:28:40.000Z,1
2019-12-20T12:12:58.000Z,1
2019-12-20T13:10:49.000Z,1
2019-12-20T14:31:14.000Z,1
2019-12-20T15:13:15.000Z,1
2019-12-20T15:32:59.000Z,1
2019-12-20T16:03:38.000Z,1
2019-12-20T16:12:47.000Z,1
2019-12-20T16:20:51.000Z,1
2019-12-20T16:40:00.000Z,1
2019-12-20T16:51:35.000Z,1
2019-12-20T17:01:20.000Z,1
2019-12-20T17:09:11.000Z,1
2019-12-20T17:31:18.000Z,1
2019-12-20T17:47:35.000Z,1
2019-12-20T18:01:40.000Z,1
2019-12-20T18:17:04.000Z,1
2019-12-20T22:31:41.000Z,1
2019-12-21T04:18:21.000Z,1
2019-12-21T06:22:24.000Z,1
2019-12-21T07:38:45.000Z,1
2019-12-21T07:42:21.000Z,2
2019-12-21T09:06:42.000Z,1
2019-12-21T09:47:49.000Z,1
2019-12-21T09:56:29.000Z,1
2019-12-21T10:30:44.000Z,1
2019-12-21T12:25:33.000Z,1
2019-12-21T12:30:27.000Z,1
2019-12-21T12:36:45.000Z,1
2019-12-21T12:37:26.000Z,1
2019-12-21T12:41:09.000Z,1
2019-12-21T12:54:18.000Z,1
2019-12-21T12:56:16.000Z,1
2019-12-21T13:04:31.000Z,1
2019-12-21T14:22:21.000Z,1
2019-12-21T14:22:41.000Z,1
2019-12-21T14:39:08.000Z,1
2019-12-21T15:24:24.000Z,1
2019-12-21T16:22:18.000Z,1
2019-12-21T16:56:33.000Z,1
2019-12-21T17:20:44.000Z,1
2019-12-21T17:43:59.000Z,1
2019-12-21T20:26:32.000Z,1
2019-12-21T23:39:28.000Z,1
2019-12-22T08:00:02.000Z,1
2019-12-22T09:53:18.000Z,1
2019-12-22T10:26:01.000Z,1
2019-12-22T10:52:22.000Z,1
2019-12-22T11:30:42.000Z,1
2019-12-22T11:46:52.000Z,1
2019-12-22T12:18:20.000Z,1
2019-12-22T12:29:30.000Z,1
2019-12-22T12:35:20.000Z,1
2019-12-22T12:50:45.000Z,1
2019-12-22T13:49:20.000Z,1
2019-12-22T14:14:20.000Z,1
2019-12-22T14:17:17.000Z,2
2019-12-22T14:26:14.000Z,1
2019-12-22T14:49:02.000Z,1
2019-12-22T15:16:32.000Z,1
2019-12-22T15:18:03.000Z,1
2019-12-22T15:18:59.000Z,1
2019-12-22T15:29:53.000Z,1
2019-12-22T15:47:15.000Z,1
2019-12-22T16:14:58.000Z,1
2019-12-22T16:39:54.000Z,1
2019-12-22T16:59:16.000Z,1
2019-12-22T19:47:02.000Z,1
2019-12-22T19:56:40.000Z,1
2019-12-22T21:36:53.000Z,1
2019-12-22T22:03:45.000Z,1
2019-12-22T22:46:51.000Z,1
2019-12-23T06:09:19.000Z,1
2019-12-23T06:23:51.000Z,1
2019-12-23T06:57:04.000Z,1
2019-12-23T08:01:05.000Z,1
2019-12-23T08:50:34.000Z,1
2019-12-23T09:17:26.000Z,2
2019-12-23T11:25:10.000Z,1
2019-12-23T11:28:04.000Z,1
2019-12-11T14:44:49.000Z,1
2019-12-11T14:58:25.000Z,2
2019-12-11T15:40:54.000Z,1
2019-12-11T16:44:35.000Z,1
2019-12-11T16:46:44.000Z,1
2019-12-11T17:06:32.000Z,1
2019-12-11T17:38:02.000Z,1
2019-12-11T17:59:19.000Z,1
2019-12-11T18:30:03.000Z,1
2019-12-11T18:43:47.000Z,1
2019-12-12T06:09:49.000Z,1
2019-12-12T07:17:13.000Z,2
2019-12-12T07:58:45.000Z,1
2019-12-12T09:06:57.000Z,1
2019-12-12T09:42:55.000Z,1
2019-12-12T11:47:40.000Z,1
2019-12-12T14:20:08.000Z,1
2019-12-13T11:21:14.000Z,1
2019-12-12T03:54:45.000Z,1
2019-12-12T05:48:58.000Z,1
2019-12-12T06:48:09.000Z,1
2019-12-12T08:07:41.000Z,2
2019-12-12T08:25:31.000Z,2
2019-12-12T08:44:05.000Z,1
2019-12-12T08:58:24.000Z,1
2019-12-12T10:35:18.000Z,1
2019-12-12T10:48:16.000Z,1
2019-12-12T12:36:06.000Z,1
2019-12-12T12:37:08.000Z,1
2019-12-12T12:39:09.000Z,1
2019-12-12T12:52:08.000Z,1
2019-12-12T13:47:43.000Z,1
2019-12-12T16:35:20.000Z,1
2019-12-12T16:43:13.000Z,1
2019-12-12T17:02:37.000Z,1
2019-12-12T17:24:41.000Z,1
2019-12-12T17:32:35.000Z,1
2019-12-12T18:43:44.000Z,1
2019-12-12T18:43:59.000Z,1
2019-12-12T19:36:57.000Z,1
2019-12-12T19:44:12.000Z,1
2019-12-12T19:44:14.000Z,1
2019-12-12T20:28:01.000Z,1
2019-12-12T20:30:16.000Z,1
2019-12-12T20:45:22.000Z,1
2019-12-12T20:46:28.000Z,1
2019-12-12T21:14:51.000Z,1
2019-12-12T22:40:05.000Z,1
2019-12-13T00:17:24.000Z,1
2019-12-13T06:44:37.000Z,1
2019-12-13T07:19:15.000Z,1
2019-12-13T07:22:15.000Z,1
2019-12-13T07:34:07.000Z,1
2019-12-13T07:34:31.000Z,1
2019-12-13T08:07:41.000Z,1
2019-12-13T08:11:32.000Z,1
2019-12-13T08:12:56.000Z,1
2019-12-13T08:13:36.000Z,2
2019-12-13T08:23:18.000Z,1
2019-12-13T08:29:43.000Z,1
2019-12-13T08:33:23.000Z,1
2019-12-13T09:07:18.000Z,1
2019-12-13T09:11:17.000Z,1
2019-12-13T09:20:41.000Z,1
2019-12-13T10:18:19.000Z,1
2019-12-13T11:50:24.000Z,1
2019-12-13T12:28:01.000Z,1
2019-12-13T12:57:00.000Z,1
2019-12-13T13:16:11.000Z,1
2019-12-13T13:28:29.000Z,1
2019-12-13T13:45:06.000Z,1
2019-12-13T13:52:17.000Z,1
2019-12-13T13:57:20.000Z,1
2019-12-13T14:45:12.000Z,1
2019-12-13T14:56:29.000Z,1
2019-12-13T15:06:02.000Z,1
2019-12-13T15:15:36.000Z,1
2019-12-13T15:47:42.000Z,1
2019-12-13T15:56:38.000Z,1
2019-12-13T16:05:21.000Z,1
2019-12-13T16:18:09.000Z,1
2019-12-13T16:32:20.000Z,1
2019-12-13T16:49:03.000Z,1
2019-12-13T16:58:25.000Z,1
2019-12-13T17:02:54.000Z,1
2019-12-13T17:19:31.000Z,1
2019-12-13T17:22:01.000Z,1
2019-12-13T17:40:07.000Z,1
2019-12-13T18:08:02.000Z,1
2019-12-13T18:26:25.000Z,1
2019-12-13T18:27:52.000Z,1
2019-12-13T18:51:30.000Z,1
2019-12-13T18:56:49.000Z,1
2019-12-13T18:58:11.000Z,1
2019-12-13T23:19:43.000Z,1
2019-12-14T00:45:44.000Z,1
2019-12-14T08:05:25.000Z,1
2019-12-14T08:26:21.000Z,1
2019-12-14T09:06:23.000Z,1
2019-12-14T09:17:12.000Z,1
2019-12-14T09:20:24.000Z,1
2019-12-14T09:44:25.000Z,1
2019-12-14T10:37:59.000Z,1
2019-12-14T12:18:09.000Z,1
2019-12-14T12:28:59.000Z,1
2019-12-14T12:55:48.000Z,1
2019-12-14T13:43:48.000Z,1
2019-12-14T14:24:26.000Z,1
2019-12-14T14:38:46.000Z,1
2019-12-14T15:38:26.000Z,1
2019-12-14T15:53:30.000Z,1
2019-12-14T16:43:19.000Z,1
2019-12-14T18:07:58.000Z,1
2019-12-15T07:38:51.000Z,1
2019-12-15T09:00:24.000Z,1
2019-12-15T10:29:19.000Z,1
2019-12-15T11:21:55.000Z,1
2019-12-15T11:32:02.000Z,1
2019-12-15T13:10:27.000Z,1
2019-12-15T14:19:00.000Z,1
2019-12-15T14:40:48.000Z,1
2019-12-15T15:19:16.000Z,1
2019-12-15T18:13:26.000Z,1
2019-12-15T18:14:00.000Z,1
2019-12-15T19:46:35.000Z,1
2019-12-15T20:33:48.000Z,1
2019-12-15T21:56:43.000Z,1
2019-12-15T22:56:48.000Z,1
2019-12-16T04:24:09.000Z,1
2019-12-16T05:20:50.000Z,1
2019-12-16T06:45:45.000Z,1
2019-12-16T07:32:34.000Z,1
2019-12-16T08:00:20.000Z,1
2019-12-16T08:17:11.000Z,1
2019-12-16T08:21:55.000Z,1
2019-12-16T08:24:36.000Z,1
2019-12-16T08:31:15.000Z,2
2019-12-16T09:01:20.000Z,1
2019-12-16T09:59:28.000Z,1
2019-12-16T11:35:48.000Z,1
2019-12-16T11:47:33.000Z,1
2019-12-16T12:34:19.000Z,1
2019-12-16T12:35:08.000Z,1
2019-12-16T14:04:33.000Z,1
2019-12-16T15:56:04.000Z,1
2019-12-16T16:16:08.000Z,1
2019-12-16T16:23:57.000Z,1
2019-12-16T16:38:15.000Z,1
2019-12-16T16:41:45.000Z,1
2019-12-16T17:11:19.000Z,1
2019-12-16T17:22:03.000Z,1
2019-12-16T17:25:17.000Z,1
2019-12-16T17:31:46.000Z,1
2019-12-16T18:00:59.000Z,1
2019-12-16T18:15:57.000Z,1
2019-12-16T19:31:29.000Z,1
2019-12-16T19:40:52.000Z,1
2019-12-16T19:42:26.000Z,1
2019-12-16T20:32:05.000Z,1
2019-12-17T06:22:50.000Z,1
2019-12-17T06:48:38.000Z,1
2019-12-17T07:06:06.000Z,1
2019-12-17T07:29:00.000Z,1
2019-12-17T07:39:54.000Z,1
2019-12-17T07:40:50.000Z,2
2019-12-17T08:39:41.000Z,1
2019-12-17T08:49:46.000Z,1
2019-12-17T08:54:30.000Z,2
2019-12-17T09:03:41.000Z,1
2019-12-17T09:06:37.000Z,1
2019-12-17T09:13:31.000Z,1
2019-12-17T13:51:59.000Z,1
2019-12-17T16:24:15.000Z,1
2019-12-17T17:10:00.000Z,1
2019-12-17T17:10:27.000Z,1
2019-12-17T17:13:51.000Z,1
2019-12-17T17:18:13.000Z,1
2019-12-17T17:20:29.000Z,1
2019-12-17T17:23:03.000Z,1
2019-12-17T17:39:00.000Z,1
2019-12-17T18:53:05.000Z,1
2019-12-17T18:54:31.000Z,1
2019-12-17T21:20:47.000Z,1
2019-12-18T04:33:14.000Z,1
2019-12-18T05:50:51.000Z,1
2019-12-18T07:57:33.000Z,1
2019-12-18T08:09:51.000Z,1
2019-12-18T08:13:06.000Z,1
2019-12-18T16:00:28.000Z,1
2019-12-18T16:14:43.000Z,1
2019-12-18T16:19:24.000Z,1
2019-12-18T17:03:31.000Z,1
2019-12-18T17:21:50.000Z,1
2019-12-18T17:23:17.000Z,1
2019-12-18T17:42:34.000Z,2
2019-12-18T19:20:13.000Z,1
2019-12-19T05:16:55.000Z,1
2019-12-19T05:40:26.000Z,1
2019-12-19T05:52:37.000Z,1
2019-12-19T08:09:04.000Z,1
2019-12-19T08:10:25.000Z,2
2019-12-19T08:23:52.000Z,1
2019-12-19T08:48:14.000Z,1
2019-12-19T09:02:08.000Z,1
2019-12-19T09:07:41.000Z,1
2019-12-19T09:10:19.000Z,1
2019-12-19T09:18:04.000Z,1
2019-12-19T09:25:11.000Z,1
2019-12-19T11:41:48.000Z,1
2019-12-19T12:34:20.000Z,1
2019-12-19T14:54:00.000Z,1
2019-12-19T15:39:32.000Z,1
2019-12-19T16:01:42.000Z,1
2019-12-19T16:21:32.000Z,1
2019-12-19T16:53:50.000Z,1
2019-12-19T17:03:26.000Z,1
2019-12-19T17:27:26.000Z,1
2019-12-19T19:15:03.000Z,1
2019-12-19T19:22:36.000Z,1
2019-12-19T21:29:38.000Z,1
2019-12-19T21:36:27.000Z,1
2019-12-20T05:26:01.000Z,1
2019-12-20T08:02:41.000Z,1
2019-12-20T08:36:54.000Z,1
2019-12-20T09:47:37.000Z,1
2019-12-20T09:52:45.000Z,1
2019-12-20T12:16:43.000Z,1
2019-12-20T12:45:13.000Z,1
2019-12-20T12:51:22.000Z,1
2019-12-20T13:48:17.000Z,1
2019-12-20T14:14:42.000Z,2
2019-12-20T14:20:52.000Z,1
2019-12-20T14:23:45.000Z,1
2019-12-20T14:35:03.000Z,1
2019-12-20T15:06:14.000Z,1
2019-12-20T15:56:13.000Z,1
2019-12-20T16:03:22.000Z,2
2019-12-20T16:37:15.000Z,1
2019-12-20T16:55:41.000Z,1
2019-12-20T21:19:06.000Z,1
2019-12-21T08:35:07.000Z,1
2019-12-21T09:48:37.000Z,1
2019-12-21T10:58:34.000Z,1
2019-12-21T12:33:51.000Z,1
2019-12-21T12:41:06.000Z,2
2019-12-21T12:53:43.000Z,2
2019-12-21T13:11:30.000Z,1
2019-12-21T13:37:48.000Z,1
2019-12-21T13:49:55.000Z,1
2019-12-21T14:02:14.000Z,1
2019-12-21T14:05:24.000Z,2
2019-12-21T14:21:55.000Z,2
2019-12-21T14:32:25.000Z,1
2019-12-21T16:04:13.000Z,1
2019-12-21T16:42:13.000Z,1
2019-12-21T18:48:08.000Z,1
2019-12-21T19:27:36.000Z,1
2019-12-21T21:19:58.000Z,1
2019-12-22T00:39:01.000Z,1
2019-12-22T02:47:15.000Z,1
2019-12-22T09:06:49.000Z,1
2019-12-22T10:43:05.000Z,1
2019-12-22T10:54:03.000Z,1
2019-12-22T11:26:44.000Z,1
2019-12-22T11:43:11.000Z,1
2019-12-22T12:00:07.000Z,1
2019-12-22T12:33:32.000Z,1
2019-12-22T12:49:37.000Z,1
2019-12-22T12:50:54.000Z,1
2019-12-22T13:15:20.000Z,1
2019-12-22T13:57:21.000Z,1
2019-12-22T14:03:22.000Z,1
2019-12-22T14:23:25.000Z,1
2019-12-22T14:42:55.000Z,1
2019-12-22T14:45:27.000Z,1
2019-12-22T15:17:14.000Z,1
2019-12-22T15:33:25.000Z,1
2019-12-22T16:06:13.000Z,1
2019-12-22T16:12:19.000Z,2
2019-12-22T16:21:17.000Z,1
2019-12-22T16:34:47.000Z,1
2019-12-22T17:09:22.000Z,1
2019-12-22T17:24:58.000Z,1
2019-12-22T17:29:04.000Z,1
2019-12-22T18:15:33.000Z,1
2019-12-23T09:09:31.000Z,1
2019-12-23T09:33:51.000Z,1
2019-12-23T10:46:30.000Z,1
2019-12-23T11:07:27.000Z,1
2019-12-23T11:37:12.000Z,1
2019-12-23T11:44:00.000Z,1
2019-12-23T12:03:14.000Z,1
2019-12-11T13:19:30.000Z,1
2019-12-11T13:21:38.000Z,1
2019-12-11T14:29:51.000Z,1
2019-12-11T15:27:40.000Z,1
2019-12-11T15:57:08.000Z,1
2019-12-11T16:41:22.000Z,1
2019-12-11T17:03:17.000Z,1
2019-12-11T17:39:38.000Z,1
2019-12-11T19:25:00.000Z,1
2019-12-12T04:43:55.000Z,1
2019-12-12T07:21:19.000Z,1
2019-12-12T07:23:01.000Z,1
2019-12-12T08:00:39.000Z,1
2019-12-12T09:09:12.000Z,1
2019-12-12T09:11:43.000Z,1
2019-12-12T10:51:20.000Z,1
2019-12-12T15:45:01.000Z,2
2019-12-12T16:33:03.000Z,1
2019-12-12T17:22:48.000Z,2
2019-12-12T17:46:56.000Z,2
2019-12-12T18:03:20.000Z,1
2019-12-11T18:10:14.000Z,1
2019-12-11T18:32:02.000Z,1
2019-12-12T05:27:30.000Z,1
2019-12-12T06:18:51.000Z,1
2019-12-12T08:32:22.000Z,1
2019-12-12T08:52:58.000Z,1
2019-12-12T09:10:43.000Z,1
2019-12-12T09:38:45.000Z,1
2019-12-12T12:13:53.000Z,1
2019-12-12T13:48:54.000Z,1
2019-12-12T14:15:47.000Z,1
2019-12-12T15:37:01.000Z,1
2019-12-12T15:37:25.000Z,1
2019-12-12T15:46:15.000Z,1
2019-12-12T16:11:59.000Z,1
2019-12-12T18:10:13.000Z,1
2019-12-12T19:24:57.000Z,1
2019-12-12T19:35:12.000Z,2
2019-12-12T21:01:32.000Z,1
2019-12-12T23:10:17.000Z,1
2019-12-13T04:11:38.000Z,1
2019-12-13T05:18:56.000Z,1
2019-12-13T06:26:32.000Z,1
2019-12-13T07:16:00.000Z,1
2019-12-13T07:23:00.000Z,1
2019-12-13T07:36:20.000Z,1
2019-12-13T07:37:32.000Z,1
2019-12-13T07:45:37.000Z,1
2019-12-13T07:48:54.000Z,1
2019-12-13T07:56:27.000Z,1
2019-12-13T08:28:33.000Z,1
2019-12-13T08:31:20.000Z,1
2019-12-13T09:03:45.000Z,1
2019-12-13T09:13:02.000Z,1
2019-12-13T10:17:08.000Z,1
2019-12-13T11:48:16.000Z,1
2019-12-13T12:19:43.000Z,1
2019-12-13T13:12:45.000Z,1
2019-12-13T13:12:41.000Z,1
2019-12-13T15:36:37.000Z,1
2019-12-13T15:50:27.000Z,1
2019-12-13T15:57:01.000Z,1
2019-12-13T16:12:48.000Z,1
2019-12-13T17:00:49.000Z,1
2019-12-13T17:24:13.000Z,2
2019-12-13T18:01:12.000Z,1
2019-12-13T18:06:55.000Z,1
2019-12-13T18:36:15.000Z,1
2019-12-13T18:59:42.000Z,1
2019-12-13T19:27:36.000Z,2
2019-12-13T20:07:08.000Z,1
2019-12-13T20:53:21.000Z,1
2019-12-13T21:48:27.000Z,1
2019-12-13T21:57:18.000Z,1
2019-12-13T22:25:41.000Z,1
2019-12-13T23:33:04.000Z,1
2019-12-14T07:10:17.000Z,1
2019-12-14T09:50:19.000Z,1
2019-12-14T09:58:31.000Z,1
2019-12-14T10:17:15.000Z,1
2019-12-14T10:45:45.000Z,1
2019-12-14T11:13:47.000Z,1
2019-12-14T11:24:19.000Z,1
2019-12-14T11:45:36.000Z,1
2019-12-14T12:08:06.000Z,1
2019-12-14T13:01:46.000Z,1
2019-12-14T16:17:20.000Z,1
2019-12-14T16:56:47.000Z,1
2019-12-14T20:12:57.000Z,1
2019-12-14T23:08:01.000Z,1
2019-12-14T23:55:05.000Z,1
2019-12-15T02:56:08.000Z,1
2019-12-15T03:25:35.000Z,1
2019-12-15T08:58:42.000Z,1
2019-12-15T09:35:31.000Z,1
2019-12-15T09:39:21.000Z,1
2019-12-15T10:24:50.000Z,1
2019-12-15T10:45:39.000Z,1
2019-12-15T11:04:04.000Z,2
2019-12-15T11:05:54.000Z,1
2019-12-15T11:46:09.000Z,1
2019-12-15T12:01:43.000Z,1
2019-12-15T13:58:59.000Z,1
2019-12-15T15:51:07.000Z,1
2019-12-15T16:08:13.000Z,1
2019-12-15T16:48:12.000Z,2
2019-12-15T17:42:24.000Z,1
2019-12-15T19:30:31.000Z,1
2019-12-15T19:56:27.000Z,1
2019-12-15T20:00:14.000Z,1
2019-12-15T20:58:49.000Z,1
2019-12-16T05:35:08.000Z,1
2019-12-16T06:55:11.000Z,1
2019-12-16T07:04:51.000Z,1
2019-12-16T07:51:42.000Z,1
2019-12-16T08:01:36.000Z,1
2019-12-16T09:57:14.000Z,1
2019-12-16T11:36:14.000Z,1
2019-12-16T12:42:51.000Z,1
2019-12-16T13:34:47.000Z,1
2019-12-16T14:59:58.000Z,1
2019-12-16T15:01:09.000Z,1
2019-12-16T15:07:20.000Z,1
2019-12-16T15:54:12.000Z,1
2019-12-16T16:39:50.000Z,1
2019-12-16T16:43:25.000Z,1
2019-12-16T16:45:03.000Z,1
2019-12-16T17:56:45.000Z,1
2019-12-16T18:10:32.000Z,1
2019-12-16T18:17:21.000Z,1
2019-12-16T18:38:04.000Z,1
2019-12-16T18:53:12.000Z,1
2019-12-16T18:57:25.000Z,1
2019-12-16T19:53:02.000Z,1
2019-12-16T22:04:30.000Z,1
2019-12-17T06:17:09.000Z,1
2019-12-17T06:43:04.000Z,1
2019-12-17T07:43:07.000Z,1
2019-12-17T08:12:42.000Z,1
2019-12-17T08:15:08.000Z,1
2019-12-17T08:35:06.000Z,1
2019-12-17T09:02:19.000Z,1
2019-12-17T09:03:25.000Z,1
2019-12-17T09:13:28.000Z,1
2019-12-17T10:37:32.000Z,1
2019-12-17T10:41:55.000Z,1
2019-12-17T12:13:55.000Z,1
2019-12-17T12:51:22.000Z,1
2019-12-17T13:25:49.000Z,1
2019-12-17T13:58:13.000Z,1
2019-12-17T15:13:30.000Z,1
2019-12-17T16:07:40.000Z,1
2019-12-17T16:16:30.000Z,1
2019-12-17T17:26:09.000Z,3
2019-12-17T17:26:54.000Z,1
2019-12-17T17:37:23.000Z,2
2019-12-17T17:40:42.000Z,1
2019-12-17T18:02:41.000Z,1
2019-12-17T18:08:21.000Z,1
2019-12-17T18:58:26.000Z,1
2019-12-17T20:54:12.000Z,1
2019-12-18T04:57:38.000Z,1
2019-12-18T06:27:30.000Z,1
2019-12-18T07:25:44.000Z,1
2019-12-18T08:28:01.000Z,2
2019-12-18T08:30:50.000Z,1
2019-12-18T08:49:34.000Z,1
2019-12-18T13:19:23.000Z,1
2019-12-18T14:27:07.000Z,1
2019-12-18T16:41:09.000Z,1
2019-12-18T16:56:04.000Z,1
2019-12-18T17:03:09.000Z,1
2019-12-18T18:24:22.000Z,1
2019-12-18T18:30:20.000Z,1
2019-12-18T22:04:49.000Z,1
2019-12-19T00:53:28.000Z,1
2019-12-19T07:02:51.000Z,1
2019-12-19T07:36:57.000Z,1
2019-12-19T08:37:47.000Z,1
2019-12-19T08:50:35.000Z,1
2019-12-19T08:50:54.000Z,2
2019-12-19T08:58:09.000Z,1
2019-12-19T09:21:59.000Z,1
2019-12-19T10:03:36.000Z,1
2019-12-19T10:29:06.000Z,1
2019-12-19T12:19:14.000Z,1
2019-12-19T14:37:26.000Z,1
2019-12-19T14:47:08.000Z,1
2019-12-19T15:26:43.000Z,1
2019-12-19T15:59:05.000Z,1
2019-12-19T16:11:22.000Z,1
2019-12-19T16:21:42.000Z,1
2019-12-19T16:51:03.000Z,1
2019-12-19T17:06:55.000Z,1
2019-12-19T17:09:33.000Z,1
2019-12-19T17:21:16.000Z,1
2019-12-19T17:43:59.000Z,1
2019-12-19T17:49:32.000Z,2
2019-12-19T17:57:39.000Z,1
2019-12-19T18:12:01.000Z,1
2019-12-19T18:14:52.000Z,1
2019-12-19T18:33:02.000Z,1
2019-12-19T19:23:06.000Z,1
2019-12-20T06:18:34.000Z,1
2019-12-20T07:27:09.000Z,3
2019-12-20T07:29:17.000Z,1
2019-12-20T07:43:26.000Z,1
2019-12-20T07:47:01.000Z,1
2019-12-20T07:47:43.000Z,1
2019-12-20T08:03:00.000Z,1
2019-12-20T09:17:10.000Z,1
2019-12-20T11:08:40.000Z,1
2019-12-20T11:53:58.000Z,1
2019-12-20T15:48:20.000Z,1
2019-12-20T15:59:46.000Z,1
2019-12-20T16:27:44.000Z,1
2019-12-20T17:02:49.000Z,1
2019-12-20T17:08:35.000Z,1
2019-12-20T17:45:11.000Z,1
2019-12-20T18:55:58.000Z,1
2019-12-20T18:56:57.000Z,1
2019-12-20T19:07:30.000Z,1
2019-12-20T19:10:23.000Z,1
2019-12-20T19:40:51.000Z,1
2019-12-20T20:48:35.000Z,1
2019-12-20T21:10:47.000Z,1
2019-12-21T07:11:48.000Z,1
2019-12-21T09:06:34.000Z,1
2019-12-21T09:42:49.000Z,1
2019-12-21T09:56:52.000Z,1
2019-12-21T10:17:14.000Z,1
2019-12-21T12:16:59.000Z,1
2019-12-21T12:58:31.000Z,1
2019-12-21T13:03:51.000Z,1
2019-12-21T13:11:00.000Z,1
2019-12-21T13:19:09.000Z,1
2019-12-21T13:25:35.000Z,1
2019-12-21T13:55:06.000Z,1
2019-12-21T14:21:50.000Z,1
2019-12-21T14:31:33.000Z,1
2019-12-21T14:46:32.000Z,1
2019-12-21T15:52:15.000Z,1
2019-12-21T16:14:49.000Z,1
2019-12-21T16:28:03.000Z,1
2019-12-21T17:54:57.000Z,1
2019-12-21T18:46:09.000Z,1
2019-12-21T22:33:00.000Z,1
2019-12-22T07:37:40.000Z,1
2019-12-22T08:18:50.000Z,1
2019-12-22T08:25:32.000Z,1
2019-12-22T11:06:38.000Z,1
2019-12-22T11:59:34.000Z,1
2019-12-22T12:08:10.000Z,1
2019-12-22T13:00:36.000Z,1
2019-12-22T13:06:37.000Z,1
2019-12-22T13:37:00.000Z,1
2019-12-22T14:08:07.000Z,1
2019-12-22T14:19:21.000Z,1
2019-12-22T16:18:44.000Z,1
2019-12-22T18:16:49.000Z,1
2019-12-22T21:06:00.000Z,1
2019-12-22T23:32:04.000Z,1
2019-12-22T23:40:15.000Z,1
2019-12-22T23:46:21.000Z,1
2019-12-23T02:51:53.000Z,1
2019-12-23T06:48:12.000Z,1
2019-12-23T07:01:03.000Z,1
2019-12-23T08:17:03.000Z,1
2019-12-23T08:27:35.000Z,1
2019-12-23T08:58:11.000Z,1
2019-12-23T09:21:35.000Z,1
2019-12-23T09:37:52.000Z,1
2019-12-23T10:51:01.000Z,1
2019-12-23T11:00:48.000Z,1
2019-12-23T11:55:35.000Z,1
2019-12-11T15:59:21.000Z,1
2019-12-11T16:22:25.000Z,1
2019-12-11T16:37:30.000Z,1
2019-12-11T16:40:18.000Z,1
2019-12-11T16:41:27.000Z,2
2019-12-11T17:13:08.000Z,1
2019-12-11T17:37:12.000Z,1
2019-12-11T17:42:25.000Z,1
2019-12-11T18:26:00.000Z,1
2019-12-11T20:09:13.000Z,1
2019-12-11T20:59:46.000Z,1
2019-12-12T00:17:57.000Z,1
2019-12-12T06:20:53.000Z,1
2019-12-12T06:49:30.000Z,1
2019-12-12T07:36:53.000Z,1
2019-12-12T08:15:45.000Z,1
2019-12-12T08:26:40.000Z,2
2019-12-12T08:40:53.000Z,1
2019-12-12T09:01:17.000Z,1
2019-12-12T14:16:01.000Z,1
2019-12-12T15:15:17.000Z,1
2019-12-12T16:05:08.000Z,1
2019-12-13T08:40:35.000Z,1
2019-12-12T00:08:59.000Z,1
2019-12-12T06:23:30.000Z,1
2019-12-12T06:25:45.000Z,1
2019-12-12T07:59:44.000Z,1
2019-12-12T09:07:17.000Z,1
2019-12-12T09:40:37.000Z,1
2019-12-12T10:26:19.000Z,1
2019-12-12T12:05:18.000Z,1
2019-12-12T13:02:55.000Z,1
2019-12-12T15:53:40.000Z,1
2019-12-12T16:03:52.000Z,1
2019-12-12T16:24:08.000Z,1
2019-12-12T16:26:23.000Z,1
2019-12-12T17:00:49.000Z,2
2019-12-12T17:05:59.000Z,1
2019-12-12T17:39:45.000Z,2
2019-12-12T18:08:14.000Z,1
2019-12-12T18:38:18.000Z,1
2019-12-12T19:07:33.000Z,1
2019-12-12T19:25:37.000Z,1
2019-12-13T05:38:37.000Z,1
2019-12-13T07:17:07.000Z,1
2019-12-13T08:24:07.000Z,2
2019-12-13T08:30:01.000Z,1
2019-12-13T08:52:11.000Z,1
2019-12-13T09:06:48.000Z,1
2019-12-13T10:53:12.000Z,1
2019-12-13T11:22:57.000Z,1
2019-12-13T11:58:53.000Z,1
2019-12-13T12:04:29.000Z,1
2019-12-13T12:30:58.000Z,1
2019-12-13T12:59:20.000Z,1
2019-12-13T13:05:51.000Z,1
2019-12-13T15:03:16.000Z,1
2019-12-13T15:06:46.000Z,1
2019-12-13T15:37:46.000Z,1
2019-12-13T15:42:20.000Z,1
2019-12-13T15:55:57.000Z,1
2019-12-13T15:56:36.000Z,2
2019-12-13T16:02:50.000Z,1
2019-12-13T16:08:54.000Z,1
2019-12-13T16:28:01.000Z,1
2019-12-13T16:35:19.000Z,1
2019-12-13T16:59:55.000Z,1
2019-12-13T17:05:10.000Z,1
2019-12-13T17:32:30.000Z,1
2019-12-13T17:44:38.000Z,1
2019-12-13T17:52:34.000Z,1
2019-12-13T18:02:45.000Z,2
2019-12-13T18:46:16.000Z,1
2019-12-13T18:57:39.000Z,1
2019-12-13T19:03:27.000Z,1
2019-12-13T19:19:49.000Z,1
2019-12-13T19:20:24.000Z,1
2019-12-13T19:32:52.000Z,2
2019-12-13T19:50:39.000Z,1
2019-12-13T20:24:02.000Z,1
2019-12-13T23:38:58.000Z,1
2019-12-14T08:26:08.000Z,1
2019-12-14T08:41:20.000Z,1
2019-12-14T09:49:54.000Z,1
2019-12-14T10:27:03.000Z,1
2019-12-14T11:31:06.000Z,1
2019-12-14T12:02:21.000Z,1
2019-12-14T12:58:41.000Z,1
2019-12-14T13:03:29.000Z,1
2019-12-14T13:35:32.000Z,1
2019-12-14T13:48:39.000Z,1
2019-12-14T17:35:45.000Z,1
2019-12-14T18:45:14.000Z,1
2019-12-15T08:37:49.000Z,1
2019-12-15T10:15:18.000Z,1
2019-12-15T10:45:42.000Z,1
2019-12-15T11:54:59.000Z,1
2019-12-15T12:19:01.000Z,1
2019-12-15T13:42:29.000Z,1
2019-12-15T15:01:59.000Z,1
2019-12-15T16:03:20.000Z,1
2019-12-15T16:27:35.000Z,1
2019-12-15T17:08:58.000Z,1
2019-12-15T18:01:17.000Z,1
2019-12-15T18:19:49.000Z,1
2019-12-15T22:00:22.000Z,1
2019-12-16T05:49:06.000Z,1
2019-12-16T06:10:11.000Z,1
2019-12-16T06:26:56.000Z,1
2019-12-16T06:43:59.000Z,1
2019-12-16T06:54:37.000Z,1
2019-12-16T07:26:16.000Z,1
2019-12-16T07:33:00.000Z,1
2019-12-16T07:37:29.000Z,1
2019-12-16T07:42:35.000Z,1
2019-12-16T07:46:07.000Z,1
2019-12-16T07:56:43.000Z,1
2019-12-16T08:05:40.000Z,1
2019-12-16T08:14:27.000Z,2
2019-12-16T08:14:38.000Z,1
2019-12-16T08:14:45.000Z,1
2019-12-16T08:20:37.000Z,1
2019-12-16T08:32:34.000Z,1
2019-12-16T09:31:54.000Z,1
2019-12-16T09:37:17.000Z,1
2019-12-16T10:28:46.000Z,1
2019-12-16T11:50:18.000Z,1
2019-12-16T12:20:01.000Z,1
2019-12-16T12:28:41.000Z,1
2019-12-16T13:31:54.000Z,1
2019-12-16T14:53:16.000Z,1
2019-12-16T15:14:47.000Z,1
2019-12-16T16:04:45.000Z,1
2019-12-16T16:16:23.000Z,1
2019-12-16T16:34:14.000Z,2
2019-12-16T16:52:42.000Z,1
2019-12-16T16:58:54.000Z,1
2019-12-16T17:10:44.000Z,1
2019-12-16T17:16:03.000Z,1
2019-12-16T17:26:34.000Z,1
2019-12-16T17:31:23.000Z,1
2019-12-16T17:53:34.000Z,1
2019-12-16T17:54:49.000Z,1
2019-12-16T18:06:41.000Z,1
2019-12-16T18:13:54.000Z,2
2019-12-16T19:28:24.000Z,1
2019-12-16T21:07:00.000Z,1
2019-12-17T06:19:25.000Z,1
2019-12-17T06:44:42.000Z,1
2019-12-17T06:47:46.000Z,1
2019-12-17T06:58:24.000Z,1
2019-12-17T07:03:26.000Z,1
2019-12-17T07:05:46.000Z,1
2019-12-17T07:45:13.000Z,1
2019-12-17T07:50:57.000Z,2
2019-12-17T08:08:06.000Z,2
2019-12-17T09:04:27.000Z,1
2019-12-17T09:06:53.000Z,1
2019-12-17T09:11:24.000Z,1
2019-12-17T09:13:11.000Z,1
2019-12-17T10:50:17.000Z,1
2019-12-17T11:35:11.000Z,1
2019-12-17T12:59:46.000Z,1
2019-12-17T13:17:41.000Z,1
2019-12-17T14:11:00.000Z,1
2019-12-17T14:51:41.000Z,1
2019-12-17T15:40:31.000Z,1
2019-12-17T16:04:03.000Z,1
2019-12-17T16:18:54.000Z,1
2019-12-17T17:21:15.000Z,1
2019-12-17T17:21:25.000Z,2
2019-12-17T17:37:56.000Z,1
2019-12-17T18:33:40.000Z,1
2019-12-17T18:50:45.000Z,1
2019-12-17T20:20:45.000Z,1
2019-12-18T00:33:21.000Z,1
2019-12-18T05:38:36.000Z,1
2019-12-18T06:33:48.000Z,1
2019-12-18T07:18:20.000Z,1
2019-12-18T07:52:17.000Z,1
2019-12-18T07:54:25.000Z,1
2019-12-18T09:06:57.000Z,1
2019-12-18T10:02:44.000Z,1
2019-12-18T12:09:55.000Z,1
2019-12-18T12:25:21.000Z,1
2019-12-18T15:12:04.000Z,1
2019-12-18T15:12:54.000Z,1
2019-12-18T15:25:30.000Z,1
2019-12-18T15:41:06.000Z,1
2019-12-18T16:02:09.000Z,1
2019-12-18T16:29:45.000Z,1
2019-12-18T16:56:00.000Z,1
2019-12-18T17:12:06.000Z,1
2019-12-18T17:42:37.000Z,1
2019-12-18T17:57:18.000Z,1
2019-12-18T18:35:12.000Z,1
2019-12-18T18:46:37.000Z,1
2019-12-18T19:27:46.000Z,1
2019-12-18T19:57:12.000Z,1
2019-12-18T22:23:27.000Z,1
2019-12-18T22:53:34.000Z,1
2019-12-19T06:42:18.000Z,1
2019-12-19T07:30:15.000Z,1
2019-12-19T07:37:49.000Z,2
2019-12-19T07:57:07.000Z,1
2019-12-19T08:28:59.000Z,1
2019-12-19T09:30:13.000Z,1
2019-12-19T11:19:39.000Z,1
2019-12-19T11:29:41.000Z,1
2019-12-19T11:50:07.000Z,1
2019-12-19T12:38:19.000Z,1
2019-12-19T14:17:39.000Z,1
2019-12-19T14:27:08.000Z,1
2019-12-19T14:31:00.000Z,1
2019-12-19T15:04:05.000Z,1
2019-12-19T15:56:57.000Z,1
2019-12-19T16:21:48.000Z,2
2019-12-19T17:00:59.000Z,1
2019-12-19T17:07:14.000Z,1
2019-12-19T18:09:35.000Z,1
2019-12-19T18:36:11.000Z,1
2019-12-19T18:38:28.000Z,1
2019-12-19T19:04:26.000Z,1
2019-12-19T19:38:02.000Z,1
2019-12-19T21:24:08.000Z,1
2019-12-19T21:41:47.000Z,1
2019-12-20T05:43:59.000Z,1
2019-12-20T06:57:44.000Z,1
2019-12-20T06:57:56.000Z,1
2019-12-20T07:07:50.000Z,1
2019-12-20T07:37:50.000Z,1
2019-12-20T08:08:08.000Z,1
2019-12-20T08:11:03.000Z,1
2019-12-20T08:16:42.000Z,1
2019-12-20T08:41:26.000Z,2
2019-12-20T08:47:28.000Z,1
2019-12-20T09:08:54.000Z,1
2019-12-20T11:48:16.000Z,1
2019-12-20T12:31:02.000Z,1
2019-12-20T12:36:42.000Z,1
2019-12-20T14:50:56.000Z,1
2019-12-20T14:52:21.000Z,1
2019-12-20T15:28:06.000Z,1
2019-12-20T15:42:13.000Z,1
2019-12-20T16:03:53.000Z,1
2019-12-20T16:16:19.000Z,1
2019-12-20T17:17:53.000Z,1
2019-12-20T18:18:52.000Z,1
2019-12-20T18:28:19.000Z,1
2019-12-20T18:34:05.000Z,1
2019-12-20T19:32:23.000Z,1
2019-12-20T20:05:11.000Z,1
2019-12-21T09:50:40.000Z,1
2019-12-21T10:00:24.000Z,1
2019-12-21T10:59:00.000Z,1
2019-12-21T11:40:25.000Z,1
2019-12-21T12:00:19.000Z,1
2019-12-21T12:14:29.000Z,1
2019-12-21T12:39:03.000Z,1
2019-12-21T12:39:09.000Z,1
2019-12-21T12:47:13.000Z,2
2019-12-21T13:02:51.000Z,1
2019-12-21T13:07:17.000Z,1
2019-12-21T14:08:27.000Z,1
2019-12-21T15:25:01.000Z,1
2019-12-21T15:32:02.000Z,1
2019-12-21T15:32:15.000Z,1
2019-12-21T15:38:56.000Z,1
2019-12-21T15:45:22.000Z,1
2019-12-21T16:00:58.000Z,1
2019-12-21T16:02:38.000Z,1
2019-12-21T16:23:28.000Z,1
2019-12-21T18:42:18.000Z,1
2019-12-21T21:15:46.000Z,1
2019-12-22T01:54:47.000Z,1
2019-12-22T04:44:06.000Z,1
2019-12-22T05:53:40.000Z,1
2019-12-22T08:19:10.000Z,1
2019-12-22T09:50:47.000Z,1
2019-12-22T10:04:29.000Z,1
2019-12-22T10:25:55.000Z,1
2019-12-22T10:41:28.000Z,1
2019-12-22T11:09:57.000Z,1
2019-12-22T13:08:07.000Z,1
2019-12-22T13:29:31.000Z,1
2019-12-22T14:45:57.000Z,1
2019-12-22T15:12:48.000Z,1
2019-12-22T15:19:59.000Z,1
2019-12-22T16:01:19.000Z,1
2019-12-22T17:30:20.000Z,1
2019-12-22T18:14:37.000Z,1
2019-12-22T18:59:26.000Z,1
2019-12-22T19:04:44.000Z,1
2019-12-23T00:52:59.000Z,1
2019-12-23T03:23:40.000Z,1
2019-12-23T06:24:34.000Z,1
2019-12-23T07:18:36.000Z,1
2019-12-23T07:23:33.000Z,1
2019-12-23T09:32:28.000Z,1
2019-12-23T10:18:14.000Z,1
2019-12-23T10:55:04.000Z,1
2019-12-23T11:48:30.000Z,1
2019-12-23T11:49:01.000Z,1
2019-12-23T12:14:04.000Z,1
2019-12-23T12:20:22.000Z,1
2019-12-11T15:02:53.000Z,1
2019-12-11T15:09:10.000Z,1
2019-12-11T16:33:00.000Z,1
2019-12-11T16:43:22.000Z,1
2019-12-11T16:48:56.000Z,1
2019-12-11T17:27:53.000Z,1
2019-12-11T20:19:14.000Z,1
2019-12-11T21:16:45.000Z,1
2019-12-12T07:35:15.000Z,1
2019-12-12T08:33:02.000Z,1
2019-12-12T09:14:02.000Z,1
2019-12-12T10:39:40.000Z,1
2019-12-12T13:09:02.000Z,1
2019-12-12T15:24:28.000Z,1
2019-12-12T16:12:04.000Z,1
2019-12-12T16:47:42.000Z,1
2019-12-11T16:41:47.000Z,1
2019-12-11T18:53:53.000Z,1
2019-12-12T06:35:38.000Z,1
2019-12-12T08:19:32.000Z,1
2019-12-12T08:20:20.000Z,1
2019-12-12T08:55:27.000Z,1
2019-12-12T10:46:29.000Z,1
2019-12-12T11:04:33.000Z,1
2019-12-12T12:59:14.000Z,1
2019-12-12T13:35:32.000Z,1
2019-12-12T13:42:37.000Z,1
2019-12-12T16:32:33.000Z,1
2019-12-12T16:39:21.000Z,1
2019-12-12T17:05:54.000Z,1
2019-12-12T17:50:14.000Z,1
2019-12-12T17:54:07.000Z,3
2019-12-12T18:08:47.000Z,1
2019-12-12T19:06:52.000Z,1
2019-12-12T19:51:54.000Z,1
2019-12-12T20:21:25.000Z,1
2019-12-12T23:20:41.000Z,1
2019-12-13T07:17:21.000Z,1
2019-12-13T08:23:04.000Z,1
2019-12-13T08:25:39.000Z,1
2019-12-13T08:38:56.000Z,1
2019-12-13T08:43:38.000Z,1
2019-12-13T09:03:33.000Z,1
2019-12-13T09:49:34.000Z,1
2019-12-13T11:22:26.000Z,1
2019-12-13T11:58:54.000Z,1
2019-12-13T13:03:31.000Z,1
2019-12-13T13:33:41.000Z,1
2019-12-13T14:06:32.000Z,1
2019-12-13T14:30:52.000Z,3
2019-12-13T15:46:26.000Z,1
2019-12-13T16:08:10.000Z,1
2019-12-13T16:11:02.000Z,1
2019-12-13T16:25:23.000Z,2
2019-12-13T16:41:01.000Z,1
2019-12-13T16:48:47.000Z,1
2019-12-13T16:55:11.000Z,1
2019-12-13T17:26:05.000Z,1
2019-12-13T17:46:20.000Z,1
2019-12-13T18:02:12.000Z,1
2019-12-13T18:24:08.000Z,1
2019-12-13T18:30:37.000Z,1
2019-12-13T18:43:23.000Z,1
2019-12-13T22:54:04.000Z,1
2019-12-14T00:08:00.000Z,1
2019-12-14T07:43:13.000Z,1
2019-12-14T08:20:56.000Z,1
2019-12-14T08:59:06.000Z,1
2019-12-14T10:31:06.000Z,1
2019-12-14T10:58:03.000Z,1
2019-12-14T11:08:27.000Z,1
2019-12-14T12:49:26.000Z,1
2019-12-14T13:52:00.000Z,1
2019-12-14T15:21:29.000Z,1
2019-12-14T15:49:30.000Z,1
2019-12-14T16:52:56.000Z,1
2019-12-14T20:50:19.000Z,1
2019-12-15T06:27:19.000Z,1
2019-12-15T08:26:25.000Z,1
2019-12-15T09:27:51.000Z,1
2019-12-15T10:53:40.000Z,1
2019-12-15T13:21:08.000Z,1
2019-12-15T13:23:48.000Z,1
2019-12-15T14:08:46.000Z,1
2019-12-15T14:22:07.000Z,1
2019-12-15T15:47:13.000Z,1
2019-12-15T15:59:02.000Z,1
2019-12-15T16:01:38.000Z,1
2019-12-15T17:20:40.000Z,1
2019-12-15T18:23:47.000Z,1
2019-12-15T19:09:51.000Z,1
2019-12-15T22:42:44.000Z,1
2019-12-16T01:34:39.000Z,1
2019-12-16T06:11:20.000Z,1
2019-12-16T07:07:15.000Z,1
2019-12-16T07:26:54.000Z,1
2019-12-16T07:46:25.000Z,1
2019-12-16T08:06:16.000Z,1
2019-12-16T11:14:21.000Z,1
2019-12-16T11:45:38.000Z,1
2019-12-16T11:55:15.000Z,1
2019-12-16T13:46:56.000Z,1
2019-12-16T14:18:20.000Z,1
2019-12-16T14:45:07.000Z,1
2019-12-16T15:24:12.000Z,1
2019-12-16T15:40:49.000Z,1
2019-12-16T17:02:42.000Z,1
2019-12-16T17:36:06.000Z,1
2019-12-16T18:17:57.000Z,1
2019-12-16T19:09:42.000Z,1
2019-12-16T19:20:48.000Z,1
2019-12-16T20:57:20.000Z,1
2019-12-16T21:39:08.000Z,1
2019-12-16T21:47:37.000Z,1
2019-12-17T06:07:48.000Z,1
2019-12-17T06:26:31.000Z,2
2019-12-17T07:11:32.000Z,1
2019-12-17T07:24:54.000Z,1
2019-12-17T07:25:49.000Z,1
2019-12-17T08:02:57.000Z,1
2019-12-17T08:10:22.000Z,1
2019-12-17T08:43:38.000Z,1
2019-12-17T09:27:59.000Z,1
2019-12-17T10:56:46.000Z,1
2019-12-17T11:16:33.000Z,1
2019-12-17T11:31:17.000Z,1
2019-12-17T12:05:11.000Z,1
2019-12-17T14:52:13.000Z,1
2019-12-17T16:17:46.000Z,2
2019-12-17T16:39:29.000Z,1
2019-12-17T17:20:55.000Z,1
2019-12-17T17:24:41.000Z,1
2019-12-17T17:25:41.000Z,2
2019-12-17T17:35:43.000Z,2
2019-12-17T17:46:46.000Z,1
2019-12-17T18:13:56.000Z,1
2019-12-17T18:15:45.000Z,1
2019-12-17T19:15:45.000Z,1
2019-12-17T19:23:02.000Z,1
2019-12-17T19:40:39.000Z,1
2019-12-17T20:20:00.000Z,1
2019-12-17T22:44:21.000Z,1
2019-12-18T00:23:55.000Z,1
2019-12-18T06:05:30.000Z,1
2019-12-18T06:19:00.000Z,1
2019-12-18T06:52:01.000Z,1
2019-12-18T07:28:19.000Z,1
2019-12-18T07:41:33.000Z,1
2019-12-18T08:11:58.000Z,1
2019-12-18T08:37:10.000Z,1
2019-12-18T08:40:53.000Z,1
2019-12-18T08:41:31.000Z,1
2019-12-18T09:11:15.000Z,1
2019-12-18T09:14:14.000Z,1
2019-12-18T09:14:53.000Z,1
2019-12-18T09:34:47.000Z,1
2019-12-18T13:14:14.000Z,1
2019-12-18T14:10:03.000Z,1
2019-12-18T16:55:39.000Z,1
2019-12-18T17:05:35.000Z,1
2019-12-18T17:18:55.000Z,1
2019-12-18T17:23:04.000Z,1
2019-12-18T18:26:21.000Z,1
2019-12-18T18:31:07.000Z,1
2019-12-18T20:04:31.000Z,1
2019-12-18T23:49:08.000Z,1
2019-12-19T06:41:33.000Z,1
2019-12-19T07:08:24.000Z,1
2019-12-19T07:36:01.000Z,1
2019-12-19T07:41:37.000Z,1
2019-12-19T07:56:44.000Z,1
2019-12-19T07:59:08.000Z,1
2019-12-19T08:02:44.000Z,1
2019-12-19T08:29:31.000Z,1
2019-12-19T08:35:21.000Z,1
2019-12-19T10:49:44.000Z,1
2019-12-19T11:13:04.000Z,1
2019-12-19T11:17:51.000Z,1
2019-12-19T11:48:19.000Z,1
2019-12-19T12:41:27.000Z,1
2019-12-19T13:10:35.000Z,1
2019-12-19T16:17:31.000Z,2
2019-12-19T16:42:00.000Z,1
2019-12-19T17:09:09.000Z,1
2019-12-19T17:09:13.000Z,2
2019-12-19T17:12:58.000Z,1
2019-12-19T17:22:00.000Z,1
2019-12-19T18:05:24.000Z,1
2019-12-19T18:44:47.000Z,1
2019-12-19T18:48:28.000Z,1
2019-12-19T19:43:49.000Z,1
2019-12-19T20:23:28.000Z,1
2019-12-19T20:43:56.000Z,1
2019-12-19T21:33:16.000Z,1
2019-12-19T22:25:19.000Z,1
2019-12-20T06:54:23.000Z,1
2019-12-20T08:13:39.000Z,1
2019-12-20T08:26:04.000Z,1
2019-12-20T09:08:09.000Z,1
2019-12-20T09:33:31.000Z,1
2019-12-20T10:06:15.000Z,1
2019-12-20T10:08:06.000Z,1
2019-12-20T11:58:35.000Z,1
2019-12-20T14:44:12.000Z,1
2019-12-20T14:59:06.000Z,1
2019-12-20T15:11:13.000Z,1
2019-12-20T15:52:05.000Z,1
2019-12-20T16:39:57.000Z,1
2019-12-20T17:18:27.000Z,1
2019-12-20T17:23:40.000Z,1
2019-12-20T18:58:52.000Z,1
2019-12-20T20:05:09.000Z,1
2019-12-20T21:08:59.000Z,1
2019-12-20T23:49:48.000Z,1
2019-12-21T09:40:42.000Z,1
2019-12-21T11:04:25.000Z,1
2019-12-21T11:45:13.000Z,1
2019-12-21T11:58:27.000Z,1
2019-12-21T13:35:20.000Z,1
2019-12-21T14:11:06.000Z,1
2019-12-21T14:53:14.000Z,1
2019-12-21T16:25:53.000Z,1
2019-12-21T16:55:06.000Z,1
2019-12-21T18:31:46.000Z,1
2019-12-22T00:06:04.000Z,1
2019-12-22T00:15:48.000Z,1
2019-12-22T09:48:19.000Z,1
2019-12-22T09:48:22.000Z,1
2019-12-22T10:30:54.000Z,1
2019-12-22T10:51:23.000Z,1
2019-12-22T12:56:20.000Z,1
2019-12-22T13:23:25.000Z,1
2019-12-22T13:47:32.000Z,2
2019-12-22T13:53:53.000Z,1
2019-12-22T14:06:35.000Z,1
2019-12-22T14:51:35.000Z,1
2019-12-22T15:19:07.000Z,1
2019-12-22T15:43:13.000Z,1
2019-12-22T15:46:16.000Z,1
2019-12-22T16:09:34.000Z,1
2019-12-22T16:17:06.000Z,1
2019-12-22T16:17:19.000Z,1
2019-12-22T16:23:18.000Z,1
2019-12-22T17:00:49.000Z,1
2019-12-22T17:09:04.000Z,1
2019-12-22T17:49:57.000Z,1
2019-12-22T18:03:48.000Z,1
2019-12-22T22:58:19.000Z,1
2019-12-23T05:51:32.000Z,1
2019-12-23T07:38:43.000Z,1
2019-12-23T07:52:20.000Z,1
2019-12-23T07:57:11.000Z,1
2019-12-23T08:30:59.000Z,2
2019-12-23T08:35:30.000Z,1
2019-12-23T11:01:32.000Z,1
2019-12-23T11:39:35.000Z,1
2019-12-11T14:17:57.000Z,1
2019-12-11T15:01:29.000Z,1
2019-12-11T15:19:33.000Z,2
2019-12-11T15:27:33.000Z,1
2019-12-11T15:50:20.000Z,1
2019-12-11T16:41:57.000Z,1
2019-12-11T17:23:40.000Z,1
2019-12-11T17:37:56.000Z,1
2019-12-11T18:00:47.000Z,1
2019-12-11T19:06:56.000Z,1
2019-12-11T19:23:52.000Z,1
2019-12-11T23:12:21.000Z,1
2019-12-12T05:27:56.000Z,1
2019-12-12T06:04:17.000Z,1
2019-12-12T07:03:12.000Z,1
2019-12-12T07:21:36.000Z,1
2019-12-12T16:31:12.000Z,1
2019-12-12T16:40:30.000Z,1
2019-12-12T17:12:18.000Z,1
2019-12-13T10:31:06.000Z,1
2019-12-13T16:59:07.000Z,1
2019-12-11T18:19:20.000Z,1
2019-12-11T23:23:45.000Z,1
2019-12-12T06:20:57.000Z,1
2019-12-12T07:18:20.000Z,1
2019-12-12T08:41:51.000Z,2
2019-12-12T08:51:30.000Z,1
2019-12-12T08:52:00.000Z,1
2019-12-12T08:56:59.000Z,1
2019-12-12T09:57:08.000Z,1
2019-12-12T11:22:03.000Z,1
2019-12-12T12:02:50.000Z,1
2019-12-12T14:59:36.000Z,1
2019-12-12T15:00:25.000Z,1
2019-12-12T15:50:45.000Z,1
2019-12-12T16:44:42.000Z,1
2019-12-12T17:11:16.000Z,1
2019-12-12T17:17:30.000Z,2
2019-12-12T17:17:45.000Z,1
2019-12-12T17:30:16.000Z,1
2019-12-12T17:42:30.000Z,1
2019-12-12T18:09:12.000Z,2
2019-12-12T18:10:42.000Z,1
2019-12-12T18:17:28.000Z,1
2019-12-12T18:25:44.000Z,1
2019-12-12T18:44:51.000Z,2
2019-12-12T18:48:19.000Z,1
2019-12-12T19:48:04.000Z,1
2019-12-12T19:51:56.000Z,1
2019-12-12T20:39:38.000Z,1
2019-12-12T22:26:12.000Z,1
2019-12-13T06:53:28.000Z,1
2019-12-13T07:03:50.000Z,1
2019-12-13T07:42:12.000Z,1
2019-12-13T08:38:50.000Z,1
2019-12-13T08:44:28.000Z,1
2019-12-13T08:45:50.000Z,1
2019-12-13T08:47:26.000Z,1
2019-12-13T08:48:22.000Z,1
2019-12-13T08:48:44.000Z,1
2019-12-13T08:58:19.000Z,1
2019-12-13T09:03:48.000Z,1
2019-12-13T09:07:16.000Z,1
2019-12-13T09:15:58.000Z,1
2019-12-13T09:39:47.000Z,1
2019-12-13T09:56:21.000Z,1
2019-12-13T10:07:59.000Z,1
2019-12-13T10:38:38.000Z,1
2019-12-13T11:30:45.000Z,1
2019-12-13T12:53:14.000Z,1
2019-12-13T13:29:05.000Z,1
2019-12-13T14:00:18.000Z,1
2019-12-13T14:34:52.000Z,1
2019-12-13T15:11:20.000Z,1
2019-12-13T15:31:53.000Z,1
2019-12-13T15:32:30.000Z,1
2019-12-13T15:45:11.000Z,1
2019-12-13T15:58:26.000Z,1
2019-12-13T16:35:36.000Z,1
2019-12-13T16:42:19.000Z,1
2019-12-13T16:53:11.000Z,1
2019-12-13T16:53:24.000Z,1
2019-12-13T17:01:59.000Z,2
2019-12-13T17:11:24.000Z,1
2019-12-13T17:15:03.000Z,3
2019-12-13T17:25:20.000Z,1
2019-12-13T18:08:18.000Z,1
2019-12-13T18:12:34.000Z,1
2019-12-13T18:36:50.000Z,1
2019-12-13T19:02:44.000Z,1
2019-12-13T19:04:11.000Z,1
2019-12-13T19:26:38.000Z,1
2019-12-13T20:49:38.000Z,1
2019-12-13T23:11:32.000Z,1
2019-12-14T07:26:10.000Z,1
2019-12-14T08:11:04.000Z,1
2019-12-14T08:22:54.000Z,1
2019-12-14T09:34:30.000Z,1
2019-12-14T10:20:17.000Z,1
2019-12-14T10:31:32.000Z,1
2019-12-14T11:41:27.000Z,1
2019-12-14T12:08:39.000Z,1
2019-12-14T12:20:51.000Z,1
2019-12-14T12:21:03.000Z,1
2019-12-14T14:11:35.000Z,1
2019-12-14T14:31:34.000Z,1
2019-12-14T14:43:51.000Z,1
2019-12-14T15:18:43.000Z,1
2019-12-14T18:16:35.000Z,1
2019-12-14T18:36:25.000Z,1
2019-12-15T06:41:10.000Z,1
2019-12-15T07:29:38.000Z,1
2019-12-15T09:38:43.000Z,1
2019-12-15T09:51:59.000Z,1
2019-12-15T09:59:00.000Z,1
2019-12-15T11:07:59.000Z,1
2019-12-15T14:32:37.000Z,1
2019-12-15T14:57:14.000Z,1
2019-12-15T16:08:08.000Z,1
2019-12-15T16:46:59.000Z,1
2019-12-15T18:09:07.000Z,1
2019-12-15T22:06:02.000Z,1
2019-12-15T23:51:32.000Z,1
2019-12-16T06:07:52.000Z,1
2019-12-16T06:35:15.000Z,1
2019-12-16T07:20:58.000Z,2
2019-12-16T07:50:13.000Z,1
2019-12-16T08:01:05.000Z,1
2019-12-16T08:10:56.000Z,1
2019-12-16T08:26:53.000Z,1
2019-12-16T08:55:20.000Z,1
2019-12-16T15:40:17.000Z,1
2019-12-16T16:06:49.000Z,1
2019-12-16T16:19:48.000Z,1
2019-12-16T16:27:54.000Z,1
2019-12-16T17:04:24.000Z,1
2019-12-16T17:10:28.000Z,1
2019-12-16T17:21:19.000Z,1
2019-12-16T17:56:54.000Z,1
2019-12-16T18:23:26.000Z,1
2019-12-16T19:05:26.000Z,1
2019-12-16T20:59:47.000Z,1
2019-12-16T23:02:24.000Z,1
2019-12-17T05:26:20.000Z,1
2019-12-17T06:34:29.000Z,1
2019-12-17T06:39:40.000Z,1
2019-12-17T07:01:40.000Z,1
2019-12-17T07:24:14.000Z,1
2019-12-17T07:47:02.000Z,1
2019-12-17T08:25:09.000Z,1
2019-12-17T08:36:08.000Z,1
2019-12-17T09:18:08.000Z,2
2019-12-17T09:57:24.000Z,1
2019-12-17T14:24:08.000Z,1
2019-12-17T15:11:51.000Z,1
2019-12-17T15:18:09.000Z,1
2019-12-17T15:19:34.000Z,1
2019-12-17T15:28:08.000Z,1
2019-12-17T15:32:02.000Z,1
2019-12-17T16:09:20.000Z,1
2019-12-17T16:14:25.000Z,2
2019-12-17T16:28:55.000Z,1
2019-12-17T17:12:15.000Z,2
2019-12-17T17:17:52.000Z,1
2019-12-17T17:18:46.000Z,1
2019-12-17T17:35:12.000Z,1
2019-12-17T17:36:34.000Z,1
2019-12-17T18:01:00.000Z,1
2019-12-17T18:05:55.000Z,1
2019-12-17T19:05:32.000Z,1
2019-12-17T21:42:19.000Z,1
2019-12-18T05:23:53.000Z,1
2019-12-18T07:30:36.000Z,1
2019-12-18T07:39:40.000Z,1
2019-12-18T07:51:45.000Z,2
2019-12-18T07:56:39.000Z,1
2019-12-18T08:10:21.000Z,1
2019-12-18T08:21:19.000Z,1
2019-12-18T08:31:16.000Z,1
2019-12-18T08:33:10.000Z,2
2019-12-18T08:51:41.000Z,1
2019-12-18T08:54:01.000Z,1
2019-12-18T09:19:02.000Z,1
2019-12-18T12:22:49.000Z,1
2019-12-18T15:54:50.000Z,1
2019-12-18T16:23:20.000Z,1
2019-12-18T16:34:47.000Z,1
2019-12-18T16:51:08.000Z,1
2019-12-18T17:17:20.000Z,1
2019-12-18T17:18:49.000Z,2
2019-12-18T17:18:52.000Z,1
2019-12-18T17:23:32.000Z,1
2019-12-18T17:27:35.000Z,1
2019-12-18T17:39:34.000Z,1
2019-12-18T17:59:14.000Z,1
2019-12-18T18:18:48.000Z,1
2019-12-18T18:44:32.000Z,1
2019-12-18T18:51:33.000Z,1
2019-12-18T19:01:04.000Z,1
2019-12-18T21:28:45.000Z,1
2019-12-19T06:02:50.000Z,1
2019-12-19T07:01:25.000Z,1
2019-12-19T08:05:06.000Z,1
2019-12-19T08:30:07.000Z,1
2019-12-19T08:46:45.000Z,1
2019-12-19T09:27:57.000Z,1
2019-12-19T10:03:55.000Z,1
2019-12-19T10:08:27.000Z,1
2019-12-19T14:05:34.000Z,1
2019-12-19T14:31:50.000Z,1
2019-12-19T15:48:18.000Z,1
2019-12-19T16:07:49.000Z,1
2019-12-19T17:17:44.000Z,1
2019-12-19T17:19:25.000Z,1
2019-12-19T17:37:02.000Z,1
2019-12-19T18:40:16.000Z,1
2019-12-19T19:00:53.000Z,1
2019-12-19T19:02:59.000Z,1
2019-12-19T19:08:26.000Z,1
2019-12-19T19:32:45.000Z,1
2019-12-19T21:00:52.000Z,1
2019-12-19T21:46:08.000Z,1
2019-12-19T23:48:31.000Z,1
2019-12-20T04:39:22.000Z,1
2019-12-20T05:54:59.000Z,1
2019-12-20T06:29:02.000Z,1
2019-12-20T06:43:41.000Z,1
2019-12-20T07:34:52.000Z,2
2019-12-20T07:54:03.000Z,1
2019-12-20T08:03:33.000Z,1
2019-12-20T08:51:08.000Z,1
2019-12-20T08:59:23.000Z,1
2019-12-20T09:02:40.000Z,1
2019-12-20T10:54:49.000Z,1
2019-12-20T11:38:14.000Z,2
2019-12-20T12:54:59.000Z,1
2019-12-20T13:16:31.000Z,1
2019-12-20T13:32:23.000Z,1
2019-12-20T14:14:01.000Z,1
2019-12-20T15:03:38.000Z,1
2019-12-20T15:08:23.000Z,1
2019-12-20T15:55:59.000Z,1
2019-12-20T17:45:30.000Z,1
2019-12-20T18:03:39.000Z,1
2019-12-20T18:53:25.000Z,1
2019-12-20T20:29:05.000Z,1
2019-12-20T20:40:20.000Z,1
2019-12-21T00:51:55.000Z,1
2019-12-21T09:42:16.000Z,1
2019-12-21T10:13:21.000Z,2
2019-12-21T11:44:46.000Z,1
2019-12-21T12:14:18.000Z,1
2019-12-21T13:02:32.000Z,1
2019-12-21T13:19:21.000Z,1
2019-12-21T14:00:27.000Z,1
2019-12-21T14:06:33.000Z,1
2019-12-21T14:29:56.000Z,1
2019-12-21T14:41:18.000Z,1
2019-12-21T14:55:21.000Z,1
2019-12-21T16:04:06.000Z,1
2019-12-21T16:56:26.000Z,1
2019-12-21T18:10:48.000Z,1
2019-12-21T19:40:29.000Z,1
2019-12-21T20:00:50.000Z,1
2019-12-22T02:34:49.000Z,1
2019-12-22T07:55:07.000Z,1
2019-12-22T12:27:54.000Z,1
2019-12-22T12:31:00.000Z,1
2019-12-22T12:37:34.000Z,1
2019-12-22T12:55:50.000Z,1
2019-12-22T13:11:42.000Z,1
2019-12-22T14:15:50.000Z,1
2019-12-22T15:37:20.000Z,1
2019-12-22T16:51:09.000Z,1
2019-12-22T18:27:16.000Z,2
2019-12-22T20:11:56.000Z,1
2019-12-22T20:15:25.000Z,1
2019-12-23T06:15:18.000Z,1
2019-12-23T07:29:21.000Z,1
2019-12-23T07:41:08.000Z,1
2019-12-23T07:43:16.000Z,1
2019-12-23T07:50:13.000Z,1
2019-12-23T08:15:22.000Z,1
2019-12-23T09:22:27.000Z,1
2019-12-23T10:07:13.000Z,1
2019-12-23T10:32:57.000Z,1
2019-12-23T11:53:12.000Z,1
2019-12-11T15:52:55.000Z,2
2019-12-11T16:03:13.000Z,1
2019-12-11T16:35:51.000Z,1
2019-12-11T16:47:53.000Z,1
2019-12-11T16:47:58.000Z,1
2019-12-11T16:58:04.000Z,1
2019-12-11T17:45:07.000Z,1
2019-12-11T18:04:34.000Z,1
2019-12-11T18:37:41.000Z,1
2019-12-11T18:39:03.000Z,1
2019-12-11T21:44:18.000Z,1
2019-12-12T06:08:34.000Z,1
2019-12-12T13:36:06.000Z,1
2019-12-12T14:21:28.000Z,1
2019-12-12T15:55:50.000Z,1
2019-12-12T17:20:31.000Z,1
2019-12-12T23:36:46.000Z,1
2019-12-11T17:28:28.000Z,1
2019-12-11T20:22:50.000Z,1
2019-12-11T22:27:54.000Z,1
2019-12-12T07:19:41.000Z,1
2019-12-12T07:58:20.000Z,1
2019-12-12T08:09:46.000Z,1
2019-12-12T08:21:23.000Z,1
2019-12-12T08:34:42.000Z,1
2019-12-12T08:42:21.000Z,1
2019-12-12T09:40:41.000Z,1
2019-12-12T11:44:07.000Z,1
2019-12-12T12:32:55.000Z,1
2019-12-12T13:18:32.000Z,1
2019-12-12T13:46:24.000Z,1
2019-12-12T15:36:50.000Z,1
2019-12-12T16:04:57.000Z,1
2019-12-12T16:23:17.000Z,1
2019-12-12T16:41:42.000Z,1
2019-12-12T17:08:27.000Z,1
2019-12-12T17:46:01.000Z,2
2019-12-12T17:48:49.000Z,2
2019-12-12T18:17:07.000Z,1
2019-12-12T19:09:42.000Z,1
2019-12-12T19:50:07.000Z,1
2019-12-12T20:48:17.000Z,1
2019-12-12T20:51:39.000Z,1
2019-12-12T22:50:27.000Z,1
2019-12-13T06:06:12.000Z,1
2019-12-13T06:06:32.000Z,1
2019-12-13T06:39:51.000Z,1
2019-12-13T06:41:50.000Z,1
2019-12-13T07:01:13.000Z,1
2019-12-13T07:05:49.000Z,1
2019-12-13T07:12:13.000Z,1
2019-12-13T07:25:28.000Z,1
2019-12-13T08:09:13.000Z,1
2019-12-13T08:23:33.000Z,1
2019-12-13T08:27:42.000Z,1
2019-12-13T08:38:00.000Z,1
2019-12-13T08:40:34.000Z,2
2019-12-13T08:46:15.000Z,3
2019-12-13T09:50:58.000Z,1
2019-12-13T10:42:20.000Z,1
2019-12-13T11:59:39.000Z,1
2019-12-13T12:11:47.000Z,1
2019-12-13T12:28:32.000Z,1
2019-12-13T13:38:12.000Z,1
2019-12-13T13:58:17.000Z,1
2019-12-13T14:35:03.000Z,1
2019-12-13T16:22:33.000Z,1
2019-12-13T16:24:22.000Z,1
2019-12-13T17:09:23.000Z,1
2019-12-13T17:31:50.000Z,1
2019-12-13T17:33:13.000Z,1
2019-12-13T17:42:38.000Z,1
2019-12-13T17:45:46.000Z,1
2019-12-13T18:04:09.000Z,1
2019-12-13T18:19:59.000Z,1
2019-12-13T18:28:51.000Z,1
2019-12-13T18:33:09.000Z,1
2019-12-13T19:13:17.000Z,1
2019-12-13T19:23:11.000Z,1
2019-12-13T21:34:56.000Z,1
2019-12-13T22:52:54.000Z,1
2019-12-14T02:57:39.000Z,1
2019-12-14T06:44:29.000Z,1
2019-12-14T08:26:51.000Z,1
2019-12-14T10:23:22.000Z,1
2019-12-14T10:42:54.000Z,1
2019-12-14T11:04:53.000Z,1
2019-12-14T12:56:50.000Z,1
2019-12-14T13:31:19.000Z,1
2019-12-14T13:57:39.000Z,1
2019-12-14T15:59:56.000Z,1
2019-12-14T16:45:42.000Z,1
2019-12-14T17:02:07.000Z,1
2019-12-14T17:34:27.000Z,1
2019-12-14T18:14:12.000Z,1
2019-12-14T19:47:55.000Z,1
2019-12-14T21:01:27.000Z,1
2019-12-14T23:11:20.000Z,1
2019-12-15T01:24:53.000Z,1
2019-12-15T10:10:15.000Z,1
2019-12-15T10:34:46.000Z,1
2019-12-15T10:55:22.000Z,1
2019-12-15T11:41:08.000Z,1
2019-12-15T12:35:39.000Z,1
2019-12-15T12:41:41.000Z,1
2019-12-15T13:28:17.000Z,1
2019-12-15T17:45:04.000Z,1
2019-12-15T18:32:53.000Z,1
2019-12-15T20:16:36.000Z,1
2019-12-15T20:47:15.000Z,1
2019-12-15T22:01:54.000Z,1
2019-12-15T23:41:17.000Z,1
2019-12-16T07:44:29.000Z,1
2019-12-16T07:53:29.000Z,1
2019-12-16T07:55:42.000Z,1
2019-12-16T08:10:09.000Z,1
2019-12-16T08:42:38.000Z,1
2019-12-16T09:18:28.000Z,1
2019-12-16T11:32:55.000Z,1
2019-12-16T16:25:08.000Z,1
2019-12-16T16:27:16.000Z,1
2019-12-16T16:28:29.000Z,1
2019-12-16T16:43:17.000Z,2
2019-12-16T16:45:45.000Z,1
2019-12-16T16:53:27.000Z,2
2019-12-16T17:01:37.000Z,1
2019-12-16T17:19:23.000Z,1
2019-12-16T17:19:58.000Z,1
2019-12-16T17:26:37.000Z,2
2019-12-16T17:30:34.000Z,1
2019-12-16T17:57:10.000Z,1
2019-12-16T18:12:57.000Z,2
2019-12-16T18:14:27.000Z,1
2019-12-16T18:16:32.000Z,1
2019-12-16T20:54:21.000Z,1
2019-12-16T20:55:05.000Z,1
2019-12-17T07:10:43.000Z,1
2019-12-17T07:40:53.000Z,1
2019-12-17T07:47:57.000Z,1
2019-12-17T07:50:10.000Z,2
2019-12-17T08:07:12.000Z,2
2019-12-17T08:14:24.000Z,1
2019-12-17T08:29:08.000Z,1
2019-12-17T08:34:18.000Z,1
2019-12-17T11:39:36.000Z,1
2019-12-17T12:56:41.000Z,1
2019-12-17T15:51:44.000Z,1
2019-12-17T16:30:52.000Z,1
2019-12-17T16:33:29.000Z,1
2019-12-17T17:23:45.000Z,2
2019-12-17T17:31:56.000Z,1
2019-12-17T17:50:39.000Z,1
2019-12-17T18:00:29.000Z,1
2019-12-17T18:11:45.000Z,1
2019-12-17T20:12:44.000Z,1
2019-12-17T23:31:43.000Z,1
2019-12-18T05:57:02.000Z,1
2019-12-18T06:32:27.000Z,1
2019-12-18T07:04:59.000Z,1
2019-12-18T07:17:40.000Z,1
2019-12-18T07:59:27.000Z,1
2019-12-18T08:53:06.000Z,1
2019-12-18T08:54:27.000Z,1
2019-12-18T09:21:14.000Z,1
2019-12-18T09:39:25.000Z,1
2019-12-18T11:25:39.000Z,1
2019-12-18T12:56:52.000Z,2
2019-12-18T13:32:53.000Z,1
2019-12-18T14:41:04.000Z,1
2019-12-18T16:07:28.000Z,1
2019-12-18T17:31:27.000Z,1
2019-12-18T17:43:35.000Z,1
2019-12-18T18:32:23.000Z,2
2019-12-18T19:06:55.000Z,2
2019-12-18T22:59:30.000Z,1
2019-12-19T06:34:06.000Z,1
2019-12-19T06:40:25.000Z,1
2019-12-19T06:55:58.000Z,1
2019-12-19T07:27:35.000Z,2
2019-12-19T07:35:04.000Z,1
2019-12-19T08:07:41.000Z,1
2019-12-19T08:33:02.000Z,1
2019-12-19T08:41:06.000Z,2
2019-12-19T09:06:51.000Z,1
2019-12-19T09:13:35.000Z,1
2019-12-19T12:57:04.000Z,1
2019-12-19T13:00:28.000Z,1
2019-12-19T13:46:01.000Z,1
2019-12-19T13:49:12.000Z,1
2019-12-19T13:50:52.000Z,1
2019-12-19T15:53:46.000Z,1
2019-12-19T16:11:09.000Z,1
2019-12-19T16:40:09.000Z,1
2019-12-19T16:42:24.000Z,1
2019-12-19T17:15:57.000Z,1
2019-12-19T18:13:39.000Z,1
2019-12-19T18:19:51.000Z,1
2019-12-19T20:32:50.000Z,1
2019-12-19T21:40:45.000Z,1
2019-12-20T03:48:21.000Z,1
2019-12-20T05:23:39.000Z,1
2019-12-20T05:46:49.000Z,1
2019-12-20T06:50:16.000Z,1
2019-12-20T07:50:23.000Z,1
2019-12-20T08:55:54.000Z,1
2019-12-20T10:21:10.000Z,1
2019-12-20T11:56:36.000Z,1
2019-12-20T12:04:07.000Z,1
2019-12-20T12:38:36.000Z,1
2019-12-20T13:15:19.000Z,1
2019-12-20T14:32:47.000Z,1
2019-12-20T15:58:55.000Z,1
2019-12-20T16:04:17.000Z,1
2019-12-20T16:27:41.000Z,1
2019-12-20T16:32:16.000Z,1
2019-12-20T16:36:09.000Z,1
2019-12-20T17:22:23.000Z,1
2019-12-20T17:28:54.000Z,2
2019-12-20T18:04:27.000Z,1
2019-12-20T20:56:50.000Z,1
2019-12-21T00:39:10.000Z,1
2019-12-21T07:37:41.000Z,1
2019-12-21T08:55:51.000Z,1
2019-12-21T09:07:31.000Z,1
2019-12-21T09:21:40.000Z,1
2019-12-21T09:38:48.000Z,1
2019-12-21T10:51:09.000Z,1
2019-12-21T10:56:07.000Z,1
2019-12-21T11:14:35.000Z,1
2019-12-21T11:50:38.000Z,1
2019-12-21T13:04:18.000Z,1
2019-12-21T13:35:37.000Z,3
2019-12-21T13:49:18.000Z,1
2019-12-21T13:58:52.000Z,1
2019-12-21T14:26:44.000Z,1
2019-12-21T15:13:42.000Z,1
2019-12-21T15:50:09.000Z,1
2019-12-21T15:50:29.000Z,1
2019-12-21T17:07:21.000Z,1
2019-12-21T17:21:05.000Z,1
2019-12-21T17:30:57.000Z,1
2019-12-21T17:41:23.000Z,1
2019-12-21T19:29:26.000Z,1
2019-12-22T11:17:51.000Z,1
2019-12-22T11:25:11.000Z,1
2019-12-22T11:25:27.000Z,1
2019-12-22T11:59:22.000Z,1
2019-12-22T13:04:35.000Z,1
2019-12-22T13:39:56.000Z,1
2019-12-22T14:02:03.000Z,1
2019-12-22T14:55:35.000Z,1
2019-12-22T15:30:17.000Z,1
2019-12-22T15:32:32.000Z,2
2019-12-22T15:40:01.000Z,1
2019-12-22T16:27:49.000Z,1
2019-12-22T16:55:41.000Z,1
2019-12-22T18:28:54.000Z,1
2019-12-22T18:42:15.000Z,1
2019-12-22T20:08:03.000Z,1
2019-12-22T20:26:07.000Z,1
2019-12-22T20:55:14.000Z,1
2019-12-22T21:54:44.000Z,1
2019-12-23T00:42:39.000Z,1
2019-12-23T06:46:16.000Z,1
2019-12-23T07:44:58.000Z,1
2019-12-23T08:26:56.000Z,1
2019-12-23T08:29:07.000Z,2
2019-12-23T09:08:03.000Z,1
2019-12-23T11:01:47.000Z,1
2019-12-23T11:18:22.000Z,1
2019-12-23T11:34:13.000Z,2
2019-12-11T14:20:21.000Z,1
2019-12-11T15:30:54.000Z,2
2019-12-11T16:25:09.000Z,1
2019-12-11T16:33:54.000Z,1
2019-12-11T16:48:11.000Z,1
2019-12-11T16:58:24.000Z,1
2019-12-11T17:25:53.000Z,1
2019-12-11T17:27:13.000Z,1
2019-12-11T18:18:52.000Z,1
2019-12-11T20:00:00.000Z,1
2019-12-12T05:48:16.000Z,1
2019-12-12T06:39:44.000Z,1
2019-12-12T06:55:34.000Z,1
2019-12-12T07:04:28.000Z,1
2019-12-12T08:16:19.000Z,1
2019-12-12T16:00:51.000Z,1
2019-12-12T16:20:56.000Z,1
2019-12-12T16:43:39.000Z,1
2019-12-12T17:08:18.000Z,1
2019-12-12T17:49:37.000Z,1
2019-12-12T18:04:17.000Z,1
2019-12-13T06:11:02.000Z,1
2019-12-13T07:32:25.000Z,1
2019-12-12T04:19:32.000Z,1
2019-12-12T07:46:43.000Z,2
2019-12-12T11:55:33.000Z,1
2019-12-12T12:52:22.000Z,1
2019-12-12T14:23:39.000Z,1
2019-12-12T14:50:51.000Z,1
2019-12-12T16:23:00.000Z,1
2019-12-12T16:31:16.000Z,1
2019-12-12T16:44:08.000Z,1
2019-12-12T17:05:17.000Z,1
2019-12-12T17:08:09.000Z,1
2019-12-12T17:10:25.000Z,1
2019-12-12T19:15:12.000Z,1
2019-12-12T19:17:50.000Z,1
2019-12-13T04:51:51.000Z,1
2019-12-13T07:01:12.000Z,1
2019-12-13T07:01:32.000Z,1
2019-12-13T07:29:15.000Z,1
2019-12-13T07:35:52.000Z,1
2019-12-13T07:43:30.000Z,1
2019-12-13T07:55:49.000Z,3
2019-12-13T07:56:53.000Z,1
2019-12-13T08:04:30.000Z,1
2019-12-13T08:29:26.000Z,1
2019-12-13T09:06:18.000Z,1
2019-12-13T09:24:11.000Z,1
2019-12-13T09:42:30.000Z,1
2019-12-13T10:40:29.000Z,1
2019-12-13T11:04:33.000Z,1
2019-12-13T11:40:23.000Z,1
2019-12-13T11:58:38.000Z,1
2019-12-13T12:23:31.000Z,1
2019-12-13T12:26:35.000Z,1
2019-12-13T13:49:58.000Z,1
2019-12-13T14:06:20.000Z,1
2019-12-13T14:07:16.000Z,1
2019-12-13T14:25:51.000Z,1
2019-12-13T14:41:16.000Z,1
2019-12-13T15:07:10.000Z,2
2019-12-13T16:08:07.000Z,2
2019-12-13T16:45:14.000Z,1
2019-12-13T16:58:44.000Z,1
2019-12-13T17:07:22.000Z,1
2019-12-13T17:19:15.000Z,1
2019-12-13T17:29:12.000Z,2
2019-12-13T17:35:53.000Z,1
2019-12-13T18:08:46.000Z,1
2019-12-13T19:22:38.000Z,1
2019-12-13T19:44:15.000Z,1
2019-12-13T21:15:30.000Z,1
2019-12-14T07:53:51.000Z,1
2019-12-14T08:18:04.000Z,1
2019-12-14T09:04:46.000Z,1
2019-12-14T10:34:44.000Z,1
2019-12-14T11:36:10.000Z,1
2019-12-14T11:54:43.000Z,1
2019-12-14T13:25:55.000Z,1
2019-12-14T13:33:36.000Z,1
2019-12-14T14:47:39.000Z,1
2019-12-14T16:08:23.000Z,1
2019-12-14T16:48:34.000Z,1
2019-12-14T16:48:53.000Z,1
2019-12-14T17:22:31.000Z,1
2019-12-14T17:33:14.000Z,1
2019-12-14T17:34:29.000Z,1
2019-12-15T08:13:47.000Z,1
2019-12-15T09:53:24.000Z,1
2019-12-15T10:09:59.000Z,1
2019-12-15T12:45:57.000Z,1
2019-12-15T13:27:40.000Z,1
2019-12-15T13:31:00.000Z,1
2019-12-15T13:52:03.000Z,1
2019-12-15T14:59:38.000Z,1
2019-12-15T15:24:52.000Z,1
2019-12-15T16:01:25.000Z,1
2019-12-15T16:27:26.000Z,1
2019-12-15T17:09:46.000Z,1
2019-12-15T17:11:48.000Z,1
2019-12-15T17:34:52.000Z,1
2019-12-15T21:04:30.000Z,1
2019-12-16T05:13:58.000Z,1
2019-12-16T07:08:38.000Z,1
2019-12-16T08:13:11.000Z,1
2019-12-16T08:28:55.000Z,1
2019-12-16T08:45:28.000Z,1
2019-12-16T08:46:39.000Z,1
2019-12-16T10:08:33.000Z,1
2019-12-16T11:25:27.000Z,1
2019-12-16T12:19:32.000Z,1
2019-12-16T12:32:19.000Z,1
2019-12-16T12:46:19.000Z,1
2019-12-16T15:15:58.000Z,1
2019-12-16T16:04:07.000Z,1
2019-12-16T16:29:18.000Z,1
2019-12-16T16:36:56.000Z,1
2019-12-16T16:47:08.000Z,1
2019-12-16T16:54:15.000Z,1
2019-12-16T16:58:09.000Z,1
2019-12-16T17:44:54.000Z,1
2019-12-16T18:05:45.000Z,1
2019-12-16T18:41:40.000Z,1
2019-12-16T19:01:49.000Z,2
2019-12-16T19:04:19.000Z,1
2019-12-16T20:51:31.000Z,1
2019-12-16T22:13:00.000Z,1
2019-12-16T23:00:10.000Z,1
2019-12-17T05:34:33.000Z,1
2019-12-17T06:08:06.000Z,1
2019-12-17T06:21:58.000Z,2
2019-12-17T06:57:04.000Z,1
2019-12-17T07:03:34.000Z,1
2019-12-17T07:35:27.000Z,1
2019-12-17T07:46:14.000Z,1
2019-12-17T07:55:30.000Z,1
2019-12-17T08:18:32.000Z,1
2019-12-17T08:21:53.000Z,1
2019-12-17T08:38:07.000Z,1
2019-12-17T08:51:15.000Z,1
2019-12-17T09:52:28.000Z,1
2019-12-17T10:53:19.000Z,1
2019-12-17T10:58:10.000Z,1
2019-12-17T12:05:15.000Z,1
2019-12-17T14:38:22.000Z,1
2019-12-17T16:17:16.000Z,1
2019-12-17T16:30:07.000Z,1
2019-12-17T16:37:16.000Z,1
2019-12-17T16:46:07.000Z,1
2019-12-17T17:11:07.000Z,1
2019-12-17T17:11:32.000Z,1
2019-12-17T17:34:29.000Z,1
2019-12-17T17:40:37.000Z,1
2019-12-17T17:40:52.000Z,1
2019-12-17T17:57:35.000Z,1
2019-12-17T18:50:37.000Z,1
2019-12-17T18:54:03.000Z,1
2019-12-17T18:56:04.000Z,1
2019-12-17T18:56:45.000Z,1
2019-12-17T19:22:44.000Z,1
2019-12-17T19:25:37.000Z,1
2019-12-17T19:48:34.000Z,1
2019-12-18T06:18:14.000Z,1
2019-12-18T07:16:33.000Z,1
2019-12-18T08:01:02.000Z,1
2019-12-18T08:05:10.000Z,1
2019-12-18T08:11:06.000Z,1
2019-12-18T08:39:12.000Z,1
2019-12-18T09:15:23.000Z,1
2019-12-18T09:40:05.000Z,1
2019-12-18T10:08:22.000Z,1
2019-12-18T13:47:01.000Z,1
2019-12-18T14:14:30.000Z,1
2019-12-18T16:05:47.000Z,1
2019-12-18T16:20:20.000Z,1
2019-12-18T16:38:20.000Z,1
2019-12-18T17:06:52.000Z,1
2019-12-18T17:11:06.000Z,1
2019-12-18T17:11:49.000Z,1
2019-12-18T17:28:53.000Z,1
2019-12-18T17:42:57.000Z,1
2019-12-18T17:46:45.000Z,1
2019-12-18T18:12:34.000Z,1
2019-12-18T18:42:42.000Z,1
2019-12-18T19:00:59.000Z,1
2019-12-18T19:12:50.000Z,1
2019-12-19T06:49:20.000Z,1
2019-12-19T07:54:29.000Z,1
2019-12-19T07:55:35.000Z,1
2019-12-19T07:58:27.000Z,1
2019-12-19T08:20:25.000Z,1
2019-12-19T08:44:46.000Z,2
2019-12-19T09:14:06.000Z,1
2019-12-19T09:17:15.000Z,1
2019-12-19T11:52:26.000Z,1
2019-12-19T12:39:04.000Z,1
2019-12-19T13:35:28.000Z,1
2019-12-19T13:39:00.000Z,1
2019-12-19T13:57:00.000Z,2
2019-12-19T14:39:10.000Z,1
2019-12-19T16:10:59.000Z,1
2019-12-19T16:13:17.000Z,2
2019-12-19T17:13:27.000Z,1
2019-12-19T17:16:00.000Z,1
2019-12-19T17:26:48.000Z,1
2019-12-19T17:45:27.000Z,1
2019-12-19T17:46:58.000Z,1
2019-12-19T17:48:14.000Z,1
2019-12-19T18:38:59.000Z,1
2019-12-19T18:51:04.000Z,2
2019-12-19T19:06:54.000Z,1
2019-12-19T21:02:04.000Z,1
2019-12-19T21:09:09.000Z,1
2019-12-19T23:23:43.000Z,1
2019-12-20T00:43:26.000Z,1
2019-12-20T03:46:08.000Z,1
2019-12-20T06:32:37.000Z,1
2019-12-20T06:40:49.000Z,1
2019-12-20T07:12:47.000Z,1
2019-12-20T07:25:58.000Z,1
2019-12-20T07:31:27.000Z,1
2019-12-20T07:41:23.000Z,1
2019-12-20T08:15:52.000Z,1
2019-12-20T08:22:59.000Z,1
2019-12-20T08:36:05.000Z,1
2019-12-20T09:03:14.000Z,1
2019-12-20T09:15:27.000Z,1
2019-12-20T11:21:46.000Z,1
2019-12-20T13:47:03.000Z,1
2019-12-20T13:47:44.000Z,1
2019-12-20T14:44:42.000Z,1
2019-12-20T15:38:12.000Z,1
2019-12-20T16:07:35.000Z,1
2019-12-20T16:12:30.000Z,1
2019-12-20T16:21:07.000Z,1
2019-12-20T16:28:26.000Z,1
2019-12-20T16:50:39.000Z,1
2019-12-20T17:05:51.000Z,2
2019-12-20T17:17:37.000Z,1
2019-12-20T17:30:06.000Z,1
2019-12-20T17:31:20.000Z,1
2019-12-20T17:45:35.000Z,1
2019-12-20T18:23:02.000Z,1
2019-12-20T19:00:35.000Z,1
2019-12-20T21:06:15.000Z,1
2019-12-20T23:36:17.000Z,1
2019-12-21T07:00:58.000Z,1
2019-12-21T08:57:04.000Z,1
2019-12-21T09:52:44.000Z,1
2019-12-21T09:55:22.000Z,1
2019-12-21T10:12:30.000Z,1
2019-12-21T10:56:30.000Z,1
2019-12-21T12:22:01.000Z,1
2019-12-21T12:55:59.000Z,1
2019-12-21T13:14:07.000Z,1
2019-12-21T13:19:16.000Z,1
2019-12-21T13:23:47.000Z,1
2019-12-21T13:41:49.000Z,1
2019-12-21T14:05:52.000Z,1
2019-12-21T16:03:19.000Z,1
2019-12-21T16:16:55.000Z,1
2019-12-21T17:00:21.000Z,1
2019-12-21T17:07:08.000Z,1
2019-12-21T18:01:28.000Z,1
2019-12-21T18:47:21.000Z,1
2019-12-22T09:41:33.000Z,1
2019-12-22T12:07:59.000Z,1
2019-12-22T12:10:29.000Z,1
2019-12-22T12:15:02.000Z,1
2019-12-22T12:32:35.000Z,1
2019-12-22T12:41:29.000Z,1
2019-12-22T13:37:30.000Z,1
2019-12-22T14:46:24.000Z,1
2019-12-22T14:53:11.000Z,1
2019-12-22T15:31:10.000Z,1
2019-12-22T15:36:04.000Z,1
2019-12-22T16:14:54.000Z,1
2019-12-22T17:17:23.000Z,1
2019-12-22T17:21:53.000Z,1
2019-12-22T18:22:04.000Z,1
2019-12-22T19:03:21.000Z,1
2019-12-22T21:54:56.000Z,1
2019-12-22T22:41:50.000Z,1
2019-12-23T06:44:14.000Z,1
2019-12-23T06:47:53.000Z,2
2019-12-23T07:18:10.000Z,1
2019-12-23T07:34:36.000Z,1
2019-12-23T08:08:53.000Z,1
2019-12-23T08:28:37.000Z,1
2019-12-23T08:45:00.000Z,2
2019-12-23T09:05:03.000Z,1
2019-12-23T09:21:02.000Z,1
2019-12-23T10:50:27.000Z,1
2019-12-23T11:24:52.000Z,1
2019-12-23T11:28:06.000Z,1
2019-12-23T12:05:10.000Z,1
2019-12-11T13:18:47.000Z,1
2019-12-11T14:29:46.000Z,1
2019-12-11T15:09:16.000Z,1
2019-12-11T15:22:18.000Z,1
2019-12-11T16:28:10.000Z,1
2019-12-11T16:34:21.000Z,1
2019-12-11T16:42:53.000Z,1
2019-12-11T16:52:06.000Z,1
2019-12-11T17:12:50.000Z,1
2019-12-11T17:22:12.000Z,1
2019-12-11T18:04:32.000Z,1
2019-12-11T18:45:04.000Z,1
2019-12-11T19:05:13.000Z,1
2019-12-12T06:13:31.000Z,1
2019-12-12T06:16:22.000Z,1
2019-12-12T07:06:08.000Z,1
2019-12-12T08:36:51.000Z,1
2019-12-12T10:49:10.000Z,1
2019-12-12T17:43:48.000Z,1
2019-12-12T18:07:45.000Z,1
2019-12-12T18:45:36.000Z,1
2019-12-13T08:19:51.000Z,1
2019-12-13T15:46:24.000Z,1
2019-12-11T17:51:40.000Z,1
2019-12-11T18:16:56.000Z,1
2019-12-11T19:25:06.000Z,1
2019-12-12T07:42:45.000Z,1
2019-12-12T07:59:32.000Z,1
2019-12-12T10:20:34.000Z,1
2019-12-12T10:35:02.000Z,1
2019-12-12T12:41:51.000Z,1
2019-12-12T13:33:51.000Z,1
2019-12-12T13:57:42.000Z,1
2019-12-12T14:09:55.000Z,1
2019-12-12T14:21:22.000Z,1
2019-12-12T14:25:25.000Z,1
2019-12-12T16:32:08.000Z,1
2019-12-12T16:50:43.000Z,1
2019-12-12T17:00:29.000Z,1
2019-12-12T17:07:43.000Z,1
2019-12-12T17:22:14.000Z,1
2019-12-12T17:47:29.000Z,1
2019-12-12T17:54:29.000Z,1
2019-12-12T18:06:44.000Z,1
2019-12-12T18:09:05.000Z,1
2019-12-12T18:23:33.000Z,1
2019-12-12T18:39:16.000Z,1
2019-12-12T18:53:19.000Z,1
2019-12-12T19:56:48.000Z,2
2019-12-12T20:22:33.000Z,1
2019-12-13T06:31:27.000Z,1
2019-12-13T07:31:57.000Z,1
2019-12-13T07:50:13.000Z,1
2019-12-13T08:03:59.000Z,1
2019-12-13T08:11:05.000Z,1
2019-12-13T08:43:28.000Z,2
2019-12-13T08:51:55.000Z,1
2019-12-13T09:32:07.000Z,1
2019-12-13T09:39:59.000Z,1
2019-12-13T09:48:31.000Z,1
2019-12-13T09:52:30.000Z,1
2019-12-13T11:20:54.000Z,1
2019-12-13T12:06:08.000Z,1
2019-12-13T13:20:23.000Z,1
2019-12-13T13:20:33.000Z,1
2019-12-13T13:38:02.000Z,1
2019-12-13T15:11:13.000Z,1
2019-12-13T15:38:14.000Z,1
2019-12-13T15:40:15.000Z,1
2019-12-13T15:48:10.000Z,1
2019-12-13T16:33:47.000Z,1
2019-12-13T16:35:51.000Z,1
2019-12-13T16:36:36.000Z,1
2019-12-13T16:51:36.000Z,1
2019-12-13T17:17:46.000Z,1
2019-12-13T17:17:43.000Z,1
2019-12-13T17:26:53.000Z,1
2019-12-13T17:27:24.000Z,2
2019-12-13T17:49:25.000Z,1
2019-12-13T18:53:05.000Z,1
2019-12-13T19:39:06.000Z,1
2019-12-13T19:45:50.000Z,1
2019-12-13T22:33:02.000Z,1
2019-12-14T00:53:48.000Z,1
2019-12-14T08:16:58.000Z,1
2019-12-14T11:37:54.000Z,1
2019-12-14T11:57:58.000Z,1
2019-12-14T12:15:42.000Z,1
2019-12-14T13:10:17.000Z,1
2019-12-14T13:14:48.000Z,1
2019-12-14T14:05:55.000Z,1
2019-12-14T14:12:00.000Z,1
2019-12-14T15:49:50.000Z,1
2019-12-14T16:23:20.000Z,1
2019-12-14T16:31:14.000Z,1
2019-12-14T16:32:08.000Z,1
2019-12-14T17:45:49.000Z,1
2019-12-14T18:50:25.000Z,1
2019-12-14T23:30:36.000Z,1
2019-12-14T23:44:34.000Z,1
2019-12-15T09:19:21.000Z,1
2019-12-15T09:25:26.000Z,1
2019-12-15T10:24:03.000Z,1
2019-12-15T10:47:31.000Z,1
2019-12-15T11:06:29.000Z,1
2019-12-15T11:17:47.000Z,1
2019-12-15T11:19:06.000Z,1
2019-12-15T12:21:18.000Z,1
2019-12-15T13:16:02.000Z,1
2019-12-15T13:18:04.000Z,1
2019-12-15T13:48:32.000Z,1
2019-12-15T13:52:42.000Z,1
2019-12-15T14:04:42.000Z,1
2019-12-15T14:43:32.000Z,1
2019-12-15T15:00:25.000Z,1
2019-12-15T17:48:31.000Z,1
2019-12-15T18:04:31.000Z,1
2019-12-15T20:22:30.000Z,1
2019-12-15T21:54:03.000Z,1
2019-12-16T06:14:51.000Z,1
2019-12-16T06:15:13.000Z,1
2019-12-16T06:42:58.000Z,1
2019-12-16T07:26:33.000Z,2
2019-12-16T07:48:50.000Z,1
2019-12-16T07:51:59.000Z,2
2019-12-16T08:15:59.000Z,1
2019-12-16T08:34:36.000Z,2
2019-12-16T08:43:25.000Z,1
2019-12-16T09:05:02.000Z,1
2019-12-16T09:45:58.000Z,1
2019-12-16T10:49:05.000Z,1
2019-12-16T10:57:05.000Z,1
2019-12-16T12:36:34.000Z,2
2019-12-16T13:14:10.000Z,1
2019-12-16T13:29:37.000Z,2
2019-12-16T14:26:38.000Z,2
2019-12-16T14:36:00.000Z,2
2019-12-16T15:38:21.000Z,1
2019-12-16T15:43:59.000Z,1
2019-12-16T16:10:36.000Z,1
2019-12-16T16:38:26.000Z,1
2019-12-16T17:11:43.000Z,1
2019-12-16T17:36:18.000Z,2
2019-12-16T17:38:07.000Z,1
2019-12-16T17:54:40.000Z,1
2019-12-16T18:01:11.000Z,1
2019-12-16T18:56:27.000Z,1
2019-12-16T19:10:43.000Z,1
2019-12-16T20:13:09.000Z,1
2019-12-17T07:29:52.000Z,1
2019-12-17T07:32:54.000Z,1
2019-12-17T08:21:42.000Z,1
2019-12-17T08:42:49.000Z,1
2019-12-17T09:49:44.000Z,1
2019-12-17T09:50:20.000Z,1
2019-12-17T10:28:02.000Z,1
2019-12-17T11:31:26.000Z,1
2019-12-17T11:51:37.000Z,1
2019-12-17T11:53:45.000Z,1
2019-12-17T15:22:29.000Z,1
2019-12-17T15:42:19.000Z,1
2019-12-17T15:51:26.000Z,2
2019-12-17T16:38:11.000Z,1
2019-12-17T16:56:57.000Z,1
2019-12-17T16:59:19.000Z,1
2019-12-17T17:11:16.000Z,1
2019-12-17T17:26:37.000Z,1
2019-12-17T17:27:53.000Z,1
2019-12-17T17:30:25.000Z,1
2019-12-17T17:40:30.000Z,1
2019-12-17T18:26:57.000Z,1
2019-12-17T19:09:16.000Z,1
2019-12-17T19:49:15.000Z,1
2019-12-17T19:57:49.000Z,1
2019-12-17T20:18:07.000Z,1
2019-12-17T20:19:53.000Z,1
2019-12-17T21:29:16.000Z,1
2019-12-17T22:13:09.000Z,1
2019-12-18T07:20:20.000Z,2
2019-12-18T07:38:08.000Z,2
2019-12-18T08:02:12.000Z,2
2019-12-18T08:15:47.000Z,2
2019-12-18T08:19:01.000Z,1
2019-12-18T08:20:36.000Z,1
2019-12-18T08:34:19.000Z,1
2019-12-18T08:44:05.000Z,1
2019-12-18T08:50:45.000Z,1
2019-12-18T09:45:02.000Z,1
2019-12-18T13:38:05.000Z,1
2019-12-18T14:20:40.000Z,1
2019-12-18T14:52:07.000Z,1
2019-12-18T15:15:03.000Z,1
2019-12-18T15:33:32.000Z,1
2019-12-18T15:54:10.000Z,1
2019-12-18T16:44:45.000Z,1
2019-12-18T17:10:11.000Z,1
2019-12-18T17:31:38.000Z,1
2019-12-18T17:34:23.000Z,4
2019-12-18T17:34:49.000Z,1
2019-12-18T17:55:27.000Z,1
2019-12-18T18:04:42.000Z,1
2019-12-18T19:43:18.000Z,1
2019-12-19T06:53:43.000Z,1
2019-12-19T06:58:07.000Z,1
2019-12-19T07:01:42.000Z,1
2019-12-19T07:30:39.000Z,2
2019-12-19T07:35:23.000Z,1
2019-12-19T07:46:30.000Z,1
2019-12-19T08:34:32.000Z,1
2019-12-19T08:48:06.000Z,1
2019-12-19T08:50:14.000Z,1
2019-12-19T09:02:19.000Z,1
2019-12-19T11:39:38.000Z,1
2019-12-19T11:50:53.000Z,1
2019-12-19T12:28:54.000Z,1
2019-12-19T12:33:20.000Z,1
2019-12-19T12:51:39.000Z,1
2019-12-19T14:19:03.000Z,1
2019-12-19T15:41:19.000Z,2
2019-12-19T16:07:55.000Z,1
2019-12-19T16:11:27.000Z,1
2019-12-19T16:37:12.000Z,1
2019-12-19T16:52:49.000Z,1
2019-12-19T17:01:13.000Z,1
2019-12-19T17:19:22.000Z,1
2019-12-19T17:48:39.000Z,1
2019-12-19T18:25:50.000Z,1
2019-12-19T18:32:23.000Z,2
2019-12-19T18:41:41.000Z,1
2019-12-19T19:11:48.000Z,1
2019-12-19T19:17:06.000Z,1
2019-12-19T19:50:59.000Z,1
2019-12-19T21:56:15.000Z,1
2019-12-20T06:02:18.000Z,1
2019-12-20T06:18:23.000Z,1
2019-12-20T07:31:44.000Z,1
2019-12-20T07:41:03.000Z,1
2019-12-20T07:45:02.000Z,1
2019-12-20T07:56:34.000Z,1
2019-12-20T08:03:41.000Z,1
2019-12-20T08:24:15.000Z,1
2019-12-20T08:26:12.000Z,1
2019-12-20T08:32:19.000Z,1
2019-12-20T08:44:43.000Z,1
2019-12-20T08:53:16.000Z,1
2019-12-20T09:20:40.000Z,1
2019-12-20T11:31:44.000Z,1
2019-12-20T12:12:31.000Z,1
2019-12-20T12:35:44.000Z,1
2019-12-20T13:12:47.000Z,1
2019-12-20T13:51:42.000Z,1
2019-12-20T14:00:45.000Z,2
2019-12-20T15:24:24.000Z,1
2019-12-20T15:35:50.000Z,1
2019-12-20T17:17:56.000Z,1
2019-12-20T18:25:34.000Z,1
2019-12-20T18:54:17.000Z,1
2019-12-20T19:18:54.000Z,1
2019-12-20T20:00:21.000Z,1
2019-12-20T20:51:51.000Z,1
2019-12-20T21:06:36.000Z,1
2019-12-20T21:42:46.000Z,1
2019-12-21T00:21:29.000Z,1
2019-12-21T01:12:47.000Z,1
2019-12-21T10:17:37.000Z,1
2019-12-21T11:36:45.000Z,1
2019-12-21T11:50:48.000Z,1
2019-12-21T11:53:44.000Z,2
2019-12-21T13:42:07.000Z,1
2019-12-21T14:30:19.000Z,1
2019-12-21T14:51:58.000Z,1
2019-12-21T15:08:05.000Z,1
2019-12-21T15:20:47.000Z,1
2019-12-21T15:36:16.000Z,1
2019-12-21T16:37:59.000Z,1
2019-12-21T17:37:27.000Z,1
2019-12-21T18:49:01.000Z,1
2019-12-21T19:07:30.000Z,1
2019-12-21T22:08:45.000Z,1
2019-12-22T04:09:11.000Z,1
2019-12-22T09:21:53.000Z,1
2019-12-22T09:45:00.000Z,1
2019-12-22T10:03:43.000Z,1
2019-12-22T10:04:00.000Z,1
2019-12-22T10:32:33.000Z,1
2019-12-22T11:08:54.000Z,1
2019-12-22T11:16:15.000Z,1
2019-12-22T11:25:29.000Z,1
2019-12-22T11:50:52.000Z,1
2019-12-22T12:17:34.000Z,1
2019-12-22T12:49:06.000Z,1
2019-12-22T12:50:07.000Z,1
2019-12-22T13:17:28.000Z,1
2019-12-22T14:13:32.000Z,1
2019-12-22T14:34:35.000Z,1
2019-12-22T14:45:50.000Z,1
2019-12-22T15:08:54.000Z,1
2019-12-22T15:50:48.000Z,1
2019-12-22T16:17:30.000Z,1
2019-12-22T16:24:02.000Z,1
2019-12-22T16:26:50.000Z,1
2019-12-22T16:48:43.000Z,1
2019-12-22T16:54:17.000Z,1
2019-12-22T17:04:24.000Z,1
2019-12-22T17:35:33.000Z,1
2019-12-22T22:02:05.000Z,2
2019-12-23T06:45:42.000Z,1
2019-12-23T08:16:36.000Z,2
2019-12-23T10:36:38.000Z,1
2019-12-23T10:52:04.000Z,2
2019-12-23T11:12:29.000Z,1
2019-12-23T11:36:52.000Z,1
2019-12-11T13:14:42.000Z,1
2019-12-11T14:05:13.000Z,1
2019-12-11T15:37:59.000Z,1
2019-12-11T16:52:11.000Z,1
2019-12-11T17:18:08.000Z,1
2019-12-11T17:23:55.000Z,1
2019-12-12T06:54:14.000Z,1
2019-12-12T07:16:08.000Z,1
2019-12-12T07:26:18.000Z,1
2019-12-12T08:48:08.000Z,1
2019-12-12T15:16:32.000Z,1
2019-12-12T16:53:59.000Z,1
2019-12-12T17:19:23.000Z,1
2019-12-12T20:48:59.000Z,1
2019-12-13T11:06:15.000Z,1
2019-12-11T18:38:16.000Z,1
2019-12-11T20:04:02.000Z,1
2019-12-12T07:12:04.000Z,1
2019-12-12T08:32:46.000Z,1
2019-12-12T11:00:26.000Z,2
2019-12-12T15:16:12.000Z,1
2019-12-12T15:57:29.000Z,1
2019-12-12T16:05:31.000Z,1
2019-12-12T16:08:50.000Z,1
2019-12-12T16:24:18.000Z,1
2019-12-12T16:31:22.000Z,1
2019-12-12T16:45:59.000Z,1
2019-12-12T16:53:36.000Z,2
2019-12-12T16:56:53.000Z,1
2019-12-12T17:17:25.000Z,1
2019-12-12T17:18:05.000Z,1
2019-12-12T17:19:54.000Z,1
2019-12-12T17:47:52.000Z,1
2019-12-12T18:30:46.000Z,1
2019-12-12T19:37:06.000Z,1
2019-12-12T21:47:06.000Z,1
2019-12-12T23:18:50.000Z,1
2019-12-13T07:04:02.000Z,1
2019-12-13T07:07:11.000Z,1
2019-12-13T07:26:00.000Z,1
2019-12-13T07:28:07.000Z,1
2019-12-13T08:00:29.000Z,1
2019-12-13T08:31:56.000Z,2
2019-12-13T08:35:04.000Z,1
2019-12-13T08:40:51.000Z,1
2019-12-13T08:46:57.000Z,1
2019-12-13T08:51:59.000Z,1
2019-12-13T08:53:15.000Z,1
2019-12-13T09:13:27.000Z,1
2019-12-13T09:13:45.000Z,1
2019-12-13T09:33:44.000Z,1
2019-12-13T09:49:45.000Z,1
2019-12-13T09:49:58.000Z,1
2019-12-13T10:03:09.000Z,1
2019-12-13T10:18:02.000Z,1
2019-12-13T10:33:29.000Z,1
2019-12-13T10:46:35.000Z,1
2019-12-13T11:00:45.000Z,1
2019-12-13T11:02:15.000Z,1
2019-12-13T11:14:15.000Z,1
2019-12-13T12:15:36.000Z,1
2019-12-13T12:18:37.000Z,1
2019-12-13T12:36:59.000Z,1
2019-12-13T13:54:21.000Z,1
2019-12-13T15:25:24.000Z,2
2019-12-13T16:21:07.000Z,2
2019-12-13T16:24:46.000Z,1
2019-12-13T16:58:03.000Z,1
2019-12-13T17:00:01.000Z,1
2019-12-13T17:01:34.000Z,2
2019-12-13T17:18:23.000Z,1
2019-12-13T17:25:48.000Z,1
2019-12-13T17:28:18.000Z,1
2019-12-13T17:49:21.000Z,1
2019-12-13T18:44:21.000Z,2
2019-12-13T18:56:25.000Z,1
2019-12-13T19:07:04.000Z,1
2019-12-13T19:26:01.000Z,1
2019-12-13T19:32:48.000Z,1
2019-12-13T19:51:19.000Z,1
2019-12-13T19:55:04.000Z,1
2019-12-13T20:10:21.000Z,1
2019-12-13T20:57:18.000Z,1
2019-12-13T21:43:27.000Z,1
2019-12-14T07:30:58.000Z,1
2019-12-14T08:13:41.000Z,1
2019-12-14T09:36:13.000Z,1
2019-12-14T09:51:45.000Z,2
2019-12-14T12:11:27.000Z,1
2019-12-14T13:00:47.000Z,2
2019-12-14T13:13:14.000Z,1
2019-12-14T14:09:41.000Z,1
2019-12-14T14:12:44.000Z,1
2019-12-14T15:23:38.000Z,1
2019-12-14T15:35:16.000Z,1
2019-12-14T19:52:29.000Z,1
2019-12-14T23:36:50.000Z,1
2019-12-14T23:53:31.000Z,1
2019-12-15T01:29:45.000Z,1
2019-12-15T10:01:02.000Z,1
2019-12-15T10:35:50.000Z,1
2019-12-15T10:41:45.000Z,1
2019-12-15T11:34:39.000Z,1
2019-12-15T11:43:18.000Z,1
2019-12-15T13:44:35.000Z,1
2019-12-15T15:19:24.000Z,1
2019-12-15T15:37:19.000Z,1
2019-12-15T16:36:46.000Z,1
2019-12-16T05:33:24.000Z,1
2019-12-16T05:57:09.000Z,1
2019-12-16T06:32:11.000Z,1
2019-12-16T06:37:52.000Z,1
2019-12-16T06:49:25.000Z,1
2019-12-16T07:02:23.000Z,1
2019-12-16T07:03:57.000Z,1
2019-12-16T07:11:46.000Z,1
2019-12-16T07:48:03.000Z,1
2019-12-16T08:02:30.000Z,1
2019-12-16T08:17:58.000Z,2
2019-12-16T08:18:22.000Z,1
2019-12-16T08:28:32.000Z,1
2019-12-16T08:44:58.000Z,1
2019-12-16T09:04:13.000Z,1
2019-12-16T11:18:55.000Z,1
2019-12-16T11:32:36.000Z,1
2019-12-16T11:52:38.000Z,1
2019-12-16T12:12:17.000Z,1
2019-12-16T12:42:52.000Z,1
2019-12-16T15:31:13.000Z,1
2019-12-16T16:00:43.000Z,1
2019-12-16T16:08:12.000Z,1
2019-12-16T16:09:33.000Z,1
2019-12-16T16:13:19.000Z,1
2019-12-16T17:18:49.000Z,1
2019-12-16T18:16:49.000Z,1
2019-12-16T18:18:56.000Z,1
2019-12-16T19:43:12.000Z,1
2019-12-16T21:46:31.000Z,1
2019-12-16T22:02:05.000Z,1
2019-12-16T22:36:09.000Z,1
2019-12-17T05:55:05.000Z,1
2019-12-17T06:01:04.000Z,1
2019-12-17T06:27:16.000Z,1
2019-12-17T06:34:11.000Z,1
2019-12-17T06:43:33.000Z,1
2019-12-17T07:38:57.000Z,1
2019-12-17T07:50:00.000Z,1
2019-12-17T07:54:49.000Z,1
2019-12-17T07:59:36.000Z,1
2019-12-17T08:26:18.000Z,1
2019-12-17T08:30:21.000Z,1
2019-12-17T08:55:45.000Z,1
2019-12-17T10:00:16.000Z,1
2019-12-17T10:50:35.000Z,1
2019-12-17T10:51:15.000Z,1
2019-12-17T11:38:08.000Z,1
2019-12-17T12:16:49.000Z,2
2019-12-17T12:38:37.000Z,1
2019-12-17T13:40:12.000Z,1
2019-12-17T13:52:12.000Z,1
2019-12-17T14:49:53.000Z,1
2019-12-17T15:06:59.000Z,1
2019-12-17T15:46:13.000Z,1
2019-12-17T16:55:10.000Z,1
2019-12-17T16:58:51.000Z,1
2019-12-17T17:02:40.000Z,1
2019-12-17T17:03:45.000Z,1
2019-12-17T17:27:39.000Z,1
2019-12-17T18:24:47.000Z,1
2019-12-17T18:29:45.000Z,1
2019-12-17T18:31:11.000Z,1
2019-12-17T18:47:33.000Z,1
2019-12-18T05:53:40.000Z,1
2019-12-18T06:48:24.000Z,1
2019-12-18T06:50:30.000Z,1
2019-12-18T07:07:29.000Z,1
2019-12-18T07:29:55.000Z,1
2019-12-18T07:48:02.000Z,1
2019-12-18T08:07:36.000Z,1
2019-12-18T08:36:03.000Z,1
2019-12-18T08:44:37.000Z,1
2019-12-18T08:53:08.000Z,1
2019-12-18T10:55:49.000Z,1
2019-12-18T11:19:38.000Z,1
2019-12-18T11:23:21.000Z,1
2019-12-18T12:43:10.000Z,1
2019-12-18T13:20:54.000Z,1
2019-12-18T14:25:30.000Z,1
2019-12-18T14:35:20.000Z,1
2019-12-18T15:15:51.000Z,1
2019-12-18T16:09:54.000Z,1
2019-12-18T16:34:41.000Z,1
2019-12-18T16:49:30.000Z,1
2019-12-18T17:03:49.000Z,1
2019-12-18T17:03:57.000Z,1
2019-12-18T17:09:44.000Z,1
2019-12-18T17:10:31.000Z,1
2019-12-18T17:19:52.000Z,1
2019-12-18T17:59:09.000Z,1
2019-12-18T18:24:05.000Z,1
2019-12-18T18:33:20.000Z,1
2019-12-18T19:14:16.000Z,1
2019-12-18T19:39:42.000Z,1
2019-12-18T21:09:24.000Z,1
2019-12-19T04:45:36.000Z,1
2019-12-19T06:14:44.000Z,1
2019-12-19T07:02:16.000Z,1
2019-12-19T07:27:18.000Z,1
2019-12-19T07:50:30.000Z,2
2019-12-19T08:11:18.000Z,1
2019-12-19T08:22:14.000Z,1
2019-12-19T08:44:34.000Z,1
2019-12-19T10:44:42.000Z,1
2019-12-19T11:38:27.000Z,1
2019-12-19T12:25:11.000Z,1
2019-12-19T12:41:26.000Z,1
2019-12-19T15:32:45.000Z,1
2019-12-19T15:44:23.000Z,1
2019-12-19T15:56:47.000Z,1
2019-12-19T16:06:03.000Z,1
2019-12-19T16:17:36.000Z,1
2019-12-19T17:01:55.000Z,1
2019-12-19T17:35:34.000Z,1
2019-12-19T17:56:31.000Z,1
2019-12-19T17:56:49.000Z,1
2019-12-19T18:12:05.000Z,1
2019-12-19T18:29:02.000Z,1
2019-12-19T19:50:56.000Z,1
2019-12-19T22:46:27.000Z,1
2019-12-20T06:18:49.000Z,1
2019-12-20T06:33:30.000Z,1
2019-12-20T06:56:06.000Z,1
2019-12-20T07:18:43.000Z,1
2019-12-20T07:50:58.000Z,2
2019-12-20T08:48:46.000Z,1
2019-12-20T11:08:37.000Z,1
2019-12-20T11:14:27.000Z,1
2019-12-20T11:43:43.000Z,2
2019-12-20T11:46:14.000Z,1
2019-12-20T13:49:46.000Z,1
2019-12-20T13:57:42.000Z,1
2019-12-20T14:50:00.000Z,1
2019-12-20T14:53:36.000Z,1
2019-12-20T15:17:59.000Z,1
2019-12-20T15:26:14.000Z,2
2019-12-20T15:49:09.000Z,1
2019-12-20T16:02:27.000Z,1
2019-12-20T16:16:32.000Z,1
2019-12-20T16:43:18.000Z,1
2019-12-20T16:52:50.000Z,1
2019-12-20T17:02:04.000Z,1
2019-12-20T17:56:20.000Z,1
2019-12-20T22:15:38.000Z,1
2019-12-20T22:33:46.000Z,1
2019-12-21T03:30:36.000Z,1
2019-12-21T04:24:54.000Z,1
2019-12-21T07:17:58.000Z,1
2019-12-21T07:34:11.000Z,1
2019-12-21T09:22:27.000Z,1
2019-12-21T10:53:20.000Z,1
2019-12-21T11:12:46.000Z,1
2019-12-21T11:13:39.000Z,1
2019-12-21T11:32:03.000Z,1
2019-12-21T11:42:48.000Z,2
2019-12-21T12:01:18.000Z,1
2019-12-21T12:26:03.000Z,1
2019-12-21T12:49:35.000Z,1
2019-12-21T13:25:11.000Z,1
2019-12-21T14:39:50.000Z,1
2019-12-21T15:04:29.000Z,1
2019-12-21T15:06:22.000Z,1
2019-12-21T15:26:46.000Z,1
2019-12-21T15:36:09.000Z,1
2019-12-21T15:44:32.000Z,1
2019-12-21T16:03:38.000Z,1
2019-12-21T16:12:12.000Z,1
2019-12-21T16:42:04.000Z,1
2019-12-21T18:18:16.000Z,1
2019-12-22T08:57:31.000Z,1
2019-12-22T10:50:52.000Z,2
2019-12-22T12:56:51.000Z,1
2019-12-22T14:08:54.000Z,1
2019-12-22T14:26:47.000Z,1
2019-12-22T15:07:28.000Z,1
2019-12-22T15:34:58.000Z,1
2019-12-22T15:35:44.000Z,1
2019-12-22T15:38:37.000Z,1
2019-12-22T16:09:26.000Z,1
2019-12-22T17:00:42.000Z,1
2019-12-22T18:34:58.000Z,1
2019-12-23T06:19:21.000Z,1
2019-12-23T06:39:11.000Z,1
2019-12-23T06:55:19.000Z,1
2019-12-23T07:30:04.000Z,1
2019-12-23T07:43:28.000Z,1
2019-12-23T08:21:19.000Z,1
2019-12-23T08:23:47.000Z,1
2019-12-23T12:10:56.000Z,1
2019-12-11T13:06:04.000Z,1
2019-12-11T13:18:29.000Z,1
2019-12-11T13:39:21.000Z,1
2019-12-11T15:45:17.000Z,2
2019-12-11T16:17:50.000Z,1
2019-12-11T16:49:41.000Z,1
2019-12-11T16:53:07.000Z,1
2019-12-11T17:00:37.000Z,1
2019-12-11T17:02:21.000Z,1
2019-12-11T17:26:15.000Z,1
2019-12-11T17:39:25.000Z,1
2019-12-11T18:05:42.000Z,1
2019-12-11T18:16:37.000Z,1
2019-12-11T20:03:15.000Z,2
2019-12-11T20:15:41.000Z,1
2019-12-12T06:09:26.000Z,1
2019-12-12T06:31:44.000Z,1
2019-12-12T06:41:06.000Z,1
2019-12-12T07:50:38.000Z,1
2019-12-12T08:21:15.000Z,1
2019-12-12T08:30:26.000Z,1
2019-12-12T09:11:55.000Z,1
2019-12-12T12:03:52.000Z,1
2019-12-12T13:10:01.000Z,1
2019-12-12T13:48:32.000Z,1
2019-12-12T16:04:09.000Z,1
2019-12-13T07:43:29.000Z,2
2019-12-11T16:50:34.000Z,1
2019-12-11T18:39:20.000Z,1
2019-12-11T18:55:08.000Z,1
2019-12-11T19:16:31.000Z,1
2019-12-11T21:22:09.000Z,1
2019-12-11T23:32:22.000Z,1
2019-12-12T06:46:59.000Z,1
2019-12-12T07:20:23.000Z,1
2019-12-12T08:05:07.000Z,1
2019-12-12T08:28:27.000Z,1
2019-12-12T08:29:56.000Z,1
2019-12-12T08:44:47.000Z,1
2019-12-12T09:47:31.000Z,1
2019-12-12T10:09:57.000Z,1
2019-12-12T10:20:05.000Z,1
2019-12-12T11:57:17.000Z,1
2019-12-12T12:19:39.000Z,1
2019-12-12T12:46:18.000Z,2
2019-12-12T13:00:22.000Z,1
2019-12-12T13:24:55.000Z,1
2019-12-12T14:35:00.000Z,1
2019-12-12T14:57:36.000Z,1
2019-12-12T15:35:55.000Z,1
2019-12-12T16:56:15.000Z,2
2019-12-12T17:03:17.000Z,1
2019-12-12T17:10:38.000Z,1
2019-12-12T17:37:26.000Z,1
2019-12-12T17:50:03.000Z,1
2019-12-12T17:58:35.000Z,1
2019-12-12T18:33:39.000Z,1
2019-12-12T18:48:40.000Z,1
2019-12-12T19:01:28.000Z,1
2019-12-12T19:45:04.000Z,1
2019-12-12T20:05:15.000Z,1
2019-12-12T21:10:04.000Z,1
2019-12-12T23:08:20.000Z,1
2019-12-12T23:41:04.000Z,1
2019-12-13T05:05:05.000Z,1
2019-12-13T06:10:28.000Z,1
2019-12-13T07:04:33.000Z,1
2019-12-13T07:26:03.000Z,1
2019-12-13T08:11:00.000Z,1
2019-12-13T08:23:11.000Z,1
2019-12-13T09:35:08.000Z,1
2019-12-13T10:07:52.000Z,1
2019-12-13T12:29:50.000Z,1
2019-12-13T12:52:29.000Z,1
2019-12-13T12:54:49.000Z,1
2019-12-13T14:26:33.000Z,1
2019-12-13T15:34:23.000Z,1
2019-12-13T16:07:47.000Z,1
2019-12-13T16:53:48.000Z,1
2019-12-13T17:04:14.000Z,1
2019-12-13T17:08:39.000Z,1
2019-12-13T17:12:06.000Z,1
2019-12-13T17:19:41.000Z,1
2019-12-13T17:28:12.000Z,1
2019-12-13T17:29:51.000Z,1
2019-12-13T17:44:41.000Z,1
2019-12-13T17:48:16.000Z,1
2019-12-13T19:51:10.000Z,1
2019-12-13T22:07:40.000Z,1
2019-12-14T09:06:03.000Z,1
2019-12-14T09:23:39.000Z,1
2019-12-14T09:51:43.000Z,2
2019-12-14T09:54:04.000Z,1
2019-12-14T11:11:24.000Z,1
2019-12-14T11:22:16.000Z,1
2019-12-14T11:44:59.000Z,1
2019-12-14T11:51:03.000Z,1
2019-12-14T12:20:50.000Z,1
2019-12-14T12:41:34.000Z,1
2019-12-14T13:40:24.000Z,1
2019-12-14T14:29:21.000Z,1
2019-12-14T15:05:04.000Z,1
2019-12-14T15:10:30.000Z,1
2019-12-14T16:11:28.000Z,1
2019-12-14T16:32:37.000Z,1
2019-12-14T17:01:15.000Z,1
2019-12-14T17:25:32.000Z,1
2019-12-14T17:58:10.000Z,1
2019-12-14T18:55:21.000Z,1
2019-12-14T19:16:48.000Z,1
2019-12-14T22:21:47.000Z,1
2019-12-15T01:02:10.000Z,1
2019-12-15T07:46:02.000Z,1
2019-12-15T09:32:02.000Z,1
2019-12-15T10:08:22.000Z,1
2019-12-15T11:44:09.000Z,1
2019-12-15T13:25:01.000Z,1
2019-12-15T14:40:27.000Z,1
2019-12-15T17:48:02.000Z,1
2019-12-15T18:51:06.000Z,1
2019-12-15T19:39:51.000Z,1
2019-12-15T19:56:47.000Z,1
2019-12-15T20:13:08.000Z,1
2019-12-15T21:23:47.000Z,1
2019-12-16T05:31:31.000Z,1
2019-12-16T07:01:46.000Z,1
2019-12-16T07:06:09.000Z,1
2019-12-16T07:23:25.000Z,1
2019-12-16T07:50:18.000Z,1
2019-12-16T08:04:43.000Z,1
2019-12-16T08:06:59.000Z,1
2019-12-16T08:36:44.000Z,1
2019-12-16T08:54:49.000Z,1
2019-12-16T09:10:57.000Z,2
2019-12-16T09:23:20.000Z,2
2019-12-16T12:29:16.000Z,1
2019-12-16T16:12:19.000Z,1
2019-12-16T16:18:21.000Z,1
2019-12-16T16:24:31.000Z,1
2019-12-16T16:41:46.000Z,1
2019-12-16T17:03:04.000Z,1
2019-12-16T17:05:11.000Z,2
2019-12-16T17:22:14.000Z,1
2019-12-16T17:37:56.000Z,1
2019-12-16T17:39:51.000Z,1
2019-12-16T18:04:30.000Z,1
2019-12-16T18:43:29.000Z,1
2019-12-16T18:53:02.000Z,1
2019-12-16T19:08:32.000Z,1
2019-12-16T19:32:48.000Z,1
2019-12-17T00:15:11.000Z,1
2019-12-17T05:36:59.000Z,1
2019-12-17T06:15:05.000Z,1
2019-12-17T06:22:04.000Z,1
2019-12-17T07:56:27.000Z,2
2019-12-17T08:27:50.000Z,1
2019-12-17T08:49:52.000Z,1
2019-12-17T09:08:03.000Z,1
2019-12-17T09:11:59.000Z,1
2019-12-17T09:13:30.000Z,1
2019-12-17T11:41:43.000Z,1
2019-12-17T13:11:53.000Z,1
2019-12-17T14:56:54.000Z,1
2019-12-17T15:24:25.000Z,1
2019-12-17T16:13:10.000Z,1
2019-12-17T16:43:49.000Z,1
2019-12-17T17:30:10.000Z,2
2019-12-17T17:39:52.000Z,1
2019-12-17T18:59:40.000Z,1
2019-12-17T19:19:16.000Z,1
2019-12-17T19:40:25.000Z,1
2019-12-17T19:50:20.000Z,1
2019-12-17T19:50:53.000Z,1
2019-12-17T21:25:26.000Z,1
2019-12-17T23:02:50.000Z,1
2019-12-18T07:26:27.000Z,1
2019-12-18T07:53:17.000Z,1
2019-12-18T08:13:43.000Z,1
2019-12-18T08:16:27.000Z,1
2019-12-18T08:16:48.000Z,1
2019-12-18T08:28:14.000Z,1
2019-12-18T08:54:11.000Z,1
2019-12-18T08:59:37.000Z,1
2019-12-18T09:04:01.000Z,1
2019-12-18T09:05:51.000Z,1
2019-12-18T11:41:15.000Z,1
2019-12-18T13:32:49.000Z,1
2019-12-18T14:15:14.000Z,2
2019-12-18T14:39:46.000Z,1
2019-12-18T15:07:05.000Z,1
2019-12-18T15:52:50.000Z,1
2019-12-18T16:33:02.000Z,1
2019-12-18T16:50:10.000Z,2
2019-12-18T16:59:18.000Z,1
2019-12-18T17:14:45.000Z,1
2019-12-18T17:40:49.000Z,1
2019-12-18T18:10:03.000Z,1
2019-12-18T18:11:43.000Z,1
2019-12-18T18:32:58.000Z,1
2019-12-18T19:13:07.000Z,1
2019-12-19T05:51:20.000Z,1
2019-12-19T07:35:16.000Z,1
2019-12-19T08:03:08.000Z,1
2019-12-19T08:13:23.000Z,1
2019-12-19T08:13:58.000Z,1
2019-12-19T08:33:08.000Z,1
2019-12-19T09:04:50.000Z,1
2019-12-19T11:54:51.000Z,1
2019-12-19T12:04:54.000Z,1
2019-12-19T13:20:02.000Z,1
2019-12-19T13:26:57.000Z,1
2019-12-19T13:48:11.000Z,1
2019-12-19T13:59:21.000Z,1
2019-12-19T14:14:18.000Z,1
2019-12-19T14:22:25.000Z,1
2019-12-19T15:26:30.000Z,1
2019-12-19T15:27:04.000Z,1
2019-12-19T15:38:10.000Z,1
2019-12-19T15:46:33.000Z,1
2019-12-19T15:48:24.000Z,1
2019-12-19T16:07:50.000Z,1
2019-12-19T16:14:06.000Z,1
2019-12-19T16:54:23.000Z,1
2019-12-19T17:35:38.000Z,2
2019-12-19T19:13:06.000Z,1
2019-12-19T19:33:19.000Z,1
2019-12-19T20:03:10.000Z,1
2019-12-19T21:01:27.000Z,1
2019-12-19T21:35:49.000Z,1
2019-12-20T01:15:01.000Z,1
2019-12-20T06:53:22.000Z,1
2019-12-20T07:27:50.000Z,1
2019-12-20T08:46:25.000Z,1
2019-12-20T09:57:26.000Z,1
2019-12-20T12:22:17.000Z,1
2019-12-20T13:55:08.000Z,1
2019-12-20T14:32:31.000Z,1
2019-12-20T14:32:34.000Z,1
2019-12-20T14:36:47.000Z,1
2019-12-20T15:15:48.000Z,1
2019-12-20T15:38:15.000Z,1
2019-12-20T16:31:21.000Z,1
2019-12-20T16:36:22.000Z,1
2019-12-20T16:39:14.000Z,1
2019-12-20T17:09:28.000Z,1
2019-12-20T17:28:25.000Z,1
2019-12-20T17:56:54.000Z,2
2019-12-20T18:01:35.000Z,1
2019-12-20T18:06:57.000Z,1
2019-12-20T18:08:55.000Z,1
2019-12-20T18:57:20.000Z,1
2019-12-20T19:17:09.000Z,1
2019-12-20T20:43:23.000Z,1
2019-12-20T23:20:24.000Z,1
2019-12-21T07:24:42.000Z,1
2019-12-21T07:59:04.000Z,1
2019-12-21T08:33:15.000Z,1
2019-12-21T10:39:20.000Z,1
2019-12-21T11:32:30.000Z,1
2019-12-21T11:54:40.000Z,1
2019-12-21T12:00:54.000Z,1
2019-12-21T12:04:55.000Z,1
2019-12-21T12:05:30.000Z,1
2019-12-21T12:46:12.000Z,1
2019-12-21T12:57:08.000Z,1
2019-12-21T13:22:24.000Z,1
2019-12-21T13:49:20.000Z,1
2019-12-21T14:58:43.000Z,1
2019-12-21T15:18:20.000Z,1
2019-12-21T16:13:51.000Z,1
2019-12-21T16:23:42.000Z,1
2019-12-21T16:27:31.000Z,1
2019-12-21T16:59:14.000Z,1
2019-12-21T17:36:48.000Z,1
2019-12-21T18:24:49.000Z,1
2019-12-21T19:46:12.000Z,1
2019-12-21T21:03:40.000Z,1
2019-12-21T21:57:25.000Z,1
2019-12-21T22:27:34.000Z,1
2019-12-22T03:50:33.000Z,1
2019-12-22T08:05:08.000Z,1
2019-12-22T09:27:30.000Z,1
2019-12-22T10:06:05.000Z,1
2019-12-22T11:14:02.000Z,1
2019-12-22T12:13:16.000Z,1
2019-12-22T12:28:41.000Z,1
2019-12-22T12:34:45.000Z,1
2019-12-22T12:49:58.000Z,1
2019-12-22T13:49:40.000Z,1
2019-12-22T14:06:00.000Z,1
2019-12-22T14:14:04.000Z,1
2019-12-22T14:18:43.000Z,1
2019-12-22T15:08:56.000Z,1
2019-12-22T17:55:44.000Z,1
2019-12-22T18:24:58.000Z,1
2019-12-22T18:25:16.000Z,1
2019-12-22T18:51:13.000Z,1
2019-12-22T20:22:52.000Z,1
2019-12-22T21:18:41.000Z,1
2019-12-23T04:32:51.000Z,1
2019-12-23T05:23:52.000Z,1
2019-12-23T07:18:16.000Z,1
2019-12-23T07:44:24.000Z,1
2019-12-23T08:40:25.000Z,1
2019-12-23T10:12:28.000Z,1
2019-12-23T10:17:51.000Z,1
2019-12-23T11:10:41.000Z,1
2019-12-23T11:34:52.000Z,1
2019-12-23T11:37:23.000Z,1
2019-12-11T13:19:05.000Z,1
2019-12-11T13:40:49.000Z,1
2019-12-11T15:19:40.000Z,1
2019-12-11T15:43:10.000Z,1
2019-12-11T15:49:25.000Z,1
2019-12-11T16:05:42.000Z,1
2019-12-11T16:23:36.000Z,2
2019-12-11T16:35:43.000Z,1
2019-12-11T17:14:43.000Z,1
2019-12-11T17:41:16.000Z,1
2019-12-11T17:42:56.000Z,1
2019-12-11T17:46:14.000Z,1
2019-12-11T17:47:50.000Z,1
2019-12-11T18:01:50.000Z,1
2019-12-11T18:14:33.000Z,1
2019-12-11T20:37:12.000Z,1
2019-12-11T22:51:07.000Z,1
2019-12-12T07:07:03.000Z,1
2019-12-12T07:52:42.000Z,1
2019-12-12T07:55:17.000Z,1
2019-12-12T08:15:25.000Z,1
2019-12-12T08:17:45.000Z,1
2019-12-12T08:41:26.000Z,1
2019-12-12T08:50:42.000Z,1
2019-12-12T09:47:52.000Z,1
2019-12-12T09:52:54.000Z,1
2019-12-12T15:34:00.000Z,1
2019-12-12T16:53:01.000Z,1
2019-12-12T16:53:53.000Z,1
2019-12-12T17:15:40.000Z,1
2019-12-12T17:25:06.000Z,1
2019-12-12T17:37:13.000Z,2
2019-12-12T18:39:09.000Z,1
2019-12-13T06:06:50.000Z,1
2019-12-11T19:03:14.000Z,1
2019-12-11T19:09:37.000Z,1
2019-12-11T21:32:12.000Z,1
2019-12-12T07:36:03.000Z,1
2019-12-12T08:14:48.000Z,1
2019-12-12T08:24:39.000Z,1
2019-12-12T08:38:08.000Z,1
2019-12-12T08:49:27.000Z,1
2019-12-12T11:30:49.000Z,1
2019-12-12T13:50:44.000Z,1
2019-12-12T14:55:51.000Z,1
2019-12-12T15:26:45.000Z,1
2019-12-12T16:04:03.000Z,1
2019-12-12T16:08:06.000Z,1
2019-12-12T16:53:41.000Z,1
2019-12-12T16:55:26.000Z,1
2019-12-12T17:09:14.000Z,2
2019-12-12T17:42:05.000Z,1
2019-12-12T18:06:19.000Z,2
2019-12-12T18:41:46.000Z,1
2019-12-12T18:49:37.000Z,1
2019-12-12T19:29:40.000Z,1
2019-12-12T20:14:17.000Z,1
2019-12-12T22:11:11.000Z,1
2019-12-13T05:17:16.000Z,1
2019-12-13T07:15:17.000Z,1
2019-12-13T07:16:42.000Z,1
2019-12-13T08:06:48.000Z,2
2019-12-13T08:48:55.000Z,2
2019-12-13T10:35:02.000Z,1
2019-12-13T12:16:47.000Z,1
2019-12-13T12:36:35.000Z,1
2019-12-13T13:07:57.000Z,1
2019-12-13T14:07:22.000Z,1
2019-12-13T14:39:00.000Z,1
2019-12-13T14:46:26.000Z,1
2019-12-13T15:51:13.000Z,1
2019-12-13T16:24:31.000Z,1
2019-12-13T16:28:56.000Z,1
2019-12-13T16:38:32.000Z,2
2019-12-13T16:47:05.000Z,2
2019-12-13T17:01:19.000Z,3
2019-12-13T17:14:48.000Z,1
2019-12-13T17:26:00.000Z,1
2019-12-13T17:38:17.000Z,1
2019-12-13T17:49:54.000Z,1
2019-12-13T18:12:50.000Z,1
2019-12-13T18:32:40.000Z,1
2019-12-13T18:39:50.000Z,1
2019-12-13T19:07:36.000Z,1
2019-12-13T19:24:45.000Z,1
2019-12-13T22:12:16.000Z,1
2019-12-14T01:03:35.000Z,1
2019-12-14T07:49:17.000Z,1
2019-12-14T08:30:01.000Z,1
2019-12-14T09:21:44.000Z,1
2019-12-14T09:59:20.000Z,1
2019-12-14T11:48:59.000Z,1
2019-12-14T12:35:29.000Z,2
2019-12-14T12:38:55.000Z,1
2019-12-14T13:31:22.000Z,1
2019-12-14T13:52:13.000Z,1
2019-12-14T13:55:13.000Z,1
2019-12-14T14:23:39.000Z,1
2019-12-14T15:12:09.000Z,1
2019-12-14T15:23:50.000Z,1
2019-12-14T16:16:30.000Z,1
2019-12-14T16:21:28.000Z,1
2019-12-14T18:02:19.000Z,1
2019-12-15T08:31:32.000Z,1
2019-12-15T09:56:01.000Z,2
2019-12-15T10:54:54.000Z,1
2019-12-15T11:59:46.000Z,1
2019-12-15T12:05:55.000Z,1
2019-12-15T15:31:38.000Z,1
2019-12-15T16:16:23.000Z,1
2019-12-15T16:20:07.000Z,2
2019-12-15T16:28:37.000Z,1
2019-12-15T16:34:57.000Z,1
2019-12-15T17:04:23.000Z,1
2019-12-15T18:42:55.000Z,1
2019-12-15T19:12:09.000Z,1
2019-12-16T05:54:15.000Z,1
2019-12-16T05:54:49.000Z,1
2019-12-16T06:08:41.000Z,1
2019-12-16T06:27:53.000Z,1
2019-12-16T07:18:45.000Z,1
2019-12-16T08:21:25.000Z,1
2019-12-16T08:23:08.000Z,1
2019-12-16T08:31:54.000Z,1
2019-12-16T09:12:57.000Z,1
2019-12-16T09:22:06.000Z,1
2019-12-16T11:29:00.000Z,1
2019-12-16T13:09:54.000Z,1
2019-12-16T15:53:36.000Z,1
2019-12-16T15:53:54.000Z,1
2019-12-16T16:03:08.000Z,1
2019-12-16T16:55:38.000Z,1
2019-12-16T17:00:20.000Z,1
2019-12-16T17:23:35.000Z,1
2019-12-16T17:26:50.000Z,1
2019-12-16T17:35:29.000Z,1
2019-12-16T17:41:47.000Z,1
2019-12-16T17:49:21.000Z,1
2019-12-16T17:50:16.000Z,1
2019-12-16T17:53:45.000Z,1
2019-12-16T18:09:02.000Z,1
2019-12-16T18:20:23.000Z,1
2019-12-16T18:37:10.000Z,2
2019-12-16T19:57:24.000Z,1
2019-12-16T20:21:42.000Z,1
2019-12-16T20:42:15.000Z,1
2019-12-16T22:33:45.000Z,1
2019-12-17T04:20:43.000Z,1
2019-12-17T06:37:01.000Z,1
2019-12-17T06:49:30.000Z,1
2019-12-17T07:06:28.000Z,1
2019-12-17T07:37:11.000Z,1
2019-12-17T07:41:35.000Z,1
2019-12-17T07:46:25.000Z,1
2019-12-17T08:36:27.000Z,1
2019-12-17T08:53:03.000Z,1
2019-12-17T08:53:59.000Z,1
2019-12-17T09:47:07.000Z,1
2019-12-17T11:48:35.000Z,1
2019-12-17T11:59:31.000Z,1
2019-12-17T12:46:35.000Z,1
2019-12-17T13:35:24.000Z,1
2019-12-17T13:46:29.000Z,1
2019-12-17T15:14:03.000Z,1
2019-12-17T15:46:39.000Z,1
2019-12-17T16:14:52.000Z,1
2019-12-17T17:02:07.000Z,1
2019-12-17T17:03:26.000Z,1
2019-12-17T17:13:44.000Z,2
2019-12-17T17:15:09.000Z,1
2019-12-17T17:40:31.000Z,1
2019-12-17T17:48:49.000Z,2
2019-12-17T17:52:18.000Z,1
2019-12-17T18:09:39.000Z,1
2019-12-17T21:25:05.000Z,1
2019-12-18T07:47:47.000Z,1
2019-12-18T07:54:08.000Z,2
2019-12-18T08:31:25.000Z,1
2019-12-18T08:42:20.000Z,1
2019-12-18T08:53:50.000Z,1
2019-12-18T09:15:36.000Z,1
2019-12-18T10:39:31.000Z,1
2019-12-18T12:09:16.000Z,1
2019-12-18T12:23:20.000Z,1
2019-12-18T12:23:50.000Z,1
2019-12-18T12:32:43.000Z,1
2019-12-18T14:35:47.000Z,1
2019-12-18T15:23:30.000Z,1
2019-12-18T15:46:38.000Z,1
2019-12-18T16:45:42.000Z,1
2019-12-18T16:57:28.000Z,1
2019-12-18T16:57:52.000Z,1
2019-12-18T17:09:48.000Z,1
2019-12-18T17:15:18.000Z,1
2019-12-18T17:17:06.000Z,1
2019-12-18T17:44:16.000Z,1
2019-12-18T17:51:12.000Z,1
2019-12-18T18:09:01.000Z,1
2019-12-18T18:40:37.000Z,1
2019-12-18T18:41:07.000Z,1
2019-12-18T23:30:54.000Z,1
2019-12-19T07:03:36.000Z,1
2019-12-19T08:08:31.000Z,1
2019-12-19T08:28:40.000Z,1
2019-12-19T09:26:56.000Z,1
2019-12-19T11:05:31.000Z,1
2019-12-19T12:31:35.000Z,1
2019-12-19T12:48:32.000Z,1
2019-12-19T12:57:18.000Z,1
2019-12-19T13:39:34.000Z,2
2019-12-19T15:32:39.000Z,1
2019-12-19T16:02:44.000Z,1
2019-12-19T16:11:03.000Z,1
2019-12-19T16:12:50.000Z,1
2019-12-19T16:19:43.000Z,2
2019-12-19T17:11:12.000Z,1
2019-12-19T17:24:13.000Z,1
2019-12-19T17:44:43.000Z,1
2019-12-19T18:08:48.000Z,1
2019-12-19T19:09:08.000Z,1
2019-12-19T19:15:33.000Z,1
2019-12-19T19:24:34.000Z,1
2019-12-19T22:53:57.000Z,1
2019-12-20T06:26:44.000Z,1
2019-12-20T06:51:02.000Z,1
2019-12-20T07:09:08.000Z,1
2019-12-20T08:11:16.000Z,1
2019-12-20T08:12:04.000Z,1
2019-12-20T12:09:42.000Z,2
2019-12-20T12:24:37.000Z,1
2019-12-20T13:21:30.000Z,1
2019-12-20T13:38:54.000Z,1
2019-12-20T14:19:11.000Z,1
2019-12-20T16:48:37.000Z,1
2019-12-20T17:26:01.000Z,2
2019-12-20T17:49:53.000Z,2
2019-12-20T19:53:39.000Z,1
2019-12-20T20:04:31.000Z,1
2019-12-20T20:56:53.000Z,1
2019-12-20T21:14:33.000Z,2
2019-12-21T08:53:47.000Z,1
2019-12-21T10:43:30.000Z,1
2019-12-21T11:25:59.000Z,1
2019-12-21T13:35:24.000Z,1
2019-12-21T13:49:42.000Z,1
2019-12-21T15:29:57.000Z,1
2019-12-21T16:30:02.000Z,1
2019-12-21T18:09:46.000Z,1
2019-12-21T18:23:52.000Z,1
2019-12-21T19:34:06.000Z,1
2019-12-21T19:35:15.000Z,1
2019-12-21T20:14:00.000Z,1
2019-12-21T21:11:10.000Z,1
2019-12-21T21:39:28.000Z,1
2019-12-21T23:54:59.000Z,1
2019-12-22T10:26:42.000Z,1
2019-12-22T11:23:28.000Z,1
2019-12-22T11:34:20.000Z,1
2019-12-22T12:01:13.000Z,1
2019-12-22T12:21:39.000Z,1
2019-12-22T12:30:07.000Z,1
2019-12-22T12:57:54.000Z,1
2019-12-22T12:58:27.000Z,1
2019-12-22T13:47:05.000Z,1
2019-12-22T14:51:59.000Z,1
2019-12-22T14:53:30.000Z,1
2019-12-22T15:31:43.000Z,1
2019-12-22T16:01:05.000Z,1
2019-12-22T16:09:40.000Z,1
2019-12-22T16:40:18.000Z,1
2019-12-22T16:45:08.000Z,1
2019-12-22T16:54:09.000Z,1
2019-12-22T17:05:15.000Z,1
2019-12-22T19:33:32.000Z,1
2019-12-22T21:50:27.000Z,2
2019-12-23T07:09:52.000Z,1
2019-12-23T07:15:14.000Z,1
2019-12-23T07:48:18.000Z,1
2019-12-23T07:51:37.000Z,1
2019-12-23T07:55:29.000Z,1
2019-12-23T08:16:35.000Z,1
2019-12-23T08:24:55.000Z,1
2019-12-23T08:39:30.000Z,1
2019-12-23T08:55:15.000Z,1
2019-12-23T08:55:56.000Z,1
2019-12-23T11:35:29.000Z,1
2019-12-11T14:55:09.000Z,1
2019-12-11T15:31:14.000Z,1
2019-12-11T16:17:01.000Z,1
2019-12-11T16:29:40.000Z,1
2019-12-11T16:45:51.000Z,1
2019-12-11T17:09:43.000Z,1
2019-12-11T17:35:17.000Z,1
2019-12-11T17:39:40.000Z,1
2019-12-11T17:42:39.000Z,1
2019-12-11T18:01:52.000Z,1
2019-12-12T05:35:57.000Z,1
2019-12-12T06:22:33.000Z,1
2019-12-12T07:30:46.000Z,1
2019-12-12T08:17:17.000Z,1
2019-12-12T12:13:47.000Z,1
2019-12-12T12:42:35.000Z,2
2019-12-11T18:07:10.000Z,1
2019-12-11T21:30:07.000Z,1
2019-12-12T06:01:53.000Z,1
2019-12-12T07:29:49.000Z,1
2019-12-12T08:15:31.000Z,1
2019-12-12T09:06:18.000Z,1
2019-12-12T10:09:54.000Z,1
2019-12-12T11:06:41.000Z,1
2019-12-12T11:18:30.000Z,1
2019-12-12T11:41:00.000Z,1
2019-12-12T12:55:42.000Z,1
2019-12-12T13:33:02.000Z,1
2019-12-12T14:13:32.000Z,1
2019-12-12T14:22:51.000Z,1
2019-12-12T14:37:45.000Z,1
2019-12-12T15:52:55.000Z,1
2019-12-12T16:15:36.000Z,2
2019-12-12T16:24:25.000Z,1
2019-12-12T16:43:24.000Z,1
2019-12-12T17:13:33.000Z,1
2019-12-12T17:22:01.000Z,1
2019-12-12T17:28:26.000Z,1
2019-12-12T17:40:26.000Z,1
2019-12-12T18:05:49.000Z,1
2019-12-12T18:22:04.000Z,1
2019-12-12T19:03:54.000Z,2
2019-12-12T19:09:19.000Z,1
2019-12-12T19:14:45.000Z,1
2019-12-12T19:44:16.000Z,1
2019-12-12T21:34:10.000Z,1
2019-12-12T21:43:30.000Z,1
2019-12-13T05:30:31.000Z,1
2019-12-13T06:29:32.000Z,1
2019-12-13T06:58:57.000Z,1
2019-12-13T07:19:44.000Z,2
2019-12-13T07:33:47.000Z,1
2019-12-13T07:42:13.000Z,1
2019-12-13T07:45:22.000Z,1
2019-12-13T07:52:55.000Z,2
2019-12-13T07:53:53.000Z,1
2019-12-13T08:03:12.000Z,1
2019-12-13T08:37:45.000Z,3
2019-12-13T09:03:36.000Z,1
2019-12-13T12:48:38.000Z,1
2019-12-13T13:14:35.000Z,1
2019-12-13T14:12:47.000Z,1
2019-12-13T14:13:55.000Z,1
2019-12-13T14:39:21.000Z,2
2019-12-13T15:46:31.000Z,1
2019-12-13T15:53:38.000Z,1
2019-12-13T15:58:11.000Z,1
2019-12-13T16:30:44.000Z,1
2019-12-13T16:32:19.000Z,1
2019-12-13T16:51:16.000Z,3
2019-12-13T16:54:25.000Z,1
2019-12-13T16:58:57.000Z,1
2019-12-13T17:14:56.000Z,1
2019-12-13T17:55:27.000Z,1
2019-12-13T17:56:36.000Z,2
2019-12-13T18:38:10.000Z,1
2019-12-13T19:12:56.000Z,1
2019-12-13T20:20:22.000Z,1
2019-12-13T21:08:11.000Z,2
2019-12-14T00:08:04.000Z,1
2019-12-14T00:47:36.000Z,1
2019-12-14T07:40:27.000Z,1
2019-12-14T08:14:39.000Z,2
2019-12-14T10:57:00.000Z,1
2019-12-14T11:45:22.000Z,1
2019-12-14T11:48:27.000Z,1
2019-12-14T12:38:19.000Z,1
2019-12-14T13:05:20.000Z,1
2019-12-14T13:14:21.000Z,1
2019-12-14T13:40:39.000Z,1
2019-12-14T14:36:38.000Z,1
2019-12-14T15:07:43.000Z,1
2019-12-14T15:20:13.000Z,1
2019-12-14T15:26:27.000Z,1
2019-12-14T17:13:01.000Z,1
2019-12-14T17:43:04.000Z,1
2019-12-14T17:45:24.000Z,1
2019-12-14T18:32:23.000Z,1
2019-12-14T18:57:41.000Z,1
2019-12-14T18:58:53.000Z,1
2019-12-14T21:10:43.000Z,1
2019-12-14T23:56:28.000Z,1
2019-12-15T00:19:47.000Z,1
2019-12-15T04:39:22.000Z,1
2019-12-15T08:54:28.000Z,1
2019-12-15T11:33:17.000Z,1
2019-12-15T11:35:50.000Z,1
2019-12-15T11:57:21.000Z,1
2019-12-15T11:59:25.000Z,1
2019-12-15T12:01:05.000Z,1
2019-12-15T12:32:12.000Z,1
2019-12-15T13:52:59.000Z,1
2019-12-15T14:01:16.000Z,1
2019-12-15T14:27:31.000Z,1
2019-12-15T14:54:28.000Z,2
2019-12-15T15:48:51.000Z,1
2019-12-16T07:01:38.000Z,1
2019-12-16T07:08:30.000Z,1
2019-12-16T07:29:19.000Z,1
2019-12-16T07:33:47.000Z,1
2019-12-16T07:36:26.000Z,1
2019-12-16T07:44:41.000Z,1
2019-12-16T07:53:57.000Z,1
2019-12-16T08:05:02.000Z,1
2019-12-16T08:15:35.000Z,1
2019-12-16T08:18:27.000Z,1
2019-12-16T08:21:35.000Z,1
2019-12-16T08:24:03.000Z,2
2019-12-16T08:24:33.000Z,1
2019-12-16T09:32:48.000Z,1
2019-12-16T09:53:47.000Z,1
2019-12-16T10:02:55.000Z,1
2019-12-16T10:31:13.000Z,1
2019-12-16T12:36:48.000Z,1
2019-12-16T12:40:45.000Z,1
2019-12-16T14:11:44.000Z,1
2019-12-16T14:19:14.000Z,1
2019-12-16T15:14:32.000Z,1
2019-12-16T16:01:54.000Z,1
2019-12-16T16:05:38.000Z,2
2019-12-16T16:16:28.000Z,1
2019-12-16T16:17:11.000Z,2
2019-12-16T16:21:51.000Z,1
2019-12-16T16:30:16.000Z,1
2019-12-16T16:37:35.000Z,1
2019-12-16T16:40:49.000Z,1
2019-12-16T16:43:39.000Z,1
2019-12-16T16:57:46.000Z,1
2019-12-16T17:09:23.000Z,1
2019-12-16T18:01:09.000Z,1
2019-12-16T18:08:08.000Z,1
2019-12-16T18:19:03.000Z,1
2019-12-16T18:34:39.000Z,1
2019-12-16T19:12:06.000Z,1
2019-12-16T19:53:09.000Z,1
2019-12-16T21:24:27.000Z,1
2019-12-16T21:24:41.000Z,1
2019-12-16T21:40:48.000Z,1
2019-12-17T07:15:05.000Z,1
2019-12-17T07:56:20.000Z,1
2019-12-17T08:00:27.000Z,1
2019-12-17T08:14:35.000Z,2
2019-12-17T08:23:55.000Z,2
2019-12-17T08:55:14.000Z,1
2019-12-17T10:44:11.000Z,1
2019-12-17T11:09:20.000Z,1
2019-12-17T13:31:01.000Z,1
2019-12-17T14:28:36.000Z,1
2019-12-17T16:44:51.000Z,1
2019-12-17T16:46:26.000Z,3
2019-12-17T17:02:52.000Z,1
2019-12-17T17:03:07.000Z,1
2019-12-17T17:49:52.000Z,1
2019-12-17T18:23:00.000Z,2
2019-12-17T18:33:19.000Z,2
2019-12-17T18:36:41.000Z,1
2019-12-17T19:32:39.000Z,1
2019-12-17T19:53:59.000Z,1
2019-12-17T19:59:25.000Z,1
2019-12-17T20:30:16.000Z,1
2019-12-17T20:30:17.000Z,1
2019-12-18T00:05:37.000Z,1
2019-12-18T05:54:30.000Z,1
2019-12-18T07:06:58.000Z,1
2019-12-18T07:30:03.000Z,1
2019-12-18T08:04:01.000Z,1
2019-12-18T08:16:30.000Z,1
2019-12-18T08:21:47.000Z,1
2019-12-18T08:30:07.000Z,1
2019-12-18T08:37:00.000Z,1
2019-12-18T09:05:09.000Z,1
2019-12-18T09:22:29.000Z,1
2019-12-18T10:02:07.000Z,1
2019-12-18T12:10:52.000Z,1
2019-12-18T16:01:10.000Z,1
2019-12-18T16:04:22.000Z,1
2019-12-18T16:36:39.000Z,1
2019-12-18T17:26:41.000Z,1
2019-12-18T17:40:51.000Z,1
2019-12-18T18:23:26.000Z,2
2019-12-18T18:51:50.000Z,1
2019-12-18T19:45:09.000Z,1
2019-12-18T21:56:40.000Z,1
2019-12-19T06:28:36.000Z,1
2019-12-19T06:57:25.000Z,1
2019-12-19T07:01:20.000Z,1
2019-12-19T08:03:17.000Z,2
2019-12-19T08:39:59.000Z,2
2019-12-19T09:30:39.000Z,1
2019-12-19T10:20:09.000Z,1
2019-12-19T11:18:11.000Z,1
2019-12-19T11:30:14.000Z,1
2019-12-19T13:26:48.000Z,1
2019-12-19T15:00:36.000Z,1
2019-12-19T15:35:53.000Z,1
2019-12-19T16:09:09.000Z,1
2019-12-19T16:55:40.000Z,1
2019-12-19T17:14:47.000Z,1
2019-12-19T17:31:38.000Z,1
2019-12-19T17:45:46.000Z,1
2019-12-19T17:49:38.000Z,1
2019-12-19T18:05:41.000Z,1
2019-12-19T19:14:44.000Z,1
2019-12-19T19:20:45.000Z,1
2019-12-19T20:14:25.000Z,1
2019-12-19T21:26:02.000Z,1
2019-12-19T22:06:38.000Z,1
2019-12-19T23:28:14.000Z,1
2019-12-19T23:37:53.000Z,1
2019-12-20T00:28:10.000Z,1
2019-12-20T06:25:35.000Z,1
2019-12-20T07:44:45.000Z,1
2019-12-20T08:12:40.000Z,1
2019-12-20T09:27:51.000Z,1
2019-12-20T10:30:06.000Z,1
2019-12-20T11:02:08.000Z,1
2019-12-20T11:07:36.000Z,2
2019-12-20T11:26:52.000Z,1
2019-12-20T11:54:52.000Z,1
2019-12-20T12:21:49.000Z,1
2019-12-20T13:22:13.000Z,1
2019-12-20T13:36:30.000Z,1
2019-12-20T15:07:03.000Z,1
2019-12-20T15:11:51.000Z,1
2019-12-20T15:14:35.000Z,1
2019-12-20T15:34:52.000Z,1
2019-12-20T15:34:58.000Z,1
2019-12-20T16:20:52.000Z,2
2019-12-20T16:31:28.000Z,1
2019-12-20T17:05:26.000Z,1
2019-12-20T17:18:01.000Z,1
2019-12-20T17:37:04.000Z,1
2019-12-20T17:37:15.000Z,1
2019-12-20T18:13:33.000Z,1
2019-12-20T19:05:31.000Z,1
2019-12-20T19:10:37.000Z,1
2019-12-20T19:15:24.000Z,1
2019-12-20T19:41:05.000Z,1
2019-12-20T19:42:18.000Z,1
2019-12-20T20:46:02.000Z,1
2019-12-20T22:13:14.000Z,1
2019-12-21T00:07:11.000Z,1
2019-12-21T01:50:18.000Z,1
2019-12-21T07:26:36.000Z,1
2019-12-21T08:20:46.000Z,1
2019-12-21T11:14:50.000Z,1
2019-12-21T11:33:32.000Z,1
2019-12-21T11:40:24.000Z,1
2019-12-21T11:53:17.000Z,1
2019-12-21T12:58:52.000Z,1
2019-12-21T13:49:47.000Z,1
2019-12-21T14:20:02.000Z,1
2019-12-21T14:25:09.000Z,1
2019-12-21T14:41:31.000Z,1
2019-12-21T16:24:35.000Z,1
2019-12-21T16:40:56.000Z,1
2019-12-21T16:48:52.000Z,1
2019-12-21T16:58:13.000Z,1
2019-12-21T18:49:03.000Z,1
2019-12-21T19:32:47.000Z,1
2019-12-22T00:25:59.000Z,1
2019-12-22T05:09:34.000Z,1
2019-12-22T10:17:45.000Z,1
2019-12-22T10:51:20.000Z,1
2019-12-22T11:20:38.000Z,1
2019-12-22T11:24:55.000Z,1
2019-12-22T11:34:27.000Z,1
2019-12-22T11:35:54.000Z,1
2019-12-22T12:10:04.000Z,1
2019-12-22T12:35:32.000Z,1
2019-12-22T13:13:02.000Z,1
2019-12-22T13:16:47.000Z,1
2019-12-22T13:52:55.000Z,1
2019-12-22T14:05:44.000Z,1
2019-12-22T14:09:05.000Z,1
2019-12-22T14:49:12.000Z,1
2019-12-22T15:23:48.000Z,1
2019-12-22T15:26:23.000Z,1
2019-12-22T17:44:24.000Z,1
2019-12-22T18:38:01.000Z,1
2019-12-22T19:20:19.000Z,1
2019-12-22T19:46:05.000Z,1
2019-12-22T20:07:07.000Z,1
2019-12-23T02:32:32.000Z,1
2019-12-23T07:08:21.000Z,2
2019-12-23T08:47:46.000Z,1
2019-12-23T08:55:21.000Z,1
2019-12-11T14:29:37.000Z,1
2019-12-11T15:46:16.000Z,1
2019-12-11T16:14:51.000Z,1
2019-12-11T16:31:20.000Z,1
2019-12-11T17:04:09.000Z,1
2019-12-11T17:05:27.000Z,1
2019-12-11T17:20:22.000Z,1
2019-12-11T17:38:21.000Z,1
2019-12-11T17:42:55.000Z,1
2019-12-11T17:53:25.000Z,1
2019-12-11T21:21:53.000Z,1
2019-12-12T08:17:14.000Z,1
2019-12-12T13:15:38.000Z,1
2019-12-12T15:08:12.000Z,1
2019-12-12T15:54:09.000Z,1
2019-12-12T16:02:11.000Z,1
2019-12-12T21:07:39.000Z,1
2019-12-12T21:19:53.000Z,1
2019-12-13T06:45:58.000Z,1
2019-12-13T12:46:31.000Z,1
2019-12-11T18:06:38.000Z,2
2019-12-12T06:37:05.000Z,3
2019-12-12T15:06:32.000Z,1
2019-12-12T15:35:00.000Z,1
2019-12-12T16:47:16.000Z,1
2019-12-12T17:16:50.000Z,1
2019-12-12T17:18:17.000Z,2
2019-12-12T17:27:56.000Z,1
2019-12-12T17:47:14.000Z,1
2019-12-12T19:12:40.000Z,1
2019-12-12T19:34:25.000Z,1
2019-12-12T21:01:56.000Z,1
2019-12-12T21:02:33.000Z,1
2019-12-12T22:22:10.000Z,1
2019-12-12T22:39:22.000Z,1
2019-12-12T23:15:07.000Z,1
2019-12-13T05:21:16.000Z,1
2019-12-13T05:29:52.000Z,1
2019-12-13T06:44:26.000Z,1
2019-12-13T06:55:04.000Z,1
2019-12-13T07:25:41.000Z,1
2019-12-13T07:41:16.000Z,1
2019-12-13T09:09:56.000Z,3
2019-12-13T10:00:31.000Z,1
2019-12-13T10:14:11.000Z,1
2019-12-13T10:35:13.000Z,1
2019-12-13T10:47:25.000Z,1
2019-12-13T11:51:29.000Z,1
2019-12-13T11:56:51.000Z,1
2019-12-13T12:22:49.000Z,1
2019-12-13T12:47:28.000Z,3
2019-12-13T14:33:15.000Z,1
2019-12-13T15:16:38.000Z,1
2019-12-13T16:14:01.000Z,1
2019-12-13T16:37:43.000Z,2
2019-12-13T16:54:09.000Z,1
2019-12-13T17:01:16.000Z,2
2019-12-13T17:20:47.000Z,1
2019-12-13T17:20:50.000Z,1
2019-12-13T17:33:43.000Z,1
2019-12-13T17:53:02.000Z,1
2019-12-13T17:57:13.000Z,1
2019-12-13T18:22:43.000Z,1
2019-12-13T18:25:41.000Z,1
2019-12-13T18:34:56.000Z,1
2019-12-13T18:40:57.000Z,1
2019-12-13T18:45:59.000Z,1
2019-12-13T20:16:13.000Z,1
2019-12-13T20:49:59.000Z,1
2019-12-13T20:53:35.000Z,1
2019-12-13T22:04:24.000Z,1
2019-12-13T22:42:41.000Z,1
2019-12-14T07:47:37.000Z,1
2019-12-14T08:34:08.000Z,1
2019-12-14T08:55:31.000Z,1
2019-12-14T09:13:08.000Z,1
2019-12-14T09:46:33.000Z,1
2019-12-14T10:00:28.000Z,1
2019-12-14T10:37:09.000Z,1
2019-12-14T10:37:26.000Z,1
2019-12-14T11:01:55.000Z,1
2019-12-14T11:25:02.000Z,1
2019-12-14T12:54:05.000Z,2
2019-12-14T13:27:49.000Z,1
2019-12-14T13:32:36.000Z,1
2019-12-14T14:11:43.000Z,1
2019-12-14T14:15:31.000Z,1
2019-12-14T15:06:58.000Z,1
2019-12-14T15:17:44.000Z,1
2019-12-14T15:23:43.000Z,2
2019-12-14T18:53:32.000Z,1
2019-12-14T19:23:49.000Z,1
2019-12-14T19:34:34.000Z,1
2019-12-14T20:02:06.000Z,1
2019-12-14T22:00:05.000Z,1
2019-12-14T23:20:32.000Z,1
2019-12-15T00:22:00.000Z,1
2019-12-15T02:08:24.000Z,1
2019-12-15T08:56:28.000Z,1
2019-12-15T09:54:25.000Z,1
2019-12-15T11:36:33.000Z,1
2019-12-15T14:49:31.000Z,1
2019-12-15T16:48:07.000Z,1
2019-12-15T17:12:59.000Z,1
2019-12-15T17:31:39.000Z,1
2019-12-15T17:43:14.000Z,1
2019-12-15T18:05:18.000Z,1
2019-12-15T18:08:38.000Z,1
2019-12-15T19:48:53.000Z,1
2019-12-15T20:55:47.000Z,1
2019-12-16T08:21:48.000Z,1
2019-12-16T08:38:14.000Z,1
2019-12-16T10:08:56.000Z,1
2019-12-16T10:42:22.000Z,1
2019-12-16T12:18:02.000Z,1
2019-12-16T13:58:49.000Z,1
2019-12-16T15:55:15.000Z,2
2019-12-16T16:20:35.000Z,1
2019-12-16T17:19:17.000Z,1
2019-12-16T17:19:25.000Z,1
2019-12-16T17:22:19.000Z,1
2019-12-16T18:40:00.000Z,1
2019-12-16T18:56:31.000Z,1
2019-12-16T20:56:46.000Z,1
2019-12-17T05:39:03.000Z,1
2019-12-17T05:41:33.000Z,1
2019-12-17T07:31:20.000Z,1
2019-12-17T07:31:51.000Z,2
2019-12-17T07:39:34.000Z,1
2019-12-17T07:45:19.000Z,1
2019-12-17T08:20:24.000Z,1
2019-12-17T08:34:11.000Z,1
2019-12-17T08:46:18.000Z,1
2019-12-17T08:49:01.000Z,1
2019-12-17T08:54:08.000Z,1
2019-12-17T10:05:07.000Z,1
2019-12-17T10:47:12.000Z,1
2019-12-17T11:58:16.000Z,1
2019-12-17T12:11:46.000Z,1
2019-12-17T13:06:48.000Z,1
2019-12-17T13:24:33.000Z,1
2019-12-17T13:42:47.000Z,1
2019-12-17T14:24:51.000Z,1
2019-12-17T16:05:42.000Z,1
2019-12-17T16:48:56.000Z,2
2019-12-17T17:29:39.000Z,1
2019-12-17T17:52:07.000Z,1
2019-12-17T17:54:40.000Z,1
2019-12-17T18:23:06.000Z,1
2019-12-17T20:14:17.000Z,1
2019-12-17T20:19:58.000Z,1
2019-12-18T08:15:29.000Z,1
2019-12-18T09:09:52.000Z,1
2019-12-18T10:35:42.000Z,1
2019-12-18T10:37:02.000Z,1
2019-12-18T10:59:42.000Z,1
2019-12-18T11:58:35.000Z,1
2019-12-18T12:11:41.000Z,1
2019-12-18T12:27:59.000Z,1
2019-12-18T12:29:36.000Z,1
2019-12-18T12:40:13.000Z,1
2019-12-18T13:12:37.000Z,1
2019-12-18T13:38:26.000Z,1
2019-12-18T15:55:16.000Z,1
2019-12-18T16:16:59.000Z,1
2019-12-18T17:18:40.000Z,1
2019-12-18T17:31:33.000Z,1
2019-12-18T18:37:36.000Z,1
2019-12-18T18:51:09.000Z,1
2019-12-18T20:10:07.000Z,1
2019-12-19T04:51:49.000Z,1
2019-12-19T05:30:22.000Z,1
2019-12-19T07:24:51.000Z,1
2019-12-19T07:28:19.000Z,1
2019-12-19T07:32:39.000Z,1
2019-12-19T07:49:29.000Z,1
2019-12-19T07:58:37.000Z,1
2019-12-19T08:25:11.000Z,1
2019-12-19T08:36:41.000Z,1
2019-12-19T09:42:54.000Z,1
2019-12-19T10:06:49.000Z,1
2019-12-19T12:52:32.000Z,1
2019-12-19T14:23:54.000Z,1
2019-12-19T14:56:04.000Z,1
2019-12-19T15:18:39.000Z,1
2019-12-19T16:24:10.000Z,1
2019-12-19T16:26:51.000Z,1
2019-12-19T16:38:36.000Z,1
2019-12-19T16:47:30.000Z,1
2019-12-19T17:07:10.000Z,1
2019-12-19T17:20:42.000Z,1
2019-12-19T17:22:05.000Z,1
2019-12-19T17:25:59.000Z,1
2019-12-19T17:30:22.000Z,1
2019-12-19T17:36:55.000Z,1
2019-12-19T17:38:49.000Z,2
2019-12-19T17:39:51.000Z,1
2019-12-19T17:56:53.000Z,1
2019-12-19T18:03:08.000Z,1
2019-12-19T19:06:13.000Z,1
2019-12-19T20:18:36.000Z,1
2019-12-19T21:23:35.000Z,1
2019-12-19T22:12:16.000Z,1
2019-12-20T07:02:56.000Z,1
2019-12-20T07:37:28.000Z,1
2019-12-20T07:55:57.000Z,1
2019-12-20T08:19:58.000Z,1
2019-12-20T08:33:56.000Z,1
2019-12-20T08:39:31.000Z,2
2019-12-20T08:42:02.000Z,1
2019-12-20T08:42:21.000Z,2
2019-12-20T09:05:17.000Z,1
2019-12-20T09:09:46.000Z,1
2019-12-20T11:46:03.000Z,1
2019-12-20T12:50:14.000Z,1
2019-12-20T13:20:09.000Z,1
2019-12-20T13:59:39.000Z,1
2019-12-20T15:09:41.000Z,1
2019-12-20T15:11:57.000Z,1
2019-12-20T15:27:44.000Z,1
2019-12-20T15:39:33.000Z,1
2019-12-20T16:23:18.000Z,1
2019-12-20T16:29:59.000Z,1
2019-12-20T16:35:04.000Z,1
2019-12-20T17:48:40.000Z,1
2019-12-20T18:08:27.000Z,1
2019-12-20T19:16:50.000Z,1
2019-12-20T19:59:34.000Z,1
2019-12-21T00:26:55.000Z,1
2019-12-21T00:39:27.000Z,1
2019-12-21T00:52:48.000Z,1
2019-12-21T08:38:48.000Z,1
2019-12-21T09:15:03.000Z,1
2019-12-21T10:15:31.000Z,1
2019-12-21T12:08:02.000Z,1
2019-12-21T12:51:24.000Z,1
2019-12-21T14:18:44.000Z,1
2019-12-21T14:19:38.000Z,1
2019-12-21T14:20:42.000Z,1
2019-12-21T14:40:57.000Z,1
2019-12-21T14:50:14.000Z,1
2019-12-21T15:42:41.000Z,1
2019-12-21T15:57:39.000Z,1
2019-12-21T16:09:07.000Z,1
2019-12-21T16:42:05.000Z,1
2019-12-21T17:10:28.000Z,1
2019-12-21T17:58:04.000Z,1
2019-12-21T18:24:00.000Z,1
2019-12-21T20:20:51.000Z,1
2019-12-21T20:22:10.000Z,1
2019-12-21T20:51:29.000Z,1
2019-12-21T21:35:44.000Z,1
2019-12-21T22:12:18.000Z,1
2019-12-22T06:41:56.000Z,1
2019-12-22T10:01:16.000Z,1
2019-12-22T10:31:10.000Z,1
2019-12-22T11:04:29.000Z,1
2019-12-22T11:24:24.000Z,1
2019-12-22T13:03:00.000Z,1
2019-12-22T13:48:15.000Z,1
2019-12-22T13:49:41.000Z,1
2019-12-22T14:05:34.000Z,1
2019-12-22T15:21:10.000Z,1
2019-12-22T16:03:39.000Z,1
2019-12-22T16:42:42.000Z,1
2019-12-22T16:45:49.000Z,1
2019-12-22T16:46:56.000Z,1
2019-12-22T17:21:25.000Z,1
2019-12-22T17:43:06.000Z,1
2019-12-22T18:28:32.000Z,1
2019-12-22T18:47:06.000Z,1
2019-12-22T19:16:59.000Z,1
2019-12-22T19:29:01.000Z,1
2019-12-22T20:12:35.000Z,1
2019-12-22T21:41:19.000Z,1
2019-12-22T21:52:20.000Z,1
2019-12-23T07:26:01.000Z,2
2019-12-23T07:53:00.000Z,1
2019-12-23T08:40:03.000Z,2
2019-12-23T10:09:18.000Z,1
2019-12-23T10:33:48.000Z,1
2019-12-23T11:14:28.000Z,2
2019-12-23T11:55:16.000Z,1
2019-12-11T13:49:37.000Z,1
2019-12-11T14:59:04.000Z,1
2019-12-11T15:33:58.000Z,1
2019-12-11T16:04:42.000Z,1
2019-12-11T17:47:30.000Z,1
2019-12-11T18:06:57.000Z,1
2019-12-11T18:17:25.000Z,1
2019-12-11T22:28:44.000Z,1
2019-12-11T22:49:04.000Z,1
2019-12-11T23:10:26.000Z,1
2019-12-12T07:12:36.000Z,1
2019-12-12T07:26:44.000Z,1
2019-12-12T07:55:31.000Z,1
2019-12-12T08:16:22.000Z,1
2019-12-12T08:18:57.000Z,1
2019-12-12T08:40:03.000Z,1
2019-12-12T08:44:44.000Z,1
2019-12-12T16:05:44.000Z,1
2019-12-12T16:35:36.000Z,1
2019-12-11T16:25:15.000Z,1
2019-12-11T18:12:05.000Z,1
2019-12-12T06:24:57.000Z,1
2019-12-12T08:23:16.000Z,1
2019-12-12T09:45:50.000Z,1
2019-12-12T11:00:55.000Z,1
2019-12-12T11:41:18.000Z,1
2019-12-12T12:16:30.000Z,1
2019-12-12T12:35:37.000Z,1
2019-12-12T13:31:25.000Z,1
2019-12-12T15:18:22.000Z,1
2019-12-12T15:32:20.000Z,1
2019-12-12T16:02:45.000Z,1
2019-12-12T16:13:01.000Z,1
2019-12-12T16:32:49.000Z,2
2019-12-12T17:08:33.000Z,1
2019-12-12T17:21:19.000Z,1
2019-12-12T17:38:24.000Z,1
2019-12-12T17:46:20.000Z,1
2019-12-12T17:49:48.000Z,1
2019-12-12T18:13:28.000Z,1
2019-12-12T18:27:10.000Z,1
2019-12-12T19:00:50.000Z,1
2019-12-12T19:10:47.000Z,1
2019-12-12T19:46:21.000Z,1
2019-12-12T20:00:43.000Z,1
2019-12-12T22:53:01.000Z,1
2019-12-13T04:03:27.000Z,1
2019-12-13T06:26:11.000Z,1
2019-12-13T07:13:39.000Z,1
2019-12-13T07:29:00.000Z,1
2019-12-13T08:50:34.000Z,1
2019-12-13T10:01:53.000Z,1
2019-12-13T13:18:41.000Z,1
2019-12-13T13:48:52.000Z,1
2019-12-13T15:48:33.000Z,1
2019-12-13T15:49:17.000Z,1
2019-12-13T15:55:36.000Z,1
2019-12-13T16:04:35.000Z,1
2019-12-13T16:28:59.000Z,1
2019-12-13T17:20:25.000Z,1
2019-12-13T17:20:18.000Z,1
2019-12-13T17:31:26.000Z,1
2019-12-13T17:32:45.000Z,1
2019-12-13T18:17:10.000Z,1
2019-12-13T18:26:05.000Z,1
2019-12-13T18:26:26.000Z,1
2019-12-13T19:32:00.000Z,1
2019-12-13T20:14:11.000Z,1
2019-12-13T20:18:48.000Z,1
2019-12-13T23:27:16.000Z,1
2019-12-14T06:14:01.000Z,1
2019-12-14T08:23:39.000Z,1
2019-12-14T08:54:07.000Z,1
2019-12-14T09:44:44.000Z,1
2019-12-14T09:44:58.000Z,1
2019-12-14T12:35:52.000Z,1
2019-12-14T12:41:08.000Z,1
2019-12-14T13:08:30.000Z,1
2019-12-14T13:09:34.000Z,1
2019-12-14T13:30:53.000Z,1
2019-12-14T13:50:11.000Z,1
2019-12-14T13:54:07.000Z,1
2019-12-14T18:20:05.000Z,1
2019-12-14T18:31:04.000Z,1
2019-12-14T19:01:45.000Z,1
2019-12-14T19:23:45.000Z,1
2019-12-14T21:52:40.000Z,1
2019-12-15T00:44:08.000Z,1
2019-12-15T09:15:32.000Z,1
2019-12-15T10:19:38.000Z,1
2019-12-15T11:17:33.000Z,1
2019-12-15T11:43:22.000Z,1
2019-12-15T11:43:33.000Z,1
2019-12-15T14:40:17.000Z,1
2019-12-15T14:48:27.000Z,1
2019-12-15T16:53:43.000Z,1
2019-12-15T17:51:11.000Z,1
2019-12-15T18:10:38.000Z,1
2019-12-15T18:34:04.000Z,1
2019-12-15T18:51:04.000Z,1
2019-12-15T18:52:09.000Z,1
2019-12-15T22:07:34.000Z,2
2019-12-15T22:36:36.000Z,1
2019-12-16T05:17:12.000Z,1
2019-12-16T07:38:30.000Z,1
2019-12-16T07:52:50.000Z,1
2019-12-16T07:53:59.000Z,1
2019-12-16T08:04:32.000Z,1
2019-12-16T08:20:00.000Z,1
2019-12-16T08:23:31.000Z,2
2019-12-16T08:34:59.000Z,1
2019-12-16T08:39:35.000Z,1
2019-12-16T08:47:40.000Z,1
2019-12-16T08:55:59.000Z,1
2019-12-16T09:53:40.000Z,1
2019-12-16T12:32:00.000Z,1
2019-12-16T12:54:10.000Z,2
2019-12-16T12:59:03.000Z,1
2019-12-16T14:00:47.000Z,1
2019-12-16T14:25:29.000Z,1
2019-12-16T15:20:48.000Z,1
2019-12-16T15:38:54.000Z,1
2019-12-16T16:20:54.000Z,1
2019-12-16T16:46:17.000Z,1
2019-12-16T17:29:49.000Z,1
2019-12-16T17:32:10.000Z,1
2019-12-16T18:16:22.000Z,2
2019-12-16T18:43:20.000Z,2
2019-12-16T19:19:05.000Z,1
2019-12-16T19:30:00.000Z,1
2019-12-16T19:39:49.000Z,1
2019-12-16T21:06:28.000Z,1
2019-12-16T21:54:27.000Z,1
2019-12-17T06:26:47.000Z,1
2019-12-17T06:50:59.000Z,1
2019-12-17T07:27:46.000Z,1
2019-12-17T07:39:53.000Z,1
2019-12-17T07:56:08.000Z,1
2019-12-17T08:26:59.000Z,1
2019-12-17T08:52:30.000Z,1
2019-12-17T08:54:16.000Z,1
2019-12-17T08:57:46.000Z,1
2019-12-17T10:13:12.000Z,1
2019-12-17T10:31:04.000Z,1
2019-12-17T11:49:13.000Z,1
2019-12-17T13:55:09.000Z,1
2019-12-17T13:57:37.000Z,1
2019-12-17T15:08:35.000Z,1
2019-12-17T15:44:31.000Z,1
2019-12-17T15:51:12.000Z,1
2019-12-17T16:00:34.000Z,1
2019-12-17T16:06:24.000Z,1
2019-12-17T16:18:38.000Z,1
2019-12-17T16:27:03.000Z,2
2019-12-17T16:39:35.000Z,2
2019-12-17T16:55:28.000Z,1
2019-12-17T16:59:31.000Z,1
2019-12-17T17:19:11.000Z,1
2019-12-17T17:45:22.000Z,1
2019-12-17T18:21:37.000Z,1
2019-12-17T18:52:23.000Z,1
2019-12-17T20:27:55.000Z,1
2019-12-17T21:16:05.000Z,1
2019-12-17T21:35:34.000Z,1
2019-12-17T22:24:44.000Z,1
2019-12-18T06:41:58.000Z,2
2019-12-18T08:25:42.000Z,1
2019-12-18T11:12:24.000Z,1
2019-12-18T12:10:55.000Z,1
2019-12-18T12:38:33.000Z,1
2019-12-18T13:48:27.000Z,1
2019-12-18T15:02:32.000Z,1
2019-12-18T15:22:08.000Z,1
2019-12-18T16:41:59.000Z,1
2019-12-18T16:57:43.000Z,1
2019-12-18T17:08:01.000Z,1
2019-12-18T17:19:17.000Z,1
2019-12-18T17:30:01.000Z,1
2019-12-18T18:00:56.000Z,1
2019-12-18T18:01:42.000Z,1
2019-12-18T19:58:39.000Z,1
2019-12-18T20:20:24.000Z,1
2019-12-18T21:26:26.000Z,1
2019-12-18T23:12:51.000Z,1
2019-12-19T06:32:31.000Z,1
2019-12-19T07:01:12.000Z,1
2019-12-19T07:29:23.000Z,2
2019-12-19T07:39:59.000Z,1
2019-12-19T07:59:57.000Z,1
2019-12-19T08:01:21.000Z,1
2019-12-19T08:02:43.000Z,1
2019-12-19T08:20:17.000Z,2
2019-12-19T08:34:28.000Z,1
2019-12-19T08:41:42.000Z,2
2019-12-19T09:11:00.000Z,1
2019-12-19T09:21:12.000Z,1
2019-12-19T12:50:53.000Z,1
2019-12-19T13:33:55.000Z,1
2019-12-19T13:57:19.000Z,1
2019-12-19T14:39:52.000Z,1
2019-12-19T14:52:20.000Z,1
2019-12-19T16:24:09.000Z,1
2019-12-19T16:49:44.000Z,1
2019-12-19T16:54:01.000Z,1
2019-12-19T17:01:49.000Z,1
2019-12-19T17:30:08.000Z,1
2019-12-19T18:06:35.000Z,1
2019-12-19T18:08:29.000Z,1
2019-12-19T18:21:27.000Z,1
2019-12-19T18:55:05.000Z,1
2019-12-19T19:19:58.000Z,1
2019-12-19T19:29:54.000Z,1
2019-12-19T19:38:40.000Z,1
2019-12-19T19:46:12.000Z,1
2019-12-19T19:48:27.000Z,1
2019-12-19T21:59:35.000Z,1
2019-12-19T22:09:07.000Z,1
2019-12-20T06:35:48.000Z,1
2019-12-20T06:49:21.000Z,1
2019-12-20T06:56:52.000Z,1
2019-12-20T08:01:13.000Z,1
2019-12-20T08:36:12.000Z,1
2019-12-20T08:38:21.000Z,1
2019-12-20T11:02:18.000Z,1
2019-12-20T11:09:30.000Z,1
2019-12-20T11:09:36.000Z,1
2019-12-20T11:25:29.000Z,1
2019-12-20T11:49:19.000Z,1
2019-12-20T12:10:13.000Z,1
2019-12-20T12:49:21.000Z,1
2019-12-20T13:35:17.000Z,1
2019-12-20T15:16:33.000Z,1
2019-12-20T15:34:45.000Z,1
2019-12-20T15:44:09.000Z,1
2019-12-20T15:50:21.000Z,1
2019-12-20T15:55:05.000Z,1
2019-12-20T15:56:37.000Z,1
2019-12-20T16:28:12.000Z,1
2019-12-20T16:44:28.000Z,1
2019-12-20T17:15:53.000Z,1
2019-12-20T17:20:18.000Z,2
2019-12-20T17:35:20.000Z,1
2019-12-20T18:24:49.000Z,1
2019-12-20T18:56:32.000Z,1
2019-12-20T19:27:45.000Z,1
2019-12-20T19:31:36.000Z,1
2019-12-20T21:21:15.000Z,1
2019-12-21T03:15:07.000Z,1
2019-12-21T08:49:37.000Z,1
2019-12-21T09:04:10.000Z,1
2019-12-21T09:23:52.000Z,1
2019-12-21T10:01:17.000Z,1
2019-12-21T10:03:07.000Z,1
2019-12-21T10:12:20.000Z,1
2019-12-21T10:37:11.000Z,1
2019-12-21T10:50:57.000Z,1
2019-12-21T11:16:28.000Z,1
2019-12-21T12:43:06.000Z,1
2019-12-21T12:43:40.000Z,1
2019-12-21T14:41:22.000Z,1
2019-12-21T15:03:01.000Z,1
2019-12-21T15:13:21.000Z,1
2019-12-21T16:10:11.000Z,1
2019-12-21T16:10:42.000Z,1
2019-12-21T18:43:27.000Z,1
2019-12-21T19:57:16.000Z,1
2019-12-22T11:33:02.000Z,1
2019-12-22T11:44:45.000Z,1
2019-12-22T13:08:55.000Z,1
2019-12-22T13:48:01.000Z,1
2019-12-22T13:50:19.000Z,1
2019-12-22T15:25:14.000Z,1
2019-12-22T15:55:09.000Z,1
2019-12-22T16:22:52.000Z,1
2019-12-22T17:54:15.000Z,1
2019-12-22T18:52:37.000Z,1
2019-12-22T21:22:55.000Z,2
2019-12-23T05:28:51.000Z,1
2019-12-23T07:07:21.000Z,1
2019-12-23T08:05:19.000Z,1
2019-12-23T08:05:30.000Z,1
2019-12-23T08:10:57.000Z,1
2019-12-23T08:44:19.000Z,1
2019-12-23T08:51:35.000Z,1
2019-12-23T11:04:45.000Z,1
2019-12-23T11:44:46.000Z,1
2019-12-23T12:08:46.000Z,1
2019-12-23T12:16:50.000Z,1
2019-12-23T13:47:30.000Z,1
2019-12-23T14:38:48.000Z,1
2019-12-23T15:10:12.000Z,1
2019-12-23T15:19:57.000Z,1
2019-12-23T15:24:01.000Z,1
2019-12-23T15:59:09.000Z,1
2019-12-23T16:36:17.000Z,1
2019-12-23T16:44:53.000Z,1
2019-12-23T17:08:57.000Z,1
2019-12-23T18:41:27.000Z,1
2019-12-23T18:46:30.000Z,1
2019-12-23T19:16:07.000Z,1
2019-12-24T07:51:54.000Z,1
2019-12-24T09:49:33.000Z,1
2019-12-24T10:23:06.000Z,1
2019-12-24T12:42:55.000Z,1
2019-12-24T13:21:17.000Z,1
2019-12-25T10:47:35.000Z,1
2019-12-23T16:57:12.000Z,1
2019-12-23T18:51:49.000Z,1
2019-12-23T22:21:18.000Z,1
2019-12-24T13:15:29.000Z,1
2019-12-24T14:32:44.000Z,1
2019-12-24T14:49:56.000Z,1
2019-12-24T14:52:12.000Z,1
2019-12-24T15:13:51.000Z,1
2019-12-24T16:12:16.000Z,1
2019-12-24T18:20:49.000Z,1
2019-12-25T09:21:49.000Z,1
2019-12-25T12:15:25.000Z,1
2019-12-25T12:43:25.000Z,1
2019-12-25T13:27:55.000Z,1
2019-12-25T13:34:04.000Z,1
2019-12-25T15:14:46.000Z,1
2019-12-25T18:14:02.000Z,1
2019-12-25T19:23:03.000Z,1
2019-12-25T21:42:07.000Z,1
2019-12-25T22:58:17.000Z,1
2019-12-25T23:01:47.000Z,1
2019-12-26T08:10:20.000Z,1
2019-12-26T08:28:02.000Z,1
2019-12-26T10:25:18.000Z,1
2019-12-26T11:27:00.000Z,1
2019-12-26T12:12:45.000Z,1
2019-12-26T12:43:38.000Z,1
2019-12-26T12:51:56.000Z,1
2019-12-26T13:14:04.000Z,1
2019-12-26T13:41:30.000Z,3
2019-12-26T14:06:08.000Z,1
2019-12-26T14:12:22.000Z,1
2019-12-26T14:34:11.000Z,1
2019-12-26T14:40:36.000Z,1
2019-12-26T15:41:55.000Z,2
2019-12-26T16:02:12.000Z,1
2019-12-26T16:09:35.000Z,1
2019-12-26T16:23:38.000Z,1
2019-12-26T16:24:26.000Z,1
2019-12-26T16:32:30.000Z,1
2019-12-26T17:20:08.000Z,1
2019-12-26T18:03:10.000Z,1
2019-12-26T18:43:36.000Z,1
2019-12-26T18:46:34.000Z,2
2019-12-26T19:02:18.000Z,1
2019-12-27T00:41:59.000Z,1
2019-12-27T07:52:53.000Z,1
2019-12-27T09:26:11.000Z,1
2019-12-27T09:49:21.000Z,1
2019-12-27T10:09:46.000Z,1
2019-12-27T11:45:06.000Z,1
2019-12-27T11:50:09.000Z,1
2019-12-27T16:25:37.000Z,1
2019-12-27T17:18:32.000Z,1
2019-12-27T17:42:18.000Z,1
2019-12-27T17:51:23.000Z,1
2019-12-27T18:44:14.000Z,1
2019-12-27T19:16:31.000Z,1
2019-12-27T23:32:25.000Z,1
2019-12-28T00:30:45.000Z,1
2019-12-28T01:27:25.000Z,1
2019-12-28T08:23:30.000Z,1
2019-12-28T09:43:09.000Z,1
2019-12-28T12:02:33.000Z,1
2019-12-28T13:46:21.000Z,1
2019-12-28T13:55:15.000Z,1
2019-12-28T15:42:56.000Z,1
2019-12-28T18:58:24.000Z,1
2019-12-29T08:23:13.000Z,1
2019-12-29T08:54:18.000Z,1
2019-12-29T09:57:49.000Z,1
2019-12-29T11:32:32.000Z,1
2019-12-29T13:37:29.000Z,1
2019-12-29T13:59:10.000Z,1
2019-12-29T14:11:34.000Z,1
2019-12-29T15:36:22.000Z,1
2019-12-29T15:48:21.000Z,1
2019-12-29T15:51:34.000Z,1
2019-12-29T15:54:26.000Z,1
2019-12-29T19:00:20.000Z,1
2019-12-30T03:43:20.000Z,1
2019-12-30T05:26:38.000Z,1
2019-12-30T05:39:48.000Z,1
2019-12-30T07:56:03.000Z,1
2019-12-30T08:04:22.000Z,1
2019-12-30T08:15:52.000Z,1
2019-12-30T08:43:09.000Z,1
2019-12-30T09:08:25.000Z,1
2019-12-30T12:05:36.000Z,1
2019-12-30T13:06:22.000Z,1
2019-12-30T14:18:34.000Z,1
2019-12-30T15:12:31.000Z,1
2019-12-30T15:38:51.000Z,1
2019-12-30T16:11:41.000Z,1
2019-12-30T16:47:41.000Z,1
2019-12-30T17:23:11.000Z,1
2019-12-30T18:13:04.000Z,1
2019-12-30T19:05:56.000Z,1
2019-12-30T19:48:18.000Z,1
2019-12-30T21:11:05.000Z,1
2019-12-31T10:10:13.000Z,1
2019-12-31T12:41:46.000Z,1
2019-12-31T13:06:26.000Z,1
2019-12-31T14:04:15.000Z,1
2019-12-31T14:57:10.000Z,1
2019-12-31T16:13:22.000Z,1
2019-12-31T18:00:35.000Z,1
2019-12-31T18:14:27.000Z,1
2019-12-31T18:52:12.000Z,1
2019-12-31T20:38:09.000Z,1
2019-12-31T21:08:39.000Z,1
2019-12-31T21:47:02.000Z,1
2019-12-23T13:22:52.000Z,1
2019-12-23T13:27:15.000Z,1
2019-12-23T13:36:37.000Z,2
2019-12-23T13:38:03.000Z,1
2019-12-23T15:29:01.000Z,2
2019-12-23T15:42:29.000Z,1
2019-12-23T16:02:38.000Z,1
2019-12-23T16:09:56.000Z,1
2019-12-23T16:18:27.000Z,1
2019-12-23T16:50:39.000Z,1
2019-12-23T16:57:03.000Z,1
2019-12-23T20:24:02.000Z,1
2019-12-23T20:45:04.000Z,1
2019-12-24T10:17:53.000Z,1
2019-12-24T11:08:29.000Z,1
2019-12-24T12:43:18.000Z,1
2019-12-24T13:35:46.000Z,1
2019-12-24T14:52:04.000Z,1
2019-12-25T13:33:13.000Z,1
2019-12-25T13:47:47.000Z,1
2019-12-25T13:58:50.000Z,1
2019-12-23T18:18:45.000Z,1
2019-12-23T20:38:48.000Z,1
2019-12-23T20:40:03.000Z,1
2019-12-24T07:10:08.000Z,1
2019-12-24T08:04:10.000Z,1
2019-12-24T11:42:54.000Z,1
2019-12-24T11:51:19.000Z,1
2019-12-24T12:37:22.000Z,2
2019-12-24T12:46:42.000Z,1
2019-12-24T13:23:29.000Z,1
2019-12-24T15:38:04.000Z,1
2019-12-24T16:05:42.000Z,1
2019-12-24T16:39:21.000Z,1
2019-12-24T17:20:14.000Z,1
2019-12-24T19:54:04.000Z,1
2019-12-25T01:20:24.000Z,1
2019-12-25T13:18:05.000Z,1
2019-12-25T13:51:13.000Z,2
2019-12-25T14:01:28.000Z,1
2019-12-25T16:00:21.000Z,1
2019-12-25T16:31:21.000Z,1
2019-12-25T18:48:00.000Z,1
2019-12-25T20:41:15.000Z,1
2019-12-26T05:42:17.000Z,1
2019-12-26T06:58:59.000Z,1
2019-12-26T07:29:42.000Z,2
2019-12-26T07:32:08.000Z,1
2019-12-26T08:55:00.000Z,1
2019-12-26T11:07:15.000Z,1
2019-12-26T11:14:01.000Z,1
2019-12-26T12:02:21.000Z,1
2019-12-26T13:28:04.000Z,1
2019-12-26T13:29:02.000Z,1
2019-12-26T13:29:43.000Z,1
2019-12-26T14:14:03.000Z,1
2019-12-26T14:20:51.000Z,1
2019-12-26T14:31:56.000Z,1
2019-12-26T15:33:46.000Z,1
2019-12-26T15:36:46.000Z,1
2019-12-26T15:51:12.000Z,1
2019-12-26T15:59:47.000Z,2
2019-12-26T16:34:54.000Z,1
2019-12-26T16:36:56.000Z,1
2019-12-26T16:59:19.000Z,1
2019-12-26T17:03:10.000Z,1
2019-12-26T17:06:09.000Z,1
2019-12-26T18:45:32.000Z,1
2019-12-26T18:54:49.000Z,1
2019-12-26T20:30:21.000Z,1
2019-12-26T21:31:17.000Z,1
2019-12-26T21:49:17.000Z,1
2019-12-27T08:07:55.000Z,1
2019-12-27T08:13:36.000Z,1
2019-12-27T08:48:36.000Z,1
2019-12-27T10:21:55.000Z,1
2019-12-27T10:32:49.000Z,1
2019-12-27T11:52:53.000Z,1
2019-12-27T11:56:35.000Z,1
2019-12-27T12:00:35.000Z,1
2019-12-27T12:04:21.000Z,1
2019-12-27T12:11:39.000Z,1
2019-12-27T14:15:07.000Z,1
2019-12-27T14:20:42.000Z,1
2019-12-27T14:41:13.000Z,1
2019-12-27T16:51:32.000Z,1
2019-12-27T18:32:47.000Z,1
2019-12-27T18:43:42.000Z,1
2019-12-28T00:52:41.000Z,1
2019-12-28T08:55:08.000Z,1
2019-12-28T10:12:40.000Z,1
2019-12-28T12:57:44.000Z,1
2019-12-28T13:33:52.000Z,1
2019-12-28T13:34:04.000Z,1
2019-12-28T16:20:38.000Z,1
2019-12-28T17:42:13.000Z,1
2019-12-28T18:25:34.000Z,1
2019-12-28T18:40:34.000Z,1
2019-12-28T20:37:38.000Z,1
2019-12-29T09:25:41.000Z,1
2019-12-29T09:43:49.000Z,1
2019-12-29T11:02:02.000Z,1
2019-12-29T11:31:50.000Z,1
2019-12-29T11:48:39.000Z,1
2019-12-29T12:02:28.000Z,1
2019-12-29T12:16:58.000Z,1
2019-12-29T12:34:18.000Z,1
2019-12-29T12:52:32.000Z,1
2019-12-29T13:28:43.000Z,1
2019-12-29T14:09:34.000Z,1
2019-12-29T14:37:27.000Z,2
2019-12-29T14:57:46.000Z,1
2019-12-29T14:59:28.000Z,2
2019-12-29T15:13:45.000Z,1
2019-12-29T15:48:12.000Z,2
2019-12-29T18:03:15.000Z,1
2019-12-30T06:58:47.000Z,1
2019-12-30T08:45:49.000Z,1
2019-12-30T10:18:50.000Z,1
2019-12-30T13:52:43.000Z,1
2019-12-30T14:04:35.000Z,1
2019-12-30T14:56:11.000Z,1
2019-12-30T15:35:08.000Z,1
2019-12-30T16:07:16.000Z,1
2019-12-30T18:53:55.000Z,1
2019-12-30T20:30:36.000Z,1
2019-12-31T07:17:21.000Z,1
2019-12-31T09:51:54.000Z,1
2019-12-31T10:19:38.000Z,1
2019-12-31T11:18:39.000Z,1
2019-12-31T11:37:24.000Z,1
2019-12-31T12:53:32.000Z,1
2019-12-31T13:23:34.000Z,1
2019-12-31T15:21:31.000Z,1
2019-12-31T16:10:15.000Z,1
2019-12-31T16:19:52.000Z,1
2019-12-31T16:44:34.000Z,1
2019-12-31T22:51:44.000Z,1
2019-12-23T12:59:45.000Z,1
2019-12-23T13:03:26.000Z,1
2019-12-23T13:05:11.000Z,1
2019-12-23T13:18:06.000Z,2
2019-12-23T13:48:20.000Z,2
2019-12-23T14:02:42.000Z,1
2019-12-23T14:32:34.000Z,1
2019-12-23T14:40:20.000Z,1
2019-12-23T15:35:02.000Z,1
2019-12-23T16:05:44.000Z,1
2019-12-23T16:16:15.000Z,1
2019-12-23T16:27:30.000Z,1
2019-12-23T16:40:36.000Z,1
2019-12-23T16:47:58.000Z,1
2019-12-23T17:18:47.000Z,1
2019-12-23T17:51:31.000Z,1
2019-12-23T17:56:50.000Z,1
2019-12-23T19:22:05.000Z,1
2019-12-23T19:56:26.000Z,1
2019-12-23T21:59:00.000Z,1
2019-12-23T23:44:12.000Z,1
2019-12-24T06:29:33.000Z,2
2019-12-24T09:16:16.000Z,1
2019-12-24T09:55:26.000Z,1
2019-12-24T18:25:26.000Z,1
2019-12-25T12:50:08.000Z,1
2019-12-25T13:11:24.000Z,1
2019-12-25T14:17:10.000Z,1
2019-12-26T09:47:23.000Z,1
2019-12-23T17:27:29.000Z,1
2019-12-23T18:14:49.000Z,1
2019-12-24T05:08:21.000Z,1
2019-12-24T08:13:04.000Z,1
2019-12-24T09:22:39.000Z,1
2019-12-24T09:57:12.000Z,1
2019-12-24T12:16:54.000Z,1
2019-12-24T12:52:16.000Z,1
2019-12-24T14:17:34.000Z,1
2019-12-24T15:03:32.000Z,1
2019-12-24T15:14:20.000Z,1
2019-12-25T12:26:50.000Z,1
2019-12-25T12:43:40.000Z,1
2019-12-25T13:03:26.000Z,1
2019-12-25T13:45:43.000Z,1
2019-12-25T15:03:34.000Z,1
2019-12-25T15:29:01.000Z,1
2019-12-25T16:27:58.000Z,1
2019-12-25T17:13:03.000Z,1
2019-12-26T02:17:34.000Z,2
2019-12-26T08:02:34.000Z,1
2019-12-26T08:11:18.000Z,2
2019-12-26T08:22:57.000Z,1
2019-12-26T08:26:59.000Z,1
2019-12-26T08:32:13.000Z,1
2019-12-26T08:50:56.000Z,1
2019-12-26T09:43:34.000Z,1
2019-12-26T13:10:51.000Z,1
2019-12-26T13:17:57.000Z,1
2019-12-26T13:21:14.000Z,1
2019-12-26T14:04:28.000Z,2
2019-12-26T14:18:32.000Z,1
2019-12-26T15:15:36.000Z,1
2019-12-26T15:33:36.000Z,1
2019-12-26T15:50:18.000Z,2
2019-12-26T15:52:40.000Z,2
2019-12-26T15:53:11.000Z,1
2019-12-26T15:55:00.000Z,2
2019-12-26T15:56:27.000Z,1
2019-12-26T16:35:12.000Z,1
2019-12-26T17:57:42.000Z,1
2019-12-26T19:39:04.000Z,1
2019-12-26T19:59:34.000Z,1
2019-12-26T20:23:24.000Z,2
2019-12-26T21:11:20.000Z,1
2019-12-27T06:50:28.000Z,1
2019-12-27T08:00:37.000Z,1
2019-12-27T08:21:14.000Z,1
2019-12-27T08:24:46.000Z,1
2019-12-27T09:04:38.000Z,1
2019-12-27T09:09:46.000Z,1
2019-12-27T10:22:52.000Z,1
2019-12-27T10:46:48.000Z,1
2019-12-27T10:56:45.000Z,1
2019-12-27T11:33:43.000Z,1
2019-12-27T11:56:55.000Z,1
2019-12-27T12:06:49.000Z,1
2019-12-27T14:15:02.000Z,1
2019-12-27T14:19:43.000Z,1
2019-12-27T14:31:44.000Z,1
2019-12-27T14:41:14.000Z,1
2019-12-27T15:11:25.000Z,1
2019-12-27T16:01:49.000Z,1
2019-12-27T16:13:25.000Z,2
2019-12-27T16:39:41.000Z,1
2019-12-27T17:44:40.000Z,1
2019-12-27T18:13:32.000Z,1
2019-12-27T20:04:19.000Z,2
2019-12-27T20:16:09.000Z,1
2019-12-28T07:52:06.000Z,1
2019-12-28T08:14:32.000Z,1
2019-12-28T09:47:03.000Z,1
2019-12-28T10:40:03.000Z,1
2019-12-28T11:16:42.000Z,1
2019-12-28T11:27:34.000Z,1
2019-12-28T11:33:52.000Z,1
2019-12-28T12:08:00.000Z,1
2019-12-28T13:21:32.000Z,1
2019-12-28T13:29:47.000Z,1
2019-12-28T13:49:36.000Z,1
2019-12-28T15:40:19.000Z,1
2019-12-28T16:24:22.000Z,1
2019-12-28T16:46:51.000Z,1
2019-12-28T20:01:53.000Z,1
2019-12-28T20:21:38.000Z,1
2019-12-29T07:41:43.000Z,1
2019-12-29T09:46:35.000Z,1
2019-12-29T10:05:16.000Z,1
2019-12-29T11:32:50.000Z,1
2019-12-29T12:04:43.000Z,1
2019-12-29T12:40:41.000Z,1
2019-12-29T13:23:14.000Z,1
2019-12-29T13:35:42.000Z,1
2019-12-29T14:24:06.000Z,1
2019-12-29T14:37:32.000Z,2
2019-12-29T14:59:54.000Z,1
2019-12-29T15:29:27.000Z,1
2019-12-29T15:36:00.000Z,1
2019-12-29T15:42:23.000Z,1
2019-12-29T15:56:00.000Z,1
2019-12-29T16:49:01.000Z,2
2019-12-29T18:04:05.000Z,1
2019-12-29T18:05:21.000Z,1
2019-12-29T19:55:44.000Z,1
2019-12-29T20:11:15.000Z,1
2019-12-30T00:20:38.000Z,1
2019-12-30T08:49:48.000Z,1
2019-12-30T09:48:30.000Z,1
2019-12-30T11:16:11.000Z,1
2019-12-30T11:35:05.000Z,1
2019-12-30T11:45:06.000Z,1
2019-12-30T12:10:41.000Z,1
2019-12-30T12:16:50.000Z,1
2019-12-30T12:46:18.000Z,1
2019-12-30T13:04:48.000Z,1
2019-12-30T15:28:16.000Z,1
2019-12-30T15:32:36.000Z,1
2019-12-30T15:50:49.000Z,1
2019-12-30T16:05:59.000Z,1
2019-12-30T17:53:24.000Z,1
2019-12-30T18:47:47.000Z,1
2019-12-30T19:37:28.000Z,1
2019-12-30T22:25:04.000Z,1
2019-12-31T09:15:40.000Z,1
2019-12-31T11:01:31.000Z,1
2019-12-31T11:19:56.000Z,1
2019-12-31T12:51:36.000Z,1
2019-12-31T13:14:34.000Z,1
2019-12-31T15:01:55.000Z,1
2019-12-31T16:34:54.000Z,1
2019-12-31T16:54:57.000Z,1
2019-12-31T19:06:43.000Z,1
2019-12-31T19:09:12.000Z,1
2019-12-31T19:42:33.000Z,1
2019-12-31T20:56:21.000Z,1
2019-12-31T23:54:38.000Z,1
2019-12-23T12:25:36.000Z,1
2019-12-23T12:51:45.000Z,1
2019-12-23T16:57:11.000Z,1
2019-12-23T17:21:11.000Z,1
2019-12-23T17:46:09.000Z,1
2019-12-23T18:49:29.000Z,1
2019-12-23T21:04:09.000Z,1
2019-12-23T22:21:02.000Z,1
2019-12-24T05:47:54.000Z,1
2019-12-24T13:02:59.000Z,1
2019-12-24T14:57:25.000Z,1
2019-12-24T17:04:08.000Z,1
2019-12-26T11:44:31.000Z,1
2019-12-23T20:29:10.000Z,1
2019-12-23T21:24:11.000Z,1
2019-12-24T03:50:12.000Z,1
2019-12-24T06:45:38.000Z,1
2019-12-24T07:15:04.000Z,1
2019-12-24T07:25:35.000Z,1
2019-12-24T07:49:22.000Z,1
2019-12-24T09:37:07.000Z,1
2019-12-24T10:15:22.000Z,1
2019-12-24T11:52:15.000Z,1
2019-12-24T12:00:26.000Z,1
2019-12-24T13:17:18.000Z,1
2019-12-24T13:21:29.000Z,1
2019-12-24T13:22:17.000Z,1
2019-12-24T15:09:36.000Z,2
2019-12-24T22:14:47.000Z,1
2019-12-25T06:39:32.000Z,1
2019-12-25T08:28:04.000Z,1
2019-12-25T13:06:17.000Z,1
2019-12-25T14:43:33.000Z,1
2019-12-25T19:04:13.000Z,1
2019-12-25T23:05:32.000Z,1
2019-12-26T06:30:17.000Z,1
2019-12-26T08:18:30.000Z,1
2019-12-26T11:15:19.000Z,1
2019-12-26T11:50:51.000Z,1
2019-12-26T11:56:47.000Z,1
2019-12-26T12:03:08.000Z,1
2019-12-26T12:04:49.000Z,1
2019-12-26T12:41:04.000Z,1
2019-12-26T12:59:07.000Z,1
2019-12-26T13:25:27.000Z,1
2019-12-26T14:16:13.000Z,1
2019-12-26T14:46:34.000Z,1
2019-12-26T15:02:53.000Z,2
2019-12-26T15:21:31.000Z,1
2019-12-26T15:37:54.000Z,1
2019-12-26T15:42:21.000Z,1
2019-12-26T15:44:28.000Z,1
2019-12-26T15:47:23.000Z,1
2019-12-26T15:51:16.000Z,1
2019-12-26T16:18:34.000Z,1
2019-12-26T16:22:09.000Z,1
2019-12-26T16:38:59.000Z,1
2019-12-26T17:20:15.000Z,1
2019-12-26T18:06:03.000Z,1
2019-12-26T18:19:55.000Z,1
2019-12-26T19:04:12.000Z,1
2019-12-26T20:56:20.000Z,1
2019-12-27T07:07:10.000Z,1
2019-12-27T08:19:51.000Z,1
2019-12-27T08:30:01.000Z,1
2019-12-27T09:06:15.000Z,1
2019-12-27T09:47:12.000Z,1
2019-12-27T10:15:43.000Z,1
2019-12-27T11:06:54.000Z,1
2019-12-27T12:08:18.000Z,1
2019-12-27T12:27:27.000Z,1
2019-12-27T13:35:04.000Z,1
2019-12-27T14:28:31.000Z,1
2019-12-27T15:15:47.000Z,1
2019-12-27T16:01:42.000Z,1
2019-12-27T16:10:21.000Z,1
2019-12-27T17:21:54.000Z,1
2019-12-27T18:38:52.000Z,1
2019-12-27T18:58:20.000Z,1
2019-12-27T22:32:22.000Z,1
2019-12-28T00:02:35.000Z,1
2019-12-28T01:23:30.000Z,1
2019-12-28T08:15:02.000Z,1
2019-12-28T09:53:59.000Z,1
2019-12-28T09:56:27.000Z,1
2019-12-28T10:22:44.000Z,1
2019-12-28T10:29:48.000Z,1
2019-12-28T11:54:06.000Z,1
2019-12-28T12:03:38.000Z,1
2019-12-28T12:24:43.000Z,1
2019-12-28T12:32:14.000Z,1
2019-12-28T13:23:56.000Z,1
2019-12-28T14:06:31.000Z,1
2019-12-28T14:50:10.000Z,1
2019-12-28T14:50:37.000Z,1
2019-12-28T15:18:50.000Z,1
2019-12-28T15:37:44.000Z,1
2019-12-28T16:11:35.000Z,1
2019-12-28T18:23:10.000Z,1
2019-12-28T19:28:11.000Z,1
2019-12-29T08:21:18.000Z,1
2019-12-29T08:37:19.000Z,1
2019-12-29T10:32:24.000Z,1
2019-12-29T11:00:59.000Z,1
2019-12-29T11:17:53.000Z,1
2019-12-29T12:34:29.000Z,1
2019-12-29T12:43:22.000Z,1
2019-12-29T13:18:28.000Z,2
2019-12-29T14:03:40.000Z,1
2019-12-29T14:18:45.000Z,1
2019-12-29T14:34:06.000Z,1
2019-12-29T14:46:17.000Z,1
2019-12-29T14:48:48.000Z,1
2019-12-29T15:45:29.000Z,2
2019-12-29T16:13:23.000Z,1
2019-12-29T18:37:10.000Z,2
2019-12-29T18:40:20.000Z,1
2019-12-29T19:11:50.000Z,1
2019-12-30T06:34:49.000Z,1
2019-12-30T08:41:25.000Z,1
2019-12-30T09:43:19.000Z,1
2019-12-30T11:37:23.000Z,1
2019-12-30T12:34:31.000Z,1
2019-12-30T12:37:50.000Z,1
2019-12-30T13:14:11.000Z,1
2019-12-30T14:35:18.000Z,1
2019-12-30T14:55:05.000Z,1
2019-12-30T17:30:52.000Z,1
2019-12-30T18:00:23.000Z,1
2019-12-30T19:15:40.000Z,1
2019-12-30T19:55:54.000Z,1
2019-12-31T05:37:49.000Z,1
2019-12-31T07:48:47.000Z,1
2019-12-31T08:04:03.000Z,1
2019-12-31T09:04:12.000Z,1
2019-12-31T10:03:08.000Z,1
2019-12-31T12:58:36.000Z,1
2019-12-31T13:13:37.000Z,2
2019-12-31T14:28:02.000Z,1
2019-12-31T15:10:58.000Z,1
2019-12-31T15:57:21.000Z,1
2019-12-31T16:33:18.000Z,1
2019-12-31T16:46:53.000Z,1
2019-12-31T19:00:33.000Z,1
2019-12-31T19:05:46.000Z,1
2019-12-31T19:57:20.000Z,1
2019-12-31T23:19:28.000Z,1
2019-12-23T13:42:03.000Z,1
2019-12-23T13:59:37.000Z,1
2019-12-23T14:36:09.000Z,1
2019-12-23T15:24:19.000Z,1
2019-12-23T15:24:24.000Z,1
2019-12-23T15:45:01.000Z,1
2019-12-23T16:25:18.000Z,1
2019-12-23T16:33:16.000Z,1
2019-12-23T16:42:39.000Z,1
2019-12-23T16:58:25.000Z,1
2019-12-23T18:16:50.000Z,2
2019-12-23T19:50:30.000Z,1
2019-12-24T07:57:12.000Z,1
2019-12-24T09:45:37.000Z,1
2019-12-24T10:53:57.000Z,1
2019-12-24T11:31:39.000Z,1
2019-12-24T12:41:49.000Z,1
2019-12-24T14:08:23.000Z,1
2019-12-24T15:19:06.000Z,1
2019-12-24T11:19:01.000Z,1
2019-12-24T11:47:09.000Z,1
2019-12-24T13:27:36.000Z,1
2019-12-24T14:13:40.000Z,1
2019-12-24T16:38:50.000Z,1
2019-12-24T17:37:19.000Z,1
2019-12-24T18:24:21.000Z,1
2019-12-24T19:46:21.000Z,1
2019-12-25T09:07:19.000Z,1
2019-12-25T11:09:09.000Z,1
2019-12-25T11:19:10.000Z,1
2019-12-25T12:05:38.000Z,1
2019-12-25T16:23:28.000Z,1
2019-12-25T16:56:30.000Z,1
2019-12-25T17:03:14.000Z,1
2019-12-25T18:12:25.000Z,1
2019-12-25T22:05:04.000Z,1
2019-12-25T22:36:48.000Z,1
2019-12-26T05:34:05.000Z,1
2019-12-26T07:39:27.000Z,1
2019-12-26T08:15:10.000Z,1
2019-12-26T09:02:02.000Z,1
2019-12-26T11:28:31.000Z,1
2019-12-26T11:44:02.000Z,3
2019-12-26T11:53:50.000Z,1
2019-12-26T11:57:26.000Z,1
2019-12-26T12:17:09.000Z,1
2019-12-26T12:51:05.000Z,1
2019-12-26T13:14:06.000Z,1
2019-12-26T13:14:09.000Z,1
2019-12-26T13:17:49.000Z,1
2019-12-26T14:32:43.000Z,1
2019-12-26T14:43:01.000Z,1
2019-12-26T14:50:14.000Z,1
2019-12-26T15:02:48.000Z,1
2019-12-26T15:25:42.000Z,1
2019-12-26T15:50:01.000Z,1
2019-12-26T15:57:29.000Z,1
2019-12-26T16:02:11.000Z,1
2019-12-26T16:17:51.000Z,1
2019-12-26T16:52:31.000Z,1
2019-12-26T17:47:03.000Z,1
2019-12-26T18:50:08.000Z,1
2019-12-26T18:53:21.000Z,1
2019-12-26T19:51:00.000Z,2
2019-12-26T19:59:40.000Z,1
2019-12-27T07:13:23.000Z,1
2019-12-27T08:24:16.000Z,1
2019-12-27T08:52:52.000Z,1
2019-12-27T09:16:42.000Z,1
2019-12-27T09:20:50.000Z,1
2019-12-27T10:37:44.000Z,1
2019-12-27T11:37:31.000Z,1
2019-12-27T11:52:31.000Z,1
2019-12-27T12:21:06.000Z,1
2019-12-27T13:01:06.000Z,1
2019-12-27T14:24:16.000Z,1
2019-12-27T15:49:21.000Z,1
2019-12-27T15:50:50.000Z,1
2019-12-27T17:22:24.000Z,1
2019-12-28T01:00:43.000Z,1
2019-12-28T07:53:34.000Z,1
2019-12-28T10:55:59.000Z,1
2019-12-28T10:58:07.000Z,1
2019-12-28T13:22:59.000Z,1
2019-12-28T15:44:08.000Z,2
2019-12-28T15:53:01.000Z,1
2019-12-28T16:23:41.000Z,1
2019-12-29T05:14:07.000Z,1
2019-12-29T07:26:50.000Z,1
2019-12-29T09:49:42.000Z,1
2019-12-29T11:22:32.000Z,1
2019-12-29T11:55:59.000Z,1
2019-12-29T12:16:03.000Z,1
2019-12-29T12:51:11.000Z,1
2019-12-29T12:52:12.000Z,1
2019-12-29T12:54:35.000Z,1
2019-12-29T13:08:09.000Z,1
2019-12-29T13:27:03.000Z,1
2019-12-29T13:33:37.000Z,1
2019-12-29T13:57:34.000Z,1
2019-12-29T14:30:55.000Z,1
2019-12-29T14:34:32.000Z,1
2019-12-29T14:40:42.000Z,1
2019-12-29T15:14:38.000Z,1
2019-12-29T17:19:01.000Z,1
2019-12-29T17:41:10.000Z,1
2019-12-29T19:03:35.000Z,1
2019-12-29T19:09:15.000Z,1
2019-12-29T19:23:54.000Z,1
2019-12-29T21:19:32.000Z,1
2019-12-29T22:25:55.000Z,1
2019-12-30T05:14:18.000Z,1
2019-12-30T05:44:41.000Z,1
2019-12-30T07:30:10.000Z,2
2019-12-30T08:34:50.000Z,1
2019-12-30T08:38:34.000Z,1
2019-12-30T12:12:28.000Z,1
2019-12-30T15:36:29.000Z,1
2019-12-30T18:58:13.000Z,1
2019-12-30T19:14:25.000Z,1
2019-12-30T19:24:38.000Z,1
2019-12-31T01:19:21.000Z,1
2019-12-31T06:34:05.000Z,1
2019-12-31T10:11:42.000Z,1
2019-12-31T11:03:54.000Z,1
2019-12-31T13:43:31.000Z,1
2019-12-31T14:19:57.000Z,1
2019-12-31T14:29:36.000Z,1
2019-12-31T16:47:12.000Z,1
2019-12-31T17:21:51.000Z,1
2019-12-31T17:32:59.000Z,1
2019-12-31T17:45:46.000Z,1
2019-12-23T12:30:53.000Z,1
2019-12-23T12:38:04.000Z,1
2019-12-23T13:40:47.000Z,1
2019-12-23T13:48:30.000Z,1
2019-12-23T14:04:53.000Z,1
2019-12-23T15:24:15.000Z,1
2019-12-23T15:32:32.000Z,1
2019-12-23T17:00:28.000Z,1
2019-12-23T17:07:12.000Z,1
2019-12-23T17:35:28.000Z,1
2019-12-23T17:46:32.000Z,1
2019-12-23T18:10:52.000Z,1
2019-12-23T20:25:27.000Z,1
2019-12-24T06:36:44.000Z,1
2019-12-24T06:55:13.000Z,1
2019-12-24T07:56:15.000Z,1
2019-12-24T15:06:11.000Z,1
2019-12-25T14:18:31.000Z,1
2019-12-23T16:07:11.000Z,1
2019-12-23T16:58:34.000Z,1
2019-12-24T06:43:00.000Z,1
2019-12-24T11:30:43.000Z,1
2019-12-24T12:22:20.000Z,1
2019-12-24T14:10:10.000Z,1
2019-12-24T14:23:59.000Z,1
2019-12-24T14:56:42.000Z,1
2019-12-24T15:46:14.000Z,1
2019-12-24T15:48:28.000Z,2
2019-12-24T16:25:46.000Z,1
2019-12-24T17:38:41.000Z,1
2019-12-24T22:24:42.000Z,1
2019-12-25T01:20:19.000Z,1
2019-12-25T11:41:37.000Z,1
2019-12-25T12:50:31.000Z,1
2019-12-25T12:57:20.000Z,1
2019-12-25T13:31:55.000Z,1
2019-12-25T14:01:32.000Z,1
2019-12-25T16:08:09.000Z,1
2019-12-25T16:15:26.000Z,1
2019-12-25T17:33:43.000Z,1
2019-12-26T01:00:34.000Z,1
2019-12-26T06:38:59.000Z,1
2019-12-26T07:00:23.000Z,1
2019-12-26T10:58:42.000Z,1
2019-12-26T11:04:14.000Z,1
2019-12-26T12:16:23.000Z,1
2019-12-26T12:51:16.000Z,1
2019-12-26T13:11:47.000Z,1
2019-12-26T13:22:01.000Z,1
2019-12-26T13:23:50.000Z,1
2019-12-26T13:31:10.000Z,1
2019-12-26T13:34:52.000Z,1
2019-12-26T14:43:44.000Z,1
2019-12-26T15:01:16.000Z,1
2019-12-26T16:06:28.000Z,1
2019-12-26T16:16:50.000Z,1
2019-12-26T16:21:19.000Z,1
2019-12-26T16:37:23.000Z,1
2019-12-26T16:49:28.000Z,1
2019-12-26T17:10:03.000Z,1
2019-12-26T17:46:41.000Z,1
2019-12-26T19:22:53.000Z,1
2019-12-26T19:48:56.000Z,1
2019-12-26T20:27:27.000Z,1
2019-12-26T20:27:50.000Z,1
2019-12-26T21:43:26.000Z,1
2019-12-27T01:00:22.000Z,1
2019-12-27T06:14:47.000Z,1
2019-12-27T06:52:59.000Z,1
2019-12-27T07:09:06.000Z,1
2019-12-27T07:14:48.000Z,1
2019-12-27T07:53:54.000Z,1
2019-12-27T08:14:58.000Z,1
2019-12-27T08:27:22.000Z,1
2019-12-27T08:34:30.000Z,1
2019-12-27T08:36:57.000Z,1
2019-12-27T08:45:57.000Z,1
2019-12-27T12:13:16.000Z,1
2019-12-27T12:53:09.000Z,1
2019-12-27T13:08:09.000Z,1
2019-12-27T13:29:59.000Z,1
2019-12-27T14:49:19.000Z,1
2019-12-27T14:58:03.000Z,1
2019-12-27T16:47:00.000Z,2
2019-12-27T17:08:50.000Z,1
2019-12-27T17:48:38.000Z,1
2019-12-27T18:12:41.000Z,1
2019-12-27T18:29:32.000Z,1
2019-12-27T23:22:34.000Z,1
2019-12-28T00:37:06.000Z,1
2019-12-28T11:13:39.000Z,1
2019-12-28T12:26:46.000Z,1
2019-12-28T13:34:45.000Z,1
2019-12-28T13:43:35.000Z,1
2019-12-28T13:43:55.000Z,1
2019-12-28T14:35:48.000Z,1
2019-12-28T14:50:21.000Z,1
2019-12-28T16:59:13.000Z,1
2019-12-28T17:19:10.000Z,1
2019-12-28T17:21:55.000Z,1
2019-12-28T17:26:08.000Z,1
2019-12-28T20:55:13.000Z,1
2019-12-28T21:05:03.000Z,1
2019-12-28T21:36:07.000Z,1
2019-12-29T09:41:59.000Z,1
2019-12-29T10:00:06.000Z,1
2019-12-29T10:44:12.000Z,1
2019-12-29T10:59:50.000Z,1
2019-12-29T11:36:05.000Z,1
2019-12-29T13:12:09.000Z,1
2019-12-29T13:35:34.000Z,1
2019-12-29T13:47:02.000Z,1
2019-12-29T14:04:38.000Z,1
2019-12-29T14:16:16.000Z,2
2019-12-29T14:21:41.000Z,1
2019-12-29T14:39:25.000Z,1
2019-12-29T14:49:23.000Z,1
2019-12-29T16:30:06.000Z,1
2019-12-29T17:14:39.000Z,1
2019-12-29T17:34:33.000Z,1
2019-12-29T18:06:09.000Z,1
2019-12-29T18:10:26.000Z,1
2019-12-29T18:22:38.000Z,1
2019-12-29T18:26:00.000Z,1
2019-12-29T18:36:11.000Z,1
2019-12-29T19:03:39.000Z,1
2019-12-29T19:51:29.000Z,1
2019-12-29T19:51:41.000Z,1
2019-12-30T06:32:48.000Z,1
2019-12-30T07:36:12.000Z,1
2019-12-30T08:34:58.000Z,1
2019-12-30T11:46:50.000Z,1
2019-12-30T14:07:00.000Z,1
2019-12-30T17:16:55.000Z,1
2019-12-30T18:33:48.000Z,1
2019-12-30T19:43:15.000Z,1
2019-12-30T20:10:45.000Z,1
2019-12-31T11:00:56.000Z,1
2019-12-31T11:39:12.000Z,1
2019-12-31T14:21:04.000Z,1
2019-12-31T14:41:58.000Z,1
2019-12-23T13:05:58.000Z,1
2019-12-23T14:00:38.000Z,1
2019-12-23T14:06:29.000Z,1
2019-12-23T14:51:23.000Z,1
2019-12-23T15:06:28.000Z,1
2019-12-23T15:41:02.000Z,1
2019-12-23T15:48:17.000Z,1
2019-12-23T16:37:39.000Z,1
2019-12-23T16:51:28.000Z,1
2019-12-23T17:14:48.000Z,1
2019-12-23T17:27:06.000Z,1
2019-12-23T17:42:50.000Z,1
2019-12-23T17:51:39.000Z,1
2019-12-23T20:49:03.000Z,1
2019-12-23T21:29:24.000Z,1
2019-12-23T23:53:09.000Z,1
2019-12-24T07:50:30.000Z,1
2019-12-24T13:36:10.000Z,1
2019-12-24T16:35:43.000Z,1
2019-12-24T23:03:53.000Z,1
2019-12-26T14:06:24.000Z,1
2019-12-26T14:42:12.000Z,1
2019-12-27T11:26:07.000Z,1
2019-12-28T02:24:41.000Z,1
2019-12-23T17:54:37.000Z,1
2019-12-23T19:16:20.000Z,1
2019-12-23T20:50:47.000Z,1
2019-12-23T22:26:04.000Z,1
2019-12-23T22:57:26.000Z,1
2019-12-24T01:58:36.000Z,1
2019-12-24T08:18:19.000Z,1
2019-12-24T08:58:18.000Z,1
2019-12-24T11:34:10.000Z,1
2019-12-24T13:27:49.000Z,1
2019-12-24T13:32:53.000Z,1
2019-12-24T14:32:06.000Z,1
2019-12-24T15:43:59.000Z,1
2019-12-24T19:06:31.000Z,1
2019-12-24T21:35:42.000Z,1
2019-12-24T23:53:18.000Z,1
2019-12-25T09:39:13.000Z,1
2019-12-25T11:43:02.000Z,1
2019-12-25T12:21:01.000Z,1
2019-12-25T12:34:29.000Z,2
2019-12-25T13:58:02.000Z,1
2019-12-25T14:01:02.000Z,1
2019-12-25T14:21:47.000Z,1
2019-12-25T14:27:19.000Z,1
2019-12-25T15:17:31.000Z,1
2019-12-25T15:43:07.000Z,1
2019-12-25T16:30:52.000Z,1
2019-12-25T17:01:29.000Z,2
2019-12-25T18:37:05.000Z,1
2019-12-25T18:45:42.000Z,1
2019-12-25T19:40:52.000Z,1
2019-12-26T00:19:19.000Z,1
2019-12-26T01:39:00.000Z,1
2019-12-26T07:23:46.000Z,1
2019-12-26T07:39:44.000Z,1
2019-12-26T08:52:43.000Z,1
2019-12-26T08:54:23.000Z,1
2019-12-26T08:57:28.000Z,1
2019-12-26T10:57:03.000Z,1
2019-12-26T11:12:51.000Z,1
2019-12-26T11:46:42.000Z,1
2019-12-26T11:48:25.000Z,1
2019-12-26T11:51:24.000Z,1
2019-12-26T11:51:44.000Z,2
2019-12-26T12:06:34.000Z,1
2019-12-26T12:24:13.000Z,1
2019-12-26T13:30:43.000Z,1
2019-12-26T14:15:17.000Z,1
2019-12-26T14:22:33.000Z,1
2019-12-26T14:31:12.000Z,1
2019-12-26T14:48:23.000Z,1
2019-12-26T16:00:53.000Z,1
2019-12-26T16:16:34.000Z,1
2019-12-26T16:16:36.000Z,1
2019-12-26T16:22:19.000Z,1
2019-12-26T16:36:44.000Z,1
2019-12-26T17:07:13.000Z,1
2019-12-26T17:09:17.000Z,1
2019-12-26T17:54:05.000Z,1
2019-12-26T18:02:22.000Z,1
2019-12-26T18:34:24.000Z,1
2019-12-26T19:38:12.000Z,1
2019-12-26T20:00:39.000Z,1
2019-12-27T07:24:49.000Z,1
2019-12-27T08:19:25.000Z,1
2019-12-27T08:24:38.000Z,1
2019-12-27T08:34:47.000Z,1
2019-12-27T10:21:22.000Z,1
2019-12-27T10:37:33.000Z,1
2019-12-27T11:00:17.000Z,1
2019-12-27T11:03:58.000Z,1
2019-12-27T11:33:53.000Z,1
2019-12-27T12:38:25.000Z,1
2019-12-27T13:28:17.000Z,1
2019-12-27T13:44:16.000Z,1
2019-12-27T14:40:53.000Z,1
2019-12-27T14:47:36.000Z,1
2019-12-27T15:45:53.000Z,1
2019-12-27T15:51:31.000Z,1
2019-12-27T16:19:35.000Z,1
2019-12-27T16:20:52.000Z,1
2019-12-27T16:35:43.000Z,1
2019-12-27T16:44:01.000Z,1
2019-12-27T16:44:30.000Z,1
2019-12-27T17:17:48.000Z,2
2019-12-27T17:59:18.000Z,1
2019-12-27T18:07:56.000Z,1
2019-12-27T21:44:11.000Z,1
2019-12-28T10:32:42.000Z,1
2019-12-28T13:20:34.000Z,1
2019-12-28T15:22:30.000Z,1
2019-12-28T15:36:44.000Z,1
2019-12-28T16:01:29.000Z,1
2019-12-28T16:43:08.000Z,1
2019-12-28T18:57:15.000Z,1
2019-12-28T22:21:45.000Z,1
2019-12-29T07:22:49.000Z,1
2019-12-29T09:03:11.000Z,1
2019-12-29T10:56:14.000Z,1
2019-12-29T11:02:40.000Z,1
2019-12-29T12:11:07.000Z,1
2019-12-29T12:43:44.000Z,1
2019-12-29T13:01:40.000Z,1
2019-12-29T13:40:07.000Z,1
2019-12-29T13:54:43.000Z,1
2019-12-29T14:01:47.000Z,1
2019-12-29T14:51:17.000Z,1
2019-12-29T15:20:10.000Z,1
2019-12-29T15:35:57.000Z,1
2019-12-29T15:44:04.000Z,1
2019-12-29T16:26:41.000Z,1
2019-12-29T16:27:38.000Z,1
2019-12-29T16:59:57.000Z,1
2019-12-29T17:21:34.000Z,1
2019-12-29T18:40:38.000Z,2
2019-12-29T18:48:42.000Z,2
2019-12-29T19:28:58.000Z,1
2019-12-29T19:53:13.000Z,1
2019-12-29T20:04:41.000Z,1
2019-12-30T05:34:45.000Z,1
2019-12-30T06:37:48.000Z,1
2019-12-30T07:01:57.000Z,1
2019-12-30T07:29:23.000Z,1
2019-12-30T08:01:46.000Z,1
2019-12-30T08:35:44.000Z,1
2019-12-30T08:51:33.000Z,1
2019-12-30T09:21:49.000Z,1
2019-12-30T10:02:16.000Z,1
2019-12-30T10:28:26.000Z,1
2019-12-30T11:54:30.000Z,1
2019-12-30T11:57:12.000Z,1
2019-12-30T14:24:47.000Z,1
2019-12-30T14:55:26.000Z,1
2019-12-30T15:33:31.000Z,1
2019-12-30T15:39:03.000Z,1
2019-12-30T16:11:52.000Z,1
2019-12-30T16:23:35.000Z,1
2019-12-30T16:24:26.000Z,1
2019-12-30T16:44:43.000Z,1
2019-12-30T17:58:40.000Z,1
2019-12-30T18:12:25.000Z,1
2019-12-30T23:54:21.000Z,1
2019-12-31T00:52:48.000Z,1
2019-12-31T05:44:17.000Z,1
2019-12-31T07:59:34.000Z,1
2019-12-31T10:12:27.000Z,1
2019-12-31T16:22:09.000Z,1
2019-12-31T16:27:21.000Z,1
2019-12-31T20:09:09.000Z,1
2019-12-31T23:41:49.000Z,1
2019-12-23T13:21:55.000Z,1
2019-12-23T15:18:51.000Z,1
2019-12-23T15:20:41.000Z,1
2019-12-23T15:49:42.000Z,1
2019-12-23T15:51:48.000Z,1
2019-12-23T16:01:29.000Z,1
2019-12-23T16:06:00.000Z,1
2019-12-23T16:10:25.000Z,1
2019-12-23T16:14:14.000Z,1
2019-12-23T16:50:02.000Z,1
2019-12-23T16:57:08.000Z,1
2019-12-23T17:09:42.000Z,1
2019-12-23T17:55:00.000Z,1
2019-12-23T18:09:11.000Z,1
2019-12-24T08:47:41.000Z,1
2019-12-24T08:52:57.000Z,1
2019-12-24T09:24:49.000Z,1
2019-12-24T12:17:10.000Z,1
2019-12-24T13:40:46.000Z,1
2019-12-24T19:48:39.000Z,1
2019-12-25T07:53:37.000Z,1
2019-12-26T23:21:40.000Z,1
2019-12-23T15:20:01.000Z,1
2019-12-23T17:09:03.000Z,1
2019-12-23T17:13:27.000Z,1
2019-12-23T17:15:33.000Z,1
2019-12-23T19:07:09.000Z,1
2019-12-23T19:14:29.000Z,1
2019-12-23T22:24:18.000Z,1
2019-12-23T22:36:07.000Z,1
2019-12-24T10:11:17.000Z,1
2019-12-24T10:41:52.000Z,1
2019-12-24T12:36:56.000Z,1
2019-12-24T12:38:48.000Z,1
2019-12-24T13:34:06.000Z,2
2019-12-24T13:50:25.000Z,1
2019-12-24T14:21:20.000Z,1
2019-12-24T14:51:01.000Z,1
2019-12-24T15:12:55.000Z,1
2019-12-24T15:23:15.000Z,1
2019-12-24T16:05:10.000Z,1
2019-12-24T16:34:58.000Z,1
2019-12-24T17:52:22.000Z,1
2019-12-24T18:25:44.000Z,1
2019-12-24T22:04:27.000Z,1
2019-12-24T22:43:19.000Z,1
2019-12-25T12:08:33.000Z,1
2019-12-25T13:30:39.000Z,1
2019-12-25T15:20:05.000Z,1
2019-12-25T15:53:02.000Z,1
2019-12-25T17:12:04.000Z,1
2019-12-25T20:14:32.000Z,1
2019-12-25T23:23:08.000Z,1
2019-12-25T23:47:21.000Z,1
2019-12-26T06:44:41.000Z,1
2019-12-26T07:08:56.000Z,1
2019-12-26T09:14:48.000Z,1
2019-12-26T09:43:26.000Z,1
2019-12-26T10:38:47.000Z,1
2019-12-26T11:50:30.000Z,1
2019-12-26T12:08:09.000Z,1
2019-12-26T12:50:55.000Z,1
2019-12-26T13:08:40.000Z,1
2019-12-26T13:16:17.000Z,1
2019-12-26T13:16:40.000Z,1
2019-12-26T13:18:35.000Z,1
2019-12-26T13:43:12.000Z,1
2019-12-26T13:45:26.000Z,1
2019-12-26T13:45:59.000Z,1
2019-12-26T14:14:45.000Z,1
2019-12-26T14:48:05.000Z,1
2019-12-26T15:00:11.000Z,1
2019-12-26T15:12:10.000Z,2
2019-12-26T15:34:43.000Z,1
2019-12-26T15:43:55.000Z,1
2019-12-26T16:29:34.000Z,2
2019-12-26T16:55:34.000Z,1
2019-12-26T18:31:07.000Z,1
2019-12-26T19:03:14.000Z,1
2019-12-26T19:10:44.000Z,1
2019-12-26T19:47:24.000Z,1
2019-12-27T00:13:15.000Z,1
2019-12-27T07:05:24.000Z,1
2019-12-27T08:35:48.000Z,1
2019-12-27T09:01:29.000Z,1
2019-12-27T09:12:33.000Z,1
2019-12-27T09:49:38.000Z,1
2019-12-27T09:57:32.000Z,1
2019-12-27T10:30:48.000Z,1
2019-12-27T12:20:50.000Z,1
2019-12-27T13:49:28.000Z,1
2019-12-27T14:36:28.000Z,1
2019-12-27T14:43:46.000Z,1
2019-12-27T15:06:48.000Z,1
2019-12-27T15:18:35.000Z,1
2019-12-27T16:07:48.000Z,1
2019-12-27T16:46:41.000Z,1
2019-12-27T17:20:40.000Z,1
2019-12-27T17:59:11.000Z,1
2019-12-27T18:10:39.000Z,1
2019-12-27T18:55:22.000Z,1
2019-12-28T09:38:17.000Z,1
2019-12-28T11:18:21.000Z,1
2019-12-28T11:55:02.000Z,1
2019-12-28T12:31:19.000Z,1
2019-12-28T13:02:06.000Z,1
2019-12-28T13:49:42.000Z,1
2019-12-28T14:29:57.000Z,1
2019-12-28T15:33:23.000Z,1
2019-12-28T18:50:41.000Z,1
2019-12-28T19:09:37.000Z,1
2019-12-28T19:41:08.000Z,1
2019-12-28T19:48:55.000Z,1
2019-12-29T07:06:14.000Z,1
2019-12-29T07:24:24.000Z,1
2019-12-29T09:15:17.000Z,1
2019-12-29T09:38:16.000Z,1
2019-12-29T11:49:39.000Z,1
2019-12-29T12:19:59.000Z,1
2019-12-29T13:58:00.000Z,1
2019-12-29T14:00:28.000Z,1
2019-12-29T14:19:07.000Z,1
2019-12-29T14:21:35.000Z,1
2019-12-29T14:55:02.000Z,1
2019-12-29T15:27:35.000Z,1
2019-12-29T15:27:38.000Z,1
2019-12-29T15:47:33.000Z,1
2019-12-29T17:09:07.000Z,1
2019-12-29T17:42:21.000Z,1
2019-12-29T17:51:15.000Z,1
2019-12-29T18:05:01.000Z,1
2019-12-29T20:16:28.000Z,1
2019-12-30T07:55:06.000Z,1
2019-12-30T08:16:24.000Z,1
2019-12-30T08:33:48.000Z,1
2019-12-30T09:04:26.000Z,1
2019-12-30T09:25:16.000Z,1
2019-12-30T11:42:03.000Z,1
2019-12-30T13:28:20.000Z,1
2019-12-30T13:50:41.000Z,1
2019-12-30T14:11:30.000Z,1
2019-12-30T14:59:09.000Z,2
2019-12-30T14:59:34.000Z,1
2019-12-30T16:17:13.000Z,1
2019-12-30T16:52:44.000Z,1
2019-12-30T17:18:57.000Z,1
2019-12-30T17:29:57.000Z,1
2019-12-30T17:37:43.000Z,1
2019-12-31T06:35:36.000Z,1
2019-12-31T08:22:57.000Z,1
2019-12-31T08:24:52.000Z,1
2019-12-31T10:46:54.000Z,1
2019-12-31T10:50:54.000Z,1
2019-12-31T11:59:43.000Z,1
2019-12-31T12:27:57.000Z,1
2019-12-31T13:44:32.000Z,1
2019-12-31T14:47:01.000Z,1
2019-12-31T15:08:45.000Z,1
2019-12-31T15:10:34.000Z,2
2019-12-31T15:59:10.000Z,1
2019-12-31T16:02:33.000Z,1
2019-12-31T19:02:37.000Z,1
2019-12-31T20:23:46.000Z,1
2019-12-23T13:29:16.000Z,1
2019-12-23T18:13:13.000Z,1
2019-12-23T18:58:50.000Z,1
2019-12-23T19:22:56.000Z,1
2019-12-23T19:52:52.000Z,1
2019-12-23T20:58:55.000Z,1
2019-12-24T08:27:50.000Z,1
2019-12-24T08:29:11.000Z,1
2019-12-24T11:59:49.000Z,1
2019-12-24T18:20:25.000Z,2
2019-12-25T15:32:27.000Z,1
2019-12-26T08:23:22.000Z,1
2019-12-23T15:36:43.000Z,1
2019-12-23T16:04:37.000Z,1
2019-12-23T16:37:49.000Z,1
2019-12-23T19:03:36.000Z,1
2019-12-24T01:33:54.000Z,1
2019-12-24T10:36:46.000Z,1
2019-12-24T13:46:17.000Z,1
2019-12-24T16:05:09.000Z,1
2019-12-24T17:12:51.000Z,1
2019-12-24T19:05:58.000Z,1
2019-12-24T20:28:34.000Z,1
2019-12-24T21:44:35.000Z,1
2019-12-25T12:54:38.000Z,1
2019-12-25T13:30:03.000Z,1
2019-12-25T13:32:48.000Z,1
2019-12-25T14:05:17.000Z,1
2019-12-25T14:08:16.000Z,1
2019-12-25T15:26:28.000Z,1
2019-12-25T15:32:35.000Z,1
2019-12-25T15:55:57.000Z,1
2019-12-25T16:04:55.000Z,1
2019-12-25T17:15:30.000Z,1
2019-12-25T18:15:40.000Z,1
2019-12-25T22:13:13.000Z,1
2019-12-26T07:09:26.000Z,1
2019-12-26T07:51:55.000Z,1
2019-12-26T08:01:01.000Z,1
2019-12-26T09:57:52.000Z,1
2019-12-26T10:04:37.000Z,1
2019-12-26T11:20:57.000Z,1
2019-12-26T11:27:26.000Z,1
2019-12-26T11:44:25.000Z,1
2019-12-26T12:10:37.000Z,1
2019-12-26T13:32:44.000Z,2
2019-12-26T13:44:36.000Z,2
2019-12-26T14:08:58.000Z,1
2019-12-26T14:12:35.000Z,3
2019-12-26T15:18:30.000Z,1
2019-12-26T15:30:03.000Z,1
2019-12-26T16:12:01.000Z,1
2019-12-26T16:19:56.000Z,1
2019-12-26T16:54:20.000Z,1
2019-12-26T16:55:25.000Z,1
2019-12-26T17:06:55.000Z,1
2019-12-26T17:34:51.000Z,2
2019-12-26T18:21:42.000Z,1
2019-12-26T18:42:16.000Z,1
2019-12-26T19:02:49.000Z,1
2019-12-26T19:11:23.000Z,1
2019-12-26T21:24:52.000Z,1
2019-12-27T06:40:14.000Z,1
2019-12-27T07:56:24.000Z,1
2019-12-27T08:53:53.000Z,1
2019-12-27T09:31:10.000Z,1
2019-12-27T10:23:56.000Z,1
2019-12-27T10:56:07.000Z,1
2019-12-27T11:15:34.000Z,1
2019-12-27T11:48:34.000Z,1
2019-12-27T11:49:06.000Z,1
2019-12-27T12:28:35.000Z,1
2019-12-27T13:33:12.000Z,1
2019-12-27T14:12:16.000Z,1
2019-12-27T14:53:51.000Z,1
2019-12-27T15:08:38.000Z,1
2019-12-27T15:13:10.000Z,1
2019-12-27T15:50:28.000Z,1
2019-12-27T16:20:39.000Z,1
2019-12-27T17:38:10.000Z,1
2019-12-27T18:23:02.000Z,1
2019-12-27T18:29:16.000Z,1
2019-12-27T18:43:35.000Z,3
2019-12-27T18:53:05.000Z,1
2019-12-27T18:59:50.000Z,1
2019-12-27T20:03:10.000Z,1
2019-12-27T21:12:58.000Z,1
2019-12-28T06:08:56.000Z,1
2019-12-28T08:55:17.000Z,1
2019-12-28T10:48:37.000Z,1
2019-12-28T10:59:16.000Z,1
2019-12-28T12:05:39.000Z,1
2019-12-28T12:39:04.000Z,2
2019-12-28T13:26:57.000Z,1
2019-12-28T20:54:42.000Z,1
2019-12-29T08:20:42.000Z,1
2019-12-29T09:15:14.000Z,1
2019-12-29T09:42:48.000Z,1
2019-12-29T10:26:25.000Z,1
2019-12-29T11:12:04.000Z,1
2019-12-29T11:44:01.000Z,1
2019-12-29T11:44:32.000Z,1
2019-12-29T14:19:18.000Z,1
2019-12-29T14:42:40.000Z,1
2019-12-29T15:10:21.000Z,3
2019-12-29T15:26:55.000Z,1
2019-12-29T15:32:36.000Z,1
2019-12-29T16:03:10.000Z,1
2019-12-29T16:11:55.000Z,1
2019-12-29T16:49:45.000Z,1
2019-12-29T16:50:45.000Z,1
2019-12-29T17:25:19.000Z,1
2019-12-30T07:21:41.000Z,1
2019-12-30T07:22:41.000Z,2
2019-12-30T07:57:21.000Z,1
2019-12-30T08:04:49.000Z,1
2019-12-30T08:06:32.000Z,1
2019-12-30T08:14:28.000Z,1
2019-12-30T11:12:05.000Z,1
2019-12-30T11:35:50.000Z,1
2019-12-30T15:19:59.000Z,1
2019-12-30T15:25:34.000Z,1
2019-12-30T15:36:06.000Z,1
2019-12-30T15:36:59.000Z,1
2019-12-30T16:17:59.000Z,1
2019-12-30T16:21:08.000Z,1
2019-12-30T16:39:25.000Z,1
2019-12-30T19:15:20.000Z,1
2019-12-31T06:48:54.000Z,1
2019-12-31T07:16:32.000Z,1
2019-12-31T07:56:36.000Z,1
2019-12-31T07:58:06.000Z,1
2019-12-31T08:06:33.000Z,1
2019-12-31T08:37:03.000Z,1
2019-12-31T08:54:30.000Z,1
2019-12-31T09:13:12.000Z,1
2019-12-31T11:45:17.000Z,1
2019-12-31T11:45:40.000Z,1
2019-12-31T11:53:15.000Z,1
2019-12-31T11:57:38.000Z,1
2019-12-31T12:17:28.000Z,1
2019-12-31T13:41:44.000Z,1
2019-12-31T14:09:17.000Z,1
2019-12-31T15:24:31.000Z,1
2019-12-31T15:52:09.000Z,1
2019-12-31T16:08:45.000Z,1
2019-12-31T16:25:46.000Z,1
2019-12-31T17:06:04.000Z,1
2019-12-31T18:38:06.000Z,1
2019-12-31T18:44:12.000Z,1
2019-12-23T15:41:56.000Z,1
2019-12-23T16:00:33.000Z,1
2019-12-23T16:57:46.000Z,1
2019-12-23T17:22:33.000Z,1
2019-12-23T17:25:03.000Z,1
2019-12-23T17:27:36.000Z,1
2019-12-23T17:30:56.000Z,1
2019-12-23T17:33:57.000Z,1
2019-12-23T17:50:30.000Z,1
2019-12-23T18:20:25.000Z,1
2019-12-24T07:51:15.000Z,1
2019-12-24T09:21:45.000Z,1
2019-12-24T10:47:58.000Z,1
2019-12-24T13:01:44.000Z,1
2019-12-24T14:06:49.000Z,1
2019-12-24T15:04:13.000Z,1
2019-12-24T15:18:25.000Z,1
2019-12-24T21:49:26.000Z,1
2019-12-26T13:05:05.000Z,1
2019-12-23T15:31:32.000Z,1
2019-12-23T15:51:22.000Z,1
2019-12-23T16:45:26.000Z,1
2019-12-23T16:59:06.000Z,1
2019-12-23T17:30:43.000Z,1
2019-12-24T08:05:22.000Z,1
2019-12-24T11:35:54.000Z,1
2019-12-24T12:47:47.000Z,1
2019-12-24T13:34:00.000Z,1
2019-12-24T20:27:48.000Z,1
2019-12-24T21:49:19.000Z,1
2019-12-25T01:23:00.000Z,1
2019-12-25T07:55:50.000Z,1
2019-12-25T09:28:50.000Z,1
2019-12-25T11:52:38.000Z,1
2019-12-25T11:59:21.000Z,2
2019-12-25T13:28:46.000Z,1
2019-12-25T15:19:09.000Z,2
2019-12-25T15:27:00.000Z,1
2019-12-25T15:56:28.000Z,1
2019-12-25T16:22:07.000Z,1
2019-12-25T18:41:33.000Z,1
2019-12-25T21:35:28.000Z,1
2019-12-25T23:06:00.000Z,1
2019-12-26T06:35:54.000Z,1
2019-12-26T07:56:42.000Z,1
2019-12-26T08:45:37.000Z,1
2019-12-26T09:18:36.000Z,1
2019-12-26T10:15:01.000Z,1
2019-12-26T10:27:58.000Z,1
2019-12-26T11:28:17.000Z,1
2019-12-26T11:34:56.000Z,1
2019-12-26T11:44:22.000Z,2
2019-12-26T12:10:51.000Z,1
2019-12-26T12:12:29.000Z,1
2019-12-26T13:10:40.000Z,1
2019-12-26T14:06:02.000Z,1
2019-12-26T14:59:44.000Z,1
2019-12-26T16:09:03.000Z,1
2019-12-26T16:31:42.000Z,1
2019-12-26T16:46:24.000Z,1
2019-12-26T16:53:33.000Z,2
2019-12-26T16:55:32.000Z,1
2019-12-26T16:59:20.000Z,1
2019-12-26T17:48:46.000Z,1
2019-12-26T18:01:28.000Z,1
2019-12-26T18:26:57.000Z,1
2019-12-26T19:05:51.000Z,1
2019-12-26T22:11:38.000Z,1
2019-12-26T23:14:53.000Z,1
2019-12-27T06:19:05.000Z,1
2019-12-27T07:57:43.000Z,1
2019-12-27T10:23:51.000Z,1
2019-12-27T10:44:28.000Z,1
2019-12-27T10:45:42.000Z,1
2019-12-27T11:31:08.000Z,1
2019-12-27T11:34:52.000Z,1
2019-12-27T11:49:27.000Z,1
2019-12-27T12:22:15.000Z,1
2019-12-27T14:24:04.000Z,1
2019-12-27T14:58:19.000Z,1
2019-12-27T16:24:10.000Z,1
2019-12-27T16:36:20.000Z,1
2019-12-27T16:48:45.000Z,2
2019-12-27T17:11:56.000Z,1
2019-12-27T17:16:22.000Z,1
2019-12-27T17:24:06.000Z,1
2019-12-27T17:40:05.000Z,1
2019-12-27T17:40:21.000Z,1
2019-12-27T17:45:36.000Z,1
2019-12-27T18:22:42.000Z,1
2019-12-27T18:43:10.000Z,1
2019-12-27T18:59:33.000Z,1
2019-12-27T20:02:33.000Z,1
2019-12-27T20:09:21.000Z,1
2019-12-27T22:44:57.000Z,1
2019-12-27T23:54:47.000Z,1
2019-12-28T08:01:12.000Z,1
2019-12-28T08:42:24.000Z,1
2019-12-28T10:08:55.000Z,1
2019-12-28T10:18:27.000Z,1
2019-12-28T14:29:06.000Z,1
2019-12-28T16:42:48.000Z,1
2019-12-28T16:47:45.000Z,1
2019-12-28T18:00:12.000Z,1
2019-12-28T20:38:07.000Z,1
2019-12-28T22:57:06.000Z,1
2019-12-29T09:34:02.000Z,1
2019-12-29T11:18:29.000Z,1
2019-12-29T11:30:57.000Z,1
2019-12-29T11:52:52.000Z,1
2019-12-29T11:55:01.000Z,1
2019-12-29T14:28:00.000Z,1
2019-12-29T14:43:36.000Z,2
2019-12-29T14:56:44.000Z,2
2019-12-29T15:10:18.000Z,1
2019-12-29T15:19:21.000Z,1
2019-12-29T16:13:06.000Z,1
2019-12-29T16:49:29.000Z,1
2019-12-29T17:09:42.000Z,1
2019-12-29T18:40:14.000Z,1
2019-12-30T08:22:38.000Z,1
2019-12-30T09:21:06.000Z,1
2019-12-30T10:10:41.000Z,1
2019-12-30T10:58:07.000Z,1
2019-12-30T11:05:57.000Z,1
2019-12-30T11:36:24.000Z,1
2019-12-30T12:31:23.000Z,1
2019-12-30T13:16:48.000Z,1
2019-12-30T13:23:23.000Z,1
2019-12-30T16:17:28.000Z,1
2019-12-30T16:34:41.000Z,1
2019-12-30T16:44:08.000Z,2
2019-12-30T17:00:28.000Z,1
2019-12-30T17:46:43.000Z,1
2019-12-30T17:56:09.000Z,1
2019-12-30T19:41:56.000Z,1
2019-12-30T21:43:04.000Z,1
2019-12-31T06:32:57.000Z,1
2019-12-31T09:41:53.000Z,1
2019-12-31T09:55:23.000Z,1
2019-12-31T11:26:21.000Z,1
2019-12-31T11:31:36.000Z,1
2019-12-31T12:08:52.000Z,1
2019-12-31T13:20:55.000Z,1
2019-12-31T13:23:38.000Z,1
2019-12-31T13:53:24.000Z,1
2019-12-31T13:59:53.000Z,1
2019-12-31T15:01:54.000Z,1
2019-12-31T15:41:47.000Z,1
2019-12-31T15:45:17.000Z,1
2019-12-31T16:01:55.000Z,1
2019-12-23T13:02:03.000Z,1
2019-12-23T13:37:46.000Z,1
2019-12-23T14:04:03.000Z,1
2019-12-23T14:04:23.000Z,1
2019-12-23T14:11:53.000Z,2
2019-12-23T14:58:55.000Z,1
2019-12-23T15:13:58.000Z,1
2019-12-23T15:35:04.000Z,1
2019-12-23T15:56:08.000Z,1
2019-12-23T16:10:22.000Z,2
2019-12-23T16:15:46.000Z,1
2019-12-23T16:36:53.000Z,1
2019-12-23T16:37:45.000Z,2
2019-12-23T18:14:04.000Z,1
2019-12-23T18:36:57.000Z,1
2019-12-23T19:13:00.000Z,1
2019-12-23T19:26:02.000Z,1
2019-12-23T21:40:48.000Z,1
2019-12-23T21:59:54.000Z,1
2019-12-24T06:44:13.000Z,1
2019-12-24T09:13:37.000Z,1
2019-12-24T13:09:47.000Z,1
2019-12-24T13:45:25.000Z,1
2019-12-26T07:15:05.000Z,1
2019-12-26T07:26:12.000Z,1
2019-12-23T17:40:10.000Z,1
2019-12-24T07:08:15.000Z,1
2019-12-24T08:16:31.000Z,1
2019-12-24T09:08:36.000Z,1
2019-12-24T09:28:55.000Z,1
2019-12-24T11:08:46.000Z,1
2019-12-24T12:23:51.000Z,1
2019-12-24T13:24:56.000Z,1
2019-12-24T15:18:34.000Z,2
2019-12-24T16:17:49.000Z,1
2019-12-24T16:41:56.000Z,1
2019-12-24T16:59:30.000Z,1
2019-12-24T18:57:13.000Z,1
2019-12-24T23:27:12.000Z,1
2019-12-25T10:35:07.000Z,1
2019-12-25T11:32:05.000Z,1
2019-12-25T12:20:24.000Z,1
2019-12-25T12:48:37.000Z,1
2019-12-25T13:19:32.000Z,1
2019-12-25T13:43:31.000Z,1
2019-12-25T14:15:25.000Z,1
2019-12-25T14:26:41.000Z,1
2019-12-25T14:55:55.000Z,1
2019-12-25T18:02:14.000Z,1
2019-12-25T18:15:28.000Z,1
2019-12-26T07:39:39.000Z,1
2019-12-26T08:03:36.000Z,1
2019-12-26T08:18:25.000Z,1
2019-12-26T11:42:29.000Z,1
2019-12-26T12:57:55.000Z,1
2019-12-26T13:21:30.000Z,1
2019-12-26T13:35:49.000Z,1
2019-12-26T13:55:14.000Z,1
2019-12-26T13:56:48.000Z,1
2019-12-26T13:59:44.000Z,1
2019-12-26T14:00:48.000Z,1
2019-12-26T14:34:38.000Z,1
2019-12-26T15:15:31.000Z,1
2019-12-26T15:33:30.000Z,1
2019-12-26T15:40:57.000Z,1
2019-12-26T16:13:27.000Z,1
2019-12-26T17:11:31.000Z,1
2019-12-26T17:16:14.000Z,1
2019-12-26T17:49:57.000Z,1
2019-12-26T17:53:19.000Z,1
2019-12-26T18:20:29.000Z,1
2019-12-26T18:42:23.000Z,1
2019-12-26T18:43:00.000Z,1
2019-12-26T18:48:02.000Z,1
2019-12-26T19:14:41.000Z,1
2019-12-26T19:31:20.000Z,1
2019-12-26T21:41:39.000Z,1
2019-12-26T21:44:52.000Z,1
2019-12-26T22:27:06.000Z,1
2019-12-27T08:17:21.000Z,2
2019-12-27T08:31:06.000Z,1
2019-12-27T08:50:48.000Z,1
2019-12-27T10:56:56.000Z,1
2019-12-27T11:43:07.000Z,1
2019-12-27T11:57:03.000Z,1
2019-12-27T12:05:01.000Z,1
2019-12-27T12:44:35.000Z,1
2019-12-27T14:22:00.000Z,1
2019-12-27T14:30:52.000Z,1
2019-12-27T14:45:41.000Z,1
2019-12-27T15:12:37.000Z,1
2019-12-27T15:14:47.000Z,1
2019-12-27T15:32:49.000Z,1
2019-12-27T16:00:23.000Z,1
2019-12-27T16:15:12.000Z,1
2019-12-27T16:18:04.000Z,1
2019-12-27T16:19:25.000Z,1
2019-12-27T16:26:00.000Z,1
2019-12-27T17:12:25.000Z,1
2019-12-27T17:23:09.000Z,1
2019-12-27T17:46:28.000Z,1
2019-12-27T17:52:12.000Z,1
2019-12-27T19:34:13.000Z,1
2019-12-27T19:47:33.000Z,1
2019-12-27T20:00:28.000Z,2
2019-12-27T23:55:32.000Z,1
2019-12-27T23:57:11.000Z,1
2019-12-28T00:12:57.000Z,1
2019-12-28T08:00:33.000Z,1
2019-12-28T08:02:04.000Z,1
2019-12-28T11:36:30.000Z,1
2019-12-28T12:32:01.000Z,2
2019-12-28T12:56:00.000Z,1
2019-12-28T13:02:13.000Z,1
2019-12-28T13:12:18.000Z,1
2019-12-28T13:26:43.000Z,1
2019-12-28T14:48:44.000Z,1
2019-12-28T15:50:08.000Z,1
2019-12-28T15:54:37.000Z,1
2019-12-28T17:19:16.000Z,1
2019-12-28T17:19:40.000Z,1
2019-12-28T18:06:22.000Z,1
2019-12-29T10:30:32.000Z,1
2019-12-29T10:43:58.000Z,2
2019-12-29T11:20:48.000Z,1
2019-12-29T11:55:33.000Z,1
2019-12-29T12:06:54.000Z,1
2019-12-29T12:36:49.000Z,1
2019-12-29T12:55:08.000Z,1
2019-12-29T13:14:01.000Z,1
2019-12-29T13:41:07.000Z,1
2019-12-29T14:16:37.000Z,1
2019-12-29T14:38:49.000Z,1
2019-12-29T14:52:17.000Z,1
2019-12-29T15:00:44.000Z,1
2019-12-29T15:46:37.000Z,1
2019-12-29T15:49:55.000Z,1
2019-12-29T16:39:59.000Z,1
2019-12-29T18:21:11.000Z,1
2019-12-29T18:36:14.000Z,1
2019-12-29T20:00:35.000Z,1
2019-12-30T00:01:55.000Z,1
2019-12-30T05:31:27.000Z,1
2019-12-30T07:28:49.000Z,1
2019-12-30T09:26:21.000Z,1
2019-12-30T13:45:35.000Z,1
2019-12-30T15:23:04.000Z,1
2019-12-30T16:25:47.000Z,1
2019-12-30T16:30:38.000Z,1
2019-12-30T16:45:19.000Z,2
2019-12-30T17:37:13.000Z,1
2019-12-30T18:02:00.000Z,1
2019-12-30T18:20:31.000Z,1
2019-12-30T22:14:50.000Z,1
2019-12-31T08:22:24.000Z,1
2019-12-31T11:06:44.000Z,1
2019-12-31T11:53:37.000Z,1
2019-12-31T13:48:30.000Z,1
2019-12-31T14:26:30.000Z,1
2019-12-31T15:58:56.000Z,1
2019-12-31T18:00:09.000Z,1
2019-12-31T23:12:04.000Z,1
2019-12-23T12:54:56.000Z,1
2019-12-23T12:55:31.000Z,1
2019-12-23T13:10:31.000Z,1
2019-12-23T13:22:00.000Z,1
2019-12-23T13:56:25.000Z,1
2019-12-23T14:00:48.000Z,1
2019-12-23T15:00:27.000Z,1
2019-12-23T15:23:18.000Z,2
2019-12-23T15:23:47.000Z,1
2019-12-23T15:38:53.000Z,1
2019-12-23T16:41:12.000Z,1
2019-12-23T16:58:56.000Z,1
2019-12-23T17:08:00.000Z,1
2019-12-23T17:40:01.000Z,2
2019-12-23T17:43:27.000Z,1
2019-12-23T17:57:39.000Z,1
2019-12-23T18:17:55.000Z,1
2019-12-24T04:59:32.000Z,1
2019-12-24T06:33:13.000Z,1
2019-12-24T07:24:46.000Z,1
2019-12-24T07:48:06.000Z,1
2019-12-24T09:21:27.000Z,1
2019-12-24T10:19:28.000Z,1
2019-12-24T13:36:31.000Z,1
2019-12-24T15:59:07.000Z,1
2019-12-25T05:14:24.000Z,1
2019-12-25T09:02:18.000Z,1
2019-12-25T14:41:17.000Z,1
2019-12-23T16:24:18.000Z,1
2019-12-23T16:50:19.000Z,1
2019-12-23T17:19:22.000Z,1
2019-12-23T17:37:50.000Z,1
2019-12-24T09:12:32.000Z,1
2019-12-24T09:49:08.000Z,1
2019-12-24T09:58:24.000Z,1
2019-12-24T12:01:49.000Z,1
2019-12-24T14:16:37.000Z,1
2019-12-24T14:21:00.000Z,1
2019-12-24T14:43:48.000Z,1
2019-12-24T14:59:16.000Z,1
2019-12-24T16:27:04.000Z,1
2019-12-24T16:39:22.000Z,1
2019-12-25T09:20:01.000Z,1
2019-12-25T09:50:33.000Z,1
2019-12-25T10:36:00.000Z,1
2019-12-25T12:20:52.000Z,1
2019-12-25T12:42:21.000Z,1
2019-12-25T12:43:32.000Z,1
2019-12-25T12:58:12.000Z,1
2019-12-25T14:37:39.000Z,1
2019-12-25T15:37:30.000Z,1
2019-12-25T16:00:55.000Z,1
2019-12-25T16:31:52.000Z,1
2019-12-25T18:41:30.000Z,1
2019-12-25T19:22:00.000Z,1
2019-12-25T19:46:02.000Z,1
2019-12-25T23:05:15.000Z,1
2019-12-26T06:03:43.000Z,1
2019-12-26T06:43:23.000Z,1
2019-12-26T07:07:01.000Z,1
2019-12-26T08:38:19.000Z,1
2019-12-26T09:48:03.000Z,1
2019-12-26T09:55:02.000Z,1
2019-12-26T10:47:10.000Z,1
2019-12-26T12:20:04.000Z,1
2019-12-26T12:25:26.000Z,2
2019-12-26T12:28:21.000Z,1
2019-12-26T12:43:45.000Z,1
2019-12-26T12:55:16.000Z,1
2019-12-26T12:57:02.000Z,1
2019-12-26T13:08:06.000Z,1
2019-12-26T13:28:39.000Z,1
2019-12-26T14:14:01.000Z,1
2019-12-26T14:14:05.000Z,1
2019-12-26T14:40:30.000Z,1
2019-12-26T15:14:36.000Z,1
2019-12-26T15:39:15.000Z,1
2019-12-26T16:19:53.000Z,1
2019-12-26T16:23:36.000Z,1
2019-12-26T16:30:30.000Z,1
2019-12-26T16:33:23.000Z,2
2019-12-26T17:02:32.000Z,1
2019-12-26T17:22:25.000Z,1
2019-12-26T18:09:15.000Z,1
2019-12-26T18:49:15.000Z,1
2019-12-26T18:52:44.000Z,1
2019-12-26T23:38:00.000Z,1
2019-12-27T09:05:33.000Z,1
2019-12-27T11:38:46.000Z,1
2019-12-27T11:58:19.000Z,1
2019-12-27T12:43:52.000Z,1
2019-12-27T12:44:52.000Z,1
2019-12-27T13:14:01.000Z,1
2019-12-27T14:31:59.000Z,1
2019-12-27T14:46:36.000Z,1
2019-12-27T15:05:58.000Z,1
2019-12-27T15:46:43.000Z,1
2019-12-27T17:27:16.000Z,1
2019-12-27T17:46:53.000Z,1
2019-12-27T18:20:56.000Z,1
2019-12-27T22:47:45.000Z,1
2019-12-27T23:05:20.000Z,2
2019-12-28T00:42:25.000Z,1
2019-12-28T10:10:17.000Z,1
2019-12-28T10:22:20.000Z,1
2019-12-28T10:22:56.000Z,1
2019-12-28T12:10:58.000Z,1
2019-12-28T13:42:15.000Z,1
2019-12-28T14:38:00.000Z,1
2019-12-28T15:10:17.000Z,1
2019-12-28T15:10:38.000Z,1
2019-12-28T17:15:08.000Z,1
2019-12-28T20:28:19.000Z,1
2019-12-29T08:02:26.000Z,1
2019-12-29T09:07:04.000Z,1
2019-12-29T09:48:33.000Z,1
2019-12-29T11:24:28.000Z,1
2019-12-29T11:44:04.000Z,1
2019-12-29T12:16:15.000Z,2
2019-12-29T12:22:22.000Z,1
2019-12-29T12:56:12.000Z,1
2019-12-29T13:20:52.000Z,1
2019-12-29T13:32:51.000Z,1
2019-12-29T14:01:56.000Z,1
2019-12-29T14:20:38.000Z,1
2019-12-29T14:33:43.000Z,1
2019-12-29T14:36:33.000Z,2
2019-12-29T15:35:23.000Z,1
2019-12-29T16:23:58.000Z,1
2019-12-29T16:26:29.000Z,2
2019-12-29T17:03:56.000Z,1
2019-12-29T17:10:22.000Z,2
2019-12-29T17:18:56.000Z,2
2019-12-29T17:55:41.000Z,1
2019-12-29T18:56:16.000Z,1
2019-12-30T07:59:36.000Z,1
2019-12-30T08:22:30.000Z,1
2019-12-30T08:28:23.000Z,1
2019-12-30T09:31:57.000Z,1
2019-12-30T10:22:07.000Z,1
2019-12-30T11:09:37.000Z,1
2019-12-30T12:30:16.000Z,1
2019-12-30T13:06:20.000Z,1
2019-12-30T14:15:16.000Z,1
2019-12-30T15:08:21.000Z,1
2019-12-30T16:10:06.000Z,2
2019-12-30T16:51:52.000Z,1
2019-12-30T18:12:52.000Z,1
2019-12-30T18:27:47.000Z,1
2019-12-31T07:40:10.000Z,1
2019-12-31T07:53:25.000Z,1
2019-12-31T12:08:08.000Z,1
2019-12-31T12:29:23.000Z,1
2019-12-31T13:25:16.000Z,1
2019-12-31T15:08:54.000Z,1
2019-12-31T15:11:32.000Z,1
2019-12-31T15:12:28.000Z,1
2019-12-31T15:12:49.000Z,1
2019-12-31T15:21:30.000Z,1
2019-12-31T18:33:47.000Z,1
2019-12-31T18:56:53.000Z,1
2019-12-23T12:37:25.000Z,1
2019-12-23T13:40:22.000Z,1
2019-12-23T15:33:48.000Z,1
2019-12-23T15:51:42.000Z,1
2019-12-23T16:18:37.000Z,1
2019-12-23T16:34:18.000Z,1
2019-12-23T17:33:55.000Z,1
2019-12-23T18:12:58.000Z,1
2019-12-23T20:43:06.000Z,1
2019-12-24T02:02:42.000Z,1
2019-12-24T05:58:04.000Z,1
2019-12-24T07:37:34.000Z,1
2019-12-24T08:19:11.000Z,1
2019-12-24T08:26:25.000Z,1
2019-12-24T13:58:45.000Z,1
2019-12-24T14:33:09.000Z,2
2019-12-24T14:45:56.000Z,1
2019-12-24T15:13:59.000Z,1
2019-12-24T15:16:12.000Z,1
2019-12-24T19:34:34.000Z,1
2019-12-25T12:28:38.000Z,1
2019-12-25T22:36:04.000Z,1
2019-12-27T17:49:12.000Z,1
2019-12-23T13:40:56.000Z,2
2019-12-23T17:07:21.000Z,1
2019-12-23T17:31:24.000Z,1
2019-12-23T17:31:32.000Z,1
2019-12-24T06:22:00.000Z,1
2019-12-24T07:50:51.000Z,1
2019-12-24T08:09:47.000Z,1
2019-12-24T10:33:03.000Z,1
2019-12-24T12:43:07.000Z,1
2019-12-24T14:34:16.000Z,1
2019-12-25T09:34:14.000Z,1
2019-12-25T10:16:03.000Z,1
2019-12-25T10:57:43.000Z,1
2019-12-25T13:15:48.000Z,1
2019-12-25T13:21:59.000Z,1
2019-12-25T15:20:18.000Z,1
2019-12-25T15:56:24.000Z,1
2019-12-25T16:18:21.000Z,1
2019-12-25T16:20:24.000Z,1
2019-12-25T16:41:33.000Z,1
2019-12-25T18:34:28.000Z,1
2019-12-25T21:37:57.000Z,1
2019-12-26T07:58:53.000Z,1
2019-12-26T08:24:22.000Z,1
2019-12-26T12:06:17.000Z,1
2019-12-26T12:08:50.000Z,1
2019-12-26T12:23:09.000Z,1
2019-12-26T13:35:00.000Z,1
2019-12-26T14:10:12.000Z,1
2019-12-26T14:12:53.000Z,1
2019-12-26T14:40:50.000Z,1
2019-12-26T15:17:04.000Z,1
2019-12-26T15:22:24.000Z,1
2019-12-26T15:31:07.000Z,1
2019-12-26T16:09:16.000Z,1
2019-12-26T16:10:46.000Z,1
2019-12-26T19:01:43.000Z,1
2019-12-26T20:31:41.000Z,1
2019-12-26T21:29:16.000Z,1
2019-12-26T21:33:03.000Z,1
2019-12-27T07:06:12.000Z,1
2019-12-27T07:06:21.000Z,1
2019-12-27T07:54:39.000Z,1
2019-12-27T08:17:10.000Z,1
2019-12-27T09:52:59.000Z,2
2019-12-27T11:23:02.000Z,1
2019-12-27T11:32:36.000Z,1
2019-12-27T11:46:03.000Z,1
2019-12-27T12:04:45.000Z,1
2019-12-27T15:21:50.000Z,1
2019-12-27T15:31:39.000Z,1
2019-12-27T16:11:14.000Z,1
2019-12-27T17:14:22.000Z,1
2019-12-27T19:31:08.000Z,1
2019-12-27T19:43:40.000Z,1
2019-12-27T19:52:14.000Z,1
2019-12-27T21:10:15.000Z,2
2019-12-28T00:36:57.000Z,1
2019-12-28T10:47:07.000Z,1
2019-12-28T11:10:00.000Z,1
2019-12-28T11:30:42.000Z,1
2019-12-28T11:33:31.000Z,1
2019-12-28T11:37:37.000Z,1
2019-12-28T12:54:14.000Z,1
2019-12-28T13:26:36.000Z,1
2019-12-28T15:21:43.000Z,1
2019-12-28T15:52:23.000Z,1
2019-12-28T19:22:22.000Z,1
2019-12-28T19:27:41.000Z,1
2019-12-28T20:30:28.000Z,1
2019-12-28T21:03:44.000Z,1
2019-12-29T07:59:54.000Z,2
2019-12-29T10:20:40.000Z,1
2019-12-29T10:37:19.000Z,1
2019-12-29T11:08:07.000Z,1
2019-12-29T11:45:50.000Z,1
2019-12-29T12:04:23.000Z,1
2019-12-29T12:11:44.000Z,1
2019-12-29T12:20:32.000Z,1
2019-12-29T12:51:08.000Z,1
2019-12-29T13:06:42.000Z,1
2019-12-29T13:22:57.000Z,1
2019-12-29T13:34:24.000Z,1
2019-12-29T13:36:28.000Z,1
2019-12-29T13:57:08.000Z,1
2019-12-29T14:31:20.000Z,1
2019-12-29T15:19:26.000Z,1
2019-12-29T15:29:18.000Z,1
2019-12-29T15:31:59.000Z,1
2019-12-29T15:34:43.000Z,1
2019-12-29T15:53:27.000Z,1
2019-12-29T15:55:07.000Z,2
2019-12-29T16:12:02.000Z,1
2019-12-29T16:37:15.000Z,1
2019-12-29T17:27:28.000Z,1
2019-12-29T18:44:55.000Z,1
2019-12-29T21:01:38.000Z,1
2019-12-30T06:01:33.000Z,1
2019-12-30T07:08:56.000Z,1
2019-12-30T07:38:00.000Z,1
2019-12-30T07:44:17.000Z,1
2019-12-30T08:14:11.000Z,1
2019-12-30T08:28:52.000Z,1
2019-12-30T08:54:11.000Z,1
2019-12-30T13:16:04.000Z,1
2019-12-30T14:22:26.000Z,1
2019-12-30T15:29:05.000Z,1
2019-12-30T16:06:43.000Z,1
2019-12-30T16:09:47.000Z,1
2019-12-30T16:19:03.000Z,1
2019-12-30T16:48:21.000Z,2
2019-12-30T16:49:04.000Z,1
2019-12-30T17:20:50.000Z,1
2019-12-30T19:25:12.000Z,1
2019-12-31T09:26:03.000Z,1
2019-12-31T10:54:55.000Z,1
2019-12-31T13:20:28.000Z,1
2019-12-31T14:42:41.000Z,1
2019-12-31T16:57:59.000Z,1
2019-12-31T17:04:50.000Z,1
2019-12-31T23:11:42.000Z,1
2019-12-23T13:06:49.000Z,1
2019-12-23T13:11:07.000Z,1
2019-12-23T13:56:38.000Z,2
2019-12-23T14:37:59.000Z,1
2019-12-23T15:34:36.000Z,1
2019-12-23T15:49:20.000Z,1
2019-12-23T15:53:10.000Z,1
2019-12-23T15:55:53.000Z,1
2019-12-23T16:10:32.000Z,1
2019-12-23T16:30:08.000Z,1
2019-12-23T17:34:08.000Z,1
2019-12-23T17:40:14.000Z,1
2019-12-23T17:46:06.000Z,1
2019-12-23T18:23:25.000Z,1
2019-12-23T18:24:18.000Z,1
2019-12-23T18:38:31.000Z,1
2019-12-23T18:46:43.000Z,1
2019-12-23T19:48:05.000Z,1
2019-12-23T20:55:37.000Z,1
2019-12-23T21:06:07.000Z,1
2019-12-24T10:00:55.000Z,1
2019-12-24T10:27:29.000Z,1
2019-12-24T12:45:48.000Z,1
2019-12-24T13:51:58.000Z,1
2019-12-24T16:13:40.000Z,1
2019-12-24T16:47:22.000Z,1
2019-12-24T21:36:20.000Z,1
2019-12-24T22:02:08.000Z,1
2019-12-25T10:21:42.000Z,1
2019-12-26T12:26:07.000Z,1
2019-12-23T17:22:58.000Z,1
2019-12-23T17:40:25.000Z,2
2019-12-23T17:41:53.000Z,1
2019-12-23T19:01:58.000Z,1
2019-12-24T10:38:53.000Z,1
2019-12-24T11:07:50.000Z,1
2019-12-24T11:08:07.000Z,1
2019-12-24T12:13:42.000Z,1
2019-12-24T12:27:26.000Z,1
2019-12-24T12:44:10.000Z,1
2019-12-24T14:42:58.000Z,1
2019-12-24T15:35:10.000Z,1
2019-12-24T15:57:04.000Z,1
2019-12-25T11:48:23.000Z,1
2019-12-25T11:43:12.000Z,1
2019-12-25T12:37:44.000Z,1
2019-12-25T12:48:52.000Z,1
2019-12-25T14:58:37.000Z,1
2019-12-25T16:45:26.000Z,1
2019-12-26T07:34:38.000Z,1
2019-12-26T11:22:19.000Z,1
2019-12-26T12:05:42.000Z,1
2019-12-26T12:45:17.000Z,1
2019-12-26T13:43:44.000Z,1
2019-12-26T14:55:01.000Z,1
2019-12-26T15:05:08.000Z,1
2019-12-26T15:20:46.000Z,1
2019-12-26T15:43:08.000Z,1
2019-12-26T15:46:00.000Z,1
2019-12-26T16:15:37.000Z,1
2019-12-26T16:22:37.000Z,1
2019-12-26T16:38:11.000Z,1
2019-12-27T07:39:22.000Z,1
2019-12-27T08:13:30.000Z,1
2019-12-27T11:58:14.000Z,1
2019-12-27T12:17:29.000Z,1
2019-12-27T13:27:04.000Z,1
2019-12-27T14:13:12.000Z,1
2019-12-27T14:31:40.000Z,1
2019-12-27T14:58:24.000Z,1
2019-12-27T15:00:02.000Z,1
2019-12-27T15:09:10.000Z,1
2019-12-27T15:17:18.000Z,1
2019-12-27T15:21:55.000Z,1
2019-12-27T17:10:12.000Z,1
2019-12-27T18:29:36.000Z,1
2019-12-27T20:16:39.000Z,1
2019-12-27T20:19:49.000Z,1
2019-12-28T01:27:29.000Z,1
2019-12-28T01:31:51.000Z,1
2019-12-28T02:29:56.000Z,1
2019-12-28T08:42:54.000Z,1
2019-12-28T09:57:25.000Z,1
2019-12-28T11:30:12.000Z,1
2019-12-28T12:11:55.000Z,1
2019-12-28T12:21:47.000Z,1
2019-12-28T13:09:10.000Z,1
2019-12-28T14:23:36.000Z,1
2019-12-28T15:09:27.000Z,1
2019-12-28T16:45:20.000Z,1
2019-12-29T04:05:18.000Z,1
2019-12-29T08:17:40.000Z,1
2019-12-29T10:19:38.000Z,1
2019-12-29T11:00:40.000Z,1
2019-12-29T11:29:10.000Z,1
2019-12-29T11:47:10.000Z,1
2019-12-29T12:40:01.000Z,1
2019-12-29T12:44:59.000Z,1
2019-12-29T12:46:37.000Z,1
2019-12-29T12:55:57.000Z,1
2019-12-29T13:21:16.000Z,1
2019-12-29T13:57:41.000Z,1
2019-12-29T14:46:35.000Z,1
2019-12-29T14:59:56.000Z,1
2019-12-29T15:28:59.000Z,1
2019-12-29T15:55:06.000Z,1
2019-12-29T17:09:18.000Z,1
2019-12-29T17:30:07.000Z,1
2019-12-29T17:59:28.000Z,1
2019-12-29T18:02:38.000Z,1
2019-12-29T18:28:28.000Z,1
2019-12-29T18:38:37.000Z,1
2019-12-29T18:56:07.000Z,1
2019-12-29T19:14:26.000Z,1
2019-12-30T05:21:10.000Z,1
2019-12-30T06:22:03.000Z,1
2019-12-30T08:13:13.000Z,1
2019-12-30T08:36:54.000Z,1
2019-12-30T09:49:02.000Z,1
2019-12-30T09:50:41.000Z,1
2019-12-30T10:17:29.000Z,1
2019-12-30T13:02:15.000Z,1
2019-12-30T17:01:49.000Z,1
2019-12-30T17:13:47.000Z,1
2019-12-30T17:21:55.000Z,1
2019-12-30T18:49:57.000Z,1
2019-12-30T20:38:00.000Z,1
2019-12-30T20:45:41.000Z,1
2019-12-30T20:51:43.000Z,1
2019-12-31T07:11:48.000Z,1
2019-12-31T08:46:30.000Z,1
2019-12-31T11:11:39.000Z,1
2019-12-31T12:47:56.000Z,1
2019-12-31T14:06:43.000Z,1
2019-12-31T15:18:12.000Z,1
2019-12-31T21:29:49.000Z,1
2019-12-23T12:34:49.000Z,1
2019-12-23T13:38:08.000Z,1
2019-12-23T14:03:58.000Z,1
2019-12-23T14:22:51.000Z,2
2019-12-23T14:50:50.000Z,1
2019-12-23T15:03:23.000Z,1
2019-12-23T15:39:24.000Z,1
2019-12-23T15:42:23.000Z,1
2019-12-23T16:08:34.000Z,2
2019-12-23T16:18:35.000Z,1
2019-12-23T18:05:46.000Z,1
2019-12-23T18:59:48.000Z,1
2019-12-23T19:03:46.000Z,1
2019-12-24T13:07:45.000Z,1
2019-12-24T13:21:43.000Z,1
2019-12-24T18:30:33.000Z,1
2019-12-24T23:21:09.000Z,1
2019-12-25T07:37:18.000Z,1
2019-12-25T21:11:16.000Z,1
2019-12-23T16:09:26.000Z,1
2019-12-23T18:27:47.000Z,1
2019-12-24T07:27:20.000Z,1
2019-12-24T09:04:23.000Z,1
2019-12-24T10:37:49.000Z,1
2019-12-24T12:51:38.000Z,1
2019-12-24T12:52:20.000Z,1
2019-12-24T14:02:26.000Z,1
2019-12-24T14:43:57.000Z,1
2019-12-24T16:59:58.000Z,1
2019-12-25T08:26:49.000Z,1
2019-12-25T09:33:55.000Z,1
2019-12-25T10:50:04.000Z,2
2019-12-25T12:19:43.000Z,2
2019-12-25T12:24:12.000Z,1
2019-12-25T13:30:44.000Z,1
2019-12-25T13:52:46.000Z,1
2019-12-25T13:56:10.000Z,1
2019-12-25T15:20:34.000Z,1
2019-12-25T19:31:24.000Z,1
2019-12-26T06:15:47.000Z,1
2019-12-26T07:00:37.000Z,1
2019-12-26T07:08:02.000Z,1
2019-12-26T08:24:04.000Z,1
2019-12-26T10:09:24.000Z,1
2019-12-26T12:17:04.000Z,1
2019-12-26T12:27:02.000Z,1
2019-12-26T12:27:40.000Z,1
2019-12-26T12:28:39.000Z,2
2019-12-26T12:32:58.000Z,1
2019-12-26T13:24:20.000Z,1
2019-12-26T14:09:52.000Z,1
2019-12-26T14:10:30.000Z,1
2019-12-26T14:42:37.000Z,1
2019-12-26T14:53:37.000Z,1
2019-12-26T14:54:18.000Z,1
2019-12-26T14:55:16.000Z,1
2019-12-26T15:07:38.000Z,1
2019-12-26T15:28:00.000Z,1
2019-12-26T15:58:14.000Z,1
2019-12-26T16:03:23.000Z,1
2019-12-26T16:06:21.000Z,1
2019-12-26T16:33:22.000Z,2
2019-12-26T16:50:57.000Z,1
2019-12-26T17:06:30.000Z,1
2019-12-26T17:28:08.000Z,1
2019-12-26T18:09:25.000Z,1
2019-12-26T18:20:51.000Z,1
2019-12-26T18:57:42.000Z,1
2019-12-26T19:04:27.000Z,1
2019-12-26T19:19:12.000Z,1
2019-12-26T21:58:50.000Z,1
2019-12-27T00:37:22.000Z,1
2019-12-27T05:49:08.000Z,1
2019-12-27T07:25:19.000Z,1
2019-12-27T08:27:21.000Z,1
2019-12-27T12:13:40.000Z,1
2019-12-27T12:48:32.000Z,1
2019-12-27T14:56:34.000Z,1
2019-12-27T15:54:48.000Z,1
2019-12-27T18:12:04.000Z,1
2019-12-27T18:15:24.000Z,1
2019-12-27T18:18:37.000Z,1
2019-12-27T18:24:51.000Z,1
2019-12-27T18:31:58.000Z,1
2019-12-27T18:48:59.000Z,1
2019-12-27T18:59:09.000Z,1
2019-12-27T20:44:12.000Z,1
2019-12-27T20:46:32.000Z,1
2019-12-28T09:31:02.000Z,1
2019-12-28T09:43:27.000Z,1
2019-12-28T09:46:26.000Z,1
2019-12-28T10:14:58.000Z,1
2019-12-28T10:58:31.000Z,1
2019-12-28T11:03:15.000Z,1
2019-12-28T11:06:19.000Z,1
2019-12-28T12:01:25.000Z,1
2019-12-28T12:02:57.000Z,1
2019-12-28T12:18:26.000Z,1
2019-12-28T14:14:04.000Z,1
2019-12-28T14:26:00.000Z,1
2019-12-28T16:57:53.000Z,1
2019-12-28T17:01:44.000Z,1
2019-12-28T17:57:24.000Z,1
2019-12-29T10:39:57.000Z,1
2019-12-29T11:02:56.000Z,1
2019-12-29T11:40:34.000Z,1
2019-12-29T11:42:07.000Z,1
2019-12-29T12:08:27.000Z,1
2019-12-29T12:34:09.000Z,1
2019-12-29T12:41:06.000Z,1
2019-12-29T13:20:58.000Z,1
2019-12-29T13:45:54.000Z,1
2019-12-29T14:38:42.000Z,1
2019-12-29T14:57:24.000Z,1
2019-12-29T15:21:21.000Z,1
2019-12-29T15:47:47.000Z,1
2019-12-29T15:51:30.000Z,1
2019-12-29T16:16:51.000Z,1
2019-12-29T17:09:41.000Z,1
2019-12-29T17:44:50.000Z,1
2019-12-29T19:30:07.000Z,1
2019-12-30T07:46:54.000Z,1
2019-12-30T09:17:34.000Z,1
2019-12-30T09:21:29.000Z,1
2019-12-30T12:02:57.000Z,1
2019-12-30T12:08:59.000Z,1
2019-12-30T14:37:14.000Z,1
2019-12-30T15:56:47.000Z,1
2019-12-30T16:39:01.000Z,1
2019-12-30T17:38:50.000Z,1
2019-12-30T22:19:48.000Z,1
2019-12-31T05:30:11.000Z,1
2019-12-31T07:58:50.000Z,1
2019-12-31T08:30:32.000Z,1
2019-12-31T08:49:11.000Z,1
2019-12-31T13:07:18.000Z,1
2019-12-31T14:03:15.000Z,1
2019-12-31T14:08:26.000Z,1
2019-12-31T15:39:03.000Z,1
2019-12-31T16:29:47.000Z,1
2019-12-31T16:52:02.000Z,1
2019-12-23T12:34:54.000Z,1
2019-12-23T12:42:20.000Z,1
2019-12-23T13:18:37.000Z,1
2019-12-23T13:23:17.000Z,1
2019-12-23T13:27:22.000Z,1
2019-12-23T13:37:37.000Z,1
2019-12-23T14:05:55.000Z,1
2019-12-23T14:17:07.000Z,1
2019-12-23T14:23:56.000Z,1
2019-12-23T14:29:03.000Z,1
2019-12-23T14:38:52.000Z,1
2019-12-23T15:22:49.000Z,1
2019-12-23T15:34:47.000Z,1
2019-12-23T15:43:29.000Z,2
2019-12-23T15:46:56.000Z,1
2019-12-23T15:57:25.000Z,1
2019-12-23T16:10:58.000Z,1
2019-12-23T17:34:56.000Z,1
2019-12-23T17:56:07.000Z,1
2019-12-23T19:40:22.000Z,1
2019-12-23T19:52:43.000Z,1
2019-12-24T00:37:24.000Z,1
2019-12-24T05:39:37.000Z,1
2019-12-24T14:28:46.000Z,1
2019-12-25T14:43:15.000Z,2
2019-12-26T07:30:56.000Z,1
2019-12-23T16:43:58.000Z,1
2019-12-23T19:19:27.000Z,1
2019-12-23T19:42:53.000Z,1
2019-12-24T12:03:57.000Z,1
2019-12-24T12:42:25.000Z,1
2019-12-24T15:50:55.000Z,1
2019-12-24T19:30:08.000Z,1
2019-12-24T19:37:32.000Z,1
2019-12-25T08:55:49.000Z,1
2019-12-25T11:16:51.000Z,1
2019-12-25T11:59:51.000Z,1
2019-12-25T14:24:56.000Z,1
2019-12-25T15:18:11.000Z,1
2019-12-25T17:12:11.000Z,1
2019-12-25T22:34:38.000Z,1
2019-12-25T22:45:34.000Z,1
2019-12-26T09:07:08.000Z,1
2019-12-26T10:25:14.000Z,1
2019-12-26T10:39:22.000Z,1
2019-12-26T11:44:28.000Z,1
2019-12-26T12:47:13.000Z,2
2019-12-26T13:15:06.000Z,1
2019-12-26T13:41:21.000Z,1
2019-12-26T14:03:07.000Z,1
2019-12-26T14:09:07.000Z,1
2019-12-26T15:36:49.000Z,1
2019-12-26T15:53:14.000Z,1
2019-12-26T15:56:49.000Z,1
2019-12-26T17:06:56.000Z,2
2019-12-26T17:08:07.000Z,1
2019-12-26T17:17:52.000Z,1
2019-12-26T17:52:25.000Z,1
2019-12-26T22:07:35.000Z,1
2019-12-26T22:17:04.000Z,1
2019-12-27T00:26:04.000Z,1
2019-12-27T06:12:28.000Z,1
2019-12-27T06:38:21.000Z,1
2019-12-27T07:42:28.000Z,1
2019-12-27T07:50:39.000Z,1
2019-12-27T08:50:18.000Z,1
2019-12-27T12:26:13.000Z,2
2019-12-27T12:53:38.000Z,1
2019-12-27T13:21:57.000Z,1
2019-12-27T13:45:00.000Z,1
2019-12-27T14:19:27.000Z,1
2019-12-27T14:26:28.000Z,1
2019-12-27T15:35:50.000Z,1
2019-12-27T15:37:20.000Z,1
2019-12-27T16:56:22.000Z,1
2019-12-27T16:56:51.000Z,1
2019-12-27T16:57:57.000Z,1
2019-12-27T17:01:37.000Z,1
2019-12-27T17:25:22.000Z,1
2019-12-27T17:47:02.000Z,1
2019-12-27T18:15:02.000Z,1
2019-12-27T18:47:36.000Z,1
2019-12-28T08:47:19.000Z,1
2019-12-28T11:19:15.000Z,2
2019-12-28T12:35:59.000Z,1
2019-12-28T12:37:11.000Z,1
2019-12-28T13:33:11.000Z,1
2019-12-28T13:43:08.000Z,1
2019-12-28T13:47:30.000Z,1
2019-12-28T15:06:28.000Z,2
2019-12-28T15:28:33.000Z,1
2019-12-28T15:44:02.000Z,1
2019-12-28T16:16:28.000Z,1
2019-12-28T16:45:58.000Z,1
2019-12-28T17:18:05.000Z,1
2019-12-28T18:15:38.000Z,1
2019-12-28T18:50:12.000Z,1
2019-12-28T19:09:32.000Z,1
2019-12-28T19:28:54.000Z,1
2019-12-28T20:09:06.000Z,1
2019-12-28T22:26:43.000Z,1
2019-12-29T09:23:31.000Z,1
2019-12-29T09:49:32.000Z,1
2019-12-29T11:00:28.000Z,1
2019-12-29T11:29:52.000Z,1
2019-12-29T11:51:55.000Z,1
2019-12-29T12:09:48.000Z,1
2019-12-29T12:10:01.000Z,1
2019-12-29T13:35:58.000Z,1
2019-12-29T13:44:11.000Z,1
2019-12-29T13:55:49.000Z,1
2019-12-29T14:06:33.000Z,2
2019-12-29T15:36:01.000Z,1
2019-12-29T15:43:15.000Z,1
2019-12-29T18:05:32.000Z,1
2019-12-29T18:31:09.000Z,1
2019-12-29T18:39:41.000Z,1
2019-12-29T19:08:09.000Z,1
2019-12-29T20:07:25.000Z,1
2019-12-30T07:23:59.000Z,1
2019-12-30T07:33:08.000Z,1
2019-12-30T08:14:07.000Z,1
2019-12-30T09:07:59.000Z,1
2019-12-30T10:13:49.000Z,1
2019-12-30T11:22:09.000Z,1
2019-12-30T12:16:43.000Z,1
2019-12-30T12:20:06.000Z,1
2019-12-30T13:14:03.000Z,1
2019-12-30T14:14:29.000Z,1
2019-12-30T15:18:41.000Z,1
2019-12-30T15:34:49.000Z,1
2019-12-30T16:27:04.000Z,1
2019-12-30T16:37:54.000Z,1
2019-12-30T16:48:36.000Z,3
2019-12-30T16:51:50.000Z,1
2019-12-30T16:57:41.000Z,1
2019-12-30T16:58:15.000Z,1
2019-12-30T18:11:49.000Z,1
2019-12-30T19:51:00.000Z,1
2019-12-31T03:39:35.000Z,1
2019-12-31T06:52:54.000Z,1
2019-12-31T07:34:19.000Z,1
2019-12-31T07:49:23.000Z,1
2019-12-31T08:46:56.000Z,1
2019-12-31T12:36:24.000Z,1
2019-12-31T12:39:05.000Z,1
2019-12-31T13:19:49.000Z,1
2019-12-31T13:24:34.000Z,1
2019-12-31T13:36:39.000Z,1
2019-12-31T13:47:09.000Z,1
2019-12-31T13:50:51.000Z,1
2019-12-31T14:32:16.000Z,1
2019-12-31T15:09:19.000Z,1
2019-12-31T15:49:48.000Z,1
2019-12-31T16:42:03.000Z,1
2019-12-31T18:11:44.000Z,1
2019-12-23T13:25:47.000Z,1
2019-12-23T13:30:33.000Z,1
2019-12-23T13:37:00.000Z,1
2019-12-23T13:37:20.000Z,1
2019-12-23T13:52:42.000Z,1
2019-12-23T14:05:29.000Z,1
2019-12-23T14:16:38.000Z,1
2019-12-23T14:25:00.000Z,1
2019-12-23T14:42:57.000Z,1
2019-12-23T15:38:08.000Z,1
2019-12-23T15:58:10.000Z,1
2019-12-23T15:58:35.000Z,1
2019-12-23T16:32:23.000Z,1
2019-12-23T17:24:03.000Z,2
2019-12-23T18:14:37.000Z,1
2019-12-24T05:52:59.000Z,1
2019-12-24T08:41:56.000Z,1
2019-12-24T11:44:37.000Z,1
2019-12-24T11:48:01.000Z,1
2019-12-24T12:51:54.000Z,1
2019-12-24T13:50:07.000Z,1
2019-12-24T16:17:51.000Z,1
2019-12-24T16:43:24.000Z,1
2019-12-25T15:54:37.000Z,1
2019-12-23T17:47:26.000Z,1
2019-12-23T20:14:03.000Z,1
2019-12-24T07:15:54.000Z,1
2019-12-24T08:23:20.000Z,1
2019-12-24T08:25:27.000Z,1
2019-12-24T12:44:36.000Z,1
2019-12-24T13:34:18.000Z,1
2019-12-24T14:23:05.000Z,1
2019-12-24T15:15:52.000Z,1
2019-12-24T17:05:18.000Z,2
2019-12-24T17:05:55.000Z,1
2019-12-24T18:33:11.000Z,1
2019-12-24T19:51:34.000Z,1
2019-12-25T12:00:06.000Z,1
2019-12-25T14:59:13.000Z,1
2019-12-25T15:19:33.000Z,1
2019-12-25T15:45:03.000Z,1
2019-12-25T16:16:14.000Z,1
2019-12-25T16:55:24.000Z,1
2019-12-25T19:41:57.000Z,1
2019-12-25T20:27:38.000Z,1
2019-12-26T07:19:54.000Z,1
2019-12-26T08:09:20.000Z,1
2019-12-26T08:38:27.000Z,1
2019-12-26T08:40:56.000Z,1
2019-12-26T08:44:41.000Z,1
2019-12-26T09:12:15.000Z,1
2019-12-26T10:42:43.000Z,1
2019-12-26T11:15:43.000Z,1
2019-12-26T12:25:34.000Z,1
2019-12-26T13:01:31.000Z,1
2019-12-26T13:09:49.000Z,1
2019-12-26T13:30:54.000Z,1
2019-12-26T14:49:11.000Z,1
2019-12-26T15:28:33.000Z,1
2019-12-26T15:30:06.000Z,1
2019-12-26T15:42:00.000Z,1
2019-12-26T15:48:21.000Z,1
2019-12-26T15:57:31.000Z,1
2019-12-26T16:46:00.000Z,1
2019-12-26T16:57:13.000Z,1
2019-12-26T17:14:22.000Z,1
2019-12-26T17:23:13.000Z,1
2019-12-26T17:38:07.000Z,1
2019-12-26T17:40:30.000Z,1
2019-12-26T17:42:58.000Z,1
2019-12-26T17:49:46.000Z,1
2019-12-26T19:32:46.000Z,1
2019-12-26T20:15:14.000Z,1
2019-12-27T07:57:02.000Z,1
2019-12-27T08:04:29.000Z,1
2019-12-27T08:46:54.000Z,1
2019-12-27T12:03:42.000Z,1
2019-12-27T12:05:17.000Z,1
2019-12-27T12:09:28.000Z,1
2019-12-27T12:36:21.000Z,1
2019-12-27T12:41:48.000Z,1
2019-12-27T13:26:43.000Z,1
2019-12-27T14:00:37.000Z,1
2019-12-27T14:11:25.000Z,1
2019-12-27T14:26:41.000Z,1
2019-12-27T15:10:40.000Z,1
2019-12-27T16:37:26.000Z,1
2019-12-27T16:49:42.000Z,1
2019-12-27T17:10:05.000Z,1
2019-12-27T17:29:25.000Z,1
2019-12-27T18:06:21.000Z,1
2019-12-28T05:06:13.000Z,1
2019-12-28T09:39:51.000Z,1
2019-12-28T10:25:06.000Z,1
2019-12-28T13:13:29.000Z,1
2019-12-28T13:39:58.000Z,1
2019-12-28T16:40:35.000Z,1
2019-12-28T16:50:22.000Z,1
2019-12-28T18:28:30.000Z,2
2019-12-28T19:02:44.000Z,1
2019-12-28T20:10:03.000Z,1
2019-12-29T08:27:56.000Z,1
2019-12-29T10:01:47.000Z,1
2019-12-29T10:26:55.000Z,1
2019-12-29T10:33:31.000Z,1
2019-12-29T11:01:57.000Z,1
2019-12-29T11:20:54.000Z,1
2019-12-29T11:28:44.000Z,1
2019-12-29T11:38:47.000Z,1
2019-12-29T12:44:12.000Z,1
2019-12-29T13:27:06.000Z,1
2019-12-29T13:27:17.000Z,1
2019-12-29T13:42:57.000Z,1
2019-12-29T13:45:43.000Z,1
2019-12-29T13:50:48.000Z,1
2019-12-29T14:18:48.000Z,1
2019-12-29T14:30:36.000Z,1
2019-12-29T15:08:26.000Z,1
2019-12-29T16:48:39.000Z,1
2019-12-29T16:59:23.000Z,1
2019-12-29T17:23:04.000Z,1
2019-12-29T17:44:32.000Z,1
2019-12-29T18:42:29.000Z,1
2019-12-29T19:57:04.000Z,1
2019-12-29T21:00:53.000Z,1
2019-12-29T23:36:14.000Z,1
2019-12-30T06:17:54.000Z,1
2019-12-30T08:47:09.000Z,1
2019-12-30T09:16:07.000Z,1
2019-12-30T10:54:58.000Z,1
2019-12-30T12:04:37.000Z,1
2019-12-30T12:22:20.000Z,1
2019-12-30T12:26:16.000Z,1
2019-12-30T13:25:02.000Z,1
2019-12-30T14:54:06.000Z,1
2019-12-30T15:37:34.000Z,1
2019-12-30T17:14:42.000Z,1
2019-12-30T18:44:20.000Z,1
2019-12-30T19:42:41.000Z,1
2019-12-31T08:15:25.000Z,1
2019-12-31T09:41:27.000Z,1
2019-12-31T09:43:08.000Z,1
2019-12-31T10:16:08.000Z,1
2019-12-31T11:42:53.000Z,1
2019-12-31T15:49:27.000Z,1
2019-12-31T18:27:31.000Z,1
2019-12-31T20:49:49.000Z,1
2019-12-31T21:21:13.000Z,1
2019-12-23T12:26:35.000Z,1
2019-12-23T12:41:07.000Z,1
2019-12-23T12:55:21.000Z,2
2019-12-23T13:39:04.000Z,1
2019-12-23T14:28:35.000Z,1
2019-12-23T14:47:04.000Z,1
2019-12-23T15:07:55.000Z,1
2019-12-23T15:08:57.000Z,1
2019-12-23T15:14:23.000Z,1
2019-12-23T15:22:39.000Z,1
2019-12-23T16:32:48.000Z,2
2019-12-23T16:33:26.000Z,1
2019-12-23T17:40:08.000Z,1
2019-12-23T17:47:39.000Z,1
2019-12-23T17:51:42.000Z,1
2019-12-23T19:29:24.000Z,1
2019-12-23T19:30:41.000Z,1
2019-12-23T19:54:25.000Z,1
2019-12-23T22:32:03.000Z,1
2019-12-24T11:04:47.000Z,1
2019-12-24T14:44:10.000Z,1
2019-12-25T14:42:21.000Z,1
2019-12-26T11:36:35.000Z,1
2019-12-23T21:49:51.000Z,2
2019-12-24T11:14:00.000Z,2
2019-12-24T11:33:56.000Z,1
2019-12-24T12:08:07.000Z,1
2019-12-24T12:51:56.000Z,1
2019-12-24T13:08:37.000Z,1
2019-12-24T13:39:50.000Z,1
2019-12-24T13:55:19.000Z,1
2019-12-24T15:18:41.000Z,1
2019-12-24T15:44:53.000Z,1
2019-12-24T16:22:18.000Z,1
2019-12-24T16:41:30.000Z,1
2019-12-24T16:46:18.000Z,1
2019-12-24T17:15:38.000Z,1
2019-12-24T17:39:39.000Z,1
2019-12-25T07:33:53.000Z,1
2019-12-25T08:28:59.000Z,1
2019-12-25T08:58:25.000Z,1
2019-12-25T10:55:47.000Z,1
2019-12-25T11:05:52.000Z,1
2019-12-25T12:07:27.000Z,1
2019-12-25T13:17:31.000Z,1
2019-12-25T13:36:24.000Z,1
2019-12-25T15:03:18.000Z,1
2019-12-25T16:21:58.000Z,1
2019-12-25T19:58:39.000Z,1
2019-12-25T21:26:59.000Z,1
2019-12-26T07:46:49.000Z,1
2019-12-26T07:48:04.000Z,1
2019-12-26T08:06:15.000Z,1
2019-12-26T08:21:54.000Z,1
2019-12-26T09:25:57.000Z,1
2019-12-26T10:55:47.000Z,1
2019-12-26T12:03:25.000Z,1
2019-12-26T12:12:01.000Z,1
2019-12-26T12:30:36.000Z,1
2019-12-26T12:55:34.000Z,1
2019-12-26T13:10:42.000Z,1
2019-12-26T13:11:42.000Z,1
2019-12-26T13:20:47.000Z,1
2019-12-26T13:56:27.000Z,1
2019-12-26T14:57:55.000Z,1
2019-12-26T15:10:42.000Z,1
2019-12-26T15:41:02.000Z,1
2019-12-26T15:45:09.000Z,1
2019-12-26T16:02:50.000Z,2
2019-12-26T17:04:33.000Z,1
2019-12-26T17:04:43.000Z,2
2019-12-26T17:16:26.000Z,1
2019-12-26T18:11:45.000Z,1
2019-12-26T18:29:30.000Z,1
2019-12-27T00:39:12.000Z,1
2019-12-27T06:22:06.000Z,1
2019-12-27T07:40:11.000Z,1
2019-12-27T08:37:59.000Z,1
2019-12-27T09:15:17.000Z,1
2019-12-27T10:03:20.000Z,2
2019-12-27T12:22:39.000Z,1
2019-12-27T12:37:58.000Z,1
2019-12-27T13:10:13.000Z,1
2019-12-27T13:28:21.000Z,1
2019-12-27T13:30:50.000Z,1
2019-12-27T15:10:00.000Z,1
2019-12-27T15:56:46.000Z,1
2019-12-27T16:08:16.000Z,1
2019-12-27T16:24:46.000Z,1
2019-12-27T16:40:26.000Z,1
2019-12-27T16:46:07.000Z,1
2019-12-27T18:21:43.000Z,1
2019-12-27T18:45:16.000Z,1
2019-12-27T19:02:36.000Z,1
2019-12-27T19:42:32.000Z,1
2019-12-27T20:59:44.000Z,1
2019-12-28T00:06:55.000Z,1
2019-12-28T07:42:09.000Z,1
2019-12-28T09:12:06.000Z,1
2019-12-28T10:12:28.000Z,1
2019-12-28T10:20:13.000Z,1
2019-12-28T12:23:42.000Z,1
2019-12-28T14:38:50.000Z,1
2019-12-28T15:22:25.000Z,1
2019-12-28T18:52:59.000Z,1
2019-12-28T19:02:18.000Z,1
2019-12-28T19:57:09.000Z,1
2019-12-29T07:56:38.000Z,1
2019-12-29T10:24:38.000Z,1
2019-12-29T11:13:58.000Z,1
2019-12-29T11:37:28.000Z,1
2019-12-29T11:44:08.000Z,1
2019-12-29T12:45:21.000Z,2
2019-12-29T13:03:19.000Z,1
2019-12-29T13:06:47.000Z,1
2019-12-29T14:30:15.000Z,1
2019-12-29T14:32:03.000Z,1
2019-12-29T14:46:42.000Z,1
2019-12-29T15:25:50.000Z,1
2019-12-29T16:19:31.000Z,2
2019-12-29T16:56:26.000Z,1
2019-12-29T17:07:29.000Z,1
2019-12-29T19:17:01.000Z,1
2019-12-30T00:16:14.000Z,1
2019-12-30T06:38:13.000Z,1
2019-12-30T07:25:01.000Z,1
2019-12-30T07:40:05.000Z,1
2019-12-30T08:42:59.000Z,1
2019-12-30T09:33:56.000Z,1
2019-12-30T10:24:11.000Z,1
2019-12-30T11:38:37.000Z,1
2019-12-30T13:54:43.000Z,1
2019-12-30T14:08:48.000Z,1
2019-12-30T16:11:38.000Z,1
2019-12-30T16:29:41.000Z,1
2019-12-30T16:32:35.000Z,1
2019-12-30T17:24:03.000Z,1
2019-12-30T17:35:17.000Z,1
2019-12-30T18:27:28.000Z,1
2019-12-30T19:13:16.000Z,1
2019-12-31T08:01:50.000Z,1
2019-12-31T08:45:42.000Z,1
2019-12-31T12:21:49.000Z,1
2019-12-31T13:15:15.000Z,1
2019-12-31T14:23:11.000Z,1
2019-12-31T15:16:21.000Z,1
2019-12-31T15:31:42.000Z,1
2019-12-31T16:01:18.000Z,1
2019-12-31T16:43:22.000Z,1
2019-12-31T23:28:43.000Z,1
2019-12-23T12:52:51.000Z,1
2019-12-23T13:13:14.000Z,1
2019-12-23T14:17:43.000Z,1
2019-12-23T14:31:45.000Z,3
2019-12-23T14:47:14.000Z,1
2019-12-23T15:14:46.000Z,1
2019-12-23T15:44:21.000Z,1
2019-12-23T15:45:07.000Z,1
2019-12-23T16:25:47.000Z,2
2019-12-23T17:00:58.000Z,1
2019-12-23T17:23:02.000Z,1
2019-12-23T17:51:53.000Z,1
2019-12-23T18:08:16.000Z,1
2019-12-25T13:21:46.000Z,1
2019-12-26T14:19:15.000Z,1
2019-12-23T13:38:02.000Z,1
2019-12-23T15:25:03.000Z,1
2019-12-23T17:29:20.000Z,1
2019-12-23T17:37:37.000Z,1
2019-12-23T22:34:49.000Z,1
2019-12-24T07:38:16.000Z,1
2019-12-24T12:59:10.000Z,1
2019-12-24T15:10:55.000Z,1
2019-12-24T15:13:05.000Z,1
2019-12-24T15:24:30.000Z,1
2019-12-24T23:25:33.000Z,1
2019-12-25T11:03:38.000Z,1
2019-12-25T14:49:44.000Z,1
2019-12-25T15:13:36.000Z,1
2019-12-25T15:49:34.000Z,1
2019-12-25T16:42:18.000Z,1
2019-12-25T18:22:40.000Z,1
2019-12-25T19:50:31.000Z,1
2019-12-25T21:36:09.000Z,1
2019-12-25T23:20:02.000Z,1
2019-12-26T00:07:40.000Z,1
2019-12-26T08:49:16.000Z,1
2019-12-26T08:54:32.000Z,1
2019-12-26T11:13:03.000Z,1
2019-12-26T12:04:56.000Z,1
2019-12-26T12:13:48.000Z,1
2019-12-26T12:33:47.000Z,1
2019-12-26T12:57:30.000Z,1
2019-12-26T13:12:14.000Z,1
2019-12-26T13:30:12.000Z,1
2019-12-26T14:31:00.000Z,1
2019-12-26T14:43:25.000Z,1
2019-12-26T15:18:45.000Z,1
2019-12-26T15:37:38.000Z,1
2019-12-26T15:41:31.000Z,2
2019-12-26T16:02:34.000Z,1
2019-12-26T16:23:39.000Z,2
2019-12-26T16:24:31.000Z,2
2019-12-26T16:24:59.000Z,1
2019-12-26T16:39:08.000Z,2
2019-12-26T16:52:47.000Z,1
2019-12-26T16:59:37.000Z,1
2019-12-26T17:09:01.000Z,1
2019-12-26T17:31:52.000Z,1
2019-12-26T18:23:59.000Z,1
2019-12-26T19:22:05.000Z,1
2019-12-26T19:39:22.000Z,1
2019-12-26T21:19:52.000Z,1
2019-12-26T23:49:09.000Z,1
2019-12-27T05:30:54.000Z,1
2019-12-27T08:07:40.000Z,1
2019-12-27T08:24:36.000Z,1
2019-12-27T10:14:51.000Z,1
2019-12-27T11:15:39.000Z,1
2019-12-27T11:18:08.000Z,1
2019-12-27T12:45:58.000Z,1
2019-12-27T13:39:39.000Z,1
2019-12-27T13:47:39.000Z,1
2019-12-27T15:16:25.000Z,1
2019-12-27T15:17:47.000Z,1
2019-12-27T16:11:36.000Z,1
2019-12-27T17:42:10.000Z,1
2019-12-27T17:51:53.000Z,1
2019-12-27T18:49:07.000Z,1
2019-12-27T20:45:09.000Z,1
2019-12-27T21:00:03.000Z,1
2019-12-28T02:01:08.000Z,1
2019-12-28T08:46:39.000Z,1
2019-12-28T10:12:42.000Z,1
2019-12-28T11:47:03.000Z,1
2019-12-28T12:55:08.000Z,1
2019-12-28T13:27:08.000Z,1
2019-12-28T13:33:26.000Z,1
2019-12-28T18:17:04.000Z,1
2019-12-28T18:54:17.000Z,1
2019-12-28T21:27:22.000Z,1
2019-12-29T02:36:22.000Z,1
2019-12-29T06:34:18.000Z,1
2019-12-29T09:58:29.000Z,1
2019-12-29T10:44:44.000Z,1
2019-12-29T11:17:00.000Z,1
2019-12-29T12:07:54.000Z,1
2019-12-29T12:11:38.000Z,1
2019-12-29T12:15:47.000Z,1
2019-12-29T13:03:30.000Z,1
2019-12-29T14:37:12.000Z,1
2019-12-29T14:56:27.000Z,1
2019-12-29T15:36:43.000Z,2
2019-12-29T16:12:05.000Z,1
2019-12-29T16:45:32.000Z,1
2019-12-29T18:02:44.000Z,1
2019-12-29T18:05:37.000Z,1
2019-12-29T18:07:11.000Z,1
2019-12-29T19:05:01.000Z,2
2019-12-29T22:16:47.000Z,1
2019-12-30T07:52:42.000Z,1
2019-12-30T08:32:33.000Z,1
2019-12-30T08:44:47.000Z,1
2019-12-30T10:23:36.000Z,1
2019-12-30T11:09:43.000Z,1
2019-12-30T11:38:15.000Z,1
2019-12-30T12:32:46.000Z,1
2019-12-30T15:01:36.000Z,1
2019-12-30T15:21:37.000Z,1
2019-12-30T15:23:03.000Z,1
2019-12-30T15:25:50.000Z,1
2019-12-30T16:43:06.000Z,1
2019-12-30T17:16:40.000Z,1
2019-12-30T17:26:45.000Z,1
2019-12-30T17:30:18.000Z,1
2019-12-31T07:52:58.000Z,1
2019-12-31T10:36:21.000Z,1
2019-12-31T11:37:19.000Z,1
2019-12-31T12:18:51.000Z,1
2019-12-31T12:49:07.000Z,1
2019-12-31T14:21:32.000Z,1
2019-12-31T16:03:59.000Z,1
2019-12-31T16:59:24.000Z,1
2019-12-31T18:07:06.000Z,1
2019-12-31T19:46:25.000Z,1
2019-12-31T20:49:19.000Z,1
2019-12-23T12:30:36.000Z,1
2019-12-23T12:32:52.000Z,1
2019-12-23T12:51:24.000Z,1
2019-12-23T12:57:18.000Z,1
2019-12-23T14:12:06.000Z,1
2019-12-23T14:42:27.000Z,1
2019-12-23T15:01:32.000Z,1
2019-12-23T15:26:16.000Z,1
2019-12-23T15:57:08.000Z,1
2019-12-23T17:14:03.000Z,1
2019-12-23T17:20:30.000Z,2
2019-12-23T17:27:40.000Z,1
2019-12-23T18:36:26.000Z,1
2019-12-24T10:41:21.000Z,1
2019-12-24T11:15:18.000Z,1
2019-12-24T11:46:49.000Z,1
2019-12-24T12:17:54.000Z,1
2019-12-24T15:12:40.000Z,1
2019-12-24T15:14:06.000Z,1
2019-12-24T15:41:23.000Z,1
2019-12-24T16:13:27.000Z,1
2019-12-24T16:31:28.000Z,1
2019-12-26T14:35:22.000Z,1
2019-12-23T14:01:22.000Z,1
2019-12-23T19:28:07.000Z,1
2019-12-23T21:06:35.000Z,1
2019-12-23T21:24:44.000Z,1
2019-12-24T07:55:21.000Z,1
2019-12-24T10:26:42.000Z,1
2019-12-24T10:47:35.000Z,1
2019-12-24T11:12:21.000Z,1
2019-12-24T11:44:28.000Z,1
2019-12-24T13:09:02.000Z,1
2019-12-24T14:02:57.000Z,1
2019-12-24T15:17:43.000Z,1
2019-12-24T17:28:27.000Z,1
2019-12-24T21:20:18.000Z,1
2019-12-25T10:00:28.000Z,1
2019-12-25T11:37:00.000Z,1
2019-12-25T11:53:34.000Z,1
2019-12-25T14:32:00.000Z,1
2019-12-25T18:03:39.000Z,1
2019-12-26T09:31:07.000Z,1
2019-12-26T10:58:50.000Z,2
2019-12-26T11:29:28.000Z,1
2019-12-26T11:35:02.000Z,1
2019-12-26T12:41:57.000Z,1
2019-12-26T12:55:36.000Z,1
2019-12-26T13:05:25.000Z,1
2019-12-26T13:29:59.000Z,1
2019-12-26T13:44:54.000Z,1
2019-12-26T14:59:53.000Z,1
2019-12-26T15:08:35.000Z,1
2019-12-26T15:26:11.000Z,1
2019-12-26T15:34:01.000Z,1
2019-12-26T15:52:01.000Z,1
2019-12-26T15:56:05.000Z,1
2019-12-26T16:26:58.000Z,1
2019-12-26T16:59:52.000Z,1
2019-12-26T17:31:49.000Z,1
2019-12-26T17:42:36.000Z,1
2019-12-26T18:11:20.000Z,1
2019-12-26T20:37:45.000Z,1
2019-12-26T23:40:11.000Z,1
2019-12-27T05:15:57.000Z,1
2019-12-27T07:03:28.000Z,1
2019-12-27T09:22:39.000Z,1
2019-12-27T11:21:14.000Z,1
2019-12-27T13:43:40.000Z,1
2019-12-27T14:09:20.000Z,1
2019-12-27T15:10:31.000Z,1
2019-12-27T15:32:38.000Z,1
2019-12-27T15:41:33.000Z,1
2019-12-27T18:08:52.000Z,1
2019-12-27T20:47:10.000Z,1
2019-12-28T01:50:35.000Z,1
2019-12-28T02:32:41.000Z,1
2019-12-28T08:47:26.000Z,1
2019-12-28T09:19:19.000Z,1
2019-12-28T10:33:45.000Z,1
2019-12-28T10:45:25.000Z,1
2019-12-28T10:49:28.000Z,1
2019-12-28T12:17:02.000Z,1
2019-12-28T13:31:43.000Z,1
2019-12-28T13:35:19.000Z,1
2019-12-28T14:03:10.000Z,1
2019-12-28T14:30:49.000Z,1
2019-12-28T21:01:45.000Z,1
2019-12-28T21:40:03.000Z,1
2019-12-28T21:40:47.000Z,1
2019-12-28T23:10:32.000Z,1
2019-12-29T10:29:43.000Z,1
2019-12-29T11:10:13.000Z,1
2019-12-29T12:07:01.000Z,2
2019-12-29T12:39:14.000Z,1
2019-12-29T13:11:00.000Z,1
2019-12-29T14:04:35.000Z,1
2019-12-29T14:20:30.000Z,1
2019-12-29T14:37:51.000Z,1
2019-12-29T14:59:12.000Z,1
2019-12-29T15:44:00.000Z,1
2019-12-29T16:32:03.000Z,1
2019-12-29T17:10:55.000Z,1
2019-12-29T17:50:50.000Z,1
2019-12-29T18:05:29.000Z,1
2019-12-29T19:05:04.000Z,1
2019-12-30T07:54:05.000Z,1
2019-12-30T08:12:42.000Z,1
2019-12-30T08:53:38.000Z,1
2019-12-30T09:19:45.000Z,1
2019-12-30T11:48:12.000Z,1
2019-12-30T11:50:07.000Z,1
2019-12-30T12:32:28.000Z,1
2019-12-30T13:32:23.000Z,1
2019-12-30T13:51:50.000Z,1
2019-12-30T14:13:09.000Z,2
2019-12-30T15:21:08.000Z,1
2019-12-30T15:35:44.000Z,1
2019-12-30T16:36:27.000Z,1
2019-12-30T17:11:52.000Z,1
2019-12-30T18:26:49.000Z,1
2019-12-30T20:04:25.000Z,1
2019-12-30T23:20:07.000Z,1
2019-12-31T09:07:59.000Z,1
2019-12-31T13:34:17.000Z,1
2019-12-31T14:39:21.000Z,2
2019-12-31T14:46:36.000Z,1
2019-12-31T15:03:59.000Z,1
2019-12-31T18:54:14.000Z,1
2019-12-31T19:14:19.000Z,1
2019-12-31T19:28:49.000Z,1
2019-12-23T12:26:22.000Z,1
2019-12-23T12:52:48.000Z,1
2019-12-23T13:45:22.000Z,1
2019-12-23T14:07:26.000Z,1
2019-12-23T14:24:24.000Z,1
2019-12-23T14:48:42.000Z,1
2019-12-23T15:10:29.000Z,1
2019-12-23T16:24:46.000Z,1
2019-12-23T16:55:15.000Z,1
2019-12-23T17:02:28.000Z,1
2019-12-23T17:34:09.000Z,1
2019-12-23T17:55:01.000Z,1
2019-12-23T22:23:26.000Z,1
2019-12-24T08:06:12.000Z,2
2019-12-24T11:18:34.000Z,1
2019-12-24T12:25:33.000Z,1
2019-12-24T12:32:28.000Z,1
2019-12-24T20:04:49.000Z,1
2019-12-24T20:51:19.000Z,1
2019-12-26T12:48:29.000Z,1
2019-12-23T18:01:59.000Z,1
2019-12-23T18:34:49.000Z,1
2019-12-23T20:04:57.000Z,1
2019-12-24T10:02:14.000Z,1
2019-12-24T10:10:55.000Z,1
2019-12-24T11:40:14.000Z,1
2019-12-24T12:23:22.000Z,1
2019-12-24T14:07:54.000Z,1
2019-12-24T14:20:45.000Z,1
2019-12-24T14:33:31.000Z,1
2019-12-24T14:55:28.000Z,1
2019-12-24T16:02:10.000Z,1
2019-12-24T17:19:30.000Z,1
2019-12-25T09:34:46.000Z,1
2019-12-25T10:33:45.000Z,2
2019-12-25T14:15:01.000Z,1
2019-12-25T14:18:38.000Z,1
2019-12-25T14:29:58.000Z,1
2019-12-25T16:01:25.000Z,1
2019-12-25T16:06:05.000Z,1
2019-12-25T17:58:06.000Z,1
2019-12-26T00:25:22.000Z,1
2019-12-26T07:02:22.000Z,1
2019-12-26T07:24:57.000Z,1
2019-12-26T08:02:57.000Z,1
2019-12-26T11:05:58.000Z,1
2019-12-26T11:35:57.000Z,1
2019-12-26T14:30:42.000Z,1
2019-12-26T14:34:50.000Z,1
2019-12-26T14:38:48.000Z,1
2019-12-26T15:25:36.000Z,1
2019-12-26T15:30:11.000Z,1
2019-12-26T16:01:58.000Z,1
2019-12-26T16:13:40.000Z,1
2019-12-26T16:21:48.000Z,1
2019-12-26T16:25:19.000Z,1
2019-12-26T17:37:23.000Z,1
2019-12-26T19:15:52.000Z,1
2019-12-27T05:56:16.000Z,1
2019-12-27T07:11:52.000Z,1
2019-12-27T07:40:08.000Z,1
2019-12-27T07:56:51.000Z,2
2019-12-27T07:59:47.000Z,1
2019-12-27T09:18:27.000Z,1
2019-12-27T11:39:05.000Z,1
2019-12-27T12:03:54.000Z,1
2019-12-27T12:22:21.000Z,1
2019-12-27T12:26:29.000Z,2
2019-12-27T13:03:06.000Z,1
2019-12-27T14:52:33.000Z,1
2019-12-27T15:03:53.000Z,1
2019-12-27T15:08:01.000Z,1
2019-12-27T15:16:26.000Z,1
2019-12-27T15:21:12.000Z,1
2019-12-27T16:22:51.000Z,1
2019-12-27T16:56:37.000Z,1
2019-12-27T17:12:26.000Z,1
2019-12-27T17:38:11.000Z,1
2019-12-27T19:44:48.000Z,1
2019-12-27T22:23:03.000Z,1
2019-12-28T08:11:40.000Z,1
2019-12-28T08:50:43.000Z,1
2019-12-28T11:02:24.000Z,1
2019-12-28T11:54:20.000Z,1
2019-12-28T12:20:48.000Z,1
2019-12-28T13:18:09.000Z,1
2019-12-28T14:55:30.000Z,1
2019-12-28T15:41:14.000Z,1
2019-12-28T17:02:03.000Z,1
2019-12-28T18:51:42.000Z,1
2019-12-28T20:30:50.000Z,1
2019-12-29T08:45:26.000Z,1
2019-12-29T09:19:53.000Z,1
2019-12-29T10:08:44.000Z,1
2019-12-29T10:51:23.000Z,1
2019-12-29T11:56:24.000Z,1
2019-12-29T12:45:46.000Z,1
2019-12-29T12:46:41.000Z,1
2019-12-29T14:44:45.000Z,1
2019-12-29T15:31:07.000Z,1
2019-12-29T15:52:40.000Z,1
2019-12-29T16:13:51.000Z,1
2019-12-29T16:42:44.000Z,1
2019-12-29T17:03:23.000Z,1
2019-12-29T17:40:39.000Z,1
2019-12-29T18:29:54.000Z,2
2019-12-30T06:15:59.000Z,1
2019-12-30T09:47:03.000Z,1
2019-12-30T10:25:11.000Z,1
2019-12-30T11:41:32.000Z,1
2019-12-30T12:02:19.000Z,1
2019-12-30T12:34:04.000Z,1
2019-12-30T14:58:28.000Z,1
2019-12-30T15:23:43.000Z,1
2019-12-30T16:21:29.000Z,1
2019-12-30T17:07:19.000Z,1
2019-12-30T17:23:25.000Z,1
2019-12-30T17:55:41.000Z,1
2019-12-30T18:36:51.000Z,1
2019-12-31T08:36:03.000Z,1
2019-12-31T08:53:28.000Z,1
2019-12-31T11:30:15.000Z,1
2019-12-31T11:44:52.000Z,1
2019-12-31T12:10:35.000Z,1
2019-12-31T13:29:53.000Z,1
2019-12-31T14:12:12.000Z,1
2019-12-31T21:29:48.000Z,1
2019-12-31T23:09:34.000Z,1
2019-12-23T12:31:44.000Z,1
2019-12-23T12:36:10.000Z,1
2019-12-23T13:15:00.000Z,1
2019-12-23T15:09:36.000Z,1
2019-12-23T15:32:25.000Z,1
2019-12-23T18:08:48.000Z,1
2019-12-23T19:23:24.000Z,1
2019-12-24T07:29:15.000Z,1
2019-12-24T09:41:13.000Z,1
2019-12-24T10:41:19.000Z,1
2019-12-24T11:38:40.000Z,1
2019-12-24T13:13:25.000Z,1
2019-12-24T14:16:00.000Z,1
2019-12-24T14:41:49.000Z,1
2019-12-24T18:26:57.000Z,1
2019-12-24T18:34:32.000Z,1
2019-12-25T14:43:03.000Z,1
2019-12-26T06:48:38.000Z,2
2019-12-23T17:40:00.000Z,1
2019-12-23T17:44:52.000Z,1
2019-12-23T18:03:47.000Z,1
2019-12-23T18:16:03.000Z,1
2019-12-23T21:09:47.000Z,1
2019-12-24T09:55:01.000Z,1
2019-12-24T10:05:18.000Z,1
2019-12-24T11:10:13.000Z,1
2019-12-24T11:17:57.000Z,1
2019-12-24T13:17:21.000Z,1
2019-12-24T15:04:30.000Z,1
2019-12-24T15:28:46.000Z,1
2019-12-24T16:40:29.000Z,1
2019-12-24T17:53:49.000Z,1
2019-12-24T19:08:11.000Z,2
2019-12-25T10:15:22.000Z,1
2019-12-25T10:42:22.000Z,1
2019-12-25T11:04:17.000Z,1
2019-12-25T11:38:54.000Z,1
2019-12-25T12:04:07.000Z,1
2019-12-25T12:25:02.000Z,1
2019-12-25T14:45:53.000Z,1
2019-12-25T15:41:47.000Z,1
2019-12-25T16:03:39.000Z,1
2019-12-25T17:45:09.000Z,1
2019-12-25T18:30:42.000Z,1
2019-12-25T21:18:11.000Z,1
2019-12-26T06:08:36.000Z,1
2019-12-26T06:10:56.000Z,1
2019-12-26T06:12:10.000Z,1
2019-12-26T06:28:31.000Z,1
2019-12-26T07:08:45.000Z,1
2019-12-26T07:26:23.000Z,1
2019-12-26T07:33:07.000Z,1
2019-12-26T08:51:06.000Z,1
2019-12-26T09:39:21.000Z,1
2019-12-26T09:46:19.000Z,1
2019-12-26T10:13:09.000Z,1
2019-12-26T11:11:47.000Z,1
2019-12-26T11:25:20.000Z,1
2019-12-26T11:25:29.000Z,1
2019-12-26T11:54:35.000Z,1
2019-12-26T13:13:25.000Z,1
2019-12-26T13:30:55.000Z,1
2019-12-26T14:26:35.000Z,1
2019-12-26T15:34:05.000Z,2
2019-12-26T15:44:55.000Z,1
2019-12-26T16:08:44.000Z,1
2019-12-26T16:46:57.000Z,1
2019-12-26T16:54:29.000Z,1
2019-12-26T18:35:04.000Z,1
2019-12-26T18:38:44.000Z,1
2019-12-26T19:10:14.000Z,1
2019-12-26T19:13:19.000Z,1
2019-12-26T20:02:30.000Z,1
2019-12-27T10:03:07.000Z,1
2019-12-27T10:41:21.000Z,1
2019-12-27T10:52:54.000Z,1
2019-12-27T12:39:06.000Z,1
2019-12-27T12:43:11.000Z,1
2019-12-27T13:42:04.000Z,1
2019-12-27T14:58:23.000Z,1
2019-12-27T15:24:07.000Z,1
2019-12-27T16:07:25.000Z,1
2019-12-27T16:13:09.000Z,1
2019-12-27T16:46:44.000Z,1
2019-12-27T17:02:44.000Z,1
2019-12-27T17:05:05.000Z,1
2019-12-27T17:16:45.000Z,1
2019-12-27T17:22:22.000Z,1
2019-12-27T18:19:46.000Z,1
2019-12-27T18:44:20.000Z,1
2019-12-27T18:44:46.000Z,1
2019-12-27T18:49:38.000Z,1
2019-12-27T19:16:03.000Z,1
2019-12-28T02:44:17.000Z,1
2019-12-28T09:38:54.000Z,1
2019-12-28T10:23:04.000Z,1
2019-12-28T11:37:16.000Z,1
2019-12-28T12:07:06.000Z,1
2019-12-28T13:51:46.000Z,1
2019-12-28T15:58:02.000Z,1
2019-12-28T18:50:43.000Z,1
2019-12-28T20:44:35.000Z,1
2019-12-29T09:44:52.000Z,1
2019-12-29T10:15:03.000Z,1
2019-12-29T10:38:47.000Z,1
2019-12-29T10:40:39.000Z,1
2019-12-29T12:18:18.000Z,1
2019-12-29T13:15:12.000Z,1
2019-12-29T13:19:10.000Z,1
2019-12-29T13:35:29.000Z,1
2019-12-29T13:35:56.000Z,1
2019-12-29T16:16:47.000Z,1
2019-12-29T17:50:35.000Z,1
2019-12-29T18:25:22.000Z,1
2019-12-29T18:35:23.000Z,1
2019-12-29T18:48:35.000Z,1
2019-12-29T19:00:07.000Z,1
2019-12-29T21:33:50.000Z,1
2019-12-30T08:50:02.000Z,1
2019-12-30T09:29:16.000Z,1
2019-12-30T14:22:25.000Z,1
2019-12-30T14:35:35.000Z,1
2019-12-30T14:58:42.000Z,1
2019-12-30T15:00:48.000Z,1
2019-12-30T15:49:12.000Z,1
2019-12-30T16:39:02.000Z,1
2019-12-30T17:11:11.000Z,1
2019-12-30T19:54:56.000Z,1
2019-12-30T20:32:36.000Z,1
2019-12-30T21:48:49.000Z,1
2019-12-31T07:32:16.000Z,1
2019-12-31T08:09:23.000Z,1
2019-12-31T10:46:47.000Z,1
2019-12-31T12:25:50.000Z,1
2019-12-31T12:57:02.000Z,1
2019-12-31T13:04:25.000Z,1
2019-12-31T13:09:18.000Z,1
2019-12-31T13:40:41.000Z,1
2019-12-31T14:29:35.000Z,1
2019-12-31T15:23:04.000Z,1
2019-12-31T18:38:31.000Z,1
2019-12-31T18:52:00.000Z,1
2019-12-31T19:17:02.000Z,1
2019-12-23T13:27:42.000Z,1
2019-12-23T14:13:30.000Z,1
2019-12-23T14:17:08.000Z,1
2019-12-23T14:44:55.000Z,1
2019-12-23T14:45:42.000Z,1
2019-12-23T15:11:33.000Z,1
2019-12-23T15:19:07.000Z,1
2019-12-23T16:32:42.000Z,1
2019-12-23T16:46:15.000Z,1
2019-12-24T09:02:07.000Z,1
2019-12-25T12:44:12.000Z,1
2019-12-25T17:33:55.000Z,1
2019-12-26T09:38:30.000Z,1
2019-12-23T15:45:50.000Z,1
2019-12-23T20:09:33.000Z,1
2019-12-23T21:51:16.000Z,1
2019-12-24T01:44:39.000Z,2
2019-12-24T10:45:52.000Z,1
2019-12-24T11:45:58.000Z,1
2019-12-24T12:29:10.000Z,1
2019-12-24T17:37:20.000Z,1
2019-12-24T17:56:29.000Z,1
2019-12-24T18:21:49.000Z,1
2019-12-24T18:51:06.000Z,1
2019-12-24T20:44:34.000Z,1
2019-12-24T23:03:01.000Z,1
2019-12-25T09:09:56.000Z,1
2019-12-25T11:34:38.000Z,1
2019-12-25T11:43:48.000Z,1
2019-12-25T11:48:53.000Z,1
2019-12-25T12:43:31.000Z,1
2019-12-25T12:56:15.000Z,1
2019-12-25T13:57:42.000Z,1
2019-12-25T15:17:45.000Z,1
2019-12-25T16:12:08.000Z,1
2019-12-25T16:54:10.000Z,1
2019-12-25T20:38:47.000Z,1
2019-12-25T20:46:54.000Z,1
2019-12-25T23:41:09.000Z,1
2019-12-26T10:28:24.000Z,2
2019-12-26T12:41:05.000Z,1
2019-12-26T12:51:22.000Z,1
2019-12-26T13:15:04.000Z,1
2019-12-26T13:39:52.000Z,1
2019-12-26T13:40:49.000Z,1
2019-12-26T14:13:41.000Z,1
2019-12-26T14:16:11.000Z,1
2019-12-26T15:03:05.000Z,1
2019-12-26T15:09:13.000Z,1
2019-12-26T15:10:59.000Z,1
2019-12-26T15:32:17.000Z,1
2019-12-26T16:02:37.000Z,1
2019-12-26T16:23:55.000Z,1
2019-12-26T16:27:20.000Z,1
2019-12-26T16:29:32.000Z,1
2019-12-26T16:35:43.000Z,1
2019-12-26T16:44:59.000Z,1
2019-12-26T16:47:12.000Z,1
2019-12-26T16:51:19.000Z,1
2019-12-26T18:47:07.000Z,1
2019-12-26T19:12:24.000Z,1
2019-12-26T19:50:05.000Z,1
2019-12-26T21:29:19.000Z,1
2019-12-27T07:02:42.000Z,1
2019-12-27T07:09:10.000Z,1
2019-12-27T08:13:15.000Z,1
2019-12-27T08:26:28.000Z,1
2019-12-27T11:29:28.000Z,1
2019-12-27T12:09:15.000Z,2
2019-12-27T14:41:23.000Z,1
2019-12-27T15:31:04.000Z,1
2019-12-27T15:55:20.000Z,1
2019-12-27T17:05:34.000Z,1
2019-12-27T17:24:02.000Z,2
2019-12-27T17:43:32.000Z,1
2019-12-27T17:52:37.000Z,1
2019-12-27T21:50:46.000Z,1
2019-12-28T05:34:22.000Z,1
2019-12-28T07:10:08.000Z,1
2019-12-28T09:44:03.000Z,1
2019-12-28T11:29:33.000Z,1
2019-12-28T12:57:52.000Z,2
2019-12-28T13:52:31.000Z,1
2019-12-28T14:41:02.000Z,1
2019-12-28T16:29:58.000Z,1
2019-12-28T16:39:15.000Z,1
2019-12-28T18:26:04.000Z,1
2019-12-28T18:42:22.000Z,1
2019-12-28T19:03:09.000Z,1
2019-12-28T19:03:24.000Z,1
2019-12-29T07:39:04.000Z,1
2019-12-29T07:52:53.000Z,1
2019-12-29T10:56:18.000Z,1
2019-12-29T11:03:22.000Z,1
2019-12-29T11:56:49.000Z,1
2019-12-29T11:59:43.000Z,1
2019-12-29T12:40:55.000Z,1
2019-12-29T12:53:27.000Z,1
2019-12-29T13:06:59.000Z,1
2019-12-29T13:13:04.000Z,2
2019-12-29T13:44:33.000Z,2
2019-12-29T15:34:00.000Z,1
2019-12-29T15:45:33.000Z,1
2019-12-29T16:09:13.000Z,1
2019-12-29T16:13:05.000Z,1
2019-12-29T16:50:53.000Z,1
2019-12-29T17:28:33.000Z,1
2019-12-29T18:54:01.000Z,2
2019-12-29T20:15:29.000Z,1
2019-12-30T06:57:46.000Z,1
2019-12-30T07:41:47.000Z,1
2019-12-30T07:48:19.000Z,1
2019-12-30T09:01:17.000Z,1
2019-12-30T12:04:57.000Z,1
2019-12-30T13:26:14.000Z,1
2019-12-30T15:14:28.000Z,1
2019-12-30T16:27:35.000Z,1
2019-12-30T19:17:40.000Z,1
2019-12-30T19:59:23.000Z,1
2019-12-31T07:42:04.000Z,1
2019-12-31T08:37:19.000Z,1
2019-12-31T11:24:31.000Z,1
2019-12-31T11:50:30.000Z,1
2019-12-31T12:12:59.000Z,1
2019-12-31T12:18:02.000Z,1
2019-12-31T13:55:43.000Z,1
2019-12-31T17:40:59.000Z,1
2019-12-31T17:51:51.000Z,1
2019-12-31T19:37:55.000Z,1
2019-12-31T22:53:54.000Z,2
2019-12-23T13:38:19.000Z,1
2019-12-23T13:42:14.000Z,1
2019-12-23T14:53:13.000Z,2
2019-12-23T14:56:47.000Z,1
2019-12-23T15:07:18.000Z,1
2019-12-23T15:07:30.000Z,1
2019-12-23T15:48:20.000Z,1
2019-12-23T17:06:11.000Z,2
2019-12-23T18:52:22.000Z,1
2019-12-23T20:41:12.000Z,1
2019-12-23T23:10:58.000Z,1
2019-12-24T13:06:59.000Z,1
2019-12-25T16:42:05.000Z,1
2019-12-23T15:50:32.000Z,1
2019-12-23T16:14:58.000Z,1
2019-12-23T16:18:22.000Z,1
2019-12-23T17:00:46.000Z,1
2019-12-24T10:14:10.000Z,1
2019-12-24T12:05:47.000Z,1
2019-12-24T12:46:17.000Z,1
2019-12-24T13:53:01.000Z,1
2019-12-24T14:02:08.000Z,1
2019-12-24T14:06:42.000Z,1
2019-12-24T14:12:50.000Z,1
2019-12-24T15:43:03.000Z,1
2019-12-25T11:30:16.000Z,1
2019-12-25T12:19:13.000Z,1
2019-12-25T13:36:11.000Z,1
2019-12-25T13:36:47.000Z,2
2019-12-25T13:53:11.000Z,2
2019-12-25T16:47:52.000Z,1
2019-12-25T19:31:55.000Z,1
2019-12-25T19:37:02.000Z,1
2019-12-26T07:11:52.000Z,1
2019-12-26T07:41:38.000Z,1
2019-12-26T08:16:51.000Z,1
2019-12-26T08:36:10.000Z,1
2019-12-26T10:25:44.000Z,1
2019-12-26T11:06:59.000Z,1
2019-12-26T12:23:21.000Z,1
2019-12-26T12:50:28.000Z,1
2019-12-26T13:08:14.000Z,1
2019-12-26T13:23:19.000Z,1
2019-12-26T13:31:47.000Z,1
2019-12-26T13:46:13.000Z,1
2019-12-26T14:28:22.000Z,1
2019-12-26T14:33:07.000Z,1
2019-12-26T14:46:28.000Z,1
2019-12-26T15:26:38.000Z,1
2019-12-26T15:41:14.000Z,1
2019-12-26T16:00:05.000Z,1
2019-12-26T16:25:50.000Z,1
2019-12-26T16:54:33.000Z,1
2019-12-26T17:02:08.000Z,1
2019-12-26T18:04:22.000Z,1
2019-12-26T18:18:24.000Z,1
2019-12-26T19:06:31.000Z,1
2019-12-26T19:23:51.000Z,1
2019-12-26T20:24:13.000Z,1
2019-12-26T22:30:09.000Z,1
2019-12-27T08:14:18.000Z,1
2019-12-27T08:48:44.000Z,1
2019-12-27T08:56:36.000Z,1
2019-12-27T09:49:30.000Z,1
2019-12-27T11:54:55.000Z,1
2019-12-27T12:19:45.000Z,1
2019-12-27T12:44:40.000Z,1
2019-12-27T13:22:12.000Z,1
2019-12-27T13:42:32.000Z,1
2019-12-27T14:44:47.000Z,1
2019-12-27T15:24:49.000Z,1
2019-12-27T16:33:19.000Z,1
2019-12-27T16:47:48.000Z,1
2019-12-27T18:06:59.000Z,1
2019-12-27T18:31:55.000Z,1
2019-12-27T18:40:25.000Z,1
2019-12-28T00:45:34.000Z,1
2019-12-28T07:14:48.000Z,1
2019-12-28T08:44:14.000Z,1
2019-12-28T09:27:51.000Z,1
2019-12-28T09:53:31.000Z,1
2019-12-28T10:19:22.000Z,1
2019-12-28T10:31:26.000Z,1
2019-12-28T11:39:45.000Z,1
2019-12-28T11:42:22.000Z,1
2019-12-28T11:46:48.000Z,1
2019-12-28T12:42:23.000Z,1
2019-12-28T12:58:11.000Z,1
2019-12-28T14:14:29.000Z,1
2019-12-28T14:57:15.000Z,1
2019-12-28T15:20:18.000Z,1
2019-12-28T15:31:03.000Z,2
2019-12-28T15:52:21.000Z,1
2019-12-28T16:55:36.000Z,1
2019-12-28T17:29:42.000Z,1
2019-12-28T18:27:07.000Z,1
2019-12-28T18:48:24.000Z,1
2019-12-28T21:00:34.000Z,1
2019-12-29T01:44:12.000Z,1
2019-12-29T07:39:25.000Z,1
2019-12-29T10:52:22.000Z,2
2019-12-29T11:13:16.000Z,1
2019-12-29T12:10:16.000Z,2
2019-12-29T12:55:27.000Z,1
2019-12-29T13:41:19.000Z,1
2019-12-29T14:20:51.000Z,1
2019-12-29T15:41:57.000Z,1
2019-12-29T16:42:41.000Z,1
2019-12-29T16:56:54.000Z,1
2019-12-29T17:21:26.000Z,1
2019-12-29T18:40:31.000Z,1
2019-12-29T19:26:05.000Z,1
2019-12-30T09:08:41.000Z,1
2019-12-30T09:59:49.000Z,1
2019-12-30T10:08:49.000Z,1
2019-12-30T10:32:58.000Z,1
2019-12-30T15:33:52.000Z,1
2019-12-30T16:35:42.000Z,1
2019-12-30T17:21:16.000Z,1
2019-12-30T19:44:07.000Z,1
2019-12-31T07:11:09.000Z,1
2019-12-31T10:39:59.000Z,1
2019-12-31T11:06:12.000Z,1
2019-12-31T16:20:31.000Z,1
2019-12-31T17:03:50.000Z,1
2019-12-23T12:44:43.000Z,1
2019-12-23T12:51:08.000Z,1
2019-12-23T13:34:43.000Z,1
2019-12-23T14:00:09.000Z,1
2019-12-23T14:47:10.000Z,1
2019-12-23T15:40:40.000Z,2
2019-12-23T15:45:55.000Z,1
2019-12-23T16:19:48.000Z,1
2019-12-23T16:41:23.000Z,1
2019-12-23T16:55:54.000Z,1
2019-12-23T17:47:29.000Z,1
2019-12-23T20:11:31.000Z,1
2019-12-24T07:25:22.000Z,1
2019-12-24T11:15:32.000Z,1
2019-12-24T11:57:27.000Z,1
2019-12-24T12:06:39.000Z,2
2019-12-24T13:49:50.000Z,1
2019-12-25T13:30:38.000Z,1
2019-12-25T13:45:19.000Z,1
2019-12-25T14:38:50.000Z,1
2019-12-23T17:09:45.000Z,1
2019-12-24T08:35:33.000Z,1
2019-12-24T09:07:57.000Z,1
2019-12-24T09:36:49.000Z,1
2019-12-24T10:47:49.000Z,1
2019-12-24T12:20:28.000Z,1
2019-12-24T12:28:11.000Z,1
2019-12-24T12:31:49.000Z,1
2019-12-24T12:46:53.000Z,2
2019-12-24T19:29:20.000Z,1
2019-12-25T10:43:20.000Z,1
2019-12-25T12:41:53.000Z,1
2019-12-25T12:47:30.000Z,1
2019-12-25T12:52:17.000Z,1
2019-12-25T13:06:26.000Z,1
2019-12-25T14:50:01.000Z,2
2019-12-25T16:22:48.000Z,1
2019-12-25T16:50:18.000Z,1
2019-12-25T21:16:17.000Z,1
2019-12-26T01:30:56.000Z,1
2019-12-26T06:13:55.000Z,1
2019-12-26T07:12:03.000Z,1
2019-12-26T07:13:50.000Z,1
2019-12-26T08:51:47.000Z,1
2019-12-26T10:59:28.000Z,1
2019-12-26T12:43:36.000Z,1
2019-12-26T12:47:50.000Z,1
2019-12-26T13:23:49.000Z,1
2019-12-26T13:29:37.000Z,1
2019-12-26T13:56:14.000Z,1
2019-12-26T15:23:56.000Z,1
2019-12-26T15:29:44.000Z,1
2019-12-26T15:44:16.000Z,1
2019-12-26T16:09:48.000Z,1
2019-12-26T17:11:32.000Z,1
2019-12-26T17:15:37.000Z,1
2019-12-26T17:18:49.000Z,2
2019-12-26T17:29:53.000Z,1
2019-12-26T20:19:15.000Z,1
2019-12-26T22:35:03.000Z,1
2019-12-26T23:27:04.000Z,1
2019-12-27T04:37:51.000Z,1
2019-12-27T07:22:45.000Z,1
2019-12-27T07:49:14.000Z,1
2019-12-27T08:33:43.000Z,1
2019-12-27T08:40:42.000Z,1
2019-12-27T09:12:38.000Z,1
2019-12-27T09:16:38.000Z,2
2019-12-27T13:59:22.000Z,1
2019-12-27T14:37:43.000Z,1
2019-12-27T14:52:13.000Z,2
2019-12-27T16:15:10.000Z,1
2019-12-27T16:58:18.000Z,1
2019-12-27T17:00:35.000Z,1
2019-12-27T17:14:36.000Z,1
2019-12-27T17:31:22.000Z,1
2019-12-27T17:48:52.000Z,1
2019-12-27T17:51:24.000Z,1
2019-12-27T18:15:25.000Z,1
2019-12-27T18:23:29.000Z,1
2019-12-27T19:24:44.000Z,1
2019-12-27T20:19:12.000Z,1
2019-12-27T21:23:22.000Z,1
2019-12-27T21:54:40.000Z,1
2019-12-28T08:51:16.000Z,1
2019-12-28T09:07:09.000Z,1
2019-12-28T09:36:52.000Z,1
2019-12-28T12:30:02.000Z,1
2019-12-28T12:54:55.000Z,1
2019-12-28T13:36:55.000Z,1
2019-12-28T14:02:26.000Z,1
2019-12-28T16:53:25.000Z,1
2019-12-28T19:40:27.000Z,1
2019-12-28T20:50:07.000Z,1
2019-12-29T04:30:07.000Z,1
2019-12-29T09:14:46.000Z,1
2019-12-29T09:58:58.000Z,1
2019-12-29T11:14:29.000Z,1
2019-12-29T12:43:59.000Z,1
2019-12-29T12:53:55.000Z,2
2019-12-29T13:30:39.000Z,1
2019-12-29T14:16:31.000Z,1
2019-12-29T14:16:39.000Z,1
2019-12-29T14:56:31.000Z,1
2019-12-29T15:41:23.000Z,1
2019-12-29T16:09:52.000Z,1
2019-12-29T16:50:06.000Z,1
2019-12-29T16:52:43.000Z,1
2019-12-29T16:53:52.000Z,1
2019-12-29T18:06:44.000Z,1
2019-12-29T18:19:32.000Z,1
2019-12-29T20:19:07.000Z,1
2019-12-30T06:47:08.000Z,1
2019-12-30T08:23:08.000Z,1
2019-12-30T10:03:43.000Z,1
2019-12-30T11:55:37.000Z,1
2019-12-30T12:58:03.000Z,1
2019-12-30T13:16:17.000Z,1
2019-12-30T14:37:00.000Z,2
2019-12-30T16:56:40.000Z,1
2019-12-30T17:04:38.000Z,1
2019-12-30T17:14:39.000Z,1
2019-12-30T17:19:32.000Z,1
2019-12-30T18:21:15.000Z,1
2019-12-30T19:38:39.000Z,1
2019-12-30T20:41:07.000Z,1
2019-12-31T05:25:34.000Z,1
2019-12-31T06:11:34.000Z,1
2019-12-31T07:35:14.000Z,1
2019-12-31T08:37:25.000Z,1
2019-12-31T09:49:51.000Z,1
2019-12-31T10:42:49.000Z,1
2019-12-31T10:58:06.000Z,1
2019-12-31T11:02:58.000Z,1
2019-12-31T12:09:30.000Z,1
2019-12-31T12:24:42.000Z,1
2019-12-31T14:53:52.000Z,1
2019-12-31T16:21:31.000Z,1
2019-12-31T16:39:46.000Z,1
2019-12-31T17:42:26.000Z,1
2019-12-31T17:50:29.000Z,1
2019-12-31T18:00:28.000Z,1
2019-12-31T23:30:31.000Z,1
2019-12-23T12:55:45.000Z,1
2019-12-23T13:26:55.000Z,1
2019-12-23T14:03:00.000Z,1
2019-12-23T14:19:22.000Z,2
2019-12-23T14:31:24.000Z,1
2019-12-23T15:12:07.000Z,1
2019-12-23T15:48:45.000Z,1
2019-12-23T15:49:45.000Z,1
2019-12-23T16:26:40.000Z,1
2019-12-23T16:30:00.000Z,1
2019-12-23T16:33:12.000Z,1
2019-12-23T16:38:23.000Z,1
2019-12-23T16:45:13.000Z,1
2019-12-23T16:47:02.000Z,1
2019-12-23T17:21:05.000Z,1
2019-12-23T18:17:02.000Z,1
2019-12-23T18:52:48.000Z,1
2019-12-23T20:47:41.000Z,1
2019-12-24T10:40:04.000Z,1
2019-12-24T13:28:41.000Z,1
2019-12-24T14:24:20.000Z,1
2019-12-24T17:35:46.000Z,1
2019-12-25T12:37:12.000Z,1
2019-12-26T13:50:10.000Z,1
2019-12-26T15:09:05.000Z,2
2019-12-27T10:40:43.000Z,1
2019-12-23T16:48:28.000Z,1
2019-12-23T17:25:36.000Z,1
2019-12-24T06:44:33.000Z,1
2019-12-24T08:18:02.000Z,1
2019-12-24T08:41:24.000Z,1
2019-12-24T08:44:32.000Z,1
2019-12-24T08:46:33.000Z,1
2019-12-24T08:50:52.000Z,1
2019-12-24T09:06:52.000Z,1
2019-12-24T10:37:56.000Z,1
2019-12-24T10:56:00.000Z,1
2019-12-24T11:04:39.000Z,1
2019-12-24T11:12:33.000Z,1
2019-12-24T12:06:01.000Z,1
2019-12-24T12:13:08.000Z,1
2019-12-24T13:25:28.000Z,2
2019-12-24T14:37:09.000Z,1
2019-12-24T14:51:14.000Z,1
2019-12-24T15:04:51.000Z,1
2019-12-24T15:07:27.000Z,1
2019-12-24T15:43:29.000Z,1
2019-12-24T18:11:49.000Z,1
2019-12-24T18:26:12.000Z,1
2019-12-24T22:46:14.000Z,1
2019-12-24T23:00:55.000Z,1
2019-12-25T10:05:19.000Z,1
2019-12-25T10:14:59.000Z,1
2019-12-25T10:49:21.000Z,1
2019-12-25T13:26:33.000Z,1
2019-12-25T13:34:38.000Z,2
2019-12-25T14:19:53.000Z,1
2019-12-25T15:02:52.000Z,1
2019-12-25T17:03:17.000Z,1
2019-12-25T22:08:06.000Z,1
2019-12-26T07:23:42.000Z,1
2019-12-26T08:03:09.000Z,1
2019-12-26T08:11:09.000Z,1
2019-12-26T08:50:21.000Z,1
2019-12-26T09:13:51.000Z,1
2019-12-26T09:19:13.000Z,2
2019-12-26T09:19:23.000Z,1
2019-12-26T11:38:44.000Z,1
2019-12-26T12:24:01.000Z,1
2019-12-26T13:08:53.000Z,1
2019-12-26T13:17:30.000Z,1
2019-12-26T13:26:57.000Z,1
2019-12-26T14:48:34.000Z,1
2019-12-26T15:02:29.000Z,1
2019-12-26T15:05:17.000Z,1
2019-12-26T15:19:08.000Z,1
2019-12-26T15:23:15.000Z,1
2019-12-26T15:43:01.000Z,1
2019-12-26T16:15:14.000Z,1
2019-12-26T16:52:36.000Z,1
2019-12-26T16:58:43.000Z,1
2019-12-26T17:08:11.000Z,2
2019-12-26T17:10:00.000Z,2
2019-12-26T17:29:55.000Z,1
2019-12-26T18:11:38.000Z,2
2019-12-26T19:17:49.000Z,1
2019-12-26T20:12:06.000Z,1
2019-12-26T20:31:50.000Z,1
2019-12-26T22:19:16.000Z,1
2019-12-26T22:39:25.000Z,1
2019-12-27T04:54:05.000Z,1
2019-12-27T06:00:47.000Z,1
2019-12-27T06:31:22.000Z,1
2019-12-27T07:16:45.000Z,1
2019-12-27T08:03:18.000Z,1
2019-12-27T08:41:37.000Z,1
2019-12-27T08:54:41.000Z,1
2019-12-27T11:21:32.000Z,1
2019-12-27T11:38:00.000Z,2
2019-12-27T11:39:09.000Z,1
2019-12-27T13:19:09.000Z,1
2019-12-27T13:27:36.000Z,1
2019-12-27T15:45:43.000Z,1
2019-12-27T16:01:36.000Z,1
2019-12-27T16:08:53.000Z,1
2019-12-27T17:04:34.000Z,1
2019-12-27T17:24:27.000Z,1
2019-12-27T17:53:02.000Z,1
2019-12-27T19:51:50.000Z,1
2019-12-27T21:40:36.000Z,1
2019-12-28T06:29:02.000Z,1
2019-12-28T09:41:37.000Z,1
2019-12-28T09:51:00.000Z,1
2019-12-28T10:12:35.000Z,1
2019-12-28T13:28:01.000Z,1
2019-12-28T16:06:52.000Z,1
2019-12-28T16:34:43.000Z,1
2019-12-28T17:20:32.000Z,1
2019-12-28T17:32:21.000Z,1
2019-12-28T17:37:38.000Z,1
2019-12-28T21:28:16.000Z,1
2019-12-29T08:47:32.000Z,1
2019-12-29T10:21:56.000Z,1
2019-12-29T11:08:53.000Z,1
2019-12-29T12:06:33.000Z,2
2019-12-29T12:12:42.000Z,1
2019-12-29T12:28:28.000Z,1
2019-12-29T12:33:15.000Z,1
2019-12-29T13:16:20.000Z,1
2019-12-29T14:36:34.000Z,1
2019-12-29T15:35:19.000Z,1
2019-12-29T15:37:43.000Z,1
2019-12-29T15:41:21.000Z,1
2019-12-29T15:57:42.000Z,1
2019-12-29T17:00:09.000Z,1
2019-12-29T17:08:49.000Z,1
2019-12-29T17:46:20.000Z,1
2019-12-29T18:31:00.000Z,1
2019-12-29T18:39:10.000Z,1
2019-12-29T19:55:50.000Z,1
2019-12-30T00:33:20.000Z,1
2019-12-30T08:01:13.000Z,1
2019-12-30T08:03:01.000Z,1
2019-12-30T08:20:04.000Z,1
2019-12-30T08:24:49.000Z,1
2019-12-30T08:29:11.000Z,1
2019-12-30T09:16:36.000Z,1
2019-12-30T10:08:33.000Z,1
2019-12-30T10:19:04.000Z,1
2019-12-30T15:53:29.000Z,1
2019-12-30T17:10:46.000Z,1
2019-12-30T17:41:17.000Z,2
2019-12-30T17:46:19.000Z,1
2019-12-30T19:30:52.000Z,1
2019-12-31T00:04:36.000Z,1
2019-12-31T07:03:56.000Z,1
2019-12-31T09:21:01.000Z,1
2019-12-31T12:10:59.000Z,2
2019-12-31T14:49:54.000Z,1
2019-12-31T16:52:49.000Z,1
2019-12-31T17:16:10.000Z,1
2019-12-31T17:51:01.000Z,1
2019-12-31T17:56:36.000Z,2
2019-12-31T19:45:02.000Z,1
2019-12-23T13:34:23.000Z,1
2019-12-23T13:35:25.000Z,1
2019-12-23T13:56:32.000Z,2
2019-12-23T13:58:29.000Z,1
2019-12-23T14:31:06.000Z,1
2019-12-23T15:18:04.000Z,1
2019-12-23T15:25:48.000Z,1
2019-12-23T15:37:40.000Z,1
2019-12-23T15:41:58.000Z,1
2019-12-23T17:03:31.000Z,1
2019-12-23T17:03:56.000Z,1
2019-12-23T17:16:49.000Z,1
2019-12-23T17:19:50.000Z,1
2019-12-23T17:31:36.000Z,1
2019-12-23T17:37:14.000Z,1
2019-12-23T21:06:57.000Z,1
2019-12-24T06:36:11.000Z,1
2019-12-24T08:17:34.000Z,1
2019-12-24T10:26:54.000Z,1
2019-12-24T10:33:55.000Z,1
2019-12-24T12:51:20.000Z,1
2019-12-24T17:30:19.000Z,1
2019-12-24T22:01:21.000Z,1
2019-12-25T17:57:59.000Z,1
2019-12-26T07:41:41.000Z,1
2019-12-23T17:24:39.000Z,1
2019-12-23T18:26:20.000Z,1
2019-12-23T19:20:00.000Z,1
2019-12-23T22:46:30.000Z,1
2019-12-24T09:46:12.000Z,1
2019-12-24T10:39:52.000Z,1
2019-12-24T13:53:38.000Z,1
2019-12-24T13:58:33.000Z,1
2019-12-24T14:19:37.000Z,1
2019-12-24T14:45:48.000Z,1
2019-12-24T14:56:24.000Z,1
2019-12-24T17:08:33.000Z,1
2019-12-25T01:06:14.000Z,1
2019-12-25T07:07:44.000Z,1
2019-12-25T12:53:05.000Z,1
2019-12-25T12:59:54.000Z,1
2019-12-25T14:09:38.000Z,1
2019-12-25T15:04:41.000Z,1
2019-12-25T16:17:55.000Z,1
2019-12-25T17:05:34.000Z,1
2019-12-25T17:56:35.000Z,1
2019-12-25T20:09:34.000Z,1
2019-12-25T20:27:54.000Z,1
2019-12-25T21:07:20.000Z,1
2019-12-26T05:24:23.000Z,1
2019-12-26T09:02:09.000Z,1
2019-12-26T09:18:57.000Z,1
2019-12-26T11:15:06.000Z,1
2019-12-26T11:37:56.000Z,1
2019-12-26T11:50:26.000Z,1
2019-12-26T12:00:48.000Z,1
2019-12-26T12:19:32.000Z,1
2019-12-26T13:09:19.000Z,1
2019-12-26T14:10:36.000Z,2
2019-12-26T14:23:43.000Z,1
2019-12-26T14:55:09.000Z,1
2019-12-26T14:59:07.000Z,1
2019-12-26T15:06:31.000Z,1
2019-12-26T15:29:23.000Z,1
2019-12-26T15:38:14.000Z,1
2019-12-26T15:42:07.000Z,1
2019-12-26T16:20:57.000Z,2
2019-12-26T16:52:42.000Z,1
2019-12-26T16:57:07.000Z,1
2019-12-26T17:14:49.000Z,1
2019-12-26T17:30:06.000Z,1
2019-12-26T17:35:51.000Z,1
2019-12-26T17:51:58.000Z,1
2019-12-26T17:56:56.000Z,1
2019-12-26T18:14:20.000Z,1
2019-12-26T19:35:15.000Z,1
2019-12-26T21:59:38.000Z,1
2019-12-26T22:04:07.000Z,1
2019-12-26T22:18:01.000Z,1
2019-12-27T00:14:50.000Z,1
2019-12-27T07:08:27.000Z,1
2019-12-27T07:28:36.000Z,1
2019-12-27T07:45:54.000Z,1
2019-12-27T07:59:18.000Z,1
2019-12-27T08:10:26.000Z,1
2019-12-27T08:40:30.000Z,1
2019-12-27T08:43:52.000Z,2
2019-12-27T08:54:06.000Z,1
2019-12-27T10:20:25.000Z,1
2019-12-27T11:53:45.000Z,1
2019-12-27T11:56:24.000Z,1
2019-12-27T13:15:49.000Z,1
2019-12-27T13:18:14.000Z,1
2019-12-27T17:33:19.000Z,1
2019-12-27T17:37:02.000Z,1
2019-12-27T18:45:49.000Z,1
2019-12-27T19:05:49.000Z,1
2019-12-27T23:32:22.000Z,1
2019-12-28T09:56:19.000Z,1
2019-12-28T10:56:48.000Z,1
2019-12-28T10:57:14.000Z,1
2019-12-28T11:21:36.000Z,1
2019-12-28T11:47:35.000Z,1
2019-12-28T13:27:06.000Z,1
2019-12-28T13:43:27.000Z,1
2019-12-28T15:30:35.000Z,1
2019-12-28T15:39:50.000Z,1
2019-12-28T15:47:13.000Z,1
2019-12-28T21:03:03.000Z,1
2019-12-29T07:00:11.000Z,1
2019-12-29T08:48:09.000Z,1
2019-12-29T11:29:39.000Z,1
2019-12-29T11:47:20.000Z,2
2019-12-29T13:42:45.000Z,1
2019-12-29T14:19:48.000Z,1
2019-12-29T15:41:51.000Z,1
2019-12-29T15:48:08.000Z,1
2019-12-29T15:58:15.000Z,1
2019-12-29T16:00:57.000Z,1
2019-12-29T16:23:04.000Z,1
2019-12-29T16:40:14.000Z,1
2019-12-29T17:12:49.000Z,2
2019-12-29T17:25:03.000Z,1
2019-12-29T17:37:44.000Z,1
2019-12-29T19:14:45.000Z,1
2019-12-29T19:42:57.000Z,1
2019-12-30T06:40:56.000Z,1
2019-12-30T08:34:21.000Z,1
2019-12-30T08:39:32.000Z,1
2019-12-30T09:25:50.000Z,2
2019-12-30T11:13:11.000Z,1
2019-12-30T12:56:38.000Z,1
2019-12-30T13:09:27.000Z,1
2019-12-30T16:05:39.000Z,1
2019-12-30T16:32:22.000Z,1
2019-12-30T16:54:28.000Z,1
2019-12-30T17:17:11.000Z,1
2019-12-30T17:40:45.000Z,1
2019-12-30T19:47:10.000Z,1
2019-12-30T20:29:16.000Z,1
2019-12-30T21:08:06.000Z,1
2019-12-30T21:09:32.000Z,1
2019-12-31T00:32:01.000Z,1
2019-12-31T09:26:13.000Z,1
2019-12-31T09:26:20.000Z,1
2019-12-31T09:38:48.000Z,1
2019-12-31T10:20:42.000Z,1
2019-12-31T11:43:04.000Z,1
2019-12-31T12:13:12.000Z,1
2019-12-31T13:30:45.000Z,1
2019-12-31T19:10:16.000Z,1
2019-12-31T23:17:12.000Z,1
2019-12-23T12:30:11.000Z,1
2019-12-23T12:38:44.000Z,1
2019-12-23T16:24:54.000Z,1
2019-12-23T18:19:33.000Z,1
2019-12-24T11:13:05.000Z,1
2019-12-24T14:11:11.000Z,1
2019-12-24T17:01:43.000Z,1
2019-12-24T17:03:45.000Z,1
2019-12-25T09:54:30.000Z,1
2019-12-26T05:23:54.000Z,1
2019-12-23T16:20:11.000Z,2
2019-12-23T17:45:33.000Z,1
2019-12-23T17:51:12.000Z,1
2019-12-23T19:00:36.000Z,1
2019-12-24T06:43:32.000Z,1
2019-12-24T07:42:10.000Z,1
2019-12-24T09:40:25.000Z,1
2019-12-24T11:30:32.000Z,1
2019-12-24T13:09:33.000Z,1
2019-12-24T14:44:19.000Z,1
2019-12-24T16:08:53.000Z,1
2019-12-24T19:24:28.000Z,1
2019-12-24T22:25:00.000Z,1
2019-12-25T00:44:45.000Z,1
2019-12-25T09:07:21.000Z,1
2019-12-25T11:30:56.000Z,1
2019-12-25T13:27:06.000Z,1
2019-12-25T15:18:06.000Z,1
2019-12-25T15:28:44.000Z,1
2019-12-25T16:21:44.000Z,1
2019-12-25T16:27:48.000Z,1
2019-12-25T16:55:16.000Z,1
2019-12-25T19:07:09.000Z,1
2019-12-25T19:46:51.000Z,1
2019-12-25T20:51:15.000Z,1
2019-12-26T00:34:03.000Z,1
2019-12-26T07:35:45.000Z,1
2019-12-26T08:47:48.000Z,1
2019-12-26T09:05:11.000Z,1
2019-12-26T09:26:25.000Z,1
2019-12-26T11:29:32.000Z,1
2019-12-26T11:38:42.000Z,1
2019-12-26T12:24:40.000Z,1
2019-12-26T12:31:31.000Z,1
2019-12-26T12:36:16.000Z,1
2019-12-26T12:54:38.000Z,1
2019-12-26T13:49:55.000Z,1
2019-12-26T14:03:53.000Z,1
2019-12-26T14:16:12.000Z,1
2019-12-26T14:31:58.000Z,1
2019-12-26T15:22:51.000Z,1
2019-12-26T15:41:03.000Z,1
2019-12-26T15:58:31.000Z,1
2019-12-26T15:59:14.000Z,1
2019-12-26T16:41:21.000Z,1
2019-12-26T17:05:44.000Z,2
2019-12-26T17:51:54.000Z,1
2019-12-26T18:11:53.000Z,1
2019-12-26T19:37:58.000Z,1
2019-12-26T20:22:41.000Z,1
2019-12-26T20:27:00.000Z,1
2019-12-26T22:28:33.000Z,1
2019-12-27T02:58:17.000Z,1
2019-12-27T06:38:10.000Z,1
2019-12-27T07:42:54.000Z,1
2019-12-27T08:24:41.000Z,1
2019-12-27T08:32:19.000Z,1
2019-12-27T08:37:11.000Z,1
2019-12-27T08:43:27.000Z,1
2019-12-27T09:26:37.000Z,1
2019-12-27T10:09:13.000Z,1
2019-12-27T11:23:03.000Z,1
2019-12-27T11:38:51.000Z,1
2019-12-27T11:43:38.000Z,1
2019-12-27T12:09:24.000Z,1
2019-12-27T13:43:18.000Z,1
2019-12-27T13:43:47.000Z,1
2019-12-27T13:56:58.000Z,1
2019-12-27T14:02:24.000Z,1
2019-12-27T14:37:21.000Z,1
2019-12-27T14:50:10.000Z,1
2019-12-27T15:37:47.000Z,1
2019-12-27T15:49:30.000Z,1
2019-12-27T16:45:23.000Z,1
2019-12-27T17:18:03.000Z,1
2019-12-27T17:27:33.000Z,1
2019-12-27T17:41:25.000Z,1
2019-12-27T17:52:29.000Z,1
2019-12-27T21:06:40.000Z,1
2019-12-27T22:04:27.000Z,1
2019-12-28T00:58:32.000Z,1
2019-12-28T06:15:19.000Z,1
2019-12-28T09:16:46.000Z,1
2019-12-28T11:00:45.000Z,1
2019-12-28T12:24:27.000Z,1
2019-12-28T13:24:20.000Z,1
2019-12-28T14:20:46.000Z,1
2019-12-28T14:42:29.000Z,1
2019-12-28T15:00:15.000Z,1
2019-12-28T15:40:29.000Z,1
2019-12-28T16:47:20.000Z,1
2019-12-28T17:54:09.000Z,1
2019-12-28T19:07:23.000Z,1
2019-12-28T19:33:14.000Z,1
2019-12-29T09:51:59.000Z,1
2019-12-29T10:29:32.000Z,1
2019-12-29T11:56:04.000Z,1
2019-12-29T13:01:15.000Z,1
2019-12-29T13:36:03.000Z,1
2019-12-29T13:40:16.000Z,1
2019-12-29T13:43:41.000Z,1
2019-12-29T14:22:05.000Z,1
2019-12-29T15:02:48.000Z,1
2019-12-29T15:47:02.000Z,1
2019-12-29T16:00:45.000Z,1
2019-12-29T16:44:26.000Z,1
2019-12-29T17:26:12.000Z,1
2019-12-29T17:34:24.000Z,1
2019-12-29T17:43:56.000Z,1
2019-12-29T18:23:47.000Z,1
2019-12-29T18:28:43.000Z,1
2019-12-29T18:57:15.000Z,1
2019-12-30T01:04:14.000Z,1
2019-12-30T08:21:14.000Z,1
2019-12-30T08:39:21.000Z,1
2019-12-30T09:04:20.000Z,1
2019-12-30T09:45:52.000Z,1
2019-12-30T12:30:09.000Z,1
2019-12-30T13:59:28.000Z,1
2019-12-30T14:05:51.000Z,1
2019-12-30T15:00:09.000Z,1
2019-12-30T15:13:43.000Z,1
2019-12-30T15:58:15.000Z,1
2019-12-30T18:09:10.000Z,1
2019-12-30T18:35:01.000Z,1
2019-12-30T19:57:07.000Z,1
2019-12-30T20:26:45.000Z,1
2019-12-31T08:37:21.000Z,1
2019-12-31T09:15:50.000Z,1
2019-12-31T11:53:17.000Z,1
2019-12-31T12:47:01.000Z,1
2019-12-31T13:51:51.000Z,1
2019-12-31T14:54:10.000Z,1
2019-12-31T16:07:01.000Z,1
2019-12-31T16:26:00.000Z,1
2019-12-31T16:37:45.000Z,1
2019-12-31T17:10:23.000Z,2
2019-12-23T12:48:46.000Z,1
2019-12-23T12:51:31.000Z,1
2019-12-23T13:52:52.000Z,1
2019-12-23T13:55:58.000Z,1
2019-12-23T14:14:42.000Z,1
2019-12-23T14:26:19.000Z,3
2019-12-23T14:49:33.000Z,1
2019-12-23T14:56:07.000Z,1
2019-12-23T15:12:11.000Z,1
2019-12-23T15:27:08.000Z,1
2019-12-23T15:35:05.000Z,1
2019-12-23T15:39:57.000Z,1
2019-12-23T15:50:19.000Z,1
2019-12-23T16:02:06.000Z,2
2019-12-23T16:05:11.000Z,1
2019-12-23T16:08:20.000Z,1
2019-12-23T16:08:51.000Z,2
2019-12-23T16:21:43.000Z,2
2019-12-23T16:55:37.000Z,1
2019-12-23T18:20:54.000Z,1
2019-12-23T18:37:21.000Z,1
2019-12-23T19:52:54.000Z,1
2019-12-24T07:25:04.000Z,2
2019-12-24T08:04:56.000Z,1
2019-12-24T12:20:54.000Z,1
2019-12-24T13:11:55.000Z,1
2019-12-24T14:05:35.000Z,1
2019-12-24T14:42:08.000Z,1
2019-12-24T18:18:20.000Z,1
2019-12-24T22:30:37.000Z,1
2019-12-26T07:55:44.000Z,1
2019-12-26T20:38:03.000Z,1
2019-12-23T18:41:48.000Z,1
2019-12-23T19:09:55.000Z,1
2019-12-23T21:13:25.000Z,1
2019-12-24T00:17:14.000Z,1
2019-12-24T04:10:45.000Z,1
2019-12-24T06:21:36.000Z,2
2019-12-24T08:03:35.000Z,1
2019-12-24T09:55:40.000Z,1
2019-12-24T11:21:24.000Z,1
2019-12-24T11:22:22.000Z,1
2019-12-24T12:08:31.000Z,1
2019-12-24T12:21:26.000Z,1
2019-12-24T12:50:34.000Z,1
2019-12-24T14:01:50.000Z,1
2019-12-24T14:14:20.000Z,1
2019-12-24T15:35:36.000Z,1
2019-12-24T16:14:54.000Z,1
2019-12-24T19:17:12.000Z,1
2019-12-24T19:51:57.000Z,1
2019-12-24T20:18:19.000Z,1
2019-12-24T23:17:04.000Z,1
2019-12-25T10:03:59.000Z,1
2019-12-25T13:26:16.000Z,1
2019-12-25T13:33:53.000Z,1
2019-12-25T14:41:11.000Z,1
2019-12-25T15:56:33.000Z,1
2019-12-25T16:06:41.000Z,1
2019-12-25T16:25:53.000Z,1
2019-12-25T20:33:53.000Z,1
2019-12-25T20:47:18.000Z,1
2019-12-26T07:35:01.000Z,1
2019-12-26T07:58:51.000Z,1
2019-12-26T09:26:01.000Z,1
2019-12-26T11:39:20.000Z,1
2019-12-26T12:08:21.000Z,1
2019-12-26T12:36:36.000Z,1
2019-12-26T13:25:32.000Z,2
2019-12-26T13:57:15.000Z,1
2019-12-26T14:00:50.000Z,1
2019-12-26T14:10:19.000Z,1
2019-12-26T14:53:48.000Z,1
2019-12-26T14:58:13.000Z,1
2019-12-26T15:49:40.000Z,1
2019-12-26T15:53:23.000Z,1
2019-12-26T16:02:24.000Z,2
2019-12-26T16:47:40.000Z,1
2019-12-26T17:19:49.000Z,1
2019-12-26T17:31:53.000Z,1
2019-12-26T17:34:33.000Z,1
2019-12-26T17:56:04.000Z,1
2019-12-26T18:29:22.000Z,1
2019-12-26T21:59:43.000Z,1
2019-12-26T22:06:07.000Z,1
2019-12-27T03:54:26.000Z,1
2019-12-27T06:36:17.000Z,1
2019-12-27T07:08:19.000Z,1
2019-12-27T07:43:26.000Z,1
2019-12-27T07:54:56.000Z,2
2019-12-27T10:33:09.000Z,1
2019-12-27T10:33:19.000Z,1
2019-12-27T11:51:25.000Z,1
2019-12-27T12:04:48.000Z,1
2019-12-27T12:30:22.000Z,1
2019-12-27T13:18:30.000Z,1
2019-12-27T13:25:03.000Z,1
2019-12-27T13:51:02.000Z,1
2019-12-27T15:33:17.000Z,1
2019-12-27T15:43:57.000Z,1
2019-12-27T16:51:43.000Z,1
2019-12-27T17:21:44.000Z,1
2019-12-27T17:45:38.000Z,1
2019-12-27T17:48:11.000Z,1
2019-12-27T19:07:39.000Z,1
2019-12-27T19:10:56.000Z,1
2019-12-27T23:48:09.000Z,1
2019-12-28T00:00:51.000Z,1
2019-12-28T09:26:36.000Z,1
2019-12-28T09:50:45.000Z,1
2019-12-28T11:04:37.000Z,1
2019-12-28T11:07:53.000Z,1
2019-12-28T12:44:30.000Z,1
2019-12-28T15:57:57.000Z,1
2019-12-28T16:00:34.000Z,1
2019-12-28T16:10:29.000Z,1
2019-12-28T16:27:48.000Z,1
2019-12-28T17:28:22.000Z,1
2019-12-28T17:37:47.000Z,1
2019-12-28T17:44:00.000Z,2
2019-12-28T19:28:33.000Z,1
2019-12-28T20:27:31.000Z,1
2019-12-28T23:07:20.000Z,1
2019-12-29T10:59:04.000Z,2
2019-12-29T11:02:00.000Z,1
2019-12-29T11:39:06.000Z,1
2019-12-29T12:24:50.000Z,1
2019-12-29T13:27:01.000Z,1
2019-12-29T13:29:16.000Z,1
2019-12-29T13:31:44.000Z,1
2019-12-29T13:55:27.000Z,1
2019-12-29T14:05:00.000Z,2
2019-12-29T15:45:13.000Z,1
2019-12-29T15:45:26.000Z,1
2019-12-29T16:43:17.000Z,1
2019-12-29T17:03:26.000Z,1
2019-12-29T17:07:56.000Z,1
2019-12-29T18:04:07.000Z,1
2019-12-29T18:25:02.000Z,1
2019-12-29T18:36:24.000Z,1
2019-12-29T19:01:45.000Z,2
2019-12-29T19:10:06.000Z,1
2019-12-29T20:16:56.000Z,1
2019-12-30T09:19:49.000Z,1
2019-12-30T09:37:15.000Z,1
2019-12-30T12:20:43.000Z,1
2019-12-30T12:37:32.000Z,1
2019-12-30T13:09:51.000Z,1
2019-12-30T13:22:08.000Z,1
2019-12-30T15:45:59.000Z,1
2019-12-30T15:49:17.000Z,1
2019-12-30T15:56:29.000Z,1
2019-12-30T15:58:46.000Z,1
2019-12-30T16:49:08.000Z,1
2019-12-30T20:16:19.000Z,1
2019-12-31T06:54:05.000Z,1
2019-12-31T07:57:06.000Z,1
2019-12-31T10:12:42.000Z,1
2019-12-31T13:32:45.000Z,1
2019-12-31T15:53:43.000Z,1
2019-12-31T16:38:51.000Z,1
2019-12-31T19:32:12.000Z,1
2019-12-23T12:48:03.000Z,1
2019-12-23T13:11:36.000Z,2
2019-12-23T13:18:48.000Z,1
2019-12-23T13:46:20.000Z,1
2019-12-23T14:28:29.000Z,1
2019-12-23T14:41:45.000Z,2
2019-12-23T15:07:26.000Z,1
2019-12-23T16:13:18.000Z,1
2019-12-23T16:21:42.000Z,1
2019-12-23T16:22:57.000Z,3
2019-12-23T17:10:07.000Z,1
2019-12-23T17:21:29.000Z,2
2019-12-23T18:02:48.000Z,1
2019-12-23T21:23:44.000Z,1
2019-12-24T11:25:49.000Z,1
2019-12-24T14:04:01.000Z,1
2019-12-25T07:23:18.000Z,1
2019-12-23T18:46:45.000Z,1
2019-12-23T19:10:11.000Z,1
2019-12-23T19:20:02.000Z,1
2019-12-24T08:06:23.000Z,1
2019-12-24T10:09:05.000Z,1
2019-12-24T10:44:39.000Z,1
2019-12-24T12:15:04.000Z,1
2019-12-24T13:20:15.000Z,1
2019-12-24T13:36:36.000Z,1
2019-12-24T13:53:48.000Z,1
2019-12-24T20:02:17.000Z,1
2019-12-24T22:08:41.000Z,1
2019-12-25T08:02:03.000Z,1
2019-12-25T08:18:15.000Z,1
2019-12-25T08:36:22.000Z,1
2019-12-25T11:41:40.000Z,1
2019-12-25T12:23:18.000Z,1
2019-12-25T12:49:08.000Z,1
2019-12-25T13:09:02.000Z,1
2019-12-25T14:49:43.000Z,1
2019-12-25T15:37:21.000Z,1
2019-12-25T15:48:54.000Z,1
2019-12-25T16:49:56.000Z,1
2019-12-25T17:13:10.000Z,1
2019-12-26T07:50:36.000Z,1
2019-12-26T08:32:55.000Z,1
2019-12-26T08:49:05.000Z,1
2019-12-26T13:25:48.000Z,1
2019-12-26T14:04:30.000Z,1
2019-12-26T14:04:44.000Z,1
2019-12-26T14:13:24.000Z,1
2019-12-26T14:18:33.000Z,1
2019-12-26T14:28:12.000Z,1
2019-12-26T14:44:08.000Z,1
2019-12-26T15:00:48.000Z,1
2019-12-26T15:30:29.000Z,1
2019-12-26T15:32:27.000Z,1
2019-12-26T15:57:33.000Z,1
2019-12-26T17:18:11.000Z,1
2019-12-26T18:32:46.000Z,1
2019-12-26T20:19:01.000Z,1
2019-12-26T20:22:04.000Z,1
2019-12-27T00:40:48.000Z,1
2019-12-27T06:10:19.000Z,1
2019-12-27T07:20:59.000Z,1
2019-12-27T08:06:06.000Z,1
2019-12-27T08:18:49.000Z,1
2019-12-27T08:43:36.000Z,1
2019-12-27T10:04:36.000Z,1
2019-12-27T10:04:53.000Z,1
2019-12-27T10:12:21.000Z,1
2019-12-27T10:13:39.000Z,1
2019-12-27T12:42:42.000Z,1
2019-12-27T13:53:44.000Z,1
2019-12-27T14:28:52.000Z,1
2019-12-27T15:44:56.000Z,1
2019-12-27T15:47:53.000Z,1
2019-12-27T16:14:19.000Z,1
2019-12-27T16:18:25.000Z,1
2019-12-27T16:34:44.000Z,1
2019-12-27T17:05:46.000Z,1
2019-12-27T17:36:36.000Z,1
2019-12-27T17:41:21.000Z,1
2019-12-27T18:22:38.000Z,1
2019-12-27T18:28:09.000Z,1
2019-12-27T20:29:07.000Z,1
2019-12-27T21:08:26.000Z,1
2019-12-27T22:52:02.000Z,1
2019-12-27T23:34:10.000Z,1
2019-12-28T07:18:42.000Z,1
2019-12-28T07:42:58.000Z,1
2019-12-28T09:19:35.000Z,1
2019-12-28T10:00:49.000Z,1
2019-12-28T10:37:24.000Z,1
2019-12-28T10:45:14.000Z,1
2019-12-28T11:54:34.000Z,1
2019-12-28T12:22:17.000Z,1
2019-12-28T15:36:34.000Z,1
2019-12-28T15:50:53.000Z,1
2019-12-28T16:28:55.000Z,1
2019-12-28T16:52:22.000Z,1
2019-12-28T20:12:36.000Z,1
2019-12-28T21:33:49.000Z,1
2019-12-29T00:35:07.000Z,1
2019-12-29T07:46:17.000Z,1
2019-12-29T09:34:35.000Z,1
2019-12-29T11:13:33.000Z,1
2019-12-29T11:41:11.000Z,1
2019-12-29T12:49:51.000Z,1
2019-12-29T14:13:57.000Z,1
2019-12-29T14:21:26.000Z,1
2019-12-29T15:02:41.000Z,3
2019-12-29T15:29:17.000Z,1
2019-12-29T15:49:52.000Z,1
2019-12-29T16:16:02.000Z,1
2019-12-29T16:28:32.000Z,1
2019-12-29T16:32:55.000Z,1
2019-12-29T17:48:44.000Z,1
2019-12-29T19:22:12.000Z,1
2019-12-29T20:24:50.000Z,1
2019-12-30T07:11:13.000Z,1
2019-12-30T07:44:30.000Z,1
2019-12-30T09:34:43.000Z,1
2019-12-30T09:42:40.000Z,1
2019-12-30T13:47:19.000Z,1
2019-12-30T13:58:10.000Z,1
2019-12-30T14:44:57.000Z,1
2019-12-30T14:49:30.000Z,1
2019-12-30T16:43:22.000Z,1
2019-12-30T17:11:10.000Z,1
2019-12-30T17:37:39.000Z,1
2019-12-30T18:15:57.000Z,1
2019-12-30T18:22:38.000Z,1
2019-12-30T18:37:02.000Z,1
2019-12-30T19:01:31.000Z,1
2019-12-30T22:49:29.000Z,1
2019-12-31T08:13:35.000Z,1
2019-12-31T11:44:59.000Z,1
2019-12-31T11:52:03.000Z,1
2019-12-31T11:56:49.000Z,1
2019-12-31T13:48:31.000Z,1
2019-12-31T15:02:32.000Z,1
2019-12-31T16:20:12.000Z,1
2019-12-31T17:01:04.000Z,1
2019-12-31T17:50:09.000Z,1
2019-12-23T12:39:57.000Z,1
2019-12-23T12:58:08.000Z,1
2019-12-23T13:38:40.000Z,1
2019-12-23T13:42:07.000Z,1
2019-12-23T15:03:50.000Z,1
2019-12-23T15:31:39.000Z,1
2019-12-23T16:05:18.000Z,1
2019-12-23T16:29:31.000Z,1
2019-12-23T16:58:31.000Z,1
2019-12-23T18:16:24.000Z,1
2019-12-23T18:43:33.000Z,1
2019-12-23T19:02:57.000Z,1
2019-12-23T20:17:19.000Z,2
2019-12-24T08:28:53.000Z,1
2019-12-24T09:04:49.000Z,1
2019-12-24T12:33:02.000Z,1
2019-12-24T17:31:42.000Z,1
2019-12-24T17:46:25.000Z,1
2019-12-25T08:25:32.000Z,1
2019-12-25T11:29:09.000Z,1
2019-12-25T14:46:22.000Z,1
2019-12-25T15:03:16.000Z,2
2019-12-25T15:18:53.000Z,1
2019-12-26T09:36:05.000Z,1
2019-12-23T17:06:51.000Z,1
2019-12-23T17:17:42.000Z,1
2019-12-23T17:50:56.000Z,1
2019-12-23T19:01:43.000Z,1
2019-12-23T19:11:19.000Z,1
2019-12-23T23:10:24.000Z,1
2019-12-24T07:00:24.000Z,1
2019-12-24T07:51:30.000Z,1
2019-12-24T12:23:33.000Z,1
2019-12-24T12:24:38.000Z,1
2019-12-24T13:09:09.000Z,1
2019-12-24T13:26:33.000Z,1
2019-12-24T14:22:16.000Z,1
2019-12-24T14:24:59.000Z,1
2019-12-24T14:31:25.000Z,2
2019-12-24T15:29:29.000Z,1
2019-12-24T15:48:11.000Z,1
2019-12-24T16:56:56.000Z,1
2019-12-25T05:28:08.000Z,1
2019-12-25T13:56:19.000Z,1
2019-12-25T14:41:25.000Z,1
2019-12-25T14:46:08.000Z,1
2019-12-25T16:58:11.000Z,1
2019-12-25T17:14:37.000Z,1
2019-12-26T07:12:14.000Z,1
2019-12-26T07:40:55.000Z,2
2019-12-26T08:14:56.000Z,2
2019-12-26T08:20:27.000Z,1
2019-12-26T08:42:00.000Z,1
2019-12-26T10:42:37.000Z,1
2019-12-26T11:04:20.000Z,3
2019-12-26T12:01:07.000Z,1
2019-12-26T12:03:23.000Z,2
2019-12-26T12:54:35.000Z,1
2019-12-26T13:36:43.000Z,2
2019-12-26T13:58:37.000Z,1
2019-12-26T13:58:42.000Z,1
2019-12-26T14:02:55.000Z,1
2019-12-26T14:11:09.000Z,1
2019-12-26T14:59:40.000Z,1
2019-12-26T15:13:27.000Z,1
2019-12-26T15:29:41.000Z,1
2019-12-26T16:27:34.000Z,1
2019-12-26T16:43:56.000Z,1
2019-12-26T16:52:33.000Z,1
2019-12-26T17:02:27.000Z,1
2019-12-26T17:07:57.000Z,1
2019-12-26T17:27:18.000Z,1
2019-12-26T18:22:37.000Z,1
2019-12-26T19:58:30.000Z,1
2019-12-26T20:26:14.000Z,1
2019-12-26T21:27:00.000Z,1
2019-12-26T22:16:53.000Z,1
2019-12-27T07:19:17.000Z,1
2019-12-27T08:11:01.000Z,1
2019-12-27T09:14:08.000Z,1
2019-12-27T09:25:29.000Z,1
2019-12-27T09:27:21.000Z,1
2019-12-27T11:03:07.000Z,1
2019-12-27T11:23:54.000Z,1
2019-12-27T11:28:11.000Z,1
2019-12-27T11:50:46.000Z,1
2019-12-27T11:52:49.000Z,1
2019-12-27T12:47:16.000Z,1
2019-12-27T13:57:05.000Z,1
2019-12-27T14:49:32.000Z,1
2019-12-27T15:05:01.000Z,1
2019-12-27T15:14:03.000Z,1
2019-12-27T15:53:07.000Z,1
2019-12-27T15:56:43.000Z,1
2019-12-27T16:19:46.000Z,1
2019-12-27T16:48:31.000Z,1
2019-12-27T17:47:20.000Z,1
2019-12-28T10:58:29.000Z,1
2019-12-28T11:15:33.000Z,1
2019-12-28T12:37:54.000Z,1
2019-12-28T13:08:09.000Z,1
2019-12-28T13:24:19.000Z,2
2019-12-28T13:46:04.000Z,1
2019-12-28T14:12:36.000Z,1
2019-12-28T14:26:04.000Z,1
2019-12-28T14:38:22.000Z,1
2019-12-28T15:00:10.000Z,1
2019-12-28T16:03:34.000Z,1
2019-12-28T17:08:23.000Z,1
2019-12-28T18:01:01.000Z,1
2019-12-28T19:40:18.000Z,1
2019-12-29T10:46:34.000Z,1
2019-12-29T11:28:00.000Z,1
2019-12-29T13:11:06.000Z,1
2019-12-29T13:34:34.000Z,1
2019-12-29T15:40:51.000Z,1
2019-12-29T15:55:24.000Z,1
2019-12-29T16:01:19.000Z,1
2019-12-29T16:06:58.000Z,1
2019-12-29T16:39:52.000Z,1
2019-12-29T17:07:45.000Z,1
2019-12-29T17:22:31.000Z,1
2019-12-29T17:30:50.000Z,1
2019-12-29T20:45:49.000Z,1
2019-12-29T21:50:24.000Z,1
2019-12-30T06:13:45.000Z,1
2019-12-30T07:03:20.000Z,1
2019-12-30T08:05:06.000Z,1
2019-12-30T08:28:29.000Z,1
2019-12-30T09:56:49.000Z,1
2019-12-30T10:04:09.000Z,1
2019-12-30T11:13:13.000Z,1
2019-12-30T12:00:51.000Z,1
2019-12-30T13:21:40.000Z,1
2019-12-30T14:11:07.000Z,1
2019-12-30T15:44:00.000Z,1
2019-12-30T16:05:58.000Z,1
2019-12-30T16:12:52.000Z,1
2019-12-30T16:14:45.000Z,1
2019-12-30T16:23:07.000Z,1
2019-12-30T16:38:32.000Z,1
2019-12-30T17:00:53.000Z,1
2019-12-30T17:26:31.000Z,1
2019-12-30T18:13:12.000Z,1
2019-12-30T21:21:51.000Z,1
2019-12-30T22:26:58.000Z,1
2019-12-31T11:51:24.000Z,1
2019-12-31T12:32:03.000Z,1
2019-12-31T12:49:43.000Z,1
2019-12-31T14:01:36.000Z,1
2019-12-31T15:27:06.000Z,1
2019-12-31T15:44:27.000Z,1
2019-12-31T16:40:45.000Z,1
2019-12-31T18:11:09.000Z,1
2019-12-31T18:24:00.000Z,2
2019-12-31T18:50:36.000Z,1
2019-12-23T12:29:06.000Z,1
2019-12-23T13:05:44.000Z,1
2019-12-23T14:47:12.000Z,1
2019-12-23T14:47:40.000Z,1
2019-12-23T15:36:41.000Z,1
2019-12-23T15:50:10.000Z,1
2019-12-23T16:48:24.000Z,1
2019-12-23T16:49:52.000Z,1
2019-12-23T16:58:02.000Z,1
2019-12-23T17:02:00.000Z,1
2019-12-23T17:02:18.000Z,1
2019-12-23T17:43:06.000Z,2
2019-12-23T18:00:38.000Z,1
2019-12-23T18:19:34.000Z,1
2019-12-24T11:33:53.000Z,1
2019-12-24T12:15:12.000Z,1
2019-12-24T13:37:09.000Z,1
2019-12-24T13:54:26.000Z,1
2019-12-24T18:22:39.000Z,1
2019-12-26T09:27:51.000Z,1
2019-12-26T16:04:32.000Z,1
2019-12-23T18:05:07.000Z,1
2019-12-24T07:41:33.000Z,1
2019-12-24T07:56:25.000Z,1
2019-12-24T08:57:51.000Z,1
2019-12-24T09:10:20.000Z,1
2019-12-24T11:16:43.000Z,1
2019-12-24T11:31:22.000Z,1
2019-12-24T13:03:17.000Z,1
2019-12-24T13:16:42.000Z,1
2019-12-24T13:56:21.000Z,1
2019-12-24T14:26:24.000Z,1
2019-12-24T15:13:21.000Z,1
2019-12-24T16:43:10.000Z,1
2019-12-24T17:10:07.000Z,1
2019-12-24T18:25:49.000Z,1
2019-12-25T11:59:37.000Z,2
2019-12-25T13:11:22.000Z,1
2019-12-25T13:11:45.000Z,2
2019-12-25T13:38:33.000Z,1
2019-12-25T14:10:55.000Z,1
2019-12-25T14:38:18.000Z,1
2019-12-25T17:13:30.000Z,1
2019-12-25T18:04:55.000Z,1
2019-12-26T01:30:50.000Z,1
2019-12-26T06:55:41.000Z,1
2019-12-26T08:08:08.000Z,1
2019-12-26T09:07:54.000Z,1
2019-12-26T10:46:40.000Z,1
2019-12-26T11:40:54.000Z,1
2019-12-26T12:16:31.000Z,1
2019-12-26T12:31:33.000Z,1
2019-12-26T13:06:24.000Z,1
2019-12-26T13:06:42.000Z,1
2019-12-26T13:24:28.000Z,1
2019-12-26T14:24:16.000Z,1
2019-12-26T15:07:53.000Z,1
2019-12-26T15:50:31.000Z,1
2019-12-26T16:00:28.000Z,1
2019-12-26T16:13:07.000Z,1
2019-12-26T16:51:51.000Z,1
2019-12-26T16:52:39.000Z,1
2019-12-26T17:46:04.000Z,1
2019-12-26T18:01:49.000Z,1
2019-12-26T19:40:10.000Z,1
2019-12-26T19:40:37.000Z,1
2019-12-26T20:48:31.000Z,1
2019-12-27T05:42:36.000Z,1
2019-12-27T06:23:38.000Z,1
2019-12-27T08:08:19.000Z,1
2019-12-27T10:41:20.000Z,1
2019-12-27T11:26:08.000Z,1
2019-12-27T11:42:25.000Z,1
2019-12-27T13:16:47.000Z,1
2019-12-27T13:18:57.000Z,1
2019-12-27T13:29:12.000Z,1
2019-12-27T14:10:58.000Z,1
2019-12-27T14:19:13.000Z,1
2019-12-27T14:35:04.000Z,1
2019-12-27T15:19:33.000Z,1
2019-12-27T15:44:01.000Z,1
2019-12-27T15:44:27.000Z,1
2019-12-27T16:02:02.000Z,1
2019-12-27T18:49:18.000Z,1
2019-12-27T19:26:21.000Z,1
2019-12-27T20:30:28.000Z,1
2019-12-28T03:16:26.000Z,1
2019-12-28T10:56:19.000Z,1
2019-12-28T10:57:08.000Z,1
2019-12-28T11:52:45.000Z,1
2019-12-28T13:58:30.000Z,1
2019-12-28T14:45:31.000Z,1
2019-12-28T15:03:11.000Z,1
2019-12-28T16:21:41.000Z,1
2019-12-28T16:34:23.000Z,1
2019-12-28T19:55:32.000Z,1
2019-12-29T03:30:39.000Z,1
2019-12-29T08:26:16.000Z,1
2019-12-29T08:52:53.000Z,1
2019-12-29T10:26:18.000Z,1
2019-12-29T10:31:11.000Z,2
2019-12-29T10:44:24.000Z,1
2019-12-29T11:02:54.000Z,1
2019-12-29T11:50:33.000Z,2
2019-12-29T12:55:19.000Z,1
2019-12-29T14:10:41.000Z,1
2019-12-29T15:20:38.000Z,2
2019-12-29T15:43:06.000Z,1
2019-12-29T15:52:38.000Z,1
2019-12-29T16:25:36.000Z,1
2019-12-29T16:50:41.000Z,2
2019-12-29T17:47:45.000Z,1
2019-12-29T18:40:51.000Z,1
2019-12-30T00:02:23.000Z,1
2019-12-30T05:26:20.000Z,1
2019-12-30T06:08:22.000Z,1
2019-12-30T06:19:38.000Z,1
2019-12-30T07:14:37.000Z,1
2019-12-30T08:57:03.000Z,1
2019-12-30T09:52:27.000Z,1
2019-12-30T11:59:36.000Z,1
2019-12-30T12:55:39.000Z,1
2019-12-30T14:18:25.000Z,1
2019-12-30T15:18:44.000Z,1
2019-12-30T15:40:36.000Z,2
2019-12-30T16:31:44.000Z,1
2019-12-30T16:48:58.000Z,1
2019-12-30T16:50:18.000Z,1
2019-12-30T17:25:05.000Z,1
2019-12-30T17:55:55.000Z,1
2019-12-30T18:01:10.000Z,1
2019-12-30T18:12:09.000Z,1
2019-12-30T21:24:00.000Z,1
2019-12-31T07:02:13.000Z,1
2019-12-31T11:12:40.000Z,1
2019-12-31T11:26:47.000Z,1
2019-12-31T11:39:44.000Z,1
2019-12-31T15:07:24.000Z,1
2019-12-31T15:34:28.000Z,1
2019-12-31T15:58:21.000Z,1
2019-12-31T22:00:40.000Z,1
2019-12-23T12:33:52.000Z,1
2019-12-23T12:38:26.000Z,1
2019-12-23T13:30:24.000Z,1
2019-12-23T14:06:09.000Z,1
2019-12-23T14:20:19.000Z,1
2019-12-23T14:40:19.000Z,1
2019-12-23T14:50:43.000Z,1
2019-12-23T15:33:24.000Z,1
2019-12-23T15:54:16.000Z,1
2019-12-23T16:08:07.000Z,1
2019-12-23T16:18:34.000Z,1
2019-12-23T16:24:37.000Z,1
2019-12-23T16:53:06.000Z,2
2019-12-23T16:56:08.000Z,1
2019-12-23T17:33:21.000Z,1
2019-12-23T17:43:16.000Z,1
2019-12-23T17:43:41.000Z,1
2019-12-23T18:05:54.000Z,1
2019-12-23T20:39:49.000Z,1
2019-12-24T06:53:47.000Z,1
2019-12-24T11:27:37.000Z,1
2019-12-24T12:01:29.000Z,1
2019-12-24T12:18:53.000Z,1
2019-12-24T14:23:10.000Z,1
2019-12-24T15:16:23.000Z,1
2019-12-26T12:16:02.000Z,1
2019-12-27T15:40:26.000Z,1
2019-12-23T16:01:11.000Z,1
2019-12-23T17:30:17.000Z,1
2019-12-23T17:46:23.000Z,1
2019-12-23T18:40:49.000Z,1
2019-12-23T20:35:46.000Z,1
2019-12-24T06:55:15.000Z,1
2019-12-24T08:35:19.000Z,1
2019-12-24T11:59:25.000Z,1
2019-12-24T12:58:35.000Z,1
2019-12-24T13:07:48.000Z,1
2019-12-24T13:19:59.000Z,1
2019-12-24T14:43:46.000Z,1
2019-12-24T14:50:54.000Z,1
2019-12-24T16:20:26.000Z,1
2019-12-24T17:38:02.000Z,1
2019-12-24T22:01:03.000Z,1
2019-12-24T23:38:14.000Z,1
2019-12-25T12:58:28.000Z,1
2019-12-25T13:13:17.000Z,1
2019-12-25T13:32:28.000Z,1
2019-12-25T15:26:13.000Z,1
2019-12-25T16:36:27.000Z,1
2019-12-25T17:25:37.000Z,1
2019-12-25T20:41:34.000Z,1
2019-12-25T23:20:24.000Z,1
2019-12-26T09:06:29.000Z,1
2019-12-26T09:17:52.000Z,1
2019-12-26T09:31:58.000Z,1
2019-12-26T10:42:01.000Z,1
2019-12-26T11:13:31.000Z,1
2019-12-26T11:25:35.000Z,1
2019-12-26T11:28:29.000Z,1
2019-12-26T11:41:48.000Z,1
2019-12-26T11:54:12.000Z,1
2019-12-26T12:35:59.000Z,1
2019-12-26T13:00:09.000Z,1
2019-12-26T13:17:13.000Z,1
2019-12-26T13:21:59.000Z,1
2019-12-26T13:36:55.000Z,1
2019-12-26T13:39:08.000Z,1
2019-12-26T13:54:23.000Z,1
2019-12-26T14:27:59.000Z,1
2019-12-26T15:08:09.000Z,1
2019-12-26T16:33:51.000Z,1
2019-12-26T16:39:40.000Z,2
2019-12-26T16:54:30.000Z,1
2019-12-26T17:02:09.000Z,1
2019-12-26T17:03:35.000Z,1
2019-12-26T17:18:35.000Z,1
2019-12-26T17:19:53.000Z,1
2019-12-26T17:25:47.000Z,1
2019-12-26T17:33:33.000Z,1
2019-12-26T17:41:34.000Z,1
2019-12-26T17:47:33.000Z,1
2019-12-26T17:53:18.000Z,1
2019-12-26T21:59:42.000Z,1
2019-12-26T22:37:23.000Z,1
2019-12-26T23:13:49.000Z,1
2019-12-26T23:34:53.000Z,1
2019-12-27T06:44:54.000Z,1
2019-12-27T07:10:40.000Z,1
2019-12-27T08:10:52.000Z,1
2019-12-27T09:15:37.000Z,1
2019-12-27T10:44:48.000Z,1
2019-12-27T11:06:40.000Z,1
2019-12-27T12:22:33.000Z,1
2019-12-27T12:52:53.000Z,1
2019-12-27T13:18:15.000Z,1
2019-12-27T13:38:21.000Z,1
2019-12-27T13:43:14.000Z,1
2019-12-27T15:07:51.000Z,1
2019-12-27T16:17:35.000Z,1
2019-12-27T16:19:26.000Z,1
2019-12-27T16:36:00.000Z,1
2019-12-27T16:57:46.000Z,1
2019-12-27T17:06:41.000Z,1
2019-12-27T20:46:15.000Z,1
2019-12-27T20:55:06.000Z,1
2019-12-27T22:42:27.000Z,1
2019-12-28T08:00:16.000Z,1
2019-12-28T10:09:06.000Z,1
2019-12-28T10:41:20.000Z,1
2019-12-28T12:44:16.000Z,1
2019-12-28T12:45:48.000Z,1
2019-12-28T12:57:57.000Z,1
2019-12-28T13:12:16.000Z,1
2019-12-28T13:13:30.000Z,1
2019-12-28T15:34:58.000Z,1
2019-12-28T16:07:18.000Z,1
2019-12-28T19:48:50.000Z,1
2019-12-29T09:24:58.000Z,1
2019-12-29T09:39:14.000Z,1
2019-12-29T09:52:01.000Z,1
2019-12-29T11:02:44.000Z,1
2019-12-29T11:45:57.000Z,2
2019-12-29T11:48:50.000Z,1
2019-12-29T12:23:52.000Z,1
2019-12-29T12:38:53.000Z,1
2019-12-29T13:51:06.000Z,1
2019-12-29T14:38:02.000Z,2
2019-12-29T14:48:07.000Z,1
2019-12-29T16:18:44.000Z,1
2019-12-29T16:24:00.000Z,1
2019-12-29T16:25:56.000Z,1
2019-12-29T17:18:15.000Z,1
2019-12-29T18:52:41.000Z,1
2019-12-29T19:21:21.000Z,1
2019-12-30T07:51:50.000Z,1
2019-12-30T08:12:01.000Z,1
2019-12-30T08:18:01.000Z,1
2019-12-30T09:10:07.000Z,1
2019-12-30T09:17:27.000Z,1
2019-12-30T09:33:37.000Z,1
2019-12-30T13:00:03.000Z,1
2019-12-30T13:57:38.000Z,1
2019-12-30T15:03:46.000Z,1
2019-12-30T15:32:43.000Z,1
2019-12-30T15:36:12.000Z,1
2019-12-30T18:21:42.000Z,1
2019-12-31T07:13:21.000Z,1
2019-12-31T08:05:26.000Z,1
2019-12-31T08:38:01.000Z,1
2019-12-31T11:37:12.000Z,1
2019-12-31T12:20:01.000Z,1
2019-12-31T12:51:17.000Z,1
2019-12-31T15:01:03.000Z,2
2019-12-31T15:03:14.000Z,1
2019-12-31T22:01:59.000Z,1
2019-12-23T12:45:09.000Z,1
2019-12-23T13:04:26.000Z,1
2019-12-23T13:31:40.000Z,1
2019-12-23T13:45:17.000Z,1
2019-12-23T14:32:43.000Z,1
2019-12-23T15:48:08.000Z,1
2019-12-23T15:55:36.000Z,1
2019-12-23T16:06:59.000Z,1
2019-12-23T16:20:09.000Z,1
2019-12-23T16:20:54.000Z,1
2019-12-23T16:42:22.000Z,1
2019-12-23T16:51:56.000Z,1
2019-12-23T17:29:33.000Z,3
2019-12-23T17:45:03.000Z,1
2019-12-23T17:59:03.000Z,1
2019-12-23T18:06:35.000Z,2
2019-12-23T19:29:44.000Z,1
2019-12-23T21:23:39.000Z,1
2019-12-23T23:13:15.000Z,1
2019-12-23T23:17:35.000Z,1
2019-12-24T07:45:23.000Z,1
2019-12-24T12:43:57.000Z,1
2019-12-25T10:15:33.000Z,1
2019-12-25T18:15:15.000Z,1
2019-12-26T14:59:35.000Z,1
2019-12-24T08:02:31.000Z,1
2019-12-24T11:13:46.000Z,1
2019-12-24T13:20:27.000Z,1
2019-12-24T13:41:41.000Z,1
2019-12-24T14:35:44.000Z,1
2019-12-24T15:14:22.000Z,1
2019-12-24T15:23:19.000Z,1
2019-12-24T15:40:06.000Z,1
2019-12-24T20:44:07.000Z,1
2019-12-24T21:38:35.000Z,1
2019-12-25T08:07:39.000Z,1
2019-12-25T11:23:18.000Z,1
2019-12-25T12:35:27.000Z,1
2019-12-25T13:07:07.000Z,1
2019-12-25T13:45:03.000Z,1
2019-12-25T16:41:49.000Z,1
2019-12-25T18:52:55.000Z,1
2019-12-25T21:19:31.000Z,1
2019-12-26T06:59:43.000Z,1
2019-12-26T07:00:11.000Z,1
2019-12-26T09:01:54.000Z,1
2019-12-26T09:24:47.000Z,1
2019-12-26T12:35:54.000Z,1
2019-12-26T12:38:04.000Z,1
2019-12-26T12:59:49.000Z,1
2019-12-26T13:08:33.000Z,2
2019-12-26T14:09:22.000Z,1
2019-12-26T14:53:40.000Z,1
2019-12-26T15:12:58.000Z,1
2019-12-26T15:34:16.000Z,1
2019-12-26T15:55:20.000Z,1
2019-12-26T16:27:49.000Z,1
2019-12-26T16:55:22.000Z,1
2019-12-26T16:56:34.000Z,1
2019-12-26T17:16:35.000Z,2
2019-12-26T17:57:30.000Z,1
2019-12-26T19:04:42.000Z,1
2019-12-26T19:46:31.000Z,1
2019-12-26T20:44:01.000Z,1
2019-12-26T20:45:49.000Z,1
2019-12-26T21:01:59.000Z,1
2019-12-27T06:15:37.000Z,1
2019-12-27T06:56:20.000Z,1
2019-12-27T11:32:08.000Z,1
2019-12-27T11:39:31.000Z,1
2019-12-27T11:49:41.000Z,1
2019-12-27T13:08:36.000Z,1
2019-12-27T13:16:57.000Z,1
2019-12-27T13:49:06.000Z,1
2019-12-27T14:17:28.000Z,1
2019-12-27T15:16:16.000Z,1
2019-12-27T15:36:52.000Z,1
2019-12-27T15:45:10.000Z,1
2019-12-27T16:53:26.000Z,1
2019-12-27T16:54:19.000Z,1
2019-12-27T16:57:26.000Z,1
2019-12-27T17:35:15.000Z,1
2019-12-27T22:29:44.000Z,1
2019-12-28T05:58:17.000Z,1
2019-12-28T10:40:34.000Z,1
2019-12-28T11:20:56.000Z,1
2019-12-28T11:50:46.000Z,1
2019-12-28T12:49:46.000Z,2
2019-12-28T14:11:31.000Z,1
2019-12-28T14:37:54.000Z,1
2019-12-28T15:12:50.000Z,1
2019-12-28T18:44:41.000Z,1
2019-12-28T18:52:36.000Z,1
2019-12-28T19:01:30.000Z,1
2019-12-29T08:42:49.000Z,1
2019-12-29T09:34:15.000Z,1
2019-12-29T11:22:51.000Z,1
2019-12-29T11:37:24.000Z,1
2019-12-29T11:43:03.000Z,1
2019-12-29T12:00:48.000Z,1
2019-12-29T12:00:51.000Z,1
2019-12-29T12:32:54.000Z,2
2019-12-29T13:18:33.000Z,1
2019-12-29T13:31:28.000Z,1
2019-12-29T14:21:49.000Z,1
2019-12-29T14:33:30.000Z,1
2019-12-29T14:35:21.000Z,1
2019-12-29T16:33:13.000Z,1
2019-12-29T16:49:04.000Z,1
2019-12-29T17:27:22.000Z,1
2019-12-29T17:58:51.000Z,1
2019-12-29T18:35:03.000Z,1
2019-12-29T18:50:46.000Z,1
2019-12-30T08:20:51.000Z,1
2019-12-30T08:29:08.000Z,1
2019-12-30T08:30:41.000Z,2
2019-12-30T10:31:17.000Z,1
2019-12-30T11:10:21.000Z,1
2019-12-30T13:41:41.000Z,1
2019-12-30T13:58:50.000Z,1
2019-12-30T15:31:25.000Z,1
2019-12-30T16:25:56.000Z,1
2019-12-30T16:40:55.000Z,1
2019-12-30T18:03:54.000Z,1
2019-12-30T18:06:14.000Z,1
2019-12-30T18:42:00.000Z,1
2019-12-30T19:24:42.000Z,1
2019-12-30T21:20:38.000Z,1
2019-12-31T06:09:33.000Z,1
2019-12-31T07:51:17.000Z,1
2019-12-31T08:29:32.000Z,1
2019-12-31T11:52:56.000Z,1
2019-12-31T12:34:08.000Z,1
2019-12-31T13:06:53.000Z,1
2019-12-31T14:11:26.000Z,1
2019-12-31T14:59:21.000Z,1
2019-12-31T16:26:08.000Z,1
2019-12-31T20:16:44.000Z,1
2019-12-23T14:33:30.000Z,1
2019-12-23T15:17:43.000Z,1
2019-12-23T16:23:49.000Z,1
2019-12-23T16:44:17.000Z,1
2019-12-23T17:11:32.000Z,1
2019-12-23T17:16:11.000Z,1
2019-12-23T22:06:17.000Z,1
2019-12-24T06:54:48.000Z,1
2019-12-24T07:13:49.000Z,1
2019-12-24T09:04:27.000Z,1
2019-12-24T12:50:55.000Z,1
2019-12-24T16:11:40.000Z,1
2019-12-25T17:40:19.000Z,1
2019-12-25T17:55:40.000Z,1
2019-12-24T00:05:07.000Z,1
2019-12-24T04:59:15.000Z,1
2019-12-24T06:37:56.000Z,1
2019-12-24T07:46:42.000Z,1
2019-12-24T08:28:38.000Z,1
2019-12-24T12:10:25.000Z,1
2019-12-24T12:59:53.000Z,1
2019-12-24T14:07:17.000Z,1
2019-12-24T14:32:50.000Z,1
2019-12-24T14:41:39.000Z,1
2019-12-24T14:49:05.000Z,1
2019-12-24T16:02:21.000Z,2
2019-12-24T16:05:20.000Z,1
2019-12-24T17:06:20.000Z,1
2019-12-25T11:09:42.000Z,1
2019-12-25T11:34:26.000Z,1
2019-12-25T11:57:29.000Z,1
2019-12-25T13:52:22.000Z,2
2019-12-25T14:12:31.000Z,1
2019-12-25T14:25:24.000Z,1
2019-12-25T16:07:42.000Z,1
2019-12-25T16:56:00.000Z,1
2019-12-25T18:22:17.000Z,1
2019-12-25T19:37:50.000Z,1
2019-12-25T22:26:25.000Z,1
2019-12-26T06:46:32.000Z,1
2019-12-26T07:09:49.000Z,1
2019-12-26T07:53:54.000Z,1
2019-12-26T11:18:12.000Z,1
2019-12-26T12:22:25.000Z,1
2019-12-26T13:31:14.000Z,1
2019-12-26T13:34:28.000Z,1
2019-12-26T13:47:32.000Z,2
2019-12-26T13:53:46.000Z,1
2019-12-26T14:10:46.000Z,1
2019-12-26T14:56:57.000Z,1
2019-12-26T15:28:55.000Z,1
2019-12-26T15:37:42.000Z,1
2019-12-26T15:43:54.000Z,1
2019-12-26T15:53:41.000Z,1
2019-12-26T16:00:10.000Z,1
2019-12-26T16:32:10.000Z,1
2019-12-26T16:34:41.000Z,1
2019-12-26T16:37:26.000Z,1
2019-12-26T16:59:44.000Z,1
2019-12-26T17:13:04.000Z,1
2019-12-26T17:23:05.000Z,1
2019-12-26T17:47:02.000Z,1
2019-12-26T17:57:29.000Z,1
2019-12-26T18:04:55.000Z,1
2019-12-26T18:25:37.000Z,1
2019-12-26T19:18:10.000Z,1
2019-12-26T19:56:08.000Z,1
2019-12-26T20:13:36.000Z,1
2019-12-26T21:02:47.000Z,1
2019-12-26T21:20:16.000Z,1
2019-12-26T21:43:45.000Z,1
2019-12-27T01:36:05.000Z,1
2019-12-27T08:14:15.000Z,1
2019-12-27T08:31:13.000Z,1
2019-12-27T08:35:53.000Z,1
2019-12-27T08:54:22.000Z,1
2019-12-27T10:07:33.000Z,1
2019-12-27T10:10:25.000Z,1
2019-12-27T11:59:14.000Z,1
2019-12-27T12:02:22.000Z,1
2019-12-27T13:39:12.000Z,1
2019-12-27T15:04:32.000Z,1
2019-12-27T15:06:11.000Z,1
2019-12-27T16:00:30.000Z,1
2019-12-27T16:27:31.000Z,1
2019-12-27T17:37:10.000Z,1
2019-12-27T19:55:15.000Z,1
2019-12-27T20:29:41.000Z,1
2019-12-27T21:38:51.000Z,1
2019-12-27T22:29:36.000Z,1
2019-12-27T23:26:40.000Z,1
2019-12-28T07:55:52.000Z,1
2019-12-28T08:52:17.000Z,1
2019-12-28T10:19:37.000Z,1
2019-12-28T10:28:46.000Z,2
2019-12-28T11:36:39.000Z,1
2019-12-28T11:54:14.000Z,1
2019-12-28T12:06:26.000Z,1
2019-12-28T12:35:21.000Z,1
2019-12-28T14:09:44.000Z,1
2019-12-28T15:17:31.000Z,1
2019-12-28T15:25:11.000Z,1
2019-12-28T15:55:51.000Z,1
2019-12-28T16:01:56.000Z,1
2019-12-28T18:08:06.000Z,1
2019-12-28T18:37:30.000Z,1
2019-12-28T18:56:17.000Z,1
2019-12-28T19:24:36.000Z,1
2019-12-29T12:04:48.000Z,1
2019-12-29T13:02:25.000Z,1
2019-12-29T14:21:20.000Z,2
2019-12-29T14:32:08.000Z,1
2019-12-29T15:09:46.000Z,1
2019-12-29T15:20:08.000Z,1
2019-12-29T15:30:33.000Z,1
2019-12-29T15:55:11.000Z,1
2019-12-29T16:39:41.000Z,1
2019-12-29T16:41:10.000Z,1
2019-12-29T20:22:56.000Z,1
2019-12-29T21:06:08.000Z,1
2019-12-29T21:50:33.000Z,1
2019-12-30T06:25:05.000Z,1
2019-12-30T07:11:14.000Z,1
2019-12-30T07:26:19.000Z,1
2019-12-30T07:53:47.000Z,1
2019-12-30T08:30:15.000Z,1
2019-12-30T08:53:43.000Z,1
2019-12-30T11:09:28.000Z,1
2019-12-30T11:46:06.000Z,1
2019-12-30T12:47:21.000Z,1
2019-12-30T16:39:41.000Z,1
2019-12-30T18:44:30.000Z,1
2019-12-30T18:49:37.000Z,1
2019-12-31T00:19:08.000Z,1
2019-12-31T06:53:54.000Z,1
2019-12-31T07:54:59.000Z,1
2019-12-31T08:02:32.000Z,1
2019-12-31T08:03:58.000Z,1
2019-12-31T08:24:00.000Z,1
2019-12-31T12:06:32.000Z,1
2019-12-31T13:34:00.000Z,1
2019-12-31T13:52:31.000Z,1
2019-12-31T14:32:01.000Z,1
2019-12-31T18:33:57.000Z,1
2019-12-31T23:46:19.000Z,1
2019-12-23T12:40:09.000Z,1
2019-12-23T12:52:56.000Z,1
2019-12-23T12:53:34.000Z,1
2019-12-23T13:35:39.000Z,1
2019-12-23T14:29:16.000Z,1
2019-12-23T14:37:38.000Z,1
2019-12-23T14:59:03.000Z,1
2019-12-23T15:37:07.000Z,1
2019-12-23T15:47:24.000Z,1
2019-12-23T16:07:48.000Z,1
2019-12-23T16:35:22.000Z,1
2019-12-23T16:52:32.000Z,1
2019-12-23T17:45:27.000Z,1
2019-12-23T19:44:31.000Z,1
2019-12-23T20:30:11.000Z,1
2019-12-23T21:34:25.000Z,1
2019-12-24T07:40:06.000Z,1
2019-12-24T08:56:10.000Z,1
2019-12-24T12:45:57.000Z,1
2019-12-25T07:54:15.000Z,1
2019-12-25T23:04:37.000Z,1
2019-12-26T08:30:49.000Z,1
2019-12-24T05:36:53.000Z,1
2019-12-24T08:36:44.000Z,1
2019-12-24T08:52:09.000Z,1
2019-12-24T11:39:04.000Z,1
2019-12-24T12:25:54.000Z,1
2019-12-24T12:56:05.000Z,1
2019-12-24T13:20:38.000Z,1
2019-12-24T15:01:47.000Z,1
2019-12-24T15:47:02.000Z,1
2019-12-24T17:19:23.000Z,1
2019-12-24T21:57:05.000Z,1
2019-12-25T08:40:21.000Z,1
2019-12-25T10:53:26.000Z,1
2019-12-25T12:53:04.000Z,1
2019-12-25T14:10:25.000Z,1
2019-12-25T14:12:38.000Z,1
2019-12-25T14:13:12.000Z,1
2019-12-25T14:46:23.000Z,1
2019-12-25T15:51:44.000Z,1
2019-12-25T17:36:40.000Z,1
2019-12-25T19:31:34.000Z,1
2019-12-25T23:53:28.000Z,1
2019-12-26T06:20:20.000Z,1
2019-12-26T07:46:02.000Z,1
2019-12-26T08:05:19.000Z,1
2019-12-26T08:49:14.000Z,1
2019-12-26T10:07:51.000Z,1
2019-12-26T12:13:25.000Z,1
2019-12-26T12:45:49.000Z,1
2019-12-26T13:13:20.000Z,1
2019-12-26T13:47:49.000Z,1
2019-12-26T13:54:41.000Z,1
2019-12-26T14:07:40.000Z,1
2019-12-26T14:12:06.000Z,1
2019-12-26T14:29:35.000Z,1
2019-12-26T14:33:26.000Z,2
2019-12-26T14:50:59.000Z,1
2019-12-26T15:07:22.000Z,1
2019-12-26T15:42:08.000Z,1
2019-12-26T16:21:04.000Z,1
2019-12-26T16:39:38.000Z,1
2019-12-26T17:07:38.000Z,1
2019-12-26T17:26:28.000Z,1
2019-12-26T17:39:56.000Z,1
2019-12-26T18:45:29.000Z,1
2019-12-26T18:58:17.000Z,1
2019-12-26T20:15:52.000Z,1
2019-12-27T05:44:14.000Z,1
2019-12-27T08:11:21.000Z,1
2019-12-27T08:13:10.000Z,1
2019-12-27T10:00:52.000Z,1
2019-12-27T11:14:36.000Z,1
2019-12-27T12:11:14.000Z,1
2019-12-27T13:04:19.000Z,1
2019-12-27T13:30:04.000Z,1
2019-12-27T14:17:56.000Z,1
2019-12-27T15:36:14.000Z,1
2019-12-27T15:37:00.000Z,1
2019-12-27T15:44:46.000Z,1
2019-12-27T16:01:55.000Z,2
2019-12-27T16:07:50.000Z,1
2019-12-27T16:16:46.000Z,2
2019-12-27T16:52:11.000Z,1
2019-12-27T18:04:29.000Z,1
2019-12-28T06:54:35.000Z,1
2019-12-28T07:58:17.000Z,1
2019-12-28T09:49:23.000Z,1
2019-12-28T11:17:27.000Z,1
2019-12-28T11:58:10.000Z,1
2019-12-28T12:25:01.000Z,1
2019-12-28T13:13:57.000Z,1
2019-12-28T13:43:10.000Z,1
2019-12-28T14:02:08.000Z,1
2019-12-28T15:24:58.000Z,2
2019-12-28T16:20:01.000Z,1
2019-12-28T16:34:03.000Z,1
2019-12-28T16:48:43.000Z,1
2019-12-28T18:32:47.000Z,1
2019-12-28T19:19:53.000Z,1
2019-12-28T19:53:54.000Z,1
2019-12-29T08:46:09.000Z,1
2019-12-29T08:54:14.000Z,1
2019-12-29T09:03:37.000Z,1
2019-12-29T09:15:39.000Z,1
2019-12-29T09:42:38.000Z,1
2019-12-29T10:42:21.000Z,1
2019-12-29T10:59:11.000Z,1
2019-12-29T11:14:39.000Z,1
2019-12-29T11:17:48.000Z,1
2019-12-29T11:46:53.000Z,2
2019-12-29T11:53:08.000Z,1
2019-12-29T12:04:49.000Z,1
2019-12-29T12:17:18.000Z,1
2019-12-29T12:55:39.000Z,1
2019-12-29T13:33:29.000Z,1
2019-12-29T13:39:54.000Z,1
2019-12-29T13:56:10.000Z,1
2019-12-29T14:56:50.000Z,2
2019-12-29T15:37:49.000Z,2
2019-12-29T16:09:18.000Z,1
2019-12-29T16:15:33.000Z,1
2019-12-29T16:17:12.000Z,1
2019-12-29T17:20:26.000Z,1
2019-12-29T17:55:11.000Z,1
2019-12-29T18:17:39.000Z,1
2019-12-29T19:07:44.000Z,1
2019-12-29T19:56:59.000Z,1
2019-12-30T00:52:43.000Z,1
2019-12-30T05:50:26.000Z,1
2019-12-30T05:52:52.000Z,1
2019-12-30T08:39:51.000Z,1
2019-12-30T10:52:37.000Z,1
2019-12-30T12:40:40.000Z,1
2019-12-30T12:54:24.000Z,1
2019-12-30T15:05:25.000Z,1
2019-12-30T15:17:17.000Z,1
2019-12-30T16:10:53.000Z,1
2019-12-30T17:12:19.000Z,1
2019-12-30T17:25:59.000Z,1
2019-12-30T18:03:22.000Z,1
2019-12-30T18:38:05.000Z,1
2019-12-30T19:01:35.000Z,1
2019-12-30T19:10:08.000Z,1
2019-12-30T19:29:49.000Z,1
2019-12-30T23:50:24.000Z,1
2019-12-31T08:47:33.000Z,2
2019-12-31T11:23:08.000Z,1
2019-12-31T11:43:35.000Z,1
2019-12-31T12:15:06.000Z,1
2019-12-31T14:21:41.000Z,1
2019-12-31T14:32:42.000Z,1
2019-12-31T15:24:54.000Z,1
2019-12-31T16:00:49.000Z,1
2019-12-31T16:49:47.000Z,1
2019-12-31T17:33:07.000Z,1
2019-12-31T18:35:36.000Z,1
2019-12-31T19:56:17.000Z,1
2019-12-31T20:38:30.000Z,1
2019-12-31T23:17:55.000Z,1
